-1.0093E+001   8.1467E-004   1.1876E-003  -3.5396E+000   7.6149E-003   2.4074E-003   7.8162E-004   1.1844E-003   1.1913E-002   5.5173E-003   3.4576E-001  -6.0125E-003   1.1940E-003  -9.7322E-004  -9.4039E-003   1.9900E-004  -8.9170E-004  -2.4838E-005  -1.6969E-003  -2.4841E-003  -2.7895E-003  -3.5421E-002   3.6441E-002   1.6372E-001  
-9.8804E+000  -1.2204E+000   2.3873E-003  -3.4848E+000   7.5304E-003   8.8450E-002   7.9863E-005   1.3056E-001   9.4479E-003   7.5558E-003   3.3170E-001   4.7635E-003   7.9394E-004  -5.9703E-004  -1.0131E-002   2.8628E-002  -1.4096E-003  -2.8132E-003  -1.3810E-003   4.7379E-003  -1.0898E-003  -3.7045E-002   3.9896E-002   1.8060E-001  
-9.8797E+000  -6.0882E-001  -1.0506E+000  -3.4848E+000   8.0315E-002  -3.9712E-002   1.1422E-001   6.5397E-002   8.4807E-003   1.5457E-003   3.3100E-001  -1.1815E-002   1.1462E-002  -2.9828E-003  -1.0571E-002   1.3808E-002   2.5331E-002   3.0961E-003  -1.8008E-003   8.4083E-004  -8.3132E-003  -3.6744E-002   3.9801E-002   1.7007E-001  
-9.8801E+000   6.1263E-001  -1.0518E+000  -3.4846E+000  -6.6745E-002  -4.0733E-002   1.1469E-001  -6.4073E-002   1.0679E-002   5.7519E-003   3.3059E-001  -1.1868E-002  -8.6564E-003  -2.2542E-003  -6.8253E-003  -1.4621E-002   2.5983E-002   2.1851E-004  -1.7860E-003  -6.4475E-003  -9.6020E-003  -3.7080E-002   3.8946E-002   1.6237E-001  
-9.8811E+000   1.2223E+000  -1.2555E-004  -3.4853E+000   7.0511E-003   8.5873E-002   1.4053E-003  -1.2846E-001   1.4088E-002   3.0226E-003   3.3154E-001   5.5427E-003   1.7957E-003   1.2957E-003  -7.9623E-003  -2.8236E-002  -1.1830E-004   2.7366E-003  -1.6112E-003  -9.7069E-003  -3.7090E-003  -3.6568E-002   3.8591E-002   1.6041E-001  
-9.8808E+000   6.1035E-001   1.0529E+000  -3.4844E+000   8.1557E-002  -4.1349E-002  -1.1270E-001  -6.2990E-002   1.5567E-002   9.1378E-003   3.3175E-001  -1.1993E-002   1.0962E-002  -6.8013E-004  -1.0009E-002  -1.3446E-002  -2.6792E-002  -3.1698E-003  -1.7928E-003  -5.2487E-003   3.1101E-003  -3.7597E-002   3.9723E-002   1.6825E-001  
-9.8805E+000  -6.1091E-001   1.0542E+000  -3.4836E+000  -6.4991E-002  -3.9770E-002  -1.1361E-001   6.6621E-002   1.3131E-002   5.1276E-003   3.3122E-001  -1.2855E-002  -1.0163E-002  -1.7807E-003  -8.5196E-003   1.4540E-002  -2.6902E-002  -6.1479E-004  -1.5106E-003   1.6092E-003   4.1475E-003  -3.8047E-002   4.0010E-002   1.7573E-001  
-9.1235E+000  -2.5480E+000   3.6702E-003  -3.3098E+000   6.6006E-003   3.3733E-001  -5.5413E-004   2.7866E-001   6.4821E-003   2.9591E-002   2.8596E-001   3.8571E-002   6.9988E-004   2.3157E-003  -9.8197E-003   4.5062E-002  -1.7420E-003  -1.9166E-002  -5.6227E-004   1.2484E-002   1.7568E-003  -4.0745E-002   4.2740E-002   1.6802E-001  
-9.1204E+000  -1.2717E+000  -2.1937E+000  -3.3088E+000   2.9374E-001  -1.6479E-001   2.4398E-001   1.3928E-001   5.0351E-003  -2.3990E-002   2.8423E-001  -2.9913E-002   4.2113E-002  -6.6291E-003  -1.3260E-002   2.1062E-002   4.0452E-002   2.0642E-002  -1.5966E-003   4.7007E-003  -1.3852E-002  -4.0628E-002   4.1468E-002   1.8429E-001  
-9.1213E+000   1.2781E+000  -2.1962E+000  -3.3075E+000  -2.8267E-001  -1.6637E-001   2.4403E-001  -1.3836E-001   9.2253E-003   2.6381E-002   2.8350E-001  -3.1117E-002  -4.0658E-002  -5.9431E-003  -1.8437E-004  -2.2573E-002   4.0381E-002  -1.5739E-002  -1.3251E-003  -9.6099E-003  -1.5598E-002  -4.1512E-002   3.9700E-002   1.5680E-001  
-9.1250E+000   2.5507E+000  -1.8362E-003  -3.3107E+000   5.5044E-003   3.3193E-001   1.7520E-003  -2.7739E-001   1.5931E-002  -2.0733E-002   2.8512E-001   3.9912E-002   2.4468E-003   6.1275E-003  -5.7085E-003  -4.4924E-002   1.0099E-003   1.8985E-002  -1.1233E-003  -1.7516E-002  -3.7963E-003  -3.9750E-002   3.9782E-002   1.7281E-001  
-9.1227E+000   1.2729E+000   2.1955E+000  -3.3082E+000   2.9631E-001  -1.6836E-001  -2.4267E-001  -1.3671E-001   1.9811E-002   3.3420E-002   2.8578E-001  -3.0060E-002   4.1181E-002  -2.1701E-003  -1.2036E-002  -2.0701E-002  -4.0837E-002  -2.0736E-002  -2.6512E-003  -7.0956E-003   9.9113E-003  -4.1705E-002   4.2241E-002   1.5544E-001  
-9.1220E+000  -1.2758E+000   2.1983E+000  -3.3059E+000  -2.7884E-001  -1.6431E-001  -2.4447E-001   1.4144E-001   1.4501E-002  -1.6192E-002   2.8360E-001  -3.2685E-002  -4.3004E-002  -4.7404E-003  -4.0199E-003   2.1514E-002  -3.9341E-002   1.4155E-002  -1.6327E-003   5.3670E-003   1.0708E-002  -4.1050E-002   4.1482E-002   1.4688E-001  
-8.4080E+000  -2.7979E+000   4.1509E-003  -3.1576E+000   5.1341E-003   4.6050E-001  -6.8993E-004   4.0864E-001   4.3262E-003   9.1463E-002   2.3239E-001   6.2741E-002   7.4977E-004   1.8126E-003  -8.4661E-003   3.3412E-002  -1.9193E-003  -4.8593E-002   3.2626E-004   1.8517E-002   4.4382E-003  -4.0945E-002   4.2797E-002   2.1964E-001  
-8.2214E+000  -1.6789E+000  -2.8949E+000  -3.1558E+000   3.9907E-001  -2.2871E-001   3.5708E-001   2.0440E-001   3.0762E-003  -8.9935E-002   2.3147E-001  -4.2961E-002   6.3252E-002  -7.6567E-003  -1.2054E-002   1.4775E-002   2.9619E-002   5.1767E-002  -5.3089E-004   7.7883E-003  -1.8226E-002  -4.1256E-002   3.7873E-002   1.9334E-001  
-8.2228E+000   1.6871E+000  -2.8974E+000  -3.1542E+000  -3.9013E-001  -2.2991E-001   3.5618E-001  -2.0283E-001   7.9384E-003   8.8765E-002   2.3231E-001  -4.5015E-002  -6.3972E-002  -7.9381E-003   3.0596E-003  -1.5602E-002   2.7741E-002  -4.8766E-002  -4.6588E-004  -1.1158E-002  -1.8869E-002  -4.0603E-002   3.5093E-002   2.0633E-001  
-8.4101E+000   2.8014E+000  -4.0724E-003  -3.1585E+000   3.4392E-003   4.5339E-001   1.4481E-003  -4.0770E-001   1.6466E-002  -8.4891E-002   2.3100E-001   6.4155E-002   2.4031E-003   6.8135E-003  -3.8590E-003  -3.4261E-002   1.6792E-003   4.8341E-002  -8.7985E-004  -2.3611E-002  -3.2451E-003  -4.0340E-002   3.8502E-002   2.1447E-001  
-8.2247E+000   1.6797E+000   2.8961E+000  -3.1557E+000   4.0248E-001  -2.3378E-001  -3.5639E-001  -2.0173E-001   2.2889E-002   9.7610E-002   2.3333E-001  -4.2565E-002   6.2144E-002  -2.4360E-003  -1.0295E-002  -1.4225E-002  -2.9085E-002  -5.1982E-002  -4.1082E-003  -7.7427E-003   1.5673E-002  -4.1929E-002   3.9834E-002   2.0609E-001  
-8.2229E+000  -1.6839E+000   2.8990E+000  -3.1532E+000  -3.8495E-001  -2.2726E-001  -3.5746E-001   2.0608E-001   1.5643E-002  -7.9332E-002   2.3181E-001  -4.6092E-002  -6.5540E-002  -6.0505E-003  -2.2571E-003   1.5106E-002  -2.7451E-002   4.5866E-002  -2.2037E-003   7.5793E-003   1.4614E-002  -4.0506E-002   3.7982E-002   2.0551E-001  
-8.3247E+000  -5.4894E-002   2.8121E-003  -3.1162E+000   3.6082E-003   3.0701E-001  -5.5822E-004   5.3065E-001   3.0060E-003   1.8383E-001   1.7050E-001   5.2550E-002   6.1433E-004  -7.3021E-003  -7.0396E-003   5.2912E-003  -1.9339E-003  -7.9771E-002   8.4924E-004   2.1208E-002   6.1417E-003  -4.1661E-002   4.3636E-002   2.0688E-001  
-8.2791E+000  -1.9003E-001   5.3193E-002  -3.1137E+000   2.6560E-001  -1.5483E-001   4.6343E-001   2.6605E-001   2.0054E-003  -1.8617E-001   1.7037E-001  -3.9032E-002   5.3819E-002  -3.3732E-003  -3.3002E-003   9.4735E-004   3.9932E-003   8.3226E-002   8.8770E-004   9.5770E-003  -2.0759E-002  -4.1230E-002   3.6021E-002   2.1722E-001  
-8.2822E+000   2.0021E-001   5.2199E-002  -3.1130E+000  -2.5721E-001  -1.5470E-001   4.6376E-001  -2.6461E-001   6.6621E-003   1.8419E-001   1.7077E-001  -4.0466E-002  -5.5291E-002  -4.3842E-003  -3.2278E-003  -1.6860E-003   2.8017E-003  -8.0894E-002  -5.3784E-005  -1.2489E-002  -2.0644E-002  -4.0345E-002   3.4101E-002   2.2275E-001  
-8.3270E+000   5.6814E-002  -9.1197E-003  -3.1163E+000   1.4837E-003   2.9943E-001   7.2395E-004  -5.2964E-001   1.6141E-002  -1.7945E-001   1.6937E-001   5.4477E-002   1.5768E-003  -1.3679E-003  -2.8681E-003  -6.4944E-003   1.5400E-003   7.9292E-002  -1.3120E-003  -2.6627E-002  -2.6849E-003  -4.1066E-002   3.8545E-002   1.8494E-001  
-8.2833E+000   1.8953E-001  -4.8864E-002  -3.1144E+000   2.6915E-001  -1.6078E-001  -4.6328E-001  -2.6328E-001   2.4971E-002   1.9197E-001   1.7177E-001  -3.7664E-002   5.2481E-002   1.7168E-003  -8.2333E-004  -1.3001E-004  -3.2306E-003  -8.3848E-002  -5.3286E-003  -7.6794E-003   1.8898E-002  -4.1912E-002   3.9065E-002   2.1165E-001  
-8.2802E+000  -1.9318E-001  -4.8571E-002  -3.1119E+000  -2.5159E-001  -1.5193E-001  -4.6491E-001   2.6759E-001   1.6667E-002  -1.7449E-001   1.7030E-001  -4.1445E-002  -5.6981E-002  -2.4621E-003  -8.8455E-003   1.1492E-003  -2.3601E-003   7.7685E-002  -2.5338E-003   8.9034E-003   1.6335E-002  -4.0386E-002   3.7222E-002   2.1023E-001  
-7.7360E+000   6.1737E-002   2.8648E-003  -3.1456E+000   2.5977E-003   5.3966E-002  -3.5001E-004   6.1817E-001   2.4370E-003   2.6228E-001   1.2103E-001   2.6602E-002   4.8964E-004  -1.6030E-002  -6.0402E-003  -2.1279E-002  -1.8075E-003  -1.0197E-001   1.1823E-003   2.2487E-002   6.9586E-003  -4.3081E-002   4.4442E-002   2.2720E-001  
-7.6919E+000  -6.6702E-002   8.0427E-002  -3.1430E+000   4.6686E-002  -2.9973E-002   5.3996E-001   3.1035E-001   1.3889E-003  -2.6687E-001   1.2088E-001  -2.6195E-002   3.0835E-002   4.5193E-004   4.4781E-003  -1.1951E-002  -1.9729E-002   1.0558E-001   1.8276E-003   1.0141E-002  -2.2034E-002  -4.2397E-002   3.5869E-002   2.3741E-001  
-7.6955E+000   7.7099E-002   8.1193E-002  -3.1428E+000  -3.8481E-002  -2.9137E-002   5.4088E-001  -3.0892E-001   5.8820E-003   2.6470E-001   1.2078E-001  -2.7196E-002  -3.2603E-002  -8.3369E-004  -9.7256E-003   1.1330E-002  -2.0376E-002  -1.0374E-001   1.8162E-004  -1.3078E-002  -2.1288E-002  -4.1838E-002   3.4559E-002   2.4332E-001  
-7.7381E+000  -5.8779E-002  -9.7102E-003  -3.1452E+000   3.5722E-004   4.6476E-002   1.6810E-004  -6.1719E-001   1.5761E-002  -2.5943E-001   1.2024E-001   2.8944E-002   8.6222E-004  -9.3539E-003  -2.4171E-003   2.0145E-002   1.1494E-003   1.0128E-001  -1.8565E-003  -2.8291E-002  -2.4458E-003  -4.2274E-002   3.8866E-002   2.0913E-001  
-7.6968E+000   6.5999E-002  -7.5885E-002  -3.1443E+000   4.9978E-002  -3.6308E-002  -5.3987E-001  -3.0746E-001   2.6056E-002   2.7128E-001   1.2188E-001  -2.4051E-002   2.9274E-002   5.3595E-003   7.8181E-003   1.2985E-002   2.0431E-002  -1.0657E-001  -6.0121E-003  -7.2709E-003   2.0436E-002  -4.3229E-002   3.9442E-002   2.2869E-001  
-7.6931E+000  -6.9919E-002  -7.5998E-002  -3.1418E+000  -3.2523E-002  -2.6217E-002  -5.4186E-001   3.1175E-001   1.7150E-002  -2.5475E-001   1.2026E-001  -2.8039E-002  -3.4259E-002   1.0340E-003  -1.5587E-002  -1.1953E-002   2.0970E-002   1.0046E-001  -2.8262E-003   9.3531E-003   1.6985E-002  -4.1965E-002   3.7732E-002   2.3282E-001  
-7.8169E+000  -2.1693E-002   2.0472E-002  -3.1378E+000   1.0921E-001  -3.8394E-003   4.2924E-001   4.2554E-001   1.6069E-001  -1.7763E-001   1.3119E-001  -5.1748E-003   4.5399E-002   2.4679E-002  -2.6052E-002  -1.4731E-002  -1.1013E-002   7.2632E-002  -6.4447E-002   9.6524E-003  -1.9459E-002  -4.2430E-002   4.0113E-002   2.0011E-001  
-7.8216E+000   2.9819E-002   1.7269E-002  -3.1357E+000  -1.0223E-001  -4.5140E-003   4.2913E-001  -4.2359E-001   1.6788E-001   1.7634E-001   1.3182E-001  -7.6459E-003  -4.5321E-002   2.4825E-002   1.9578E-002   1.3496E-002  -1.2750E-002  -7.1238E-002  -6.4437E-002  -1.2717E-002  -2.1032E-002  -4.1874E-002   3.5081E-002   1.7372E-001  
-7.8201E+000   1.9557E-002  -1.8700E-002  -3.1389E+000   1.1161E-001  -1.1153E-002  -4.2792E-001  -4.2511E-001  -1.3526E-001   1.8196E-001   1.3311E-001  -5.1507E-003   4.5848E-002   2.9462E-002  -2.2405E-002   1.5721E-002   1.1469E-002  -7.2706E-002   6.0659E-002  -8.4229E-003   2.0497E-002  -4.2234E-002   4.1248E-002   1.7536E-001  
-7.8175E+000  -2.3252E-002  -1.6463E-002  -3.1342E+000  -9.7150E-002   3.2465E-004  -4.3075E-001   4.2595E-001  -1.4680E-001  -1.6761E-001   1.3180E-001  -9.3477E-003  -4.7155E-002   2.4413E-002   1.2991E-002  -1.3461E-002   1.3004E-002   6.8090E-002   6.3212E-002   7.0785E-003   1.8574E-002  -4.1558E-002   3.8249E-002   1.8981E-001  
