 2.6356E-001  -3.7460E-003   4.5541E-003  -2.5600E-002  -9.8588E-004  -1.0708E+000   3.9855E-004   4.6667E-004  -1.8850E-004  -1.0826E-003   8.1339E-002   1.5576E+000  -4.4042E-003   7.3033E-002   4.7412E-003   2.5888E-004  -4.7030E-004   7.9066E-004  -1.0026E-004   1.0896E-003   2.7865E-004  -2.4870E-002   4.9335E-001   1.9360E+000  
 5.3328E-001  -1.8898E-001   2.5613E-003   1.3032E-002  -9.5029E-004  -9.8346E-001  -2.5258E-004   6.3729E-002   8.9886E-005   2.0835E-001   7.7071E-002   1.5679E+000  -4.4739E-003   5.9710E-002   5.1091E-003   1.8669E-002  -1.7296E-004  -8.1644E-002   3.9617E-004   1.3491E-002   8.0996E-005  -2.7453E-002   4.9607E-001   2.1806E+000  
 4.4278E-001  -9.6695E-002  -1.1847E+000  -3.1312E-003   4.7650E-002  -1.0746E+000  -5.5720E-002   3.1199E-002   1.5547E-001   1.0205E-001   7.4349E-002   1.5567E+000   3.7012E-003   8.0466E-002  -7.8506E-003   1.1280E-002   4.8245E-003  -3.9518E-002  -7.6421E-002   4.3350E-003   3.9757E-003  -2.1087E-002   4.9642E-001   2.0229E+000  
 4.4314E-001   8.5880E-002  -1.1828E+000  -3.4906E-003  -4.9336E-002  -1.0749E+000  -5.5081E-002  -3.1489E-002   1.5536E-001  -1.0065E-001   7.4322E-002   1.5567E+000  -1.1867E-002   8.0273E-002   1.6740E-002  -1.0437E-002   4.6871E-003   4.1362E-002  -7.6784E-002  -3.2040E-003   4.0780E-003  -2.0916E-002   4.9613E-001   2.0292E+000  
 5.3315E-001   1.8169E-001   6.5075E-003   1.2277E-002  -9.5679E-004  -9.8358E-001   1.0789E-003  -6.3053E-002  -3.5008E-004  -2.1040E-001   7.7425E-002   1.5679E+000  -4.0506E-003   5.8858E-002   4.3943E-003  -1.8161E-002  -6.7490E-004   8.3132E-002  -4.8628E-004  -1.1264E-002   2.8250E-004  -2.7287E-002   4.9590E-001   2.1845E+000  
 4.4183E-001   8.9266E-002   1.1939E+000  -3.1606E-003   4.6932E-002  -1.0744E+000   5.6501E-002  -3.0349E-002  -1.5602E-001  -1.0415E-001   7.4473E-002   1.5564E+000   3.5668E-003   7.9426E-002  -7.6929E-003  -1.0785E-002  -5.6763E-003   4.1102E-002   7.6154E-002  -2.4062E-003  -3.4403E-003  -2.1302E-002   4.9622E-001   2.0273E+000  
 4.4231E-001  -9.3250E-002   1.1918E+000  -2.8135E-003  -5.0046E-002  -1.0746E+000   5.5948E-002   3.2280E-002  -1.5566E-001   9.8270E-002   7.4044E-002   1.5564E+000  -1.2355E-002   8.0079E-002   1.7675E-002   1.0766E-002  -5.3321E-003  -3.9628E-002   7.6670E-002   5.4880E-003  -3.3187E-003  -2.1235E-002   4.9614E-001   2.0257E+000  
 1.5243E+000  -3.0431E-001   1.9291E-004   1.1161E-001  -7.9371E-004  -7.1650E-001  -9.7801E-004   1.7938E-001   5.9521E-004   4.7445E-001   7.7965E-002   1.5758E+000  -4.1702E-003   9.4047E-003   5.4694E-003  -8.5515E-003   1.1535E-004  -1.7294E-001   9.8224E-004   3.8807E-002  -6.6465E-004  -4.6575E-002   4.8411E-001   2.3973E+000  
 1.0616E+000  -1.3948E-001  -2.4781E+000   6.8265E-002   1.6545E-001  -1.0425E+000  -1.3143E-001   7.5103E-002   3.4008E-001   2.0033E-001   3.4827E-002   1.5365E+000   3.5710E-002   1.0757E-001  -5.4017E-002   1.8566E-002   3.6678E-002  -7.6323E-002  -1.6037E-001  -6.6439E-003   6.7164E-003  -3.1768E-003   4.9303E-001   1.9903E+000  
 1.0635E+000   1.2506E-001  -2.4740E+000   6.7585E-002  -1.6811E-001  -1.0439E+000  -1.3052E-001  -7.6688E-002   3.4000E-001  -1.9540E-001   3.4541E-002   1.5364E+000  -4.2593E-002   1.0765E-001   6.2378E-002  -1.7800E-002   3.6788E-002   7.8168E-002  -1.6069E-001   6.9130E-003   6.8476E-003  -3.1376E-003   4.9235E-001   1.9894E+000  
 1.5241E+000   2.9778E-001   8.7260E-003   1.1014E-001  -9.5372E-004  -7.1663E-001   1.8830E-003  -1.7958E-001  -4.3988E-004  -4.7602E-001   7.8366E-002   1.5757E+000  -3.3496E-003   7.5601E-003   4.0744E-003   8.9732E-003  -6.5021E-004   1.7404E-001  -6.6931E-004  -3.6462E-002   3.7796E-004  -4.6287E-002   4.8393E-001   2.3991E+000  
 1.0595E+000   1.3231E-001   2.4872E+000   6.8164E-002   1.6401E-001  -1.0419E+000   1.3217E-001  -7.4508E-002  -3.4120E-001  -2.0216E-001   3.5082E-002   1.5358E+000   3.5397E-002   1.0549E-001  -5.3880E-002  -1.8142E-002  -3.7265E-002   7.7875E-002   1.5983E-001   7.7706E-003  -6.3055E-003  -3.4563E-003   4.9271E-001   1.9900E+000  
 1.0618E+000  -1.3190E-001   2.4826E+000   6.8581E-002  -1.6961E-001  -1.0433E+000   1.3163E-001   7.7038E-002  -3.4006E-001   1.9219E-001   3.4267E-002   1.5362E+000  -4.3207E-002   1.0728E-001   6.4278E-002   1.7755E-002  -3.6796E-002  -7.5965E-002   1.6082E-001  -4.1759E-003  -5.2873E-003  -3.1748E-003   4.9252E-001   1.9902E+000  
 3.0602E+000   1.2026E-001  -1.6333E-003   1.4534E-001  -5.8724E-004  -5.4069E-001  -1.5561E-003   3.5789E-001   1.1237E-003   7.2648E-001   8.3945E-002   1.5293E+000  -3.6584E-003  -5.7120E-002   5.4863E-003  -8.5299E-002   2.5480E-004  -2.1777E-001   1.2493E-003   7.7609E-002  -1.7992E-003  -6.3421E-002   4.4084E-001   2.4970E+000  
 1.7523E+000  -3.4491E-002  -3.2734E+000   1.0887E-001   1.3989E-001  -8.6765E-001  -2.0685E-001   1.3486E-001   4.8453E-001   2.2880E-001  -3.6909E-002   1.4683E+000   6.6297E-002   1.4504E-001  -1.1384E-001   5.3824E-003   8.8787E-002  -7.5857E-002  -1.9439E-001  -4.1543E-002   7.7429E-003   1.4399E-002   4.5704E-001   1.9927E+000  
 1.7566E+000   1.7546E-002  -3.2678E+000   1.0817E-001  -1.4453E-001  -8.7028E-001  -2.0634E-001  -1.3711E-001   4.8439E-001  -2.2198E-001  -3.6758E-002   1.4678E+000  -7.2370E-002   1.4541E-001   1.2207E-001  -4.5916E-003   8.8603E-002   7.6859E-002  -1.9424E-001   4.1835E-002   7.7597E-003   1.4366E-002   4.5663E-001   1.9912E+000  
 3.0611E+000  -1.2081E-001   1.3595E-002   1.4360E-001  -1.1115E-003  -5.4059E-001   2.4377E-003  -3.5874E-001  -5.4452E-004  -7.2729E-001   8.4053E-002   1.5291E+000  -2.6530E-003  -5.9670E-002   3.8031E-003   8.5467E-002  -4.8118E-004   2.1844E-001  -5.7994E-004  -7.5294E-002   7.7766E-004  -6.3209E-002   4.4073E-001   2.4993E+000  
 1.7493E+000   2.7695E-002   3.2826E+000   1.0861E-001   1.3811E-001  -8.6652E-001   2.0747E-001  -1.3454E-001  -4.8627E-001  -2.3020E-001  -3.6533E-002   1.4672E+000   6.5866E-002   1.4235E-001  -1.1400E-001  -5.0773E-003  -8.9072E-002   7.7258E-002   1.9346E-001   4.1823E-002  -7.6824E-003   1.4234E-002   4.5687E-001   1.9926E+000  
 1.7539E+000  -2.3691E-002   3.2758E+000   1.0878E-001  -1.4644E-001  -8.6940E-001   2.0759E-001   1.3709E-001  -4.8415E-001   2.1773E-001  -3.6953E-002   1.4679E+000  -7.2383E-002   1.4507E-001   1.2456E-001   4.5025E-003  -8.8603E-002  -7.4480E-002   1.9457E-001  -3.8493E-002  -5.1362E-003   1.4315E-002   4.5695E-001   1.9927E+000  
 5.6877E+000   1.0962E+000  -3.3473E-003   1.0553E-001  -3.8921E-004  -6.0577E-001  -1.9149E-003   5.6355E-001   1.5607E-003   9.5822E-001   6.6916E-002   1.4644E+000  -3.1924E-003  -1.0606E-001   5.1889E-003  -1.2494E-001   3.7211E-004  -2.1403E-001   1.3517E-003   1.2492E-001  -2.9096E-003  -4.6882E-002   4.0891E-001   2.3487E+000  
 1.2860E+000   4.0908E+000  -6.7344E+000   4.8484E-002  -1.1764E-001  -5.5041E-001  -2.5730E-001   1.9810E-001   5.8669E-001   1.9865E-001  -1.1498E-001   1.4050E+000   6.7681E-002   1.8033E-001  -1.5684E-001  -1.9225E-002   9.8467E-002  -3.9889E-002  -1.8547E-001  -9.0716E-002   7.4643E-003   7.6543E-003   4.2811E-001   1.9304E+000  
 1.3018E+000  -4.1262E+000  -6.7438E+000   4.7955E-002   1.1108E-001  -5.5385E-001  -2.5653E-001  -2.0089E-001   5.8621E-001  -1.9066E-001  -1.1436E-001   1.4043E+000  -7.3460E-002   1.8084E-001   1.6477E-001   1.9870E-002   9.8546E-002   4.0307E-002  -1.8510E-001   9.1365E-002   7.1727E-003   8.0136E-003   4.2800E-001   1.9310E+000  
 5.6910E+000  -1.0793E+000   3.0853E-002   1.0380E-001  -1.3917E-003  -6.0548E-001   2.6620E-003  -5.6456E-001  -7.6310E-004  -9.5817E-001   6.6868E-002   1.4640E+000  -2.2531E-003  -1.0918E-001   3.5343E-003   1.2503E-001  -4.3505E-004   2.1449E-001  -5.7513E-004  -1.2281E-001   1.2686E-003  -4.6758E-002   4.0872E-001   2.3499E+000  
 1.2854E+000  -4.1019E+000   6.7426E+000   4.8102E-002  -1.1936E-001  -5.4872E-001   2.5764E-001  -1.9801E-001  -5.8885E-001  -1.9957E-001  -1.1455E-001   1.4037E+000   6.7330E-002   1.7724E-001  -1.5746E-001   1.9349E-002  -9.8659E-002   4.1131E-002   1.8423E-001   9.0456E-002  -7.8202E-003   7.6224E-003   4.2816E-001   1.9318E+000  
 1.2902E+000   4.1105E+000   6.7305E+000   4.8328E-002   1.0892E-001  -5.5296E-001   2.5793E-001   2.0062E-001  -5.8577E-001   1.8590E-001  -1.1452E-001   1.4046E+000  -7.3018E-002   1.8060E-001   1.6758E-001  -1.9912E-002  -9.8687E-002  -3.7687E-002   1.8544E-001  -8.7916E-002  -4.2277E-003   8.0599E-003   4.2860E-001   1.9325E+000  
 6.3140E+000   5.0346E-001  -5.4969E-003   5.8991E-002  -2.5323E-004  -7.6610E-001  -2.0316E-003   7.3294E-001   1.8506E-003   1.1297E+000   5.0140E-002   1.4298E+000  -2.8851E-003  -1.2276E-001   4.8288E-003  -1.2629E-001   5.2817E-004  -1.9135E-001   1.4739E-003   1.6201E-001  -3.6508E-003  -2.9171E-002   3.9662E-001   2.3432E+000  
 1.4656E+000   4.1683E+000  -5.9828E+000  -6.0869E-002  -4.2437E-001  -2.4905E-001  -2.8700E-001   2.4194E-001   6.4638E-001   1.5830E-001  -1.7796E-001   1.3806E+000   4.5197E-002   1.9889E-001  -1.7156E-001  -4.2273E-002   7.4728E-002   7.6142E-004  -1.6026E-001  -1.2788E-001   3.9221E-003  -5.8021E-003   4.1423E-001   1.8713E+000  
 1.4827E+000  -4.2007E+000  -5.9860E+000  -6.0792E-002   4.1630E-001  -2.5316E-001  -2.8551E-001  -2.4524E-001   6.4557E-001  -1.4950E-001  -1.7689E-001   1.3796E+000  -5.1212E-002   1.9939E-001   1.7932E-001   4.2615E-002   7.5511E-002  -4.3753E-004  -1.5991E-001   1.2886E-001   3.5117E-003  -5.1236E-003   4.1431E-001   1.8727E+000  
 6.3155E+000  -4.7851E-001   2.9994E-002   5.7386E-002  -1.5987E-003  -7.6578E-001   2.6886E-003  -7.3393E-001  -9.6421E-004  -1.1289E+000   5.0106E-002   1.4294E+000  -2.1074E-003  -1.2630E-001   3.3293E-003   1.2626E-001  -4.9702E-004   1.9178E-001  -6.6359E-004  -1.5999E-001   1.5998E-003  -2.8920E-002   3.9630E-001   2.3434E+000  
 1.4649E+000  -4.1786E+000   5.9897E+000  -6.1341E-002  -4.2591E-001  -2.4694E-001   2.8714E-001  -2.4199E-001  -6.4879E-001  -1.5882E-001  -1.7757E-001   1.3794E+000   4.4935E-002   1.9552E-001  -1.7251E-001   4.2309E-002  -7.4872E-002   3.9079E-004   1.5883E-001   1.2738E-001  -4.5603E-003  -5.8548E-003   4.1435E-001   1.8724E+000  
 1.4715E+000   4.1868E+000   5.9771E+000  -6.0268E-002   4.1380E-001  -2.5239E-001   2.8678E-001   2.4499E-001  -6.4508E-001   1.4432E-001  -1.7688E-001   1.3799E+000  -5.0796E-002   1.9910E-001   1.8229E-001  -4.2493E-002  -7.6000E-002   2.9946E-003   1.6018E-001  -1.2552E-001  -4.8953E-004  -4.9437E-003   4.1520E-001   1.8753E+000  
 2.9519E+000   4.2165E+000  -7.6641E+000  -5.7882E-003  -3.8697E-001  -4.8068E-001  -1.7146E-001   3.7820E-001   6.9223E-001   4.0812E-001  -9.7504E-002   1.4089E+000   4.4614E-002   9.6724E-002  -2.1798E-001  -6.8975E-002   4.9567E-002  -7.4880E-002  -1.8376E-001  -7.2924E-002   9.2552E-002  -1.3435E-002   4.1862E-001   1.6535E+000  
 2.9717E+000  -4.2282E+000  -7.6590E+000  -6.2956E-003   3.8087E-001  -4.8518E-001  -1.7012E-001  -3.8125E-001   6.9191E-001  -4.0085E-001  -9.7267E-002   1.4081E+000  -5.0469E-002   9.7204E-002   2.2599E-001   6.9355E-002   4.9272E-002   7.5231E-002  -1.8309E-001   7.2367E-002   9.2268E-002  -1.3308E-002   4.1856E-001   1.6609E+000  
 2.9517E+000  -4.2160E+000   7.6665E+000  -6.6257E-003  -3.8776E-001  -4.7951E-001   1.7194E-001  -3.7880E-001  -6.9395E-001  -4.0764E-001  -9.6826E-002   1.4075E+000   4.4442E-002   9.4306E-002  -2.1841E-001   6.9319E-002  -5.0111E-002   7.5564E-002   1.8253E-001   7.3039E-002  -9.3655E-002  -1.3463E-002   4.1826E-001   1.6548E+000  
 2.9592E+000   4.2301E+000   7.6643E+000  -6.2563E-003   3.7997E-001  -4.8533E-001   1.7172E-001   3.8050E-001  -6.9021E-001   3.9625E-001  -9.7673E-002   1.4087E+000  -5.0035E-002   9.8373E-002   2.3009E-001  -6.9902E-002  -4.9043E-002  -7.3410E-002   1.8313E-001  -6.8665E-002  -8.9920E-002  -1.3640E-002   4.1939E-001   1.6624E+000  
