-1.3613E-001  -4.2063E-003   1.1733E-003   4.7156E-002   3.0751E+000  -2.0617E-001   3.8865E-004   1.2753E-004   1.1663E-004   1.1227E-003   8.0351E-002   7.8530E-003  -1.1747E-001   6.6777E-004  -1.1947E-003   8.4558E-005  -7.0719E-005  -7.7766E-005  -4.1518E-005   5.1238E-005   9.9446E-005  -2.6451E-002   1.3556E-002   6.1297E-002  
 7.6074E-002  -7.3962E-001  -2.1680E-003   7.4945E-002   3.0734E+000  -1.4762E-001  -1.2984E-003   8.3552E-004  -7.2109E-004   3.4209E-003   7.5049E-002   1.6362E-002  -1.1877E-001   7.2456E-004  -1.6360E-003   1.3286E-002  -2.2694E-003  -4.4699E-004  -2.5178E-003   8.0890E-005  -2.8623E-005  -2.5197E-002   1.4445E-002   6.9594E-002  
 7.5517E-002  -3.7480E-001  -6.3774E-001   7.3769E-002   3.1239E+000  -2.3568E-001  -8.4602E-005  -9.9727E-004  -3.0044E-004  -1.3071E-003   7.4959E-002   3.8388E-003  -1.1145E-001   1.1072E-003  -9.7897E-004   4.8579E-003   1.0157E-002   2.2984E-003  -1.1369E-003   4.0242E-004  -4.9672E-005  -2.4821E-002   1.5912E-002   6.5520E-002  
 7.8309E-002   3.6057E-001  -6.3438E-001   7.6306E-002   3.0221E+000  -2.3524E-001   1.6224E-003  -1.6356E-003   5.3087E-004   3.1696E-003   7.4920E-002   3.7426E-003  -1.2593E-001   2.2834E-004  -1.0602E-003  -8.3721E-003   1.2122E-002   1.1807E-003   1.3319E-003   3.9124E-004   1.3756E-004  -2.5444E-002   1.3165E-002   6.9655E-002  
 7.7585E-002   7.3114E-001   4.5229E-003   7.5343E-002   3.0731E+000  -1.4705E-001   2.0649E-003  -4.7206E-004   9.4678E-004  -1.1397E-003   7.4882E-002   1.6247E-002  -1.1871E-001   6.6244E-004  -1.6880E-003  -1.3146E-002   2.1271E-003   2.9663E-004   2.4305E-003   3.9875E-005   2.0863E-004  -2.5160E-002   1.4460E-002   6.9739E-002  
 7.5870E-002   3.6636E-001   6.4008E-001   7.3916E-002   3.1245E+000  -2.3530E-001   8.7707E-004   1.3050E-003   5.4783E-004   3.5416E-003   7.4916E-002   3.7161E-003  -1.1155E-001   1.0331E-003  -9.4106E-004  -4.7049E-003  -1.0298E-002  -2.4640E-003   1.0562E-003  -3.2655E-004   2.3143E-004  -2.4819E-002   1.5850E-002   6.5023E-002  
 7.7152E-002  -3.6902E-001   6.3676E-001   7.6056E-002   3.0229E+000  -2.3544E-001  -9.0325E-004   1.9605E-003  -3.1805E-004  -9.7171E-004   7.5039E-002   3.7424E-003  -1.2609E-001   2.1205E-004  -9.6773E-004   8.5247E-003  -1.2239E-002  -1.3434E-003  -1.4373E-003  -2.9345E-004   9.0891E-005  -2.5475E-002   1.3086E-002   6.9334E-002  
 8.3339E-001  -1.4881E+000  -6.2004E-003   1.5525E-001   3.0662E+000   1.2535E-003  -3.5821E-003   1.4815E-002  -2.6211E-003   2.7706E-002   5.1154E-002   4.3684E-002  -1.2304E-001   6.4276E-004  -3.2157E-003   2.3451E-002  -3.7011E-003  -5.4248E-003  -4.2062E-003   8.3369E-005  -3.4250E-005  -2.0383E-002   1.8860E-002   1.1371E-001  
 8.2859E-001  -7.5240E-001  -1.2882E+000   1.5018E-001   3.2455E+000  -3.1005E-001   9.9478E-003   3.7094E-003  -1.1829E-003  -2.4781E-002   5.0238E-002  -9.4916E-003  -9.1909E-002   2.6453E-003  -1.9091E-005   9.4574E-003   1.9463E-002   8.6761E-003  -1.8542E-003   6.5717E-004  -2.2108E-004  -1.9070E-002   2.3983E-002   1.1373E-001  
 8.4103E-001   7.3122E-001  -1.2810E+000   1.6018E-001   2.8860E+000  -3.0875E-001   1.4814E-002  -1.0628E-002   1.5182E-003   2.7799E-002   5.1559E-002  -9.3271E-003  -1.5327E-001  -1.1910E-003  -6.9818E-004  -1.4104E-002   2.0467E-002  -2.6488E-003   2.2196E-003   7.0939E-004   3.1353E-004  -2.1396E-002   1.2566E-002   7.9923E-002  
 8.3667E-001   1.4794E+000   8.5916E-003   1.5609E-001   3.0657E+000   2.4130E-003   4.3083E-003  -1.4092E-002   2.8221E-003  -2.5296E-002   5.0899E-002   4.3486E-002  -1.2290E-001   5.0199E-004  -3.3120E-003  -2.3379E-002   3.5641E-003   5.2825E-003   4.1112E-003   1.0588E-004   1.4462E-004  -2.0359E-002   1.8873E-002   1.1552E-001  
 8.2935E-001   7.4387E-001   1.2904E+000   1.5048E-001   3.2468E+000  -3.0923E-001  -9.1110E-003  -3.2298E-003   1.4947E-003   2.6977E-002   5.0186E-002  -9.7435E-003  -9.2107E-002   2.5036E-003   5.3535E-005  -9.3548E-003  -1.9581E-002  -8.8718E-003   1.7879E-003  -6.6016E-004   3.5375E-004  -1.9083E-002   2.3908E-002   1.1438E-001  
 8.3851E-001  -7.3984E-001   1.2835E+000   1.5965E-001   2.8877E+000  -3.0921E-001  -1.4287E-002   1.1192E-002  -1.3782E-003  -2.5777E-002   5.1727E-002  -9.2986E-003  -1.5357E-001  -1.2453E-003  -5.0914E-004   1.4211E-002  -2.0527E-002   2.4681E-003  -2.3919E-003  -6.2668E-004   2.0829E-005  -2.1401E-002   1.2497E-002   8.0648E-002  
 1.7345E+000  -1.8277E+000  -2.4783E-002   1.9282E-001   3.0555E+000  -8.6358E-003  -6.2664E-003   5.6997E-002  -5.6676E-003   9.3071E-002   6.9649E-003   6.6157E-002  -1.2711E-001  -9.3579E-004  -4.9217E-003   2.1291E-002  -3.2028E-003  -1.9170E-002  -4.5298E-003  -5.8881E-004  -8.5132E-005  -1.4112E-002   2.5238E-002   1.5047E-001  
 1.7219E+000  -9.2452E-001  -1.5834E+000   1.8418E-001   3.2260E+000  -3.0467E-001   4.3164E-002   2.1640E-002  -2.5563E-003  -8.7784E-002   3.9099E-003  -2.0805E-002  -7.5742E-002   5.0039E-003   2.2365E-003   9.6927E-003   1.9434E-002   2.3038E-002  -1.9320E-003   2.2879E-004   5.7159E-004  -1.2124E-002   3.2463E-002   1.5353E-001  
 1.7492E+000   8.9796E-001  -1.5736E+000   2.0090E-001   2.8843E+000  -3.0243E-001   5.3228E-002  -3.4438E-002   3.1767E-003   9.4666E-002   8.9596E-003  -1.9743E-002  -1.7576E-001  -1.8926E-003  -1.6909E-003  -1.1839E-002   1.7150E-002  -1.5898E-002   2.3589E-003   1.1118E-003   8.6117E-004  -1.5733E-002   1.5838E-002   1.0959E-001  
 1.7393E+000   1.8184E+000   2.7408E-002   1.9398E-001   3.0547E+000  -7.1342E-003   6.9407E-003  -5.5893E-002   5.8375E-003  -9.0514E-002   6.7165E-003   6.5941E-002  -1.2691E-001  -1.1565E-003  -5.0267E-003  -2.1238E-002   3.0829E-003   1.9009E-002   4.4437E-003   8.5313E-004   1.0818E-004  -1.4099E-002   2.5264E-002   1.5259E-001  
 1.7229E+000   9.1586E-001   1.5856E+000   1.8457E-001   3.2277E+000  -3.0349E-001  -4.2308E-002  -2.0964E-002   2.9560E-003   8.9934E-002   3.8763E-003  -2.1131E-002  -7.5991E-002   4.8423E-003   2.3200E-003  -9.6096E-003  -1.9512E-002  -2.3264E-002   1.8680E-003  -3.0871E-004  -4.7767E-004  -1.2141E-002   3.2396E-002   1.5302E-001  
 1.7457E+000  -9.0680E-001   1.5763E+000   2.0015E-001   2.8867E+000  -3.0312E-001  -5.2888E-002   3.5253E-002  -3.1245E-003  -9.2860E-002   9.1147E-003  -1.9656E-002  -1.7611E-001  -2.0204E-003  -1.4299E-003   1.1933E-002  -1.7210E-002   1.5721E-002  -2.5658E-003  -1.0443E-003  -4.1579E-004  -1.5743E-002   1.5828E-002   1.1103E-001  
 2.4229E+000  -1.7660E+000  -9.3834E-002   1.3807E-001   3.0443E+000  -2.8080E-001  -9.1579E-003   1.2177E-001  -1.0035E-002   1.8818E-001  -5.1705E-002   6.2685E-002  -1.3043E-001  -6.5796E-003  -6.7022E-003   3.4308E-003  -2.7669E-003  -4.2037E-002  -5.2767E-003  -2.9068E-003  -1.2576E-003  -1.2752E-002   2.8195E-002   1.5327E-001  
 2.3803E+000  -9.1558E-001  -1.4897E+000   1.2559E-001   2.9785E+000  -1.6774E-001   9.4962E-002   5.0161E-002  -4.4984E-003  -1.7913E-001  -5.6940E-002  -1.9038E-002  -8.1653E-002   9.2522E-003   7.9736E-003   9.5485E-004   4.0460E-003   4.7173E-002  -2.1483E-003  -1.1256E-003   3.5530E-003  -1.1617E-002   3.5737E-002   1.5907E-001  
 2.4645E+000   8.3551E-001  -1.5613E+000   1.4952E-001   3.1092E+000  -1.6533E-001   1.1225E-001  -7.0201E-002   5.4330E-003   1.9248E-001  -4.7888E-002  -1.7578E-002  -1.7536E-001  -3.6228E-004  -6.1541E-003  -2.6220E-003   1.8565E-003  -3.7610E-002   2.5607E-003   2.4149E-003   2.2127E-003  -1.3629E-002   1.8717E-002   1.5852E-001  
 2.4297E+000   1.7552E+000   9.7046E-002   1.3940E-001   3.0433E+000  -2.7917E-001   9.7943E-003  -1.2039E-001   1.0192E-002  -1.8551E-001  -5.1950E-002   6.2451E-002  -1.3022E-001  -6.8802E-003  -6.8295E-003  -3.3785E-003   2.6633E-003   4.1834E-002   5.2322E-003   3.2253E-003   1.2367E-003  -1.2743E-002   2.8219E-002   1.5273E-001  
 2.3816E+000   9.0399E-001   1.4920E+000   1.2602E-001   2.9805E+000  -1.6630E-001  -9.4108E-002  -4.9326E-002   4.9778E-003   1.8123E-001  -5.6969E-002  -1.9383E-002  -8.1945E-002   9.1176E-003   8.0587E-003  -8.6861E-004  -4.0990E-003  -4.7425E-002   2.0756E-003   1.0135E-003  -3.4843E-003  -1.1634E-002   3.5667E-002   1.5743E-001  
 2.4590E+000  -8.4556E-001   1.5642E+000   1.4867E-001   3.1119E+000  -1.6622E-001  -1.1205E-001   7.1207E-002  -5.4552E-003  -1.9085E-001  -4.7720E-002  -1.7460E-002  -1.7577E-001  -5.7330E-004  -5.8179E-003   2.7117E-003  -1.9165E-003   3.7463E-002  -2.7586E-003  -2.3462E-003  -1.7088E-003  -1.3626E-002   1.8758E-002   1.6009E-001  
 2.7822E+000  -1.5492E+000  -8.4636E-002   5.0515E-002   3.0359E+000  -6.0885E-001  -1.1531E-002   1.7873E-001  -1.4059E-002   2.6956E-001  -9.9784E-002   4.4302E-002  -1.3298E-001  -1.2050E-002  -8.4864E-003  -1.6566E-002  -2.8813E-003  -6.1527E-002  -6.5495E-003  -4.0402E-003  -2.6090E-003  -1.3681E-002   2.9215E-002   1.8500E-001  
 2.7347E+000  -7.9909E-001  -1.2996E+000   3.3667E-002   2.6848E+000  -2.4070E-003   1.3980E-001   7.4963E-002  -6.1264E-003  -2.5665E-001  -1.0728E-001  -9.1697E-003  -1.0066E-001   1.3244E-002   1.3654E-002  -9.9629E-003  -1.4864E-002   6.8464E-002  -2.5191E-003  -1.7169E-003   5.2341E-003  -1.3850E-002   3.6188E-002   1.7423E-001  
 2.8280E+000   7.3533E-001  -1.3739E+000   6.5448E-002   3.3845E+000  -9.6373E-004   1.6463E-001  -1.0190E-001   7.5270E-003   2.7663E-001  -9.4224E-002  -8.4127E-003  -1.6211E-001   1.1353E-003  -1.0467E-002   6.6625E-003  -1.4327E-002  -5.5700E-002   3.1547E-003   3.1790E-003   2.5150E-003  -1.3736E-002   2.0442E-002   1.6410E-001  
 2.7895E+000   1.5384E+000   8.7618E-002   5.1930E-002   3.0349E+000  -6.0719E-001   1.2145E-002  -1.7720E-001   1.4225E-002  -2.6682E-001  -1.0003E-001   4.4059E-002  -1.3276E-001  -1.2396E-002  -8.6578E-003   1.6624E-002   2.7758E-003   6.1285E-002   6.5393E-003   4.3898E-003   2.5937E-003  -1.3674E-002   2.9230E-002   1.8214E-001  
 2.7362E+000   7.8775E-001   1.3017E+000   3.4099E-002   2.6869E+000  -8.3565E-004  -1.3895E-001  -7.4040E-002   6.6593E-003   2.5873E-001  -1.0730E-001  -9.5232E-003  -1.0097E-001   1.3142E-002   1.3742E-002   1.0045E-002   1.4811E-002  -6.8728E-002   2.4373E-003   1.6007E-003  -5.1819E-003  -1.3861E-002   3.6123E-002   1.7434E-001  
 2.8221E+000  -7.4531E-001   1.3763E+000   6.4568E-002   3.3873E+000  -1.9647E-003  -1.6451E-001   1.0303E-001  -7.5989E-003  -2.7512E-001  -9.4045E-002  -8.2729E-003  -1.6255E-001   8.8075E-004  -1.0078E-002  -6.5566E-003   1.4262E-002   5.5577E-002  -3.3469E-003  -3.0937E-003  -1.9905E-003  -1.3719E-002   2.0515E-002   1.6557E-001  
 2.6655E+000  -1.1181E+000  -1.1197E+000   5.2976E-002   2.7041E+000  -2.0628E-001   1.0265E-001   1.0403E-001   1.6771E-001  -1.6815E-001  -9.7662E-002   8.9665E-003  -9.0361E-002   2.0344E-002  -1.4577E-003  -9.1007E-003  -9.2089E-003   4.6136E-002  -4.6465E-002   3.5823E-003   3.8923E-003  -1.3013E-002   3.6737E-002   1.6046E-001  
 2.7730E+000   1.1308E+000  -1.1411E+000   8.7619E-002   3.3665E+000  -2.0155E-001   1.2979E-001  -1.2983E-001   1.8729E-001   1.8444E-001  -8.3523E-002   8.8544E-003  -1.7043E-001   5.6664E-003  -2.1585E-003   8.1015E-003  -8.5582E-003  -3.6208E-002  -3.4962E-002  -2.2721E-003   2.2475E-003  -1.3821E-002   1.6673E-002   1.0701E-001  
 2.6690E+000   1.1062E+000   1.1220E+000   5.3778E-002   2.7054E+000  -2.0446E-001  -1.0167E-001  -1.0301E-001  -1.6725E-001   1.7060E-001  -9.7734E-002   8.5734E-003  -9.0532E-002   2.0264E-002  -1.3008E-003   9.1934E-003   9.1281E-003  -4.6317E-002   4.6378E-002  -3.6294E-003  -3.9854E-003  -1.3039E-002   3.6698E-002   1.6063E-001  
 2.7661E+000  -1.1409E+000   1.1441E+000   8.6513E-002   3.3690E+000  -2.0287E-001  -1.2967E-001   1.3113E-001  -1.8737E-001  -1.8259E-001  -8.3306E-002   9.0576E-003  -1.7085E-001   5.6243E-003  -1.7802E-003  -8.0118E-003   8.4789E-003   3.6136E-002   3.4717E-002   2.5275E-003  -1.7521E-003  -1.3802E-002   1.6732E-002   1.0775E-001  
