-1.5008E-001   1.1166E-002   1.3412E-002   4.2400E-002  -3.2281E-002   1.8730E-003   3.7972E-003   1.6439E-003   1.1566E-003   2.4722E-003   8.1245E-002  -1.7164E-003  -1.6204E-002   2.4137E-003   2.7437E+000  -3.4288E-004  -1.0815E-003  -4.5124E-004  -2.0483E-004   2.4937E-003  -2.0111E-003  -2.6328E-002   4.5217E-001   1.1204E+000  
 6.4441E-002  -7.2538E-001   1.7883E-003   7.0603E-002  -2.0392E-002   6.1421E-002   7.3362E-004   2.3813E-003   1.0092E-001   4.6261E-003   7.5805E-002   6.3063E-003  -1.7254E-002   2.3231E-003   2.7367E+000   1.2761E-002  -8.5073E-004  -1.2060E-003  -1.6492E-002   2.0319E-003  -2.6293E-002  -2.5137E-002   4.4701E-001   1.1465E+000  
 6.4305E-002  -3.6692E-001  -6.2919E-001   7.0298E-002   1.2539E-002  -1.7279E-002   3.5622E-003  -4.8105E-004   5.0622E-002   9.4563E-002   7.5743E-002  -6.5382E-003  -8.2937E-003   1.9261E-003   2.7361E+000   6.5967E-003   1.1011E-002  -1.5215E-002  -8.3801E-003   2.3327E-002  -1.3823E-002  -2.5260E-002   4.4738E-001   1.1508E+000  
 6.5113E-002   3.6964E-001  -6.1845E-001   7.0612E-002  -9.0020E-002  -3.8838E-002   6.1333E-003  -1.2146E-003  -4.9100E-002   9.9036E-002   7.5362E-002  -4.6190E-003  -2.2468E-002   2.6174E-003   2.7363E+000  -6.5479E-003   1.0007E-002  -1.5908E-002   7.9968E-003   2.3776E-002   1.0178E-002  -2.4647E-002   4.4737E-001   1.1514E+000  
 6.1092E-002   7.4778E-001   2.5043E-002   7.0077E-002  -2.1910E-002   5.9783E-002   6.8077E-003   8.1362E-004  -9.8745E-002   2.1122E-004   7.5765E-002   6.9111E-003  -1.6458E-002   2.3733E-003   2.7370E+000  -1.3457E-002  -1.2289E-003   3.6276E-004   1.6216E-002   2.9790E-003   2.2420E-002  -2.4956E-002   4.4734E-001   1.1473E+000  
 5.8921E-002   3.8930E-001   6.5606E-001   6.9968E-002   1.1098E-002  -1.7163E-002   3.9525E-003   3.7335E-003  -4.8353E-002  -8.9611E-002   7.6024E-002  -6.8755E-003  -7.9454E-003   2.1462E-003   2.7367E+000  -7.2905E-003  -1.3047E-002   1.4279E-002   7.9093E-003  -1.8279E-002   9.8759E-003  -2.5530E-002   4.4728E-001   1.1438E+000  
 6.3085E-002  -3.4728E-001   6.4526E-001   7.0820E-002  -8.9953E-002  -3.7078E-002   1.2979E-003   4.5628E-003   5.1553E-002  -9.4254E-002   7.5630E-002  -5.5558E-003  -2.2908E-002   2.7733E-003   2.7365E+000   5.7156E-003  -1.1869E-002   1.5015E-002  -8.4817E-003  -1.8814E-002  -1.4140E-002  -2.4986E-002   4.4690E-001   1.1521E+000  
 8.2416E-001  -1.4750E+000  -1.3144E-002   1.5133E-001   2.3052E-002   2.1111E-001  -4.2224E-003   1.6025E-002   2.1751E-001   2.8505E-002   5.1608E-002   3.2896E-002  -1.8870E-002   1.8802E-003   2.7102E+000   2.3057E-002   4.6213E-006  -6.3773E-003  -3.6740E-002   1.6187E-003  -4.9824E-002  -2.0404E-002   4.2857E-001   1.1695E+000  
 8.2231E-001  -7.5385E-001  -1.2836E+000   1.4906E-001   1.1629E-001  -5.2339E-002   1.7439E-002   4.2916E-003   1.0846E-001   1.7988E-001   5.4137E-002  -2.1468E-002   1.7118E-002   1.0764E-003   2.7090E+000   1.0674E-002   1.8074E-002  -2.9908E-002  -1.8862E-002   4.3866E-002  -2.5708E-002  -2.3299E-002   4.2907E-001   1.1521E+000  
 8.2772E-001   7.3238E-001  -1.2611E+000   1.5337E-001  -2.4514E-001  -1.5444E-001   1.6421E-002  -9.9832E-003  -1.0765E-001   2.3225E-001   4.8027E-002  -1.6109E-002  -4.3794E-002   3.1420E-003   2.7090E+000  -1.2669E-002   2.1238E-002  -4.0651E-002   1.8412E-002   4.4765E-002   2.2764E-002  -1.7276E-002   4.2879E-001   1.1601E+000  
 8.1683E-001   1.4977E+000   4.0011E-002   1.5018E-001   1.9716E-002   2.0757E-001   1.1552E-002  -1.3174E-002  -2.1589E-001  -2.4068E-002   5.1504E-002   3.4106E-002  -1.7234E-002   1.8849E-003   2.7108E+000  -2.3803E-002  -1.8031E-003   5.7231E-003   3.6924E-002   3.4406E-003   4.6462E-002  -2.0150E-002   4.2897E-001   1.1663E+000  
 8.1046E-001   7.7645E-001   1.3107E+000   1.4821E-001   1.1319E-001  -5.2060E-002  -1.0280E-002  -1.1978E-003  -1.0636E-001  -1.7491E-001   5.4743E-002  -2.2110E-002   1.7860E-002   1.5164E-003   2.7102E+000  -1.1362E-002  -1.9649E-002   2.8852E-002   1.8191E-002  -3.8594E-002   2.2020E-002  -2.3684E-002   4.2902E-001   1.1473E+000  
 8.2330E-001  -7.0989E-001   1.2878E+000   1.5362E-001  -2.4499E-001  -1.5063E-001  -9.5298E-003   1.3500E-002   1.1064E-001  -2.2814E-001   4.8229E-002  -1.7884E-002  -4.4382E-002   3.4607E-003   2.7093E+000   1.1509E-002  -2.2373E-002   3.9773E-002  -1.9141E-002  -3.9849E-002  -2.6445E-002  -1.7207E-002   4.2801E-001   1.1576E+000  
 1.7270E+000  -1.8154E+000  -7.3904E-002   1.8927E-001   8.3693E-002   2.0145E-001  -1.1233E-002   5.7518E-002   3.1184E-001   9.3301E-002   7.0839E-003   5.4845E-002  -1.7503E-002  -9.7601E-005   2.6743E+000   2.1133E-002   4.8786E-003  -2.0025E-002  -5.3459E-002   8.6513E-004  -5.6051E-002  -1.4252E-002   4.0619E-001   1.1570E+000  
 1.7204E+000  -9.3410E-001  -1.5829E+000   1.8373E-001   6.9228E-002   8.9746E-003   5.3897E-002   2.1531E-002   1.5573E-001   2.0372E-001   7.8326E-003  -3.2257E-002   3.6605E-002   1.5179E-003   2.6746E+000   8.3967E-003   9.0260E-003  -2.9483E-002  -2.7251E-002   4.9542E-002  -2.8210E-002  -2.0390E-002   4.0455E-001   1.1122E+000  
 1.7357E+000   8.9208E-001  -1.5496E+000   1.9475E-001  -2.7522E-001  -2.0739E-001   5.1498E-002  -3.3981E-002  -1.5517E-001   3.8577E-001   5.5143E-003  -2.7300E-002  -6.2879E-002   4.1169E-003   2.6716E+000  -1.2676E-002   2.6627E-002  -6.8221E-002   2.6878E-002   5.1298E-002   2.7081E-002  -7.8423E-003   4.0521E-001   1.1833E+000  
 1.7149E+000   1.8369E+000   1.0401E-001   1.8762E-001   7.8870E-002   1.9647E-001   1.8242E-002  -5.5102E-002  -3.1100E-001  -8.9397E-002   6.9772E-003   5.6385E-002  -1.5436E-002  -3.1878E-004   2.6748E+000  -2.1938E-002  -6.4177E-003   1.9534E-002   5.4147E-002   4.1714E-003   5.3273E-002  -1.4153E-002   4.0630E-001   1.1657E+000  
 1.7032E+000   9.5706E-001   1.6103E+000   1.8219E-001   6.4888E-002   9.4399E-003  -4.7385E-002  -1.8708E-002  -1.5380E-001  -1.9875E-001   8.6845E-003  -3.2921E-002   3.7578E-002   2.0415E-003   2.6762E+000  -8.9773E-003  -1.0094E-002   2.8255E-002   2.6446E-002  -4.3950E-002   2.4798E-002  -2.0754E-002   4.0488E-001   1.1065E+000  
 1.7295E+000  -8.6939E-001   1.5762E+000   1.9457E-001  -2.7514E-001  -2.0208E-001  -4.5098E-002   3.7555E-002   1.5889E-001  -3.8249E-001   5.5930E-003  -2.9282E-002  -6.3053E-002   4.4745E-003   2.6717E+000   1.1678E-002  -2.7844E-002   6.7332E-002  -2.7876E-002  -4.6420E-002  -3.0435E-002  -7.8887E-003   4.0460E-001   1.1869E+000  
 2.4168E+000  -1.7539E+000  -3.9660E-001   1.3459E-001   1.5521E-001  -7.1047E-002  -8.0081E-003   1.2136E-001   3.9325E-001   1.8768E-001  -5.1865E-002   5.0878E-002  -4.2099E-003  -6.2227E-003   2.6603E+000   3.1428E-003   1.6963E-002  -4.2858E-002  -4.1226E-002  -1.4482E-003  -3.3292E-002  -1.3124E-002   3.8510E-001   1.1336E+000  
 2.4310E+000  -9.6886E-001  -1.2683E+000   1.0688E-001  -2.1712E-001   2.1477E-001   9.1288E-002   4.5128E-002   1.9637E-001   1.9008E-001  -6.5020E-002  -1.4020E-002   1.6954E-002   5.6248E-003   2.6671E+000  -9.9969E-003  -3.5443E-002   7.7821E-003  -2.1115E-002   2.8444E-002  -1.3778E-002  -3.3369E-002   3.7829E-001   1.0515E+000  
 2.4109E+000   8.0959E-001  -1.7495E+000   1.6256E-001  -8.9624E-002  -1.4206E-001   1.2501E-001  -7.4435E-002  -1.9594E-001   5.6150E-001  -3.9175E-002  -4.1865E-002  -7.5809E-002   5.9985E-003   2.6538E+000  -1.3187E-002   4.0225E-002  -7.6506E-002   2.0832E-002   3.2382E-002   1.6813E-002   7.7730E-003   3.8456E-001   1.2186E+000  
 2.3961E+000   1.7644E+000   4.3866E-001   1.3269E-001   1.4934E-001  -7.6889E-002   1.4641E-002  -1.1930E-001  -3.9319E-001  -1.8425E-001  -5.1824E-002   5.2613E-002  -2.0823E-003  -6.7525E-003   2.6606E+000  -3.8751E-003  -1.8436E-002   4.2419E-002   4.2136E-002   6.3569E-003   3.0921E-002  -1.3080E-002   3.8485E-001   1.1318E+000  
 2.3976E+000   9.8399E-001   1.2749E+000   1.0461E-001  -2.2229E-001   2.1548E-001  -8.5407E-002  -4.2554E-002  -1.9459E-001  -1.8524E-001  -6.4165E-002  -1.4402E-002   1.7980E-002   6.1412E-003   2.6692E+000   9.5820E-003   3.4666E-002  -9.2401E-003   2.0341E-002  -2.2536E-002   1.0476E-002  -3.3779E-002   3.7903E-001   1.0573E+000  
 2.3992E+000  -7.6454E-001   1.7789E+000   1.6223E-001  -8.9777E-002  -1.3589E-001  -1.1887E-001   7.7908E-002   2.0035E-001  -5.5867E-001  -3.9066E-002  -4.4025E-002  -7.5836E-002   6.2447E-003   2.6540E+000   1.2220E-002  -4.1347E-002   7.5789E-002  -2.1993E-002  -2.7602E-002  -2.0150E-002   7.7083E-003   3.8377E-001   1.2218E+000  
 2.7762E+000  -1.5378E+000  -4.5655E-001   4.6873E-002   2.1942E-001  -3.9963E-001   4.0169E-003   1.7750E-001   4.5909E-001   2.6841E-001  -1.0010E-001   3.2091E-002   1.9933E-002  -1.2104E-002   2.6730E+000  -1.7121E-002   3.1891E-002  -6.2386E-002  -1.4164E-002  -2.5819E-003  -1.7190E-003  -1.4118E-002   3.6920E-001   1.1304E+000  
 2.7858E+000  -8.9480E-001  -1.0515E+000  -1.5338E-002  -5.5092E-001   4.4413E-001   1.0741E-001   6.1080E-002   2.2900E-001   1.7583E-001  -1.3035E-001   2.3071E-002  -2.4038E-002   9.0580E-003   2.6845E+000  -2.9661E-002  -8.3436E-002   5.3517E-002  -7.4955E-003   8.8994E-004   2.4255E-003  -4.0872E-002   3.5961E-001   1.0521E+000  
 2.7757E+000   6.6696E-001  -1.5942E+000   1.0963E-001   1.4517E-001  -4.3736E-002   2.0644E-001  -1.1494E-001  -2.2849E-001   7.0923E-001  -7.0210E-002  -6.0325E-002  -8.4530E-002   8.1713E-003   2.6612E+000  -1.2827E-002   5.3230E-002  -6.9786E-002   7.4303E-003   5.8660E-003   2.4595E-003   1.3186E-002   3.7038E-001   1.2283E+000  
 2.7553E+000   1.5459E+000   4.9523E-001   4.4915E-002   2.1300E-001  -4.0583E-001   2.3739E-003  -1.7572E-001  -4.5951E-001  -2.6529E-001  -9.9894E-002   3.3962E-002   2.2002E-002  -1.2793E-002   2.6729E+000   1.6463E-002  -3.3389E-002   6.1934E-002   1.5133E-002   7.3891E-003  -4.5052E-004  -1.4000E-002   3.6875E-001   1.1300E+000  
 2.7518E+000   9.0633E-001   1.0558E+000  -1.8128E-002  -5.5659E-001   4.4506E-001  -1.0182E-001  -5.8644E-002  -2.2738E-001  -1.7119E-001  -1.2957E-001   2.3020E-002  -2.3073E-002   9.5741E-003   2.6870E+000   2.9379E-002   8.2807E-002  -5.5171E-002   6.7570E-003   5.2260E-003  -5.6980E-003  -4.1338E-002   3.6053E-001   1.0582E+000  
 2.7640E+000  -6.2403E-001   1.6200E+000   1.0915E-001   1.4492E-001  -3.7131E-002  -2.0043E-001   1.1830E-001   2.3337E-001  -7.0663E-001  -7.0109E-002  -6.2504E-002  -8.4420E-002   8.3555E-003   2.6614E+000   1.1847E-002  -5.4244E-002   6.9176E-002  -8.6506E-003  -1.0920E-003  -5.7706E-003   1.3100E-002   3.6948E-001   1.2310E+000  
 2.6793E+000  -1.4288E+000  -8.5801E-001   6.4111E-002  -3.7697E-001   2.5163E-001   1.0694E-001   1.1524E-001   4.9021E-001   1.6241E-001  -9.2704E-002   2.3588E-002   2.6971E-002   1.1407E-002   2.6660E+000   1.1295E-002  -2.8242E-002   2.2994E-002  -5.7002E-002   1.2289E-002  -3.1507E-003  -1.3790E-002   3.7046E-001   1.1094E+000  
 2.7479E+000   8.4831E-001  -1.3611E+000   6.9549E-002   2.8078E-001  -2.5354E-001   1.3425E-001  -1.1743E-001  -1.3656E-001   5.1510E-001  -8.8262E-002  -2.5219E-002  -5.2242E-002   1.6444E-002   2.6663E+000   2.8836E-002   9.8302E-003  -5.8438E-002  -2.5416E-002   7.0009E-003   6.7979E-003  -1.3151E-002   3.6923E-001   1.1682E+000  
 2.6457E+000   1.4312E+000   8.7009E-001   6.1557E-002  -3.8274E-001   2.5064E-001  -1.0087E-001  -1.1377E-001  -4.8993E-001  -1.5743E-001  -9.1418E-002   2.3323E-002   2.8731E-002   1.1975E-002   2.6682E+000  -1.1518E-002   2.7259E-002  -2.4221E-002   5.6674E-002  -6.1881E-003   4.8511E-004  -1.3872E-002   3.7060E-001   1.1117E+000  
 2.7450E+000  -8.0835E-001   1.3970E+000   6.9900E-002   2.8272E-001  -2.4619E-001  -1.2803E-001   1.2061E-001   1.4060E-001  -5.1292E-001  -8.8219E-002  -2.7637E-002  -5.3037E-002   1.7110E-002   2.6660E+000  -2.9639E-002  -1.0999E-002   5.8181E-002   2.4544E-002  -2.3702E-003  -9.6346E-003  -1.3094E-002   3.6844E-001   1.1688E+000  
