-1.4491E-001  -9.6273E+000   3.8058E-002   4.3370E-002   1.9963E-003   1.9092E-003   1.2245E-002  -3.0445E+000   2.1870E-003   3.7378E-003   8.0912E-002  -7.5572E-004   3.1875E-004  -1.4107E-003   4.9774E-004   5.9211E-001  -3.5840E-003  -2.0009E-003   1.1710E-004  -1.0004E-002  -2.7820E-004  -2.6441E-002   1.1586E-001   4.4942E-001  
-1.5173E+000  -1.0396E+001   3.8331E-002  -5.8648E-002   4.0047E-003  -4.5456E-001   1.1933E-002  -3.0173E+000   1.8652E-003   4.1717E-002   1.0780E-001   2.0750E-001  -9.5985E-004  -5.2569E-003   4.3901E-004   5.9083E-001  -3.5484E-003  -2.4633E-002   3.9618E-004  -9.3438E-003   1.8130E-004  -3.7874E-002   1.2637E-001   6.6466E-001  
-7.1907E-001  -1.0010E+001  -6.0939E-001   6.2647E-003  -3.9369E-001  -2.8811E-001   2.0890E-002  -3.0312E+000   3.2749E-002  -1.6850E-002   9.0983E-002   9.7858E-002   1.8275E-001   4.9111E-004  -3.7464E-004   5.9124E-001   4.0545E-003   9.6843E-003  -1.9762E-002  -9.5911E-003  -1.0247E-004  -3.0619E-002   1.3010E-001   6.3364E-001  
 8.6610E-001  -9.2738E+000  -5.8947E-001   1.3618E-001  -4.9754E-001   2.3009E-001   5.1831E-003  -3.0315E+000  -2.8808E-002  -1.2448E-002   5.8772E-002  -1.0527E-001   1.6942E-001  -3.9413E-003  -2.0600E-004   5.7795E-001   1.2648E-002   9.2431E-003   1.9884E-002  -9.2016E-003  -3.8563E-004  -1.8411E-002   1.3097E-001   6.1449E-001  
 1.6531E+000  -8.9236E+000   3.7810E-002   2.0116E-001  -8.2490E-005   5.7569E-001   1.2384E-002  -3.0183E+000   2.2333E-003   3.7730E-002   4.3280E-002  -1.9238E-001   1.6389E-003   2.2823E-003   6.8281E-004   5.6474E-001  -3.2636E-003  -2.2637E-002   2.9512E-004  -8.5702E-003  -3.9744E-004  -1.2341E-002   1.2800E-001   6.4546E-001  
 8.5506E-001  -9.2742E+000   6.6533E-001   1.3634E-001   4.9940E-001   2.3305E-001   1.9081E-002  -3.0313E+000   3.3535E-002  -1.2040E-002   5.9949E-002  -1.0763E-001  -1.6763E-001  -3.4552E-003   1.5430E-003   5.7846E-001  -1.8771E-002   8.1852E-003  -1.9982E-002  -8.8355E-003  -8.3772E-005  -1.9672E-002   1.3094E-001   6.1218E-001  
-7.3012E-001  -1.0011E+001   6.8576E-001   6.6711E-003   3.9959E-001  -2.8518E-001   2.9330E-003  -3.0306E+000  -2.8407E-002  -1.7193E-002   9.1863E-002   9.5326E-002  -1.8349E-001   9.1562E-004   1.3633E-003   5.9116E-001  -1.0356E-002   8.7625E-003   1.9746E-002  -9.2570E-003   1.9984E-004  -3.2056E-002   1.3016E-001   6.3833E-001  
-2.6601E+000  -1.1285E+001   3.8701E-002  -1.6134E-001   6.3678E-003  -8.9830E-001   1.1354E-002  -2.8875E+000   1.1330E-003   1.9870E-001   1.3357E-001   4.3761E-001  -2.2441E-003  -3.0559E-002   6.2023E-004   5.4016E-001  -3.1182E-003  -1.0274E-001   1.1868E-003  -3.0346E-003   9.9741E-004  -4.8855E-002   1.4325E-001   8.6380E-001  
-9.0458E-001  -1.0447E+001  -1.3012E+000  -4.7287E-003  -7.8690E-001  -6.7727E-001   6.7326E-002  -2.9679E+000   1.5001E-001  -1.0857E-001   9.0806E-002   2.0519E-001   3.9337E-001   2.5334E-002  -1.9048E-003   5.6615E-001  -3.8080E-003   5.1467E-002  -9.1002E-002  -9.1358E-003  -2.3201E-003  -3.3142E-002   1.6735E-001   9.0915E-001  
 2.5806E+000  -8.9614E+000  -1.1953E+000   3.0867E-001  -1.1511E+000   4.6632E-001  -1.8494E-002  -2.9812E+000  -1.4599E-001  -5.7183E-002   9.8843E-003  -2.3746E-001   3.3358E-001  -2.9625E-002  -1.6314E-003   5.4223E-001   4.0850E-002   4.1206E-002   9.0341E-002  -8.2506E-003   3.1807E-003  -6.9390E-003   1.7323E-001   8.9240E-001  
 4.3111E+000  -8.3125E+000   3.7548E-002   4.6437E-001  -2.7256E-003   1.3163E+000   1.2253E-002  -2.9157E+000   1.8441E-003   1.4695E-001  -3.0502E-002  -3.6879E-001   3.0170E-003   2.6510E-002   9.2248E-004   4.9330E-001  -2.5056E-003  -8.9958E-002   1.0441E-003  -1.5964E-003   1.0816E-005   8.2592E-003   1.5563E-001   8.7481E-001  
 2.5564E+000  -8.9623E+000   1.2709E+000   3.0808E-001   1.1502E+000   4.7292E-001   4.1096E-002  -2.9812E+000   1.5153E-001  -5.5169E-002   1.1806E-002  -2.4160E-001  -3.3151E-001  -2.8534E-002   4.0655E-003   5.4347E-001  -4.4602E-002   3.9453E-002  -9.1470E-002  -7.7006E-003  -2.4334E-003  -7.5346E-003   1.7320E-001   8.8774E-001  
-9.2870E-001  -1.0448E+001   1.3777E+000  -4.3984E-003   7.9460E-001  -6.7095E-001  -4.5105E-002  -2.9666E+000  -1.4518E-001  -1.1035E-001   9.1870E-002   2.0032E-001  -3.9514E-001   2.6042E-002   3.1519E-003   5.6545E-001   3.3323E-004   5.0195E-002   9.0042E-002  -8.5643E-003   4.0421E-003  -3.3858E-002   1.6753E-001   9.1405E-001  
-4.0022E+000  -1.1105E+001   4.2956E-002  -3.2211E-001   8.3121E-003  -1.3472E+000   1.0733E-002  -2.6524E+000   2.2788E-004   4.3636E-001   1.4960E-001   5.6160E-001  -2.8552E-003  -8.3112E-002   1.0913E-003   4.4944E-001  -2.6809E-003  -1.9151E-001   2.0128E-003   1.2832E-002   1.6897E-003  -6.3603E-002   1.4278E-001   9.4210E-001  
-7.8168E-001  -1.0721E+001  -1.6654E+000  -6.5792E-002  -1.1983E+000  -9.3410E-001   1.5857E-001  -2.8504E+000   3.0905E-001  -2.6128E-001   7.6230E-002   2.8267E-001   5.2257E-001   8.1004E-002  -3.5796E-003   5.1616E-001  -2.7163E-002   1.0273E-001  -1.7055E-001  -1.4270E-002  -1.3218E-002  -3.7927E-002   1.9376E-001   9.6412E-001  
 4.2701E+000  -8.8952E+000  -1.4194E+000   4.4704E-001  -1.5463E+000   7.2978E-001  -3.9638E-002  -2.9045E+000  -3.0417E-001  -8.1378E-002  -6.4365E-002  -3.3694E-001   4.2327E-001  -8.4182E-002  -5.8069E-003   4.9464E-001   6.1315E-002   6.4574E-002   1.6928E-001  -1.2421E-002   1.7038E-002   1.0490E-002   2.0414E-001   1.0136E+000  
 7.4598E+000  -7.4445E+000   4.2639E-002   7.0038E-001  -5.0944E-003   1.7436E+000   1.1758E-002  -2.7644E+000   1.0296E-003   2.5475E-001  -1.3571E-001  -4.4852E-001   3.6499E-003   7.4721E-002   9.3445E-004   4.0624E-001  -1.8638E-003  -1.5151E-001   1.7822E-003   1.5694E-002   7.7830E-004   3.5151E-002   1.6734E-001   1.0185E+000  
 4.2354E+000  -8.8961E+000   1.4951E+000   4.4447E-001   1.5435E+000   7.3923E-001   5.9845E-002  -2.9052E+000   3.1074E-001  -7.7469E-002  -6.2628E-002  -3.4108E-001  -4.2237E-001  -8.2826E-002   9.5522E-003   4.9553E-001  -6.4590E-002   6.3198E-002  -1.7143E-001  -1.1953E-002  -1.4704E-002   9.5401E-003   2.0405E-001   1.0079E+000  
-8.1604E-001  -1.0722E+001   1.7419E+000  -6.7279E-002   1.2067E+000  -9.2515E-001  -1.3793E-001  -2.8488E+000  -3.0321E-001  -2.6486E-001   7.7878E-002   2.7744E-001  -5.2401E-001   8.1420E-002   5.2624E-003   5.1556E-001   2.4751E-002   1.0212E-001   1.6874E-001  -1.3795E-002   1.6478E-002  -3.8410E-002   1.9416E-001   9.7106E-001  
-7.4265E+000  -5.6463E+000   5.9368E-002  -5.3991E-001   9.7140E-003  -1.8850E+000   1.0211E-002  -2.3889E+000  -5.3428E-004   6.7845E-001   1.3573E-001   5.8551E-001  -2.9071E-003  -1.4838E-001   1.7528E-003   3.6081E-001  -2.4742E-003  -2.6470E-001   2.5437E-003   2.8710E-002   2.1483E-003  -6.6191E-002   1.4633E-001   9.5729E-001  
-2.4590E+000  -1.3853E+001   4.1389E+000  -2.0014E-001  -1.6953E+000  -9.8723E-001   2.6892E-001  -2.7162E+000   4.5635E-001  -4.3130E-001   4.0295E-002   3.3853E-001   5.6768E-001   1.4827E-001  -1.7525E-003   4.6420E-001  -5.7171E-002   1.5084E-001  -2.3113E-001  -2.7788E-002  -2.8886E-002  -3.8164E-002   2.1392E-001   1.0260E+000  
 7.3528E+000  -1.2052E+001  -7.1308E+000   4.7334E-001  -1.5715E+000   1.0531E+000  -4.0069E-002  -2.8345E+000  -4.5044E-001  -6.2255E-002  -1.4599E-001  -3.8961E-001   4.7456E-001  -1.4532E-001  -1.4142E-002   4.6027E-001   6.1063E-002   6.7504E-002   2.2982E-001  -2.3873E-002   3.7293E-002   1.3306E-002   2.2442E-001   1.1070E+000  
 1.2249E+001  -2.1254E+000   6.4108E-002   8.0852E-001  -6.9469E-003   1.7350E+000   1.1064E-002  -2.6291E+000   7.5112E-005   3.0776E-001  -2.3959E-001  -4.8000E-001   3.4976E-003   1.2750E-001   6.3319E-004   3.5369E-001  -1.7076E-003  -1.7901E-001   1.9990E-003   3.6165E-002   1.4645E-003   3.9933E-002   1.7275E-001   1.0639E+000  
 7.2875E+000  -1.2094E+001   7.1799E+000   4.6943E-001   1.5681E+000   1.0642E+000   5.8928E-002  -2.8352E+000   4.5788E-001  -5.7812E-002  -1.4425E-001  -3.9341E-001  -4.7414E-001  -1.4436E-001   1.8494E-002   4.6132E-001  -6.3551E-002   6.5722E-002  -2.3256E-001  -2.3020E-002  -3.4574E-002   1.2213E-002   2.2434E-001   1.1012E+000  
-2.5228E+000  -1.3818E+001  -4.0772E+000  -2.0318E-001   1.7037E+000  -9.7651E-001  -2.4999E-001  -2.7145E+000  -4.4935E-001  -4.3603E-001   4.2040E-002   3.3366E-001  -5.6906E-001   1.4796E-001   3.9305E-003   4.6347E-001   5.5097E-002   1.5119E-001   2.2921E-001  -2.7679E-002   3.2668E-002  -3.8492E-002   2.1425E-001   1.0314E+000  
-7.2166E+000  -4.2237E+000   5.7023E-002  -7.2843E-001   1.0551E-002  -2.3417E+000   9.9307E-003  -2.2044E+000  -8.6733E-004   8.3923E-001   1.0615E-001   5.5635E-001  -2.7325E-003  -2.0249E-001   2.3621E-003   2.9771E-001  -2.4215E-003  -3.1322E-001   2.8485E-003   3.6551E-002   2.4895E-003  -6.6488E-002   1.5413E-001   1.0155E+000  
-2.1727E+000  -1.2500E+001   3.9800E+000  -3.3783E-001  -2.1139E+000  -9.2971E-001   3.5293E-001  -2.6204E+000   5.4555E-001  -5.5310E-001   2.5923E-003   3.7370E-001   5.6017E-001   2.0242E-001   1.2049E-003   4.2561E-001  -8.3884E-002   1.8433E-001  -2.6735E-001  -3.7698E-002  -3.8403E-002  -3.8685E-002   2.2720E-001   1.0744E+000  
 7.7861E+000  -1.0918E+001  -6.6065E+000   4.3652E-001  -1.4218E+000   1.3228E+000  -2.7157E-002  -2.7952E+000  -5.3892E-001  -2.2145E-002  -2.0457E-001  -4.0647E-001   4.9893E-001  -1.9382E-001  -2.0796E-002   4.4157E-001   5.2938E-002   6.2246E-002   2.6621E-001  -3.2846E-002   4.8750E-002   1.1721E-002   2.3699E-001   1.1773E+000  
 1.2757E+001  -1.1293E+000   5.9268E-002   8.2137E-001  -8.0145E-003   1.5337E+000   1.0575E-002  -2.5571E+000  -5.3022E-004   3.0693E-001  -3.0643E-001  -4.8836E-001   3.1195E-003   1.6972E-001   2.4481E-004   3.3138E-001  -1.8300E-003  -1.8844E-001   1.9187E-003   4.6188E-002   1.8266E-003   3.8224E-002   1.7935E-001   1.1374E+000  
 7.7201E+000  -1.0961E+001   6.6439E+000   4.3156E-001   1.4179E+000   1.3349E+000   4.5435E-002  -2.7959E+000   5.4673E-001  -1.7651E-002  -2.0298E-001  -4.0975E-001  -4.9901E-001  -1.9314E-001   2.5831E-002   4.4279E-001  -5.4896E-002   6.0151E-002  -2.6932E-001  -3.1715E-002  -4.5856E-002   1.0492E-002   2.3694E-001   1.1714E+000  
-2.2380E+000  -1.2463E+001  -3.9316E+000  -3.4186E-001   2.1224E+000  -9.1814E-001  -3.3503E-001  -2.6187E+000  -5.3786E-001  -5.5844E-001   4.1888E-003   3.6926E-001  -5.6135E-001   2.0174E-001   1.0441E-003   4.2476E-001   8.1831E-002   1.8529E-001   2.6553E-001  -3.7699E-002   4.2357E-002  -3.9133E-002   2.2734E-001   1.0792E+000  
-4.2954E+000  -9.7962E+000   5.1227E+000  -4.6536E-001  -1.6837E+000  -1.4984E+000   3.3921E-001  -2.5005E+000   7.5855E-001  -1.4590E-001   5.0650E-002   4.8979E-001   4.1286E-001   1.3425E-001  -1.3780E-001   3.9350E-001  -8.8326E-002   1.2835E-002  -3.1439E-001  -4.7917E-002   8.8013E-003  -5.1515E-002   2.0326E-001   1.0579E+000  
 9.7675E+000  -7.4882E+000  -7.3032E+000   6.0252E-001  -1.0325E+000   1.4899E+000  -8.4512E-002  -2.7308E+000  -4.0022E-001   2.0349E-001  -2.3316E-001  -4.8626E-001   3.3450E-001  -1.1622E-001  -1.3651E-001   4.0957E-001   6.8531E-002  -6.7655E-002   2.3189E-001  -5.3523E-002   9.7919E-004   2.4981E-002   2.1803E-001   1.1655E+000  
 9.7133E+000  -7.5372E+000   7.3678E+000   5.9840E-001   1.0254E+000   1.4996E+000   1.0426E-001  -2.7333E+000   4.0605E-001   2.0955E-001  -2.3080E-001  -4.9037E-001  -3.3158E-001  -1.1395E-001   1.4112E-001   4.1133E-001  -7.1653E-002  -6.9241E-002  -2.3312E-001  -5.1720E-002   2.5616E-003   2.4527E-002   2.1845E-001   1.1609E+000  
-4.3479E+000  -9.7535E+000  -5.0522E+000  -4.6770E-001   1.6961E+000  -1.4894E+000  -3.1943E-001  -2.4978E+000  -7.5354E-001  -1.5235E-001   5.2640E-002   4.8437E-001  -4.1572E-001   1.3567E-001   1.3979E-001   3.9253E-001   8.6055E-002   1.3631E-002   3.1314E-001  -4.7483E-002  -4.1092E-003  -5.1675E-002   2.0334E-001   1.0628E+000  
