-1.3554E-001  -4.0344E-003  -1.3983E-001   4.8552E-002   1.5746E-003  -1.1981E-003   4.5410E-003  -2.8206E-004  -1.6120E-001  -2.3016E-003   8.0081E-002  -8.3263E-004   1.0558E-003   6.5616E-004   2.1518E-003  -1.0523E-003  -1.9645E-003   2.0114E-002   2.2615E+000   3.5319E-003  -1.4263E-001  -2.6481E-002   1.0241E+000   3.5485E+000  
 7.6609E-002  -7.3798E-001  -7.5918E-002   7.5593E-002   1.6716E-001   5.8750E-002  -9.0172E-003  -4.5956E-005  -1.2124E-001   9.4367E-004   7.4874E-002   9.3728E-003   1.4735E-001   5.5634E-003   3.5025E-001   1.2385E-002   1.0192E-003   1.9223E-002   2.1999E+000   4.3015E-003  -1.9073E-001  -2.4683E-002   1.0349E+000   3.7667E+000  
 7.4053E-002  -3.1601E-001  -8.0463E-001   8.3097E-002   1.3319E-001   1.0429E-001   9.4722E-003  -1.1428E-002  -1.2107E-001  -4.7684E-003   7.3067E-002   1.1695E-001   7.9548E-002  -3.3109E-001   1.7876E-001   8.8816E-003   6.4523E-003   2.1688E-002   2.2003E+000   5.0621E-002  -1.1385E-001  -2.7028E-002   1.0339E+000   3.7328E+000  
 7.4708E-002   3.0820E-001  -8.0404E-001   8.3849E-002  -1.3381E-001   1.0295E-001   8.8932E-003   1.1881E-002  -1.2231E-001   1.6162E-003   7.3239E-002   1.1530E-001  -8.1809E-002  -3.3583E-001  -1.6922E-001  -1.0642E-002   6.0756E-003   1.7125E-002   2.1997E+000  -4.4249E-002  -1.1277E-001  -2.7441E-002   1.0340E+000   3.7370E+000  
 7.8196E-002   7.3092E-001  -7.7058E-002   7.7259E-002  -1.6363E-001   5.6416E-002  -1.0106E-002  -4.2296E-004  -1.2392E-001  -4.4298E-003   7.4847E-002   5.8275E-003  -1.4562E-001  -3.8961E-003  -3.4614E-001  -1.4066E-002   1.2827E-003   1.9511E-002   2.1995E+000   1.5214E-003  -1.9084E-001  -2.5876E-002   1.0348E+000   3.7745E+000  
 8.1025E-002   4.1747E-001   4.6581E-001   6.9626E-002  -2.8446E-002  -1.6524E-001   8.6009E-003  -1.2560E-002  -1.2143E-001  -1.1661E-003   7.6443E-002  -1.2694E-001  -6.3122E-002   3.3228E-001  -1.7476E-001  -4.1240E-003  -1.5764E-002   2.0439E-002   2.2002E+000   4.9850E-002  -1.1218E-001  -2.3287E-002   1.0341E+000   3.7614E+000  
 8.0020E-002  -4.2721E-001   4.6749E-001   6.8824E-002   3.5467E-002  -1.6427E-001   9.0894E-003   1.1181E-002  -1.2001E-001  -3.0189E-003   7.6831E-002  -1.2505E-001   6.9217E-002   3.3690E-001   1.7366E-001   2.8975E-003  -1.6460E-002   1.8595E-002   2.2000E+000  -4.2346E-002  -1.1093E-001  -2.2972E-002   1.0344E+000   3.7543E+000  
 8.3382E-001  -1.4833E+000   1.7350E-001   1.5508E-001   3.3422E-001   2.0890E-001  -5.9190E-002   1.3448E-002   3.7568E-002   2.7839E-002   5.0995E-002   3.8814E-002   3.4610E-001   1.0797E-002   7.0194E-001   2.3127E-002   1.5998E-002   1.1469E-002   1.9533E+000   3.5013E-003  -3.5351E-001  -1.9497E-002   1.0414E+000   3.7097E+000  
 8.2695E-001  -4.7505E-001  -1.5653E+000   1.6960E-001   3.4223E-001   1.6692E-001   4.0175E-002  -4.6642E-002   4.2580E-002  -3.2098E-002   4.7718E-002   2.6971E-001   1.9948E-001  -6.6915E-001   3.5703E-001   2.7493E-002   6.2140E-003   2.9689E-002   1.9568E+000   2.1191E-001  -1.0665E-002  -2.3988E-002   1.0358E+000   3.6787E+000  
 8.2820E-001   4.6541E-001  -1.5607E+000   1.7049E-001  -3.4639E-001   1.6381E-001   3.8837E-002   4.8101E-002   4.0405E-002   3.3547E-002   4.8108E-002   2.6654E-001  -2.0633E-001  -6.7835E-001  -3.4272E-001  -2.8095E-002   5.1797E-003   4.3571E-003   1.9549E+000  -2.0665E-001  -6.1070E-003  -2.3126E-002   1.0358E+000   3.6884E+000  
 8.3717E-001   1.4801E+000   1.7097E-001   1.5807E-001  -3.2914E-001   2.0413E-001  -6.1076E-002  -1.3833E-002   3.2293E-002  -2.6862E-002   5.1655E-002   3.0818E-002  -3.4563E-001  -8.1689E-003  -6.9833E-001  -2.3374E-002   1.6258E-002   2.1599E-002   1.9528E+000  -1.8296E-003  -3.5341E-001  -2.1454E-002   1.0410E+000   3.7147E+000  
 8.4521E-001   1.0046E+000   9.9760E-001   1.4299E-001   1.9802E-002  -3.7602E-001   1.5624E-002  -6.2084E-002   4.2000E-002   1.8810E-002   5.3970E-002  -3.0664E-001  -1.3673E-001   6.7014E-001  -3.5358E-001   4.2690E-003  -3.3333E-002   1.8018E-002   1.9566E+000   2.1074E-001  -7.5036E-003  -1.6465E-002   1.0361E+000   3.6841E+000  
 8.4217E-001  -1.0185E+000   1.0045E+000   1.4191E-001  -8.5172E-003  -3.7462E-001   1.5899E-002   6.0412E-002   4.5045E-002  -1.9777E-002   5.5551E-002  -3.0240E-001   1.4636E-001   6.7895E-001   3.4735E-001  -4.2856E-003  -3.4836E-002   1.6026E-002   1.9553E+000  -2.0329E-001  -2.2506E-003  -1.7732E-002   1.0366E+000   3.6877E+000  
 1.7360E+000  -1.8034E+000   1.9924E+000   1.9210E-001   4.2444E-001   1.9971E-001  -1.1627E-001   5.5567E-002   2.8342E-001   9.6838E-002   6.7035E-003   6.3075E-002   5.4036E-001   1.2494E-002   8.7966E-001   2.1550E-002   2.7036E-002  -6.0737E-003   1.6107E+000   1.3525E-003  -5.2039E-001  -1.3035E-002   1.0004E+000   3.4232E+000  
 1.7234E+000  -3.3816E-001  -2.0209E+000   2.1127E-001   3.7575E-001   2.4786E-001   9.8443E-002  -7.4867E-002   2.9610E-001  -1.0327E-001   4.7867E-003   4.2612E-001   3.1597E-001  -8.4531E-001   4.4890E-001   3.8571E-002  -1.8576E-003   4.7985E-002   1.6139E+000   3.8128E-001   1.0194E-001  -1.7074E-002   9.8394E-001   3.4708E+000  
 1.7257E+000   3.2531E-001  -2.0104E+000   2.1078E-001  -3.8188E-001   2.4297E-001   9.7200E-002   7.6110E-002   2.9411E-001   1.1121E-001   5.3918E-003   4.2194E-001  -3.2501E-001  -8.5591E-001  -4.3263E-001  -3.9147E-002  -1.7514E-003  -1.9176E-002   1.6114E+000  -3.7706E-001   1.0958E-001  -1.6628E-002   9.8305E-001   3.4804E+000  
 1.7371E+000   1.8287E+000   1.9887E+000   1.9550E-001  -4.1718E-001   1.9312E-001  -1.1807E-001  -5.5565E-002   2.7696E-001  -8.9099E-002   7.8505E-003   5.1259E-002  -5.4097E-001  -1.1392E-002  -8.7639E-001  -2.0378E-002   2.7011E-002   3.1979E-002   1.6106E+000  -3.6207E-003  -5.1956E-001  -1.4640E-002   9.9996E-001   3.4158E+000  
 1.7524E+000   1.4789E+000   1.1265E+000   1.7577E-001  -3.2068E-002  -4.4573E-001   1.4480E-003  -1.3235E-001   2.9564E-001   7.7192E-002   8.0356E-003  -4.8499E-001  -2.1517E-001   8.4733E-001  -4.4354E-001   1.7374E-002  -3.7918E-002   8.4793E-003   1.6138E+000   3.8112E-001   1.0425E-001  -1.0423E-002   9.8405E-001   3.4183E+000  
 1.7462E+000  -1.4977E+000   1.1400E+000   1.7590E-001   4.6337E-002  -4.4452E-001   1.1333E-003   1.3084E-001   2.9990E-001  -7.2923E-002   9.3928E-003  -4.7928E-001   2.2619E-001   8.5757E-001   4.3517E-001  -1.7515E-002  -3.8188E-002   1.9268E-002   1.6114E+000  -3.7469E-001   1.1347E-001  -1.1453E-002   9.8394E-001   3.4247E+000  
 2.4395E+000  -1.6574E+000   1.1205E+001   1.3751E-001   4.9014E-001  -7.1401E-002  -1.1571E-001   1.2128E-001   5.5905E-001   1.9611E-001  -5.1296E-002   6.1340E-002   6.7722E-001   8.6453E-003   9.3770E-001   4.8238E-003   2.7306E-002  -3.1396E-002   1.3666E+000  -1.2349E-003  -5.9755E-001  -1.1371E-002   9.4516E-001   3.2138E+000  
 2.2123E+000   9.2658E+000  -6.7913E+000   1.6024E-001   1.7416E-001   4.4329E-001   1.5284E-001  -3.9194E-002   5.8162E-001  -2.0537E-001  -5.0726E-002   5.4808E-001   3.8465E-001  -9.0873E-001   4.8407E-001   3.2037E-002  -1.5141E-002   7.4522E-002   1.3706E+000   4.6537E-001   1.6644E-001  -1.2569E-002   9.1664E-001   3.1953E+000  
 2.2602E+000  -9.3502E+000  -6.6990E+000   1.6018E-001  -1.8294E-001   4.3603E-001   1.5298E-001   3.9068E-002   5.8046E-001   2.1962E-001  -4.8106E-002   5.4150E-001  -3.9615E-001  -9.1916E-001  -4.6658E-001  -3.3566E-002  -1.3716E-002  -4.9334E-002   1.3688E+000  -4.6137E-001   1.7562E-001  -1.1370E-002   9.1519E-001   3.1962E+000  
 2.4102E+000   1.8132E+000   1.1197E+001   1.3952E-001  -4.8091E-001  -8.0714E-002  -1.1715E-001  -1.1940E-001   5.5216E-001  -1.8047E-001  -5.1736E-002   4.5595E-002  -6.7798E-001  -1.7238E-002  -9.3431E-001  -1.6344E-003   2.7329E-002   5.2885E-002   1.3668E+000  -1.9595E-003  -5.9622E-001  -1.3601E-002   9.4476E-001   3.1926E+000  
 2.6367E+000   1.0994E+001  -3.7857E+000   1.1693E-001  -3.0282E-001  -3.6794E-001  -5.5947E-002  -1.6100E-001   5.8155E-001   1.6446E-001  -5.4109E-002  -6.0302E-001  -2.9033E-001   9.1578E-001  -4.6971E-001   2.8821E-002  -2.0873E-002  -1.0796E-002   1.3711E+000   4.6803E-001   1.6430E-001  -1.1743E-002   9.1634E-001   3.0741E+000  
 2.5892E+000  -1.1082E+001  -3.6956E+000   1.1639E-001   3.2016E-001  -3.6645E-001  -5.5297E-002   1.5870E-001   5.8702E-001  -1.5470E-001  -5.4693E-002  -5.9533E-001   3.0348E-001   9.2618E-001   4.6080E-001  -2.9677E-002  -1.9603E-002   3.4441E-002   1.3687E+000  -4.6204E-001   1.7598E-001  -1.4178E-002   9.1518E-001   3.0862E+000  
 2.8059E+000  -1.4454E+000   1.2370E+001   5.0838E-002   5.4495E-001  -3.9824E-001  -8.5018E-002   1.7934E-001   7.6235E-001   2.8056E-001  -9.8553E-002   4.4272E-002   7.5869E-001   3.9342E-003   9.4022E-001  -1.4283E-002   3.5664E-002  -5.1987E-002   1.2541E+000  -2.0493E-003  -6.2655E-001  -1.1686E-002   9.0431E-001   3.2640E+000  
 2.5975E+000   9.9010E+000  -7.1641E+000   7.3378E-002  -7.9807E-002   6.6129E-001   1.8198E-001   1.8842E-002   7.9656E-001  -2.9365E-001  -1.0114E-001   6.3084E-001   4.1231E-001  -9.2056E-001   4.9084E-001   2.8858E-002  -3.6871E-002   9.5371E-002   1.2625E+000   4.9905E-001   1.9027E-001  -1.5814E-002   8.6926E-001   3.2528E+000  
 2.6554E+000  -9.9734E+000  -7.0578E+000   7.5344E-002   6.8080E-002   6.5193E-001   1.8473E-001  -2.0624E-002   7.9557E-001   3.1288E-001  -9.6247E-002   6.2211E-001  -4.2630E-001  -9.3050E-001  -4.7298E-001  -3.1463E-002  -3.3781E-002  -7.1416E-002   1.2610E+000  -4.9514E-001   1.9991E-001  -1.3419E-002   8.6790E-001   3.2323E+000  
 2.7653E+000   1.5953E+000   1.2357E+001   5.0359E-002  -5.3454E-001  -4.1062E-001  -8.6260E-002  -1.7476E-001   7.5501E-001  -2.5891E-001  -1.0112E-001   2.5365E-002  -7.5950E-001  -2.2444E-002  -9.3647E-001   1.9216E-002   3.5811E-002   7.1755E-002   1.2544E+000  -8.1292E-004  -6.2529E-001  -1.5221E-002   9.0380E-001   3.1974E+000  
 2.9729E+000   1.1417E+001  -4.5276E+000   2.7956E-002  -6.1782E-001  -2.5704E-001  -1.2476E-001  -1.5957E-001   7.9648E-001   2.3811E-001  -1.0060E-001  -6.6685E-001  -3.5039E-001   9.3259E-001  -4.6741E-001   4.5638E-002  -8.0151E-003  -2.9337E-002   1.2630E+000   5.0326E-001   1.8569E-001  -1.0811E-002   8.6914E-001   3.0009E+000  
 2.9156E+000  -1.1490E+001  -4.4270E+000   2.5290E-002   6.3822E-001  -2.5472E-001  -1.2161E-001   1.5566E-001   8.0279E-001  -2.2402E-001  -1.0311E-001  -6.5712E-001   3.6585E-001   9.4294E-001   4.5869E-001  -4.7776E-002  -4.5201E-003   5.1437E-002   1.2610E+000  -4.9690E-001   1.9880E-001  -1.4494E-002   8.6758E-001   2.9795E+000  
 4.4589E+000   9.1440E+000  -4.3586E+000   1.5431E-001   1.3818E-001   3.6406E-001   2.3957E-001   1.5584E-001   9.5827E-001  -2.3126E-001   5.2348E-002   5.1905E-001   6.4131E-001  -7.5078E-001   6.7909E-001   1.0331E-001   6.1899E-002   5.5714E-002   1.2762E+000   5.9022E-001  -1.0916E-001   7.1400E-002   8.6310E-001   3.3068E+000  
 4.5015E+000  -9.0871E+000  -4.1860E+000   1.5578E-001  -1.4440E-001   3.5468E-001   2.3958E-001  -1.5797E-001   9.5636E-001   2.4931E-001   5.3612E-002   5.1029E-001  -6.5094E-001  -7.6701E-001  -6.6509E-001  -1.0503E-001   6.3530E-002  -3.2841E-002   1.2741E+000  -5.9067E-001  -9.6365E-002   7.2528E-002   8.6008E-001   3.2969E+000  
 9.8639E-001   1.1353E+001  -2.1256E+000  -1.2377E-002  -7.9798E-001  -3.6290E-001   4.7455E-003  -7.7116E-002   6.0294E-001   1.1946E-001  -2.3353E-001  -5.2017E-001  -5.6125E-001   7.7655E-001  -6.8015E-001   1.2011E-001   8.0219E-002  -2.6970E-002   1.3562E+000   5.8233E-001  -1.1123E-001  -9.7969E-002   8.6309E-001   3.5145E+000  
 9.4110E-001  -1.1317E+001  -1.9632E+000  -1.4254E-002   8.1588E-001  -3.6022E-001   6.7204E-003   7.5741E-002   6.1105E-001  -1.0498E-001  -2.3340E-001  -5.1003E-001   5.7191E-001   7.9323E-001   6.7285E-001  -1.2283E-001   8.0831E-002   4.8630E-002   1.3546E+000  -5.8019E-001  -9.7332E-002  -9.9485E-002   8.6294E-001   3.5520E+000  
