-1.4229E-001   2.1665E-002  -5.1106E-004   4.4237E-002  -1.1742E-003  -1.5236E-003   2.2176E-003  -2.1739E-002  -1.1245E-003   1.9499E-001   7.8069E-002   1.3250E-003   1.4109E-003  -6.8769E-004   7.2734E-004  -3.1305E-003   5.4964E-003  -2.2471E+000   1.8287E-002  -1.9202E-001  -6.8271E-004  -2.6411E-002   1.0491E+000   3.5624E+000  
 6.4426E-002  -7.7669E-001   6.6809E-004   6.6121E-002   2.0198E-003  -9.3705E-002   3.4157E-003  -6.2509E-003  -1.0432E-003   1.5848E-001   7.2322E-002  -1.2240E-001   4.3946E-003  -3.8606E-001   1.4853E-003   4.6592E-003   5.0233E-003  -2.1837E+000   1.6584E-002  -1.3704E-001  -1.6283E-003  -2.1419E-002   1.0563E+000   3.7001E+000  
 7.0468E-002  -3.1684E-001  -5.8707E-001   7.1220E-002   1.7433E-001  -1.0677E-001  -1.0629E-002  -2.7966E-002   2.8236E-003   1.5716E-001   7.6545E-002  -7.0423E-002   1.2211E-001  -1.9708E-001  -2.9159E-001   6.1614E-003   2.0458E-002  -2.1867E+000   1.7822E-002  -2.1519E-001   4.6880E-002  -2.9967E-002   1.0582E+000   3.7898E+000  
 7.2840E-002   4.1821E-001  -6.8981E-001   7.9743E-002   6.9647E-002   4.3976E-002   1.2818E-002  -2.7431E-002  -3.2784E-003   1.6225E-001   7.1643E-002   6.2164E-002   1.0452E-001   1.8831E-001  -2.9305E-001  -6.2088E-003   9.6912E-003  -2.1886E+000   1.8342E-002  -2.1652E-001  -4.7351E-002  -2.5467E-002   1.0578E+000   3.8098E+000  
 7.6539E-002   6.9603E-001  -2.1111E-004   7.8134E-002  -4.2970E-003   2.0817E-001   8.3040E-004  -5.4012E-003  -1.5132E-003   1.5309E-001   7.3805E-002   1.4217E-001  -2.0219E-003   3.8411E-001  -4.9336E-004  -2.1991E-002   4.7164E-003  -2.1842E+000   1.7740E-002  -1.3563E-001   1.8229E-004  -2.8868E-002   1.0563E+000   3.6963E+000  
 7.0532E-002   4.1873E-001   6.8912E-001   7.3070E-002  -7.4496E-002   4.4943E-002  -9.2411E-003  -2.9762E-002   1.8163E-003   1.6418E-001   6.9425E-002   6.4239E-002  -1.0469E-001   1.9638E-001   2.9315E-001  -7.4189E-003  -2.3598E-003  -2.1849E+000   1.8599E-002  -2.1686E-001   4.5699E-002  -2.0308E-002   1.0589E+000   3.8029E+000  
 6.7628E-002  -3.1890E-001   5.8730E-001   6.3898E-002  -1.7279E-001  -1.0508E-001   1.6598E-002  -2.9984E-002  -3.8643E-003   1.6120E-001   7.5757E-002  -6.7835E-002  -1.1631E-001  -1.8922E-001   2.9335E-001   7.0494E-003  -1.3153E-002  -2.1834E+000   1.7940E-002  -2.1975E-001  -5.0550E-002  -2.4543E-002   1.0574E+000   3.7958E+000  
 8.0990E-001  -1.7665E+000   3.9873E-003   1.3517E-001   5.0975E-003  -9.2152E-002   4.5100E-003   6.8010E-002  -1.2610E-003   2.2751E-002   4.7258E-002  -2.8405E-001   7.2389E-003  -7.7996E-001   2.1134E-003  -5.8437E-003   3.3432E-003  -1.9372E+000   1.1896E-002   5.9341E-002  -2.2631E-003  -2.3059E-002   1.0528E+000   3.8020E+000  
 8.3175E-001  -5.7471E-001  -1.0339E+000   1.5626E-001   4.2296E-001  -2.5306E-001  -4.8405E-002  -4.8064E-002   1.6237E-002  -1.1043E-002   5.5091E-002  -1.8222E-001   3.0937E-001  -3.9632E-001  -5.8866E-001   2.5535E-002   4.7029E-002  -1.9383E+000   1.6639E-002  -2.9930E-001   2.1207E-001  -1.9765E-002   1.0594E+000   3.9795E+000  
 8.2851E-001   9.0440E-001  -1.5388E+000   1.5943E-001   5.8198E-002   4.1660E-002   7.2876E-002  -6.0095E-002  -1.2335E-002   4.6198E-002   4.8734E-002   1.4659E-001   2.4381E-001   3.8163E-001  -5.9305E-001   4.4265E-003  -8.4864E-003  -1.9503E+000   1.8032E-002  -3.0709E-001  -2.1562E-001  -2.2778E-002   1.0599E+000   3.9652E+000  
 8.4586E-001   1.2049E+000   2.2772E-003   1.6949E-001  -7.0402E-003   5.0416E-001  -6.7400E-004   4.3096E-002  -1.8425E-003  -3.1459E-002   5.3197E-002   3.5929E-001  -6.3005E-003   7.7560E-001  -2.7145E-003  -5.2722E-002   2.2869E-003  -1.9289E+000   1.4043E-002   6.2057E-002   2.0628E-004  -1.7225E-002   1.0506E+000   3.8305E+000  
 8.2412E-001   9.0932E-001   1.5409E+000   1.4848E-001  -6.3847E-002   4.2395E-002  -6.8259E-002  -6.4727E-002   1.4534E-002   4.6375E-002   4.4890E-002   1.4742E-001  -2.4464E-001   3.9799E-001   5.9079E-001   1.3297E-003   7.1737E-003  -1.9443E+000   1.7966E-002  -3.0150E-001   2.1005E-001  -2.0329E-002   1.0623E+000   3.9618E+000  
 8.2417E-001  -5.8312E-001   1.0386E+000   1.4305E-001  -4.1492E-001  -2.4871E-001   5.5252E-002  -5.0712E-002  -1.3613E-002   4.6411E-004   5.5233E-002  -1.7930E-001  -3.0301E-001  -3.8036E-001   5.8823E-001   2.8134E-002  -4.9608E-002  -1.9339E+000   1.7404E-002  -3.1324E-001  -2.2179E-001  -1.7520E-002   1.0555E+000   3.9838E+000  
 1.4112E+000  -3.5609E+000   2.0995E-002   1.8182E-001   6.3094E-003  -1.8940E-001   5.2769E-003   1.2916E-001  -1.0401E-003  -1.7138E-001  -3.2564E-002  -4.4624E-001   8.7938E-003  -9.9524E-001   2.6320E-003  -6.3561E-003   1.7801E-003  -1.6187E+000   6.5473E-003   2.7223E-001  -2.0358E-003  -2.6769E-002   9.7988E-001   3.6645E+000  
 1.7722E+000  -5.8276E-001  -1.0478E+000   1.8046E-001   4.8420E-001  -2.8576E-001  -2.4380E-002  -3.4613E-002   3.3175E-002  -3.1121E-001   4.6636E-002  -2.8878E-001   4.9159E-001  -5.0339E-001  -7.4556E-001   2.7633E-002   4.2542E-002  -1.5967E+000   1.4121E-002  -3.9089E-001   3.9189E-001  -2.3158E-003   9.9358E-001   3.8294E+000  
 1.6903E+000   1.2289E+000  -2.1099E+000   2.0785E-001   1.3589E-001   8.6208E-002   1.2305E-001  -8.7814E-002  -2.4414E-002  -1.1928E-001  -3.1692E-002   2.3588E-001   3.9055E-001   4.8757E-001  -7.5413E-001   6.5420E-003  -9.0785E-003  -1.6342E+000   1.7333E-002  -4.0457E-001  -3.9841E-001  -2.6628E-002   9.9777E-001   3.7571E+000  
 2.0455E+000   9.0193E-002   2.0067E-002   1.9744E-001  -7.5145E-003   5.8066E-001  -1.1384E-003   2.0369E-002  -8.5333E-004  -3.5542E-001   4.5856E-002   5.6763E-001  -8.9606E-003   9.8563E-001  -4.7260E-003  -4.8401E-002   3.5592E-005  -1.5833E+000   9.3115E-003   2.7701E-001  -1.1105E-003   3.3702E-004   9.7368E-001   3.7475E+000  
 1.6840E+000   1.2403E+000   2.1156E+000   1.9862E-001  -1.4106E-001   8.5732E-002  -1.1546E-001  -9.3529E-002   3.1881E-002  -1.2340E-001  -3.3864E-002   2.3035E-001  -3.8751E-001   5.0874E-001   7.5069E-001   5.5898E-003   7.2666E-003  -1.6303E+000   1.5801E-002  -3.9053E-001   3.8828E-001  -2.3946E-002   9.9998E-001   3.7494E+000  
 1.7589E+000  -5.9960E-001   1.0590E+000   1.6885E-001  -4.6919E-001  -2.7918E-001   3.0202E-002  -3.5287E-002  -2.6404E-002  -2.9238E-001   4.5649E-002  -2.9089E-001  -4.8862E-001  -4.8190E-001   7.4015E-001   2.8500E-002  -4.7378E-002  -1.5946E+000   1.6767E-002  -4.1282E-001  -4.0757E-001  -1.5127E-003   9.8939E-001   3.8361E+000  
 9.8829E-003  -1.0018E+001   9.8218E-002   9.2675E-002   6.2236E-003  -5.7629E-001   6.2100E-003   8.1498E-002  -2.2462E-004  -4.0471E-001  -1.8496E-001  -6.4194E-001   8.5749E-003  -1.1027E+000   2.8181E-003  -9.8456E-002   9.5484E-004  -1.4297E+000   2.9503E-003   3.7878E-001  -1.4768E-003  -8.2188E-002   8.6916E-001   3.3487E+000  
 4.7855E+000   3.5179E+000   4.7963E+000   1.5377E-001   3.4142E-001  -1.9360E-001   1.3081E-001   5.4661E-002   4.9516E-002  -7.0753E-001   7.8016E-002  -3.7797E-001   6.5394E-001  -5.5348E-001  -8.1193E-001   5.5835E-002   8.7162E-002  -1.3620E+000   1.3562E-002  -4.3841E-001   4.8620E-001   5.5273E-002   8.9782E-001   3.5720E+000  
 5.4223E-002   5.1044E+000  -7.9403E+000   1.2345E-001   4.6200E-001   2.6812E-001   8.0258E-002  -6.1691E-002  -3.6499E-002  -3.2578E-001  -1.8111E-001   3.3307E-001   5.5844E-001   5.4010E-001  -8.2722E-001   5.2173E-002  -8.4184E-002  -1.4474E+000   1.4181E-002  -4.5049E-001  -4.8739E-001  -8.0387E-002   9.0104E-001   3.4618E+000  
 4.8222E+000  -6.4972E+000   1.0495E-001   1.7591E-001  -6.4873E-003   4.2224E-001  -1.2552E-006  -1.5785E-001   1.6724E-003  -7.7746E-001   8.1359E-002   7.5735E-001  -8.7618E-003   1.0811E+000  -5.5476E-003  -1.0478E-001  -3.7605E-004  -1.3475E+000   7.1169E-003   3.8937E-001  -2.5710E-003   5.9139E-002   8.6403E-001   3.4631E+000  
 4.4922E-002   5.2571E+000   7.8395E+000   1.1493E-001  -4.6864E-001   2.6662E-001  -7.2903E-002  -6.8931E-002   4.9762E-002  -3.3047E-001  -1.8231E-001   3.2249E-001  -5.5484E-001   5.6522E-001   8.2634E-001   5.1655E-002   8.1582E-002  -1.4425E+000   1.6500E-002  -4.3320E-001   4.7792E-001  -7.7776E-002   9.0319E-001   3.4570E+000  
 4.7631E+000   3.3572E+000  -4.8709E+000   1.4344E-001  -3.2007E-001  -1.8644E-001  -1.2480E-001   5.5431E-002  -3.8950E-002  -6.8497E-001   7.7090E-002  -3.8527E-001  -6.5128E-001  -5.2764E-001   8.0099E-001   5.5773E-002  -9.0864E-002  -1.3638E+000   1.3790E-002  -4.6207E-001  -5.0268E-001   5.4373E-002   8.9398E-001   3.5708E+000  
-2.1331E-001  -9.3256E+000   1.0844E-001  -8.2618E-002   5.6083E-003  -1.0411E+000   6.9180E-003  -2.6700E-002   3.8650E-004  -5.8423E-001  -3.2122E-001  -8.1435E-001   7.5214E-003  -1.1413E+000   2.4583E-003  -2.1468E-001   8.8354E-004  -1.3643E+000   1.2628E-003   4.2957E-001  -1.3757E-003  -1.2885E-001   8.0288E-001   3.1937E+000  
 5.7231E+000   3.1516E+000   5.3240E+000   1.5202E-001   1.6950E-001  -8.5697E-002   3.1917E-001   1.6478E-001   6.1597E-002  -1.0307E+000   1.1537E-001  -4.4305E-001   7.7391E-001  -5.6788E-001  -8.2375E-001   9.5457E-002   1.5389E-001  -1.2523E+000   1.4363E-002  -4.6227E-001   5.3140E-001   1.0135E-001   8.4035E-001   3.4426E+000  
-1.6475E-001   4.5122E+000  -8.0951E+000  -5.0708E-002   8.5619E-001   4.9002E-001  -9.4443E-003  -8.3149E-003  -4.4844E-002  -4.8605E-001  -3.1556E-001   4.1982E-001   7.0910E-001   5.5781E-001  -8.4667E-001   1.1131E-001  -1.8432E-001  -1.3778E+000   1.1609E-002  -4.7297E-001  -5.2996E-001  -1.2885E-001   8.4141E-001   3.3162E+000  
 5.7627E+000  -6.2327E+000   1.1354E-001   1.7579E-001  -5.6037E-003   2.2964E-001   1.2879E-003  -3.8003E-001   3.8046E-003  -1.1182E+000   1.2054E-001   8.9338E-001  -7.6237E-003   1.1081E+000  -5.4706E-003  -1.8241E-001   3.4712E-004  -1.2419E+000   6.9244E-003   4.4370E-001  -3.4407E-003   1.0422E-001   8.0048E-001   3.3239E+000  
-1.7377E-001   4.6835E+000   7.9966E+000  -5.8082E-002  -8.6355E-001   4.8702E-001   1.5542E-002  -1.6137E-002   6.2759E-002  -4.9105E-001  -3.1568E-001   4.0564E-001  -7.0513E-001   5.8481E-001   8.4737E-001   1.1085E-001   1.8107E-001  -1.3725E+000   1.8174E-002  -4.5430E-001   5.2124E-001  -1.2562E-001   8.4364E-001   3.3121E+000  
 5.6988E+000   2.9850E+000  -5.4023E+000   1.4154E-001  -1.4373E-001  -7.8350E-002  -3.1243E-001   1.6545E-001  -4.7865E-002  -1.0053E+000   1.1463E-001  -4.5339E-001  -7.7018E-001  -5.3962E-001   8.0961E-001   9.4362E-002  -1.5509E-001  -1.2560E+000   1.1042E-002  -4.8589E-001  -5.4743E-001   1.0021E-001   8.3798E-001   3.4355E+000  
 4.7576E+000  -3.9197E+000   9.7056E+000   1.3242E-001   8.9626E-002  -3.1215E-001   1.4397E-001   2.3913E-001   2.7230E-001  -8.8607E-001   6.2036E-002  -5.1898E-001   6.2745E-001  -7.7849E-001  -6.5325E-001   6.8956E-002   1.0810E-001  -1.2509E+000  -2.4612E-003  -1.6297E-001   5.8878E-001   6.8947E-002   8.6730E-001   3.4073E+000  
 7.0637E-001  -1.8358E+000  -1.2012E+001   9.8887E-003   7.3554E-001   3.0545E-001   9.1154E-002   4.9824E-003   9.6275E-002  -5.1887E-001  -2.3717E-001   5.2555E-001   5.3925E-001   7.9017E-001  -6.5758E-001   8.6374E-002  -1.2638E-001  -1.3313E+000  -5.0561E-002  -1.8724E-001  -5.9216E-001  -9.5106E-002   8.6680E-001   3.2246E+000  
 6.6855E-001  -1.6748E+000   1.1952E+001   4.6555E-003  -7.5121E-001   3.0759E-001  -8.6050E-002   4.9350E-003  -8.6256E-002  -5.2847E-001  -2.4420E-001   5.1732E-001  -5.4416E-001   8.0393E-001   6.5421E-001   8.2886E-002   1.2755E-001  -1.3300E+000   8.0097E-002  -1.6989E-001   5.8321E-001  -9.4937E-002   8.6898E-001   3.2284E+000  
 4.7056E+000  -4.0739E+000  -9.7474E+000   1.2280E-001  -6.4150E-002  -2.9762E-001  -1.3952E-001   2.3612E-001  -2.6498E-001  -8.6022E-001   5.7615E-002  -5.2371E-001  -6.1946E-001  -7.6525E-001   6.4283E-001   7.0506E-002  -1.1068E-001  -1.2500E+000   3.1871E-002  -1.9274E-001  -6.0573E-001   6.8582E-002   8.6630E-001   3.4241E+000  
