-1.4192E-001   3.1220E-004  -1.6093E-006   4.4830E-002   1.0829E-007   2.4800E-007  -2.3268E-006   1.8217E-004   1.1388E-005   2.5262E-002   8.0509E-002  -3.8535E-007   3.7217E-007  -6.9657E-006  -4.6066E-007   6.4495E-004  -2.7760E-006   7.2460E-001  -4.4721E-005   3.1262E-004  -5.2748E-007  -2.6467E-002   2.7233E-001   9.3247E-001  
 7.1067E-002  -7.2153E-001  -1.9400E-006   7.2711E-002  -3.9648E-006   1.3598E-001  -1.6283E-006   3.1543E-004   1.1558E-005   2.9950E-002   7.4971E-002   3.9204E-002  -2.9907E-006   7.9774E-002  -4.9124E-006   1.3573E-002  -2.6733E-006   7.2013E-001  -4.4033E-005  -3.2723E-003  -4.8038E-007  -2.5110E-002   2.7883E-001   1.0218E+000  
 7.0768E-002  -3.7458E-001  -6.4943E-001   7.2923E-002  -1.6115E-002   9.2520E-003   9.7784E-004   8.2429E-004   6.0812E-005   2.5368E-002   7.5055E-002   1.1183E-002  -1.9513E-002   3.9945E-002   6.9066E-002   7.4839E-003   1.1680E-002   7.2111E-001   9.8874E-006   2.1529E-003  -3.2308E-003  -2.4999E-002   2.7914E-001   1.0520E+000  
 7.1155E-002   3.6134E-001  -6.2524E-001   7.2559E-002  -1.1786E-001  -6.7992E-002   1.0514E-004   1.9924E-004  -3.2507E-005   2.9888E-002   7.5173E-002  -1.9552E-002  -3.4015E-002  -3.9944E-002   6.9057E-002  -5.5923E-003   1.0965E-002   7.2012E-001  -9.4185E-005   2.1588E-003   3.2241E-003  -2.5330E-002   2.7887E-001   1.0298E+000  
 7.0860E-002   7.5033E-001  -2.7758E-006   7.2772E-002   4.2751E-006  -1.8509E-002  -1.8650E-006  -9.3812E-004   1.1279E-005   2.5444E-002   7.5255E-002  -2.2474E-002   3.8133E-006  -7.9807E-002   4.0631E-006  -1.2580E-002  -2.4452E-006   7.2114E-001  -4.3784E-005  -3.2610E-003  -6.0401E-009  -2.5223E-002   2.7907E-001   1.0407E+000  
 7.1156E-002   3.6134E-001   6.2524E-001   7.2560E-002   1.1786E-001  -6.7987E-002  -1.0667E-004   2.0009E-004   5.3433E-005   2.9888E-002   7.5173E-002  -1.9548E-002   3.4019E-002  -3.9953E-002  -6.9052E-002  -5.5915E-003  -1.0968E-002   7.2012E-001   3.8674E-006   2.1593E-003  -3.2233E-003  -2.5331E-002   2.7887E-001   1.0298E+000  
 7.0769E-002  -3.7458E-001   6.4943E-001   7.2924E-002   1.6112E-002   9.2573E-003  -9.8003E-004   8.2354E-004  -3.9668E-005   2.5368E-002   7.5056E-002   1.1187E-002   1.9510E-002   3.9936E-002  -6.9072E-002   7.4832E-003  -1.1682E-002   7.2111E-001  -9.9394E-005   2.1541E-003   3.2311E-003  -2.5001E-002   2.7914E-001   1.0520E+000  
 8.2790E-001  -1.4131E+000  -2.9550E-006   1.5742E-001  -7.3024E-006   3.7621E-001  -2.0002E-007   5.9944E-003   1.2718E-005   6.4687E-002   4.5474E-002   1.0792E-001  -5.0353E-006   1.7429E-001  -9.8205E-006   3.0131E-002  -6.1192E-007   6.9588E-001  -4.0534E-005  -1.7044E-002   1.1646E-006  -1.3522E-002   2.9838E-001   1.1562E+000  
 8.2961E-001  -7.7778E-001  -1.3479E+000   1.4919E-001   3.3590E-002  -1.9450E-002   1.9559E-002   1.1464E-002   9.5484E-005   1.1948E-002   5.6574E-002   1.8502E-002  -3.1985E-002   8.7355E-002   1.5109E-001   9.5070E-003   1.5018E-002   7.0723E-001   3.8221E-005   8.9114E-003  -1.4910E-002  -2.6312E-002   3.0082E-001   1.1709E+000  
 8.2794E-001   7.0710E-001  -1.2241E+000   1.5687E-001  -3.2585E-001  -1.8806E-001   5.2403E-003  -2.8536E-003  -6.4666E-005   6.4720E-002   4.5636E-002  -5.3898E-002  -9.3344E-002  -8.7105E-002   1.5065E-001  -1.3767E-002   2.5313E-002   6.9612E-001  -1.1097E-004   8.9783E-003   1.4980E-002  -1.4271E-002   2.9847E-001   1.1827E+000  
 8.2974E-001   1.5568E+000  -5.0268E-006   1.4865E-001   7.6079E-006   3.8787E-002  -3.4482E-007  -2.2642E-002   1.2341E-005   1.1949E-002   5.6733E-002  -3.7140E-002   5.7922E-006  -1.7481E-001   8.8538E-006  -1.6442E-002  -2.8484E-007   7.0703E-001  -4.0216E-005  -1.6909E-002   2.4056E-006  -2.7044E-002   3.0066E-001   1.1458E+000  
 8.2794E-001   7.0710E-001   1.2241E+000   1.5687E-001   3.2585E-001  -1.8805E-001  -5.2409E-003  -2.8515E-003   8.5905E-005   6.4719E-002   4.5638E-002  -5.3889E-002   9.3350E-002  -8.7123E-002  -1.5064E-001  -1.3764E-002  -2.5314E-002   6.9612E-001   2.5786E-005   8.9763E-003  -1.4980E-002  -1.4273E-002   2.9847E-001   1.1827E+000  
 8.2961E-001  -7.7778E-001   1.3479E+000   1.4919E-001  -3.3596E-002  -1.9439E-002  -1.9561E-002   1.1462E-002  -7.3738E-005   1.1948E-002   5.6575E-002   1.8510E-002   3.1981E-002   8.7337E-002  -1.5110E-001   9.5041E-003  -1.5019E-002   7.0723E-001  -1.2255E-004   8.9175E-003   1.4908E-002  -2.6313E-002   3.0082E-001   1.1709E+000  
 1.7314E+000  -1.6642E+000  -5.5934E-006   2.0491E-001  -9.8463E-006   4.4423E-001   7.3312E-007   4.0928E-002   1.1745E-005   1.5252E-001   8.8456E-004   1.7916E-001  -6.8935E-006   2.5326E-001  -1.4028E-005   4.4254E-002  -2.1680E-007   6.5333E-001  -3.7623E-005  -3.2023E-002   1.6634E-006   2.7726E-003   3.1158E-001   1.2602E+000  
 1.7280E+000  -9.9209E-001  -1.7189E+000   1.7640E-001  -4.3257E-002   2.5050E-002   6.1835E-002   3.5935E-002  -6.0986E-005  -2.9936E-002   1.2513E-002   3.2039E-002  -5.5541E-002   1.2870E-001   2.2268E-001  -5.1139E-004  -1.9120E-003   6.9232E-001   7.6624E-005   1.5585E-002  -2.6279E-002  -3.0356E-002   3.1699E-001   1.1957E+000  
 1.7312E+000   8.3226E-001  -1.4411E+000   2.0468E-001  -3.8481E-001  -2.2224E-001   3.5178E-002  -2.0082E-002   9.0318E-005   1.5293E-001   8.9683E-004  -8.9687E-002  -1.5548E-001  -1.2663E-001   2.1915E-001  -2.1737E-002   3.8700E-002   6.5363E-001  -1.1427E-004   1.6430E-002   2.7695E-002   2.3202E-003   3.1137E-001   1.2713E+000  
 1.7282E+000   1.9846E+000  -9.1168E-006   1.7623E-001   1.0299E-005  -4.9912E-002   1.1213E-006  -7.1201E-002   1.1382E-005  -3.0385E-002   1.2658E-002  -6.3834E-002   7.8489E-006  -2.5727E-001   1.2888E-005   1.6744E-003  -2.3523E-008   6.9203E-001  -3.8055E-005  -3.0379E-002   3.3579E-006  -3.0713E-002   3.1722E-001   1.1841E+000  
 1.7312E+000   8.3225E-001   1.4411E+000   2.0468E-001   3.8481E-001  -2.2222E-001  -3.5180E-002  -2.0077E-002  -7.0377E-005   1.5293E-001   8.9686E-004  -8.9675E-002   1.5549E-001  -1.2665E-001  -2.1913E-001  -2.1733E-002  -3.8700E-002   6.5363E-001   3.6157E-005   1.6427E-002  -2.7696E-002   2.3191E-003   3.1137E-001   1.2713E+000  
 1.7280E+000  -9.9209E-001   1.7189E+000   1.7640E-001   4.3249E-002   2.5066E-002  -6.1838E-002   3.5931E-002   8.2498E-005  -2.9937E-002   1.2513E-002   3.2050E-002   5.5536E-002   1.2867E-001  -2.2269E-001  -5.1531E-004   1.9121E-003   6.9232E-001  -1.5430E-004   1.5595E-002   2.6275E-002  -3.0357E-002   3.1699E-001   1.1957E+000  
 2.4417E+000  -1.4764E+000  -8.9887E-006   1.9192E-001  -1.2163E-005   2.6206E-001   1.7369E-006   1.3910E-001   1.0360E-005   3.0388E-001  -2.7850E-002   2.5791E-001  -9.0211E-006   3.3277E-001  -1.8389E-005   8.3198E-002  -8.2878E-007   6.3250E-001  -3.5998E-005  -2.7504E-002   8.1786E-007   3.3241E-002   3.0876E-001   1.3115E+000  
 2.3918E+000  -1.0206E+000  -1.7683E+000   8.0093E-002  -3.5793E-001   2.0664E-001   8.8033E-002   5.1195E-002  -1.2844E-004  -6.8259E-002  -7.6110E-002   7.4710E-002  -1.2947E-001   1.7429E-001   3.0188E-001  -3.7537E-002  -6.5877E-002   7.1775E-001   1.5402E-005   1.0616E-002  -1.8034E-002  -5.7986E-002   3.1053E-001   1.2395E+000  
 2.4413E+000   7.3869E-001  -1.2790E+000   1.9127E-001  -2.2722E-001  -1.3123E-001   1.2034E-001  -6.9007E-002   1.6680E-005   3.0395E-001  -2.8082E-002  -1.2878E-001  -2.2299E-001  -1.6626E-001   2.8824E-001  -4.0797E-002   7.1845E-002   6.3321E-001  -1.3881E-004   1.3997E-002   2.3855E-002   3.2595E-002   3.0908E-001   1.3490E+000  
 2.3921E+000   2.0419E+000  -1.3097E-005   7.9438E-002   1.3143E-005  -4.1335E-001   1.4633E-006  -1.0158E-001   9.3748E-006  -6.8533E-002  -7.6272E-002  -1.4990E-001   1.0168E-005  -3.4839E-001   1.7189E-005   7.6335E-002  -8.2038E-007   7.1708E-001  -3.6455E-005  -2.1004E-002   2.8653E-006  -5.8588E-002   3.1030E-001   1.2005E+000  
 2.4413E+000   7.3867E-001   1.2790E+000   1.9127E-001   2.2723E-001  -1.3120E-001  -1.2034E-001  -6.9001E-002  -1.3403E-006   3.0395E-001  -2.8082E-002  -1.2876E-001   2.2299E-001  -1.6629E-001  -2.8822E-001  -4.0794E-002  -7.1844E-002   6.3321E-001   6.3266E-005   1.3995E-002  -2.3856E-002   3.2594E-002   3.0909E-001   1.3490E+000  
 2.3918E+000  -1.0206E+000   1.7683E+000   8.0092E-002   3.5792E-001   2.0666E-001  -8.8035E-002   5.1189E-002   1.4472E-004  -6.8259E-002  -7.6111E-002   7.4727E-002   1.2946E-001   1.7425E-001  -3.0190E-001  -3.7539E-002   6.5879E-002   7.1775E-001  -9.0651E-005   1.0625E-002   1.8031E-002  -5.7988E-002   3.1053E-001   1.2395E+000  
 2.8466E+000  -1.1244E+000  -1.1764E-005   1.7765E-001  -1.5623E-005   3.4307E-002   1.0165E-006   2.6811E-001   6.8810E-006   4.6128E-001  -3.2573E-002   3.3559E-001  -1.1929E-005   4.0215E-001  -2.3049E-005   1.3435E-001  -1.4282E-006   6.4102E-001  -3.6485E-005  -1.4521E-002  -4.2698E-007   5.6558E-002   2.9849E-001   1.4081E+000  
 2.7057E+000  -9.7885E-001  -1.6961E+000  -8.0387E-002  -7.2913E-001   4.2103E-001   7.4588E-002   4.3491E-002  -5.0875E-005  -7.3341E-002  -1.6781E-001   1.3224E-001  -2.2902E-001   2.1402E-001   3.7111E-001  -8.2967E-002  -1.4465E-001   7.6424E-001   1.6318E-004   2.9129E-003  -4.8413E-003  -8.2624E-002   2.9404E-001   1.2896E+000  
 2.8459E+000   5.6298E-001  -9.7472E-001   1.7625E-001  -2.9736E-002  -1.7123E-002   2.3168E-001  -1.3329E-001  -1.2918E-005   4.6100E-001  -3.2820E-002  -1.6769E-001  -2.9048E-001  -2.0045E-001   3.4779E-001  -6.6162E-002   1.1575E-001   6.4056E-001  -1.8264E-004   7.4154E-003   1.2537E-002   5.5030E-002   2.9817E-001   1.4124E+000  
 2.7057E+000   1.9588E+000  -1.6632E-005  -8.1871E-002   1.6715E-005  -8.4288E-001   9.8592E-007  -8.5584E-002   5.7873E-006  -7.3244E-002  -1.6803E-001  -2.6478E-001   1.3169E-005  -4.2897E-001   2.2087E-005   1.6775E-001  -1.4660E-006   7.6479E-001  -3.7613E-005  -5.6023E-003   1.3766E-006  -8.3946E-002   2.9434E-001   1.2851E+000  
 2.8459E+000   5.6295E-001   9.7473E-001   1.7625E-001   2.9751E-002  -1.7098E-002  -2.3168E-001  -1.3328E-001   2.3123E-005   4.6100E-001  -3.2820E-002  -1.6766E-001   2.9049E-001  -2.0049E-001  -3.4777E-001  -6.6160E-002  -1.1575E-001   6.4056E-001   1.0565E-004   7.4140E-003  -1.2538E-002   5.5029E-002   2.9817E-001   1.4124E+000  
 2.7057E+000  -9.7883E-001   1.6961E+000  -8.0388E-002   7.2911E-001   4.2106E-001  -7.4590E-002   4.3486E-002   6.0594E-005  -7.3341E-002  -1.6781E-001   1.3226E-001   2.2901E-001   2.1398E-001  -3.7113E-001  -8.2969E-002   1.4465E-001   7.6424E-001  -2.4210E-004   2.9206E-003   4.8390E-003  -8.2626E-002   2.9404E-001   1.2896E+000  
 2.6702E+000  -1.1694E+000  -1.4717E+000  -1.0557E-002  -6.2532E-001   2.5522E-001   8.1970E-002   7.7671E-002   1.5898E-001  -1.8203E-002  -1.3184E-001   1.5108E-001  -1.5705E-001   2.9515E-001   2.7271E-001  -5.4228E-002  -9.8398E-002   7.2398E-001  -5.3814E-002   4.3021E-003  -1.0446E-002  -5.9484E-002   3.0531E-001   1.2470E+000  
 2.7541E+000   1.0852E+000  -7.8280E-001   1.4677E-001   3.7197E-002  -2.5524E-001   1.5133E-001  -1.5564E-001   1.9496E-001   3.3572E-001  -4.9016E-002  -1.5110E-001  -2.3720E-001  -2.7035E-001   2.7274E-001  -3.6796E-002   8.0970E-002   6.4210E-001  -2.8142E-002  -1.8197E-003   1.6568E-002   3.2623E-002   3.0743E-001   1.3503E+000  
 2.7541E+000   1.0851E+000   7.8279E-001   1.4677E-001  -3.7170E-002  -2.5522E-001  -1.5134E-001  -1.5564E-001  -1.9495E-001   3.3572E-001  -4.9009E-002  -1.5108E-001   2.3723E-001  -2.7039E-001  -2.7271E-001  -3.6804E-002  -8.0974E-002   6.4210E-001   2.8064E-002  -1.8196E-003  -1.6565E-002   3.2627E-002   3.0743E-001   1.3503E+000  
 2.6702E+000  -1.1694E+000   1.4717E+000  -1.0548E-002   6.2529E-001   2.5524E-001  -8.1978E-002   7.7675E-002  -1.5897E-001  -1.8207E-002  -1.3183E-001   1.5110E-001   1.5702E-001   2.9512E-001  -2.7274E-001  -5.4220E-002   9.8393E-002   7.2398E-001   5.3735E-002   4.3079E-003   1.0446E-002  -5.9480E-002   3.0531E-001   1.2470E+000  
