-1.4189E-001  -5.2794E+000  -1.8429E+000   4.4831E-002   1.0057E-005   1.0988E-005  -2.4443E-001  -7.0022E-001  -9.2513E-006   2.3266E-005   8.0507E-002  -5.1380E-006  -4.1894E-006  -2.4959E-005   6.1652E-005   1.2725E-001   4.4423E-002   4.7001E-005  -1.7321E-005   6.9482E-004  -2.1386E-004  -2.6467E-002   2.4986E-002   1.2416E-001  
-2.7059E-001  -5.9955E+000  -1.8404E+000   5.3217E-002  -2.7492E-002  -1.9996E-002  -2.4426E-001  -6.9829E-001   5.8871E-004   4.0000E-003   7.9577E-002   3.8218E-002   1.0425E-002  -8.6162E-007   1.8390E-005   1.4017E-001   4.4406E-002  -1.4086E-003  -3.6512E-004   6.9369E-004  -2.1075E-004  -2.5531E-002   2.6135E-002   1.6319E-001  
-2.0306E-001  -5.6351E+000  -2.4689E+000   5.7086E-002  -3.1078E-002  -4.4939E-002  -2.4316E-001  -6.9911E-001   1.1738E-003  -3.6061E-003   7.8695E-002   1.7268E-003   3.8330E-002   2.2367E-005  -3.1604E-006   1.3369E-001   5.5661E-002   1.3312E-003  -7.0219E-004   7.0420E-004  -2.1004E-004  -2.5446E-002   2.6301E-002   1.6434E-001  
 1.3852E-001  -4.9030E+000  -2.4799E+000   7.6597E-002  -1.0533E-001   3.3841E-002  -2.4385E-001  -6.9997E-001  -1.7815E-003   1.9548E-003   7.4238E-002  -2.8157E-002   1.3401E-002  -1.2429E-004  -1.8486E-005   1.2064E-001   5.5732E-002  -2.4998E-004   1.0042E-003   7.0548E-004  -2.1901E-004  -2.5103E-002   2.6975E-002   1.4142E-001  
 4.1257E-001  -4.5236E+000  -1.8404E+000   9.2268E-002   2.7512E-002   1.3749E-001  -2.4426E-001  -6.9955E-001   5.7796E-004  -5.0133E-004   7.0646E-002  -2.1498E-002  -1.0433E-002  -6.8247E-005   1.0466E-004   1.1402E-001   4.4406E-002  -4.0754E-004  -3.6341E-004   7.0515E-004  -2.0793E-004  -2.4802E-002   2.7446E-002   1.4181E-001  
 3.4504E-001  -4.8992E+000  -1.1942E+000   8.8400E-002   1.3284E-001  -1.3774E-002  -2.4424E-001  -6.9973E-001   1.1587E-003   9.0507E-004   7.1530E-002  -1.0101E-002  -2.3833E-002  -6.6526E-005   1.4067E-004   1.2062E-001   3.3014E-002   3.4261E-004  -7.0748E-004   7.0754E-004  -2.0215E-004  -2.4885E-002   2.7352E-002   1.4072E-001  
 3.4585E-003  -5.6389E+000  -1.2052E+000   6.8890E-002   3.6103E-003  -9.2555E-002  -2.4493E-001  -6.9935E-001  -1.7858E-003  -2.5787E-003   7.5987E-002   1.9782E-002  -2.7915E-002   8.0191E-005   1.2705E-004   1.3372E-001   3.3084E-002   7.4313E-004   9.9720E-004   6.9748E-004  -2.1395E-004  -2.5228E-002   2.6717E-002   1.4814E-001  
 7.4752E-002  -6.6675E+000  -1.8306E+000   1.0870E-001  -6.0878E-002   3.3788E-002  -2.4356E-001  -6.7824E-001   2.8915E-003   3.4588E-002   6.2342E-002   1.0047E-001   2.3017E-002  -3.4977E-004  -1.1473E-004   1.4798E-001   4.4238E-002  -9.6156E-003  -1.6134E-003   5.8045E-004  -2.2915E-004  -2.2628E-002   2.7184E-002   1.8355E-001  
 2.2381E-001  -5.9619E+000  -3.0737E+000   1.1744E-001  -1.3127E-003  -1.3847E-001  -2.2755E-001  -6.8848E-001   5.7323E-003  -3.2929E-002   6.0122E-002  -4.3148E-003   9.8682E-002   4.1278E-004   1.4499E-004   1.3755E-001   6.3020E-002   8.9146E-003  -3.1584E-003   6.8381E-004  -1.1608E-004  -2.2204E-002   2.8927E-002   2.0543E-001  
 9.7786E-001  -4.4957E+000  -3.1272E+000   1.6180E-001  -3.0021E-001   3.6222E-002  -2.3205E-001  -7.0436E-001  -8.6224E-003   2.4800E-002   4.8882E-002  -7.0694E-002   1.4763E-002  -3.5784E-004  -4.1668E-004   1.1486E-001   6.4721E-002  -4.6820E-003   4.7160E-003   7.7020E-004  -2.1550E-004  -1.9812E-002   3.4894E-002   1.8746E-001  
 1.5829E+000  -3.6976E+000  -1.8306E+000   1.9738E-001   6.0899E-002   3.8122E-001  -2.4356E-001  -7.0687E-001   2.8678E-003  -1.8139E-002   3.9861E-002  -2.9701E-002  -2.3026E-002  -2.0518E-004   2.3663E-004   1.0140E-001   4.4238E-002   1.5291E-003  -1.6094E-003   7.1477E-004  -2.2287E-004  -1.7940E-002   3.7155E-002   1.8803E-001  
 1.4338E+000  -4.4770E+000  -5.0177E-001   1.8862E-001   3.6077E-001  -6.9003E-002  -2.5235E-001  -7.0279E-001   5.7064E-003   1.9823E-002   4.2087E-002  -3.1083E-002  -3.7326E-002  -2.1609E-004   4.2379E-004   1.1428E-001   2.2688E-002  -2.1896E-003  -3.1682E-003   7.4150E-004  -1.8629E-004  -1.8381E-002   3.6815E-002   1.8631E-001  
 6.7974E-001  -5.9806E+000  -5.5522E-001   1.4426E-001  -5.9211E-002  -2.4370E-001  -2.5685E-001  -6.9005E-001  -8.6244E-003  -2.8001E-002   5.3326E-002   3.5297E-002  -7.6135E-002   5.5483E-004   9.1553E-005   1.3813E-001   2.4389E-002   6.4323E-003   4.7021E-003   7.0217E-004  -2.9198E-004  -2.0772E-002   3.2986E-002   1.9900E-001  
 6.3039E-001  -6.8962E+000  -1.8166E+000   1.2252E-001  -8.8962E-002  -5.4997E-002  -2.4206E-001  -6.2304E-001   6.1226E-003   1.0932E-001   2.8321E-002   1.5090E-001   3.3161E-002  -2.0373E-003  -2.2923E-004   1.4003E-001   4.3475E-002  -2.6256E-002  -2.8335E-003   1.6528E-004  -1.8074E-004  -2.0268E-002   2.5167E-002   1.6377E-001  
 8.4766E-001  -6.0632E+000  -3.3047E+000   1.3589E-001  -9.2529E-002  -1.5002E-001  -1.8350E-001  -6.5962E-001   1.2119E-002  -1.0572E-001   2.4087E-002  -9.2973E-003   1.4754E-001   1.4668E-003   1.5170E-003   1.3279E-001   5.7822E-002   2.4915E-002  -5.5348E-003   3.4924E-004   2.3077E-004  -1.9127E-002   3.0001E-002   2.0852E-001  
 1.9469E+000  -4.2789E+000  -3.4193E+000   2.0402E-001  -3.4654E-001   1.0611E-001  -1.9604E-001  -7.2001E-001  -1.8229E-002   8.7951E-002   2.4035E-003  -1.0525E-001   1.5400E-002   2.7226E-004  -2.1538E-003   1.1332E-001   6.2848E-002  -1.7941E-002   8.3562E-003   1.0638E-003   6.0438E-004  -1.2743E-002   4.3230E-002   2.3259E-001  
 2.8292E+000  -3.2473E+000  -1.8166E+000   2.5861E-001   8.8985E-002   4.4933E-001  -2.4206E-001  -7.3516E-001   6.0876E-003  -7.3562E-002  -1.4783E-002  -3.5587E-002  -3.3169E-002  -2.0055E-003   3.4946E-004   9.7453E-002   4.3474E-002   1.2442E-002  -2.8273E-003   1.8100E-003  -1.7180E-004  -7.6744E-003   4.6431E-002   2.2023E-001  
 2.6115E+000  -4.2389E+000  -1.4464E-001   2.4520E-001   4.3410E-001  -4.7129E-002  -2.8051E-001  -7.1563E-001   1.2087E-002   7.7124E-002  -1.0681E-002  -4.8350E-002  -4.7602E-002   5.4235E-004   2.1506E-003   1.1157E-001   2.1035E-002  -1.3769E-002  -5.5706E-003   1.1807E-003  -1.1878E-003  -8.9088E-003   4.6068E-002   2.1565E-001  
 1.5123E+000  -6.1032E+000  -2.5924E-001   1.7707E-001   4.9994E-003  -3.0326E-001  -2.9305E-001  -6.6400E-001  -1.8226E-002  -9.4962E-002   1.1003E-002   4.7602E-002  -1.1535E-001   1.7374E-003  -1.2735E-003   1.3454E-001   2.6060E-002   2.0758E-002   8.3141E-003   2.1767E-004  -8.2303E-004  -1.5293E-002   3.9551E-002   2.3360E-001  
 1.0654E+000  -6.7178E+000  -1.8025E+000   5.2003E-002  -1.0939E-001  -3.8256E-001  -2.4016E-001  -5.4170E-001   9.7645E-003   2.1583E-001  -1.9381E-002   1.7043E-001   4.0808E-002  -6.6344E-003   1.0524E-005   1.2025E-001   4.2835E-002  -4.9801E-002  -3.4368E-003  -1.1588E-003   2.3558E-004  -1.9243E-002   2.4357E-002   1.6028E-001  
 1.3324E+000  -5.9610E+000  -3.1836E+000   6.8660E-002  -3.8691E-001  -2.6826E-002  -1.1789E-001  -6.1748E-001   1.9258E-002  -2.0989E-001  -2.5818E-002  -3.7131E-003   1.6819E-001   3.5411E-003   5.9348E-003   1.2212E-001   4.1849E-002   4.8331E-002  -6.8201E-003  -1.1418E-003   1.2040E-003  -1.7921E-002   3.1320E-002   2.1494E-001  
 2.6837E+000  -4.2638E+000  -3.3613E+000   1.5223E-001  -1.5031E-001   2.8975E-001  -1.4042E-001  -7.4560E-001  -2.9123E-002   1.8037E-001  -5.8589E-002  -1.2097E-001   3.4010E-002   3.9105E-003  -6.9953E-003   1.2055E-001   4.6811E-002  -4.0671E-002   1.0195E-002   1.3404E-003   3.5223E-003  -1.1403E-002   4.7512E-002   2.7817E-001  
 3.7685E+000  -3.1994E+000  -1.8025E+000   2.1936E-001   1.0942E-001   2.3128E-001  -2.4016E-001  -7.8237E-001   9.7206E-003  -1.5657E-001  -8.4746E-002  -6.2424E-002  -4.0816E-002  -9.0185E-003   1.0871E-004   1.1338E-001   4.2834E-002   3.4783E-002  -3.4296E-003   5.3415E-003   2.4575E-004  -6.1047E-003   4.9759E-002   2.3343E-001  
 3.5008E+000  -4.2018E+000  -1.3641E-001   2.0283E-001   2.5634E-001   1.0222E-001  -3.2637E-001  -7.3774E-001   1.9359E-002   1.6242E-001  -7.8301E-002  -5.0423E-002  -7.4547E-002   4.3642E-003   7.7283E-003   1.1880E-001   3.5774E-002  -3.6097E-002  -6.7636E-003   2.1604E-003  -4.5202E-003  -7.4173E-003   4.9959E-002   2.2083E-001  
 2.1495E+000  -6.0230E+000  -3.1408E-001   1.1925E-001   2.8091E-001  -2.1436E-001  -3.4891E-001  -6.2534E-001  -2.8977E-002  -1.9204E-001  -4.5529E-002   6.6837E-002  -1.2767E-001   3.9954E-003  -6.4296E-003   1.2387E-001   4.0733E-002   4.3773E-002   1.0244E-002  -1.9785E-003  -2.2118E-003  -1.3935E-002   4.3442E-002   2.8286E-001  
 1.2835E+000  -6.4196E+000  -1.7927E+000  -4.0847E-002  -1.2064E-001  -7.3862E-001  -2.3858E-001  -4.6981E-001   1.2728E-002   3.0727E-001  -5.8862E-002   1.6859E-001   4.5651E-002  -1.0390E-002   5.3126E-004   1.0223E-001   4.2683E-002  -6.8258E-002  -3.3965E-003  -1.4849E-003   6.8204E-004  -1.9108E-002   2.4309E-002   1.5170E-001  
 1.5785E+000  -5.8033E+000  -2.9491E+000  -2.3310E-002  -7.0149E-001   1.2918E-001  -5.9872E-002  -5.8027E-001   2.5126E-002  -2.9921E-001  -6.6962E-002   7.1708E-003   1.6840E-001   4.7149E-003   1.0049E-002   1.1249E-001   2.5902E-002   6.7006E-002  -6.6530E-003  -2.1653E-003   1.1529E-003  -1.8181E-002   3.2019E-002   2.1862E-001  
 3.0707E+000  -4.3394E+000  -3.1722E+000   6.5577E-002   1.1262E-001   4.8032E-001  -9.1807E-002  -7.6817E-001  -3.7915E-002   2.5933E-001  -1.0864E-001  -1.2244E-001   6.0035E-002   8.2056E-003  -1.1446E-002   1.3023E-001   2.8848E-002  -6.0533E-002   1.0111E-002   8.4675E-004   5.3504E-003  -1.2647E-002   4.9132E-002   2.9499E-001  
 4.2688E+000  -3.3364E+000  -1.7927E+000   1.3663E-001   1.2067E-001  -6.9939E-002  -2.3858E-001  -8.2349E-001   1.2678E-002  -2.2723E-001  -1.4174E-001  -9.7780E-002  -4.5657E-002  -1.6464E-002  -4.1193E-004   1.3563E-001   4.2681E-002   5.5501E-002  -3.3894E-003   7.4330E-003   6.9231E-004  -8.2815E-003   5.0250E-002   2.3069E-001  
 3.9731E+000  -4.2615E+000  -2.7834E-001   1.1917E-001   2.1246E-003   2.7478E-001  -3.6613E-001  -7.5704E-001   2.5166E-002   2.3509E-001  -1.3367E-001  -4.2608E-002  -1.0694E-001   8.7783E-003   1.3407E-002   1.2929E-001   5.4805E-002  -5.6668E-002  -6.7061E-003   2.3243E-003  -6.5445E-003  -9.4129E-003   5.0830E-002   2.4855E-001  
 2.4809E+000  -5.8812E+000  -5.0143E-001   3.0288E-002   5.8676E-001  -7.6378E-002  -3.9808E-001  -5.9140E-001  -3.7825E-002  -2.7507E-001  -9.1990E-002   8.7003E-002  -1.2152E-001   5.2880E-003  -1.1772E-002   1.1342E-001   5.7747E-002   6.3158E-002   1.0051E-002  -3.6598E-003  -2.3570E-003  -1.4946E-002   4.5047E-002   3.0003E-001  
 1.3131E+000  -6.1018E+000  -2.7552E+000  -1.6058E-002  -6.4568E-001  -1.5642E-001  -9.8971E-002  -5.4456E-001   2.1358E-001  -1.9117E-001  -5.2572E-002   5.8874E-002   1.6384E-001   1.0319E-002   2.9007E-004   1.1082E-001   3.1321E-002   4.2247E-002  -4.8697E-002   1.4453E-003   2.1565E-003  -1.8924E-002   2.6355E-002   1.7462E-001  
 3.3872E+000  -3.9336E+000  -3.0024E+000   1.0873E-001   1.7953E-001   3.2416E-001  -1.3355E-001  -7.8993E-001   1.4141E-001   1.8810E-001  -1.0869E-001  -1.2207E-001   1.9616E-002   1.3076E-002   1.1489E-003   1.2959E-001   3.5184E-002  -4.5403E-002  -3.2117E-002  -4.7330E-003   1.9022E-003  -1.0769E-002   5.0321E-002   2.7412E-001  
 4.1112E+000  -3.8473E+000  -5.0067E-001   1.5228E-001  -1.6794E-002   1.5644E-001  -3.3228E-001  -7.7787E-001  -1.4039E-001   1.6273E-001  -1.2828E-001  -5.8882E-002  -8.3667E-002   1.4410E-002  -1.7057E-004   1.2824E-001   4.8745E-002  -3.9628E-002   3.3187E-002  -4.6864E-003  -3.9610E-003  -7.9319E-003   5.0446E-002   2.2865E-001  
 2.0371E+000  -6.1881E+000  -7.4792E-001   2.7494E-002   4.8298E-001  -3.2415E-001  -3.6686E-001  -5.5662E-001  -2.1249E-001  -1.6589E-001  -7.2163E-002   1.2206E-001  -9.9805E-002   1.1654E-002  -1.0302E-003   1.1216E-001   5.2607E-002   3.6486E-002   4.9757E-002   1.3848E-003  -4.2296E-003  -1.6088E-002   4.0481E-002   2.7137E-001  
