-8.7569E-002   1.5384E-006   2.5468E-005   5.8046E-002   1.2315E-007   1.5413E-007   1.5142E-005   2.8369E-007   1.0018E+000   1.1606E-004   8.0324E-002   2.2272E-008   2.4566E-008  -6.7323E-006  -2.0277E-007  -5.2438E-008   4.5240E-005  -1.2826E-005  -1.1727E-001   2.9546E-007   2.2194E-005  -2.6443E-002   2.1496E-002   7.7196E-002  
 1.2529E-001  -7.3631E-001  -2.5296E-003   8.5955E-002   7.5896E-002   5.8742E-002  -2.5479E-004   5.8633E-004   1.0004E+000   2.3689E-003   7.4928E-002   8.3653E-003  -9.8601E-003  -1.8077E-005  -1.4698E-002   1.3089E-002   8.7374E-005  -5.1408E-004  -1.1690E-001  -6.1902E-006   3.1991E-004  -2.5143E-002   2.2170E-002   9.0920E-002  
 1.2528E-001  -3.7037E-001  -6.3635E-001   8.5961E-002   8.8806E-002   3.6368E-002   6.6322E-004   5.3017E-005   1.0004E+000  -2.1479E-003   7.4919E-002  -1.2724E-002   2.3206E-003   1.2730E-002  -7.3424E-003   6.5743E-003   1.1381E-002   4.7867E-004  -1.1688E-001  -2.5546E-004  -1.2369E-004  -2.5133E-002   2.2179E-002   9.0680E-002  
 1.2528E-001   3.7037E-001  -6.3635E-001   8.5961E-002  -8.8821E-002   3.6359E-002   6.6309E-004  -5.2373E-005   1.0004E+000   2.3795E-003   7.4919E-002  -1.2722E-002  -2.3185E-003   1.2731E-002   7.3390E-003  -6.5743E-003   1.1381E-002  -5.0445E-004  -1.1688E-001   2.5612E-004  -1.2368E-004  -2.5133E-002   2.2179E-002   9.0695E-002  
 1.2529E-001   7.3632E-001  -2.5298E-003   8.5955E-002  -7.5895E-002   5.8724E-002  -2.5481E-004  -5.8607E-004   1.0004E+000  -2.1373E-003   7.4928E-002   8.3676E-003   9.8601E-003  -1.4737E-005   1.4697E-002  -1.3089E-002   8.7355E-005   4.8824E-004  -1.1690E-001   6.7425E-006   3.1990E-004  -2.5142E-002   2.2170E-002   9.0927E-002  
 1.2529E-001   3.6594E-001   6.3898E-001   8.5950E-002   1.2934E-002  -9.5101E-002  -3.5083E-004  -5.3059E-004   1.0004E+000   2.3722E-003   7.4940E-002   4.3580E-003   1.2187E-002  -1.2737E-002   7.3565E-003  -6.5136E-003  -1.1288E-002  -5.1165E-004  -1.1689E-001  -2.4904E-004  -1.1710E-004  -2.5149E-002   2.2163E-002   9.2510E-002  
 1.2529E-001  -3.6594E-001   6.3898E-001   8.5950E-002  -1.2919E-002  -9.5092E-002  -3.5095E-004   5.3121E-004   1.0004E+000  -2.1405E-003   7.4940E-002   4.3567E-003  -1.2190E-002  -1.2739E-002  -7.3539E-003   6.5136E-003  -1.1288E-002   4.8586E-004  -1.1689E-001   2.4976E-004  -1.1708E-004  -2.5149E-002   2.2163E-002   9.2513E-002  
 8.8307E-001  -1.4858E+000  -1.2626E-002   1.6625E-001   1.6816E-001   2.0750E-001  -1.2115E-003   1.4229E-002   9.9495E-001   2.6485E-002   5.0919E-002   3.5394E-002  -2.1995E-002  -2.6320E-004  -3.2354E-002   2.3313E-002   2.0083E-005  -5.5866E-003  -1.1516E-001  -6.8260E-005   1.4378E-003  -2.0260E-002   2.5788E-002   1.4316E-001  
 8.8302E-001  -7.5383E-001  -1.2803E+000   1.6626E-001   2.6377E-001   4.1902E-002   1.2947E-002   6.0340E-003   9.9495E-001  -2.6278E-002   5.0919E-002  -3.6742E-002   1.9698E-002   2.8148E-002  -1.5950E-002   1.1607E-002   2.0273E-002   5.5333E-003  -1.1514E-001  -1.2557E-003  -6.4944E-004  -2.0233E-002   2.5805E-002   1.4337E-001  
 8.8302E-001   7.5383E-001  -1.2804E+000   1.6626E-001  -2.6380E-001   4.1882E-002   1.2946E-002  -6.0333E-003   9.9495E-001   2.6508E-002   5.0919E-002  -3.6739E-002  -1.9693E-002   2.8152E-002   1.5942E-002  -1.1607E-002   2.0273E-002  -5.5589E-003  -1.1514E-001   1.2562E-003  -6.4955E-004  -2.0233E-002   2.5805E-002   1.4338E-001  
 8.8307E-001   1.4858E+000  -1.2627E-002   1.6625E-001  -1.6816E-001   2.0747E-001  -1.2115E-003  -1.4228E-002   9.9495E-001  -2.6254E-002   5.0919E-002   3.5400E-002   2.1995E-002  -2.5585E-004   3.2354E-002  -2.3313E-002   2.0095E-005   5.5611E-003  -1.1516E-001   6.9269E-005   1.4378E-003  -2.0261E-002   2.5787E-002   1.4315E-001  
 8.8302E-001   7.3190E-001   1.2931E+000   1.6621E-001   9.5652E-002  -2.4939E-001  -1.1699E-002  -8.1920E-003   9.9494E-001   2.6495E-002   5.0925E-002   1.3477E-003   4.1677E-002  -2.7915E-002   1.6396E-002  -1.1691E-002  -2.0105E-002  -5.5749E-003  -1.1515E-001  -1.1912E-003  -7.2243E-004  -2.0304E-002   2.5777E-002   1.4556E-001  
 8.8302E-001  -7.3189E-001   1.2931E+000   1.6621E-001  -9.5618E-002  -2.4937E-001  -1.1699E-002   8.1927E-003   9.9494E-001  -2.6264E-002   5.0925E-002   1.3448E-003  -4.1682E-002  -2.7919E-002  -1.6390E-002   1.1691E-002  -2.0105E-002   5.5493E-003  -1.1515E-001   1.1918E-003  -7.2252E-004  -2.0304E-002   2.5777E-002   1.4554E-001  
 1.7839E+000  -1.8257E+000  -2.7577E-002   2.0376E-001   2.4677E-001   1.9716E-001  -2.2721E-003   5.5935E-002   9.8657E-001   9.1567E-002   6.5903E-003   5.7673E-002  -3.3182E-002  -2.0091E-003  -4.7250E-002   2.1328E-002  -6.5999E-004  -1.9364E-002  -1.1225E-001  -8.2401E-004   2.7254E-003  -1.3949E-002   3.1602E-002   1.8997E-001  
 1.7837E+000  -9.3670E-001  -1.5673E+000   2.0377E-001   2.9411E-001   1.1515E-001   4.9560E-002   2.5946E-002   9.8657E-001  -9.1318E-002   6.5165E-003  -5.7585E-002   3.3387E-002   4.1961E-002  -2.1855E-002   9.9949E-003   1.8822E-002   1.9328E-002  -1.1220E-001  -2.7531E-003  -6.0937E-004  -1.3948E-002   3.1593E-002   1.9439E-001  
 1.7837E+000   9.3671E-001  -1.5673E+000   2.0377E-001  -2.9416E-001   1.1512E-001   4.9560E-002  -2.5945E-002   9.8657E-001   9.1546E-002   6.5167E-003  -5.7581E-002  -3.3380E-002   4.1966E-002   2.1844E-002  -9.9948E-003   1.8822E-002  -1.9353E-002  -1.1220E-001   2.7534E-003  -6.0987E-004  -1.3948E-002   3.1594E-002   1.9440E-001  
 1.7839E+000   1.8257E+000  -2.7577E-002   2.0376E-001  -2.4677E-001   1.9711E-001  -2.2721E-003  -5.5935E-002   9.8657E-001  -9.1339E-002   6.5901E-003   5.7681E-002   3.3182E-002  -1.9985E-003   4.7250E-002  -2.1328E-002  -6.5996E-004   1.9339E-002  -1.1225E-001   8.2545E-004   2.7255E-003  -1.3949E-002   3.1601E-002   1.8996E-001  
 1.7837E+000   8.8888E-001   1.5949E+000   2.0370E-001   4.7405E-002  -3.1229E-001  -4.7234E-002  -2.9938E-002   9.8656E-001   9.1555E-002   6.5316E-003  -6.6050E-005   6.6584E-002  -3.9916E-002   2.5401E-002  -1.1265E-002  -1.8032E-002  -1.9361E-002  -1.1224E-001  -1.9117E-003  -2.0314E-003  -1.4043E-002   3.1560E-002   1.9416E-001  
 1.7837E+000  -8.8887E-001   1.5949E+000   2.0370E-001  -4.7355E-002  -3.1227E-001  -4.7234E-002   2.9939E-002   9.8656E-001  -9.1326E-002   6.5314E-003  -7.0095E-005  -6.6592E-002  -3.9921E-002  -2.5392E-002   1.1266E-002  -1.8032E-002   1.9336E-002  -1.1224E-001   1.9123E-003  -2.0320E-003  -1.4043E-002   3.1560E-002   1.9416E-001  
 2.4709E+000  -1.7607E+000  -4.3060E-002   1.4886E-001   3.0410E-001  -7.5645E-002  -4.3467E-003   1.2018E-001   9.7647E-001   1.8632E-001  -5.2238E-002   5.4025E-002  -4.3149E-002  -7.8152E-003  -6.0079E-002   3.4790E-003  -1.9388E-003  -4.2306E-002  -1.1138E-001  -3.2518E-003   2.2241E-003  -1.2652E-002   3.4239E-002   1.9312E-001  
 2.4706E+000  -9.1766E-001  -1.5034E+000   1.4893E-001   8.6670E-002   3.0109E-001   1.0627E-001   5.6253E-002   9.7646E-001  -1.8607E-001  -5.2291E-002  -6.4424E-002   2.5272E-002   5.5961E-002  -2.3272E-002  -4.9514E-005   4.0430E-003   4.2190E-002  -1.1136E-001  -3.5757E-003   1.7249E-003  -1.2636E-002   3.4257E-002   1.9527E-001  
 2.4706E+000   9.1767E-001  -1.5034E+000   1.4893E-001  -8.6730E-002   3.0106E-001   1.0627E-001  -5.6252E-002   9.7646E-001   1.8629E-001  -5.2291E-002  -6.4418E-002  -2.5263E-002   5.5968E-002   2.3259E-002   5.0087E-005   4.0422E-003  -4.2215E-002  -1.1136E-001   3.5761E-003   1.7245E-003  -1.2637E-002   3.4257E-002   1.9528E-001  
 2.4709E+000   1.7607E+000  -4.3061E-002   1.4886E-001  -3.0410E-001  -7.5716E-002  -4.3467E-003  -1.2018E-001   9.7647E-001  -1.8610E-001  -5.2238E-002   5.4035E-002   4.3149E-002  -7.8018E-003   6.0079E-002  -3.4798E-003  -1.9388E-003   4.2281E-002  -1.1138E-001   3.2533E-003   2.2242E-003  -1.2652E-002   3.4239E-002   1.9312E-001  
 2.4706E+000   8.4304E-001   1.5464E+000   1.4892E-001  -2.1732E-001  -2.2569E-001  -1.0195E-001  -6.3853E-002   9.7659E-001   1.8629E-001  -5.2178E-002   1.0274E-002   6.8418E-002  -4.8021E-002   3.6814E-002  -3.4188E-003  -2.1158E-003  -4.2243E-002  -1.1131E-001  -2.6258E-004  -4.0029E-003  -1.2658E-002   3.4330E-002   1.9390E-001  
 2.4706E+000  -8.4303E-001   1.5464E+000   1.4892E-001   2.1738E-001  -2.2565E-001  -1.0195E-001   6.3855E-002   9.7659E-001  -1.8606E-001  -5.2178E-002   1.0268E-002  -6.8428E-002  -4.8028E-002  -3.6803E-002   3.4195E-003  -2.1167E-003   4.2218E-002  -1.1131E-001   2.6325E-004  -4.0035E-003  -1.2658E-002   3.4330E-002   1.9389E-001  
 2.8301E+000  -1.5433E+000  -5.4392E-002   6.1068E-002   3.3532E-001  -4.0429E-001  -6.8548E-003   1.7668E-001   9.6760E-001   2.6738E-001  -1.0047E-001   3.5431E-002  -5.0711E-002  -1.3416E-002  -6.9343E-002  -1.6645E-002  -3.4564E-003  -6.1893E-002  -1.1253E-001  -4.4605E-003   7.9952E-004  -1.3673E-002   3.4777E-002   2.1042E-001  
 2.8297E+000  -8.1884E-001  -1.3096E+000   6.1123E-002  -1.8212E-001   4.9237E-001   1.5648E-001   8.2339E-002   9.6762E-001  -2.6707E-001  -1.0049E-001  -6.1603E-002   5.4153E-003   6.6807E-002  -2.3005E-002  -1.1402E-002  -1.2695E-002   6.1796E-002  -1.1251E-001  -2.9343E-003   3.4492E-003  -1.3728E-002   3.4846E-002   2.2321E-001  
 2.8297E+000   8.1885E-001  -1.3097E+000   6.1121E-002   1.8205E-001   4.9233E-001   1.5648E-001  -8.2337E-002   9.6762E-001   2.6729E-001  -1.0049E-001  -6.1597E-002  -5.4036E-003   6.6814E-002   2.2991E-002   1.1403E-002  -1.2696E-002  -6.1822E-002  -1.1251E-001   2.9347E-003   3.4487E-003  -1.3729E-002   3.4845E-002   2.2319E-001  
 2.8301E+000   1.5433E+000  -5.4393E-002   6.1070E-002  -3.3531E-001  -4.0436E-001  -6.8548E-003  -1.7668E-001   9.6760E-001  -2.6716E-001  -1.0047E-001   3.5444E-002   5.0711E-002  -1.3401E-002   6.9343E-002   1.6643E-002  -3.4565E-003   6.1868E-002  -1.1253E-001   4.4618E-003   7.9963E-004  -1.3672E-002   3.4778E-002   2.1043E-001  
 2.8297E+000   7.2463E-001   1.3640E+000   6.1094E-002  -5.1733E-001  -8.8401E-002  -1.4949E-001  -9.4264E-002   9.6769E-001   2.6728E-001  -1.0049E-001   2.6145E-002   5.6112E-002  -5.3279E-002   4.6340E-002   5.3511E-003   1.6113E-002  -6.1882E-002  -1.1256E-001   1.5660E-003  -4.2518E-003  -1.3821E-002   3.4811E-002   2.1447E-001  
 2.8297E+000  -7.2462E-001   1.3640E+000   6.1096E-002   5.1740E-001  -8.8362E-002  -1.4949E-001   9.4266E-002   9.6769E-001  -2.6706E-001  -1.0049E-001   2.6138E-002  -5.6124E-002  -5.3287E-002  -4.6326E-002  -5.3499E-003   1.6111E-002   6.1856E-002  -1.1256E-001  -1.5654E-003  -4.2522E-003  -1.3821E-002   3.4811E-002   2.1447E-001  
 2.7601E+000  -1.1839E+000  -1.1318E+000   7.4557E-002  -1.0134E-001   2.3316E-001   1.1330E-001   1.0700E-001   1.1451E+000  -1.7537E-001  -9.4199E-002  -3.4756E-002   1.6522E-003   6.0882E-002  -4.7621E-002  -1.5478E-002  -1.2282E-002   4.1973E-002  -1.5414E-001   1.9082E-003   3.2620E-003  -1.6990E-002   3.3926E-002   1.8915E-001  
 2.7601E+000   1.1839E+000  -1.1318E+000   7.4556E-002   1.0129E-001   2.3311E-001   1.1330E-001  -1.0699E-001   1.1451E+000   1.7560E-001  -9.4200E-002  -3.4747E-002  -1.6431E-003   6.0892E-002   4.7609E-002   1.5478E-002  -1.2283E-002  -4.1998E-002  -1.5414E-001  -1.9078E-003   3.2621E-003  -1.6991E-002   3.3926E-002   1.8915E-001  
 2.7721E+000   1.0729E+000   1.1251E+000   8.8018E-002  -5.6123E-001  -2.3316E-001  -1.1977E-001  -1.2608E-001   7.9114E-001   1.7856E-001  -8.6996E-002   3.4756E-002   7.8586E-002  -3.6120E-002   4.7620E-002   1.8729E-003   5.0689E-003  -3.9904E-002  -7.2259E-002  -4.2118E-003  -2.8614E-003  -9.8233E-003   3.4793E-002   1.8463E-001  
 2.7721E+000  -1.0729E+000   1.1251E+000   8.8020E-002   5.6128E-001  -2.3311E-001  -1.1977E-001   1.2608E-001   7.9114E-001  -1.7834E-001  -8.6996E-002   3.4747E-002  -7.8595E-002  -3.6130E-002  -4.7610E-002  -1.8718E-003   5.0676E-003   3.9879E-002  -7.2259E-002   4.2124E-003  -2.8615E-003  -9.8225E-003   3.4793E-002   1.8462E-001  
