-1.4153E-001  -8.2376E+000  -2.9224E+000   4.4779E-002  -2.1926E-005  -6.9576E-006   1.0506E-001   2.9622E-001  -9.0068E-005   2.8065E-004   8.0516E-002  -2.1778E-005  -1.4433E-005  -1.2300E-006  -1.8133E-005   5.6703E-001   2.0117E-001   4.5048E-004  -1.4661E-004  -1.7466E-003   8.7260E-004  -2.6462E-002   2.1297E-001   7.8138E-001  
-2.5353E-001  -8.9034E+000  -2.9139E+000   2.7883E-001   2.2091E-002   1.2089E-001   1.0435E-001   2.9126E-001   1.2609E-003   6.4822E-003   5.3424E-002   1.2488E-001   4.1501E-002  -1.1921E-003   1.3451E-004   5.6802E-001   1.9976E-001  -7.3474E-003  -2.8778E-003  -1.6045E-003   9.3600E-004  -6.1787E-002   2.1865E-001   8.7979E-001  
-1.9089E-001  -8.5630E+000  -3.5190E+000   2.3915E-001   1.1572E-001  -1.7226E-002   1.0235E-001   2.9298E-001   2.5480E-003  -5.0549E-003   5.7639E-002   1.8577E-002   1.2899E-001  -9.3947E-006   8.6062E-004   5.6625E-001   2.0542E-001   7.0275E-003  -5.4482E-003  -1.6333E-003   8.6432E-004  -5.4642E-002   2.2020E-001   8.5378E-001  
 1.3399E-001  -7.8412E+000  -3.5590E+000   3.2907E-002  -7.9982E-003  -7.9820E-002   1.0547E-001   2.9346E-001  -4.1499E-003   1.8341E-003   7.9344E-002  -9.8749E-002   7.3215E-002   3.6145E-004   3.6133E-004   5.5564E-001   2.1235E-001   1.4408E-003   7.7720E-003  -1.7210E-003   8.8756E-004  -1.8168E-002   2.2345E-001   9.0831E-001  
 3.9623E-001  -7.4315E+000  -2.9139E+000  -1.3345E-001  -2.2134E-002  -3.4371E-003   1.0434E-001   2.9000E-001   1.2645E-003   1.9757E-003   9.6812E-002  -1.0819E-001  -4.1529E-002   1.1702E-003  -1.6956E-004   5.4186E-001   1.9976E-001  -6.3560E-003  -2.8928E-003  -1.5930E-003   9.3505E-004   1.1465E-002   2.2089E-001   9.3729E-001  
 3.3359E-001  -7.8270E+000  -2.2443E+000  -9.3771E-002  -1.4017E-002  -4.1522E-002   1.0126E-001   2.9234E-001   2.5451E-003  -5.2949E-004   9.2599E-002  -2.6984E-002  -1.1451E-001   1.1390E-005  -8.8205E-004   5.5317E-001   1.8277E-001   6.0433E-003  -5.4707E-003  -1.6298E-003   8.7074E-004   4.3219E-003   2.2200E-001   8.9377E-001  
 8.7029E-003  -8.5771E+000  -2.2843E+000   1.1247E-001  -9.3787E-002   2.1073E-002   1.0440E-001   2.9408E-001  -4.1564E-003  -2.6802E-003   7.0896E-002   9.0342E-002  -8.7749E-002  -3.5904E-004  -4.1269E-004   5.6872E-001   1.8970E-001   2.4480E-003   7.7646E-003  -1.7279E-003   8.9526E-004  -3.2153E-002   2.2303E-001   8.8523E-001  
 1.1877E-001  -9.3813E+000  -2.8807E+000   5.9497E-001   4.8488E-002   3.4374E-001   1.0172E-001   2.9005E-001   6.5798E-003   4.4716E-002   1.2333E-002   2.8247E-001   9.0486E-002  -3.9803E-003  -3.0074E-004   5.2512E-001   1.9391E-001  -3.7525E-002  -1.2810E-002  -1.5653E-003   9.6854E-004  -1.0270E-001   2.3176E-001   8.8093E-001  
 2.5567E-001  -8.7722E+000  -4.0102E+000   5.0961E-001   3.2171E-001  -7.6985E-002   1.0659E-001   2.8952E-001   1.2957E-002  -4.0712E-002   1.9777E-002   3.4793E-002   2.9093E-001   1.8515E-003   2.3058E-003   5.4018E-001   1.8303E-001   3.2274E-002  -2.4601E-002  -1.7029E-003   7.8512E-004  -8.7071E-002   2.4038E-001   9.0666E-001  
 9.6610E-001  -7.3561E+000  -4.2042E+000   6.7827E-002  -8.5739E-002  -2.1453E-001   1.1581E-001   2.7846E-001  -1.9798E-002   2.3131E-002   5.8593E-002  -2.2458E-001   1.4352E-001  -8.9949E-004  -1.0572E-004   5.3045E-001   2.2135E-001   1.1763E-003   3.6942E-002  -1.8136E-003   9.6093E-004  -4.3208E-003   2.5854E-001   1.0570E+000  
 1.5396E+000  -6.4112E+000  -2.8806E+000  -2.8899E-001  -4.8527E-002   7.1240E-002   1.0169E-001   2.6140E-001   6.5874E-003  -8.0226E-003   8.9874E-002  -2.1173E-001  -9.0513E-002   3.4748E-003   2.6815E-004   4.7853E-001   1.9391E-001  -2.6401E-002  -1.2842E-002  -1.4307E-003   9.6609E-004   6.2148E-002   2.4412E-001   9.6993E-001  
 1.4026E+000  -7.2871E+000  -1.4381E+000  -2.0364E-001   3.7690E-002  -1.3052E-001   8.1790E-002   2.7517E-001   1.2958E-002   1.2071E-002   8.2438E-002  -7.0222E-002  -2.2959E-001  -1.6098E-003  -1.8943E-003   5.1690E-001   1.4269E-001   2.1179E-002  -2.4647E-002  -1.6437E-003   7.1138E-004   4.6497E-002   2.5013E-001   9.7888E-001  
 6.9222E-001  -8.8410E+000  -1.6321E+000   2.3813E-001  -2.7374E-001   7.0261E-003   9.1036E-002   2.9276E-001  -1.9804E-002  -2.9629E-002   4.3633E-002   1.8915E-001  -2.0491E-001   1.1425E-003  -3.7907E-004   5.5373E-001   1.8101E-001   1.2319E-002   3.6928E-002  -1.8792E-003   8.9010E-004  -3.6255E-002   2.5631E-001   1.0259E+000  
 7.1527E-001  -9.3299E+000  -2.8333E+000   8.0945E-001   7.1703E-002   4.0152E-001   1.0021E-001   3.3329E-001   1.4233E-002   1.3392E-001  -1.9207E-002   4.0149E-001   1.2827E-001  -6.8798E-003  -8.3486E-004   4.4558E-001   1.8376E-001  -7.6365E-002  -2.3906E-002   1.0215E-003   1.8219E-003  -1.3198E-001   2.3042E-001   8.5884E-001  
 9.1104E-001  -8.7046E+000  -4.0772E+000   6.8979E-001   3.8316E-001  -6.0294E-002   1.4567E-001   3.0865E-001   2.7815E-002  -1.2533E-001  -1.3780E-002   4.8376E-002   4.1444E-001   3.9768E-003   3.9721E-003   4.9065E-001   1.3678E-001   6.5738E-002  -4.5984E-002  -2.1917E-003  -2.1420E-003  -1.0951E-001   2.5135E-001   1.0025E+000  
 1.9254E+000  -7.0279E+000  -4.4938E+000   7.1274E-002  -3.1157E-002  -2.6204E-001   1.4929E-001   2.5386E-001  -4.2263E-002   8.3496E-002   1.1510E-002  -3.2286E-001   1.9599E-001  -1.4050E-003  -2.2867E-003   4.9808E-001   2.1761E-001  -7.9831E-003   6.9595E-002  -3.3051E-003   3.5764E-003   8.8031E-003   2.9203E-001   1.1361E+000  
 2.7450E+000  -5.6807E+000  -2.8332E+000  -4.2839E-001  -7.1740E-002  -7.2053E-003   1.0017E-001   2.2114E-001   1.4247E-002  -4.8981E-002   3.2744E-002  -2.8620E-001  -1.2830E-001   2.8855E-003   8.0263E-004   4.0298E-001   1.8376E-001  -3.7692E-002  -2.3944E-002   2.6697E-003   1.8206E-003   1.0405E-001   2.5666E-001   9.7831E-001  
 2.5488E+000  -6.8800E+000  -9.1681E-001  -3.0879E-001  -4.1634E-002  -1.3689E-001   4.8651E-002   2.5260E-001   2.7819E-002   5.7561E-002   2.7185E-002  -1.0605E-001  -3.1452E-001  -1.9276E-003  -4.5929E-004   4.6942E-001   9.9981E-002   2.7068E-002  -4.6071E-002  -1.3572E-003  -3.5622E-003   8.1485E-002   2.7115E-001   1.0736E+000  
 1.5345E+000  -8.8523E+000  -1.3335E+000   3.0971E-001  -3.1044E-001   6.4866E-002   5.2296E-002   3.0986E-001  -4.2273E-002  -9.9358E-002   1.9246E-003   2.6519E-001  -2.9597E-001   3.4553E-003  -1.3026E-003   5.1931E-001   1.8082E-001   3.0752E-002   6.9546E-002  -4.1523E-003   2.1593E-003  -3.6835E-002   2.8773E-001   1.1157E+000  
 1.2012E+000  -8.8544E+000  -2.7847E+000   8.9485E-001   9.2126E-002   1.9739E-001   1.0169E-001   4.2487E-001   2.5968E-002   2.6984E-001  -4.3918E-002   4.8383E-001   1.5752E-001  -4.5617E-003   1.8778E-003   3.8749E-001   1.7599E-001  -1.0661E-001  -2.9509E-002   8.2999E-003   5.9956E-003  -1.2902E-001   2.2345E-001   8.0360E-001  
 1.4355E+000  -8.4245E+000  -3.7809E+000   7.4883E-001   2.1476E-001   8.2508E-002   2.1858E-001   3.5386E-001   5.0438E-002  -2.5337E-001  -4.5217E-002   6.4589E-002   5.0040E-001  -6.6800E-004   6.1085E-003   4.5318E-001   1.0134E-001   9.4781E-002  -5.7182E-002  -6.3890E-003  -1.0782E-002  -1.0633E-001   2.5545E-001   9.8795E-001  
 2.6510E+000  -6.8969E+000  -4.4347E+000  -1.1095E-002   2.4641E-001  -1.7081E-001   2.0230E-001   2.2788E-001  -7.6610E-002   1.7025E-001  -5.4217E-002  -3.8733E-001   2.5709E-001   8.7774E-003  -4.5876E-003   4.8406E-001   1.9694E-001  -2.9333E-002   8.6574E-002  -1.1724E-002   1.3051E-002   9.2859E-003   3.1175E-001   1.2097E+000  
 3.6334E+000  -5.3356E+000  -2.7846E+000  -6.2355E-001  -9.2162E-002  -3.4868E-001   1.0165E-001   1.8416E-001   2.5988E-002  -1.0257E-001  -6.0212E-002  -3.7583E-001  -1.5754E-001  -1.1044E-002  -1.9111E-003   3.8059E-001   1.7598E-001  -2.2051E-002  -2.9549E-002   1.4807E-002   5.9996E-003   1.0370E-001   2.5583E-001   9.6210E-001  
 3.3984E+000  -6.6648E+000  -7.3325E-001  -4.7754E-001  -3.4550E-001  -7.1026E-003   1.0204E-002   2.3363E-001   5.0626E-002   1.1887E-001  -5.8993E-002  -1.1870E-001  -4.0691E-001   8.7134E-003   7.4719E-003   4.4992E-001   9.5371E-002   1.0254E-002  -5.7147E-002  -3.0905E-003  -1.6618E-002   8.0943E-002   2.7891E-001   1.1121E+000  
 2.1829E+000  -8.6561E+000  -1.3873E+000   2.8248E-001  -1.1586E-001   2.4618E-001  -6.1717E-003   3.4813E-001  -7.6481E-002  -2.0208E-001  -4.9865E-002   3.3317E-001  -3.5077E-001  -8.3294E-004  -8.9957E-003   4.8739E-001   1.9086E-001   5.5150E-002   8.6616E-002  -1.5038E-002   7.3326E-003  -3.4624E-002   3.0697E-001   1.2321E+000  
 1.4709E+000  -8.3248E+000  -2.7496E+000   9.1646E-001   1.0807E-001  -6.2163E-002   1.0539E-001   5.3210E-001   3.8594E-002   4.0060E-001  -5.3479E-002   5.4192E-001   1.7822E-001   5.6704E-003   6.9679E-003   3.7059E-001   1.7348E-001  -1.1666E-001  -2.9008E-002   1.6314E-002   1.0252E-002  -1.1675E-001   2.1430E-001   7.5713E-001  
 1.7227E+000  -8.1314E+000  -3.4092E+000   7.4876E-001  -5.9088E-003   2.4583E-001   2.9922E-001   4.0914E-001   7.4860E-002  -3.7451E-001  -6.1716E-002   7.7578E-002   5.5729E-001  -1.2734E-002   4.7773E-003   4.3934E-001   8.7990E-002   1.0641E-001  -5.5970E-002  -1.0555E-002  -2.0254E-002  -9.7025E-002   2.5355E-001   9.5122E-001  
 3.0272E+000  -6.8867E+000  -4.2464E+000  -1.1911E-001   5.6574E-001  -4.0680E-002   2.4837E-001   2.1432E-001  -1.1374E-001   2.4170E-001  -1.1020E-001  -4.2325E-001   3.1562E-001   2.5967E-002  -4.7548E-003   4.8696E-001   1.7599E-001  -5.0949E-002   8.5007E-002  -2.1246E-002   2.2066E-002   6.2689E-003   3.1902E-001   1.3585E+000  
 4.0820E+000  -5.2410E+000  -2.7494E+000  -8.2093E-001  -1.0811E-001  -7.4664E-001   1.0535E-001   1.7861E-001   3.8615E-002  -1.3370E-001  -1.4724E-001  -4.7134E-001  -1.7824E-001  -3.2666E-002  -7.0017E-003   4.0410E-001   1.7347E-001   7.2200E-003  -2.9051E-002   2.5389E-002   1.0261E-002   8.9348E-002   2.4822E-001   9.2324E-001  
 3.8296E+000  -6.5892E+000  -7.3800E-001  -6.5296E-001  -6.9349E-001   1.5809E-001  -7.0472E-003   2.3231E-001   7.4954E-002   1.5986E-001  -1.3893E-001  -1.1304E-001  -4.9582E-001   2.6274E-002   1.8525E-002   4.5612E-001   1.1687E-001  -1.7248E-002  -5.6082E-002  -6.0686E-003  -2.7968E-002   6.9447E-002   2.7755E-001   1.1263E+000  
 2.5250E+000  -8.4285E+000  -1.5754E+000   2.1487E-001   1.3360E-001   4.4461E-001  -5.7872E-002   3.9108E-001  -1.1367E-001  -2.9262E-001  -9.0399E-002   3.8778E-001  -3.7713E-001  -1.2433E-002  -1.8618E-002   4.7016E-001   2.0490E-001   7.2785E-002   8.4942E-002  -2.5742E-002   1.4379E-002  -3.3867E-002   3.1421E-001   1.2803E+000  
 1.4754E+000  -8.2733E+000  -3.2591E+000   8.7661E-001  -1.9343E-002   1.3461E-001   2.5387E-001   4.4321E-001   2.9270E-001  -2.2718E-001  -5.3524E-002   2.2356E-001   5.0834E-001  -6.6073E-003   8.7460E-003   4.0865E-001   9.3543E-002   5.4305E-002  -1.0805E-001  -2.0412E-002  -2.7466E-003  -1.1590E-001   2.2609E-001   8.2227E-001  
 3.3017E+000  -6.3459E+000  -4.1816E+000  -3.1672E-001   4.7956E-001  -2.8291E-001   2.0507E-001   1.9257E-001   6.9097E-002   2.0538E-001  -1.0806E-001  -4.6972E-001   1.8267E-001   2.3203E-002   1.4454E-002   4.6327E-001   1.9887E-001  -7.6518E-002   3.4227E-002  -2.8186E-002  -6.1084E-003   3.5566E-002   3.0903E-001   1.2419E+000  
 3.9495E+000  -6.0182E+000  -1.0041E+000  -7.4058E-001  -6.4326E-001  -1.3468E-001   2.0607E-002   2.0997E-001  -6.1111E-002   1.2679E-001  -1.2743E-001  -2.2366E-001  -4.2828E-001   3.1370E-002  -8.8503E-003   4.2616E-001   1.1102E-001  -2.7536E-002  -2.6142E-002  -2.6540E-002  -8.8054E-003   8.8992E-002   2.5749E-001   9.9599E-001  
 2.1233E+000  -8.6007E+000  -1.9269E+000   4.5271E-001   1.8299E-001   2.8283E-001  -2.8148E-002   4.2576E-001  -2.8472E-001  -1.4856E-001  -7.2834E-002   4.6961E-001  -2.6276E-001   1.5733E-003  -1.4397E-002   4.4574E-001   2.1637E-001   5.3833E-003   1.1621E-001  -2.2051E-002  -1.2151E-002  -6.2489E-002   2.9707E-001   1.1640E+000  
