-1.4193E-001   3.3273E-002  -8.0882E-003   4.4834E-002  -4.2339E-008   1.5978E-007  -1.4010E-003   5.2512E-003   4.8767E-005  -2.0659E-004   8.0508E-002   3.5768E-007   1.2853E-006  -7.0105E-006  -6.2021E-007  -8.5085E-004   9.6016E-005  -1.8554E-004   4.3154E-005  -9.2983E-001  -2.2278E-001  -2.6467E-002   1.8720E-001   4.8802E-001  
 7.3355E-002  -7.0269E-001  -8.1021E-003   7.3072E-002  -1.7744E-004   5.9355E-002  -1.4240E-003   5.7742E-003  -1.0437E-003  -2.6038E-003   7.5102E-002   8.2923E-003   5.8626E-005  -1.0756E-001  -2.5752E-002   1.2173E-002   6.2648E-005   6.7253E-004   3.9017E-004  -9.2600E-001  -2.2190E-001  -2.5122E-002   1.9033E-001   6.3217E-001  
 7.1669E-002  -3.3472E-001  -6.4545E-001   7.2871E-002   5.1411E-002  -2.8833E-002  -9.2288E-004   5.5070E-003   4.6095E-003  -1.1228E-003   7.5156E-002  -4.3610E-003   7.1734E-003  -7.6066E-002   8.0222E-002   5.6451E-003   1.1353E-002  -1.0967E-004  -1.3075E-003  -9.2606E-001  -2.2190E-001  -2.5106E-002   1.9024E-001   6.2139E-001  
 6.9223E-002   4.0120E-001  -6.4540E-001   7.2495E-002  -5.0202E-002  -2.9610E-002  -8.2173E-004   4.8866E-003  -3.3908E-003   5.2997E-003   7.5072E-002  -4.0627E-003  -7.3545E-003   3.1424E-002   1.0598E-001  -7.4288E-003   1.1464E-002  -1.7053E-003   1.0859E-003  -9.2604E-001  -2.2182E-001  -2.5225E-002   1.9028E-001   6.1689E-001  
 6.8548E-002   7.6916E-001  -8.1038E-003   7.2420E-002   1.7743E-004   5.8115E-002  -1.4240E-003   4.5208E-003  -1.0438E-003  -7.1098E-003   7.5122E-002   8.4384E-003  -5.5961E-005   1.0753E-001   2.5751E-002  -1.3981E-002   6.3002E-005   1.6750E-003   3.9024E-004  -9.2598E-001  -2.2190E-001  -2.5210E-002   1.9034E-001   6.0918E-001  
 7.0231E-002   4.0120E-001   6.2921E-001   7.2622E-002   5.0332E-002  -2.9903E-002  -2.0073E-003   4.8828E-003   4.6015E-003   3.3973E-003   7.5071E-002  -4.0027E-003   7.3346E-003   7.6057E-002  -8.0209E-002  -7.4304E-003  -1.1296E-002  -1.1002E-003  -1.3135E-003  -9.2605E-001  -2.2189E-001  -2.5224E-002   1.9024E-001   6.0731E-001  
 7.2677E-002  -3.3472E-001   6.2927E-001   7.2998E-002  -5.1542E-002  -2.9126E-002  -1.9062E-003   5.5106E-003  -3.3982E-003   7.7990E-004   7.5155E-002  -4.3012E-003  -7.1484E-003  -3.1432E-002  -1.0600E-001   5.6469E-003  -1.1184E-002  -7.1541E-004   1.0800E-003  -9.2604E-001  -2.2181E-001  -2.5105E-002   1.9028E-001   6.1973E-001  
 8.3397E-001  -1.4514E+000  -8.0392E-003   1.5381E-001  -6.1860E-004   2.0795E-001  -1.4910E-003   1.9129E-002  -5.3093E-003   3.6819E-003   5.0746E-002   3.5828E-002   3.0939E-004  -2.3727E-001  -5.6737E-002   2.2904E-002   1.6371E-004   5.8834E-004   1.5467E-003  -9.1093E-001  -2.1834E-001  -2.0194E-002   2.0197E-001   8.0454E-001  
 8.3026E-001  -7.0938E-001  -1.2939E+000   1.5327E-001   1.8113E-001  -1.0165E-001   1.0724E-002   1.2550E-002   2.2131E-002  -2.0003E-002   5.0994E-002  -1.8839E-002   3.0260E-002  -1.6750E-001   1.7695E-001   1.0448E-002   2.0542E-002   3.4797E-003  -6.0600E-003  -9.1125E-001  -2.1837E-001  -2.0257E-002   2.0168E-001   7.9108E-001  
 8.2509E-001   7.7561E-001  -1.2943E+000   1.5243E-001  -1.7843E-001  -1.0514E-001   1.1334E-002  -1.8774E-003  -1.6671E-002   4.2129E-002   5.1325E-002  -1.6625E-002  -3.0773E-002   6.9411E-002   2.3323E-001  -1.2614E-002   1.9889E-002  -1.0250E-002   4.6782E-003  -9.1112E-001  -2.1811E-001  -2.0442E-002   2.0190E-001   7.6718E-001  
 8.2365E-001   1.5184E+000  -8.0430E-003   1.5227E-001   6.1850E-004   2.0705E-001  -1.4913E-003  -9.5059E-003  -5.3099E-003  -4.9056E-002   5.1458E-002   3.4953E-002  -3.0681E-004   2.3675E-001   5.6736E-002  -2.3669E-002   1.6388E-004   1.1736E-002   1.5465E-003  -9.1079E-001  -2.1834E-001  -2.0374E-002   2.0210E-001   7.6240E-001  
 8.2727E-001   7.7549E-001   1.2781E+000   1.5280E-001   1.7831E-001  -1.0585E-001  -1.4075E-002  -1.7654E-003   2.2121E-002   3.2769E-002   5.1216E-002  -1.6548E-002   3.1106E-002   1.6773E-001  -1.7650E-001  -1.2823E-002  -1.9790E-002  -7.6287E-003  -6.0724E-003  -9.1118E-001  -2.1844E-001  -2.0328E-002   2.0173E-001   7.6249E-001  
 8.3244E-001  -7.0927E-001   1.2777E+000   1.5364E-001  -1.8101E-001  -1.0236E-001  -1.3465E-002   1.2437E-002  -1.6680E-002  -1.0642E-002   5.0885E-002  -1.8762E-002  -3.0588E-002  -6.9179E-002  -2.3368E-001   1.0657E-002  -2.0443E-002   8.5749E-004   4.6662E-003  -9.1119E-001  -2.1818E-001  -2.0142E-002   2.0183E-001   7.9074E-001  
 1.7373E+000  -1.7935E+000  -8.1068E-003   1.8800E-001  -1.4927E-003   1.9440E-001  -1.5658E-003   6.0069E-002  -1.1854E-002   4.0545E-002   5.9802E-003   5.5298E-002   1.9460E-004  -3.4977E-001  -8.3187E-002   1.5317E-002  -1.5031E-004  -8.8714E-003   2.8441E-003  -8.9233E-001  -2.1373E-001  -1.8553E-002   2.1508E-001   9.1938E-001  
 1.7318E+000  -8.7928E-001  -1.5887E+000   1.8962E-001   1.7322E-001  -9.2870E-002   4.6548E-002   3.3686E-002   4.9093E-002  -7.6760E-002   6.5113E-003  -2.9123E-002   4.9017E-002  -2.4470E-001   2.6095E-001   9.6095E-003   1.6711E-002   1.5965E-002  -1.1183E-002  -8.9244E-001  -2.1312E-001  -1.5573E-002   2.1520E-001   8.8086E-001  
 1.7242E+000   9.4456E-001  -1.5866E+000   1.9251E-001  -1.7008E-001  -1.0348E-001   4.8163E-002  -2.2810E-002  -3.7075E-002   1.2724E-001   7.1535E-003  -2.9107E-002  -5.1744E-002   1.0245E-001   3.4076E-001  -1.2860E-002   2.2068E-002  -2.7024E-002   8.5984E-003  -8.9153E-001  -2.1282E-001  -1.0604E-002   2.1636E-001   8.6102E-001  
 1.7223E+000   1.8554E+000  -8.1124E-003   1.9314E-001   1.4931E-003   1.9992E-001  -1.5664E-003  -5.2058E-002  -1.1855E-002  -1.4236E-001   7.5599E-003   6.0029E-002  -1.9166E-004   3.4576E-001   8.3186E-002  -2.7263E-002  -1.5056E-004   2.9831E-002   2.8436E-003  -8.9068E-001  -2.1373E-001  -9.3888E-003   2.1696E-001   8.4379E-001  
 1.7273E+000   9.4505E-001   1.5713E+000   1.9147E-001   1.6834E-001  -1.0430E-001  -5.0468E-002  -2.2327E-002   4.9083E-002   1.0611E-001   6.8972E-003  -2.8513E-002   5.0931E-002   2.4675E-001  -2.5740E-001  -1.1613E-002  -2.0077E-002  -2.2725E-002  -1.1223E-002  -8.9159E-001  -2.1454E-001  -1.2462E-002   2.1575E-001   8.6827E-001  
 1.7350E+000  -8.7978E-001   1.5734E+000   1.8858E-001  -1.7147E-001  -9.3690E-002  -4.8852E-002   3.3201E-002  -3.7083E-002  -5.5629E-002   6.2546E-003  -2.8530E-002  -4.8199E-002  -1.0040E-001  -3.4431E-001   8.3614E-003  -1.4720E-002   1.1664E-002   8.5594E-003  -8.9237E-001  -2.1424E-001  -1.7432E-002   2.1506E-001   9.0449E-001  
 2.4200E+000  -1.7438E+000  -9.3641E-003   1.1802E-001  -4.7687E-003  -9.6155E-002  -3.0077E-003   1.1043E-001  -2.2015E-002   8.9622E-002  -6.0658E-002   3.1772E-002  -2.9664E-003  -4.5580E-001  -1.0690E-001  -2.2007E-002  -2.1851E-003  -4.3477E-002   4.4186E-004  -8.9479E-001  -2.1372E-001  -2.6217E-002   2.1340E-001   8.8651E-001  
 2.4174E+000  -8.4465E-001  -1.5389E+000   1.3038E-001  -6.0845E-002   5.7513E-002   9.5812E-002   6.8797E-002   9.0526E-002  -1.5798E-001  -5.4603E-002  -1.3511E-002   4.7080E-002  -3.1120E-001   3.4010E-001   4.8826E-003  -7.7895E-003   4.2430E-002  -1.6993E-003  -8.9343E-001  -2.1056E-001  -1.6791E-002   2.1559E-001   8.4805E-001  
 2.4144E+000   9.0973E-001  -1.5185E+000   1.4857E-001   6.0019E-002   1.7589E-002   1.1488E-001  -5.6056E-002  -6.8775E-002   2.5449E-001  -4.5996E-002  -4.2953E-002  -5.6106E-002   1.3376E-001   4.3416E-001  -5.4387E-003   2.2027E-002  -4.1439E-002   1.0668E-003  -8.9021E-001  -2.1093E-001  -2.8100E-003   2.1937E-001   8.5960E-001  
 2.4137E+000   1.7745E+000  -9.3713E-003   1.5335E-001   4.7696E-003  -5.5136E-002  -3.0088E-003  -1.3025E-001  -2.2017E-002  -2.8279E-001  -4.3466E-002   7.6242E-002   2.9698E-003   4.4018E-001   1.0690E-001  -2.8871E-002  -2.1855E-003   4.1110E-002   4.4101E-004  -8.8829E-001  -2.1372E-001   8.6902E-004   2.2079E-001   8.1295E-001  
 2.4157E+000   9.1452E-001   1.5083E+000   1.4111E-001  -6.9744E-002   1.7857E-002  -1.1268E-001  -5.1466E-002   9.0656E-002   2.1436E-001  -4.9513E-002  -4.0617E-002   4.6573E-002   3.1914E-001  -3.2656E-001   1.5603E-003  -1.3867E-002  -4.2005E-002  -1.6472E-003  -8.9012E-001  -2.1629E-001  -8.5468E-003   2.1777E-001   8.5007E-001  
 2.4188E+000  -8.4946E-001   1.5287E+000   1.2292E-001   7.0571E-002   5.7781E-002  -9.3613E-002   6.4205E-002  -6.8642E-002  -1.1786E-001  -5.8121E-002  -1.1174E-002  -3.7541E-002  -1.2581E-001  -4.4770E-001  -2.1169E-003   1.5950E-002   4.2994E-002   1.1194E-003  -8.9352E-001  -2.1666E-001  -2.2528E-002   2.1411E-001   8.7684E-001  
 2.7700E+000  -1.5465E+000  -1.1607E-002   1.4933E-002  -9.8976E-003  -4.4951E-001  -5.4808E-003   1.4893E-001  -3.2739E-002   1.2523E-001  -1.1464E-001  -8.2161E-003  -7.4803E-003  -5.3569E-001  -1.2488E-001  -5.2921E-002  -4.2095E-003  -7.9653E-002  -3.8919E-003  -9.0994E-001  -2.1719E-001  -2.4880E-002   2.0556E-001   8.3153E-001  
 2.7738E+000  -7.3091E-001  -1.3605E+000   3.8086E-002  -3.4102E-001   2.4370E-001   1.3495E-001   1.0314E-001   1.3475E-001  -2.2562E-001  -1.0465E-001   1.5253E-002   3.4939E-002  -3.6171E-001   4.0089E-001   5.4240E-004  -3.2258E-002   6.6910E-002   1.6224E-002  -9.0849E-001  -2.1332E-001  -1.7178E-002   2.0820E-001   7.9706E-001  
 2.7802E+000   8.0002E-001  -1.3146E+000   7.1347E-002   3.3725E-001   1.5938E-001   1.7874E-001  -8.4125E-002  -1.0211E-001   3.6757E-001  -9.0037E-002  -5.3248E-002  -4.5860E-002   1.5887E-001   5.0273E-001   6.4020E-003   1.4042E-002  -4.9348E-002  -1.2335E-002  -9.0388E-001  -2.1286E-001  -5.7281E-003   2.1333E-001   7.8974E-001  
 2.7823E+000   1.5367E+000  -1.1615E-002   8.0855E-002   9.8987E-003  -3.5905E-001  -5.4820E-003  -2.0476E-001  -3.2741E-002  -4.0929E-001  -8.5966E-002   7.9031E-002   7.4835E-003   5.0887E-001   1.2488E-001  -1.9524E-002  -4.2099E-003   4.4111E-002  -3.8925E-003  -9.0102E-001  -2.1719E-001  -2.5086E-003   2.1523E-001   7.5737E-001  
 2.7777E+000   8.1088E-001   1.3103E+000   5.7783E-002  -3.5836E-001   1.6024E-001  -1.7131E-001  -7.3638E-002   1.3482E-001   3.0872E-001  -9.5986E-002  -5.0681E-002   2.6540E-002   3.7524E-001  -3.7756E-001   1.7348E-002  -3.3584E-003  -5.6771E-002   1.6166E-002  -9.0399E-001  -2.2102E-001  -1.0415E-002   2.1107E-001   7.8738E-001  
 2.7713E+000  -7.4178E-001   1.3562E+000   2.4521E-002   3.6212E-001   2.4455E-001  -1.2752E-001   9.2647E-002  -1.0203E-001  -1.6677E-001  -1.1059E-001   1.7820E-002  -1.5613E-002  -1.4534E-001  -5.2607E-001  -1.0404E-002   4.2943E-002   7.4331E-002  -1.2394E-002  -9.0838E-001  -2.2056E-001  -2.1865E-002   2.0645E-001   8.1728E-001  
 2.7308E+000  -1.0678E+000  -1.1188E+000   9.7175E-002  -2.9197E-001   2.0637E-002   1.2847E-001   1.4638E-001   3.0722E-001  -2.1036E-001  -7.8533E-002   1.4571E-002   7.4268E-002  -4.3203E-001   2.7216E-001   1.8517E-002   6.7929E-003   3.6995E-002  -2.7191E-002  -8.9937E-001  -2.1325E-001  -1.8182E-003   2.1575E-001   7.6232E-001  
 2.6949E+000   1.1815E+000  -1.1405E+000   4.9542E-002   3.5698E-001  -3.1001E-002   1.1301E-001  -9.0661E-002   4.7728E-002   2.0590E-001  -9.7645E-002  -2.4365E-002  -1.9452E-002   2.8502E-001   4.4369E-001   3.1553E-002  -1.1626E-002  -3.8417E-002  -5.4401E-002  -9.0540E-001  -2.1303E-001  -2.0551E-002   2.0923E-001   8.3628E-001  
 2.6935E+000   1.1867E+000   1.1357E+000   3.9051E-002  -3.7052E-001  -2.0637E-002  -1.0484E-001  -8.6927E-002  -4.6704E-002   1.4357E-001  -1.0231E-001  -1.4571E-002   5.9155E-003   4.5680E-001  -2.7216E-001   3.5942E-002   2.4216E-002  -4.4884E-002   5.4687E-002  -9.0549E-001  -2.1937E-001  -2.5038E-002   2.0738E-001   8.4783E-001  
 2.7293E+000  -1.0731E+000   1.1140E+000   8.6684E-002   3.0551E-001   3.1000E-002  -1.2030E-001   1.4265E-001  -3.0620E-001  -1.4802E-001  -8.3203E-002   2.4364E-002  -6.0727E-002  -2.6025E-001  -4.4369E-001   1.4129E-002   5.7968E-003   4.3460E-002   2.7477E-002  -8.9927E-001  -2.1916E-001  -6.3056E-003   2.1437E-001   7.7545E-001  
