-1.4223E-001   6.9451E-006   1.4247E-005   4.4810E-002   1.2395E-004  -1.7580E-006  -2.8066E-007   2.3404E-007   6.6667E-007   1.3315E-007   8.0513E-002  -9.6543E-007  -7.2722E-005  -5.6535E-006  -1.0102E-005   1.2597E-007  -9.2373E-007  -1.7735E-006  -1.4036E-006   7.7260E-007  -1.5068E-007  -2.6466E-002   9.6933E-001   2.2456E+000  
 7.0649E-002  -7.3589E-001  -1.0985E-004   7.2720E-002   3.7507E-004   5.8732E-002  -1.7065E-004   6.2901E-004  -5.3993E-004   2.2529E-003   7.5115E-002   8.3620E-003   2.6124E-004  -1.0970E-005  -6.0142E-003   1.3078E-002  -2.3767E-004  -5.0368E-004  -4.0689E-004   9.2295E-005  -1.2794E-001  -2.5168E-002   9.6434E-001   2.3935E+000  
 7.0793E-002  -3.6800E-001  -6.3753E-001   7.2962E-002   5.1122E-002  -2.9622E-002   1.8771E-004   2.3682E-004   3.9302E-004  -2.0495E-003   7.5437E-002  -4.5322E-003   7.3461E-003  -5.4808E-003   2.9943E-003   6.4318E-003   1.0854E-002   7.6774E-004   2.1736E-004  -1.1049E-001  -6.3871E-002  -2.4805E-002   9.6446E-001   2.4005E+000  
 7.0504E-002   3.6790E-001  -6.3704E-001   7.2482E-002  -5.0620E-002  -2.9119E-002   8.9777E-004  -3.8876E-004  -3.8401E-004   2.4685E-003   7.4798E-002  -3.8375E-003  -7.1577E-003   5.4733E-003   2.9897E-003  -6.6440E-003   1.1791E-002  -2.2501E-004  -2.1354E-004  -1.1058E-001   6.3696E-002  -2.5525E-002   9.6446E-001   2.4087E+000  
 7.0648E-002   7.3591E-001   1.3807E-004   7.2720E-002   3.7590E-004   5.8732E-002   1.7018E-004  -6.2865E-004   5.4143E-004  -2.2526E-003   7.5115E-002   8.3623E-003   2.6243E-004  -1.0693E-005  -6.0129E-003  -1.3078E-002   2.3613E-004   5.0020E-004   4.0448E-004  -9.0511E-005   1.2794E-001  -2.5168E-002   9.6434E-001   2.3934E+000  
 7.0792E-002   3.6801E-001   6.3756E-001   7.2962E-002   5.1122E-002  -2.9621E-002  -1.8776E-004  -2.3644E-004  -3.9212E-004   2.0499E-003   7.5437E-002  -4.5308E-003   7.3466E-003  -5.4818E-003   2.9951E-003  -6.4315E-003  -1.0855E-002  -7.7114E-004  -2.2054E-004   1.1049E-001   6.3871E-002  -2.4806E-002   9.6446E-001   2.4004E+000  
 7.0502E-002  -3.6788E-001   6.3707E-001   7.2481E-002  -5.0621E-002  -2.9118E-002  -8.9752E-004   3.8908E-004   3.8505E-004  -2.4681E-003   7.4797E-002  -3.8361E-003  -7.1585E-003   5.4716E-003   2.9894E-003   6.6440E-003  -1.1792E-002   2.2149E-004   2.1060E-004   1.1058E-001  -6.3696E-002  -2.5526E-002   9.6446E-001   2.4087E+000  
 8.2851E-001  -1.4849E+000  -3.0663E-004   1.5302E-001   8.0625E-004   2.0749E-001   9.6301E-005   1.4319E-002  -3.0733E-003   2.6372E-002   5.1102E-002   3.5387E-002   3.2025E-005  -2.3376E-004  -2.9714E-002   2.3284E-002  -7.2562E-004  -5.5744E-003   5.3662E-005   1.4730E-004  -2.8250E-001  -2.0289E-002   9.4672E-001   2.5543E+000  
 8.2878E-001  -7.4276E-001  -1.2862E+000   1.5356E-001   1.8012E-001  -1.0382E-001   1.2189E-002   6.1378E-003   2.3308E-003  -2.6323E-002   5.1806E-002  -1.7018E-002   3.1440E-002  -2.5933E-002   1.5226E-002   1.1054E-002   1.9450E-002   5.6466E-003  -1.0187E-003  -2.4483E-001  -1.4141E-001  -1.9460E-002   9.4650E-001   2.5318E+000  
 8.2814E-001   7.4205E-001  -1.2856E+000   1.5245E-001  -1.7932E-001  -1.0369E-001   1.2609E-002  -8.1792E-003  -2.3199E-003   2.6449E-002   5.0408E-002  -1.8375E-002  -2.9920E-002   2.6147E-002   1.4823E-002  -1.2218E-002   2.0872E-002  -5.4654E-003   1.0300E-003  -2.4498E-001   1.4111E-001  -2.1127E-002   9.4649E-001   2.5557E+000  
 8.2851E-001   1.4849E+000   3.3406E-004   1.5302E-001   8.0741E-004   2.0749E-001  -9.6855E-005  -1.4319E-002   3.0744E-003  -2.6372E-002   5.1103E-002   3.5388E-002   3.3680E-005  -2.3296E-004  -2.9712E-002  -2.3285E-002   7.2421E-004   5.5710E-003  -5.6067E-005  -1.4500E-004   2.8250E-001  -2.0288E-002   9.4672E-001   2.5543E+000  
 8.2878E-001   7.4278E-001   1.2863E+000   1.5356E-001   1.8012E-001  -1.0382E-001  -1.2190E-002  -6.1378E-003  -2.3296E-003   2.6323E-002   5.1806E-002  -1.7017E-002   3.1441E-002  -2.5933E-002   1.5228E-002  -1.1053E-002  -1.9453E-002  -5.6501E-003   1.0162E-003   2.4483E-001   1.4141E-001  -1.9460E-002   9.4650E-001   2.5317E+000  
 8.2814E-001  -7.4203E-001   1.2856E+000   1.5245E-001  -1.7932E-001  -1.0369E-001  -1.2609E-002   8.1798E-003   2.3210E-003  -2.6449E-002   5.0409E-002  -1.8374E-002  -2.9922E-002   2.6145E-002   1.4823E-002   1.2218E-002  -2.0875E-002   5.4621E-003  -1.0323E-003   2.4498E-001  -1.4111E-001  -2.1127E-002   9.4649E-001   2.5558E+000  
 1.7295E+000  -1.8243E+000   1.0267E-003   1.9054E-001   1.3265E-003   1.9715E-001   1.2688E-003   5.6063E-002  -3.4213E-003   9.1454E-002   6.7700E-003   5.7656E-002   1.5741E-003  -1.9557E-003  -6.2642E-002   2.1282E-002   2.0346E-003  -1.9357E-002   6.9791E-003  -5.1512E-004  -4.0515E-001  -1.3978E-002   9.2513E-001   2.6315E+000  
 1.7290E+000  -9.1331E-001  -1.5793E+000   1.9037E-001   1.7036E-001  -9.9354E-002   4.9227E-002   2.6302E-002   3.0466E-003  -9.1067E-002   6.2480E-003  -2.9613E-002   4.9626E-002  -5.3056E-002   3.2887E-002   8.2584E-003   1.9659E-002   1.9869E-002  -7.5237E-003  -3.5161E-001  -2.0233E-001  -1.4255E-002   9.2492E-001   2.6287E+000  
 1.7295E+000   9.1094E-001  -1.5806E+000   1.9066E-001  -1.7119E-001  -9.7820E-002   4.7784E-002  -2.9711E-002  -3.0394E-003   9.1805E-002   7.1603E-003  -2.8024E-002  -5.0312E-002   5.5058E-002   2.9426E-002  -1.2958E-002   1.7109E-002  -1.8832E-002   7.5606E-003  -3.5108E-001   2.0322E-001  -1.3792E-002   9.2492E-001   2.6351E+000  
 1.7295E+000   1.8243E+000  -1.0010E-003   1.9054E-001   1.3296E-003   1.9716E-001  -1.2705E-003  -5.6065E-002   3.4206E-003  -9.1456E-002   6.7704E-003   5.7659E-002   1.5782E-003  -1.9536E-003  -6.2639E-002  -2.1284E-002  -2.0372E-003   1.9352E-002  -6.9830E-003   5.1802E-004   4.0515E-001  -1.3977E-002   9.2513E-001   2.6316E+000  
 1.7290E+000   9.1332E-001   1.5793E+000   1.9037E-001   1.7037E-001  -9.9352E-002  -4.9229E-002  -2.6304E-002  -3.0472E-003   9.1067E-002   6.2494E-003  -2.9611E-002   4.9627E-002  -5.3056E-002   3.2890E-002  -8.2600E-003  -1.9662E-002  -1.9872E-002   7.5197E-003   3.5161E-001   2.0233E-001  -1.4254E-002   9.2492E-001   2.6287E+000  
 1.7295E+000  -9.1092E-001   1.5806E+000   1.9066E-001  -1.7119E-001  -9.7819E-002  -4.7785E-002   2.9713E-002   3.0379E-003  -9.1806E-002   7.1618E-003  -2.8023E-002  -5.0317E-002   5.5053E-002   2.9425E-002   1.2959E-002  -1.7112E-002   1.8828E-002  -7.5656E-003   3.5108E-001  -2.0322E-001  -1.3791E-002   9.2492E-001   2.6351E+000  
 2.4166E+000  -1.7591E+000   8.0954E-003   1.3565E-001   1.5776E-002  -7.5663E-002   9.6270E-003   1.2033E-001   1.4757E-002   1.8619E-001  -5.2065E-002   5.3987E-002   1.8757E-002  -7.7576E-003  -6.7556E-002   3.4186E-003   1.0863E-002  -4.2320E-002   3.3803E-002  -2.9024E-003  -4.5927E-001  -1.2679E-002   9.0164E-001   2.5879E+000  
 2.4160E+000  -8.8602E-001  -1.5190E+000   1.3573E-001  -7.2458E-002   2.4363E-002   1.0954E-001   5.2275E-002  -1.4838E-002  -1.8588E-001  -5.2742E-002  -4.2932E-002   3.8550E-002  -5.5204E-002   4.0975E-002  -7.0120E-003   9.1673E-003   4.2738E-002  -3.4150E-002  -4.0009E-001  -2.2792E-001  -1.2953E-002   9.0096E-001   2.5971E+000  
 2.4166E+000   8.7306E-001  -1.5280E+000   1.3569E-001   5.8160E-002   5.1019E-002   9.8923E-002  -6.7978E-002   1.4705E-002   1.8644E-001  -5.1386E-002  -1.1176E-002  -5.5064E-002   6.3097E-002   2.7522E-002  -1.0320E-002  -3.1256E-003  -4.1749E-002   3.4095E-002  -3.9713E-001   2.3304E-001  -1.2399E-002   9.0090E-001   2.5959E+000  
 2.4166E+000   1.7591E+000  -8.0719E-003   1.3565E-001   1.5781E-002  -7.5659E-002  -9.6304E-003  -1.2033E-001  -1.4760E-002  -1.8620E-001  -5.2066E-002   5.3990E-002   1.8763E-002  -7.7534E-003  -6.7552E-002  -3.4188E-003  -1.0867E-002   4.2314E-002  -3.3809E-002   2.9029E-003   4.5927E-001  -1.2681E-002   9.0164E-001   2.5879E+000  
 2.4160E+000   8.8603E-001   1.5190E+000   1.3573E-001  -7.2457E-002   2.4366E-002  -1.0954E-001  -5.2277E-002   1.4836E-002   1.8588E-001  -5.2740E-002  -4.2930E-002   3.8554E-002  -5.5204E-002   4.0979E-002   7.0091E-003  -9.1696E-003  -4.2741E-002   3.4144E-002   4.0010E-001   2.2791E-001  -1.2951E-002   9.0096E-001   2.5970E+000  
 2.4166E+000  -8.7304E-001   1.5280E+000   1.3569E-001   5.8156E-002   5.1019E-002  -9.8925E-002   6.7979E-002  -1.4706E-002  -1.8644E-001  -5.1384E-002  -1.1177E-002  -5.5068E-002   6.3093E-002   2.7523E-002   1.0320E-002   3.1227E-003   4.1744E-002  -3.4099E-002   3.9713E-001  -2.3304E-001  -1.2399E-002   9.0090E-001   2.5959E+000  
 2.7759E+000  -1.5415E+000   1.6936E-002   4.7865E-002   3.6439E-002  -4.0431E-001   1.8660E-002   1.7684E-001   4.2364E-002   2.6724E-001  -1.0030E-001   3.5387E-002   3.5510E-002  -1.3368E-002  -5.0885E-002  -1.6698E-002   1.2815E-002  -6.1922E-002   5.9116E-002  -4.1073E-003  -4.6363E-001  -1.3685E-002   8.8328E-001   2.5111E+000  
 2.7752E+000  -7.8523E-001  -1.3260E+000   4.7862E-002  -3.6720E-001   1.7080E-001   1.6319E-001   7.2378E-002  -4.2068E-002  -2.6762E-001  -1.0117E-001  -4.8092E-002   1.3897E-002  -3.7160E-002   3.6916E-002  -1.9555E-002  -7.0393E-003   6.1651E-002  -5.8881E-002  -4.0454E-001  -2.2985E-001  -1.4568E-002   8.8283E-001   2.5292E+000  
 2.7757E+000   7.5646E-001  -1.3446E+000   4.7932E-002   3.3223E-001   2.3315E-001   1.4305E-001  -1.0438E-001   4.1991E-002   2.6666E-001  -9.9462E-002   1.2685E-002  -4.7536E-002   5.0651E-002   1.3654E-002  -2.7464E-003  -2.1873E-002  -6.2112E-002   5.8936E-002  -4.0039E-001   2.3694E-001  -1.3011E-002   8.8283E-001   2.4917E+000  
 2.7759E+000   1.5415E+000  -1.6914E-002   4.7861E-002   3.6445E-002  -4.0431E-001  -1.8663E-002  -1.7684E-001  -4.2367E-002  -2.6724E-001  -1.0030E-001   3.5387E-002   3.5517E-002  -1.3364E-002  -5.0882E-002   1.6701E-002  -1.2820E-002   6.1918E-002  -5.9121E-002   4.1074E-003   4.6363E-001  -1.3688E-002   8.8328E-001   2.5111E+000  
 2.7752E+000   7.8524E-001   1.3260E+000   4.7867E-002  -3.6720E-001   1.7081E-001  -1.6319E-001  -7.2381E-002   4.2064E-002   2.6762E-001  -1.0117E-001  -4.8089E-002   1.3901E-002  -3.7161E-002   3.6921E-002   1.9552E-002   7.0378E-003  -6.1654E-002   5.8875E-002   4.0454E-001   2.2985E-001  -1.4567E-002   8.8282E-001   2.5292E+000  
 2.7757E+000  -7.5644E-001   1.3446E+000   4.7933E-002   3.3222E-001   2.3315E-001  -1.4305E-001   1.0438E-001  -4.1989E-002  -2.6666E-001  -9.9462E-002   1.2682E-002  -4.7538E-002   5.0650E-002   1.3656E-002   2.7451E-003   2.1872E-002   6.2108E-002  -5.8938E-002   4.0039E-001  -2.3694E-001  -1.3012E-002   8.8283E-001   2.4918E+000  
 2.7010E+000  -1.1401E+000  -1.1400E+000   5.7351E-002  -3.6142E-001  -1.8453E-005   1.0307E-001   1.0306E-001   1.5358E-001  -1.5362E-001  -9.4976E-002  -1.5582E-005   1.4494E-002  -4.4844E-002  -1.0560E-004  -1.1671E-002  -1.1678E-002   7.7093E-002  -7.7122E-002  -3.2616E-001  -3.2670E-001  -5.8809E-003   8.8629E-001   2.5174E+000  
 2.7226E+000   1.1143E+000  -1.1143E+000   7.8812E-002   3.0108E-001   6.5246E-005   1.3022E-001  -1.3027E-001   2.0038E-001   2.0026E-001  -8.5873E-002   6.5305E-005  -6.5677E-002   6.9615E-002  -2.1229E-005   5.7425E-003  -5.7767E-003  -4.8495E-003  -4.7005E-003  -3.3278E-001   3.3233E-001  -2.0981E-002   8.8585E-001   2.5601E+000  
 2.7010E+000   1.1401E+000   1.1401E+000   5.7353E-002  -3.6142E-001  -1.7159E-005  -1.0307E-001  -1.0306E-001  -1.5358E-001   1.5362E-001  -9.4976E-002  -1.5181E-005   1.4496E-002  -4.4844E-002  -1.0163E-004   1.1670E-002   1.1675E-002  -7.7096E-002   7.7118E-002   3.2616E-001   3.2670E-001  -5.8818E-003   8.8629E-001   2.5174E+000  
 2.7226E+000  -1.1143E+000   1.1143E+000   7.8813E-002   3.0108E-001   6.4149E-005  -1.3022E-001   1.3027E-001  -2.0038E-001  -2.0026E-001  -8.5874E-002   6.3756E-005  -6.5679E-002   6.9614E-002  -2.1420E-005  -5.7430E-003   5.7749E-003   4.8471E-003   4.6987E-003   3.3278E-001  -3.3233E-001  -2.0982E-002   8.8585E-001   2.5602E+000  
