-1.4193E-001   3.0161E-005   1.2699E-004   4.4834E-002  -5.0376E-003  -2.2298E-002  -1.1778E-007   2.3734E-008  -3.6002E-007  -8.2755E-008   8.0494E-002  -7.1863E-001  -1.6574E-001   2.7276E-003  -6.4443E-004  -1.7543E-006  -7.7338E-006   7.8961E-008   1.3219E-007   4.2963E-008  -3.1881E-007  -2.6462E-002   2.0685E-001   7.5586E-001  
 5.7652E-002  -1.2645E+000  -1.2204E-001   7.3176E-002  -5.4702E-003   3.4368E-002  -4.9860E-003  -2.0762E-002  -1.8435E-002  -7.7053E-002   7.5247E-002  -7.0844E-001  -1.6527E-001   5.3359E-003  -3.7147E-005   2.2012E-002   1.9751E-003   4.5098E-002   1.0525E-002  -2.0772E-005   1.8169E-005  -2.5376E-002   2.0862E-001   8.1491E-001  
 7.4984E-002  -7.3853E-001  -2.4007E-001   7.2610E-002   4.5430E-002  -5.3652E-002   1.6679E-002  -1.4798E-002  -7.8341E-002  -2.6034E-002   7.5135E-002  -7.2086E-001  -1.5798E-001   9.0030E-004   1.3270E-003   1.2636E-002   4.5877E-003   1.4233E-002   4.4783E-002  -8.9030E-006  -1.6348E-004  -2.5099E-002   2.0646E-001   8.0064E-001  
 8.0273E-002   5.2711E-001  -1.1813E-001   7.2441E-002  -5.6356E-002  -5.3661E-002   2.1625E-002   6.1723E-003  -5.9883E-002   5.7786E-002   7.5018E-002  -7.2088E-001  -1.7255E-001   1.9862E-003  -3.2193E-003  -9.2190E-003   2.6174E-003  -3.2407E-002   3.4287E-002  -1.7483E-005  -2.2290E-004  -2.5010E-002   2.0576E-001   8.1855E-001  
 5.7650E-002   1.2646E+000   1.2230E-001   7.3177E-002  -5.4682E-003   3.4368E-002   4.9856E-003   2.0762E-002   1.8435E-002   7.7052E-002   7.5247E-002  -7.0844E-001  -1.6527E-001   5.3358E-003  -3.7079E-005  -2.2016E-002  -1.9905E-003  -4.5098E-002  -1.0525E-002   2.0781E-005  -1.8710E-005  -2.5376E-002   2.0862E-001   8.1492E-001  
 7.4975E-002   7.3859E-001   2.4032E-001   7.2615E-002   4.5431E-002  -5.3654E-002  -1.6680E-002   1.4798E-002   7.8341E-002   2.6034E-002   7.5138E-002  -7.2086E-001  -1.5797E-001   9.0042E-004   1.3270E-003  -1.2640E-002  -4.6031E-003  -1.4233E-002  -4.4782E-002   8.9209E-006   1.6282E-004  -2.5099E-002   2.0646E-001   8.0064E-001  
 8.0265E-002  -5.2705E-001   1.1838E-001   7.2445E-002  -5.6356E-002  -5.3663E-002  -2.1626E-002  -6.1721E-003   5.9882E-002  -5.7786E-002   7.5021E-002  -7.2088E-001  -1.7255E-001   1.9863E-003  -3.2194E-003   9.2155E-003  -2.6329E-003   3.2407E-002  -3.4286E-002   1.7520E-005   2.2226E-004  -2.5010E-002   2.0576E-001   8.1855E-001  
 7.6072E-001  -2.6429E+000  -2.6938E-001   1.6020E-001  -7.3981E-003   1.7375E-001  -1.1184E-002  -3.8114E-002  -4.0457E-002  -1.4737E-001   4.5818E-002  -6.6908E-001  -1.6312E-001   1.4788E-002   2.2162E-003   5.0673E-002   4.7724E-003   9.2288E-002   2.2909E-002  -4.8134E-004  -1.8104E-005  -1.4588E-002   2.1135E-001   9.0233E-001  
 8.4922E-001  -1.5610E+000  -4.1186E-001   1.5087E-001   1.7255E-001  -1.3672E-001   4.9733E-002  -2.6024E-002  -1.7182E-001  -7.8396E-002   5.2669E-002  -7.2468E-001  -1.3322E-001  -5.8528E-003   8.7043E-003   2.5575E-002   2.5510E-003   3.5045E-002   9.7620E-002   1.8804E-004  -2.4142E-005  -2.1996E-002   2.0338E-001   8.9371E-001  
 8.7643E-001   1.0963E+000  -1.4577E-001   1.4808E-001  -1.8774E-001  -1.3692E-001   6.2289E-002   5.8979E-003  -1.3138E-001   1.4787E-001   5.4794E-002  -7.2409E-001  -1.9206E-001  -8.9664E-004  -1.2810E-002  -1.5981E-002  -4.4463E-003  -7.4149E-002   7.4704E-002  -2.3584E-004  -2.3071E-004  -2.4185E-002   1.9901E-001   8.8797E-001  
 7.6072E-001   2.6430E+000   2.6963E-001   1.6020E-001  -7.3937E-003   1.7375E-001   1.1183E-002   3.8113E-002   4.0454E-002   1.4737E-001   4.5820E-002  -6.6908E-001  -1.6311E-001   1.4788E-002   2.2164E-003  -5.0677E-002  -4.7878E-003  -9.2288E-002  -2.2909E-002   4.8128E-004   1.7455E-005  -1.4588E-002   2.1135E-001   9.0234E-001  
 8.4920E-001   1.5611E+000   4.1210E-001   1.5088E-001   1.7256E-001  -1.3672E-001  -4.9736E-002   2.6023E-002   1.7182E-001   7.8398E-002   5.2676E-002  -7.2468E-001  -1.3321E-001  -5.8525E-003   8.7044E-003  -2.5579E-002  -2.5669E-003  -3.5045E-002  -9.7620E-002  -1.8824E-004   2.3520E-005  -2.1995E-002   2.0338E-001   8.9370E-001  
 8.7641E-001  -1.0962E+000   1.4602E-001   1.4809E-001  -1.8774E-001  -1.3692E-001  -6.2292E-002  -5.8973E-003   1.3138E-001  -1.4787E-001   5.4799E-002  -7.2410E-001  -1.9206E-001  -8.9640E-004  -1.2810E-002   1.5977E-002   4.4306E-003   7.4149E-002  -7.4703E-002   2.3581E-004   2.3017E-004  -2.4185E-002   1.9901E-001   8.8797E-001  
 1.5775E+000  -3.4940E+000  -3.9231E-001   2.1560E-001  -1.0946E-002   1.4654E-001  -1.7797E-002  -3.5810E-002  -5.8144E-002  -1.5940E-001  -1.3840E-002  -6.2152E-001  -1.5790E-001   2.6092E-002   5.2789E-003   7.8488E-002   9.0819E-003   1.1512E-001   3.1570E-002  -2.9710E-003  -1.9611E-004   4.9438E-003   2.0779E-001   9.5391E-001  
 1.7753E+000  -2.1067E+000  -3.1157E-001   1.8298E-001   1.6049E-001  -1.4709E-001   1.1031E-001  -2.3558E-002  -2.4710E-001  -1.6668E-001   1.2921E-002  -7.1281E-001  -1.0953E-001  -1.4319E-002   2.0227E-002   3.5978E-002  -1.6197E-002   5.9783E-002   1.3425E-001   7.8185E-004   5.8036E-004  -1.9656E-002   1.9147E-001   8.4747E-001  
 1.8364E+000   1.4334E+000   7.0021E-002   1.7287E-001  -1.8348E-001  -1.4765E-001   1.3333E-001  -1.0251E-002  -1.8901E-001   2.6691E-001   2.1495E-002  -7.1161E-001  -2.0429E-001  -4.2328E-003  -2.7220E-002  -1.6602E-002  -3.1437E-002  -1.1348E-001   1.0269E-001  -1.0470E-003  -3.1763E-004  -2.7285E-002   1.8314E-001   8.5889E-001  
 1.5775E+000   3.4940E+000   3.9256E-001   2.1560E-001  -1.0939E-002   1.4654E-001   1.7795E-002   3.5808E-002   5.8140E-002   1.5940E-001  -1.3838E-002  -6.2152E-001  -1.5789E-001   2.6092E-002   5.2795E-003  -7.8492E-002  -9.0976E-003  -1.1512E-001  -3.1570E-002   2.9710E-003   1.9517E-004   4.9441E-003   2.0779E-001   9.5391E-001  
 1.7753E+000   2.1068E+000   3.1180E-001   1.8300E-001   1.6050E-001  -1.4710E-001  -1.1032E-001   2.3555E-002   2.4710E-001   1.6669E-001   1.2930E-002  -7.1282E-001  -1.0952E-001  -1.4319E-002   2.0227E-002  -3.5982E-002   1.6180E-002  -5.9783E-002  -1.3425E-001  -7.8240E-004  -5.8135E-004  -1.9655E-002   1.9147E-001   8.4746E-001  
 1.8364E+000  -1.4333E+000  -6.9788E-002   1.7288E-001  -1.8348E-001  -1.4766E-001  -1.3334E-001   1.0252E-002   1.8901E-001  -2.6692E-001   2.1502E-002  -7.1162E-001  -2.0429E-001  -4.2323E-003  -2.7221E-002   1.6598E-002   3.1421E-002   1.1348E-001  -1.0269E-001   1.0467E-003   3.1700E-004  -2.7284E-002   1.8314E-001   8.5888E-001  
 2.1763E+000  -3.8020E+000  -4.8259E-001   1.6757E-001  -1.5042E-002  -1.5186E-001  -2.3644E-002  -1.4916E-002  -7.1730E-002  -1.2777E-001  -9.1845E-002  -6.1048E-001  -1.5326E-001   2.7420E-002   7.4620E-003   7.1469E-002   1.2233E-002   1.0840E-001   3.6384E-002  -1.0604E-002  -1.3367E-003   4.5433E-003   1.9978E-001   9.4914E-001  
 2.4886E+000  -2.3507E+000   3.3727E-002   1.2588E-001  -7.7625E-002  -2.9335E-002   1.8933E-001  -6.3687E-003  -3.0494E-001  -2.8032E-001  -4.0518E-002  -6.9189E-001  -1.0677E-001  -1.8606E-002   3.1825E-002   3.6664E-002  -4.1278E-002   8.7654E-002   1.5495E-001   4.5084E-003   3.4582E-003  -1.8126E-002   1.8146E-001   8.1147E-001  
 2.5848E+000   1.5245E+000   4.9940E-001   1.1322E-001   4.3812E-002  -3.1461E-002   2.2426E-001  -4.1019E-002  -2.3323E-001   4.0580E-001  -2.4441E-002  -6.9181E-001  -1.9987E-001  -5.1849E-003  -4.0243E-002  -1.2634E-002  -5.8603E-002  -1.4802E-001   1.1850E-001  -4.8719E-003   1.9722E-004  -2.4979E-002   1.7018E-001   8.1780E-001  
 2.1763E+000   3.8020E+000   4.8283E-001   1.6758E-001  -1.5033E-002  -1.5186E-001   2.3640E-002   1.4913E-002   7.1724E-002   1.2777E-001  -9.1842E-002  -6.1048E-001  -1.5324E-001   2.7420E-002   7.4623E-003  -7.1473E-002  -1.2249E-002  -1.0840E-001  -3.6385E-002   1.0604E-002   1.3359E-003   4.5437E-003   1.9978E-001   9.4915E-001  
 2.4886E+000   2.3508E+000  -3.3511E-002   1.2591E-001  -7.7617E-002  -2.9343E-002  -1.8935E-001   6.3635E-003   3.0494E-001   2.8032E-001  -4.0507E-002  -6.9190E-001  -1.0676E-001  -1.8605E-002   3.1825E-002  -3.6668E-002   4.1262E-002  -8.7653E-002  -1.5494E-001  -4.5089E-003  -3.4591E-003  -1.8125E-002   1.8146E-001   8.1147E-001  
 2.5848E+000  -1.5244E+000  -4.9918E-001   1.1323E-001   4.3808E-002  -3.1470E-002  -2.2426E-001   4.1021E-002   2.3324E-001  -4.0581E-001  -2.4433E-002  -6.9182E-001  -1.9988E-001  -5.1841E-003  -4.0244E-002   1.2630E-002   5.8587E-002   1.4802E-001  -1.1850E-001   4.8713E-003  -1.9778E-004  -2.4978E-002   1.7017E-001   8.1780E-001  
 2.4691E+000  -3.8061E+000  -5.3433E-001   7.0905E-002  -1.8570E-002  -5.0857E-001  -2.7555E-002   2.2804E-003  -8.0345E-002  -9.0824E-002  -1.5736E-001  -6.3079E-001  -1.5121E-001   2.3570E-002   8.2847E-003   4.6455E-002   1.3516E-002   9.2044E-002   3.8108E-002  -1.5203E-002  -2.2667E-003  -2.0058E-003   1.9377E-001   9.2251E-001  
 2.8676E+000  -2.3990E+000   3.9003E-001   4.1455E-002  -3.6215E-001   1.1778E-001   2.5678E-001   1.2974E-002  -3.4167E-001  -3.7456E-001  -8.3871E-002  -6.7527E-001  -1.1751E-001  -1.8675E-002   3.8859E-002   3.2662E-002  -5.9486E-002   1.0829E-001   1.6237E-001   7.9135E-003   5.8441E-003  -1.7047E-002   1.7573E-001   7.9944E-001  
 2.9904E+000   1.4837E+000   9.0646E-001   3.2352E-002   3.1681E-001   1.1307E-001   3.0333E-001  -7.1695E-002  -2.6140E-001   5.1764E-001  -6.0785E-002  -6.7738E-001  -1.8853E-001  -4.2277E-003  -4.7399E-002  -8.3579E-003  -7.4558E-002  -1.6978E-001   1.2422E-001  -8.0896E-003   1.0701E-003  -2.1565E-002   1.6277E-001   7.9791E-001  
 2.4691E+000   3.8061E+000   5.3457E-001   7.0912E-002  -1.8560E-002  -5.0857E-001   2.7550E-002  -2.2840E-003   8.0338E-002   9.0822E-002  -1.5735E-001  -6.3078E-001  -1.5119E-001   2.3570E-002   8.2846E-003  -4.6459E-002  -1.3532E-002  -9.2045E-002  -3.8109E-002   1.5203E-002   2.2663E-003  -2.0054E-003   1.9377E-001   9.2251E-001  
 2.8675E+000   2.3990E+000  -3.8982E-001   4.1483E-002  -3.6214E-001   1.1777E-001  -2.5679E-001  -1.2980E-002   3.4167E-001   3.7457E-001  -8.3859E-002  -6.7528E-001  -1.1750E-001  -1.8674E-002   3.8859E-002  -3.2666E-002   5.9470E-002  -1.0829E-001  -1.6237E-001  -7.9136E-003  -5.8449E-003  -1.7046E-002   1.7573E-001   7.9943E-001  
 2.9903E+000  -1.4837E+000  -9.0624E-001   3.2374E-002   3.1680E-001   1.1306E-001  -3.0334E-001   7.1697E-002   2.6140E-001  -5.1765E-001  -6.0775E-002  -6.7740E-001  -1.8853E-001  -4.2270E-003  -4.7400E-002   8.3544E-003   7.4541E-002   1.6978E-001  -1.2422E-001   8.0889E-003  -1.0707E-003  -2.1564E-002   1.6277E-001   7.9802E-001  
 2.6444E+000  -3.0977E+000   1.1815E-001   7.3998E-002  -3.5404E-001  -7.7316E-002   1.7143E-001   7.6655E-003  -1.2126E-001  -3.5939E-001  -1.0290E-001  -6.5674E-001  -1.1347E-001   7.2837E-003   3.7464E-002   4.3359E-002  -3.9775E-002   1.3155E-001   1.0030E-001   1.1432E-002  -2.6413E-003  -1.0487E-002   1.8782E-001   8.2454E-001  
 2.7799E+000   2.3726E+000   8.4330E-001   6.2080E-002   3.0881E-001  -7.7218E-002   2.2556E-001  -6.1802E-002  -6.5344E-003   4.7336E-001  -7.8057E-002  -6.5667E-001  -1.9338E-001   2.2701E-002  -3.8785E-002  -2.2243E-002  -6.0912E-002  -1.8176E-001   4.9994E-002  -8.2148E-003  -6.0489E-003  -1.6440E-002   1.7837E-001   7.9220E-001  
 2.6443E+000   3.0977E+000  -1.1793E-001   7.4023E-002  -3.5403E-001  -7.7321E-002  -1.7144E-001  -7.6726E-003   1.2125E-001   3.5939E-001  -1.0288E-001  -6.5675E-001  -1.1346E-001   7.2843E-003   3.7464E-002  -4.3363E-002   3.9758E-002  -1.3155E-001  -1.0030E-001  -1.1432E-002   2.6405E-003  -1.0486E-002   1.8782E-001   8.2455E-001  
 2.7799E+000  -2.3725E+000  -8.4308E-001   6.2095E-002   3.0881E-001  -7.7226E-002  -2.2557E-001   6.1804E-002   6.5351E-003  -4.7336E-001  -7.8051E-002  -6.5669E-001  -1.9339E-001   2.2701E-002  -3.8786E-002   2.2239E-002   6.0896E-002   1.8176E-001  -4.9994E-002   8.2145E-003   6.0484E-003  -1.6440E-002   1.7837E-001   7.9218E-001  
