-1.9628E-001  -1.5384E-006  -2.5468E-005   3.1617E-002  -1.2320E-007  -1.5845E-007  -1.5141E-005  -2.8372E-007  -1.0018E+000  -1.1606E-004   8.0692E-002  -2.9246E-008  -2.4517E-008  -6.2831E-006   2.0271E-007   5.2465E-008  -4.5240E-005   1.2826E-005   1.1727E-001  -2.9552E-007  -2.2194E-005  -2.6492E-002   2.1495E-002   7.7163E-002  
 1.6619E-002  -7.3555E-001   2.5296E-003   5.9530E-002  -7.5896E-002   5.8728E-002   2.5479E-004   6.6664E-004  -1.0004E+000   2.1373E-003   7.5296E-002   8.3648E-003   9.8601E-003  -1.4253E-005   1.4698E-002   1.3065E-002  -8.7374E-005  -4.8819E-004   1.1690E-001  -5.7149E-006  -3.1991E-004  -2.5190E-002   2.2170E-002   9.0954E-002  
 1.6621E-002  -3.6556E-001  -6.3831E-001   5.9525E-002   1.2938E-002  -9.5104E-002   4.2060E-004   5.7085E-004  -1.0004E+000  -2.3720E-003   7.5307E-002   4.3594E-003   1.2185E-002  -1.2737E-002   7.3568E-003   6.5013E-003   1.1267E-002   5.1158E-004   1.1689E-001   2.4960E-004   1.1618E-004  -2.5197E-002   2.2163E-002   9.2539E-002  
 1.6621E-002   3.6555E-001  -6.3831E-001   5.9525E-002  -1.2923E-002  -9.5095E-002   4.2072E-004  -5.7150E-004  -1.0004E+000   2.1404E-003   7.5308E-002   4.3580E-003  -1.2187E-002  -1.2739E-002  -7.3535E-003  -6.5014E-003   1.1267E-002  -4.8580E-004   1.1689E-001  -2.5025E-004   1.1618E-004  -2.5197E-002   2.2163E-002   9.2539E-002  
 1.6619E-002   7.3555E-001   2.5295E-003   5.9530E-002   7.5895E-002   5.8746E-002   2.5481E-004  -6.6690E-004  -1.0004E+000  -2.3689E-003   7.5296E-002   8.3624E-003  -9.8601E-003  -1.7594E-005  -1.4697E-002  -1.3065E-002  -8.7351E-005   5.1402E-004   1.1690E-001   5.1625E-006  -3.1990E-004  -2.5191E-002   2.2170E-002   9.0944E-002  
 1.6613E-002   3.6998E-001   6.3569E-001   5.9537E-002   8.8809E-002   3.6366E-002  -7.3298E-004  -9.3286E-005  -1.0004E+000   2.1477E-003   7.5287E-002  -1.2722E-002   2.3181E-003   1.2730E-002  -7.3420E-003  -6.5621E-003  -1.1360E-002  -4.7860E-004   1.1688E-001   2.5491E-004   1.2461E-004  -2.5181E-002   2.2179E-002   9.0701E-002  
 1.6613E-002  -3.6999E-001   6.3569E-001   5.9537E-002  -8.8825E-002   3.6357E-002  -7.3287E-004   9.2664E-005  -1.0004E+000  -2.3794E-003   7.5287E-002  -1.2721E-002  -2.3160E-003   1.2732E-002   7.3395E-003   6.5620E-003  -1.1360E-002   5.0439E-004   1.1688E-001  -2.5563E-004   1.2458E-004  -2.5181E-002   2.2179E-002   9.0720E-002  
 7.7455E-001  -1.4841E+000   1.2626E-002   1.3984E-001  -1.6816E-001   2.0749E-001   1.2115E-003   1.4406E-002  -9.9495E-001   2.6253E-002   5.1285E-002   3.5386E-002   2.1995E-002  -2.5527E-004   3.2354E-002   2.3260E-002  -2.0083E-005  -5.5608E-003   1.1516E-001  -6.7031E-005  -1.4378E-003  -2.0307E-002   2.5789E-002   1.4318E-001  
 7.7451E-001  -7.3105E-001  -1.2916E+000   1.3980E-001   9.5671E-002  -2.4940E-001   1.1853E-002   8.2807E-003  -9.9494E-001  -2.6493E-002   5.1291E-002   1.3544E-003   4.1666E-002  -2.7915E-002   1.6396E-002   1.1664E-002   2.0059E-002   5.5745E-003   1.1515E-001   1.1924E-003   7.2045E-004  -2.0351E-002   2.5779E-002   1.4559E-001  
 7.7451E-001   7.3105E-001  -1.2916E+000   1.3980E-001  -9.5637E-002  -2.4938E-001   1.1853E-002  -8.2813E-003  -9.9494E-001   2.6263E-002   5.1291E-002   1.3516E-003  -4.1670E-002  -2.7919E-002  -1.6389E-002  -1.1664E-002   2.0059E-002  -5.5490E-003   1.1515E-001  -1.1929E-003   7.2056E-004  -2.0351E-002   2.5779E-002   1.4557E-001  
 7.7456E-001   1.4841E+000   1.2626E-002   1.3984E-001   1.6816E-001   2.0753E-001   1.2115E-003  -1.4406E-002  -9.9495E-001  -2.6484E-002   5.1285E-002   3.5381E-002  -2.1995E-002  -2.6263E-004  -3.2354E-002  -2.3260E-002  -2.0088E-005   5.5863E-003   1.1516E-001   6.6021E-005  -1.4378E-003  -2.0307E-002   2.5789E-002   1.4321E-001  
 7.7451E-001   7.5298E-001   1.2789E+000   1.3985E-001   2.6379E-001   4.1890E-002  -1.3100E-002  -6.1226E-003  -9.9495E-001   2.6277E-002   5.1285E-002  -3.6735E-002   1.9686E-002   2.8149E-002  -1.5949E-002  -1.1580E-002  -2.0227E-002  -5.5330E-003   1.1514E-001   1.2545E-003   6.5142E-004  -2.0280E-002   2.5807E-002   1.4340E-001  
 7.7451E-001  -7.5298E-001   1.2789E+000   1.3985E-001  -2.6382E-001   4.1870E-002  -1.3100E-002   6.1219E-003  -9.9495E-001  -2.6507E-002   5.1285E-002  -3.6732E-002  -1.9682E-002   2.8152E-002   1.5943E-002   1.1580E-002  -2.0227E-002   5.5586E-003   1.1514E-001  -1.2551E-003   6.5152E-004  -2.0280E-002   2.5807E-002   1.4343E-001  
 1.6756E+000  -1.8232E+000   2.7577E-002   1.7737E-001  -2.4677E-001   1.9715E-001   2.2721E-003   5.6191E-002  -9.8657E-001   9.1335E-002   6.9497E-003   5.7652E-002   3.3182E-002  -1.9981E-003   4.7250E-002   2.1252E-002   6.5999E-004  -1.9339E-002   1.1225E-001  -8.2243E-004  -2.7254E-003  -1.3993E-002   3.1605E-002   1.8998E-001  
 1.6754E+000  -8.8764E-001  -1.5928E+000   1.7732E-001   4.7445E-002  -3.1232E-001   4.7455E-002   3.0066E-002  -9.8656E-001  -9.1551E-002   6.8913E-003  -5.1548E-005   6.6559E-002  -3.9916E-002   2.5402E-002   1.1227E-002   1.7966E-002   1.9361E-002   1.1224E-001   1.9134E-003   2.0288E-003  -1.4087E-002   3.1564E-002   1.9423E-001  
 1.6754E+000   8.8764E-001  -1.5928E+000   1.7732E-001  -4.7396E-002  -3.1229E-001   4.7456E-002  -3.0067E-002  -9.8656E-001   9.1323E-002   6.8911E-003  -5.5540E-005  -6.6566E-002  -3.9921E-002  -2.5392E-002  -1.1228E-002   1.7966E-002  -1.9336E-002   1.1224E-001  -1.9137E-003   2.0293E-003  -1.4087E-002   3.1563E-002   1.9415E-001  
 1.6756E+000   1.8232E+000   2.7577E-002   1.7737E-001   2.4677E-001   1.9721E-001   2.2721E-003  -5.6191E-002  -9.8657E-001  -9.1563E-002   6.9499E-003   5.7644E-002  -3.3182E-002  -2.0086E-003  -4.7250E-002  -2.1252E-002   6.5996E-004   1.9363E-002   1.1225E-001   8.2099E-004  -2.7255E-003  -1.3993E-002   3.1606E-002   1.9002E-001  
 1.6754E+000   9.3547E-001   1.5651E+000   1.7738E-001   2.9415E-001   1.1512E-001  -4.9782E-002  -2.6074E-002  -9.8657E-001   9.1314E-002   6.8761E-003  -5.7571E-002   3.3362E-002   4.1961E-002  -2.1854E-002  -9.9569E-003  -1.8756E-002  -1.9328E-002   1.1220E-001   2.7514E-003   6.1199E-004  -1.3992E-002   3.1597E-002   1.9445E-001  
 1.6754E+000  -9.3547E-001   1.5652E+000   1.7738E-001  -2.9420E-001   1.1509E-001  -4.9781E-002   2.6073E-002  -9.8657E-001  -9.1543E-002   6.8764E-003  -5.7567E-002  -3.3355E-002   4.1966E-002   2.1845E-002   9.9567E-003  -1.8756E-002   1.9353E-002   1.1220E-001  -2.7520E-003   6.1257E-004  -1.3992E-002   3.1597E-002   1.9442E-001  
 2.3629E+000  -1.7577E+000   4.3060E-002   1.2250E-001  -3.0410E-001  -7.5647E-002   4.3467E-003   1.2049E-001  -9.7647E-001   1.8609E-001  -5.1886E-002   5.3989E-002   4.3149E-002  -7.8024E-003   6.0079E-002   3.3850E-003   1.9388E-003  -4.2282E-002   1.1138E-001  -3.2503E-003  -2.2241E-003  -1.2695E-002   3.4243E-002   1.9316E-001  
 2.3626E+000  -8.4153E-001  -1.5438E+000   1.2255E-001  -2.1726E-001  -2.2572E-001   1.0222E-001   6.4008E-002  -9.7659E-001  -1.8628E-001  -5.1827E-002   1.0297E-002   6.8378E-002  -4.8020E-002   3.6816E-002   3.3714E-003   2.0338E-003   4.2244E-002   1.1131E-001   2.6424E-004   4.0004E-003  -1.2702E-002   3.4334E-002   1.9394E-001  
 2.3626E+000   8.4152E-001  -1.5438E+000   1.2255E-001   2.1732E-001  -2.2569E-001   1.0222E-001  -6.4009E-002  -9.7659E-001   1.8605E-001  -5.1826E-002   1.0291E-002  -6.8387E-002  -4.8027E-002  -3.6803E-002  -3.3720E-003   2.0346E-003  -4.2219E-002   1.1131E-001  -2.6461E-004   4.0008E-003  -1.2702E-002   3.4334E-002   1.9391E-001  
 2.3629E+000   1.7577E+000   4.3060E-002   1.2250E-001   3.0410E-001  -7.5577E-002   4.3467E-003  -1.2049E-001  -9.7647E-001  -1.8631E-001  -5.1886E-002   5.3978E-002  -4.3149E-002  -7.8157E-003  -6.0079E-002  -3.3842E-003   1.9388E-003   4.2307E-002   1.1138E-001   3.2488E-003  -2.2242E-003  -1.2696E-002   3.4243E-002   1.9314E-001  
 2.3625E+000   9.1615E-001   1.5008E+000   1.2257E-001   8.6730E-002   3.0106E-001  -1.0654E-001  -5.6408E-002  -9.7646E-001   1.8606E-001  -5.1939E-002  -6.4400E-002   2.5232E-002   5.5962E-002  -2.3271E-002   9.6878E-005  -3.9610E-003  -4.2191E-002   1.1136E-001   3.5741E-003  -1.7224E-003  -1.2680E-002   3.4261E-002   1.9534E-001  
 2.3625E+000  -9.1615E-001   1.5008E+000   1.2257E-001  -8.6790E-002   3.0102E-001  -1.0654E-001   5.6406E-002  -9.7646E-001  -1.8629E-001  -5.1940E-002  -6.4395E-002  -2.5222E-002   5.5969E-002   2.3259E-002  -9.7555E-005  -3.9601E-003   4.2216E-002   1.1136E-001  -3.5748E-003  -1.7218E-003  -1.2680E-002   3.4261E-002   1.9531E-001  
 2.7222E+000  -1.5399E+000   5.4392E-002   3.4716E-002  -3.3532E-001  -4.0428E-001   6.8548E-003   1.7702E-001  -9.6760E-001   2.6714E-001  -1.0013E-001   3.5384E-002   5.0711E-002  -1.3403E-002   6.9343E-002  -1.6750E-002   3.4564E-003  -6.1870E-002   1.1253E-001  -4.4591E-003  -7.9952E-004  -1.3716E-002   3.4781E-002   2.1050E-001  
 2.7218E+000  -7.2296E-001  -1.3611E+000   3.4740E-002  -5.1726E-001  -8.8442E-002   1.4978E-001   9.4432E-002  -9.6769E-001  -2.6727E-001  -1.0014E-001   2.6175E-002   5.6060E-002  -5.3278E-002   4.6342E-002  -5.4046E-003  -1.6206E-002   6.1884E-002   1.1256E-001  -1.5645E-003   4.2494E-003  -1.3865E-002   3.4814E-002   2.1451E-001  
 2.7218E+000   7.2295E-001  -1.3611E+000   3.4742E-002   5.1732E-001  -8.8404E-002   1.4978E-001  -9.4434E-002  -9.6769E-001   2.6705E-001  -1.0014E-001   2.6168E-002  -5.6072E-002  -5.3285E-002  -4.6328E-002   5.4035E-003  -1.6204E-002  -6.1858E-002   1.1256E-001   1.5641E-003   4.2499E-003  -1.3864E-002   3.4815E-002   2.1455E-001  
 2.7222E+000   1.5399E+000   5.4392E-002   3.4714E-002   3.3531E-001  -4.0421E-001   6.8548E-003  -1.7701E-001  -9.6760E-001  -2.6737E-001  -1.0013E-001   3.5371E-002  -5.0711E-002  -1.3418E-002  -6.9343E-002   1.6753E-002   3.4565E-003   6.1896E-002   1.1253E-001   4.4578E-003  -7.9963E-004  -1.3716E-002   3.4781E-002   2.1047E-001  
 2.7218E+000   8.1717E-001   1.3068E+000   3.4769E-002  -1.8205E-001   4.9233E-001  -1.5677E-001  -8.2508E-002  -9.6762E-001   2.6706E-001  -1.0014E-001  -6.1573E-002   5.3631E-003   6.6808E-002  -2.3003E-002   1.1455E-002   1.2787E-002  -6.1799E-002   1.1251E-001   2.9328E-003  -3.4468E-003  -1.3772E-002   3.4849E-002   2.2323E-001  
 2.7218E+000  -8.1718E-001   1.3068E+000   3.4767E-002   1.8198E-001   4.9229E-001  -1.5677E-001   8.2505E-002  -9.6762E-001  -2.6728E-001  -1.0014E-001  -6.1566E-002  -5.3513E-003   6.6816E-002   2.2989E-002  -1.1457E-002   1.2789E-002   6.1824E-002   1.1251E-001  -2.9335E-003  -3.4464E-003  -1.3773E-002   3.4849E-002   2.2326E-001  
 2.6641E+000  -1.0706E+000  -1.1228E+000   6.1662E-002  -5.6115E-001  -2.3316E-001   1.2000E-001   1.2631E-001  -7.9115E-001  -1.7855E-001  -8.6650E-002   3.4756E-002   7.8529E-002  -3.6117E-002   4.7620E-002  -1.9468E-003  -5.1429E-003   3.9905E-002   7.2258E-002   4.2154E-003   2.8595E-003  -9.8671E-003   3.4796E-002   1.8471E-001  
 2.6641E+000   1.0706E+000  -1.1227E+000   6.1664E-002   5.6120E-001  -2.3311E-001   1.2001E-001  -1.2631E-001  -7.9115E-001   1.7833E-001  -8.6649E-002   3.4748E-002  -7.8538E-002  -3.6127E-002  -4.7609E-002   1.9459E-003  -5.1417E-003  -3.9880E-002   7.2258E-002  -4.2158E-003   2.8595E-003  -9.8664E-003   3.4796E-002   1.8463E-001  
 2.6522E+000   1.1816E+000   1.1294E+000   4.8201E-002  -1.0126E-001   2.3316E-001  -1.1354E-001  -1.0723E-001  -1.1451E+000   1.7536E-001  -9.3852E-002  -3.4755E-002   1.5949E-003   6.0885E-002  -4.7621E-002   1.5552E-002   1.2356E-002  -4.1975E-002   1.5414E-001  -1.9118E-003  -3.2602E-003  -1.7034E-002   3.3930E-002   1.8921E-001  
 2.6522E+000  -1.1816E+000   1.1295E+000   4.8199E-002   1.0121E-001   2.3311E-001  -1.1354E-001   1.0723E-001  -1.1451E+000  -1.7559E-001  -9.3853E-002  -3.4747E-002  -1.5856E-003   6.0895E-002   4.7610E-002  -1.5553E-002   1.2357E-002   4.2000E-002   1.5414E-001   1.9112E-003  -3.2600E-003  -1.7034E-002   3.3930E-002   1.8919E-001  
