-1.4160E-001  -6.9452E-006  -1.4247E-005   4.4864E-002  -1.2394E-004   1.7631E-006   2.8122E-007  -2.3416E-007  -6.6739E-007  -1.3287E-007   8.0505E-002   9.5753E-007   7.2725E-005  -7.4091E-006   1.0106E-005  -1.2610E-007   9.2395E-007   1.7736E-006   1.4035E-006  -7.7245E-007   1.5149E-007  -2.6469E-002   9.6933E-001   2.2460E+000  
 7.1277E-002  -7.3597E-001   1.0985E-004   7.2777E-002  -3.7507E-004   5.8738E-002   1.7065E-004   6.2433E-004   5.3992E-004   2.2533E-003   7.5111E-002   8.3680E-003  -2.6124E-004  -2.1430E-005   6.0142E-003   1.3076E-002   2.3766E-004  -4.9860E-004   4.0689E-004  -1.0458E-004   1.2794E-001  -2.5165E-002   9.6434E-001   2.3938E+000  
 7.1129E-002  -3.6793E-001  -6.3713E-001   7.2536E-002   5.0621E-002  -2.9113E-002   8.9643E-004   3.8723E-004  -3.8524E-004  -2.4704E-003   7.4791E-002  -3.8319E-003   7.1595E-003   5.4734E-003  -2.9798E-003   6.6437E-003   1.1793E-002   2.2251E-004  -2.1117E-004   1.1049E-001   6.3864E-002  -2.5526E-002   9.6446E-001   2.4092E+000  
 7.1419E-002   3.6803E-001  -6.3762E-001   7.3016E-002  -5.1123E-002  -2.9616E-002   1.8638E-004  -2.3529E-004   3.9179E-004   2.0514E-003   7.5430E-002  -4.5267E-003  -7.3478E-003  -5.4807E-003  -3.0042E-003  -6.4315E-003   1.0856E-002  -7.6524E-004   2.1973E-004   1.1059E-001  -6.3703E-002  -2.4806E-002   9.6446E-001   2.4000E+000  
 7.1277E-002   7.3595E-001  -1.3830E-004   7.2777E-002  -3.7594E-004   5.8738E-002  -1.7018E-004  -6.2469E-004  -5.4142E-004  -2.2536E-003   7.5111E-002   8.3678E-003  -2.6244E-004  -2.1707E-005   6.0129E-003  -1.3076E-002  -2.3612E-004   5.0208E-004  -4.0448E-004   1.0279E-004  -1.2794E-001  -2.5165E-002   9.6434E-001   2.3937E+000  
 7.1131E-002   3.6791E-001   6.3710E-001   7.2536E-002   5.0621E-002  -2.9114E-002  -8.9639E-004  -3.8761E-004   3.8434E-004   2.4700E-003   7.4791E-002  -3.8333E-003   7.1590E-003   5.4744E-003  -2.9807E-003  -6.6440E-003  -1.1792E-002  -2.1911E-004   2.1435E-004  -1.1049E-001  -6.3864E-002  -2.5525E-002   9.6446E-001   2.4092E+000  
 7.1420E-002  -3.6804E-001   6.3759E-001   7.3016E-002  -5.1123E-002  -2.9617E-002  -1.8662E-004   2.3497E-004  -3.9283E-004  -2.0517E-003   7.5430E-002  -4.5280E-003  -7.3471E-003  -5.4790E-003  -3.0039E-003   6.4315E-003  -1.0855E-002   7.6876E-004  -2.1679E-004  -1.1059E-001   6.3703E-002  -2.4805E-002   9.6446E-001   2.4000E+000  
 8.2913E-001  -1.4850E+000   3.0663E-004   1.5308E-001  -8.0624E-004   2.0750E-001  -9.6300E-005   1.4317E-002   3.0733E-003   2.6366E-002   5.1103E-002   3.5393E-002  -3.2023E-005  -2.8482E-004   2.9714E-002   2.3288E-002   7.2562E-004  -5.5730E-003  -5.3660E-005  -2.8341E-004   2.8250E-001  -2.0279E-002   9.4672E-001   2.5546E+000  
 8.2876E-001  -7.4211E-001  -1.2857E+000   1.5251E-001   1.7933E-001  -1.0368E-001   1.2611E-002   8.1772E-003  -2.3211E-003  -2.6448E-002   5.0405E-002  -1.8370E-002   2.9923E-002   2.6166E-002  -1.4779E-002   1.2217E-002   2.0881E-002   5.4612E-003   1.0306E-003   2.4476E-001   1.4148E-001  -2.1125E-002   9.4650E-001   2.5556E+000  
 8.2940E-001   7.4283E-001  -1.2864E+000   1.5362E-001  -1.8012E-001  -1.0381E-001   1.2192E-002  -6.1358E-003   2.3295E-003   2.6323E-002   5.1803E-002  -1.7013E-002  -3.1444E-002  -2.5914E-002  -1.5269E-002  -1.1053E-002   1.9459E-002  -5.6424E-003  -1.0181E-003   2.4504E-001  -1.4104E-001  -1.9457E-002   9.4650E-001   2.5320E+000  
 8.2913E-001   1.4850E+000  -3.3452E-004   1.5308E-001  -8.0754E-004   2.0750E-001   9.6859E-005  -1.4316E-002  -3.0743E-003  -2.6366E-002   5.1103E-002   3.5392E-002  -3.3700E-005  -2.8561E-004   2.9712E-002  -2.3287E-002  -7.2421E-004   5.5764E-003   5.6059E-005   2.8111E-004  -2.8250E-001  -2.0281E-002   9.4672E-001   2.5546E+000  
 8.2877E-001   7.4210E-001   1.2857E+000   1.5251E-001   1.7933E-001  -1.0368E-001  -1.2610E-002  -8.1772E-003   2.3200E-003   2.6448E-002   5.0405E-002  -1.8370E-002   2.9923E-002   2.6166E-002  -1.4781E-002  -1.2217E-002  -2.0879E-002  -5.4577E-003  -1.0281E-003  -2.4476E-001  -1.4148E-001  -2.1125E-002   9.4650E-001   2.5556E+000  
 8.2941E-001  -7.4284E-001   1.2864E+000   1.5362E-001  -1.8012E-001  -1.0381E-001  -1.2191E-002   6.1352E-003  -2.3307E-003  -2.6323E-002   5.1803E-002  -1.7013E-002  -3.1442E-002  -2.5912E-002  -1.5270E-002   1.1053E-002  -1.9457E-002   5.6457E-003   1.0204E-003  -2.4504E-001   1.4104E-001  -1.9457E-002   9.4650E-001   2.5319E+000  
 1.7301E+000  -1.8245E+000  -1.0267E-003   1.9061E-001  -1.3265E-003   1.9716E-001  -1.2688E-003   5.6065E-002   3.4213E-003   9.1448E-002   6.7712E-003   5.7670E-002  -1.5741E-003  -2.0516E-003   6.2642E-002   2.1298E-002  -2.0346E-003  -1.9345E-002  -6.9791E-003  -1.1325E-003   4.0515E-001  -1.3964E-002   9.2513E-001   2.6319E+000  
 1.7301E+000  -9.1103E-001  -1.5808E+000   1.9073E-001   1.7119E-001  -9.7816E-002   4.7789E-002   2.9710E-002  -3.0377E-003  -9.1802E-002   7.1609E-003  -2.8024E-002   5.0320E-002   5.5101E-002  -2.9340E-002   1.2964E-002   1.7128E-002   1.8820E-002   7.5634E-003   3.5077E-001   2.0375E-001  -1.3781E-002   9.2492E-001   2.6350E+000  
 1.7296E+000   9.1340E-001  -1.5795E+000   1.9044E-001  -1.7037E-001  -9.9351E-002   4.9233E-002  -2.6301E-002   3.0482E-003   9.1064E-002   6.2487E-003  -2.9613E-002  -4.9634E-002  -5.3014E-002  -3.2973E-002  -8.2636E-003   1.9678E-002  -1.9857E-002  -7.5208E-003   3.5192E-001  -2.0180E-001  -1.4244E-002   9.2492E-001   2.6287E+000  
 1.7301E+000   1.8245E+000   1.0004E-003   1.9061E-001  -1.3297E-003   1.9716E-001   1.2705E-003  -5.6063E-002  -3.4205E-003  -9.1446E-002   6.7708E-003   5.7667E-002  -1.5783E-003  -2.0538E-003   6.2639E-002  -2.1296E-002   2.0372E-003   1.9350E-002   6.9830E-003   1.1296E-003  -4.0515E-001  -1.3965E-002   9.2513E-001   2.6318E+000  
 1.7301E+000   9.1102E-001   1.5808E+000   1.9072E-001   1.7119E-001  -9.7818E-002  -4.7787E-002  -2.9708E-002   3.0382E-003   9.1802E-002   7.1595E-003  -2.8026E-002   5.0319E-002   5.5101E-002  -2.9342E-002  -1.2962E-002  -1.7125E-002  -1.8817E-002  -7.5594E-003  -3.5077E-001  -2.0375E-001  -1.3782E-002   9.2492E-001   2.6351E+000  
 1.7296E+000  -9.1342E-001   1.5795E+000   1.9044E-001  -1.7037E-001  -9.9352E-002  -4.9231E-002   2.6300E-002  -3.0466E-003  -9.1063E-002   6.2472E-003  -2.9613E-002  -4.9629E-002  -5.3008E-002  -3.2972E-002   8.2626E-003  -1.9676E-002   1.9861E-002   7.5258E-003  -3.5192E-001   2.0180E-001  -1.4245E-002   9.2491E-001   2.6287E+000  
 2.4172E+000  -1.7593E+000  -8.0954E-003   1.3573E-001  -1.5776E-002  -7.5629E-002  -9.6270E-003   1.2035E-001  -1.4757E-002   1.8622E-001  -5.2058E-002   5.4026E-002  -1.8757E-002  -7.8602E-003   6.7556E-002   3.4451E-003  -1.0863E-002  -4.2268E-002  -3.3803E-002  -3.6013E-003   4.5927E-001  -1.2668E-002   9.0164E-001   2.5883E+000  
 2.4172E+000  -8.7316E-001  -1.5282E+000   1.3577E-001  -5.8131E-002   5.1007E-002   9.8947E-002   6.7987E-002   1.4707E-002  -1.8647E-001  -5.1374E-002  -1.1194E-002   5.5100E-002   6.3145E-002  -2.7431E-002   1.0334E-002  -3.0909E-003   4.1696E-002   3.4098E-002   3.9678E-001   2.3364E-001  -1.2386E-002   9.0090E-001   2.5959E+000  
 2.4166E+000   8.8612E-001  -1.5192E+000   1.3581E-001   7.2429E-002   2.4351E-002   1.0957E-001  -5.2284E-002  -1.4836E-002   1.8591E-001  -5.2731E-002  -4.2951E-002  -3.8586E-002  -5.5156E-002  -4.1066E-002   6.9980E-003   9.2021E-003  -4.2685E-002  -3.4148E-002   4.0044E-001  -2.2731E-001  -1.2939E-002   9.0096E-001   2.5971E+000  
 2.4172E+000   1.7593E+000   8.0714E-003   1.3573E-001  -1.5781E-002  -7.5632E-002   9.6304E-003  -1.2035E-001   1.4760E-002  -1.8621E-001  -5.2057E-002   5.4024E-002  -1.8763E-002  -7.8644E-003   6.7552E-002  -3.4448E-003   1.0867E-002   4.2274E-002   3.3809E-002   3.6007E-003  -4.5927E-001  -1.2667E-002   9.0165E-001   2.5883E+000  
 2.4172E+000   8.7315E-001   1.5282E+000   1.3577E-001  -5.8132E-002   5.1004E-002  -9.8946E-002  -6.7985E-002  -1.4705E-002   1.8647E-001  -5.1377E-002  -1.1197E-002   5.5096E-002   6.3145E-002  -2.7435E-002  -1.0331E-002   3.0931E-003  -4.1693E-002  -3.4092E-002  -3.9678E-001  -2.3364E-001  -1.2388E-002   9.0090E-001   2.5958E+000  
 2.4166E+000  -8.8614E-001   1.5192E+000   1.3581E-001   7.2433E-002   2.4352E-002  -1.0957E-001   5.2283E-002   1.4838E-002  -1.8590E-001  -5.2732E-002  -4.2949E-002  -3.8582E-002  -5.5152E-002  -4.1067E-002  -6.9982E-003  -9.1992E-003   4.2690E-002   3.4151E-002  -4.0044E-001   2.2731E-001  -1.2939E-002   9.0095E-001   2.5971E+000  
 2.7765E+000  -1.5417E+000  -1.6936E-002   4.7930E-002  -3.6439E-002  -4.0426E-001  -1.8660E-002   1.7686E-001  -4.2364E-002   2.6729E-001  -1.0030E-001   3.5427E-002  -3.5510E-002  -1.3451E-002   5.0885E-002  -1.6699E-002  -1.2815E-002  -6.1841E-002  -5.9116E-002  -4.8137E-003   4.6363E-001  -1.3704E-002   8.8328E-001   2.5109E+000  
 2.7763E+000  -7.5657E-001  -1.3448E+000   4.8011E-002  -3.3218E-001   2.3313E-001   1.4308E-001   1.0439E-001   4.1994E-002  -2.6672E-001  -9.9458E-002   1.2664E-002   4.7578E-002   5.0689E-002  -1.3580E-002   2.7478E-003  -2.1862E-002   6.2029E-002   5.8939E-002   4.0004E-001   2.3755E-001  -1.3026E-002   8.8283E-001   2.4920E+000  
 2.7758E+000   7.8534E-001  -1.3262E+000   4.7942E-002   3.6715E-001   1.7078E-001   1.6322E-001  -7.2391E-002  -4.2065E-002   2.6768E-001  -1.0117E-001  -4.8113E-002  -1.3939E-002  -3.7122E-002  -3.6990E-002   1.9553E-002  -7.0279E-003  -6.1568E-002  -5.8878E-002   4.0489E-001  -2.2924E-001  -1.4583E-002   8.8282E-001   2.5294E+000  
 2.7765E+000   1.5417E+000   1.6913E-002   4.7933E-002  -3.6445E-002  -4.0426E-001   1.8663E-002  -1.7686E-001   4.2367E-002  -2.6729E-001  -1.0030E-001   3.5428E-002  -3.5517E-002  -1.3455E-002   5.0882E-002   1.6696E-002   1.2820E-002   6.1846E-002   5.9121E-002   4.8136E-003  -4.6363E-001  -1.3700E-002   8.8328E-001   2.5108E+000  
 2.7763E+000   7.5656E-001   1.3448E+000   4.8006E-002  -3.3218E-001   2.3312E-001  -1.4308E-001  -1.0439E-001  -4.1990E-002   2.6672E-001  -9.9460E-002   1.2661E-002   4.7574E-002   5.0690E-002  -1.3584E-002  -2.7451E-003   2.1863E-002  -6.2026E-002  -5.8932E-002  -4.0004E-001  -2.3755E-001  -1.3027E-002   8.8283E-001   2.4920E+000  
 2.7758E+000  -7.8536E-001   1.3262E+000   4.7940E-002   3.6715E-001   1.7078E-001  -1.6322E-001   7.2390E-002   4.2063E-002  -2.6768E-001  -1.0117E-001  -4.8110E-002  -1.3937E-002  -3.7121E-002  -3.6992E-002  -1.9552E-002   7.0290E-003   6.1572E-002   5.8880E-002  -4.0489E-001   2.2924E-001  -1.4582E-002   8.8282E-001   2.5294E+000  
 2.7232E+000  -1.1145E+000  -1.1145E+000   7.8880E-002  -3.0107E-001   1.8478E-005   1.3024E-001   1.3025E-001   2.0035E-001  -2.0030E-001  -8.5872E-002   1.5606E-005   6.5687E-002   6.9609E-002   1.0558E-004  -5.7541E-003  -5.7472E-003   4.7856E-003  -4.7569E-003   3.3228E-001   3.3283E-001  -2.0976E-002   8.8585E-001   2.5603E+000  
 2.7016E+000   1.1402E+000  -1.1402E+000   5.7419E-002   3.6141E-001  -6.5223E-005   1.0309E-001  -1.0304E-001   1.5354E-001   1.5367E-001  -9.4974E-002  -6.5282E-005  -1.4503E-002  -4.4850E-002   2.1257E-005   1.1682E-002  -1.1648E-002  -7.7029E-002  -7.7178E-002   3.2666E-001  -3.2621E-001  -5.8756E-003   8.8629E-001   2.5175E+000  
 2.7232E+000   1.1144E+000   1.1145E+000   7.8878E-002  -3.0108E-001   1.7186E-005  -1.3024E-001  -1.3025E-001  -2.0034E-001   2.0030E-001  -8.5871E-002   1.5207E-005   6.5684E-002   6.9609E-002   1.0160E-004   5.7544E-003   5.7493E-003  -4.7828E-003   4.7603E-003  -3.3228E-001  -3.3283E-001  -2.0975E-002   8.8585E-001   2.5604E+000  
 2.7016E+000  -1.1403E+000   1.1402E+000   5.7418E-002   3.6141E-001  -6.4124E-005  -1.0309E-001   1.0304E-001  -1.5354E-001  -1.5367E-001  -9.4974E-002  -6.3733E-005  -1.4501E-002  -4.4849E-002   2.1449E-005  -1.1682E-002   1.1650E-002   7.7032E-002   7.7180E-002  -3.2666E-001   3.2621E-001  -5.8749E-003   8.8629E-001   2.5175E+000  
