-1.4192E-001  -3.1220E-004   1.6093E-006   4.4830E-002  -1.0712E-007  -2.6095E-007   2.3267E-006  -1.8217E-004  -1.1388E-005  -2.5262E-002   8.0509E-002   3.5898E-007  -3.7407E-007  -6.0594E-006   4.6312E-007  -6.4495E-004   2.7759E-006  -7.2460E-001   4.4721E-005  -3.1262E-004   5.2756E-007  -2.6469E-002   2.7233E-001   9.3249E-001  
 7.0854E-002  -7.5033E-001   1.9396E-006   7.2772E-002   3.9640E-006  -1.8509E-002   1.6262E-006   9.3821E-004  -1.1560E-005  -2.5444E-002   7.5256E-002  -2.2474E-002   2.9884E-006  -7.9806E-002   4.9124E-006   1.2580E-002   2.6730E-006  -7.2114E-001   4.4030E-005   3.2607E-003   4.7827E-007  -2.5224E-002   2.7907E-001   1.0407E+000  
 7.1149E-002  -3.6134E-001  -6.2524E-001   7.2560E-002   1.1786E-001  -6.7987E-002   1.0654E-004  -2.0008E-004  -5.3027E-005  -2.9888E-002   7.5174E-002  -1.9547E-002   3.4018E-002  -3.9952E-002  -6.9051E-002   5.5915E-003   1.0967E-002  -7.2012E-001  -3.6895E-006  -2.1586E-003   3.2231E-003  -2.5332E-002   2.7887E-001   1.0298E+000  
 7.0762E-002   3.7458E-001  -6.4943E-001   7.2924E-002   1.6111E-002   9.2571E-003   9.7925E-004  -8.2346E-004   4.0291E-005  -2.5368E-002   7.5056E-002   1.1188E-002   1.9509E-002   3.9937E-002  -6.9071E-002  -7.4830E-003   1.1682E-002  -7.2111E-001   1.0039E-004  -2.1531E-003  -3.2318E-003  -2.5002E-002   2.7914E-001   1.0520E+000  
 7.1060E-002   7.2153E-001   2.5501E-006   7.2711E-002  -4.3119E-006   1.3598E-001   1.8673E-006  -3.1552E-004  -1.1275E-005  -2.9950E-002   7.4971E-002   3.9204E-002  -3.8207E-006   7.9775E-002  -4.0632E-006  -1.3573E-002   2.4495E-006  -7.2013E-001   4.3787E-005   3.2727E-003   8.2098E-009  -2.5111E-002   2.7884E-001   1.0218E+000  
 7.0761E-002   3.7458E-001   6.4943E-001   7.2923E-002  -1.6116E-002   9.2517E-003  -9.7771E-004  -8.2431E-004  -6.1221E-005  -2.5368E-002   7.5056E-002   1.1184E-002  -1.9513E-002   3.9946E-002   6.9067E-002  -7.4839E-003  -1.1679E-002  -7.2111E-001  -1.0065E-005  -2.1536E-003   3.2310E-003  -2.5001E-002   2.7914E-001   1.0520E+000  
 7.1148E-002  -3.6134E-001   6.2524E-001   7.2560E-002  -1.1786E-001  -6.7993E-002  -1.0435E-004  -1.9933E-004   3.1885E-005  -2.9888E-002   7.5173E-002  -1.9551E-002  -3.4016E-002  -3.9943E-002   6.9058E-002   5.5922E-003  -1.0965E-002  -7.2012E-001   9.3192E-005  -2.1598E-003  -3.2234E-003  -2.5331E-002   2.7887E-001   1.0298E+000  
 8.2973E-001  -1.5568E+000   2.9554E-006   1.4865E-001   7.3025E-006   3.8786E-002   1.9927E-007   2.2642E-002  -1.2717E-005  -1.1949E-002   5.6733E-002  -3.7139E-002   5.0360E-006  -1.7481E-001   9.8213E-006   1.6441E-002   6.1323E-007  -7.0703E-001   4.0532E-005   1.6909E-002  -1.1662E-006  -2.7046E-002   3.0066E-001   1.1458E+000  
 8.2794E-001  -7.0710E-001  -1.2241E+000   1.5687E-001   3.2585E-001  -1.8805E-001   5.2417E-003   2.8516E-003  -8.5837E-005  -6.4719E-002   4.5638E-002  -5.3889E-002   9.3349E-002  -8.7121E-002  -1.5064E-001   1.3764E-002   2.5313E-002  -6.9612E-001  -2.6346E-005  -8.9745E-003   1.4980E-002  -1.4274E-002   2.9847E-001   1.1827E+000  
 8.2960E-001   7.7777E-001  -1.3479E+000   1.4919E-001  -3.3596E-002  -1.9440E-002   1.9561E-002  -1.1462E-002   7.4288E-005  -1.1948E-002   5.6577E-002   1.8510E-002   3.1981E-002   8.7338E-002  -1.5110E-001  -9.5036E-003   1.5018E-002  -7.0723E-001   1.2285E-004  -8.9153E-003  -1.4909E-002  -2.6314E-002   3.0082E-001   1.1709E+000  
 8.2790E-001   1.4130E+000   4.5700E-006   1.5742E-001  -7.7352E-006   3.7620E-001   3.4984E-007  -5.9943E-003  -1.2318E-005  -6.4687E-002   4.5474E-002   1.0792E-001  -5.8133E-006   1.7430E-001  -8.8528E-006  -3.0130E-002   2.9053E-007  -6.9588E-001   4.0213E-005   1.7044E-002  -2.4041E-006  -1.3524E-002   2.9838E-001   1.1562E+000  
 8.2960E-001   7.7778E-001   1.3479E+000   1.4919E-001   3.3589E-002  -1.9451E-002  -1.9560E-002  -1.1464E-002  -9.5576E-005  -1.1948E-002   5.6575E-002   1.8502E-002  -3.1986E-002   8.7356E-002   1.5109E-001  -9.5070E-003  -1.5017E-002  -7.0723E-001  -3.7657E-005  -8.9132E-003   1.4909E-002  -2.6312E-002   3.0082E-001   1.1709E+000  
 8.2793E-001  -7.0710E-001   1.2241E+000   1.5687E-001  -3.2585E-001  -1.8806E-001  -5.2401E-003   2.8533E-003   6.4140E-005  -6.4720E-002   4.5637E-002  -5.3897E-002  -9.3345E-002  -8.7104E-002   1.5066E-001   1.3766E-002  -2.5312E-002  -6.9612E-001   1.1066E-004  -8.9805E-003  -1.4979E-002  -1.4272E-002   2.9847E-001   1.1827E+000  
 1.7282E+000  -1.9846E+000   5.5931E-006   1.7623E-001   9.8469E-006  -4.9913E-002  -7.3260E-007   7.1201E-002  -1.1744E-005   3.0385E-002   1.2658E-002  -6.3833E-002   6.8940E-006  -2.5727E-001   1.4028E-005  -1.6747E-003   2.1682E-007  -6.9203E-001   3.7622E-005   3.0378E-002  -1.6643E-006  -3.0715E-002   3.1722E-001   1.1841E+000  
 1.7312E+000  -8.3225E-001  -1.4411E+000   2.0468E-001   3.8481E-001  -2.2222E-001   3.5182E-002   2.0078E-002   6.9881E-005  -1.5293E-001   8.9781E-004  -8.9676E-002   1.5549E-001  -1.2665E-001  -2.1913E-001   2.1733E-002   3.8699E-002  -6.5363E-001  -3.6935E-005  -1.6424E-002   2.7698E-002   2.3200E-003   3.1137E-001   1.2713E+000  
 1.7280E+000   9.9208E-001  -1.7189E+000   1.7640E-001   4.3248E-002   2.5065E-002   6.1840E-002  -3.5931E-002  -8.1507E-005   2.9936E-002   1.2514E-002   3.2051E-002   5.5535E-002   1.2867E-001  -2.2269E-001   5.1546E-004  -1.9133E-003  -6.9232E-001   1.5398E-004  -1.5591E-002  -2.6276E-002  -3.0356E-002   3.1699E-001   1.1958E+000  
 1.7314E+000   1.6642E+000   8.5569E-006   2.0491E-001  -1.0420E-005   4.4423E-001  -1.1045E-006  -4.0928E-002  -1.1298E-005  -1.5252E-001   8.8502E-004   1.7916E-001  -7.8841E-006   2.5326E-001  -1.2886E-005  -4.4254E-002   3.0287E-008  -6.5333E-001   3.8039E-005   3.2024E-002  -3.3575E-006   2.7712E-003   3.1158E-001   1.2602E+000  
 1.7280E+000   9.9209E-001   1.7189E+000   1.7640E-001  -4.3257E-002   2.5048E-002  -6.1837E-002  -3.5936E-002   6.1396E-005   2.9937E-002   1.2513E-002   3.2038E-002  -5.5541E-002   1.2870E-001   2.2268E-001   5.1101E-004   1.9127E-003  -6.9232E-001  -7.5830E-005  -1.5588E-002   2.6278E-002  -3.0355E-002   3.1699E-001   1.1957E+000  
 1.7312E+000  -8.3226E-001   1.4411E+000   2.0468E-001  -3.8481E-001  -2.2224E-001  -3.5179E-002   2.0082E-002  -9.1224E-005  -1.5293E-001   8.9781E-004  -8.9687E-002  -1.5548E-001  -1.2663E-001   2.1915E-001   2.1737E-002  -3.8699E-002  -6.5363E-001   1.1457E-004  -1.6434E-002  -2.7694E-002   2.3211E-003   3.1137E-001   1.2713E+000  
 2.3921E+000  -2.0419E+000   8.9888E-006   7.9438E-002   1.2164E-005  -4.1335E-001  -1.7369E-006   1.0158E-001  -1.0359E-005   6.8534E-002  -7.6272E-002  -1.4990E-001   9.0220E-006  -3.4839E-001   1.8389E-005  -7.6335E-002   8.2890E-007  -7.1708E-001   3.5996E-005   2.1002E-002  -8.1843E-007  -5.8589E-002   3.1030E-001   1.2005E+000  
 2.4413E+000  -7.3867E-001  -1.2790E+000   1.9127E-001   2.2723E-001  -1.3121E-001   1.2034E-001   6.9001E-002   1.2570E-006  -3.0395E-001  -2.8082E-002  -1.2876E-001   2.2299E-001  -1.6629E-001  -2.8822E-001   4.0795E-002   7.1842E-002  -6.3321E-001  -6.4123E-005  -1.3992E-002   2.3858E-002   3.2594E-002   3.0908E-001   1.3490E+000  
 2.3918E+000   1.0206E+000  -1.7683E+000   8.0093E-002   3.5791E-001   2.0666E-001   8.8037E-002  -5.1189E-002  -1.4404E-004   6.8258E-002  -7.6109E-002   7.4727E-002   1.2946E-001   1.7425E-001  -3.0190E-001   3.7539E-002  -6.5880E-002  -7.1776E-001   9.0128E-005  -1.0621E-002  -1.8032E-002  -5.7987E-002   3.1053E-001   1.2395E+000  
 2.4417E+000   1.4764E+000   1.2558E-005   1.9192E-001  -1.3098E-005   2.6206E-001  -1.4249E-006  -1.3910E-001  -9.2014E-006  -3.0388E-001  -2.7849E-002   2.5791E-001  -1.0204E-005   3.3277E-001  -1.7183E-005  -8.3198E-002   8.2299E-007  -6.3250E-001   3.6421E-005   2.7505E-002  -2.8674E-006   3.3240E-002   3.0876E-001   1.3115E+000  
 2.3918E+000   1.0206E+000   1.7683E+000   8.0094E-002  -3.5793E-001   2.0664E-001  -8.8035E-002  -5.1195E-002   1.2835E-004   6.8259E-002  -7.6110E-002   7.4710E-002  -1.2947E-001   1.7429E-001   3.0188E-001   3.7536E-002   6.5879E-002  -7.1775E-001  -1.4511E-005  -1.0619E-002   1.8033E-002  -5.7985E-002   3.1053E-001   1.2395E+000  
 2.4413E+000  -7.3869E-001   1.2790E+000   1.9127E-001  -2.2722E-001  -1.3123E-001  -1.2034E-001   6.9007E-002  -1.7193E-005  -3.0395E-001  -2.8081E-002  -1.2878E-001  -2.2299E-001  -1.6626E-001   2.8824E-001   4.0797E-002  -7.1844E-002  -6.3321E-001   1.3930E-004  -1.4002E-002  -2.3854E-002   3.2597E-002   3.0909E-001   1.3490E+000  
 2.7057E+000  -1.9588E+000   1.1764E-005  -8.1871E-002   1.5624E-005  -8.4288E-001  -1.0159E-006   8.5585E-002  -6.8800E-006   7.3245E-002  -1.6803E-001  -2.6478E-001   1.1929E-005  -4.2897E-001   2.3049E-005  -1.6775E-001   1.4279E-006  -7.6479E-001   3.6483E-005   5.6015E-003   4.2659E-007  -8.3947E-002   2.9434E-001   1.2851E+000  
 2.8459E+000  -5.6295E-001  -9.7473E-001   1.7625E-001   2.9751E-002  -1.7098E-002   2.3168E-001   1.3328E-001  -2.2992E-005  -4.6100E-001  -3.2820E-002  -1.6766E-001   2.9049E-001  -2.0049E-001  -3.4777E-001   6.6160E-002   1.1574E-001  -6.4056E-001  -1.0587E-004  -7.4115E-003   1.2539E-002   5.5030E-002   2.9817E-001   1.4124E+000  
 2.7056E+000   9.7883E-001  -1.6961E+000  -8.0387E-002   7.2911E-001   4.2105E-001   7.4592E-002  -4.3486E-002  -6.1203E-005   7.3340E-002  -1.6781E-001   1.3226E-001   2.2901E-001   2.1398E-001  -3.7113E-001   8.2969E-002  -1.4465E-001  -7.6424E-001   2.4000E-004  -2.9169E-003  -4.8392E-003  -8.2624E-002   2.9404E-001   1.2896E+000  
 2.8466E+000   1.1244E+000   1.6161E-005   1.7765E-001  -1.6471E-005   3.4306E-002  -9.2878E-007  -2.6811E-001  -5.5361E-006  -4.6128E-001  -3.2572E-002   3.3559E-001  -1.3197E-005   4.0215E-001  -2.2075E-005  -1.3435E-001   1.4651E-006  -6.4102E-001   3.7563E-005   1.4521E-002  -1.3809E-006   5.6557E-002   2.9849E-001   1.4082E+000  
 2.7056E+000   9.7885E-001   1.6961E+000  -8.0387E-002  -7.2913E-001   4.2103E-001  -7.4589E-002  -4.3491E-002   5.0492E-005   7.3340E-002  -1.6781E-001   1.3224E-001  -2.2902E-001   2.1402E-001   3.7111E-001   8.2967E-002   1.4465E-001  -7.6424E-001  -1.6291E-004  -2.9154E-003   4.8399E-003  -8.2623E-002   2.9404E-001   1.2896E+000  
 2.8459E+000  -5.6297E-001   9.7472E-001   1.7625E-001  -2.9736E-002  -1.7125E-002  -2.3168E-001   1.3329E-001   1.3778E-005  -4.6100E-001  -3.2819E-002  -1.6769E-001  -2.9048E-001  -2.0045E-001   3.4779E-001   6.6161E-002  -1.1575E-001  -6.4056E-001   1.8469E-004  -7.4192E-003  -1.2537E-002   5.5032E-002   2.9817E-001   1.4124E+000  
 2.7541E+000  -1.0851E+000  -7.8279E-001   1.4677E-001  -3.7170E-002  -2.5522E-001   1.5134E-001   1.5564E-001   1.9495E-001  -3.3572E-001  -4.9009E-002  -1.5108E-001   2.3723E-001  -2.7039E-001  -2.7271E-001   3.6803E-002   8.0973E-002  -6.4210E-001  -2.8065E-002   1.8222E-003   1.6567E-002   3.2627E-002   3.0743E-001   1.3503E+000  
 2.6702E+000   1.1694E+000  -1.4717E+000  -1.0549E-002   6.2529E-001   2.5524E-001   8.1978E-002  -7.7673E-002   1.5897E-001   1.8206E-002  -1.3183E-001   1.5110E-001   1.5702E-001   2.9512E-001  -2.7274E-001   5.4222E-002  -9.8396E-002  -7.2398E-001  -5.3737E-002  -4.3047E-003  -1.0447E-002  -5.9481E-002   3.0531E-001   1.2470E+000  
 2.6702E+000   1.1694E+000   1.4717E+000  -1.0556E-002  -6.2532E-001   2.5522E-001  -8.1971E-002  -7.7670E-002  -1.5898E-001   1.8204E-002  -1.3184E-001   1.5108E-001  -1.5705E-001   2.9515E-001   2.7271E-001   5.4229E-002   9.8400E-002  -7.2398E-001   5.3815E-002  -4.3048E-003   1.0444E-002  -5.9484E-002   3.0531E-001   1.2470E+000  
 2.7541E+000  -1.0852E+000   7.8279E-001   1.4676E-001   3.7198E-002  -2.5524E-001  -1.5133E-001   1.5564E-001  -1.9496E-001  -3.3572E-001  -4.9017E-002  -1.5110E-001  -2.3720E-001  -2.7035E-001   2.7274E-001   3.6794E-002  -8.0967E-002  -6.4210E-001   2.8143E-002   1.8164E-003  -1.6567E-002   3.2623E-002   3.0743E-001   1.3502E+000  
