-1.4193E-001  -2.1624E-005  -9.6433E-005   4.4830E-002   2.1808E-001   9.7411E-001  -9.7718E-007  -2.1643E-007   6.9968E-008  -4.0718E-008   8.0507E-002  -5.7543E-002  -1.2879E-002   6.9675E-004  -1.5763E-004   1.2314E-006   5.4968E-006  -6.5953E-009   5.0775E-009   1.5070E-008  -2.8491E-008  -2.6468E-002   8.0393E-003   3.2547E-002  
 7.0029E-002  -7.6563E-001  -6.7467E-003   7.2674E-002   2.1796E-001   1.0323E+000  -7.7463E-004  -2.8219E-003  -1.3987E-003  -3.8662E-003   7.5112E-002  -4.9062E-002  -1.2849E-002   7.8451E-004  -1.3444E-004   1.3606E-002   1.2104E-004   1.1402E-003   3.7524E-004  -2.4609E-005   5.2632E-006  -2.5176E-002   1.0017E-002   5.0821E-002  
 7.1231E-002  -3.8860E-001  -6.1504E-001   7.2765E-002   2.6883E-001   9.4420E-001   3.1439E-003  -2.0859E-003  -6.1045E-003  -4.1320E-003   7.5116E-002  -6.1603E-002  -5.5945E-003   6.2691E-004  -7.4129E-005   6.8992E-003   1.0931E-002   9.9958E-004   1.6439E-003  -1.7428E-005  -2.4377E-005  -2.5163E-002   8.0782E-003   3.7242E-002  
 7.1588E-002   3.7704E-001  -6.0840E-001   7.2791E-002   1.6708E-001   9.4420E-001   3.9165E-003   7.4552E-004  -4.7047E-003   6.5069E-003   7.5114E-002  -6.1605E-002  -2.0107E-002   6.6733E-004  -2.6235E-004  -6.6973E-003   1.0816E-002  -1.6339E-003   1.2698E-003   9.1966E-006  -3.0429E-005  -2.5160E-002   7.4007E-003   3.5937E-002  
 7.0031E-002   7.6559E-001   6.5544E-003   7.2673E-002   2.1795E-001   1.0323E+000   7.7289E-004   2.8216E-003   1.3991E-003   3.8662E-003   7.5111E-002  -4.9062E-002  -1.2852E-002   7.8451E-004  -1.3443E-004  -1.3604E-002  -1.1001E-004  -1.1402E-003  -3.7515E-004   2.4643E-005  -5.3239E-006  -2.5176E-002   1.0017E-002   5.0819E-002  
 7.1238E-002   3.8856E-001   6.1485E-001   7.2761E-002   2.6883E-001   9.4420E-001  -3.1452E-003   2.0858E-003   6.1046E-003   4.1317E-003   7.5114E-002  -6.1601E-002  -5.5966E-003   6.2691E-004  -7.4114E-005  -6.8967E-003  -1.0920E-002  -9.9967E-004  -1.6439E-003   1.7462E-005   2.4319E-005  -2.5163E-002   8.0783E-003   3.7239E-002  
 7.1594E-002  -3.7709E-001   6.0820E-001   7.2788E-002   1.6708E-001   9.4420E-001  -3.9179E-003  -7.4607E-004   4.7047E-003  -6.5068E-003   7.5112E-002  -6.1602E-002  -2.0106E-002   6.6734E-004  -2.6235E-004   6.6998E-003  -1.0805E-002   1.6340E-003  -1.2699E-003  -9.1638E-006   3.0368E-005  -2.5160E-002   7.4011E-003   3.5943E-002  
 8.2419E-001  -1.5503E+000  -1.4791E-002   1.5285E-001   2.1747E-001   1.1789E+000  -1.7194E-003   6.5255E-003  -3.0815E-003   1.2893E-002   5.0932E-002  -2.1419E-002  -1.2727E-002   9.0888E-004  -4.6625E-005   2.4685E-002   2.7366E-004  -2.0516E-003   8.1584E-004  -1.1909E-004   1.0568E-005  -2.0126E-002   1.7309E-002   9.9038E-002  
 8.3017E-001  -7.8806E-001  -1.2367E+000   1.5309E-001   3.9720E-001   8.6763E-001   1.8216E-002   1.8533E-003  -1.3450E-002  -3.0506E-002   5.1158E-002  -7.4574E-002   1.7932E-002   4.7015E-004   4.2560E-004   1.2451E-002   1.9205E-002   6.6368E-003   3.5788E-003  -5.9657E-005  -1.0798E-007  -2.0340E-002   1.1811E-002   7.7574E-002  
 8.3196E-001   7.6263E-001  -1.2221E+000   1.5317E-001   3.7738E-002   8.6763E-001   1.9973E-002  -4.8514E-003  -1.0368E-002   3.5733E-002   5.1225E-002  -7.4559E-002  -4.3369E-002   6.5727E-004  -8.4114E-004  -1.1945E-002   1.8872E-002  -8.0016E-003   2.7627E-003   4.1727E-005  -1.4460E-005  -2.0399E-002   9.5331E-003   6.9869E-002  
 8.2420E-001   1.5502E+000   1.4601E-002   1.5285E-001   2.1747E-001   1.1789E+000   1.7185E-003  -6.5252E-003   3.0829E-003  -1.2892E-002   5.0931E-002  -2.1421E-002  -1.2734E-002   9.0886E-004  -4.6650E-005  -2.4683E-002  -2.6247E-004   2.0517E-003  -8.1544E-004   1.1913E-004  -1.0620E-005  -2.0126E-002   1.7308E-002   9.9037E-002  
 8.3018E-001   7.8802E-001   1.2365E+000   1.5308E-001   3.9719E-001   8.6764E-001  -1.8215E-002  -1.8524E-003   1.3449E-002   3.0505E-002   5.1153E-002  -7.4568E-002   1.7927E-002   4.7016E-004   4.2567E-004  -1.2448E-002  -1.9194E-002  -6.6372E-003  -3.5789E-003   5.9707E-005   4.9019E-008  -2.0341E-002   1.1810E-002   7.7566E-002  
 8.3197E-001  -7.6267E-001   1.2219E+000   1.5316E-001   3.7739E-002   8.6763E-001  -1.9972E-002   4.8504E-003   1.0368E-002  -3.5732E-002   5.1221E-002  -7.4553E-002  -4.3367E-002   6.5728E-004  -8.4117E-004   1.1947E-002  -1.8860E-002   8.0019E-003  -2.7629E-003  -4.1693E-005   1.4394E-005  -2.0400E-002   9.5330E-003   6.9864E-002  
 1.7197E+000  -1.9193E+000  -2.1566E-002   1.9043E-001   2.1675E-001   1.1652E+000  -2.5606E-003   4.4168E-002  -4.4781E-003   7.1817E-002   6.1336E-003   1.9343E-003  -1.2498E-002  -3.4259E-004   7.4285E-005   2.3802E-002   4.5330E-004  -1.4503E-002   1.1330E-003  -9.6045E-004   8.0264E-006  -1.3459E-002   2.5932E-002   1.2702E-001  
 1.7327E+000  -9.7890E-001  -1.5081E+000   1.9059E-001   3.8754E-001   8.6955E-001   5.7257E-002   2.0148E-002  -1.9557E-002  -9.7444E-002   6.9029E-003  -8.4672E-002   3.7432E-002   9.9207E-004   2.3735E-003   1.1936E-002   1.6745E-002   2.0831E-002   4.9703E-003  -4.2204E-004   6.5780E-004  -1.4173E-002   1.9375E-002   1.2096E-001  
 1.7366E+000   9.4188E-001  -1.4870E+000   1.9064E-001   4.5921E-002   8.6953E-001   5.9974E-002  -2.4672E-002  -1.5079E-002   1.0506E-001   7.1606E-003  -8.4644E-002  -6.2389E-002   1.3745E-003  -2.8904E-003  -1.1057E-002   1.6126E-002  -2.2709E-002   3.8373E-003   3.8895E-004   6.1305E-004  -1.4373E-002   1.6916E-002   1.1416E-001  
 1.7197E+000   1.9192E+000   2.1380E-002   1.9042E-001   2.1674E-001   1.1652E+000   2.5610E-003  -4.4167E-002   4.4810E-003  -7.1817E-002   6.1319E-003   1.9320E-003  -1.2508E-002  -3.4262E-004   7.4204E-005  -2.3799E-002  -4.4180E-004   1.4504E-002  -1.1322E-003   9.6048E-004  -8.0813E-006  -1.3459E-002   2.5931E-002   1.2701E-001  
 1.7327E+000   9.7886E-001   1.5079E+000   1.9058E-001   3.8753E-001   8.6955E-001  -5.7253E-002  -2.0145E-002   1.9556E-002   9.7441E-002   6.8954E-003  -8.4664E-002   3.7424E-002   9.9207E-004   2.3735E-003  -1.1933E-002  -1.6733E-002  -2.0831E-002  -4.9705E-003   4.2208E-004  -6.5781E-004  -1.4174E-002   1.9374E-002   1.2096E-001  
 1.7366E+000  -9.4193E-001   1.4868E+000   1.9063E-001   4.5923E-002   8.6954E-001  -5.9971E-002   2.4670E-002   1.5078E-002  -1.0505E-001   7.1548E-003  -8.4634E-002  -6.2385E-002   1.3745E-003  -2.8904E-003   1.1059E-002  -1.6114E-002   2.2709E-002  -3.8379E-003  -3.8888E-004  -6.1309E-004  -1.4374E-002   1.6915E-002   1.1417E-001  
 2.4011E+000  -1.8759E+000  -2.6584E-002   1.3511E-001   2.1599E-001   8.8877E-001  -3.2223E-003   1.0481E-001  -5.5444E-003   1.6170E-001  -5.3372E-002  -1.1369E-003  -1.2302E-002  -5.9339E-003   1.4948E-004   6.2232E-003   5.7268E-004  -3.6923E-002   1.2995E-003  -3.6471E-003  -4.3968E-005  -1.2360E-002   2.9520E-002   1.2477E-001  
 2.4214E+000  -9.6196E-001  -1.4349E+000   1.3592E-001   1.5080E-001   1.0024E+000   1.1539E-001   5.0326E-002  -2.4286E-002  -1.9367E-001  -5.1668E-002  -8.2097E-002   3.4551E-002   3.6785E-003   7.5962E-003   3.3847E-003   1.0484E-003   4.3867E-002   5.6583E-003  -1.4237E-003   2.8424E-003  -1.2774E-002   2.2946E-002   1.2348E-001  
 2.4275E+000   9.1636E-001  -1.4090E+000   1.3614E-001   2.8106E-001   1.0023E+000   1.1899E-001  -5.6122E-002  -1.8743E-002   2.0318E-001  -5.1154E-002  -8.2125E-002  -5.9220E-002   4.1687E-003  -8.1488E-003  -2.3554E-003   3.9825E-004  -4.5953E-002   4.3565E-003   1.3832E-003   2.6858E-003  -1.2894E-002   2.0523E-002   1.1771E-001  
 2.4011E+000   1.8758E+000   2.6402E-002   1.3510E-001   2.1599E-001   8.8877E-001   3.2238E-003  -1.0481E-001   5.5487E-003  -1.6170E-001  -5.3374E-002  -1.1397E-003  -1.2315E-002  -5.9339E-003   1.4949E-004  -6.2203E-003  -5.6098E-004   3.6923E-002  -1.2986E-003   3.6471E-003   4.3769E-005  -1.2360E-002   2.9520E-002   1.2476E-001  
 2.4214E+000   9.6193E-001   1.4347E+000   1.3590E-001   1.5079E-001   1.0024E+000  -1.1538E-001  -5.0322E-002   2.4285E-002   1.9367E-001  -5.1677E-002  -8.2088E-002   3.4542E-002   3.6785E-003   7.5962E-003  -3.3815E-003  -1.0356E-003  -4.3867E-002  -5.6585E-003   1.4236E-003  -2.8423E-003  -1.2775E-002   2.2944E-002   1.2347E-001  
 2.4275E+000  -9.1641E-001   1.4088E+000   1.3613E-001   2.8106E-001   1.0024E+000  -1.1898E-001   5.6120E-002   1.8740E-002  -2.0317E-001  -5.1161E-002  -8.2113E-002  -5.9216E-002   4.1687E-003  -8.1487E-003   2.3576E-003  -3.8572E-004   4.5954E-002  -4.3571E-003  -1.3830E-003  -2.6858E-003  -1.2895E-002   2.0522E-002   1.1771E-001  
 2.7562E+000  -1.6712E+000  -2.9474E-002   4.6452E-002   2.1545E-001   5.5717E-001  -3.6272E-003   1.5863E-001  -6.1960E-003   2.3960E-001  -1.0227E-001  -1.9841E-002  -1.2215E-002  -1.1541E-002   1.6806E-004  -1.4235E-002   6.1901E-004  -5.6476E-002   1.3507E-003  -5.0433E-003  -9.2197E-005  -1.3675E-002   3.0722E-002   1.3636E-001  
 2.7818E+000  -8.6222E-001  -1.2369E+000   4.8394E-002  -1.3400E-001   1.1642E+000   1.6588E-001   7.7449E-002  -2.7110E-002  -2.7564E-001  -9.9731E-002  -7.2436E-002   1.8697E-002   6.3992E-003   1.2529E-002  -6.4374E-003  -1.6433E-002   6.3503E-002   5.9363E-003  -1.8044E-003   3.8954E-003  -1.3795E-002   2.4275E-002   1.4230E-001  
 2.7896E+000   8.1160E-001  -1.2081E+000   4.8954E-002   5.6459E-001   1.1640E+000   1.7018E-001  -8.4121E-002  -2.0916E-002   2.8636E-001  -9.8958E-002  -7.2562E-002  -4.3353E-002   6.9031E-003  -1.3068E-002   7.4481E-003  -1.6953E-002  -6.5598E-002   4.5837E-003   1.7717E-003   3.6561E-003  -1.3798E-002   2.1925E-002   1.3417E-001  
 2.7562E+000   1.6712E+000   2.9295E-002   4.6447E-002   2.1544E-001   5.5717E-001   3.6294E-003  -1.5862E-001   6.2011E-003  -2.3960E-001  -1.0227E-001  -1.9844E-002  -1.2229E-002  -1.1541E-002   1.6826E-004   1.4238E-002  -6.0725E-004   5.6477E-002  -1.3499E-003   5.0432E-003   9.1836E-005  -1.3675E-002   3.0721E-002   1.3635E-001  
 2.7819E+000   8.6219E-001   1.2368E+000   4.8374E-002  -1.3401E-001   1.1642E+000  -1.6588E-001  -7.7444E-002   2.7108E-002   2.7563E-001  -9.9741E-002  -7.2426E-002   1.8687E-002   6.3991E-003   1.2529E-002   6.4406E-003   1.6445E-002  -6.3503E-002  -5.9365E-003   1.8043E-003  -3.8953E-003  -1.3797E-002   2.4274E-002   1.4229E-001  
 2.7896E+000  -8.1165E-001   1.2079E+000   4.8938E-002   5.6459E-001   1.1640E+000  -1.7018E-001   8.4119E-002   2.0913E-002  -2.8636E-001  -9.8966E-002  -7.2549E-002  -4.3348E-002   6.9032E-003  -1.3068E-002  -7.4459E-003   1.6965E-002   6.5599E-002  -4.5844E-003  -1.7713E-003  -3.6561E-003  -1.3799E-002   2.1924E-002   1.3417E-001  
 2.7078E+000  -1.2385E+000  -1.0564E+000   6.7825E-002  -1.1593E-001   9.6289E-001   1.2505E-001   1.0264E-001   1.5342E-001  -1.9143E-001  -9.0842E-002  -5.4660E-002   2.7731E-002   1.2811E-002   1.3118E-003  -6.3790E-003  -1.0256E-002   4.4254E-002  -3.5807E-002   3.3806E-003   2.8205E-003  -1.3411E-002   2.6888E-002   1.3705E-001  
 2.7164E+000   1.1982E+000  -1.0161E+000   6.8387E-002   5.4667E-001   9.6290E-001   1.3065E-001  -1.0824E-001   1.6215E-001   1.9999E-001  -9.0008E-002  -5.4667E-002  -5.2443E-002   1.3359E-002  -1.5926E-003   7.1726E-003  -1.1054E-002  -4.5967E-002  -3.7579E-002  -3.2767E-003   2.6428E-003  -1.3435E-002   2.4519E-002   1.3233E-001  
 2.7078E+000   1.2385E+000   1.0562E+000   6.7807E-002  -1.1593E-001   9.6289E-001  -1.2505E-001  -1.0264E-001  -1.5342E-001   1.9142E-001  -9.0850E-002  -5.4652E-002   2.7719E-002   1.2810E-002   1.3118E-003   6.3823E-003   1.0269E-002  -4.4255E-002   3.5807E-002  -3.3805E-003  -2.8203E-003  -1.3412E-002   2.6887E-002   1.3705E-001  
 2.7164E+000  -1.1983E+000   1.0159E+000   6.8376E-002   5.4667E-001   9.6291E-001  -1.3065E-001   1.0824E-001  -1.6215E-001  -1.9999E-001  -9.0013E-002  -5.4655E-002  -5.2435E-002   1.3359E-002  -1.5924E-003  -7.1704E-003   1.1066E-002   4.5968E-002   3.7579E-002   3.2768E-003  -2.6426E-003  -1.3436E-002   2.4518E-002   1.3234E-001  
