-1.4189E-001   1.8429E+000  -5.2794E+000   4.4831E-002  -8.9299E-006  -8.8741E-006  -7.0022E-001   2.4443E-001  -2.6926E-005  -8.2688E-006   8.0507E-002   5.8013E-006   4.0936E-006  -4.5763E-005  -2.3412E-005  -4.4420E-002   1.2726E-001  -1.6520E-005  -4.9529E-005  -2.3834E-004  -6.2618E-004  -2.6467E-002   2.4989E-002   1.2578E-001  
 1.9023E-001   1.1000E+000  -5.2722E+000   7.9558E-002  -7.8795E-002   8.6213E-002  -6.9973E-001   2.4460E-001   1.6688E-003   1.6394E-003   7.3553E-002  -2.0517E-003   2.9881E-002  -6.6591E-005  -1.4842E-004  -3.1287E-002   1.2721E-001  -1.8391E-004  -1.0432E-003  -2.4511E-004  -6.1278E-004  -2.5039E-002   2.7074E-002   1.3319E-001  
-1.6521E-001   1.4768E+000  -5.9020E+000   5.9242E-002   3.5304E-002   5.2577E-002  -6.9871E-001   2.4485E-001  -1.3928E-003  -3.4616E-003   7.8213E-002  -3.5254E-002   1.3157E-002  -1.5233E-004   8.9544E-006  -3.7891E-002   1.3845E-001   1.1520E-003   7.2363E-004  -2.3810E-004  -6.2316E-004  -2.5417E-002   2.6364E-002   1.5455E-001  
-2.8444E-001   2.2018E+000  -5.8981E+000   5.2431E-002   1.2304E-002   2.5077E-002  -6.9847E-001   2.4353E-001  -3.6127E-004   4.0369E-003   7.9769E-002  -2.4823E-002  -3.1210E-002  -1.0161E-004  -5.8939E-006  -5.0891E-002   1.3843E-001  -1.5293E-003   1.2816E-004  -2.4565E-004  -6.2004E-004  -2.5537E-002   2.6115E-002   1.6464E-001  
-4.8248E-002   2.5719E+000  -5.2722E+000   6.5926E-002   7.8777E-002   3.1239E-002  -6.9973E-001   2.4335E-001   1.6723E-003  -2.8608E-003   7.6670E-002   1.8793E-002  -2.9872E-002  -4.4080E-005   1.0176E-004  -5.7441E-002   1.2721E-001   8.1763E-004  -1.0436E-003  -2.3456E-004  -6.1387E-004  -2.5294E-002   2.6617E-002   1.5284E-001  
 3.0718E-001   2.2127E+000  -4.6273E+000   8.6244E-002   6.6422E-002  -1.1133E-001  -6.9979E-001   2.4423E-001  -1.4067E-003   1.0660E-003   7.2013E-002   2.6902E-002   1.3564E-003   6.6742E-005  -4.1144E-005  -5.0967E-002   1.1581E-001   1.6024E-004   7.1906E-004  -2.3197E-004  -6.1812E-004  -2.4913E-002   2.7271E-002   1.3226E-001  
 4.2642E-001   1.4658E+000  -4.6235E+000   9.3055E-002  -1.1406E-001  -8.3829E-002  -6.9955E-001   2.4416E-001  -3.7856E-004  -4.8130E-004   7.0457E-002   1.6470E-002   1.6713E-002   1.6007E-005  -5.5167E-005  -3.7815E-002   1.1578E-001  -5.3992E-004   1.2393E-004  -2.4989E-004  -6.1392E-004  -2.4793E-002   2.7481E-002   1.4374E-001  
 1.0921E+000   3.2415E-001  -5.2442E+000   1.6852E-001  -1.7444E-001   2.6813E-001  -6.9772E-001   2.5607E-001   8.2443E-003   2.3491E-002   4.7178E-002   1.2676E-002   6.5954E-002  -2.7178E-004  -5.3051E-004  -2.0240E-002   1.2673E-001  -4.1616E-003  -4.6160E-003  -2.8784E-004  -6.6029E-004  -1.9466E-002   3.5475E-002   1.7867E-001  
 3.0736E-001   1.1095E+000  -6.4933E+000   1.2236E-001   1.4563E-001   7.7456E-002  -6.8222E-001   2.5251E-001  -6.6521E-003  -3.2066E-002   5.8876E-002  -8.6012E-002   4.3191E-002  -2.6243E-004   4.3017E-004  -3.3260E-002   1.4566E-001   8.3787E-003   3.5918E-003  -3.1417E-004  -5.7330E-004  -2.1925E-002   2.9787E-002   2.1064E-001  
 4.4133E-002   2.5410E+000  -6.4746E+000   1.0688E-001  -4.0381E-002   1.6475E-002  -6.8065E-001   2.3370E-001  -1.6413E-003   3.4901E-002   6.2800E-002  -6.2841E-002  -8.2787E-002   5.4087E-006  -3.4092E-004  -5.4850E-002   1.4507E-001  -9.8555E-003   8.4353E-004  -1.8507E-004  -5.3868E-004  -2.2760E-002   2.6784E-002   1.7849E-001  
 5.6561E-001   3.2940E+000  -5.2442E+000   1.3756E-001   1.7442E-001   1.4685E-001  -6.9772E-001   2.2743E-001   8.2520E-003  -2.9233E-002   5.5025E-002   5.8116E-002  -6.5946E-002  -3.2451E-004   4.8421E-004  -6.6813E-002   1.2673E-001   6.9840E-003  -4.6168E-003  -1.5558E-004  -6.6270E-004  -2.1102E-002   3.2164E-002   2.0763E-001  
 1.3502E+000   2.5944E+000  -3.9213E+000   1.8370E-001   2.1380E-001  -2.8497E-001  -7.0701E-001   2.3819E-001  -6.6751E-003   2.0723E-002   4.3333E-002   5.0635E-002   1.8180E-002   4.1845E-004  -2.9542E-005  -5.6531E-002   1.0533E-001  -2.7327E-003   3.5836E-003  -2.5029E-004  -6.4978E-004  -1.8658E-002   3.6489E-002   1.8593E-001  
 1.6135E+000   1.0561E+000  -3.9026E+000   1.9919E-001  -3.1908E-001  -2.2399E-001  -7.0544E-001   2.4801E-001  -1.6719E-003  -1.7867E-002   3.9409E-002   2.7464E-002   2.1431E-002   1.5053E-004  -1.5195E-004  -3.1578E-002   1.0474E-001   1.2507E-003   8.3615E-004  -2.4479E-004  -6.1279E-004  -1.7824E-002   3.7253E-002   1.8825E-001  
 2.1136E+000  -5.4020E-002  -5.2041E+000   2.1432E-001  -2.5489E-001   2.8517E-001  -6.9344E-001   2.9312E-001   1.7482E-002   8.5199E-002  -7.5385E-004   2.5119E-002   9.5012E-002  -2.0347E-003  -8.5813E-004  -2.0160E-002   1.2454E-001  -1.6939E-002  -8.1080E-003  -1.1614E-003  -5.1739E-004  -1.1773E-002   4.4246E-002   2.2157E-001  
 9.6941E-001   9.5022E-001  -6.7049E+000   1.4345E-001   1.2201E-001   1.6561E-001  -6.3628E-001   2.7508E-001  -1.4053E-002  -1.0380E-001   2.1660E-002  -1.2706E-001   6.7649E-002   3.8469E-004   2.0552E-003  -3.4845E-002   1.3942E-001   2.4094E-002   6.4265E-003  -4.8348E-004  -7.7854E-005  -1.8396E-002   3.2276E-002   2.2218E-001  
 5.8570E-001   2.6599E+000  -6.6649E+000   1.1967E-001   3.1248E-002   7.6201E-002  -6.3190E-001   2.0652E-001  -3.4591E-003   1.1000E-001   2.9229E-002  -9.3567E-002  -1.2452E-001   7.9982E-004  -1.8394E-003  -5.1065E-002   1.3767E-001  -2.6527E-002   1.5781E-003  -1.7055E-006  -2.0839E-004  -2.0624E-002   2.3873E-002   1.5323E-001  
 1.3460E+000   3.5949E+000  -5.2041E+000   1.6681E-001   2.5487E-001   1.0912E-001  -6.9344E-001   1.8099E-001   1.7493E-002  -9.7683E-002   1.4293E-002   9.0217E-002  -9.5004E-002  -2.0494E-003   8.1240E-004  -6.2739E-002   1.2454E-001   2.1761E-002  -8.1097E-003   4.8065E-004  -5.2077E-004  -1.6169E-002   3.7765E-002   2.4954E-001  
 2.4898E+000   2.7746E+000  -3.5448E+000   2.3764E-001   2.1953E-001  -3.6279E-001  -7.3329E-001   2.1907E-001  -1.4081E-002   7.9097E-002  -8.2532E-003   6.9435E-002   3.2304E-002   1.5843E-003   1.4467E-003  -5.6067E-002   1.0263E-001  -1.4601E-002   6.3918E-003   3.5723E-004  -1.5050E-003  -9.6398E-003   4.5714E-002   2.0944E-001  
 2.8735E+000   8.3560E-001  -3.5048E+000   2.6142E-001  -3.7282E-001  -2.7338E-001  -7.2891E-001   2.6253E-001  -3.4983E-003  -7.2868E-002  -1.5823E-002   3.5940E-002   2.4584E-002   1.1691E-003  -1.7531E-003  -2.9842E-002   1.0088E-001   1.2160E-002   1.5452E-003  -8.3616E-004  -1.6323E-003  -7.4115E-003   4.6377E-002   2.2380E-001  
 2.8887E+000  -2.8247E-002  -5.1637E+000   1.6489E-001  -3.1342E-001   3.1481E-002  -6.8798E-001   3.5144E-001   2.7900E-002   1.7585E-001  -6.3472E-002   1.3370E-002   1.1692E-001  -8.2608E-003  -1.7117E-004  -3.7347E-002   1.2271E-001  -3.9671E-002  -9.8349E-003  -3.9741E-003   6.7723E-004  -1.0381E-002   4.8452E-002   2.6423E-001  
 1.4820E+000   9.9385E-001  -6.5646E+000   7.7863E-002  -1.2339E-001   3.6154E-001  -5.6831E-001   3.0930E-001  -2.2448E-002  -2.0667E-001  -2.9545E-002  -1.4858E-001   6.9587E-002   3.3418E-003   6.0697E-003  -4.3205E-002   1.2219E-001   4.7422E-002   7.8493E-003  -4.9844E-004   1.8201E-003  -1.7242E-002   3.4253E-002   2.3420E-001  
 1.0103E+000   2.5754E+000  -6.5025E+000   4.8689E-002   3.1091E-001   2.5103E-001  -5.6045E-001   1.6652E-001  -5.5594E-003   2.1697E-001  -1.8106E-002  -1.0765E-001  -1.4016E-001   3.2106E-003  -5.7069E-003  -4.1507E-002   1.2046E-001  -5.0095E-002   1.9105E-003   4.3722E-004   1.0108E-003  -1.9518E-002   2.2593E-002   1.3536E-001  
 1.9451E+000   3.4901E+000  -5.1637E+000   1.0647E-001   3.1340E-001  -1.8279E-001  -6.8798E-001   1.1076E-001   2.7914E-002  -1.9654E-001  -4.0654E-002   9.4653E-002  -1.1691E-001  -7.4332E-003   1.2590E-004  -4.4209E-002   1.2271E-001   4.4913E-002  -9.8370E-003   2.5230E-003   6.7337E-004  -1.4967E-002   4.1114E-002   2.7635E-001  
 3.3512E+000   2.7530E+000  -3.5174E+000   1.9362E-001  -7.2158E-003  -2.8619E-001  -7.7680E-001   1.8904E-001  -2.2341E-002   1.6571E-001  -7.4573E-002   9.4461E-002   2.4071E-002   4.5240E-003   7.4288E-003  -4.6527E-002   1.1612E-001  -3.7018E-002   7.9071E-003   2.8140E-003  -3.9139E-003  -8.0955E-003   4.9841E-002   2.1745E-001  
 3.8229E+000   8.1621E-001  -3.4553E+000   2.2280E-001  -1.8033E-001  -1.7567E-001  -7.6893E-001   2.8678E-001  -5.4658E-003  -1.5537E-001  -8.6014E-002   5.3529E-002   4.6522E-002   4.6551E-003  -7.8814E-003  -3.8184E-002   1.1438E-001   3.4337E-002   1.9704E-003  -2.8683E-003  -4.7195E-003  -5.8207E-003   4.9793E-002   2.3475E-001  
 3.2972E+000   1.6119E-001  -5.1357E+000   7.8866E-002  -3.4566E-001  -2.8759E-001  -6.8346E-001   4.0258E-001   3.6379E-002   2.5328E-001  -1.1477E-001  -1.1079E-002   1.3079E-001  -1.4505E-002   1.3199E-003  -5.8215E-002   1.2227E-001  -5.9654E-002  -9.7196E-003  -5.4909E-003   1.9568E-003  -1.1806E-002   5.0060E-002   2.9274E-001  
 1.7436E+000   1.1110E+000  -6.3168E+000  -1.3322E-002  -4.1125E-001   5.5767E-001  -5.0838E-001   3.3969E-001  -2.9249E-002  -2.9487E-001  -7.1740E-002  -1.5468E-001   5.8038E-002   6.5098E-003   9.2650E-003  -5.2105E-002   1.0588E-001   6.6235E-002   7.8232E-003   1.1497E-004   2.8537E-003  -1.7465E-002   3.5373E-002   2.4415E-001  
 1.2227E+000   2.4296E+000  -6.2389E+000  -4.4352E-002   6.1680E-001   4.3509E-001  -4.9724E-001   1.3102E-001  -7.2420E-003   3.0879E-001  -5.7191E-002  -1.0944E-001  -1.3778E-001   5.2887E-003  -8.7853E-003  -3.2619E-002   1.0485E-001  -6.8493E-002   1.9720E-003   3.5344E-004   1.3885E-003  -1.9397E-002   2.2251E-002   1.3365E-001  
 2.2552E+000   3.2444E+000  -5.1357E+000   1.6914E-002   3.4564E-001  -5.2101E-001  -6.8347E-001   4.8882E-002   3.6395E-002  -2.8122E-001  -8.5836E-002   8.1902E-002  -1.3078E-001  -1.2390E-002  -1.3653E-003  -2.4816E-002   1.2227E-001   6.4107E-002  -9.7216E-003   3.4236E-003   1.9529E-003  -1.5584E-002   4.2789E-002   2.8872E-001  
 3.8080E+000   2.6528E+000  -3.6460E+000   1.0919E-001  -2.8813E-001  -1.5375E-001  -8.1465E-001   1.6291E-001  -2.9202E-002   2.3951E-001  -1.2889E-001   1.1926E-001   3.4459E-003   6.9443E-003   1.4026E-002  -3.5299E-002   1.3478E-001  -5.7451E-002   7.7720E-003   4.6146E-003  -4.8537E-003  -1.0129E-002   5.0926E-002   2.4581E-001  
 4.3288E+000   8.8777E-001  -3.5681E+000   1.4021E-001   8.2556E-002  -3.1169E-002  -8.0349E-001   3.0779E-001  -7.2111E-003  -2.2555E-001  -1.4344E-001   7.4019E-002   7.6307E-002   8.1648E-003  -1.4596E-002  -4.9425E-002   1.3375E-001   5.5184E-002   1.9223E-003  -4.1395E-003  -6.3152E-003  -8.1971E-003   5.0155E-002   2.3355E-001  
 2.0371E+000   7.4792E-001  -6.1881E+000   2.7508E-002  -4.8296E-001   3.2411E-001  -5.5661E-001   3.6685E-001   1.6589E-001  -2.1271E-001  -7.2155E-002  -1.2208E-001   9.9807E-002   1.0910E-002  -1.4916E-003  -5.2599E-002   1.1218E-001   4.9753E-002  -3.6524E-002   3.7181E-003   4.5989E-005  -1.6069E-002   4.0482E-002   2.7124E-001  
 1.3131E+000   2.7552E+000  -6.1018E+000  -1.6051E-002   6.4567E-001   1.5636E-001  -5.4454E-001   9.8986E-002   1.9109E-001   2.1378E-001  -5.2568E-002  -5.8921E-002  -1.6384E-001   9.9440E-003   9.8228E-004  -3.1319E-002   1.1083E-001  -4.8651E-002  -4.2310E-002  -2.5622E-003   1.3463E-004  -1.8915E-002   2.6347E-002   1.7349E-001  
 3.3872E+000   3.0024E+000  -3.9336E+000   1.0871E-001  -1.7954E-001  -3.2413E-001  -7.8992E-001   1.3354E-001  -1.8805E-001   1.4125E-001  -1.0869E-001   1.2209E-001  -1.9618E-002   1.3779E-002   1.4461E-003  -3.5174E-002   1.2960E-001  -3.2131E-002   4.5359E-002  -2.4060E-003  -6.0839E-003  -1.0788E-002   5.0302E-002   2.7806E-001  
 4.1112E+000   5.0068E-001  -3.8473E+000   1.5227E-001   1.6802E-002  -1.5637E-001  -7.7785E-001   3.3229E-001  -1.6288E-001  -1.4015E-001  -1.2828E-001   5.8931E-002   8.3667E-002   1.4745E-002  -1.0269E-003  -4.8742E-002   1.2825E-001   3.3227E-002   3.9575E-002   3.5676E-003  -5.9899E-003  -7.9411E-003   5.0433E-002   2.2704E-001  
