-1.5564E-001  -6.4867E+000  -1.9984E-015   4.1299E-002  -2.2140E-014  -1.8862E-003   3.9968E-015  -1.4568E+000  -5.2510E-015   3.5597E-007   8.0533E-002   9.3623E-005  -6.9434E-015  -6.5075E-006  -2.4625E-015   2.1842E-002   4.6629E-015   3.9801E-007  -3.9380E-015   2.9340E-007  -3.9864E-015  -2.6467E-002   2.5544E-003   9.5280E-003  
 8.9491E-001  -7.2278E+000   1.2688E-015   2.8941E-001   1.2949E-014   6.1807E-001   4.5774E-015  -1.4573E+000  -7.6018E-016   1.7679E-003   7.4643E-002   2.2777E-003   2.9762E-015  -1.9396E-005  -6.0062E-015   3.4954E-002   6.0200E-015  -4.8467E-004  -4.1251E-015  -5.7809E-006   5.0480E-015  -2.5212E-002   3.8870E-003   2.9969E-002  
 4.7607E-001  -6.8589E+000  -6.3793E-001   1.7931E-001   5.3685E-001   2.4924E-001   4.3084E-004  -1.4575E+000  -4.1519E-004  -2.0050E-003   7.4891E-002  -7.1844E-003   1.8964E-003  -5.7123E-007   7.3110E-006   2.8392E-002   1.1337E-002   4.8674E-004   1.6821E-005  -2.7383E-006  -3.6243E-006  -2.5188E-002   3.9429E-003   2.9043E-002  
-3.6162E-001  -6.1231E+000  -6.3676E-001  -4.0893E-002   4.3512E-001  -3.1176E-001   6.4339E-004  -1.4581E+000   4.4345E-004   2.5032E-003   7.5385E-002  -9.9271E-004  -1.2609E-002  -6.8476E-006  -7.2924E-006   1.5317E-002   1.1309E-002  -5.0272E-004  -1.1992E-005   3.3236E-006  -3.5380E-006  -2.5142E-002   4.0509E-003   3.0256E-002  
-7.8047E-001  -5.7562E+000  -1.1288E-007  -1.5100E-001   6.8171E-008  -5.0441E-001   1.4507E-010  -1.4586E+000   1.1187E-009  -2.7621E-003   7.5631E-002   1.4639E-002  -3.5123E-009  -1.2795E-005   2.9209E-011   8.8022E-003   1.9829E-009   5.1918E-004  -1.8844E-010   6.5265E-006   2.8589E-011  -2.5120E-002   4.1019E-003   3.2380E-002  
-3.6162E-001  -6.1231E+000   6.3676E-001  -4.0893E-002  -4.3511E-001  -3.1176E-001  -6.4339E-004  -1.4581E+000  -4.4345E-004   2.5032E-003   7.5385E-002  -9.9270E-004   1.2609E-002  -6.8477E-006   7.2924E-006   1.5317E-002  -1.1309E-002  -5.0272E-004   1.1993E-005   3.3235E-006   3.5381E-006  -2.5142E-002   4.0509E-003   3.0256E-002  
 4.7607E-001  -6.8589E+000   6.3794E-001   1.7931E-001  -5.3685E-001   2.4924E-001  -4.3084E-004  -1.4575E+000   4.1519E-004  -2.0050E-003   7.4891E-002  -7.1844E-003  -1.8964E-003  -5.7132E-007  -7.3109E-006   2.8392E-002  -1.1337E-002   4.8674E-004  -1.6822E-005  -2.7383E-006   3.6245E-006  -2.5188E-002   3.9429E-003   2.9043E-002  
 2.6766E+000  -7.9982E+000  -1.6673E-014   6.3903E-001   4.6370E-015   1.4541E+000  -1.7607E-014  -1.4484E+000  -1.1468E-015   2.3837E-002   5.0109E-002   2.1886E-002   2.9012E-015  -2.9016E-004  -1.9123E-014   4.5287E-002  -1.2935E-014  -5.4839E-003   8.6798E-015  -6.6374E-005  -2.5628E-014  -2.0393E-002   1.0716E-002   8.0235E-002  
 1.7458E+000  -7.2504E+000  -1.2891E+000   3.9425E-001   1.2603E+000   5.1737E-001   1.1824E-002  -1.4546E+000  -2.1510E-003  -2.5092E-002   5.0621E-002  -2.4455E-002   1.8873E-002   1.4832E-004   2.2336E-004   3.3530E-002   2.0227E-002   5.5078E-003   7.8450E-005  -3.2495E-005   3.4455E-005  -2.0346E-002   1.0904E-002   7.7833E-002  
-1.1575E-001  -5.7658E+000  -1.2829E+000  -9.5276E-002   9.0090E-001  -7.2869E-001   1.2956E-002  -1.4690E+000   2.2088E-003   2.7653E-002   5.1637E-002  -1.0746E-002  -4.2489E-002   8.4645E-005  -2.2413E-004   1.0261E-002   2.0102E-002  -5.5983E-003  -6.9642E-005   3.1183E-005   3.7310E-005  -2.0237E-002   1.1235E-002   7.9580E-002  
-1.0466E+000  -5.0289E+000  -2.2712E-007  -3.4006E-001   1.2830E-007  -1.0431E+000   2.4129E-009  -1.4771E+000   1.2833E-008  -2.8958E-002   5.2143E-002   4.9078E-002  -1.3021E-008  -2.2772E-004   1.3265E-010  -1.2807E-003   3.5723E-009   5.6670E-003  -2.6918E-009   6.9856E-005  -4.7972E-011  -2.0174E-002   1.1372E-002   8.3674E-002  
-1.1575E-001  -5.7658E+000   1.2829E+000  -9.5276E-002  -9.0090E-001  -7.2869E-001  -1.2956E-002  -1.4690E+000  -2.2088E-003   2.7653E-002   5.1637E-002  -1.0746E-002   4.2489E-002   8.4645E-005   2.2413E-004   1.0261E-002  -2.0102E-002  -5.5983E-003   6.9647E-005   3.1183E-005  -3.7310E-005  -2.0237E-002   1.1235E-002   7.9580E-002  
 1.7458E+000  -7.2504E+000   1.2891E+000   3.9425E-001  -1.2603E+000   5.1737E-001  -1.1824E-002  -1.4546E+000   2.1510E-003  -2.5092E-002   5.0621E-002  -2.4455E-002  -1.8873E-002   1.4832E-004  -2.2336E-004   3.3530E-002  -2.0227E-002   5.5078E-003  -7.8455E-005  -3.2495E-005  -3.4455E-005  -2.0346E-002   1.0904E-002   7.7833E-002  
 4.4594E+000  -8.3706E+000   4.3706E-014   9.0886E-001   4.9410E-015   2.0383E+000   4.9477E-014  -1.4140E+000  -2.5648E-014   8.5604E-002   5.4776E-003   3.8002E-002  -7.9539E-015  -2.0956E-003   1.2849E-014   4.3425E-002   4.3888E-014  -1.9140E-002  -3.8964E-014  -8.1512E-004   1.4883E-014  -1.4165E-002   1.9437E-002   1.0981E-001  
 3.0874E+000  -7.4458E+000  -1.5874E+000   5.4789E-001   1.7647E+000   8.1716E-001   4.7135E-002  -1.4397E+000  -4.8813E-003  -8.8475E-002   6.0784E-003  -3.8785E-002   3.2770E-002   1.1099E-003   1.7704E-003   3.2547E-002   1.8523E-002   1.9229E-002   1.9768E-004  -4.2489E-004   6.9838E-004  -1.4105E-002   1.9670E-002   1.1172E-001  
 3.4414E-001  -5.6219E+000  -1.5727E+000  -1.7391E-001   1.4233E+000  -1.0182E+000   4.9863E-002  -1.4958E+000   4.9673E-003   9.4365E-002   7.3837E-003  -1.8672E-002  -6.7182E-002   9.2933E-004  -1.7703E-003   1.1322E-002   1.8273E-002  -1.9447E-002  -1.6210E-004   4.1085E-004   7.1283E-004  -1.3921E-002   2.0145E-002   1.1315E-001  
-1.0277E+000  -4.7226E+000  -2.7747E-007  -5.3490E-001   2.2320E-007  -1.6481E+000   9.1599E-009  -1.5263E+000   4.4222E-008  -9.7379E-002   8.0942E-003   7.7484E-002  -2.0871E-008  -1.9207E-003   8.1100E-010   8.7729E-004   3.3612E-009   1.9582E-002  -8.7140E-009   8.3897E-004  -3.4474E-010  -1.3796E-002   2.0383E-002   1.1368E-001  
 3.4414E-001  -5.6219E+000   1.5727E+000  -1.7391E-001  -1.4233E+000  -1.0182E+000  -4.9863E-002  -1.4958E+000  -4.9674E-003   9.4365E-002   7.3837E-003  -1.8672E-002   6.7182E-002   9.2933E-004   1.7703E-003   1.1322E-002  -1.8273E-002  -1.9447E-002   1.6212E-004   4.1084E-004  -7.1283E-004  -1.3921E-002   2.0145E-002   1.1315E-001  
 3.0874E+000  -7.4458E+000   1.5874E+000   5.4789E-001  -1.7647E+000   8.1716E-001  -4.7135E-002  -1.4397E+000   4.8814E-003  -8.8475E-002   6.0784E-003  -3.8785E-002  -3.2770E-002   1.1099E-003  -1.7704E-003   3.2547E-002  -1.8523E-002   1.9229E-002  -1.9770E-004  -4.2490E-004  -6.9838E-004  -1.4105E-002   1.9670E-002   1.1172E-001  
 5.8134E+000  -8.3402E+000  -1.4797E-014   1.0302E+000  -2.0153E-014   2.2176E+000  -2.5171E-014  -1.3573E+000   2.1580E-014   1.7685E-001  -5.3287E-002   3.0192E-002   1.2742E-014  -7.8313E-003  -1.6009E-014   2.6009E-002  -2.4477E-014  -4.1768E-002   4.1253E-014  -3.1574E-003  -2.5076E-014  -1.2742E-002   2.3282E-002   1.1162E-001  
 4.1076E+000  -7.4398E+000  -1.5359E+000   5.8110E-001   1.9182E+000   1.1761E+000   1.0197E-001  -1.4137E+000  -7.8883E-003  -1.8142E-001  -5.2677E-002  -3.9445E-002   2.5785E-002   4.0767E-003   6.7366E-003   2.3697E-002   3.3106E-003   4.1969E-002   2.9656E-004  -1.6709E-003   2.8022E-003  -1.2722E-002   2.3538E-002   1.1486E-001  
 6.9781E-001  -5.6812E+000  -1.5114E+000  -3.1679E-001   2.0490E+000  -1.1046E+000   1.0646E-001  -1.5341E+000   7.8490E-003   1.9086E-001  -5.1417E-002  -1.4488E-002  -6.7826E-002   3.8781E-003  -6.8104E-003   2.0403E-002   2.7290E-003  -4.2481E-002  -3.6452E-004   1.6288E-003   2.9270E-003  -1.2638E-002   2.3997E-002   1.1896E-001  
-1.0075E+000  -4.8231E+000  -2.6509E-007  -7.6599E-001   3.7585E-007  -2.3731E+000   2.0108E-008  -1.5983E+000   9.0413E-008  -1.9571E-001  -5.0791E-002   7.8011E-002  -2.1740E-008  -7.7712E-003   3.1195E-009   1.9136E-002   1.3309E-009   4.2811E-002  -1.7859E-008   3.3350E-003  -1.4446E-009  -1.2595E-002   2.4176E-002   1.1736E-001  
 6.9781E-001  -5.6812E+000   1.5114E+000  -3.1679E-001  -2.0490E+000  -1.1046E+000  -1.0646E-001  -1.5341E+000  -7.8492E-003   1.9086E-001  -5.1417E-002  -1.4488E-002   6.7826E-002   3.8781E-003   6.8104E-003   2.0403E-002  -2.7290E-003  -4.2481E-002   3.6456E-004   1.6288E-003  -2.9270E-003  -1.2638E-002   2.3997E-002   1.1896E-001  
 4.1076E+000  -7.4398E+000   1.5359E+000   5.8110E-001  -1.9182E+000   1.1761E+000  -1.0197E-001  -1.4137E+000   7.8885E-003  -1.8142E-001  -5.2677E-002  -3.9445E-002  -2.5785E-002   4.0767E-003  -6.7367E-003   2.3697E-002  -3.3106E-003   4.1969E-002  -2.9660E-004  -1.6709E-003  -2.8022E-003  -1.2722E-002   2.3538E-002   1.1486E-001  
 6.5609E+000  -8.1474E+000   3.7664E-014   1.0452E+000   8.0559E-015   2.1535E+000   5.7338E-014  -1.3061E+000  -4.5302E-014   2.5534E-001  -1.0138E-001   9.3800E-003   7.2096E-015  -1.3409E-002   2.6761E-014   6.2135E-003   9.3837E-014  -6.1159E-002  -6.2661E-014  -4.3591E-003   5.0996E-014  -1.3700E-002   2.4691E-002   1.2205E-001  
 4.6608E+000  -7.3496E+000  -1.3513E+000   5.4466E-001   1.8615E+000   1.4701E+000   1.5018E-001  -1.3897E+000  -9.8961E-003  -2.6109E-001  -1.0087E-001  -3.1439E-002   7.6124E-003   6.8362E-003   1.1673E-002   1.3750E-002  -1.4067E-002   6.1512E-002   5.2726E-004  -2.3330E-003   3.7731E-003  -1.3811E-002   2.4931E-002   1.2532E-001  
 8.6295E-001  -5.8084E+000  -1.3195E+000  -4.5597E-001   2.5611E+000  -1.0701E+000   1.5605E-001  -1.5666E+000   9.9759E-003   2.7318E-001  -9.9718E-002  -3.7771E-003  -5.3861E-002   6.6768E-003  -1.1700E-002   3.0551E-002  -1.4844E-002  -6.2177E-002  -4.4582E-004   2.1931E-003   3.9372E-003  -1.3777E-002   2.5399E-002   1.2547E-001  
-1.0366E+000  -5.0657E+000  -2.2946E-007  -9.5660E-001   5.1643E-007  -2.9664E+000   3.0007E-008  -1.6602E+000   1.3019E-007  -2.7937E-001  -9.9127E-002   6.1681E-002  -1.8067E-008  -1.3405E-002   5.5921E-009   3.9526E-002  -5.9985E-010   6.2587E-002  -2.5731E-008   4.5796E-003  -2.4073E-009  -1.3640E-002   2.5616E-002   1.2476E-001  
 8.6295E-001  -5.8084E+000   1.3195E+000  -4.5597E-001  -2.5611E+000  -1.0701E+000  -1.5605E-001  -1.5666E+000  -9.9762E-003   2.7318E-001  -9.9718E-002  -3.7770E-003   5.3861E-002   6.6768E-003   1.1700E-002   3.0551E-002   1.4844E-002  -6.2177E-002   4.4587E-004   2.1931E-003  -3.9372E-003  -1.3777E-002   2.5399E-002   1.2547E-001  
 4.6608E+000  -7.3496E+000   1.3513E+000   5.4466E-001  -1.8615E+000   1.4701E+000  -1.5018E-001  -1.3897E+000   9.8964E-003  -2.6109E-001  -1.0087E-001  -3.1439E-002  -7.6124E-003   6.8362E-003  -1.1673E-002   1.3750E-002   1.4067E-002   6.1512E-002  -5.2731E-004  -2.3330E-003  -3.7731E-003  -1.3811E-002   2.4931E-002   1.2532E-001  
 5.3328E+000  -7.7109E+000  -1.1448E+000   7.5857E-001   1.4436E+000   1.7644E+000   1.1339E-001  -1.3622E+000   1.6574E-001  -1.7662E-001  -9.1252E-002  -1.8781E-002   2.1821E-002   1.2423E-002  -4.6155E-005   1.3617E-002  -8.3091E-003   4.0904E-002  -4.0355E-002   2.9574E-003   3.0846E-003  -1.3469E-002   2.4596E-002   1.2210E-001  
 6.3509E-002  -5.4572E+000  -1.1098E+000  -6.2967E-001   2.1065E+000  -1.7685E+000   1.1980E-001  -1.5956E+000   1.8823E-001   1.7716E-001  -8.9631E-002   1.8960E-002  -5.8223E-002   1.2377E-002  -3.8336E-005   3.1136E-002  -9.2119E-003  -4.1016E-002  -4.1579E-002  -3.1651E-003   3.0209E-003  -1.3435E-002   2.5236E-002   1.2431E-001  
 6.3509E-002  -5.4572E+000   1.1098E+000  -6.2967E-001  -2.1065E+000  -1.7685E+000  -1.1980E-001  -1.5956E+000  -1.8823E-001   1.7716E-001  -8.9631E-002   1.8960E-002   5.8223E-002   1.2377E-002   3.8336E-005   3.1136E-002   9.2119E-003  -4.1016E-002   4.1579E-002  -3.1651E-003  -3.0209E-003  -1.3435E-002   2.5236E-002   1.2431E-001  
 5.3328E+000  -7.7109E+000   1.1448E+000   7.5857E-001  -1.4436E+000   1.7644E+000  -1.1339E-001  -1.3622E+000  -1.6574E-001  -1.7662E-001  -9.1252E-002  -1.8781E-002  -2.1821E-002   1.2423E-002   4.6155E-005   1.3617E-002   8.3091E-003   4.0904E-002   4.0355E-002   2.9574E-003  -3.0846E-003  -1.3469E-002   2.4596E-002   1.2210E-001  
