-1.2069E+001  -1.8847E-014   2.2493E-014  -3.0197E+000   1.9126E-015   3.0241E-011   6.7246E-014   1.9892E-015  -4.5053E-014   6.0471E-016   1.0104E-001  -8.8522E-012   1.8228E-014  -6.5010E-006  -1.4876E-015   9.0211E-015   9.9224E-014  -7.2185E-016  -8.2542E-014   8.7120E-018   6.7770E-014  -2.6857E-002   2.5493E-003   8.8805E-003  
-1.1858E+001  -7.6004E-001  -2.1296E-014  -2.9921E+000   9.5504E-016   5.8317E-002  -4.0160E-014  -5.8292E-003   4.2326E-014   2.2508E-003   9.5626E-002   8.3307E-003   9.0089E-016  -1.6170E-005  -2.8407E-014   1.2874E-002  -5.1415E-014  -5.0128E-004   3.1801E-014  -6.1424E-006  -3.0150E-014  -2.5556E-002   3.9866E-003   3.1139E-002  
-1.1858E+001  -3.8001E-001  -6.5821E-001  -2.9921E+000   5.0509E-002  -2.9158E-002  -5.0488E-003  -2.9159E-003   3.8873E-006  -2.2576E-003   9.5627E-002  -4.1649E-003   7.2231E-003  -3.6648E-006   7.2325E-006   6.4362E-003   1.1148E-002   4.9529E-004   3.0857E-006  -3.0289E-006  -3.5718E-006  -2.5555E-002   3.9892E-003   2.9624E-002  
-1.1858E+001   3.8001E-001  -6.5821E-001  -2.9921E+000  -5.0509E-002  -2.9158E-002  -5.0488E-003   2.9159E-003   3.8862E-006   2.2576E-003   9.5627E-002  -4.1649E-003  -7.2231E-003  -3.6648E-006  -7.2325E-006  -6.4362E-003   1.1148E-002  -4.9529E-004   3.0860E-006   3.0289E-006  -3.5719E-006  -2.5555E-002   3.9892E-003   2.9624E-002  
-1.1858E+001   7.6004E-001  -1.1677E-007  -2.9921E+000  -1.7924E-008   5.8317E-002  -8.4436E-010   5.8292E-003   9.7078E-010  -2.2508E-003   9.5626E-002   8.3307E-003  -2.4932E-009  -1.6170E-005   7.3413E-012  -1.2874E-002   1.9477E-009   5.0128E-004  -2.7744E-010   6.1424E-006  -5.9643E-011  -2.5556E-002   3.9866E-003   3.1139E-002  
-1.1858E+001   3.8001E-001   6.5821E-001  -2.9921E+000   5.0509E-002  -2.9158E-002   5.0488E-003   2.9159E-003  -3.8884E-006   2.2576E-003   9.5627E-002  -4.1649E-003   7.2231E-003  -3.6649E-006   7.2324E-006  -6.4362E-003  -1.1148E-002  -4.9529E-004  -3.0855E-006   3.0288E-006   3.5719E-006  -2.5555E-002   3.9892E-003   2.9624E-002  
-1.1858E+001  -3.8001E-001   6.5821E-001  -2.9921E+000  -5.0509E-002  -2.9158E-002   5.0488E-003  -2.9159E-003  -3.8853E-006  -2.2576E-003   9.5627E-002  -4.1649E-003  -7.2231E-003  -3.6648E-006  -7.2324E-006   6.4362E-003  -1.1148E-002   4.9529E-004  -3.0862E-006  -3.0289E-006   3.5719E-006  -2.5555E-002   3.9892E-003   2.9624E-002  
-1.1104E+001  -1.5386E+000   1.0001E-013  -2.9131E+000  -1.1649E-014   2.0543E-001   5.8571E-014  -4.6379E-005  -5.2723E-014   2.6344E-002   7.1543E-002   3.5221E-002  -2.3801E-014  -2.5923E-004   2.4322E-014   2.2833E-002   5.5892E-014  -5.5752E-003  -8.4370E-014  -6.8082E-005   6.1580E-014  -2.0677E-002   1.1034E-002   8.1884E-002  
-1.1104E+001  -7.6925E-001  -1.3324E+000  -2.9131E+000   1.7793E-001  -1.0271E-001  -3.9316E-005  -2.4101E-005   4.8135E-006  -2.6361E-002   7.1546E-002  -1.7609E-002   3.0535E-002   1.1663E-004   2.2338E-004   1.1409E-002   1.9773E-002   5.5555E-003   5.9106E-006  -3.1872E-005   3.5922E-005  -2.0685E-002   1.1057E-002   7.8647E-002  
-1.1104E+001   7.6925E-001  -1.3324E+000  -2.9131E+000  -1.7793E-001  -1.0271E-001  -3.9316E-005   2.4101E-005   4.8014E-006   2.6361E-002   7.1546E-002  -1.7609E-002  -3.0535E-002   1.1663E-004  -2.2338E-004  -1.1409E-002   1.9773E-002  -5.5555E-003   5.9132E-006   3.1872E-005   3.5922E-005  -2.0685E-002   1.1057E-002   7.8647E-002  
-1.1104E+001   1.5386E+000  -2.3639E-007  -2.9131E+000  -6.3121E-008   2.0543E-001  -4.5006E-011   4.6379E-005   1.2129E-008  -2.6344E-002   7.1543E-002   3.5221E-002  -1.0906E-008  -2.5923E-004   7.8437E-011  -2.2833E-002   3.5313E-009   5.5752E-003  -2.6172E-009   6.8082E-005  -5.8967E-011  -2.0677E-002   1.1034E-002   8.1884E-002  
-1.1104E+001   7.6925E-001   1.3324E+000  -2.9131E+000   1.7793E-001  -1.0271E-001   3.9315E-005   2.4101E-005  -4.8256E-006   2.6361E-002   7.1546E-002  -1.7609E-002   3.0535E-002   1.1663E-004   2.2338E-004  -1.1409E-002  -1.9773E-002  -5.5555E-003  -5.9080E-006   3.1872E-005  -3.5922E-005  -2.0685E-002   1.1057E-002   7.8647E-002  
-1.1104E+001  -7.6925E-001   1.3324E+000  -2.9131E+000  -1.7793E-001  -1.0272E-001   3.9315E-005  -2.4101E-005  -4.7892E-006  -2.6361E-002   7.1546E-002  -1.7609E-002  -3.0535E-002   1.1663E-004  -2.2338E-004   1.1409E-002  -1.9773E-002   5.5555E-003  -5.9158E-006  -3.1872E-005  -3.5922E-005  -2.0685E-002   1.1057E-002   7.8647E-002  
-1.0209E+001  -1.9036E+000  -7.6378E-014  -2.8775E+000   2.6241E-014   1.9265E-001  -8.2075E-014   3.4839E-002   4.2043E-014   9.1358E-002   2.7091E-002   5.7275E-002   8.8138E-015  -2.0133E-003  -4.8280E-014   2.0590E-002  -1.0479E-013  -1.9370E-002   6.9067E-014  -8.2981E-004  -4.4967E-014  -1.4389E-002   1.9886E-002   1.1122E-001  
-1.0209E+001  -9.5175E-001  -1.6486E+000  -2.8775E+000   1.6688E-001  -9.6337E-002   3.0142E-002   1.7403E-002   4.4435E-006  -9.1355E-002   2.7039E-002  -2.8634E-002   4.9654E-002   1.0222E-003   1.7732E-003   1.0274E-002   1.7810E-002   1.9349E-002   1.9824E-005  -4.2002E-004   7.1003E-004  -1.4415E-002   1.9886E-002   1.1135E-001  
-1.0209E+001   9.5175E-001  -1.6486E+000  -2.8775E+000  -1.6688E-001  -9.6337E-002   3.0142E-002  -1.7403E-002   4.4012E-006   9.1355E-002   2.7039E-002  -2.8634E-002  -4.9654E-002   1.0222E-003  -1.7732E-003  -1.0274E-002   1.7810E-002  -1.9349E-002   1.9833E-005   4.2002E-004   7.1002E-004  -1.4415E-002   1.9886E-002   1.1135E-001  
-1.0209E+001   1.9036E+000  -2.9232E-007  -2.8775E+000  -5.9314E-008   1.9265E-001   5.3683E-009  -3.4839E-002   4.2291E-008  -9.1358E-002   2.7091E-002   5.7275E-002  -1.7779E-008  -2.0133E-003   8.4460E-010  -2.0590E-002   3.2869E-009   1.9370E-002  -8.6830E-009   8.2981E-004  -4.1746E-010  -1.4389E-002   1.9886E-002   1.1122E-001  
-1.0209E+001   9.5175E-001   1.6486E+000  -2.8775E+000   1.6688E-001  -9.6336E-002  -3.0142E-002  -1.7403E-002  -4.4858E-006   9.1355E-002   2.7039E-002  -2.8634E-002   4.9654E-002   1.0222E-003   1.7732E-003  -1.0274E-002  -1.7810E-002  -1.9349E-002  -1.9816E-005   4.2002E-004  -7.1003E-004  -1.4415E-002   1.9886E-002   1.1135E-001  
-1.0209E+001  -9.5174E-001   1.6486E+000  -2.8775E+000  -1.6688E-001  -9.6337E-002  -3.0142E-002   1.7403E-002  -4.3589E-006  -9.1355E-002   2.7039E-002  -2.8634E-002  -4.9654E-002   1.0222E-003  -1.7732E-003   1.0274E-002  -1.7810E-002   1.9349E-002  -1.9842E-005  -4.2002E-004  -7.1002E-004  -1.4415E-002   1.9886E-002   1.1135E-001  
-9.5273E+000  -1.8577E+000   3.4676E-015  -2.9343E+000   2.0333E-015  -8.2604E-002   2.4274E-014   9.3922E-002  -7.7462E-015   1.8606E-001  -3.1834E-002   5.3443E-002  -1.1952E-015  -7.8045E-003   1.2872E-014   2.5993E-003   4.7550E-014  -4.2296E-002  -2.8487E-014  -3.2498E-003   3.4894E-014  -1.3067E-002   2.3712E-002   1.1440E-001  
-9.5276E+000  -9.2888E-001  -1.6090E+000  -2.9343E+000  -7.1339E-002   4.1176E-002   8.1351E-002   4.6915E-002  -6.5666E-005  -1.8600E-001  -3.1841E-002  -2.6768E-002   4.6313E-002   3.9778E-003   6.7847E-003   1.2290E-003   2.2902E-003   4.2241E-002  -2.6079E-005  -1.6622E-003   2.8734E-003  -1.3079E-002   2.3750E-002   1.1586E-001  
-9.5276E+000   9.2888E-001  -1.6090E+000  -2.9343E+000   7.1339E-002   4.1176E-002   8.1351E-002  -4.6915E-002  -6.5753E-005   1.8600E-001  -3.1841E-002  -2.6768E-002  -4.6313E-002   3.9778E-003  -6.7847E-003  -1.2290E-003   2.2902E-003  -4.2241E-002  -2.6061E-005   1.6622E-003   2.8734E-003  -1.3079E-002   2.3750E-002   1.1586E-001  
-9.5273E+000   1.8577E+000  -2.8464E-007  -2.9343E+000   2.4112E-008  -8.2604E-002   1.5164E-008  -9.3922E-002   8.7331E-008  -1.8606E-001  -3.1834E-002   5.3443E-002  -1.7986E-008  -7.8045E-003   3.1604E-009  -2.5993E-003   1.3414E-009   4.2296E-002  -1.7705E-008   3.2498E-003  -1.4650E-009  -1.3067E-002   2.3712E-002   1.1440E-001  
-9.5276E+000   9.2888E-001   1.6090E+000  -2.9343E+000  -7.1339E-002   4.1176E-002  -8.1351E-002  -4.6915E-002   6.5578E-005   1.8600E-001  -3.1841E-002  -2.6768E-002   4.6313E-002   3.9778E-003   6.7847E-003  -1.2290E-003  -2.2902E-003  -4.2241E-002   2.6096E-005   1.6622E-003  -2.8734E-003  -1.3079E-002   2.3750E-002   1.1586E-001  
-9.5276E+000  -9.2888E-001   1.6090E+000  -2.9343E+000   7.1339E-002   4.1176E-002  -8.1351E-002   4.6915E-002   6.5840E-005  -1.8600E-001  -3.1841E-002  -2.6768E-002  -4.6313E-002   3.9778E-003  -6.7847E-003   1.2290E-003  -2.2902E-003   4.2241E-002   2.6043E-005  -1.6622E-003  -2.8734E-003  -1.3079E-002   2.3750E-002   1.1586E-001  
-9.1721E+000  -1.6515E+000   2.7142E-014  -3.0235E+000  -1.1473E-015  -4.1294E-001   1.5028E-014   1.4737E-001  -1.2324E-014   2.6705E-001  -8.0142E-002   3.4698E-002   5.3802E-015  -1.3416E-002   6.8077E-015  -1.7641E-002   3.3725E-014  -6.1896E-002  -2.3409E-014  -4.4679E-003   1.6549E-014  -1.4095E-002   2.5125E-002   1.2250E-001  
-9.1725E+000  -8.2586E-001  -1.4306E+000  -3.0234E+000  -3.5718E-001   2.0629E-001   1.2762E-001   7.3658E-002  -3.2253E-005  -2.6696E-001  -8.0155E-002  -1.7361E-002   3.0131E-002   6.7587E-003   1.1669E-002  -8.8716E-003  -1.5263E-002   6.1848E-002   3.2007E-005  -2.2536E-003   3.8464E-003  -1.4197E-002   2.5145E-002   1.2938E-001  
-9.1725E+000   8.2586E-001  -1.4306E+000  -3.0234E+000   3.5718E-001   2.0629E-001   1.2762E-001  -7.3658E-002  -3.2380E-005   2.6696E-001  -8.0155E-002  -1.7361E-002  -3.0131E-002   6.7587E-003  -1.1669E-002   8.8716E-003  -1.5263E-002  -6.1848E-002   3.2032E-005   2.2536E-003   3.8464E-003  -1.4197E-002   2.5145E-002   1.2938E-001  
-9.1721E+000   1.6515E+000  -2.5209E-007  -3.0235E+000   1.2415E-007  -4.1294E-001   2.4395E-008  -1.4737E-001   1.2622E-007  -2.6705E-001  -8.0142E-002   3.4698E-002  -1.3920E-008  -1.3416E-002   5.6806E-009   1.7641E-002  -6.8380E-010   6.1896E-002  -2.5605E-008   4.4679E-003  -2.4603E-009  -1.4095E-002   2.5125E-002   1.2250E-001  
-9.1725E+000   8.2586E-001   1.4306E+000  -3.0234E+000  -3.5718E-001   2.0629E-001  -1.2762E-001  -7.3658E-002   3.2128E-005   2.6696E-001  -8.0155E-002  -1.7361E-002   3.0131E-002   6.7588E-003   1.1669E-002   8.8716E-003   1.5263E-002  -6.1848E-002  -3.1981E-005   2.2536E-003  -3.8464E-003  -1.4197E-002   2.5145E-002   1.2938E-001  
-9.1725E+000  -8.2586E-001   1.4306E+000  -3.0234E+000   3.5718E-001   2.0629E-001  -1.2762E-001   7.3658E-002   3.2506E-005  -2.6696E-001  -8.0155E-002  -1.7361E-002  -3.0131E-002   6.7587E-003  -1.1669E-002  -8.8716E-003   1.5263E-002   6.1848E-002  -3.2058E-005  -2.2536E-003  -3.8464E-003  -1.4197E-002   2.5145E-002   1.2938E-001  
-9.2353E+000  -1.2035E+000  -1.2035E+000  -3.0030E+000  -3.3958E-001  -2.5039E-012   9.6213E-002   9.6213E-002   1.7682E-001  -1.7682E-001  -7.0261E-002   1.0370E-011   3.9399E-002   1.2375E-002   1.0791E-011  -9.3778E-003  -9.3778E-003   4.0948E-002  -4.0948E-002   3.0525E-003   3.0525E-003  -1.3840E-002   2.4907E-002   1.1959E-001  
-9.2353E+000   1.2035E+000  -1.2035E+000  -3.0030E+000   3.3958E-001  -2.5094E-012   9.6213E-002  -9.6213E-002   1.7682E-001   1.7682E-001  -7.0261E-002   1.0366E-011  -3.9399E-002   1.2375E-002  -1.0835E-011   9.3778E-003  -9.3778E-003  -4.0948E-002  -4.0948E-002  -3.0525E-003   3.0525E-003  -1.3840E-002   2.4907E-002   1.1959E-001  
-9.2353E+000   1.2035E+000   1.2035E+000  -3.0030E+000  -3.3958E-001  -2.5390E-012  -9.6213E-002  -9.6213E-002  -1.7682E-001   1.7682E-001  -7.0261E-002   1.0351E-011   3.9399E-002   1.2375E-002   1.0796E-011   9.3778E-003   9.3778E-003  -4.0948E-002   4.0948E-002  -3.0525E-003  -3.0525E-003  -1.3840E-002   2.4907E-002   1.1959E-001  
-9.2353E+000  -1.2035E+000   1.2035E+000  -3.0030E+000   3.3958E-001  -2.5438E-012  -9.6213E-002   9.6213E-002  -1.7682E-001  -1.7682E-001  -7.0261E-002   1.0362E-011  -3.9399E-002   1.2375E-002  -1.0827E-011  -9.3778E-003   9.3778E-003   4.0948E-002   4.0948E-002   3.0525E-003  -3.0525E-003  -1.3840E-002   2.4907E-002   1.1959E-001  
