-8.6373E+000   1.3500E+000   7.7081E-001  -3.3816E+000  -9.1334E-001  -5.3918E-001  -4.5411E-002  -7.9194E-002  -3.2135E-001  -4.0122E-003  -2.3152E-001  -2.9563E-002  -4.9777E-002   2.1106E-002  -3.8685E-002   7.5189E-002   4.2949E-002   1.5027E-003   1.0083E-001  -7.4755E-003   4.6945E-003  -1.8531E-002   2.1020E-002   1.2376E-001  
-8.7217E+000   1.5336E+000   6.5731E-001  -3.2028E+000  -4.5697E-001  -4.3517E-001  -5.1676E-002  -1.2057E-001  -2.8950E-001  -1.0766E-001  -1.5936E-001   1.0273E-002   1.0783E-002   1.0174E-003  -2.0187E-002   3.0322E-002   1.3067E-002   2.6429E-002   7.0973E-002  -2.9018E-003   5.9904E-003  -1.4943E-002   2.6130E-002   1.4428E-001  
-8.8639E+000   1.7340E+000   4.9596E-001  -3.1394E+000  -2.2228E-001  -3.5681E-001  -2.9841E-002  -1.0442E-001  -1.9943E-001  -1.8035E-001  -1.3095E-001   2.8533E-002   1.7779E-002  -5.9475E-003  -1.2251E-002   1.8032E-002   5.2031E-003   4.1816E-002   4.6265E-002   7.8933E-004   4.4188E-003  -1.4267E-002   2.5203E-002   1.2539E-001  
-8.9610E+000   1.8558E+000   2.6462E-001  -3.1089E+000  -8.6667E-002  -2.9776E-001  -1.3032E-002  -9.1564E-002  -1.0024E-001  -2.2159E-001  -1.1599E-001   3.8847E-002   1.1312E-002  -9.9988E-003  -6.4073E-003   1.2207E-002   1.7864E-003   5.1334E-002   2.3225E-002   3.2070E-003   2.7804E-003  -1.3950E-002   2.4756E-002   1.2242E-001  
-8.9946E+000   1.8956E+000  -2.9147E-014  -3.0996E+000   7.1011E-015  -2.7581E-001   2.2111E-015  -8.7406E-002   3.7020E-016  -2.3500E-001  -1.1117E-001   4.2450E-002   1.5195E-014  -1.1276E-002  -2.8907E-015   1.0341E-002   2.9976E-014   5.4392E-002  -5.2099E-015   4.1102E-003   2.4096E-014  -1.3905E-002   2.4576E-002   1.2183E-001  
-8.9610E+000   1.8558E+000  -2.6462E-001  -3.1089E+000   8.6667E-002  -2.9776E-001   1.3032E-002  -9.1564E-002   1.0024E-001  -2.2159E-001  -1.1599E-001   3.8847E-002  -1.1312E-002  -9.9988E-003   6.4073E-003   1.2207E-002  -1.7864E-003   5.1334E-002  -2.3225E-002   3.2070E-003  -2.7804E-003  -1.3950E-002   2.4756E-002   1.2242E-001  
-8.8639E+000   1.7340E+000  -4.9596E-001  -3.1394E+000   2.2228E-001  -3.5681E-001   2.9841E-002  -1.0442E-001   1.9943E-001  -1.8035E-001  -1.3095E-001   2.8533E-002  -1.7779E-002  -5.9475E-003   1.2251E-002   1.8032E-002  -5.2031E-003   4.1816E-002  -4.6265E-002   7.8933E-004  -4.4188E-003  -1.4267E-002   2.5203E-002   1.2539E-001  
-8.7217E+000   1.5336E+000  -6.5731E-001  -3.2028E+000   4.5697E-001  -4.3517E-001   5.1676E-002  -1.2057E-001   2.8950E-001  -1.0766E-001  -1.5936E-001   1.0273E-002  -1.0783E-002   1.0174E-003   2.0187E-002   3.0322E-002  -1.3067E-002   2.6429E-002  -7.0973E-002  -2.9018E-003  -5.9904E-003  -1.4943E-002   2.6130E-002   1.4428E-001  
-8.6373E+000   1.3500E+000  -7.7081E-001  -3.3816E+000   9.1334E-001  -5.3918E-001   4.5411E-002  -7.9194E-002   3.2135E-001  -4.0122E-003  -2.3152E-001  -2.9563E-002   4.9777E-002   2.1106E-002   3.8685E-002   7.5189E-002  -4.2949E-002   1.5027E-003  -1.0083E-001  -7.4755E-003  -4.6945E-003  -1.8531E-002   2.1020E-002   1.2376E-001  
-8.8956E+000   1.5217E+000   1.0139E+000  -3.1290E+000  -3.5297E-001  -1.4729E-001  -5.7150E-002  -8.5802E-002  -2.5539E-001   4.9729E-002  -1.2601E-001   1.3890E-002   3.3246E-002   9.1657E-003  -9.2500E-003   1.3809E-002   9.2739E-003  -1.1528E-002   5.9158E-002  -4.2980E-003   9.1481E-004  -1.4264E-002   2.5048E-002   1.2438E-001  
-9.1365E+000   1.7591E+000   8.7943E-001  -3.0657E+000  -1.1933E-001  -8.9539E-002  -3.0581E-002  -6.1189E-002  -2.0033E-001  -3.6484E-002  -9.2419E-002   2.9733E-002   3.9680E-002   2.6156E-003  -8.8044E-003   2.1672E-003   1.1422E-003   8.3662E-003   4.5988E-002  -2.5323E-003   2.6837E-003  -1.3497E-002   2.4066E-002   1.1747E-001  
-9.3324E+000   1.9218E+000   6.4114E-001  -3.0317E+000  -9.0741E-003  -1.2133E-002  -1.4946E-002  -4.4822E-002  -1.3782E-001  -9.5278E-002  -7.0102E-002   4.4658E-002   3.3590E-002  -1.7617E-003  -6.1811E-003  -6.0073E-003  -1.9629E-003   2.1354E-002   3.0886E-002  -1.2790E-004   2.7512E-003  -1.3084E-002   2.3344E-002   1.1234E-001  
-9.4607E+000   2.0173E+000   3.3550E-001  -3.0159E+000   1.6884E-002   4.9304E-002  -5.8683E-003  -3.5398E-002  -6.9937E-002  -1.2974E-001  -5.7370E-002   5.5029E-002   1.8855E-002  -3.8372E-003  -3.0101E-003  -1.0834E-002  -1.7600E-003   2.8489E-002   1.5342E-002   1.3769E-003   1.5021E-003  -1.2950E-002   2.2883E-002   1.0643E-001  
-9.5049E+000   2.0484E+000   4.3456E-014  -3.0116E+000  -1.0054E-014   7.2055E-002   4.6107E-014  -3.2311E-002  -5.0580E-014  -1.4093E-001  -5.3319E-002   5.8642E-002  -3.5718E-014  -4.4060E-003   5.0192E-014  -1.2344E-002   7.5834E-014   3.0754E-002  -2.6711E-014   1.8109E-003   3.2365E-014  -1.2938E-002   2.2700E-002   1.0419E-001  
-9.4607E+000   2.0173E+000  -3.3550E-001  -3.0159E+000  -1.6884E-002   4.9304E-002   5.8683E-003  -3.5398E-002   6.9937E-002  -1.2974E-001  -5.7370E-002   5.5029E-002  -1.8855E-002  -3.8372E-003   3.0101E-003  -1.0834E-002   1.7600E-003   2.8489E-002  -1.5342E-002   1.3769E-003  -1.5021E-003  -1.2950E-002   2.2883E-002   1.0643E-001  
-9.3324E+000   1.9218E+000  -6.4114E-001  -3.0317E+000   9.0741E-003  -1.2133E-002   1.4946E-002  -4.4822E-002   1.3782E-001  -9.5278E-002  -7.0102E-002   4.4658E-002  -3.3590E-002  -1.7617E-003   6.1811E-003  -6.0073E-003   1.9629E-003   2.1354E-002  -3.0886E-002  -1.2790E-004  -2.7512E-003  -1.3084E-002   2.3344E-002   1.1234E-001  
-9.1365E+000   1.7591E+000  -8.7943E-001  -3.0657E+000   1.1933E-001  -8.9539E-002   3.0581E-002  -6.1189E-002   2.0033E-001  -3.6484E-002  -9.2419E-002   2.9733E-002  -3.9680E-002   2.6156E-003   8.8044E-003   2.1672E-003  -1.1422E-003   8.3662E-003  -4.5988E-002  -2.5323E-003  -2.6837E-003  -1.3497E-002   2.4066E-002   1.1747E-001  
-8.8956E+000   1.5217E+000  -1.0139E+000  -3.1290E+000   3.5297E-001  -1.4729E-001   5.7150E-002  -8.5802E-002   2.5539E-001   4.9729E-002  -1.2601E-001   1.3890E-002  -3.3246E-002   9.1657E-003   9.2500E-003   1.3809E-002  -9.2739E-003  -1.1528E-002  -5.9158E-002  -4.2980E-003  -9.1481E-004  -1.4264E-002   2.5048E-002   1.2438E-001  
-9.2919E+000   1.5755E+000   1.2593E+000  -3.0377E+000  -3.8599E-002  -8.6955E-003  -3.1953E-002  -4.0018E-002  -1.5690E-001   7.6152E-002  -7.4466E-002   1.2120E-002   5.3488E-002   6.3221E-003  -2.9997E-003  -3.6263E-003  -2.8492E-003  -1.7222E-002   3.5386E-002  -2.8932E-003  -6.7935E-004  -1.3218E-002   2.3477E-002   1.1560E-001  
-9.5959E+000   1.7590E+000   1.0549E+000  -3.0043E+000   9.5531E-002   5.0977E-002  -1.2975E-002  -2.1662E-002  -1.2809E-001   6.3980E-003  -4.5617E-002   2.7768E-002   5.2079E-002   2.1203E-003  -3.1500E-003  -1.2476E-002  -7.4503E-003  -1.3705E-003   2.7777E-002  -1.4386E-003   6.9207E-004  -1.3192E-002   2.2159E-002   1.0491E-001  
-9.8405E+000   1.8848E+000   7.5429E-001  -2.9929E+000   1.2364E-001   1.2970E-001  -3.5800E-003  -8.9878E-003  -8.9796E-002  -4.1060E-002  -2.7238E-002   4.1835E-002   3.9922E-002  -9.9799E-005  -2.3966E-003  -1.7765E-002  -7.0805E-003   8.7469E-003   1.9150E-002  -3.2137E-004   9.8011E-004  -1.4174E-002   2.0461E-002   1.1148E-001  
-9.9995E+000   1.9582E+000   3.9068E-001  -2.9909E+000   7.9832E-002   1.9207E-001  -3.4807E-004  -1.7956E-003  -4.6048E-002  -6.8661E-002  -1.6794E-002   5.1565E-002   2.1454E-002  -1.0937E-003  -1.1318E-003  -2.0846E-002  -4.1278E-003   1.4351E-002   9.6172E-003   3.2238E-004   5.0320E-004  -1.4916E-002   1.9295E-002   1.1476E-001  
-1.0054E+001   1.9821E+000  -8.0871E-014  -2.9911E+000  -1.7575E-014   2.1515E-001  -5.4965E-014   5.5353E-004   7.2460E-014  -7.7587E-002  -1.3510E-002   5.4936E-002   3.2258E-014  -1.3310E-003  -3.4190E-014  -2.1782E-002  -6.0487E-014   1.6149E-002   6.3268E-014   4.2307E-004  -6.1270E-014  -1.5274E-002   1.8827E-002   1.1636E-001  
-9.9995E+000   1.9582E+000  -3.9068E-001  -2.9909E+000  -7.9832E-002   1.9207E-001   3.4807E-004  -1.7956E-003   4.6048E-002  -6.8661E-002  -1.6794E-002   5.1565E-002  -2.1454E-002  -1.0937E-003   1.1318E-003  -2.0846E-002   4.1278E-003   1.4351E-002  -9.6172E-003   3.2238E-004  -5.0320E-004  -1.4916E-002   1.9295E-002   1.1476E-001  
-9.8405E+000   1.8848E+000  -7.5429E-001  -2.9929E+000  -1.2364E-001   1.2970E-001   3.5800E-003  -8.9878E-003   8.9796E-002  -4.1060E-002  -2.7238E-002   4.1835E-002  -3.9922E-002  -9.9799E-005   2.3966E-003  -1.7765E-002   7.0805E-003   8.7469E-003  -1.9150E-002  -3.2137E-004  -9.8011E-004  -1.4174E-002   2.0461E-002   1.1148E-001  
-9.5959E+000   1.7590E+000  -1.0549E+000  -3.0043E+000  -9.5531E-002   5.0977E-002   1.2975E-002  -2.1662E-002   1.2809E-001   6.3980E-003  -4.5617E-002   2.7768E-002  -5.2079E-002   2.1203E-003   3.1500E-003  -1.2476E-002   7.4503E-003  -1.3705E-003  -2.7777E-002  -1.4386E-003  -6.9207E-004  -1.3192E-002   2.2159E-002   1.0491E-001  
-9.2919E+000   1.5755E+000  -1.2593E+000  -3.0377E+000   3.8599E-002  -8.6955E-003   3.1953E-002  -4.0018E-002   1.5690E-001   7.6152E-002  -7.4466E-002   1.2120E-002  -5.3488E-002   6.3221E-003   2.9997E-003  -3.6263E-003   2.8492E-003  -1.7222E-002  -3.5386E-002  -2.8932E-003   6.7935E-004  -1.3218E-002   2.3477E-002   1.1560E-001  
-8.6373E+000   7.7081E-001   1.3500E+000  -3.3816E+000  -9.1334E-001   5.3918E-001  -7.9194E-002  -4.5411E-002   4.0122E-003   3.2135E-001  -2.3152E-001   2.9563E-002  -4.9777E-002   2.1106E-002   3.8685E-002   4.2949E-002   7.5189E-002  -1.0083E-001  -1.5027E-003   4.6945E-003  -7.4755E-003  -1.8531E-002   2.1020E-002   1.2376E-001  
-8.8956E+000   1.0139E+000   1.5217E+000  -3.1290E+000  -3.5297E-001   1.4729E-001  -8.5802E-002  -5.7150E-002  -4.9729E-002   2.5539E-001  -1.2601E-001  -1.3890E-002   3.3246E-002   9.1657E-003   9.2500E-003   9.2739E-003   1.3809E-002  -5.9158E-002   1.1528E-002   9.1481E-004  -4.2980E-003  -1.4264E-002   2.5048E-002   1.2438E-001  
-9.2919E+000   1.2593E+000   1.5755E+000  -3.0377E+000  -3.8599E-002   8.6955E-003  -4.0018E-002  -3.1953E-002  -7.6152E-002   1.5690E-001  -7.4466E-002  -1.2120E-002   5.3488E-002   6.3221E-003   2.9997E-003  -2.8492E-003  -3.6263E-003  -3.5386E-002   1.7222E-002  -6.7935E-004  -2.8932E-003  -1.3218E-002   2.3477E-002   1.1560E-001  
-9.6937E+000   1.4478E+000   1.4478E+000  -2.9985E+000   1.4092E-001   4.0706E-012  -1.3038E-002  -1.3038E-002  -8.1812E-002   8.1812E-002  -3.7956E-002   4.9985E-013   5.8853E-002   3.1587E-003   6.0646E-012  -1.1676E-002  -1.1676E-002  -1.7626E-002   1.7626E-002  -9.3169E-004  -9.3169E-004  -1.3620E-002   2.1477E-002   1.0767E-001  
-1.0056E+001   1.5850E+000   1.1893E+000  -2.9911E+000   2.0686E-001   6.0226E-002   3.8782E-004   5.1062E-004  -7.2464E-002   2.7309E-002  -1.3386E-002   1.5358E-002   5.2781E-002   1.1336E-003  -7.0128E-004  -1.7447E-002  -1.3073E-002  -5.6555E-003   1.5021E-002  -4.1364E-004  -3.7328E-005  -1.5260E-002   1.8864E-002   1.1507E-001  
-1.0345E+001   1.6785E+000   8.4044E-001  -2.9986E+000   1.8667E-001   1.3964E-001   4.8997E-003   9.7782E-003  -5.3003E-002  -9.5346E-003   2.0548E-003   2.9036E-002   3.8866E-002   1.9585E-004  -6.9477E-004  -2.0637E-002  -1.0322E-002   1.9964E-003   1.1004E-002  -9.3917E-005   1.2468E-004  -1.7464E-002   1.5874E-002   1.0616E-001  
-1.0532E+001   1.7329E+000   4.3256E-001  -3.0081E+000   1.0780E-001   2.0243E-001   3.7632E-003   1.5052E-002  -2.7713E-002  -3.0711E-002   1.0734E-002   3.8324E-002   2.0432E-002  -2.7542E-004  -4.0737E-004  -2.2493E-002  -5.5981E-003   6.4383E-003   5.7883E-003   5.9400E-005   1.1559E-004  -1.8889E-002   1.3877E-002   9.6057E-002  
-1.0596E+001   1.7506E+000  -4.3598E-014  -3.0120E+000   1.1110E-014   2.2568E-001  -5.7485E-014   1.6731E-002   5.7090E-014  -3.7533E-002   1.3490E-002   4.1577E-002   1.2699E-014  -4.2599E-004  -3.0084E-014  -2.3118E-002  -7.5382E-014   7.8880E-003   6.4156E-014   1.1218E-004  -5.2238E-014  -1.9359E-002   1.3201E-002   9.5263E-002  
-1.0532E+001   1.7329E+000  -4.3256E-001  -3.0081E+000  -1.0780E-001   2.0243E-001  -3.7632E-003   1.5052E-002   2.7713E-002  -3.0711E-002   1.0734E-002   3.8324E-002  -2.0432E-002  -2.7542E-004   4.0737E-004  -2.2493E-002   5.5981E-003   6.4383E-003  -5.7883E-003   5.9400E-005  -1.1559E-004  -1.8889E-002   1.3877E-002   9.6057E-002  
-1.0345E+001   1.6785E+000  -8.4044E-001  -2.9986E+000  -1.8667E-001   1.3964E-001  -4.8997E-003   9.7782E-003   5.3003E-002  -9.5346E-003   2.0548E-003   2.9036E-002  -3.8866E-002   1.9585E-004   6.9477E-004  -2.0637E-002   1.0322E-002   1.9964E-003  -1.1004E-002  -9.3917E-005  -1.2468E-004  -1.7464E-002   1.5874E-002   1.0616E-001  
-1.0056E+001   1.5850E+000  -1.1893E+000  -2.9911E+000  -2.0686E-001   6.0226E-002  -3.8782E-004   5.1062E-004   7.2464E-002   2.7309E-002  -1.3386E-002   1.5358E-002  -5.2781E-002   1.1336E-003   7.0128E-004  -1.7447E-002   1.3073E-002  -5.6555E-003  -1.5021E-002  -4.1364E-004   3.7328E-005  -1.5260E-002   1.8864E-002   1.1507E-001  
-9.6937E+000   1.4478E+000  -1.4478E+000  -2.9985E+000  -1.4092E-001   4.0581E-012   1.3038E-002  -1.3038E-002   8.1812E-002   8.1812E-002  -3.7956E-002   5.0315E-013  -5.8853E-002   3.1587E-003  -6.0528E-012  -1.1676E-002   1.1676E-002  -1.7626E-002  -1.7626E-002  -9.3169E-004   9.3169E-004  -1.3620E-002   2.1477E-002   1.0767E-001  
-9.2919E+000   1.2593E+000  -1.5755E+000  -3.0377E+000   3.8599E-002   8.6955E-003   4.0018E-002  -3.1953E-002   7.6152E-002   1.5690E-001  -7.4466E-002  -1.2120E-002  -5.3488E-002   6.3221E-003  -2.9997E-003  -2.8492E-003   3.6263E-003  -3.5386E-002  -1.7222E-002  -6.7935E-004   2.8932E-003  -1.3218E-002   2.3477E-002   1.1560E-001  
-8.8956E+000   1.0139E+000  -1.5217E+000  -3.1290E+000   3.5297E-001   1.4729E-001   8.5802E-002  -5.7150E-002   4.9729E-002   2.5539E-001  -1.2601E-001  -1.3890E-002  -3.3246E-002   9.1657E-003  -9.2500E-003   9.2739E-003  -1.3809E-002  -5.9158E-002  -1.1528E-002   9.1481E-004   4.2980E-003  -1.4264E-002   2.5048E-002   1.2438E-001  
-8.6373E+000   7.7081E-001  -1.3500E+000  -3.3816E+000   9.1334E-001   5.3918E-001   7.9194E-002  -4.5411E-002  -4.0122E-003   3.2135E-001  -2.3152E-001   2.9563E-002   4.9777E-002   2.1106E-002  -3.8685E-002   4.2949E-002  -7.5189E-002  -1.0083E-001   1.5027E-003   4.6945E-003   7.4755E-003  -1.8531E-002   2.1020E-002   1.2376E-001  
-8.7217E+000   6.5731E-001   1.5336E+000  -3.2028E+000  -4.5697E-001   4.3517E-001  -1.2057E-001  -5.1676E-002   1.0766E-001   2.8950E-001  -1.5936E-001  -1.0273E-002   1.0783E-002   1.0174E-003   2.0187E-002   1.3067E-002   3.0322E-002  -7.0973E-002  -2.6429E-002   5.9904E-003  -2.9018E-003  -1.4943E-002   2.6130E-002   1.4428E-001  
-9.1365E+000   8.7943E-001   1.7591E+000  -3.0657E+000  -1.1933E-001   8.9539E-002  -6.1189E-002  -3.0581E-002   3.6484E-002   2.0033E-001  -9.2419E-002  -2.9733E-002   3.9680E-002   2.6156E-003   8.8044E-003   1.1422E-003   2.1672E-003  -4.5988E-002  -8.3662E-003   2.6837E-003  -2.5323E-003  -1.3497E-002   2.4066E-002   1.1747E-001  
-9.5959E+000   1.0549E+000   1.7590E+000  -3.0043E+000   9.5531E-002  -5.0977E-002  -2.1662E-002  -1.2975E-002  -6.3980E-003   1.2809E-001  -4.5617E-002  -2.7768E-002   5.2079E-002   2.1203E-003   3.1500E-003  -7.4503E-003  -1.2476E-002  -2.7777E-002   1.3705E-003   6.9207E-004  -1.4386E-003  -1.3192E-002   2.2159E-002   1.0491E-001  
-1.0056E+001   1.1893E+000   1.5850E+000  -2.9911E+000   2.0686E-001  -6.0226E-002   5.1062E-004   3.8782E-004  -2.7309E-002   7.2464E-002  -1.3386E-002  -1.5358E-002   5.2781E-002   1.1336E-003   7.0128E-004  -1.3073E-002  -1.7447E-002  -1.5021E-002   5.6555E-003  -3.7328E-005  -4.1364E-004  -1.5260E-002   1.8864E-002   1.1507E-001  
-1.0468E+001   1.2866E+000   1.2866E+000  -3.0044E+000   2.3186E-001   3.4784E-012   9.9731E-003   9.9731E-003  -3.2138E-002   3.2138E-002   7.8422E-003  -1.7604E-012   4.5279E-002   5.5035E-004  -5.1033E-012  -1.6395E-002  -1.6395E-002  -6.6952E-003   6.6952E-003  -8.5692E-005  -8.5692E-005  -1.8409E-002   1.4583E-002   9.8548E-002  
-1.0794E+001   1.3524E+000   9.0244E-001  -3.0264E+000   1.9174E-001   7.9675E-002   1.0803E-002   1.6184E-002  -2.6543E-002   5.2358E-003   2.1485E-002   1.3637E-002   3.2855E-002   1.7777E-004  -1.8770E-004  -1.8740E-002  -1.2497E-002  -1.0970E-003   5.5961E-003  -4.4915E-005   1.8271E-005  -2.0775E-002   1.1203E-002   7.9226E-002  
-1.1004E+001   1.3905E+000   4.6256E-001  -3.0447E+000   1.0681E-001   1.4275E-001   6.5461E-003   1.9663E-002  -1.4676E-002  -1.0190E-002   2.9126E-002   2.2944E-002   1.7188E-002  -4.9283E-005  -1.3910E-004  -2.0172E-002  -6.7044E-003   2.1824E-003   3.1281E-003   8.5988E-006   3.4702E-005  -2.2171E-002   9.0949E-003   6.6721E-002  
-1.1075E+001   1.4028E+000   1.2717E-013  -3.0517E+000  -2.8601E-014   1.6611E-001   6.9108E-014   2.0764E-002  -7.9741E-014  -1.5158E-002   3.1558E-002   2.6200E-002  -2.2136E-014  -1.2223E-004   4.4371E-014  -2.0654E-002   9.7747E-014   3.2593E-003  -9.3883E-014   3.0946E-005   8.2550E-014  -2.2640E-002   8.3906E-003   6.4502E-002  
-1.1004E+001   1.3905E+000  -4.6256E-001  -3.0447E+000  -1.0681E-001   1.4275E-001  -6.5461E-003   1.9663E-002   1.4676E-002  -1.0190E-002   2.9126E-002   2.2944E-002  -1.7188E-002  -4.9283E-005   1.3910E-004  -2.0172E-002   6.7044E-003   2.1824E-003  -3.1281E-003   8.5988E-006  -3.4702E-005  -2.2171E-002   9.0949E-003   6.6721E-002  
-1.0794E+001   1.3524E+000  -9.0244E-001  -3.0264E+000  -1.9174E-001   7.9675E-002  -1.0803E-002   1.6184E-002   2.6543E-002   5.2358E-003   2.1485E-002   1.3637E-002  -3.2855E-002   1.7777E-004   1.8770E-004  -1.8740E-002   1.2497E-002  -1.0970E-003  -5.5961E-003  -4.4915E-005  -1.8271E-005  -2.0775E-002   1.1203E-002   7.9226E-002  
-1.0468E+001   1.2866E+000  -1.2866E+000  -3.0044E+000  -2.3186E-001   3.4855E-012  -9.9731E-003   9.9731E-003   3.2138E-002   3.2138E-002   7.8422E-003  -1.7419E-012  -4.5279E-002   5.5035E-004   5.0689E-012  -1.6395E-002   1.6395E-002  -6.6952E-003  -6.6952E-003  -8.5692E-005   8.5692E-005  -1.8409E-002   1.4583E-002   9.8548E-002  
-1.0056E+001   1.1893E+000  -1.5850E+000  -2.9911E+000  -2.0686E-001  -6.0226E-002  -5.1062E-004   3.8782E-004   2.7309E-002   7.2464E-002  -1.3386E-002  -1.5358E-002  -5.2781E-002   1.1336E-003  -7.0128E-004  -1.3073E-002   1.7447E-002  -1.5021E-002  -5.6555E-003  -3.7328E-005   4.1364E-004  -1.5260E-002   1.8864E-002   1.1507E-001  
-9.5959E+000   1.0549E+000  -1.7590E+000  -3.0043E+000  -9.5531E-002  -5.0977E-002   2.1662E-002  -1.2975E-002   6.3980E-003   1.2809E-001  -4.5617E-002  -2.7768E-002  -5.2079E-002   2.1203E-003  -3.1500E-003  -7.4503E-003   1.2476E-002  -2.7777E-002  -1.3705E-003   6.9207E-004   1.4386E-003  -1.3192E-002   2.2159E-002   1.0491E-001  
-9.1365E+000   8.7943E-001  -1.7591E+000  -3.0657E+000   1.1933E-001   8.9539E-002   6.1189E-002  -3.0581E-002  -3.6484E-002   2.0033E-001  -9.2419E-002  -2.9733E-002  -3.9680E-002   2.6156E-003  -8.8044E-003   1.1422E-003  -2.1672E-003  -4.5988E-002   8.3662E-003   2.6837E-003   2.5323E-003  -1.3497E-002   2.4066E-002   1.1747E-001  
-8.7217E+000   6.5731E-001  -1.5336E+000  -3.2028E+000   4.5697E-001   4.3517E-001   1.2057E-001  -5.1676E-002  -1.0766E-001   2.8950E-001  -1.5936E-001  -1.0273E-002  -1.0783E-002   1.0174E-003  -2.0187E-002   1.3067E-002  -3.0322E-002  -7.0973E-002   2.6429E-002   5.9904E-003   2.9018E-003  -1.4943E-002   2.6130E-002   1.4428E-001  
-8.8639E+000   4.9596E-001   1.7340E+000  -3.1394E+000  -2.2228E-001   3.5681E-001  -1.0442E-001  -2.9841E-002   1.8035E-001   1.9943E-001  -1.3095E-001  -2.8533E-002   1.7779E-002  -5.9475E-003   1.2251E-002   5.2031E-003   1.8032E-002  -4.6265E-002  -4.1816E-002   4.4188E-003   7.8933E-004  -1.4267E-002   2.5203E-002   1.2539E-001  
-9.3324E+000   6.4114E-001   1.9218E+000  -3.0317E+000  -9.0741E-003   1.2133E-002  -4.4822E-002  -1.4946E-002   9.5278E-002   1.3782E-001  -7.0102E-002  -4.4658E-002   3.3590E-002  -1.7617E-003   6.1811E-003  -1.9629E-003  -6.0073E-003  -3.0886E-002  -2.1354E-002   2.7512E-003  -1.2790E-004  -1.3084E-002   2.3344E-002   1.1234E-001  
-9.8405E+000   7.5429E-001   1.8848E+000  -2.9929E+000   1.2364E-001  -1.2970E-001  -8.9878E-003  -3.5800E-003   4.1060E-002   8.9796E-002  -2.7238E-002  -4.1835E-002   3.9922E-002  -9.9799E-005   2.3966E-003  -7.0805E-003  -1.7765E-002  -1.9150E-002  -8.7469E-003   9.8011E-004  -3.2137E-004  -1.4174E-002   2.0461E-002   1.1148E-001  
-1.0345E+001   8.4044E-001   1.6785E+000  -2.9986E+000   1.8667E-001  -1.3964E-001   9.7782E-003   4.8997E-003   9.5346E-003   5.3003E-002   2.0548E-003  -2.9036E-002   3.8866E-002   1.9585E-004   6.9477E-004  -1.0322E-002  -2.0637E-002  -1.1004E-002  -1.9964E-003   1.2468E-004  -9.3917E-005  -1.7464E-002   1.5874E-002   1.0616E-001  
-1.0794E+001   9.0244E-001   1.3524E+000  -3.0264E+000   1.9174E-001  -7.9675E-002   1.6184E-002   1.0803E-002  -5.2358E-003   2.6543E-002   2.1485E-002  -1.3637E-002   3.2855E-002   1.7777E-004   1.8770E-004  -1.2497E-002  -1.8740E-002  -5.5961E-003   1.0970E-003   1.8271E-005  -4.4915E-005  -2.0775E-002   1.1203E-002   7.9226E-002  
-1.1147E+001   9.4418E-001   9.4418E-001  -3.0590E+000   1.5290E-001   2.0542E-013   1.4571E-002   1.4571E-002  -8.9610E-003   8.9610E-003   3.3925E-002   1.9021E-012   2.3723E-002   7.9086E-005  -2.5718E-012  -1.4092E-002  -1.4092E-002  -1.9278E-003   1.9278E-003  -6.3996E-006  -6.3996E-006  -2.3100E-002   7.7193E-003   5.6808E-002  
-1.1375E+001   9.6832E-001   4.8273E-001  -3.0839E+000   8.3795E-002   6.3149E-002   8.2897E-003   1.6627E-002  -6.0243E-003  -1.1112E-003   4.0900E-002   9.3043E-003   1.2359E-002   1.1892E-006  -3.1408E-005  -1.5039E-002  -7.4953E-003   2.4862E-004   1.3110E-003   3.1788E-006   7.4782E-006  -2.4557E-002   5.6064E-003   4.2382E-002  
-1.1452E+001   9.7614E-001   9.3600E-014  -3.0931E+000  -1.9377E-014   8.6554E-002   1.4166E-013   1.7273E-002  -1.0148E-013  -4.3542E-003   4.3119E-002   1.2557E-002  -3.2902E-014  -2.7753E-005   5.3276E-014  -1.5350E-002   1.9080E-013   9.6012E-004  -1.5465E-013   9.3241E-006   1.1372E-013  -2.5045E-002   4.9187E-003   3.9197E-002  
-1.1375E+001   9.6832E-001  -4.8273E-001  -3.0839E+000  -8.3795E-002   6.3149E-002  -8.2897E-003   1.6627E-002   6.0243E-003  -1.1112E-003   4.0900E-002   9.3043E-003  -1.2359E-002   1.1892E-006   3.1408E-005  -1.5039E-002   7.4953E-003   2.4862E-004  -1.3110E-003   3.1788E-006  -7.4782E-006  -2.4557E-002   5.6064E-003   4.2382E-002  
-1.1147E+001   9.4418E-001  -9.4418E-001  -3.0590E+000  -1.5290E-001   1.9393E-013  -1.4571E-002   1.4571E-002   8.9610E-003   8.9610E-003   3.3925E-002   1.9019E-012  -2.3723E-002   7.9086E-005   2.5902E-012  -1.4092E-002   1.4092E-002  -1.9278E-003  -1.9278E-003  -6.3996E-006   6.3996E-006  -2.3100E-002   7.7193E-003   5.6808E-002  
-1.0794E+001   9.0244E-001  -1.3524E+000  -3.0264E+000  -1.9174E-001  -7.9675E-002  -1.6184E-002   1.0803E-002   5.2358E-003   2.6543E-002   2.1485E-002  -1.3637E-002  -3.2855E-002   1.7777E-004  -1.8770E-004  -1.2497E-002   1.8740E-002  -5.5961E-003  -1.0970E-003   1.8271E-005   4.4915E-005  -2.0775E-002   1.1203E-002   7.9226E-002  
-1.0345E+001   8.4044E-001  -1.6785E+000  -2.9986E+000  -1.8667E-001  -1.3964E-001  -9.7782E-003   4.8997E-003  -9.5346E-003   5.3003E-002   2.0548E-003  -2.9036E-002  -3.8866E-002   1.9585E-004  -6.9477E-004  -1.0322E-002   2.0637E-002  -1.1004E-002   1.9964E-003   1.2468E-004   9.3917E-005  -1.7464E-002   1.5874E-002   1.0616E-001  
-9.8405E+000   7.5429E-001  -1.8848E+000  -2.9929E+000  -1.2364E-001  -1.2970E-001   8.9878E-003  -3.5800E-003  -4.1060E-002   8.9796E-002  -2.7238E-002  -4.1835E-002  -3.9922E-002  -9.9799E-005  -2.3966E-003  -7.0805E-003   1.7765E-002  -1.9150E-002   8.7469E-003   9.8011E-004   3.2137E-004  -1.4174E-002   2.0461E-002   1.1148E-001  
-9.3324E+000   6.4114E-001  -1.9218E+000  -3.0317E+000   9.0741E-003   1.2133E-002   4.4822E-002  -1.4946E-002  -9.5278E-002   1.3782E-001  -7.0102E-002  -4.4658E-002  -3.3590E-002  -1.7617E-003  -6.1811E-003  -1.9629E-003   6.0073E-003  -3.0886E-002   2.1354E-002   2.7512E-003   1.2790E-004  -1.3084E-002   2.3344E-002   1.1234E-001  
-8.8639E+000   4.9596E-001  -1.7340E+000  -3.1394E+000   2.2228E-001   3.5681E-001   1.0442E-001  -2.9841E-002  -1.8035E-001   1.9943E-001  -1.3095E-001  -2.8533E-002  -1.7779E-002  -5.9475E-003  -1.2251E-002   5.2031E-003  -1.8032E-002  -4.6265E-002   4.1816E-002   4.4188E-003  -7.8933E-004  -1.4267E-002   2.5203E-002   1.2539E-001  
-8.9610E+000   2.6462E-001   1.8558E+000  -3.1089E+000  -8.6667E-002   2.9776E-001  -9.1564E-002  -1.3032E-002   2.2159E-001   1.0024E-001  -1.1599E-001  -3.8847E-002   1.1312E-002  -9.9988E-003   6.4073E-003   1.7864E-003   1.2207E-002  -2.3225E-002  -5.1334E-002   2.7804E-003   3.2070E-003  -1.3950E-002   2.4756E-002   1.2242E-001  
-9.4607E+000   3.3550E-001   2.0173E+000  -3.0159E+000   1.6884E-002  -4.9304E-002  -3.5398E-002  -5.8683E-003   1.2974E-001   6.9937E-002  -5.7370E-002  -5.5029E-002   1.8855E-002  -3.8372E-003   3.0101E-003  -1.7600E-003  -1.0834E-002  -1.5342E-002  -2.8489E-002   1.5021E-003   1.3769E-003  -1.2950E-002   2.2883E-002   1.0643E-001  
-9.9995E+000   3.9068E-001   1.9582E+000  -2.9909E+000   7.9832E-002  -1.9207E-001  -1.7956E-003  -3.4807E-004   6.8661E-002   4.6048E-002  -1.6794E-002  -5.1565E-002   2.1454E-002  -1.0937E-003   1.1318E-003  -4.1278E-003  -2.0846E-002  -9.6172E-003  -1.4351E-002   5.0320E-004   3.2238E-004  -1.4916E-002   1.9295E-002   1.1476E-001  
-1.0532E+001   4.3256E-001   1.7329E+000  -3.0081E+000   1.0780E-001  -2.0243E-001   1.5052E-002   3.7632E-003   3.0711E-002   2.7713E-002   1.0734E-002  -3.8324E-002   2.0432E-002  -2.7542E-004   4.0737E-004  -5.5981E-003  -2.2493E-002  -5.7883E-003  -6.4383E-003   1.1559E-004   5.9400E-005  -1.8889E-002   1.3877E-002   9.6057E-002  
-1.1004E+001   4.6256E-001   1.3905E+000  -3.0447E+000   1.0681E-001  -1.4275E-001   1.9663E-002   6.5461E-003   1.0190E-002   1.4676E-002   2.9126E-002  -2.2944E-002   1.7188E-002  -4.9283E-005   1.3910E-004  -6.7044E-003  -2.0172E-002  -3.1281E-003  -2.1824E-003   3.4702E-005   8.5988E-006  -2.2171E-002   9.0949E-003   6.6721E-002  
-1.1375E+001   4.8273E-001   9.6832E-001  -3.0839E+000   8.3795E-002  -6.3149E-002   1.6627E-002   8.2897E-003   1.1112E-003   6.0243E-003   4.0900E-002  -9.3043E-003   1.2359E-002   1.1892E-006   3.1408E-005  -7.4953E-003  -1.5039E-002  -1.3110E-003  -2.4862E-004   7.4782E-006   3.1788E-006  -2.4557E-002   5.6064E-003   4.2382E-002  
-1.1613E+001   4.9437E-001   4.9437E-001  -3.1130E+000   4.5571E-002   3.7472E-012   9.2377E-003   9.2377E-003  -1.0685E-003   1.0685E-003   4.7484E-002   1.1473E-011   6.4267E-003  -2.5664E-006  -1.2072E-011  -7.9615E-003  -7.9615E-003  -2.3359E-004   2.3359E-004   3.1323E-006   3.1323E-006  -2.6043E-002   3.6061E-003   2.5740E-002  
-1.1694E+001   4.9814E-001   3.8203E-014  -3.1235E+000   7.3571E-015   2.3414E-002  -3.9565E-014   9.5324E-003   3.3652E-014  -5.2622E-004   4.9574E-002   3.2538E-003   9.3563E-015  -9.0676E-006  -1.9568E-014  -8.1135E-003  -6.5528E-014   1.2058E-004   2.4446E-014   3.3911E-006  -3.0628E-014  -2.6544E-002   3.0251E-003   2.0401E-002  
-1.1613E+001   4.9437E-001  -4.9437E-001  -3.1130E+000  -4.5571E-002   3.7818E-012  -9.2377E-003   9.2377E-003   1.0685E-003   1.0685E-003   4.7484E-002   1.1462E-011  -6.4267E-003  -2.5664E-006   1.2099E-011  -7.9615E-003   7.9615E-003  -2.3359E-004  -2.3359E-004   3.1323E-006  -3.1323E-006  -2.6043E-002   3.6061E-003   2.5740E-002  
-1.1375E+001   4.8273E-001  -9.6832E-001  -3.0839E+000  -8.3795E-002  -6.3149E-002  -1.6627E-002   8.2897E-003  -1.1112E-003   6.0243E-003   4.0900E-002  -9.3043E-003  -1.2359E-002   1.1892E-006  -3.1408E-005  -7.4953E-003   1.5039E-002  -1.3110E-003   2.4862E-004   7.4782E-006  -3.1788E-006  -2.4557E-002   5.6064E-003   4.2382E-002  
-1.1004E+001   4.6256E-001  -1.3905E+000  -3.0447E+000  -1.0681E-001  -1.4275E-001  -1.9663E-002   6.5461E-003  -1.0190E-002   1.4676E-002   2.9126E-002  -2.2944E-002  -1.7188E-002  -4.9283E-005  -1.3910E-004  -6.7044E-003   2.0172E-002  -3.1281E-003   2.1824E-003   3.4702E-005  -8.5988E-006  -2.2171E-002   9.0949E-003   6.6721E-002  
-1.0532E+001   4.3256E-001  -1.7329E+000  -3.0081E+000  -1.0780E-001  -2.0243E-001  -1.5052E-002   3.7632E-003  -3.0711E-002   2.7713E-002   1.0734E-002  -3.8324E-002  -2.0432E-002  -2.7542E-004  -4.0737E-004  -5.5981E-003   2.2493E-002  -5.7883E-003   6.4383E-003   1.1559E-004  -5.9400E-005  -1.8889E-002   1.3877E-002   9.6057E-002  
-9.9995E+000   3.9068E-001  -1.9582E+000  -2.9909E+000  -7.9832E-002  -1.9207E-001   1.7956E-003  -3.4807E-004  -6.8661E-002   4.6048E-002  -1.6794E-002  -5.1565E-002  -2.1454E-002  -1.0937E-003  -1.1318E-003  -4.1278E-003   2.0846E-002  -9.6172E-003   1.4351E-002   5.0320E-004  -3.2238E-004  -1.4916E-002   1.9295E-002   1.1476E-001  
-9.4607E+000   3.3550E-001  -2.0173E+000  -3.0159E+000  -1.6884E-002  -4.9304E-002   3.5398E-002  -5.8683E-003  -1.2974E-001   6.9937E-002  -5.7370E-002  -5.5029E-002  -1.8855E-002  -3.8372E-003  -3.0101E-003  -1.7600E-003   1.0834E-002  -1.5342E-002   2.8489E-002   1.5021E-003  -1.3769E-003  -1.2950E-002   2.2883E-002   1.0643E-001  
-8.9610E+000   2.6462E-001  -1.8558E+000  -3.1089E+000   8.6667E-002   2.9776E-001   9.1564E-002  -1.3032E-002  -2.2159E-001   1.0024E-001  -1.1599E-001  -3.8847E-002  -1.1312E-002  -9.9988E-003  -6.4073E-003   1.7864E-003  -1.2207E-002  -2.3225E-002   5.1334E-002   2.7804E-003  -3.2070E-003  -1.3950E-002   2.4756E-002   1.2242E-001  
-8.9946E+000   5.0552E-016   1.8956E+000  -3.0996E+000  -7.5641E-017   2.7581E-001  -8.7406E-002   3.7129E-016   2.3500E-001  -1.2118E-015  -1.1117E-001  -4.2450E-002  -1.1634E-015  -1.1276E-002   1.1809E-015   4.9664E-016   1.0341E-002  -1.7729E-016  -5.4392E-002   1.6136E-015   4.1102E-003  -1.3905E-002   2.4576E-002   1.2183E-001  
-9.5049E+000   2.3459E-015   2.0484E+000  -3.0116E+000  -6.0252E-015  -7.2055E-002  -3.2311E-002   4.2680E-015   1.4093E-001  -8.9350E-015  -5.3319E-002  -5.8642E-002  -5.7098E-015  -4.4060E-003   1.3330E-014   1.6057E-015  -1.2344E-002  -1.0681E-014  -3.0754E-002   1.7458E-014   1.8109E-003  -1.2938E-002   2.2700E-002   1.0419E-001  
-1.0054E+001  -4.8597E-015   1.9821E+000  -2.9911E+000   9.1780E-015  -2.1515E-001   5.5353E-004  -6.3087E-015   7.7587E-002   1.6652E-014  -1.3510E-002  -5.4936E-002   1.3193E-014  -1.3310E-003  -2.5344E-014  -8.5235E-015  -2.1782E-002   2.1850E-014  -1.6149E-002  -3.3632E-014   4.2307E-004  -1.5274E-002   1.8827E-002   1.1636E-001  
-1.0596E+001   1.1926E-015   1.7506E+000  -3.0120E+000   7.1868E-016  -2.2568E-001   1.6731E-002  -4.9958E-016   3.7533E-002   1.8604E-015   1.3490E-002  -4.1577E-002  -2.5398E-016  -4.2599E-004   5.3000E-016  -6.5732E-016  -2.3118E-002   2.2366E-015  -7.8880E-003  -3.0927E-016   1.1218E-004  -1.9359E-002   1.3201E-002   9.5263E-002  
-1.1075E+001   7.5613E-016   1.4028E+000  -3.0517E+000  -4.0204E-016  -1.6611E-001   2.0764E-002  -1.0123E-015   1.5158E-002  -7.9722E-017   3.1558E-002  -2.6200E-002   6.0070E-016  -1.2223E-004  -9.1723E-016   1.4082E-015  -2.0654E-002  -6.4677E-016  -3.2593E-003   1.7404E-015   3.0946E-005  -2.2640E-002   8.3906E-003   6.4502E-002  
-1.1452E+001   1.8735E-016   9.7614E-001  -3.0931E+000  -2.0593E-016  -8.6554E-002   1.7273E-002   4.7167E-016   4.3542E-003  -8.5167E-016   4.3119E-002  -1.2557E-002  -1.2070E-015  -2.7753E-005  -1.8199E-017   1.4687E-015  -1.5350E-002  -3.2429E-016  -9.6012E-004  -3.7448E-017   9.3241E-006  -2.5045E-002   4.9187E-003   3.9197E-002  
-1.1694E+001   7.0430E-016   4.9814E-001  -3.1235E+000  -4.2136E-016  -2.3414E-002   9.5324E-003   8.4954E-016   5.2622E-004   6.1436E-016   4.9574E-002  -3.2538E-003  -2.3255E-016  -9.0676E-006  -1.8288E-016   1.2863E-015  -8.1135E-003   7.5339E-016  -1.2058E-004  -5.3817E-016   3.3911E-006  -2.6544E-002   3.0251E-003   2.0401E-002  
-1.1777E+001  -4.4213E-015   1.8943E-014  -3.1345E+000   1.8281E-015   2.9366E-011   8.3512E-014   1.5253E-015  -3.2356E-014   4.0408E-016   5.1621E-002  -1.4523E-012   1.7916E-014  -6.4643E-006  -1.1595E-015  -4.1565E-015   8.2145E-014  -1.6050E-015  -7.3721E-014  -6.1814E-016   6.7732E-014  -2.7043E-002   2.5488E-003   8.8385E-003  
-1.1694E+001  -3.7631E-015  -4.9814E-001  -3.1235E+000   7.4856E-015  -2.3414E-002  -9.5324E-003  -5.8067E-015  -5.2622E-004   1.3800E-014   4.9574E-002  -3.2538E-003   9.5226E-015  -9.0676E-006  -1.9101E-014  -5.9842E-015   8.1135E-003   1.6561E-014   1.2058E-004  -2.6196E-014  -3.3911E-006  -2.6544E-002   3.0251E-003   2.0401E-002  
-1.1452E+001   1.0589E-014  -9.7614E-001  -3.0931E+000  -2.5105E-014  -8.6554E-002  -1.7273E-002   1.5007E-014  -4.3542E-003  -4.3214E-014   4.3119E-002  -1.2557E-002  -3.4832E-014  -2.7753E-005   6.2160E-014   2.1024E-014   1.5350E-002  -5.6392E-014   9.6012E-004   8.1377E-014  -9.3241E-006  -2.5045E-002   4.9187E-003   3.9197E-002  
-1.1075E+001   6.6690E-015  -1.4028E+000  -3.0517E+000  -1.5959E-014  -1.6611E-001  -2.0764E-002   9.7069E-015  -1.5158E-002  -2.7093E-014   3.1558E-002  -2.6200E-002  -2.2099E-014  -1.2223E-004   3.9719E-014   1.2270E-014   2.0654E-002  -3.3084E-014   3.2593E-003   5.3179E-014  -3.0946E-005  -2.2640E-002   8.3906E-003   6.4502E-002  
-1.0596E+001  -3.9160E-015  -1.7506E+000  -3.0120E+000   9.0734E-015  -2.2568E-001  -1.6731E-002  -5.1841E-015  -3.7533E-002   1.4047E-014   1.3490E-002  -4.1577E-002   1.2107E-014  -4.2599E-004  -2.0434E-014  -7.2846E-015   2.3118E-002   1.9335E-014   7.8880E-003  -2.7722E-014  -1.1218E-004  -1.9359E-002   1.3201E-002   9.5263E-002  
-1.0054E+001  -2.9417E-015  -1.9821E+000  -2.9911E+000   1.0815E-014  -2.1515E-001  -5.5353E-004  -7.6693E-015  -7.7587E-002   1.8307E-014  -1.3510E-002  -5.4936E-002   1.5332E-014  -1.3310E-003  -2.6599E-014  -6.0432E-015   2.1782E-002   2.2469E-014   1.6149E-002  -3.5756E-014  -4.2307E-004  -1.5274E-002   1.8827E-002   1.1636E-001  
-9.5049E+000   2.3367E-015  -2.0484E+000  -3.0116E+000  -6.6874E-015  -7.2055E-002   3.2311E-002   4.9993E-015  -1.4093E-001  -1.2208E-014  -5.3319E-002  -5.8642E-002  -9.2507E-015  -4.4060E-003   1.5936E-014   5.9858E-015   1.2344E-002  -1.4764E-014   3.0754E-002   2.2998E-014  -1.8109E-003  -1.2938E-002   2.2700E-002   1.0419E-001  
-8.9946E+000   5.0923E-016  -1.8956E+000  -3.0996E+000  -7.2684E-016   2.7581E-001   8.7406E-002  -7.2328E-016  -2.3500E-001  -6.5289E-016  -1.1117E-001  -4.2450E-002   1.6142E-016  -1.1276E-002   7.7065E-016   7.5186E-016  -1.0341E-002  -1.0086E-016   5.4392E-002   6.6535E-016  -4.1102E-003  -1.3905E-002   2.4576E-002   1.2183E-001  
-8.9610E+000  -2.6462E-001   1.8558E+000  -3.1089E+000   8.6667E-002   2.9776E-001  -9.1564E-002   1.3032E-002   2.2159E-001  -1.0024E-001  -1.1599E-001  -3.8847E-002  -1.1312E-002  -9.9988E-003  -6.4073E-003  -1.7864E-003   1.2207E-002   2.3225E-002  -5.1334E-002  -2.7804E-003   3.2070E-003  -1.3950E-002   2.4756E-002   1.2242E-001  
-9.4607E+000  -3.3550E-001   2.0173E+000  -3.0159E+000  -1.6884E-002  -4.9304E-002  -3.5398E-002   5.8683E-003   1.2974E-001  -6.9937E-002  -5.7370E-002  -5.5029E-002  -1.8855E-002  -3.8372E-003  -3.0101E-003   1.7600E-003  -1.0834E-002   1.5342E-002  -2.8489E-002  -1.5021E-003   1.3769E-003  -1.2950E-002   2.2883E-002   1.0643E-001  
-9.9995E+000  -3.9068E-001   1.9582E+000  -2.9909E+000  -7.9832E-002  -1.9207E-001  -1.7956E-003   3.4807E-004   6.8661E-002  -4.6048E-002  -1.6794E-002  -5.1565E-002  -2.1454E-002  -1.0937E-003  -1.1318E-003   4.1278E-003  -2.0846E-002   9.6172E-003  -1.4351E-002  -5.0320E-004   3.2238E-004  -1.4916E-002   1.9295E-002   1.1476E-001  
-1.0532E+001  -4.3256E-001   1.7329E+000  -3.0081E+000  -1.0780E-001  -2.0243E-001   1.5052E-002  -3.7632E-003   3.0711E-002  -2.7713E-002   1.0734E-002  -3.8324E-002  -2.0432E-002  -2.7542E-004  -4.0737E-004   5.5981E-003  -2.2493E-002   5.7883E-003  -6.4383E-003  -1.1559E-004   5.9400E-005  -1.8889E-002   1.3877E-002   9.6057E-002  
-1.1004E+001  -4.6256E-001   1.3905E+000  -3.0447E+000  -1.0681E-001  -1.4275E-001   1.9663E-002  -6.5461E-003   1.0190E-002  -1.4676E-002   2.9126E-002  -2.2944E-002  -1.7188E-002  -4.9283E-005  -1.3910E-004   6.7044E-003  -2.0172E-002   3.1281E-003  -2.1824E-003  -3.4702E-005   8.5988E-006  -2.2171E-002   9.0949E-003   6.6721E-002  
-1.1375E+001  -4.8273E-001   9.6832E-001  -3.0839E+000  -8.3795E-002  -6.3149E-002   1.6627E-002  -8.2897E-003   1.1112E-003  -6.0243E-003   4.0900E-002  -9.3043E-003  -1.2359E-002   1.1892E-006  -3.1408E-005   7.4953E-003  -1.5039E-002   1.3110E-003  -2.4862E-004  -7.4782E-006   3.1788E-006  -2.4557E-002   5.6064E-003   4.2382E-002  
-1.1613E+001  -4.9437E-001   4.9437E-001  -3.1130E+000  -4.5571E-002   3.7596E-012   9.2377E-003  -9.2377E-003  -1.0685E-003  -1.0685E-003   4.7484E-002   1.1451E-011  -6.4267E-003  -2.5664E-006   1.2073E-011   7.9615E-003  -7.9615E-003   2.3359E-004   2.3359E-004  -3.1323E-006   3.1323E-006  -2.6043E-002   3.6061E-003   2.5740E-002  
-1.1694E+001  -4.9814E-001  -3.4931E-014  -3.1235E+000   1.3611E-014   2.3414E-002  -4.8871E-014  -9.5324E-003   4.6901E-014   5.2622E-004   4.9574E-002   3.2538E-003   1.6082E-014  -9.0676E-006  -1.9432E-014   8.1135E-003  -3.6925E-014  -1.2058E-004   3.8955E-014  -3.3911E-006  -4.2889E-014  -2.6544E-002   3.0251E-003   2.0401E-002  
-1.1613E+001  -4.9437E-001  -4.9437E-001  -3.1130E+000   4.5571E-002   3.7898E-012  -9.2377E-003  -9.2377E-003   1.0685E-003  -1.0685E-003   4.7484E-002   1.1460E-011   6.4267E-003  -2.5664E-006  -1.2049E-011   7.9615E-003   7.9615E-003   2.3359E-004  -2.3359E-004  -3.1323E-006  -3.1323E-006  -2.6043E-002   3.6061E-003   2.5740E-002  
-1.1375E+001  -4.8273E-001  -9.6832E-001  -3.0839E+000   8.3795E-002  -6.3149E-002  -1.6627E-002  -8.2897E-003  -1.1112E-003  -6.0243E-003   4.0900E-002  -9.3043E-003   1.2359E-002   1.1892E-006   3.1408E-005   7.4953E-003   1.5039E-002   1.3110E-003   2.4862E-004  -7.4782E-006  -3.1788E-006  -2.4557E-002   5.6064E-003   4.2382E-002  
-1.1004E+001  -4.6256E-001  -1.3905E+000  -3.0447E+000   1.0681E-001  -1.4275E-001  -1.9663E-002  -6.5461E-003  -1.0190E-002  -1.4676E-002   2.9126E-002  -2.2944E-002   1.7188E-002  -4.9283E-005   1.3910E-004   6.7044E-003   2.0172E-002   3.1281E-003   2.1824E-003  -3.4702E-005  -8.5988E-006  -2.2171E-002   9.0949E-003   6.6721E-002  
-1.0532E+001  -4.3256E-001  -1.7329E+000  -3.0081E+000   1.0780E-001  -2.0243E-001  -1.5052E-002  -3.7632E-003  -3.0711E-002  -2.7713E-002   1.0734E-002  -3.8324E-002   2.0432E-002  -2.7542E-004   4.0737E-004   5.5981E-003   2.2493E-002   5.7883E-003   6.4383E-003  -1.1559E-004  -5.9400E-005  -1.8889E-002   1.3877E-002   9.6057E-002  
-9.9995E+000  -3.9068E-001  -1.9582E+000  -2.9909E+000   7.9832E-002  -1.9207E-001   1.7956E-003   3.4807E-004  -6.8661E-002  -4.6048E-002  -1.6794E-002  -5.1565E-002   2.1454E-002  -1.0937E-003   1.1318E-003   4.1278E-003   2.0846E-002   9.6172E-003   1.4351E-002  -5.0320E-004  -3.2238E-004  -1.4916E-002   1.9295E-002   1.1476E-001  
-9.4607E+000  -3.3550E-001  -2.0173E+000  -3.0159E+000   1.6884E-002  -4.9304E-002   3.5398E-002   5.8683E-003  -1.2974E-001  -6.9937E-002  -5.7370E-002  -5.5029E-002   1.8855E-002  -3.8372E-003   3.0101E-003   1.7600E-003   1.0834E-002   1.5342E-002   2.8489E-002  -1.5021E-003  -1.3769E-003  -1.2950E-002   2.2883E-002   1.0643E-001  
-8.9610E+000  -2.6462E-001  -1.8558E+000  -3.1089E+000  -8.6667E-002   2.9776E-001   9.1564E-002   1.3032E-002  -2.2159E-001  -1.0024E-001  -1.1599E-001  -3.8847E-002   1.1312E-002  -9.9988E-003   6.4073E-003  -1.7864E-003  -1.2207E-002   2.3225E-002   5.1334E-002  -2.7804E-003  -3.2070E-003  -1.3950E-002   2.4756E-002   1.2242E-001  
-8.8639E+000  -4.9596E-001   1.7340E+000  -3.1394E+000   2.2228E-001   3.5681E-001  -1.0442E-001   2.9841E-002   1.8035E-001  -1.9943E-001  -1.3095E-001  -2.8533E-002  -1.7779E-002  -5.9475E-003  -1.2251E-002  -5.2031E-003   1.8032E-002   4.6265E-002  -4.1816E-002  -4.4188E-003   7.8933E-004  -1.4267E-002   2.5203E-002   1.2539E-001  
-9.3324E+000  -6.4114E-001   1.9218E+000  -3.0317E+000   9.0741E-003   1.2133E-002  -4.4822E-002   1.4946E-002   9.5278E-002  -1.3782E-001  -7.0102E-002  -4.4658E-002  -3.3590E-002  -1.7617E-003  -6.1811E-003   1.9629E-003  -6.0073E-003   3.0886E-002  -2.1354E-002  -2.7512E-003  -1.2790E-004  -1.3084E-002   2.3344E-002   1.1234E-001  
-9.8405E+000  -7.5429E-001   1.8848E+000  -2.9929E+000  -1.2364E-001  -1.2970E-001  -8.9878E-003   3.5800E-003   4.1060E-002  -8.9796E-002  -2.7238E-002  -4.1835E-002  -3.9922E-002  -9.9799E-005  -2.3966E-003   7.0805E-003  -1.7765E-002   1.9150E-002  -8.7469E-003  -9.8011E-004  -3.2137E-004  -1.4174E-002   2.0461E-002   1.1148E-001  
-1.0345E+001  -8.4044E-001   1.6785E+000  -2.9986E+000  -1.8667E-001  -1.3964E-001   9.7782E-003  -4.8997E-003   9.5346E-003  -5.3003E-002   2.0548E-003  -2.9036E-002  -3.8866E-002   1.9585E-004  -6.9477E-004   1.0322E-002  -2.0637E-002   1.1004E-002  -1.9964E-003  -1.2468E-004  -9.3917E-005  -1.7464E-002   1.5874E-002   1.0616E-001  
-1.0794E+001  -9.0244E-001   1.3524E+000  -3.0264E+000  -1.9174E-001  -7.9675E-002   1.6184E-002  -1.0803E-002  -5.2358E-003  -2.6543E-002   2.1485E-002  -1.3637E-002  -3.2855E-002   1.7777E-004  -1.8770E-004   1.2497E-002  -1.8740E-002   5.5961E-003   1.0970E-003  -1.8271E-005  -4.4915E-005  -2.0775E-002   1.1203E-002   7.9226E-002  
-1.1147E+001  -9.4418E-001   9.4418E-001  -3.0590E+000  -1.5290E-001   2.2930E-013   1.4571E-002  -1.4571E-002  -8.9610E-003  -8.9610E-003   3.3925E-002   1.9025E-012  -2.3723E-002   7.9086E-005   2.5596E-012   1.4092E-002  -1.4092E-002   1.9278E-003   1.9278E-003   6.3996E-006  -6.3996E-006  -2.3100E-002   7.7193E-003   5.6808E-002  
-1.1375E+001  -9.6832E-001   4.8273E-001  -3.0839E+000  -8.3795E-002   6.3149E-002   8.2897E-003  -1.6627E-002  -6.0243E-003   1.1112E-003   4.0900E-002   9.3043E-003  -1.2359E-002   1.1892E-006   3.1408E-005   1.5039E-002  -7.4953E-003  -2.4862E-004   1.3110E-003  -3.1788E-006   7.4782E-006  -2.4557E-002   5.6064E-003   4.2382E-002  
-1.1452E+001  -9.7614E-001   5.3844E-014  -3.0931E+000  -2.9179E-014   8.6554E-002   1.4550E-013  -1.7273E-002  -1.2300E-013   4.3542E-003   4.3119E-002   1.2557E-002  -2.6892E-014  -2.7753E-005   6.5129E-014   1.5350E-002   1.8119E-013  -9.6012E-004  -1.4957E-013  -9.3241E-006   1.1594E-013  -2.5045E-002   4.9187E-003   3.9197E-002  
-1.1375E+001  -9.6832E-001  -4.8273E-001  -3.0839E+000   8.3795E-002   6.3149E-002  -8.2897E-003  -1.6627E-002   6.0243E-003   1.1112E-003   4.0900E-002   9.3043E-003   1.2359E-002   1.1892E-006  -3.1408E-005   1.5039E-002   7.4953E-003  -2.4862E-004  -1.3110E-003  -3.1788E-006  -7.4782E-006  -2.4557E-002   5.6064E-003   4.2382E-002  
-1.1147E+001  -9.4418E-001  -9.4418E-001  -3.0590E+000   1.5290E-001   2.4408E-013  -1.4571E-002  -1.4571E-002   8.9610E-003  -8.9610E-003   3.3925E-002   1.9004E-012   2.3723E-002   7.9086E-005  -2.5507E-012   1.4092E-002   1.4092E-002   1.9278E-003  -1.9278E-003   6.3996E-006   6.3996E-006  -2.3100E-002   7.7193E-003   5.6808E-002  
-1.0794E+001  -9.0244E-001  -1.3524E+000  -3.0264E+000   1.9174E-001  -7.9675E-002  -1.6184E-002  -1.0803E-002   5.2358E-003  -2.6543E-002   2.1485E-002  -1.3637E-002   3.2855E-002   1.7777E-004   1.8770E-004   1.2497E-002   1.8740E-002   5.5961E-003  -1.0970E-003  -1.8271E-005   4.4915E-005  -2.0775E-002   1.1203E-002   7.9226E-002  
-1.0345E+001  -8.4044E-001  -1.6785E+000  -2.9986E+000   1.8667E-001  -1.3964E-001  -9.7782E-003  -4.8997E-003  -9.5346E-003  -5.3003E-002   2.0548E-003  -2.9036E-002   3.8866E-002   1.9585E-004   6.9477E-004   1.0322E-002   2.0637E-002   1.1004E-002   1.9964E-003  -1.2468E-004   9.3917E-005  -1.7464E-002   1.5874E-002   1.0616E-001  
-9.8405E+000  -7.5429E-001  -1.8848E+000  -2.9929E+000   1.2364E-001  -1.2970E-001   8.9878E-003   3.5800E-003  -4.1060E-002  -8.9796E-002  -2.7238E-002  -4.1835E-002   3.9922E-002  -9.9799E-005   2.3966E-003   7.0805E-003   1.7765E-002   1.9150E-002   8.7469E-003  -9.8011E-004   3.2137E-004  -1.4174E-002   2.0461E-002   1.1148E-001  
-9.3324E+000  -6.4114E-001  -1.9218E+000  -3.0317E+000  -9.0741E-003   1.2133E-002   4.4822E-002   1.4946E-002  -9.5278E-002  -1.3782E-001  -7.0102E-002  -4.4658E-002   3.3590E-002  -1.7617E-003   6.1811E-003   1.9629E-003   6.0073E-003   3.0886E-002   2.1354E-002  -2.7512E-003   1.2790E-004  -1.3084E-002   2.3344E-002   1.1234E-001  
-8.8639E+000  -4.9596E-001  -1.7340E+000  -3.1394E+000  -2.2228E-001   3.5681E-001   1.0442E-001   2.9841E-002  -1.8035E-001  -1.9943E-001  -1.3095E-001  -2.8533E-002   1.7779E-002  -5.9475E-003   1.2251E-002  -5.2031E-003  -1.8032E-002   4.6265E-002   4.1816E-002  -4.4188E-003  -7.8933E-004  -1.4267E-002   2.5203E-002   1.2539E-001  
-8.7217E+000  -6.5731E-001   1.5336E+000  -3.2028E+000   4.5697E-001   4.3517E-001  -1.2057E-001   5.1676E-002   1.0766E-001  -2.8950E-001  -1.5936E-001  -1.0273E-002  -1.0783E-002   1.0174E-003  -2.0187E-002  -1.3067E-002   3.0322E-002   7.0973E-002  -2.6429E-002  -5.9904E-003  -2.9018E-003  -1.4943E-002   2.6130E-002   1.4428E-001  
-9.1365E+000  -8.7943E-001   1.7591E+000  -3.0657E+000   1.1933E-001   8.9539E-002  -6.1189E-002   3.0581E-002   3.6484E-002  -2.0033E-001  -9.2419E-002  -2.9733E-002  -3.9680E-002   2.6156E-003  -8.8044E-003  -1.1422E-003   2.1672E-003   4.5988E-002  -8.3662E-003  -2.6837E-003  -2.5323E-003  -1.3497E-002   2.4066E-002   1.1747E-001  
-9.5959E+000  -1.0549E+000   1.7590E+000  -3.0043E+000  -9.5531E-002  -5.0977E-002  -2.1662E-002   1.2975E-002  -6.3980E-003  -1.2809E-001  -4.5617E-002  -2.7768E-002  -5.2079E-002   2.1203E-003  -3.1500E-003   7.4503E-003  -1.2476E-002   2.7777E-002   1.3705E-003  -6.9207E-004  -1.4386E-003  -1.3192E-002   2.2159E-002   1.0491E-001  
-1.0056E+001  -1.1893E+000   1.5850E+000  -2.9911E+000  -2.0686E-001  -6.0226E-002   5.1062E-004  -3.8782E-004  -2.7309E-002  -7.2464E-002  -1.3386E-002  -1.5358E-002  -5.2781E-002   1.1336E-003  -7.0128E-004   1.3073E-002  -1.7447E-002   1.5021E-002   5.6555E-003   3.7328E-005  -4.1364E-004  -1.5260E-002   1.8864E-002   1.1507E-001  
-1.0468E+001  -1.2866E+000   1.2866E+000  -3.0044E+000  -2.3186E-001   3.4563E-012   9.9731E-003  -9.9731E-003  -3.2138E-002  -3.2138E-002   7.8422E-003  -1.7644E-012  -4.5279E-002   5.5035E-004   5.1060E-012   1.6395E-002  -1.6395E-002   6.6952E-003   6.6952E-003   8.5692E-005  -8.5692E-005  -1.8409E-002   1.4583E-002   9.8548E-002  
-1.0794E+001  -1.3524E+000   9.0244E-001  -3.0264E+000  -1.9174E-001   7.9675E-002   1.0803E-002  -1.6184E-002  -2.6543E-002  -5.2358E-003   2.1485E-002   1.3637E-002  -3.2855E-002   1.7777E-004   1.8770E-004   1.8740E-002  -1.2497E-002   1.0970E-003   5.5961E-003   4.4915E-005   1.8271E-005  -2.0775E-002   1.1203E-002   7.9226E-002  
-1.1004E+001  -1.3905E+000   4.6256E-001  -3.0447E+000  -1.0681E-001   1.4275E-001   6.5461E-003  -1.9663E-002  -1.4676E-002   1.0190E-002   2.9126E-002   2.2944E-002  -1.7188E-002  -4.9283E-005   1.3910E-004   2.0172E-002  -6.7044E-003  -2.1824E-003   3.1281E-003  -8.5988E-006   3.4702E-005  -2.2171E-002   9.0949E-003   6.6721E-002  
-1.1075E+001  -1.4028E+000   1.8628E-014  -3.0517E+000  -2.4641E-014   1.6611E-001   1.0115E-013  -2.0764E-002  -7.5864E-014   1.5158E-002   3.1558E-002   2.6200E-002  -2.5884E-014  -1.2223E-004   4.4573E-014   2.0654E-002   1.6619E-013  -3.2593E-003  -9.8166E-014  -3.0946E-005   7.4115E-014  -2.2640E-002   8.3906E-003   6.4502E-002  
-1.1004E+001  -1.3905E+000  -4.6256E-001  -3.0447E+000   1.0681E-001   1.4275E-001  -6.5461E-003  -1.9663E-002   1.4676E-002   1.0190E-002   2.9126E-002   2.2944E-002   1.7188E-002  -4.9283E-005  -1.3910E-004   2.0172E-002   6.7044E-003  -2.1824E-003  -3.1281E-003  -8.5988E-006  -3.4702E-005  -2.2171E-002   9.0949E-003   6.6721E-002  
-1.0794E+001  -1.3524E+000  -9.0244E-001  -3.0264E+000   1.9174E-001   7.9675E-002  -1.0803E-002  -1.6184E-002   2.6543E-002  -5.2358E-003   2.1485E-002   1.3637E-002   3.2855E-002   1.7777E-004  -1.8770E-004   1.8740E-002   1.2497E-002   1.0970E-003  -5.5961E-003   4.4915E-005  -1.8271E-005  -2.0775E-002   1.1203E-002   7.9226E-002  
-1.0468E+001  -1.2866E+000  -1.2866E+000  -3.0044E+000   2.3186E-001   3.4835E-012  -9.9731E-003  -9.9731E-003   3.2138E-002  -3.2138E-002   7.8422E-003  -1.7409E-012   4.5279E-002   5.5035E-004  -5.1539E-012   1.6395E-002   1.6395E-002   6.6952E-003  -6.6952E-003   8.5692E-005   8.5692E-005  -1.8409E-002   1.4583E-002   9.8548E-002  
-1.0056E+001  -1.1893E+000  -1.5850E+000  -2.9911E+000   2.0686E-001  -6.0226E-002  -5.1062E-004  -3.8782E-004   2.7309E-002  -7.2464E-002  -1.3386E-002  -1.5358E-002   5.2781E-002   1.1336E-003   7.0128E-004   1.3073E-002   1.7447E-002   1.5021E-002  -5.6555E-003   3.7328E-005   4.1364E-004  -1.5260E-002   1.8864E-002   1.1507E-001  
-9.5959E+000  -1.0549E+000  -1.7590E+000  -3.0043E+000   9.5531E-002  -5.0977E-002   2.1662E-002   1.2975E-002   6.3980E-003  -1.2809E-001  -4.5617E-002  -2.7768E-002   5.2079E-002   2.1203E-003   3.1500E-003   7.4503E-003   1.2476E-002   2.7777E-002  -1.3705E-003  -6.9207E-004   1.4386E-003  -1.3192E-002   2.2159E-002   1.0491E-001  
-9.1365E+000  -8.7943E-001  -1.7591E+000  -3.0657E+000  -1.1933E-001   8.9539E-002   6.1189E-002   3.0581E-002  -3.6484E-002  -2.0033E-001  -9.2419E-002  -2.9733E-002   3.9680E-002   2.6156E-003   8.8044E-003  -1.1422E-003  -2.1672E-003   4.5988E-002   8.3662E-003  -2.6837E-003   2.5323E-003  -1.3497E-002   2.4066E-002   1.1747E-001  
-8.7217E+000  -6.5731E-001  -1.5336E+000  -3.2028E+000  -4.5697E-001   4.3517E-001   1.2057E-001   5.1676E-002  -1.0766E-001  -2.8950E-001  -1.5936E-001  -1.0273E-002   1.0783E-002   1.0174E-003   2.0187E-002  -1.3067E-002  -3.0322E-002   7.0973E-002   2.6429E-002  -5.9904E-003   2.9018E-003  -1.4943E-002   2.6130E-002   1.4428E-001  
-8.6373E+000  -7.7081E-001   1.3500E+000  -3.3816E+000   9.1334E-001   5.3918E-001  -7.9194E-002   4.5411E-002   4.0122E-003  -3.2135E-001  -2.3152E-001   2.9563E-002   4.9777E-002   2.1106E-002  -3.8685E-002  -4.2949E-002   7.5189E-002   1.0083E-001  -1.5027E-003  -4.6945E-003  -7.4755E-003  -1.8531E-002   2.1020E-002   1.2376E-001  
-8.8956E+000  -1.0139E+000   1.5217E+000  -3.1290E+000   3.5297E-001   1.4729E-001  -8.5802E-002   5.7150E-002  -4.9729E-002  -2.5539E-001  -1.2601E-001  -1.3890E-002  -3.3246E-002   9.1657E-003  -9.2500E-003  -9.2739E-003   1.3809E-002   5.9158E-002   1.1528E-002  -9.1481E-004  -4.2980E-003  -1.4264E-002   2.5048E-002   1.2438E-001  
-9.2919E+000  -1.2593E+000   1.5755E+000  -3.0377E+000   3.8599E-002   8.6955E-003  -4.0018E-002   3.1953E-002  -7.6152E-002  -1.5690E-001  -7.4466E-002  -1.2120E-002  -5.3488E-002   6.3221E-003  -2.9997E-003   2.8492E-003  -3.6263E-003   3.5386E-002   1.7222E-002   6.7935E-004  -2.8932E-003  -1.3218E-002   2.3477E-002   1.1560E-001  
-9.6937E+000  -1.4478E+000   1.4478E+000  -2.9985E+000  -1.4092E-001   4.0520E-012  -1.3038E-002   1.3038E-002  -8.1812E-002  -8.1812E-002  -3.7956E-002   5.2874E-013  -5.8853E-002   3.1587E-003  -6.0788E-012   1.1676E-002  -1.1676E-002   1.7626E-002   1.7626E-002   9.3169E-004  -9.3169E-004  -1.3620E-002   2.1477E-002   1.0767E-001  
-1.0056E+001  -1.5850E+000   1.1893E+000  -2.9911E+000  -2.0686E-001   6.0226E-002   3.8782E-004  -5.1062E-004  -7.2464E-002  -2.7309E-002  -1.3386E-002   1.5358E-002  -5.2781E-002   1.1336E-003   7.0128E-004   1.7447E-002  -1.3073E-002   5.6555E-003   1.5021E-002   4.1364E-004  -3.7328E-005  -1.5260E-002   1.8864E-002   1.1507E-001  
-1.0345E+001  -1.6785E+000   8.4044E-001  -2.9986E+000  -1.8667E-001   1.3964E-001   4.8997E-003  -9.7782E-003  -5.3003E-002   9.5346E-003   2.0548E-003   2.9036E-002  -3.8866E-002   1.9585E-004   6.9477E-004   2.0637E-002  -1.0322E-002  -1.9964E-003   1.1004E-002   9.3917E-005   1.2468E-004  -1.7464E-002   1.5874E-002   1.0616E-001  
-1.0532E+001  -1.7329E+000   4.3256E-001  -3.0081E+000  -1.0780E-001   2.0243E-001   3.7632E-003  -1.5052E-002  -2.7713E-002   3.0711E-002   1.0734E-002   3.8324E-002  -2.0432E-002  -2.7542E-004   4.0737E-004   2.2493E-002  -5.5981E-003  -6.4383E-003   5.7883E-003  -5.9400E-005   1.1559E-004  -1.8889E-002   1.3877E-002   9.6057E-002  
-1.0596E+001  -1.7506E+000  -3.8897E-014  -3.0120E+000  -4.5260E-015   2.2568E-001  -5.7486E-014  -1.6731E-002   4.4289E-014   3.7533E-002   1.3490E-002   4.1577E-002   9.9888E-015  -4.2599E-004  -2.5298E-014   2.3118E-002  -4.2725E-014  -7.8880E-003   5.0594E-014  -1.1218E-004  -3.4497E-014  -1.9359E-002   1.3201E-002   9.5263E-002  
-1.0532E+001  -1.7329E+000  -4.3256E-001  -3.0081E+000   1.0780E-001   2.0243E-001  -3.7632E-003  -1.5052E-002   2.7713E-002   3.0711E-002   1.0734E-002   3.8324E-002   2.0432E-002  -2.7542E-004  -4.0737E-004   2.2493E-002   5.5981E-003  -6.4383E-003  -5.7883E-003  -5.9400E-005  -1.1559E-004  -1.8889E-002   1.3877E-002   9.6057E-002  
-1.0345E+001  -1.6785E+000  -8.4044E-001  -2.9986E+000   1.8667E-001   1.3964E-001  -4.8997E-003  -9.7782E-003   5.3003E-002   9.5346E-003   2.0548E-003   2.9036E-002   3.8866E-002   1.9585E-004  -6.9477E-004   2.0637E-002   1.0322E-002  -1.9964E-003  -1.1004E-002   9.3917E-005  -1.2468E-004  -1.7464E-002   1.5874E-002   1.0616E-001  
-1.0056E+001  -1.5850E+000  -1.1893E+000  -2.9911E+000   2.0686E-001   6.0226E-002  -3.8782E-004  -5.1062E-004   7.2464E-002  -2.7309E-002  -1.3386E-002   1.5358E-002   5.2781E-002   1.1336E-003  -7.0128E-004   1.7447E-002   1.3073E-002   5.6555E-003  -1.5021E-002   4.1364E-004   3.7328E-005  -1.5260E-002   1.8864E-002   1.1507E-001  
-9.6937E+000  -1.4478E+000  -1.4478E+000  -2.9985E+000   1.4092E-001   4.0589E-012   1.3038E-002   1.3038E-002   8.1812E-002  -8.1812E-002  -3.7956E-002   5.1616E-013   5.8853E-002   3.1587E-003   6.0719E-012   1.1676E-002   1.1676E-002   1.7626E-002  -1.7626E-002   9.3169E-004   9.3169E-004  -1.3620E-002   2.1477E-002   1.0767E-001  
-9.2919E+000  -1.2593E+000  -1.5755E+000  -3.0377E+000  -3.8599E-002   8.6955E-003   4.0018E-002   3.1953E-002   7.6152E-002  -1.5690E-001  -7.4466E-002  -1.2120E-002   5.3488E-002   6.3221E-003   2.9997E-003   2.8492E-003   3.6263E-003   3.5386E-002  -1.7222E-002   6.7935E-004   2.8932E-003  -1.3218E-002   2.3477E-002   1.1560E-001  
-8.8956E+000  -1.0139E+000  -1.5217E+000  -3.1290E+000  -3.5297E-001   1.4729E-001   8.5802E-002   5.7150E-002   4.9729E-002  -2.5539E-001  -1.2601E-001  -1.3890E-002   3.3246E-002   9.1657E-003   9.2500E-003  -9.2739E-003  -1.3809E-002   5.9158E-002  -1.1528E-002  -9.1481E-004   4.2980E-003  -1.4264E-002   2.5048E-002   1.2438E-001  
-8.6373E+000  -7.7081E-001  -1.3500E+000  -3.3816E+000  -9.1334E-001   5.3918E-001   7.9194E-002   4.5411E-002  -4.0122E-003  -3.2135E-001  -2.3152E-001   2.9563E-002  -4.9777E-002   2.1106E-002   3.8685E-002  -4.2949E-002  -7.5189E-002   1.0083E-001   1.5027E-003  -4.6945E-003   7.4755E-003  -1.8531E-002   2.1020E-002   1.2376E-001  
-9.2919E+000  -1.5755E+000   1.2593E+000  -3.0377E+000   3.8599E-002  -8.6955E-003  -3.1953E-002   4.0018E-002  -1.5690E-001  -7.6152E-002  -7.4466E-002   1.2120E-002  -5.3488E-002   6.3221E-003   2.9997E-003   3.6263E-003  -2.8492E-003   1.7222E-002   3.5386E-002   2.8932E-003  -6.7935E-004  -1.3218E-002   2.3477E-002   1.1560E-001  
-9.5959E+000  -1.7590E+000   1.0549E+000  -3.0043E+000  -9.5531E-002   5.0977E-002  -1.2975E-002   2.1662E-002  -1.2809E-001  -6.3980E-003  -4.5617E-002   2.7768E-002  -5.2079E-002   2.1203E-003   3.1500E-003   1.2476E-002  -7.4503E-003   1.3705E-003   2.7777E-002   1.4386E-003   6.9207E-004  -1.3192E-002   2.2159E-002   1.0491E-001  
-9.8405E+000  -1.8848E+000   7.5429E-001  -2.9929E+000  -1.2364E-001   1.2970E-001  -3.5800E-003   8.9878E-003  -8.9796E-002   4.1060E-002  -2.7238E-002   4.1835E-002  -3.9922E-002  -9.9799E-005   2.3966E-003   1.7765E-002  -7.0805E-003  -8.7469E-003   1.9150E-002   3.2137E-004   9.8011E-004  -1.4174E-002   2.0461E-002   1.1148E-001  
-9.9995E+000  -1.9582E+000   3.9068E-001  -2.9909E+000  -7.9832E-002   1.9207E-001  -3.4807E-004   1.7956E-003  -4.6048E-002   6.8661E-002  -1.6794E-002   5.1565E-002  -2.1454E-002  -1.0937E-003   1.1318E-003   2.0846E-002  -4.1278E-003  -1.4351E-002   9.6172E-003  -3.2238E-004   5.0320E-004  -1.4916E-002   1.9295E-002   1.1476E-001  
-1.0054E+001  -1.9821E+000  -4.2965E-014  -2.9911E+000  -6.1967E-015   2.1515E-001  -9.0422E-014  -5.5353E-004   4.0836E-014   7.7587E-002  -1.3510E-002   5.4936E-002   2.7547E-014  -1.3310E-003  -3.7141E-014   2.1782E-002  -1.0611E-013  -1.6149E-002   8.4281E-014  -4.2307E-004  -4.9372E-014  -1.5274E-002   1.8827E-002   1.1636E-001  
-9.9995E+000  -1.9582E+000  -3.9068E-001  -2.9909E+000   7.9832E-002   1.9207E-001   3.4807E-004   1.7956E-003   4.6048E-002   6.8661E-002  -1.6794E-002   5.1565E-002   2.1454E-002  -1.0937E-003  -1.1318E-003   2.0846E-002   4.1278E-003  -1.4351E-002  -9.6172E-003  -3.2238E-004  -5.0320E-004  -1.4916E-002   1.9295E-002   1.1476E-001  
-9.8405E+000  -1.8848E+000  -7.5429E-001  -2.9929E+000   1.2364E-001   1.2970E-001   3.5800E-003   8.9878E-003   8.9796E-002   4.1060E-002  -2.7238E-002   4.1835E-002   3.9922E-002  -9.9799E-005  -2.3966E-003   1.7765E-002   7.0805E-003  -8.7469E-003  -1.9150E-002   3.2137E-004  -9.8011E-004  -1.4174E-002   2.0461E-002   1.1148E-001  
-9.5959E+000  -1.7590E+000  -1.0549E+000  -3.0043E+000   9.5531E-002   5.0977E-002   1.2975E-002   2.1662E-002   1.2809E-001  -6.3980E-003  -4.5617E-002   2.7768E-002   5.2079E-002   2.1203E-003  -3.1500E-003   1.2476E-002   7.4503E-003   1.3705E-003  -2.7777E-002   1.4386E-003  -6.9207E-004  -1.3192E-002   2.2159E-002   1.0491E-001  
-9.2919E+000  -1.5755E+000  -1.2593E+000  -3.0377E+000  -3.8599E-002  -8.6955E-003   3.1953E-002   4.0018E-002   1.5690E-001  -7.6152E-002  -7.4466E-002   1.2120E-002   5.3488E-002   6.3221E-003  -2.9997E-003   3.6263E-003   2.8492E-003   1.7222E-002  -3.5386E-002   2.8932E-003   6.7935E-004  -1.3218E-002   2.3477E-002   1.1560E-001  
-8.8956E+000  -1.5217E+000   1.0139E+000  -3.1290E+000   3.5297E-001  -1.4729E-001  -5.7150E-002   8.5802E-002  -2.5539E-001  -4.9729E-002  -1.2601E-001   1.3890E-002  -3.3246E-002   9.1657E-003   9.2500E-003  -1.3809E-002   9.2739E-003   1.1528E-002   5.9158E-002   4.2980E-003   9.1481E-004  -1.4264E-002   2.5048E-002   1.2438E-001  
-9.1365E+000  -1.7591E+000   8.7943E-001  -3.0657E+000   1.1933E-001  -8.9539E-002  -3.0581E-002   6.1189E-002  -2.0033E-001   3.6484E-002  -9.2419E-002   2.9733E-002  -3.9680E-002   2.6156E-003   8.8044E-003  -2.1672E-003   1.1422E-003  -8.3662E-003   4.5988E-002   2.5323E-003   2.6837E-003  -1.3497E-002   2.4066E-002   1.1747E-001  
-9.3324E+000  -1.9218E+000   6.4114E-001  -3.0317E+000   9.0741E-003  -1.2133E-002  -1.4946E-002   4.4822E-002  -1.3782E-001   9.5278E-002  -7.0102E-002   4.4658E-002  -3.3590E-002  -1.7617E-003   6.1811E-003   6.0073E-003  -1.9629E-003  -2.1354E-002   3.0886E-002   1.2790E-004   2.7512E-003  -1.3084E-002   2.3344E-002   1.1234E-001  
-9.4607E+000  -2.0173E+000   3.3550E-001  -3.0159E+000  -1.6884E-002   4.9304E-002  -5.8683E-003   3.5398E-002  -6.9937E-002   1.2974E-001  -5.7370E-002   5.5029E-002  -1.8855E-002  -3.8372E-003   3.0101E-003   1.0834E-002  -1.7600E-003  -2.8489E-002   1.5342E-002  -1.3769E-003   1.5021E-003  -1.2950E-002   2.2883E-002   1.0643E-001  
-9.5049E+000  -2.0484E+000   1.1846E-014  -3.0116E+000  -9.5073E-015   7.2055E-002   4.9036E-014   3.2311E-002  -3.4959E-014   1.4093E-001  -5.3319E-002   5.8642E-002  -1.5922E-014  -4.4060E-003   2.7468E-014   1.2344E-002   5.3324E-014  -3.0754E-002  -6.6667E-014  -1.8109E-003   5.6749E-014  -1.2938E-002   2.2700E-002   1.0419E-001  
-9.4607E+000  -2.0173E+000  -3.3550E-001  -3.0159E+000   1.6884E-002   4.9304E-002   5.8683E-003   3.5398E-002   6.9937E-002   1.2974E-001  -5.7370E-002   5.5029E-002   1.8855E-002  -3.8372E-003  -3.0101E-003   1.0834E-002   1.7600E-003  -2.8489E-002  -1.5342E-002  -1.3769E-003  -1.5021E-003  -1.2950E-002   2.2883E-002   1.0643E-001  
-9.3324E+000  -1.9218E+000  -6.4114E-001  -3.0317E+000  -9.0741E-003  -1.2133E-002   1.4946E-002   4.4822E-002   1.3782E-001   9.5278E-002  -7.0102E-002   4.4658E-002   3.3590E-002  -1.7617E-003  -6.1811E-003   6.0073E-003   1.9629E-003  -2.1354E-002  -3.0886E-002   1.2790E-004  -2.7512E-003  -1.3084E-002   2.3344E-002   1.1234E-001  
-9.1365E+000  -1.7591E+000  -8.7943E-001  -3.0657E+000  -1.1933E-001  -8.9539E-002   3.0581E-002   6.1189E-002   2.0033E-001   3.6484E-002  -9.2419E-002   2.9733E-002   3.9680E-002   2.6156E-003  -8.8044E-003  -2.1672E-003  -1.1422E-003  -8.3662E-003  -4.5988E-002   2.5323E-003  -2.6837E-003  -1.3497E-002   2.4066E-002   1.1747E-001  
-8.8956E+000  -1.5217E+000  -1.0139E+000  -3.1290E+000  -3.5297E-001  -1.4729E-001   5.7150E-002   8.5802E-002   2.5539E-001  -4.9729E-002  -1.2601E-001   1.3890E-002   3.3246E-002   9.1657E-003  -9.2500E-003  -1.3809E-002  -9.2739E-003   1.1528E-002  -5.9158E-002   4.2980E-003  -9.1481E-004  -1.4264E-002   2.5048E-002   1.2438E-001  
-8.6373E+000  -1.3500E+000   7.7081E-001  -3.3816E+000   9.1334E-001  -5.3918E-001  -4.5411E-002   7.9194E-002  -3.2135E-001   4.0122E-003  -2.3152E-001  -2.9563E-002   4.9777E-002   2.1106E-002   3.8685E-002  -7.5189E-002   4.2949E-002  -1.5027E-003   1.0083E-001   7.4755E-003   4.6945E-003  -1.8531E-002   2.1020E-002   1.2376E-001  
-8.7217E+000  -1.5336E+000   6.5731E-001  -3.2028E+000   4.5697E-001  -4.3517E-001  -5.1676E-002   1.2057E-001  -2.8950E-001   1.0766E-001  -1.5936E-001   1.0273E-002  -1.0783E-002   1.0174E-003   2.0187E-002  -3.0322E-002   1.3067E-002  -2.6429E-002   7.0973E-002   2.9018E-003   5.9904E-003  -1.4943E-002   2.6130E-002   1.4428E-001  
-8.8639E+000  -1.7340E+000   4.9596E-001  -3.1394E+000   2.2228E-001  -3.5681E-001  -2.9841E-002   1.0442E-001  -1.9943E-001   1.8035E-001  -1.3095E-001   2.8533E-002  -1.7779E-002  -5.9475E-003   1.2251E-002  -1.8032E-002   5.2031E-003  -4.1816E-002   4.6265E-002  -7.8933E-004   4.4188E-003  -1.4267E-002   2.5203E-002   1.2539E-001  
-8.9610E+000  -1.8558E+000   2.6462E-001  -3.1089E+000   8.6667E-002  -2.9776E-001  -1.3032E-002   9.1564E-002  -1.0024E-001   2.2159E-001  -1.1599E-001   3.8847E-002  -1.1312E-002  -9.9988E-003   6.4073E-003  -1.2207E-002   1.7864E-003  -5.1334E-002   2.3225E-002  -3.2070E-003   2.7804E-003  -1.3950E-002   2.4756E-002   1.2242E-001  
-8.9946E+000  -1.8956E+000   7.1424E-015  -3.0996E+000  -2.9066E-015  -2.7581E-001   1.0707E-014   8.7406E-002  -2.4340E-015   2.3500E-001  -1.1117E-001   4.2450E-002   1.1849E-014  -1.1276E-002  -9.9091E-015  -1.0341E-002  -2.6944E-016  -5.4392E-002   5.2890E-016  -4.1102E-003   3.7006E-015  -1.3905E-002   2.4576E-002   1.2183E-001  
-8.9610E+000  -1.8558E+000  -2.6462E-001  -3.1089E+000  -8.6667E-002  -2.9776E-001   1.3032E-002   9.1564E-002   1.0024E-001   2.2159E-001  -1.1599E-001   3.8847E-002   1.1312E-002  -9.9988E-003  -6.4073E-003  -1.2207E-002  -1.7864E-003  -5.1334E-002  -2.3225E-002  -3.2070E-003  -2.7804E-003  -1.3950E-002   2.4756E-002   1.2242E-001  
-8.8639E+000  -1.7340E+000  -4.9596E-001  -3.1394E+000  -2.2228E-001  -3.5681E-001   2.9841E-002   1.0442E-001   1.9943E-001   1.8035E-001  -1.3095E-001   2.8533E-002   1.7779E-002  -5.9475E-003  -1.2251E-002  -1.8032E-002  -5.2031E-003  -4.1816E-002  -4.6265E-002  -7.8933E-004  -4.4188E-003  -1.4267E-002   2.5203E-002   1.2539E-001  
-8.7217E+000  -1.5336E+000  -6.5731E-001  -3.2028E+000  -4.5697E-001  -4.3517E-001   5.1676E-002   1.2057E-001   2.8950E-001   1.0766E-001  -1.5936E-001   1.0273E-002   1.0783E-002   1.0174E-003  -2.0187E-002  -3.0322E-002  -1.3067E-002  -2.6429E-002  -7.0973E-002   2.9018E-003  -5.9904E-003  -1.4943E-002   2.6130E-002   1.4428E-001  
-8.6373E+000  -1.3500E+000  -7.7081E-001  -3.3816E+000  -9.1334E-001  -5.3918E-001   4.5411E-002   7.9194E-002   3.2135E-001   4.0122E-003  -2.3152E-001  -2.9563E-002  -4.9777E-002   2.1106E-002  -3.8685E-002  -7.5189E-002  -4.2949E-002  -1.5027E-003  -1.0083E-001   7.4755E-003  -4.6945E-003  -1.8531E-002   2.1020E-002   1.2376E-001  
