 1.3673E+000  -1.4877E+000   3.6871E+000   5.6064E-001   3.8764E-001   1.4612E-001  -4.6599E-002  -5.6899E-001  -3.5192E-001  -4.9577E-001  -3.7166E-001   2.1415E-001  -9.0879E-001  -2.8081E-001   3.9587E-001   1.2784E-001   5.9951E-002   8.4782E-002  -2.4178E-001  -1.5005E-001  -7.9738E-002  -7.0321E-003   3.6382E-001   1.8162E+000  
 6.6462E-001   2.1446E-001   5.3509E+000  -1.1675E-001  -1.5436E-001  -4.4632E-001   3.9381E-001   1.1686E-001   5.0989E-001  -4.2621E-001  -2.7103E-001  -1.7426E-002  -1.3689E+000  -1.3289E-001   9.1271E-002   6.3402E-003  -5.9211E-002   8.7312E-002  -2.4198E-002  -1.6182E-001   6.3327E-002  -1.0704E-002   4.2041E-001   2.1500E+000  
 1.2443E+000   4.4182E-001   7.4235E+000   1.9127E-002   2.1003E-001  -3.3546E-001   3.5753E-001  -1.4065E-002   5.5202E-001  -3.8477E-001  -1.8339E-001   2.2212E-002  -1.3426E+000  -1.1424E-001   1.5279E-001  -2.0367E-002  -7.8792E-002   9.4287E-002  -1.1143E-001  -9.8911E-002   1.0054E-001  -5.7223E-003   4.1656E-001   2.0269E+000  
 1.9770E+000   1.0881E+000   8.1853E+000   7.2667E-002   3.9254E-001  -2.6495E-001   3.5882E-001  -1.0048E-001   6.4592E-001  -3.1720E-001  -1.2921E-001   2.9914E-002  -1.3615E+000  -6.1904E-002   1.7892E-001  -1.0159E-002  -7.9256E-002   7.9277E-002  -1.5780E-001  -4.8138E-002   1.2392E-001  -5.9939E-003   4.1631E-001   1.8529E+000  
 2.8056E+000   1.7054E+000   8.1326E+000   9.7762E-002   4.8990E-001  -2.3230E-001   3.7351E-001  -1.9143E-001   7.4265E-001  -2.2306E-001  -8.6176E-002   2.5934E-002  -1.3777E+000  -1.2338E-003   1.9122E-001   1.3067E-002  -7.8133E-002   5.0002E-002  -1.8735E-001   3.1297E-003   1.2755E-001  -1.2189E-002   4.1313E-001   1.6479E+000  
 3.6997E+000   2.2349E+000   7.6872E+000   1.0454E-001   5.5370E-001  -2.4388E-001   4.0220E-001  -2.9074E-001   8.3899E-001  -1.0238E-001  -5.2581E-002   1.4789E-002  -1.3830E+000   6.1318E-002   1.8976E-001   3.9933E-002  -8.1656E-002   1.4682E-002  -2.0114E-001   5.2594E-002   1.1555E-001  -1.8459E-002   4.0635E-001   1.7530E+000  
 4.6225E+000   2.6242E+000   6.4984E+000   9.7892E-002   6.3030E-001  -2.9267E-001   4.5202E-001  -4.0258E-001   9.3623E-001   4.6822E-002  -2.8006E-002   1.9210E-003  -1.3757E+000   1.1981E-001   1.7316E-001   6.1661E-002  -8.7022E-002  -1.8932E-002  -1.9785E-001   9.8327E-002   8.6626E-002  -1.9396E-002   3.9761E-001   1.8966E+000  
 5.4800E+000   2.4221E+000   4.1403E+000   1.0873E-001   7.2287E-001  -3.4002E-001   5.4974E-001  -5.6572E-001   1.0681E+000   2.3195E-001   3.2234E-003   5.4279E-003  -1.3871E+000   1.4922E-001   1.2473E-001   5.9636E-002  -8.2385E-002  -4.2399E-002  -1.5701E-001   1.5380E-001   4.4840E-002  -1.6154E-002   3.9416E-001   2.0085E+000  
 4.9710E+000   3.7225E+000   2.3306E+000  -8.9570E-001   2.1448E+000  -1.1056E+000   1.2362E-001   1.7282E-001   2.8547E-001   4.8451E-001  -3.6511E-002  -2.8887E-001  -8.1600E-001   3.4248E-001   4.4907E-001   2.7527E-002  -2.1228E-002  -9.5306E-002  -4.2440E-001   1.3009E-001  -9.0108E-002  -2.7795E-002   3.4150E-001   1.7324E+000  
-6.1942E-003   6.0736E-001   4.3330E+000   3.5368E-003   6.7962E-002  -1.2465E-001   3.1359E-001   1.5925E-001   4.0452E-001  -3.8321E-001  -2.3230E-001   5.1572E-003  -1.3200E+000  -1.7559E-001   5.3097E-002  -5.9637E-002  -7.9912E-002   7.6725E-002  -6.1611E-002  -1.3205E-001  -2.2361E-002   5.0855E-003   4.2230E-001   2.3544E+000  
 2.6883E-001   8.1704E-001   5.8581E+000   9.5627E-002   4.1128E-001  -6.3455E-002   3.0061E-001   8.8451E-002   4.5431E-001  -3.5936E-001  -1.6609E-001   2.8749E-002  -1.3360E+000  -1.4776E-001   9.0984E-002  -7.0137E-002  -8.6345E-002   9.4609E-002  -1.1395E-001  -1.0512E-001   2.7140E-002   1.3789E-002   4.2882E-001   2.2767E+000  
 7.7440E-001   1.5309E+000   7.9177E+000   1.4569E-001   5.9234E-001   1.8815E-002   2.9108E-001   1.7818E-002   5.1405E-001  -3.0832E-001  -1.1086E-001   4.5755E-002  -1.3668E+000  -1.0590E-001   1.2337E-001  -6.3519E-002  -7.9915E-002   8.8537E-002  -1.5918E-001  -7.1171E-002   6.0968E-002   1.4067E-002   4.3435E-001   2.1689E+000  
 1.4664E+000   1.7075E+000   8.7033E+000   1.7024E-001   6.5554E-001   8.4570E-002   2.8960E-001  -5.4668E-002   5.8092E-001  -2.3185E-001  -6.4683E-002   4.9440E-002  -1.4014E+000  -5.2627E-002   1.4378E-001  -4.0486E-002  -6.7988E-002   6.3029E-002  -1.9240E-001  -3.5493E-002   7.8175E-002   4.1305E-003   4.3672E-001   2.0064E+000  
 2.2890E+000   1.8618E+000   8.4566E+000   1.8213E-001   6.4609E-001   1.1117E-001   2.9780E-001  -1.3033E-001   6.4865E-001  -1.3128E-001  -2.7778E-002   4.1666E-002  -1.4274E+000   4.0357E-003   1.5158E-001  -8.2947E-003  -6.0699E-002   2.6950E-002  -2.1264E-001   6.9436E-004   8.2491E-002  -1.1146E-002   4.3369E-001   1.7828E+000  
 3.1983E+000   1.9435E+000   8.0630E+000   1.8564E-001   6.0929E-001   9.1876E-002   3.1891E-001  -2.1207E-001   7.1388E-001  -8.6613E-003   1.1521E-003   2.6657E-002  -1.4373E+000   6.1202E-002   1.4812E-001   2.6857E-002  -6.3285E-002  -1.3456E-002  -2.1985E-001   3.5978E-002   7.2981E-002  -2.6415E-002   4.2569E-001   1.9123E+000  
 4.1416E+000   1.9274E+000   6.6980E+000   1.7939E-001   5.8563E-001   3.3486E-002   3.5630E-001  -3.0304E-001   7.7591E-001   1.3580E-001   2.2165E-002   9.3170E-003  -1.4302E+000   1.1685E-001   1.3245E-001   5.9849E-002  -7.3756E-002  -5.2688E-002  -2.1470E-001   6.8360E-002   5.1339E-002  -3.6951E-002   4.1318E-001   2.0558E+000  
 5.0304E+000   2.2926E+000   4.2088E+000   1.6284E-001   6.1292E-001  -4.1146E-002   4.1503E-001  -4.0560E-001   8.3462E-001   3.0270E-001   3.2925E-002  -3.5131E-003  -1.4097E+000   1.6475E-001   1.0365E-001   8.2808E-002  -8.5577E-002  -8.3886E-002  -1.9674E-001   9.7041E-002   1.6304E-002  -3.7749E-002   3.9928E-001   2.1563E+000  
 5.7779E+000   2.0191E+000   2.4567E+000   1.2978E-001   7.2515E-001  -9.8352E-002   4.9933E-001  -5.2476E-001   8.8854E-001   4.9646E-001   3.2320E-002  -1.1647E-002  -1.3787E+000   2.0221E-001   6.5130E-002   9.5967E-002  -9.4893E-002  -1.0465E-001  -1.6824E-001   1.1972E-001  -3.0162E-002  -3.0981E-002   3.8616E-001   2.1941E+000  
-3.0142E-001   2.8087E+000   4.0275E+000   1.2247E-001   5.4223E-001   2.2082E-002   2.5098E-001   1.5723E-001   3.9362E-001  -3.6327E-001  -1.5911E-001   1.7216E-003  -1.3260E+000  -1.6762E-001   2.3333E-002  -9.1260E-002  -9.7618E-002   1.0092E-001  -1.1184E-001  -8.5031E-002  -3.9089E-002   2.5696E-002   4.3384E-001   2.4348E+000  
-1.3727E-001   2.3157E+000   5.9809E+000   1.6644E-001   7.6774E-001   8.1184E-002   2.4091E-001   9.7028E-002   4.2288E-001  -3.2406E-001  -1.0337E-001   2.4506E-002  -1.3598E+000  -1.3565E-001   5.8439E-002  -9.0308E-002  -8.9071E-002   1.0547E-001  -1.4792E-001  -6.7875E-002   1.9814E-003   3.1175E-002   4.4430E-001   2.3982E+000  
 1.2215E+000   2.1798E+000   3.2108E+000   1.8229E-001   8.5552E-001   1.6008E-001   2.3197E-001   3.7638E-002   4.6396E-001  -2.6109E-001  -5.8058E-002   3.9514E-002  -1.4034E+000  -9.2703E-002   8.4322E-002  -7.3827E-002  -6.7968E-002   8.8303E-002  -1.7572E-001  -4.7518E-002   3.0158E-002   2.2809E-002   4.5393E-001   2.2925E+000  
 1.4676E+000   2.0172E+000   2.1011E+000   1.9132E-001   8.4488E-001   2.2414E-001   2.2702E-001  -2.5224E-002   5.0809E-001  -1.7561E-001  -1.9428E-002   4.4431E-002  -1.4433E+000  -4.4089E-002   1.0159E-001  -4.8344E-002  -4.6752E-002   5.5098E-002  -1.9763E-001  -2.4074E-002   4.4623E-002   7.2262E-003   4.5942E-001   2.1256E+000  
 1.6551E+000   1.7196E+000   1.7597E+000   1.9921E-001   7.7218E-001   2.4934E-001   2.3047E-001  -9.1044E-002   5.5243E-001  -7.0372E-002   1.2717E-002   3.8117E-002  -1.4720E+000   5.8422E-003   1.0710E-001  -1.6312E-002  -3.4135E-002   1.3135E-002  -2.1075E-001  -8.6301E-004   4.7882E-002  -1.3543E-002   4.5866E-001   1.9048E+000  
 1.9524E+000   1.3739E+000   1.4008E+000   2.0779E-001   6.7260E-001   2.2792E-001   2.4556E-001  -1.6138E-001   5.9385E-001   5.2336E-002   3.8326E-002   2.4959E-002  -1.4837E+000   5.5708E-002   1.0258E-001   1.7646E-002  -3.7318E-002  -3.2214E-002  -2.1369E-001   2.2086E-002   4.1863E-002  -3.3727E-002   4.4836E-001   2.0543E+000  
 2.5387E+000   1.0825E+000   1.8462E+000   2.1371E-001   5.8304E-001   1.6600E-001   2.7505E-001  -2.3818E-001   6.3092E-001   1.9184E-001   5.6224E-002   1.0287E-002  -1.4782E+000   1.0475E-001   8.6636E-002   4.9279E-002  -5.1571E-002  -7.6047E-002  -2.0778E-001   4.4031E-002   2.4906E-002  -4.8006E-002   4.3235E-001   2.2121E+000  
 4.4943E+000   7.5586E-001   3.9679E+000   2.0840E-001   5.3920E-001   8.5421E-002   3.2093E-001  -3.2226E-001   6.6038E-001   3.4778E-001   6.4995E-002  -2.8792E-003  -1.4563E+000   1.4971E-001   6.1151E-002   7.6261E-002  -7.1095E-002  -1.1251E-001  -1.9446E-001   6.1825E-002  -3.7521E-003  -5.4593E-002   4.1366E-001   2.2865E+000  
 5.2570E+000  -1.2201E-001   1.6549E+000   1.8738E-001   5.7003E-001   2.2260E-002   3.8737E-001  -4.1820E-001   6.8288E-001   5.2379E-001   6.3310E-002  -1.1404E-002  -1.4229E+000   1.8691E-001   2.4912E-002   9.4903E-002  -8.8191E-002  -1.3836E-001  -1.7127E-001   7.5631E-002  -4.2505E-002  -4.9494E-002   3.9669E-001   2.2990E+000  
 1.3850E+000   3.3051E+000  -1.8386E+000   5.6340E-001   5.0261E-001  -7.0430E-002  -5.2966E-001  -1.0553E-001   4.5250E-001   4.2018E-001  -3.8053E-001  -2.3415E-001  -9.0456E-001  -3.5295E-001  -4.5441E-001   7.1674E-002   1.3106E-001   2.4528E-001  -1.0340E-001  -8.9772E-002  -1.1611E-001  -9.0185E-003   3.6700E-001   1.8577E+000  
-3.2564E-002   3.9237E+000   7.5424E-001   5.4685E-004   7.4670E-002   1.9280E-001   1.9606E-001   2.7014E-001   3.9328E-001  -4.1147E-001  -2.3313E-001  -4.1599E-002  -1.3230E+000  -1.7952E-001  -8.0874E-002  -7.2376E-002  -6.5502E-002   6.2181E-002  -8.3620E-002  -3.0159E-002  -1.3463E-001   4.5504E-003   4.2198E-001   2.3570E+000  
-2.9785E-001   4.1185E+000   2.2131E+000   1.2135E-001   5.4575E-001   4.2704E-002   1.9718E-001   2.0735E-001   3.6713E-001  -3.9839E-001  -1.5932E-001  -3.7963E-002  -1.3273E+000  -1.6943E-001  -4.9499E-002  -9.0502E-002  -9.8387E-002   1.0951E-001  -1.0662E-001  -4.2973E-002  -8.5668E-002   2.6016E-002   4.3405E-001   2.4252E+000  
-4.6377E-001   3.6806E+000   3.8674E+000   1.6777E-001   8.3873E-001   3.0017E-002   1.9450E-001   1.5085E-001   3.6352E-001  -3.6594E-001  -1.0255E-001  -1.7625E-002  -1.3568E+000  -1.4649E-001  -1.2918E-002  -9.2089E-002  -9.9393E-002   1.2558E-001  -1.3006E-001  -4.4739E-002  -4.3401E-002   3.7471E-002   4.4748E-001   2.4497E+000  
 1.0569E+000   2.3600E+000   2.4349E+000   1.7494E-001   9.8626E-001   8.8394E-002   1.8624E-001   9.6481E-002   3.7536E-001  -3.1158E-001  -5.4579E-002   5.2760E-003  -1.3975E+000  -1.1404E-001   2.0644E-002  -8.2257E-002  -7.9367E-002   1.1740E-001  -1.5115E-001  -3.9077E-002  -1.1399E-002   3.4688E-002   4.6094E-001   2.4682E+000  
 9.6145E-001   2.1271E+000   2.1597E+000   1.6854E-001   1.0215E+000   1.6690E-001   1.7681E-001   4.2811E-002   3.9793E-001  -2.3724E-001  -1.5071E-002   2.2078E-002  -1.4400E+000  -7.5858E-002   4.5622E-002  -6.1896E-002  -4.8761E-002   9.0869E-002  -1.6766E-001  -2.9076E-002   9.4698E-003   1.9864E-002   4.7268E-001   2.3686E+000  
 9.6793E-001   1.8467E+000   1.8130E+000   1.6645E-001   9.7389E-001   2.2997E-001   1.6981E-001  -1.1773E-002   4.2448E-001  -1.4281E-001   1.7043E-002   2.8874E-002  -1.4774E+000  -3.5348E-002   6.1239E-002  -3.9367E-002  -2.2623E-002   5.2308E-002  -1.8093E-001  -1.6004E-002   2.2076E-002   8.7449E-004   4.8052E-001   2.1954E+000  
 1.0947E+000   1.5277E+000   1.4278E+000   1.7522E-001   8.7262E-001   2.5440E-001   1.6980E-001  -6.7923E-002   4.5100E-001  -3.2645E-002   4.0379E-002   2.5424E-002  -1.5036E+000   5.7861E-003   6.6502E-002  -1.6175E-002  -8.1419E-003   5.7730E-003  -1.8925E-001  -1.2278E-003   2.5570E-002  -1.7986E-002   4.8086E-001   2.0145E+000  
 1.3501E+000   1.1731E+000   1.0282E+000   1.9227E-001   7.4565E-001   2.3193E-001   1.8043E-001  -1.2727E-001   4.7425E-001   9.0715E-002   5.8260E-002   1.5438E-002  -1.5151E+000   4.6747E-002   6.1157E-002   8.2193E-003  -1.0296E-002  -4.3457E-002  -1.8956E-001   1.3417E-002   2.0394E-002  -3.5928E-002   4.7053E-001   2.1617E+000  
 1.7324E+000   7.8281E-001   6.3998E-001   2.1017E-001   6.2286E-001   1.6819E-001   2.0350E-001  -1.9194E-001   4.9268E-001   2.2615E-001   7.3107E-002   3.5921E-003  -1.5113E+000   8.6812E-002   4.5325E-002   3.4350E-002  -2.5948E-002  -9.0242E-002  -1.8389E-001   2.6076E-002   6.5174E-003  -5.2116E-002   4.5271E-001   2.3125E+000  
 2.2185E+000   3.6105E-001   2.9802E-001   2.2032E-001   5.3497E-001   8.5813E-002   2.4037E-001  -2.6344E-001   5.0367E-001   3.7198E-001   8.1922E-002  -7.0021E-003  -1.4936E+000   1.2465E-001   1.9781E-002   6.0836E-002  -5.0233E-002  -1.3098E-001  -1.7285E-001   3.5332E-002  -1.4860E-002  -6.2560E-002   4.3189E-001   2.3787E+000  
 4.5816E+000  -1.2578E+000   1.1080E+000   2.1495E-001   5.0739E-001   2.0803E-002   2.9414E-001  -3.4385E-001   5.0535E-001   5.3238E-001   8.0952E-002  -1.4744E-002  -1.4621E+000   1.5833E-001  -1.5463E-002   8.1897E-002  -7.2456E-002  -1.6162E-001  -1.5487E-001   3.9798E-002  -4.5358E-002  -6.2234E-002   4.1177E-001   2.3297E+000  
 5.2097E+000  -2.0624E+000  -7.2746E-001   1.8529E-001   5.6198E-001   2.1555E-002   3.6994E-001  -4.3677E-001   4.9266E-001   7.1131E-001   6.5033E-002  -1.8398E-002  -1.4191E+000   1.8424E-001  -5.7870E-002   9.7557E-002  -8.7187E-002  -1.7918E-001  -1.2917E-001   3.8258E-002  -8.3316E-002  -5.0244E-002   3.9469E-001   2.2963E+000  
 5.7282E+000  -2.3283E+000  -2.0120E+000   1.2687E-001   7.0839E-001   1.4353E-001   4.8024E-001  -5.4857E-001   4.6129E-001   9.1744E-001   3.6515E-002  -1.8125E-002  -1.3724E+000   1.9624E-001  -1.0083E-001   1.0283E-001  -8.8487E-002  -1.7694E-001  -9.3780E-002   2.8138E-002  -1.2842E-001  -3.0868E-002   3.8152E-001   2.1877E+000  
 4.8113E+000  -2.2010E+000  -4.1878E+000  -9.3785E-001   2.2518E+000   1.1934E+000  -2.3944E-001  -1.4915E-001   4.1396E-001   2.0642E-001  -2.5968E-002   2.6274E-001  -7.8894E-001   3.8941E-001  -5.3744E-001   2.5970E-002  -1.2672E-002  -4.3975E-001  -8.4734E-002   9.6398E-002  -9.9924E-002  -2.6261E-002   3.3788E-001   1.7262E+000  
 6.1641E-001   6.1404E+000  -2.5701E-001  -1.2116E-001  -1.3706E-001   5.1312E-001   1.5012E-001   3.4399E-001   4.3648E-001  -5.2384E-001  -2.7008E-001  -1.5374E-002  -1.3719E+000  -1.4744E-001  -1.2309E-001  -5.2059E-002   3.6827E-005   3.0060E-002  -9.9270E-002   5.1959E-002  -1.6209E-001  -1.0189E-002   4.2172E-001   2.1584E+000  
 2.5415E-001   6.3398E+000   1.3777E+000   9.1507E-002   4.2163E-001   1.2546E-001   1.2560E-001   2.5312E-001   3.7015E-001  -4.6838E-001  -1.6626E-001  -6.3358E-002  -1.3400E+000  -1.5334E-001  -1.1991E-001  -7.8601E-002  -7.6528E-002   1.1584E-001  -1.0294E-001   1.7743E-002  -1.0868E-001   1.3768E-002   4.2969E-001   2.3077E+000  
-1.5209E-001   6.0732E+000   2.0122E+000   1.6361E-001   7.7463E-001  -2.2658E-002   1.3757E-001   1.9389E-001   3.2979E-001  -4.3439E-001  -1.0365E-001  -5.9047E-002  -1.3628E+000  -1.3877E-001  -8.5512E-002  -8.1005E-002  -9.7341E-002   1.4699E-001  -1.1224E-001  -3.5537E-003  -6.9827E-002   3.1478E-002   4.4528E-001   2.4024E+000  
 1.0413E+000   2.3660E+000   2.4276E+000   1.7352E-001   9.8982E-001  -3.4599E-002   1.4040E-001   1.3941E-001   3.1180E-001  -3.8376E-001  -5.4794E-002  -3.9081E-002  -1.3991E+000  -1.1542E-001  -4.6908E-002  -7.1162E-002  -8.9651E-002   1.4822E-001  -1.2291E-001  -1.4173E-002  -3.9170E-002   3.4929E-002   4.6174E-001   2.4704E+000  
 7.7594E-001   2.1353E+000   2.2043E+000   1.5456E-001   1.0912E+000   2.3948E-002   1.3488E-001   8.8048E-002   3.1019E-001  -3.1522E-001  -1.3047E-002  -1.6145E-002  -1.4368E+000  -8.7608E-002  -1.2963E-002  -5.3389E-002  -6.1634E-002   1.2811E-001  -1.3212E-001  -1.7769E-002  -1.6611E-002   2.3978E-002   4.7570E-001   2.4134E+000  
 5.9584E-001   1.8637E+000   1.8861E+000   1.3155E-001   1.1040E+000   1.0234E-001   1.2560E-001   3.7718E-002   3.1766E-001  -2.2862E-001   2.2665E-002   1.8837E-003  -1.4711E+000  -5.7592E-002   1.2365E-002  -3.6441E-002  -3.0531E-002   9.5368E-002  -1.4087E-001  -1.5419E-002  -5.4481E-004   5.5252E-003   4.8686E-001   2.3437E+000  
 5.2973E-001   1.5557E+000   1.5022E+000   1.2206E-001   1.0490E+000   1.6543E-001   1.1891E-001  -1.1049E-002   3.3054E-001  -1.2660E-001   4.8041E-002   1.0879E-002  -1.4985E+000  -2.6855E-002   2.8404E-002  -2.0982E-002  -4.7344E-003   5.2488E-002  -1.4921E-001  -9.6644E-003   8.8093E-003  -1.1302E-002   4.9337E-001   2.2209E+000  
 5.9697E-001   1.2181E+000   1.0840E+000   1.3296E-001   9.4710E-001   1.8908E-001   1.1869E-001  -5.6472E-002   3.4360E-001  -1.2334E-002   5.9107E-002   1.1320E-002  -1.5171E+000   5.4249E-003   3.3927E-002  -1.2383E-002   7.5617E-003   2.0781E-003  -1.5363E-001  -1.1847E-003   1.2002E-002  -2.1607E-002   4.9129E-001   2.0487E+000  
 8.0833E-001   8.5558E-001   6.5666E-001   1.5810E-001   8.2282E-001   1.6559E-001   1.2428E-001  -1.0393E-001   3.5504E-001   1.1137E-001   6.5304E-002   5.2344E-003  -1.5289E+000   3.7440E-002   2.8160E-002  -2.9049E-003   9.7060E-003  -5.0232E-002  -1.5291E-001   7.2568E-003   7.4802E-003  -3.0979E-002   4.8504E-001   2.2245E+000  
 1.1643E+000   4.7041E-001   2.4086E-001   1.8639E-001   6.9550E-001   1.0129E-001   1.4107E-001  -1.5916E-001   3.6111E-001   2.4277E-001   7.5425E-002  -4.4397E-003  -1.5291E+000   6.7421E-002   1.1819E-002   1.5195E-002  -3.5491E-003  -9.8912E-002  -1.4704E-001   1.2915E-002  -2.9204E-003  -4.5015E-002   4.7012E-001   2.3159E+000  
 1.6395E+000   6.5628E-002  -1.2943E-001   2.0897E-001   5.9022E-001   1.8274E-002   1.7070E-001  -2.2115E-001   3.6024E-001   3.8079E-001   8.4005E-002  -1.3718E-002  -1.5160E+000   9.6236E-002  -1.4076E-002   3.6488E-002  -2.6119E-002  -1.4161E-001  -1.3827E-001   1.5249E-002  -1.9479E-002  -5.8726E-002   4.5107E-001   2.3624E+000  
 2.2025E+000  -3.6195E-001  -4.2291E-001   2.1876E-001   5.2697E-001  -4.6567E-002   2.1408E-001  -2.9059E-001   3.4782E-001   5.2677E-001   8.3540E-002  -2.1413E-002  -1.4901E+000   1.2267E-001  -4.9284E-002   6.0405E-002  -5.1556E-002  -1.7674E-001  -1.2518E-001   1.1906E-002  -4.1583E-002  -6.3414E-002   4.3068E-001   2.3831E+000  
 4.4128E+000  -4.4858E+000  -1.2709E+000   2.0494E-001   5.2302E-001  -4.3976E-002   2.7506E-001  -3.7032E-001   3.1981E-001   6.8475E-001   6.8265E-002  -2.6093E-002  -1.4494E+000   1.4508E-001  -9.2148E-002   8.0828E-002  -6.8825E-002  -1.9900E-001  -1.0472E-001   2.8209E-003  -6.9829E-002  -5.5947E-002   4.1065E-001   2.2862E+000  
 4.9188E+000  -5.0666E+000  -1.8109E+000   1.5741E-001   5.8887E-001   8.3851E-002   3.6203E-001  -4.6306E-001   2.7049E-001   8.5894E-001   3.7791E-002  -2.5511E-002  -1.3995E+000   1.5740E-001  -1.3655E-001   9.4680E-002  -7.6819E-002  -2.0190E-001  -7.5310E-002  -1.4493E-002  -1.0561E-001  -3.8890E-002   3.9436E-001   2.1707E+000  
 5.3835E+000  -5.2699E+000  -2.9331E+000   1.0150E-001   6.9306E-001   3.7885E-001   5.2788E-001  -5.9498E-001   1.8969E-001   1.0908E+000   8.9596E-003  -3.5672E-002  -1.3733E+000   1.4493E-001  -1.5804E-001   9.0804E-002  -5.5705E-002  -1.6251E-001  -3.5901E-002  -4.3767E-002  -1.5772E-001  -1.8053E-002   3.8719E-001   2.0072E+000  
 1.2118E+000   7.4116E+000   4.1143E-001   1.2016E-002   2.2650E-001   3.9168E-001   1.9285E-002   3.0683E-001   4.0096E-001  -5.7608E-001  -1.8127E-001  -5.4098E-002  -1.3495E+000  -1.2309E-001  -1.8615E-001  -7.0804E-002  -2.5971E-002   1.1703E-001  -1.0328E-001   8.6586E-002  -1.0362E-001  -5.6518E-003   4.1923E-001   2.0466E+000  
 7.2768E-001   7.6305E+000   1.2705E+000   1.3960E-001   6.0570E-001   3.5474E-002   5.5503E-002   2.4097E-001   3.2044E-001  -5.3506E-001  -1.1012E-001  -7.7915E-002  -1.3730E+000  -1.1209E-001  -1.5382E-001  -7.0937E-002  -6.9564E-002   1.6218E-001  -9.6492E-002   5.0628E-002  -7.4245E-002   1.3808E-002   4.3634E-001   2.1795E+000  
 1.1746E+000   3.0986E+000   2.1749E+000   1.7777E-001   8.6609E-001  -1.0911E-001   7.8666E-002   1.8225E-001   2.6878E-001  -4.8149E-001  -5.7787E-002  -7.1568E-002  -1.4082E+000  -9.6740E-002  -1.1275E-001  -5.8529E-002  -8.0576E-002   1.7653E-001  -9.4952E-002   2.3543E-002  -4.9014E-002   2.2749E-002   4.5594E-001   2.3023E+000  
 9.2954E-001   2.0884E+000   2.1949E+000   1.6586E-001   1.0290E+000  -1.2034E-001   8.7069E-002   1.2745E-001   2.4027E-001  -4.1177E-001  -1.4926E-002  -5.3474E-002  -1.4433E+000  -7.8186E-002  -7.2545E-002  -3.9165E-002  -6.9365E-002   1.6652E-001  -9.6354E-002   5.9124E-003  -2.9168E-002   2.0219E-002   4.7451E-001   2.3648E+000  
 5.7948E-001   1.8148E+000   1.9328E+000   1.3038E-001   1.1081E+000  -6.1197E-002   8.4646E-002   7.6466E-002   2.2719E-001  -3.2742E-001   2.2815E-002  -3.1731E-002  -1.4728E+000  -5.8571E-002  -3.8216E-002  -2.1063E-002  -4.4856E-002   1.3858E-001  -9.9495E-002  -2.3270E-003  -1.4653E-002   5.7786E-003   4.8787E-001   2.3426E+000  
 3.2397E-001   1.5117E+000   1.5830E+000   9.5500E-002   1.1203E+000   1.7487E-002   7.7197E-002   2.8194E-002   2.2458E-001  -2.3002E-001   5.4800E-002  -1.3683E-002  -1.4948E+000  -3.8763E-002  -1.2561E-002  -6.2744E-003  -1.5740E-002   1.0024E-001  -1.0283E-001  -5.5276E-003  -4.4734E-003  -1.2667E-002   4.9614E-001   2.2519E+000  
 1.8812E-001   1.1787E+000   1.1694E+000   8.3343E-002   1.0763E+000   8.0492E-002   7.6693E-002  -1.1928E-002   2.2635E-001  -1.1984E-001   6.5692E-002  -3.5035E-003  -1.5057E+000  -1.6531E-002   3.5038E-003  -5.5566E-003  -9.4862E-004   5.1660E-002  -1.0379E-001  -4.1431E-003   2.2130E-003  -1.8168E-002   4.9204E-001   2.1394E+000  
 2.0163E-001   8.2845E-001   7.2903E-001   8.9581E-002   9.9675E-001   1.0354E-001   7.6678E-002  -5.1869E-002   2.3069E-001  -3.2396E-003   7.1075E-002  -3.7329E-004  -1.5158E+000   5.1354E-003   8.6683E-003  -6.1537E-003   1.0181E-002   7.1346E-004  -1.0439E-001  -9.6156E-004   3.7779E-003  -2.4080E-002   4.8838E-001   2.0056E+000  
 3.7095E-001   4.6232E-001   2.8289E-001   1.1442E-001   8.9636E-001   7.9379E-002   7.8870E-002  -9.2963E-002   2.3448E-001   1.1932E-001   7.2063E-002  -3.8027E-003  -1.5259E+000   2.6520E-002   3.3351E-003  -6.1763E-003   1.4956E-002  -5.1384E-002  -1.0440E-001   2.2286E-003   1.0620E-003  -2.9105E-002   4.8572E-001   2.1475E+000  
 6.9200E-001   8.0188E-002  -1.4701E-001   1.5315E-001   7.8985E-001   1.4870E-002   8.5758E-002  -1.3679E-001   2.3471E-001   2.4808E-001   6.9187E-002  -1.2366E-002  -1.5334E+000   4.7892E-002  -1.2919E-002  -3.7460E-003   1.4165E-002  -1.0350E-001  -1.0269E-001   3.6967E-003  -6.5642E-003  -3.1865E-002   4.8360E-001   2.2511E+000  
 1.1476E+000  -3.0776E-001  -5.3451E-001   1.8500E-001   6.8793E-001  -6.7853E-002   1.0895E-001  -1.9185E-001   2.2616E-001   3.7810E-001   7.6475E-002  -2.1706E-002  -1.5257E+000   6.6294E-002  -3.8825E-002   1.3846E-002  -5.0135E-003  -1.4787E-001  -9.5946E-002   7.3144E-004  -1.7307E-002  -4.5762E-002   4.6929E-001   2.3125E+000  
 1.6998E+000  -7.0741E-001  -8.4538E-001   2.0716E-001   6.0736E-001  -1.3161E-001   1.4342E-001  -2.5352E-001   2.0618E-001   5.1195E-001   7.5668E-002  -3.0737E-002  -1.5045E+000   8.3825E-002  -7.3693E-002   3.5742E-002  -2.5420E-002  -1.8491E-001  -8.5247E-002  -6.9921E-003  -3.1931E-002  -5.3654E-002   4.5093E-001   2.3025E+000  
 2.4815E+000  -1.9265E+000  -1.2177E+000   2.0901E-001   5.5934E-001  -1.2691E-001   1.9231E-001  -3.2379E-001   1.6834E-001   6.5110E-001   6.0390E-002  -3.8060E-002  -1.4684E+000   9.9295E-002  -1.1640E-001   6.0768E-002  -4.2156E-002  -2.0915E-001  -6.9399E-002  -2.2513E-002  -5.1001E-002  -4.9609E-002   4.2918E-001   2.2079E+000  
 4.0053E+000  -6.8553E+000  -2.2115E+000   1.7253E-001   5.5386E-001   7.1437E-003   2.6105E-001  -4.0342E-001   1.0860E-001   7.9608E-001   2.7623E-002  -3.7015E-002  -1.4180E+000   1.0863E-001  -1.6358E-001   8.2366E-002  -5.4510E-002  -2.1601E-001  -4.5312E-002  -4.5571E-002  -7.5858E-002  -3.8569E-002   4.0870E-001   2.0601E+000  
 4.4574E+000  -6.8706E+000  -2.6213E+000   8.8392E-002   5.9103E-001   3.3397E-001   3.6470E-001  -4.9708E-001   1.6235E-002   9.5549E-001  -2.2234E-002  -2.8592E-002  -1.3612E+000   1.0836E-001  -2.0580E-001   9.5394E-002  -5.8246E-002  -1.9903E-001  -1.1220E-002  -7.7693E-002  -1.0609E-001  -2.1251E-002   3.9252E-001   1.9107E+000  
 1.8935E+000   7.6060E+000   1.0707E+000   6.2624E-002   4.1188E-001   3.1245E-001  -6.6562E-002   3.0713E-001   3.3370E-001  -6.7640E-001  -1.2578E-001  -5.7995E-002  -1.3703E+000  -7.0916E-002  -2.1443E-001  -7.0390E-002  -1.4191E-002   1.6469E-001  -8.7016E-002   1.0954E-001  -5.0389E-002  -7.0162E-003   4.1977E-001   1.8815E+000  
 1.3728E+000   8.1526E+000   1.4603E+000   1.6207E-001   6.7273E-001  -3.8979E-002  -1.6690E-002   2.3802E-001   2.4503E-001  -6.0754E-001  -6.2271E-002  -7.8146E-002  -1.4091E+000  -5.9250E-002  -1.7599E-001  -5.8247E-002  -4.5617E-002   1.9743E-001  -6.9919E-002   6.7630E-002  -3.6390E-002   2.9138E-003   4.3959E-001   2.0098E+000  
 1.4041E+000   2.0259E+000   2.0855E+000   1.8524E-001   8.5965E-001  -1.8152E-001   1.6285E-002   1.7581E-001   1.8513E-001  -5.3088E-001  -1.7769E-002  -7.3094E-002  -1.4497E+000  -4.8665E-002  -1.3119E-001  -3.6372E-002  -5.4715E-002   2.0045E-001  -6.0942E-002   3.7855E-002  -2.3876E-002   6.4674E-003   4.6213E-001   2.1239E+000  
 9.1895E-001   1.7381E+000   1.9149E+000   1.6248E-001   9.8587E-001  -1.9136E-001   3.2904E-002   1.1899E-001   1.4854E-001  -4.4308E-001   1.8098E-002  -5.6949E-002  -1.4824E+000  -3.8171E-002  -8.8752E-002  -1.2114E-002  -4.6934E-002   1.8178E-001  -5.7084E-002   1.8477E-002  -1.5100E-002   7.7801E-004   4.8307E-001   2.2034E+000  
 4.9623E-001   1.4276E+000   1.6250E+000   1.1976E-001   1.0577E+000  -1.3167E-001   3.6151E-002   6.8388E-002   1.2872E-001  -3.4442E-001   4.8669E-002  -3.7493E-002  -1.5020E+000  -2.8334E-002  -5.4330E-002   5.5555E-003  -2.9667E-002   1.4878E-001  -5.6058E-002   7.0706E-003  -8.4151E-003  -1.1170E-002   4.9536E-001   2.2133E+000  
 1.7102E-001   1.0949E+000   1.2501E+000   8.2216E-002   1.0810E+000  -5.2299E-002   3.7093E-002   2.6360E-002   1.1868E-001  -2.3523E-001   6.6125E-002  -2.0820E-002  -1.5076E+000  -1.7068E-002  -2.8282E-002   9.1621E-003  -1.5097E-002   1.0280E-001  -5.3892E-002   1.3833E-003  -3.0198E-003  -1.8206E-002   4.9303E-001   2.1431E+000  
-2.2181E-002   7.4537E-001   8.1984E-001   5.9965E-002   1.0675E+000   1.1051E-002   3.7637E-002  -1.2659E-002   1.1568E-001  -1.1960E-001   7.4832E-002  -1.0809E-002  -1.5093E+000  -6.0701E-003  -1.2079E-002   7.0098E-003  -3.0785E-003   5.1907E-002  -5.2834E-002  -6.9004E-004  -5.4621E-005  -2.1879E-002   4.8803E-001   2.0546E+000  
-5.8596E-002   3.8673E-001   3.6590E-001   5.7572E-002   1.0258E+000   3.4347E-002   3.7420E-002  -5.0994E-002   1.1539E-001  -6.4364E-004   7.7937E-002  -7.3457E-003  -1.5124E+000   5.0286E-003  -6.6690E-003   1.7833E-003   6.6162E-003   5.9957E-004  -5.2395E-002  -6.4746E-004   6.2722E-004  -2.5695E-002   4.8456E-001   1.9402E+000  
 6.8110E-002   2.0307E-002  -9.0591E-002   7.6505E-002   9.6439E-001   1.0418E-002   3.8220E-002  -8.9770E-002   1.1493E-001   1.2095E-001   7.6919E-002  -1.0438E-002  -1.5173E+000   1.5868E-002  -1.2140E-002  -3.2167E-003   1.3632E-002  -5.1120E-002  -5.1925E-002  -5.6543E-004  -1.1216E-003  -2.8572E-002   4.8410E-001   2.0625E+000  
 3.5351E-001  -3.5331E-001  -5.2938E-001   1.1323E-001   8.8940E-001  -5.3758E-002   4.2131E-002  -1.3025E-001   1.1072E-001   2.4484E-001   7.2632E-002  -1.9192E-002  -1.5228E+000   2.6087E-002  -2.8362E-002  -4.6939E-003   1.6435E-002  -1.0329E-001  -5.0678E-002  -2.4888E-003  -5.0147E-003  -2.9433E-002   4.8523E-001   2.1452E+000  
 7.7428E-001  -7.2754E-001  -9.2033E-001   1.5546E-001   8.0837E-001  -1.3565E-001   5.4404E-002  -1.7501E-001   9.9829E-002   3.6866E-001   6.6825E-002  -2.9975E-002  -1.5224E+000   3.5994E-002  -5.4304E-002   1.1528E-004   1.2602E-002  -1.5150E-001  -4.7782E-002  -7.8816E-003  -1.1066E-002  -3.1936E-002   4.8388E-001   2.2053E+000  
 1.3002E+000  -1.0999E+000  -1.2367E+000   1.8790E-001   7.2333E-001  -1.9830E-001   7.9969E-002  -2.3003E-001   7.6031E-002   4.8979E-001   6.1039E-002  -4.1306E-002  -1.5053E+000   4.3745E-002  -8.8604E-002   1.9380E-002   1.3647E-004  -1.8805E-001  -3.9409E-002  -1.8743E-002  -1.8116E-002  -3.7520E-002   4.6846E-001   2.1663E+000  
 1.8875E+000  -1.4738E+000  -1.4374E+000   2.0163E-001   6.4226E-001  -1.9137E-001   1.1707E-001  -2.9352E-001   3.4337E-002   6.0983E-001   4.2383E-002  -5.1477E-002  -1.4714E+000   5.0646E-002  -1.3142E-001   4.5728E-002  -1.0955E-002  -2.1238E-001  -2.6861E-002  -3.6758E-002  -2.7222E-002  -3.5375E-002   4.4541E-001   2.0497E+000  
 3.0468E+000  -7.9798E+000  -2.1519E+000   1.7745E-001   5.7117E-001  -5.3378E-002   1.7171E-001  -3.6484E-001  -3.0023E-002   7.2927E-001   6.3917E-003  -5.3133E-002  -1.4229E+000   5.3692E-002  -1.7843E-001   7.1307E-002  -2.1748E-002  -2.1863E-001  -7.4224E-003  -6.3770E-002  -4.1248E-002  -2.7794E-002   4.2210E-001   1.9085E+000  
 3.5311E+000  -7.4918E+000  -2.1490E+000   9.4569E-002   5.0798E-001   2.8296E-001   2.5531E-001  -4.4613E-001  -1.2703E-001   8.5353E-001  -4.6490E-002  -4.0973E-002  -1.3672E+000   5.0941E-002  -2.2143E-001   8.9286E-002  -3.5747E-002  -1.9925E-001   2.0808E-002  -1.0227E-001  -5.8136E-002  -1.9527E-002   4.0259E-001   1.7643E+000  
 2.6521E+000   7.5062E+000   1.6218E+000   8.6174E-002   5.1267E-001   2.6982E-001  -1.5809E-001   3.2227E-001   2.3998E-001  -7.7857E-001  -8.0866E-002  -5.0523E-002  -1.3879E+000  -9.9913E-003  -2.2790E-001  -6.8948E-002   9.4745E-003   1.9552E-001  -5.5603E-002   1.1425E-001   4.7856E-003  -1.3426E-002   4.1649E-001   1.6666E+000  
 2.1353E+000   8.0435E+000   1.8041E+000   1.7252E-001   6.6748E-001  -7.4971E-002  -9.2454E-002   2.4631E-001   1.4542E-001  -6.8005E-001  -2.3392E-002  -6.6695E-002  -1.4364E+000  -2.4166E-003  -1.8489E-001  -5.0804E-002  -1.2979E-002   2.1950E-001  -3.2253E-002   7.2756E-002   2.8019E-003  -1.2640E-002   4.3658E-001   1.7866E+000  
 1.5741E+000   1.6797E+000   1.7887E+000   1.9169E-001   7.9156E-001  -2.1559E-001  -4.9313E-002   1.7916E-001   8.1552E-002  -5.7958E-001   1.6079E-002  -6.3075E-002  -1.4799E+000   1.3977E-003  -1.3739E-001  -2.3648E-002  -2.2409E-002   2.1545E-001  -1.7769E-002   4.2089E-002   1.5962E-003  -1.5006E-002   4.6146E-001   1.9109E+000  
 1.0283E+000   1.3484E+000   1.5965E+000   1.6979E-001   8.8956E-001  -2.2414E-001  -2.2994E-002   1.1867E-001   4.0842E-002  -4.7346E-001   4.2772E-002  -4.9767E-002  -1.5103E+000   3.0247E-003  -9.4475E-002   2.5052E-003  -2.3786E-002   1.9198E-001  -9.4589E-003   2.2722E-002   1.2741E-003  -1.8993E-002   4.8369E-001   2.0274E+000  
 5.4596E-001   1.0051E+000   1.2878E+000   1.2933E-001   9.6091E-001  -1.6305E-001  -9.0265E-003   6.7691E-002   1.7721E-002  -3.6084E-001   6.0577E-002  -3.4392E-002  -1.5228E+000   3.9631E-003  -6.0025E-002   1.8014E-002  -2.1313E-002   1.5487E-001  -4.6699E-003   1.0972E-002   9.9120E-004  -2.2121E-002   4.9389E-001   2.0737E+000  
 1.6694E-001   6.5048E-001   9.0015E-001   8.7263E-002   1.0067E+000  -8.2422E-002  -2.7556E-003   2.5807E-002   6.0872E-003  -2.4233E-001   7.2019E-002  -2.0679E-002  -1.5199E+000   4.5619E-003  -3.3406E-002   2.0472E-002  -1.5831E-002   1.0478E-001  -2.1030E-003   3.6717E-003   6.0289E-004  -2.4442E-002   4.9015E-001   2.0212E+000  
-7.6177E-002   2.8756E-001   4.6131E-001   5.6422E-002   1.0312E+000  -1.8636E-002  -7.4038E-004  -1.3491E-002   1.3815E-003  -1.2146E-001   7.8415E-002  -1.1326E-002  -1.5147E+000   4.9289E-003  -1.7321E-002   1.6789E-002  -8.3248E-003   5.2556E-002  -9.2969E-004   7.8567E-004   1.2460E-004  -2.5899E-002   4.8533E-001   1.9570E+000  
-1.5912E-001  -7.6158E-002   2.0655E-003   4.5292E-002   1.0353E+000   5.0052E-003  -5.9240E-004  -5.1513E-002  -5.4008E-005  -7.8685E-004   8.0445E-002  -8.0811E-003  -1.5111E+000   5.1023E-003  -1.1913E-002   1.0348E-002   1.0131E-004   8.9090E-004  -4.5679E-004  -3.0362E-004  -4.0101E-004  -2.6400E-002   4.8307E-001   1.8623E+000  
-7.6471E-002  -4.4010E-001  -4.5720E-001   5.6386E-002   1.0196E+000  -1.8580E-002  -4.2700E-004  -8.9370E-002  -1.5092E-003   1.1931E-001   7.8448E-002  -1.1387E-002  -1.5097E+000   5.0697E-003  -1.7364E-002   3.8086E-003   8.5155E-003  -5.0463E-002   2.1523E-005  -1.3512E-003  -9.1894E-004  -2.5920E-002   4.8396E-001   1.9439E+000  
 1.6635E-001  -8.0370E-001  -8.9607E-001   8.7184E-002   9.8362E-001  -8.2316E-002   1.6368E-003  -1.2818E-001  -6.2721E-003   2.3848E-001   7.2086E-002  -2.0794E-002  -1.5100E+000   4.8410E-003  -3.3352E-002  -1.5943E-004   1.5992E-002  -1.0176E-001   1.2101E-003  -4.1083E-003  -1.3766E-003  -2.4481E-002   4.8742E-001   2.0044E+000  
 5.4511E-001  -1.1595E+000  -1.2838E+000   1.2920E-001   9.2658E-001  -1.6291E-001   7.9857E-003  -1.6925E-001  -1.7997E-002   3.5420E-001   6.0676E-002  -3.4549E-002  -1.5082E+000   4.3714E-003  -5.9605E-002   1.8447E-003   2.1432E-002  -1.5039E-001   3.8035E-003  -1.1166E-002  -1.7343E-003  -2.2169E-002   4.8989E-001   2.0509E+000  
 1.0272E+000  -1.5044E+000  -1.5926E+000   1.6961E-001   8.4442E-001  -2.2398E-001   2.2038E-002  -2.1902E-001  -4.1243E-002   4.6308E-001   4.2884E-002  -4.9961E-002  -1.4916E+000   3.5497E-003  -9.3339E-002   1.6686E-002   2.3880E-002  -1.8570E-001   8.6399E-003  -2.2535E-002  -1.9823E-003  -1.9027E-002   4.7871E-001   2.0007E+000  
 1.5728E+000  -1.8380E+000  -1.7849E+000   1.9144E-001   7.3613E-001  -2.1545E-001   4.8462E-002  -2.7786E-001  -8.2102E-002   5.6462E-001   1.6205E-002  -6.3288E-002  -1.4578E+000   2.0278E-003  -1.3510E-001   4.1956E-002   2.2473E-002  -2.0717E-001   1.7013E-002  -4.1326E-002  -2.2749E-003  -1.5039E-002   4.5585E-001   1.8744E+000  
 2.1365E+000  -8.4944E+000  -1.7994E+000   1.7221E-001   6.0256E-001  -7.4891E-002   9.1717E-002  -3.4294E-001  -1.4615E-001   6.5984E-001  -2.3244E-002  -6.6932E-002  -1.4116E+000  -1.6876E-003  -1.8105E-001   6.8074E-002   1.3034E-002  -2.0917E-001   3.1566E-002  -7.1147E-002  -3.4632E-003  -1.2656E-002   4.3052E-001   1.7481E+000  
 2.6531E+000  -7.8739E+000  -1.6180E+000   8.5852E-002   4.3903E-001   2.6977E-001   1.5750E-001  -4.1653E-001  -2.4092E-001   7.5272E-001  -8.0681E-002  -5.0816E-002  -1.3612E+000  -9.1566E-003  -2.2198E-001   8.5038E-002  -9.3786E-003  -1.8305E-001   5.4965E-002  -1.1158E-001  -5.4345E-003  -1.3415E-002   4.0996E-001   1.6249E+000  
 3.4780E+000   7.1461E+000   2.0870E+000   9.1360E-002   5.8100E-001   2.7121E-001  -2.5806E-001   3.5230E-001   1.1942E-001  -8.7870E-001  -4.5667E-002  -3.5697E-002  -1.3936E+000   5.3605E-002  -2.2696E-001  -7.3311E-002   3.6834E-002   2.1129E-001  -1.8068E-002   1.0464E-001   5.8317E-002  -1.9918E-002   4.0902E-001   1.8025E+000  
 2.9863E+000   7.5492E+000   2.0792E+000   1.7451E-001   6.3553E-001  -6.5303E-002  -1.7445E-001   2.6864E-001   2.3447E-002  -7.4885E-001   7.3207E-003  -4.7912E-002  -1.4474E+000   5.5684E-002  -1.8189E-001  -5.4193E-002   2.2622E-002   2.2854E-001   9.9182E-003   6.5231E-002   4.1238E-002  -2.8139E-002   4.2806E-001   1.9415E+000  
 1.8537E+000   1.3150E+000   1.4440E+000   1.9882E-001   6.9718E-001  -2.0331E-001  -1.1964E-001   1.9526E-001  -3.9885E-002  -6.2419E-001   4.3328E-002  -4.6181E-002  -1.4931E+000   5.2049E-002  -1.3339E-001  -2.7610E-002   1.1770E-002   2.2025E-001   2.8963E-002   3.7479E-002   2.6955E-002  -3.5710E-002   4.5091E-001   2.0784E+000  
 1.2659E+000   9.4328E-001   1.2428E+000   1.8525E-001   7.6802E-001  -2.1022E-001  -8.2297E-002   1.3011E-001  -8.0509E-002  -4.9957E-001   6.1943E-002  -3.5967E-002  -1.5237E+000   4.4648E-002  -8.9496E-002  -3.9168E-004   6.2163E-004   1.9392E-001   4.1031E-002   1.8927E-002   1.7612E-002  -3.7812E-002   4.7330E-001   2.1917E+000  
 7.3943E-001   5.7256E-001   9.2592E-001   1.5298E-001   8.4233E-001  -1.4751E-001  -5.6452E-002   7.3874E-002  -1.0321E-001  -3.7471E-001   6.7668E-002  -2.4675E-002  -1.5368E+000   3.6529E-002  -5.4558E-002   1.9548E-002  -1.1964E-002   1.5560E-001   4.8846E-002   7.7036E-003   1.0405E-002  -3.2166E-002   4.8777E-001   2.2309E+000  
 3.1824E-001   1.9945E-001   5.3449E-001   1.1083E-001   9.1218E-001  -6.5539E-002  -4.3907E-002   2.8309E-002  -1.1298E-001  -2.4812E-001   7.3511E-002  -1.3954E-002  -1.5326E+000   2.6375E-002  -2.8335E-002   2.4787E-002  -1.5929E-002   1.0595E-001   5.1093E-002   2.0767E-003   4.2596E-003  -2.9728E-002   4.8786E-001   2.1646E+000  
 3.2476E-002  -1.7351E-001   9.5212E-002   7.4117E-002   9.7569E-001  -1.2940E-003  -3.9710E-002  -1.2641E-002  -1.1610E-001  -1.2251E-001   7.7861E-002  -5.2624E-003  -1.5223E+000   1.6063E-002  -1.2095E-002   2.3562E-002  -1.3264E-002   5.2868E-002   5.1676E-002   1.4044E-005   3.3289E-004  -2.8954E-002   4.8538E-001   2.0771E+000  
-9.4547E-002  -5.3974E-001  -3.6179E-001   5.5163E-002   1.0256E+000   2.2701E-002  -3.8595E-002  -5.1558E-002  -1.1548E-001  -3.4200E-004   7.8926E-002  -2.2366E-003  -1.5124E+000   5.2844E-003  -6.7411E-003   1.8632E-002  -6.4259E-003   8.4043E-004   5.1484E-002   2.9821E-005  -1.4107E-003  -2.6126E-002   4.8449E-001   1.9496E+000  
-5.8397E-002  -8.9865E-001  -8.1627E-001   5.7495E-002   1.0558E+000  -5.4179E-004  -3.8464E-002  -8.9714E-002  -1.1474E-001   1.1805E-001   7.5848E-002  -5.7651E-003  -1.5043E+000  -5.5977E-003  -1.2265E-002   1.3293E-002   3.0718E-003  -5.0161E-002   5.1273E-002   7.1974E-005  -7.0821E-004  -2.2302E-002   4.8663E-001   2.0326E+000  
 1.3460E-001  -1.2489E+000  -1.2471E+000   7.9632E-002   1.0578E+000  -6.3858E-002  -3.7535E-002  -1.2822E-001  -1.1675E-001   2.3199E-001   6.7155E-002  -1.5827E-002  -1.4977E+000  -1.6231E-002  -2.8438E-002   1.0850E-002   1.4893E-002  -1.0015E-001   5.1700E-002  -1.9233E-003   2.2664E-003  -1.8578E-002   4.9032E-001   2.1176E+000  
 4.5968E-001  -1.5828E+000  -1.6226E+000   1.1700E-001   1.0233E+000  -1.4323E-001  -3.6170E-002  -1.6941E-001  -1.2586E-001   3.3843E-001   4.9720E-002  -3.2528E-002  -1.4876E+000  -2.6994E-002  -5.4186E-002   1.3999E-002   2.9259E-002  -1.4470E-001   5.3276E-002  -7.4266E-003   7.6322E-003  -1.1483E-002   4.9143E-001   2.1806E+000  
 8.8237E-001  -1.8951E+000  -1.9132E+000   1.5943E-001   9.4077E-001  -2.0294E-001  -3.2470E-002  -2.1875E-001  -1.4485E-001   4.3338E-001   1.9237E-002  -5.2022E-002  -1.4640E+000  -3.6231E-002  -8.7948E-002   3.0974E-002   4.6353E-002  -1.7593E-001   5.3847E-002  -1.8503E-002   1.4233E-002   4.2546E-004   4.7824E-001   2.1723E+000  
 1.3675E+000  -2.1851E+000  -2.0846E+000   1.8190E-001   8.0434E-001  -1.9316E-001  -1.5401E-002  -2.7390E-001  -1.8066E-001   5.1663E-001  -1.6564E-002  -6.8256E-002  -1.4280E+000  -4.6014E-002  -1.2929E-001   5.4360E-002   5.4033E-002  -1.9263E-001   5.7347E-002  -3.7358E-002   2.2837E-002   6.0836E-003   4.5666E-001   2.0891E+000  
 1.3143E+000  -8.5920E+000  -1.3838E+000   1.5849E-001   6.0799E-001  -5.0713E-002   1.7958E-002  -3.3403E-001  -2.3987E-001   5.8810E-001  -6.1045E-002  -7.3430E-002  -1.3847E+000  -5.5815E-002  -1.7258E-001   7.5244E-002   4.4856E-002  -1.8754E-001   6.6068E-002  -6.6391E-002   3.5140E-002   2.5422E-003   4.3365E-001   1.9717E+000  
 1.8421E+000  -7.9623E+000  -1.0051E+000   5.8753E-002   3.3847E-001   3.0064E-001   6.8132E-002  -4.0076E-001  -3.2794E-001   6.5140E-001  -1.2459E-001  -5.3330E-002  -1.3440E+000  -6.6600E-002  -2.0891E-001   8.6270E-002   1.3308E-002  -1.5267E-001   8.3039E-002  -1.0738E-001   4.8981E-002  -7.3796E-003   4.1333E-001   1.8379E+000  
 4.3544E+000   6.5524E+000   2.5076E+000   8.1744E-002   6.6266E-001   3.1048E-001  -3.6975E-001   4.0468E-001  -3.0220E-002  -9.7848E-001  -2.0313E-002  -1.8732E-002  -1.3864E+000   1.1426E-001  -2.1005E-001  -8.0005E-002   6.0082E-002   2.0989E-001   1.7252E-002   7.9157E-002   1.0711E-001  -2.1916E-002   3.9874E-001   1.9492E+000  
 3.8884E+000   6.4757E+000   2.0802E+000   1.6623E-001   6.1698E-001  -1.6436E-002  -2.6579E-001   3.0868E-001  -1.2088E-001  -8.1358E-001   2.9674E-002  -2.7027E-002  -1.4414E+000   1.1307E-001  -1.6591E-001  -6.5889E-002   5.6182E-002   2.2478E-001   5.0771E-002   4.6386E-002   7.6416E-002  -3.9250E-002   4.1439E-001   2.0923E+000  
 2.4036E+000   1.7289E+000   1.2000E+000   2.0303E-001   6.1316E-001  -1.5047E-001  -1.9658E-001   2.2702E-001  -1.7875E-001  -6.6351E-001   6.2417E-002  -2.7935E-002  -1.4892E+000   1.0251E-001  -1.1736E-001  -4.3321E-002   4.3689E-002   2.1582E-001   7.4150E-002   2.2845E-002   5.1067E-002  -5.0308E-002   4.3433E-001   2.2387E+000  
 1.6300E+000   5.4864E-001   8.5365E-001   2.0152E-001   6.5114E-001  -1.5510E-001  -1.4713E-001   1.5509E-001  -2.1460E-001  -5.1986E-001   7.7620E-002  -2.0521E-002  -1.5220E+000   8.5972E-002  -7.3789E-002  -1.7467E-002   2.6809E-002   1.8960E-001   8.9126E-002   6.9710E-003   3.1583E-002  -5.4308E-002   4.5536E-001   2.3288E+000  
 1.0770E+000   1.5068E-001   5.4170E-001   1.7971E-001   7.2115E-001  -9.1258E-002  -1.1202E-001   9.2165E-002  -2.3253E-001  -3.8234E-001   7.8341E-002  -1.1505E-002  -1.5393E+000   6.7584E-002  -3.8496E-002   5.0691E-003   6.1678E-003   1.5084E-001   9.8783E-002  -1.0082E-003   1.6691E-002  -4.6334E-002   4.7279E-001   2.3359E+000  
 6.2082E-001  -2.3612E-001   1.5314E-001   1.4813E-001   8.1210E-001  -8.4317E-003  -8.8172E-002   3.6250E-002  -2.3899E-001  -2.4959E-001   7.0995E-002  -2.2330E-003  -1.5428E+000   4.8583E-002  -1.2530E-002   2.3124E-002  -1.3355E-002   1.0512E-001   1.0435E-001  -4.1426E-003   5.8174E-003  -3.2417E-002   4.8603E-001   2.2703E+000  
 2.9934E-001  -6.1762E-001  -2.7779E-001   1.0947E-001   9.0729E-001   5.6170E-002  -8.0667E-002  -8.0344E-003  -2.3663E-001  -1.1913E-001   7.3959E-002   6.2533E-003  -1.5306E+000   2.6886E-002   3.5211E-003   2.5758E-002  -1.4449E-002   5.2122E-002   1.0478E-001  -2.7849E-003  -1.8325E-003  -2.9791E-002   4.8687E-001   2.1623E+000  
 1.2967E-001  -9.8360E-001  -7.2498E-001   8.4608E-002   9.9632E-001   8.0413E-002  -7.7824E-002  -4.9253E-002  -2.3074E-001   4.0047E-003   7.3033E-002   9.6040E-003  -1.5157E+000   5.4807E-003   8.5228E-003   2.5777E-002  -1.0023E-002  -2.7117E-004   1.0350E-001   3.2432E-004  -4.5085E-003  -2.4827E-002   4.8827E-001   2.0185E+000  
 1.1594E-001  -1.3341E+000  -1.1665E+000   7.8274E-002   1.0645E+000   5.7420E-002  -7.7156E-002  -8.8993E-002  -2.2434E-001   1.2006E-001   6.7679E-002   6.3993E-003  -1.5008E+000  -1.5900E-002   3.0344E-003   2.5064E-002   7.4264E-004  -5.0923E-002   1.0163E-001   3.4538E-003  -2.8866E-003  -1.8887E-002   4.9068E-001   2.1187E+000  
 2.5167E-001  -1.6679E+000  -1.5811E+000   9.0249E-002   1.0972E+000  -5.5584E-003  -7.6945E-002  -1.2859E-001  -2.2056E-001   2.2858E-001   5.6785E-002  -3.8359E-003  -1.4853E+000  -3.7546E-002  -1.3211E-002   2.5512E-002   1.5181E-002  -9.8635E-002   9.9431E-002   4.8256E-003   3.8263E-003  -1.3279E-002   4.9355E-001   2.2272E+000  
 5.0724E-001  -1.9723E+000  -1.9321E+000   1.2474E-001   1.0740E+000  -8.4257E-002  -8.3586E-002  -1.7592E-001  -2.2127E-001   3.2329E-001   2.4918E-002  -2.1928E-002  -1.4591E+000  -5.6512E-002  -3.8768E-002   3.9782E-002   4.3897E-002  -1.3563E-001   9.4995E-002   1.6954E-003   1.3949E-002   5.1424E-003   4.8428E-001   2.3132E+000  
 8.5750E-001  -2.2478E+000  -2.1955E+000   1.5975E-001   9.8440E-001  -1.4344E-001  -8.5216E-002  -2.2559E-001  -2.3256E-001   4.0401E-001  -1.2720E-002  -4.3744E-002  -1.4258E+000  -7.5044E-002  -7.2626E-002   5.7217E-002   6.8142E-002  -1.6186E-001   9.0922E-002  -6.3566E-003   2.8283E-002   1.9524E-002   4.7005E-001   2.3316E+000  
 1.0945E+000  -3.3005E+000  -2.1477E+000   1.7121E-001   8.1149E-001  -1.3230E-001  -7.6055E-002  -2.7867E-001  -2.5939E-001   4.6929E-001  -5.5493E-002  -6.1986E-002  -1.3875E+000  -9.2328E-002  -1.1193E-001   7.5755E-002   7.9181E-002  -1.6990E-001   8.8779E-002  -2.3669E-002   4.7795E-002   2.2034E-002   4.5081E-001   2.2642E+000  
 6.1138E-001  -8.0309E+000  -1.1263E+000   1.3264E-001   5.4183E-001   1.2176E-002  -5.2209E-002  -3.3532E-001  -3.0952E-001   5.1782E-001  -1.0778E-001  -6.8523E-002  -1.3497E+000  -1.0625E-001  -1.5157E-001   8.7227E-002   6.8048E-002  -1.5346E-001   8.9764E-002  -5.0285E-002   7.2597E-002   1.3144E-002   4.3066E-001   2.1415E+000  
 1.1097E+000  -7.7427E+000  -2.8791E-001   4.7424E-003   1.5418E-001   3.6823E-001  -1.5373E-002  -3.9878E-001  -3.8872E-001   5.5339E-001  -1.7897E-001  -4.4948E-002  -1.3243E+000  -1.1563E-001  -1.8192E-001   8.6079E-002   2.4422E-002  -1.0624E-001   9.6136E-002  -8.5603E-002   1.0154E-001  -6.2327E-003   4.1301E-001   2.0019E+000  
 5.2360E+000   5.0273E+000   2.7710E+000   9.0727E-002   7.6327E-001   3.4441E-001  -5.3467E-001   5.0458E-001  -2.0930E-001  -1.1095E+000   1.1752E-002  -2.1638E-002  -1.3959E+000   1.5402E-001  -1.6057E-001  -7.6611E-002   5.8481E-002   1.7192E-001   4.5005E-002   4.3891E-002   1.5886E-001  -1.8980E-002   3.9349E-001   2.0441E+000  
 4.7532E+000   4.7777E+000   1.6403E+000   1.4761E-001   6.5002E-001   4.9217E-002  -3.6868E-001   3.7083E-001  -2.8802E-001  -8.7312E-001   4.0938E-002  -1.1342E-002  -1.4211E+000   1.6380E-001  -1.3699E-001  -7.9268E-002   7.9227E-002   2.0883E-001   8.3314E-002   1.4403E-002   1.0650E-001  -3.9881E-002   3.9958E-001   2.2053E+000  
 4.2270E+000   4.1593E+000   1.0644E+000   1.9560E-001   5.7514E-001  -7.8582E-002  -2.8100E-001   2.7611E-001  -3.3469E-001  -6.9403E-001   7.1416E-002  -1.1763E-002  -1.4685E+000   1.4965E-001  -9.1490E-002  -6.4499E-002   7.1008E-002   2.0385E-001   1.1171E-001  -3.0900E-003   7.0033E-002  -5.7002E-002   4.1520E-001   2.3149E+000  
 2.0977E+000   1.9944E-001   4.3339E-001   2.0985E-001   5.6936E-001  -8.1076E-002  -2.1916E-001   1.9471E-001  -3.5987E-001  -5.3169E-001   8.6621E-002  -6.9813E-003  -1.5062E+000   1.2566E-001  -4.8092E-002  -4.3326E-002   5.3490E-002   1.7967E-001   1.3095E-001  -1.2271E-002   4.1247E-002  -6.4483E-002   4.3449E-001   2.4079E+000  
 1.5338E+000  -2.2639E-001   1.3823E-001   2.0053E-001   6.2236E-001  -1.6106E-002  -1.7481E-001   1.2400E-001  -3.6936E-001  -3.8212E-001   8.6994E-002   7.2543E-004  -1.5286E+000   9.7938E-002  -1.2810E-002  -1.8843E-002   2.7712E-002   1.4291E-001   1.4259E-001  -1.5695E-002   1.8812E-002  -5.9719E-002   4.5398E-001   2.3826E+000  
 1.0578E+000  -6.2998E-001  -2.3368E-001   1.7834E-001   7.1697E-001   6.7032E-002  -1.4418E-001   6.1124E-002  -3.6721E-001  -2.4144E-001   7.8342E-002   9.9531E-003  -1.5377E+000   6.8181E-002   1.2803E-002   2.8561E-003   4.6957E-003   9.8927E-002   1.4972E-001  -1.3405E-002   2.1279E-003  -4.5942E-002   4.7206E-001   2.3359E+000  
 7.0131E-001  -1.0145E+000  -6.5110E-001   1.5027E-001   8.3329E-001   1.3144E-001  -1.2638E-001   5.3635E-003  -3.5808E-001  -1.0838E-001   6.8197E-002   1.9567E-002  -1.5333E+000   3.7667E-002   2.8604E-002   2.1215E-002  -9.0727E-003   4.9432E-002   1.5384E-001  -7.8000E-003  -8.2439E-003  -3.1890E-002   4.8597E-001   2.2401E+000  
 4.8958E-001  -1.3769E+000  -1.0800E+000   1.2514E-001   9.4648E-001   1.5502E-001  -1.1979E-001  -4.2233E-002  -3.4359E-001   1.5893E-002   6.2036E-002   2.5577E-002  -1.5170E+000   5.5541E-003   3.3706E-002   3.0754E-002  -7.4443E-003  -3.1584E-003   1.5278E-001   5.5768E-004  -1.2648E-002  -2.2540E-002   4.9114E-001   2.0643E+000  
 4.2216E-001  -1.7148E+000  -1.4999E+000   1.1409E-001   1.0373E+000   1.3144E-001  -1.1898E-001  -8.7405E-002  -3.2752E-001   1.2963E-001   5.1033E-002   2.5032E-002  -1.4940E+000  -2.6383E-002   2.7531E-002   3.9208E-002   4.3237E-003  -5.3282E-002   1.4658E-001   8.9219E-003  -9.3176E-003  -1.2231E-002   4.9217E-001   2.2011E+000  
 4.8829E-001  -2.0237E+000  -1.8854E+000   1.2322E-001   1.0814E+000   6.8396E-002  -1.2455E-001  -1.3553E-001  -3.1170E-001   2.3004E-001   2.5768E-002   1.5935E-002  -1.4624E+000  -5.6346E-002   1.0987E-002   5.4323E-002   2.9566E-002  -9.5352E-002   1.3654E-001   1.4547E-002   1.2527E-004   4.5702E-003   4.8469E-001   2.3184E+000  
 6.6861E-001  -2.2968E+000  -2.2055E+000   1.4571E-001   1.0579E+000  -1.0012E-002  -1.3270E-001  -1.8486E-001  -3.0142E-001   3.1404E-001  -9.8235E-003  -2.1815E-003  -1.4242E+000  -8.5190E-002  -1.4564E-002   7.0806E-002   6.0197E-002  -1.2681E-001   1.2625E-001   1.6791E-002   1.6154E-002   2.2970E-002   4.7261E-001   2.3883E+000  
 9.3437E-001  -2.5294E+000  -2.4306E+000   1.6410E-001   9.4628E-001  -6.8620E-002  -1.3710E-001  -2.3486E-001  -3.0036E-001   3.7906E-001  -5.1465E-002  -2.5239E-002  -1.3831E+000  -1.1150E-001  -4.8369E-002   8.7988E-002   8.7876E-002  -1.4530E-001   1.1571E-001   1.3168E-002   3.8485E-002   3.3875E-002   4.5782E-001   2.4395E+000  
-3.3970E-001  -6.4322E+000  -1.7840E+000   1.5365E-001   7.2139E-001  -5.6774E-002  -1.3322E-001  -2.8760E-001  -3.1582E-001   4.2538E-001  -1.0024E-001  -4.5384E-002  -1.3437E+000  -1.3310E-001  -8.6368E-002   9.7088E-002   9.5319E-002  -1.4216E-001   1.0396E-001   2.5784E-003   6.8688E-002   3.0457E-002   4.4065E-001   2.3675E+000  
 8.7437E-002  -6.6540E+000  -1.1891E+000   8.1055E-002   3.5944E-001   9.1234E-002  -1.2030E-001  -3.4476E-001  -3.5386E-001   4.5452E-001  -1.6283E-001  -4.9932E-002  -1.3185E+000  -1.4569E-001  -1.1959E-001   9.3812E-002   7.4344E-002  -1.0896E-001   9.3804E-002  -1.8586E-002   1.0691E-001   1.2844E-002   4.2439E-001   2.2663E+000  
 4.6843E-001  -6.4080E+000   4.4011E-001  -1.3226E-001  -2.0786E-001   4.7882E-001  -1.4411E-001  -4.3350E-001  -4.1831E-001   5.0524E-001  -2.6679E-001  -2.2959E-003  -1.3491E+000  -1.3724E-001  -1.2062E-001   6.6169E-002  -2.3484E-003  -2.0936E-002   8.9241E-002  -5.2773E-002   1.5993E-001  -1.1066E-002   4.1536E-001   2.1162E+000  
 4.6209E+000   2.0190E+000   4.0058E+000  -9.6214E-001   2.3273E+000   1.1489E+000   2.3945E-001   5.4974E-002  -4.3436E-001  -2.1686E-001  -2.4037E-002   2.8168E-001  -8.0154E-001   4.0383E-001  -5.3561E-001  -1.2890E-002   1.7283E-002   4.5027E-001   9.8520E-002  -9.5609E-002   1.0105E-001  -2.7014E-002   3.4457E-001   1.7631E+000  
 5.5225E+000   2.1615E+000   1.7839E+000   1.1334E-001   7.6695E-001   9.8633E-002  -4.8872E-001   4.5982E-001  -4.8341E-001  -9.2712E-001   4.0720E-002  -5.4842E-004  -1.3915E+000   2.0410E-001  -9.8762E-002  -8.8835E-002   9.1546E-002   1.8165E-001   1.0385E-001  -2.9174E-002   1.2918E-001  -3.2078E-002   3.8616E-001   2.2184E+000  
 4.9816E+000   1.8697E+000   4.9402E-001   1.7235E-001   6.1180E-001  -2.3282E-002  -3.7750E-001   3.4616E-001  -5.1151E-001  -7.1638E-001   6.9362E-002  -6.5784E-004  -1.4362E+000   1.8961E-001  -5.5126E-002  -8.2701E-002   8.9910E-002   1.8182E-001   1.3791E-001  -3.9193E-002   8.3313E-002  -5.1582E-002   3.9855E-001   2.3222E+000  
 4.3302E+000   1.0497E+000  -1.3472E+000   2.0250E-001   5.4789E-001  -2.3915E-002  -3.0056E-001   2.5162E-001  -5.2064E-001  -5.3329E-001   8.5268E-002   3.0700E-003  -1.4765E+000   1.6162E-001  -1.2627E-002  -6.6394E-002   7.4812E-002   1.6243E-001   1.6208E-001  -4.0576E-002   4.4770E-002  -6.3656E-002   4.1485E-001   2.3590E+000  
 2.0782E+000  -5.2719E-001  -2.8756E-001   2.0831E-001   5.6570E-001   4.1238E-002  -2.4550E-001   1.6994E-001  -5.1522E-001  -3.6946E-001   8.6139E-002   1.0788E-002  -1.5047E+000   1.2629E-001   2.2268E-002  -4.4885E-002   5.2161E-002   1.3026E-001   1.7830E-001  -3.5950E-002   1.3981E-002  -6.4022E-002   4.3416E-001   2.4023E+000  
 1.5913E+000  -9.4772E-001  -6.3175E-001   1.9857E-001   6.4334E-001   1.2377E-001  -2.0729E-001   9.7547E-002  -5.0042E-001  -2.2106E-001   7.7281E-002   2.1303E-002  -1.5189E+000   8.7216E-002   4.7100E-002  -1.8068E-002   2.7331E-002   8.8364E-002   1.8738E-001  -2.6571E-002  -7.4506E-003  -5.3517E-002   4.5414E-001   2.3319E+000  
 1.2083E+000  -1.3373E+000  -1.0221E+000   1.8093E-001   7.5555E-001   1.8764E-001  -1.8285E-001   3.2367E-002  -4.7807E-001  -8.4041E-002   6.2415E-002   3.3059E-002  -1.5189E+000   4.6424E-002   6.1952E-002   8.2495E-003   1.1047E-002   4.0848E-002   1.9094E-001  -1.3875E-002  -2.1191E-002  -3.7280E-002   4.7114E-001   2.1767E+000  
 9.5251E-001  -1.6918E+000  -1.4239E+000   1.6391E-001   8.7186E-001   2.1023E-001  -1.7083E-001  -2.7109E-002  -4.5092E-001   3.9869E-002   4.4563E-002   4.2942E-002  -1.5035E+000   5.2955E-003   6.6204E-002   3.2682E-002   8.2207E-003  -8.6173E-003   1.8847E-001   6.9190E-004  -2.6110E-002  -1.9324E-002   4.8069E-001   2.0222E+000  
 8.2560E-001  -2.0112E+000  -1.8114E+000   1.5495E-001   9.6246E-001   1.8587E-001  -1.6942E-001  -8.2988E-002  -4.2055E-001   1.4954E-001   2.1284E-002   4.6290E-002  -1.4736E+000  -3.5450E-002   5.9867E-002   5.5761E-002   2.2015E-002  -5.4903E-002   1.7803E-001   1.5281E-002  -2.2335E-002  -4.7467E-004   4.7959E-001   2.1730E+000  
 8.1924E-001  -2.2926E+000  -2.1604E+000   1.5664E-001   9.9945E-001   1.2284E-001  -1.7496E-001  -1.3692E-001  -3.9021E-001   2.4243E-001  -1.0750E-002   3.9393E-002  -1.4324E+000  -7.5015E-002   4.3321E-002   7.8037E-002   4.7503E-002  -9.2720E-002   1.6271E-001   2.8071E-002  -9.5201E-003   1.8484E-002   4.7094E-001   2.3450E+000  
 9.1500E-001  -2.5270E+000  -2.4380E+000   1.6249E-001   9.5403E-001   4.4330E-002  -1.8295E-001  -1.8958E-001  -3.6403E-001   3.1428E-001  -5.0192E-002   2.2502E-002  -1.3864E+000  -1.1175E-001   1.7706E-002   9.8020E-002   7.7564E-002  -1.1808E-001   1.4430E-001   3.7755E-002   1.1404E-002   3.3267E-002   4.5839E-001   2.4389E+000  
-7.1997E-001  -3.9148E+000  -3.6103E+000   1.5476E-001   7.9675E-001  -1.4107E-002  -1.8979E-001  -2.4257E-001  -3.4873E-001   3.6527E-001  -9.8063E-002  -5.2522E-004  -1.3426E+000  -1.4237E-001  -1.6134E-002   1.0737E-001   9.7181E-002  -1.2474E-001   1.2157E-001   4.3123E-002   4.3205E-002   3.6109E-002   4.4416E-001   2.4140E+000  
-5.3048E-001  -4.3421E+000  -1.9535E+000   1.0777E-001   4.9452E-001  -1.5192E-003  -1.9113E-001  -2.9735E-001  -3.4907E-001   3.9360E-001  -1.5481E-001  -2.1040E-002  -1.3103E+000  -1.6310E-001  -5.2531E-002   1.0513E-001   9.5832E-002  -1.0688E-001   9.6737E-002   4.1099E-002   8.4945E-002   2.4732E-002   4.2997E-001   2.3938E+000  
-2.4183E-001  -4.1145E+000  -5.1024E-001  -1.3709E-002   1.4759E-002   1.4845E-001  -1.8890E-001  -3.5823E-001  -3.7233E-001   4.0215E-001  -2.2875E-001  -2.4935E-002  -1.3041E+000  -1.7057E-001  -8.3121E-002   8.6124E-002   6.2627E-002  -5.7496E-002   7.2514E-002   2.8137E-002   1.3319E-001   3.3618E-003   4.1708E-001   2.3186E+000  
 1.1996E+000  -3.5045E+000   2.0467E+000   5.4307E-001   4.3464E-001  -1.1777E-001   5.3271E-001   1.4531E-002  -4.3167E-001  -4.3674E-001  -3.7766E-001  -2.1766E-001  -8.8983E-001  -3.4085E-001  -4.5857E-001  -5.8870E-002  -1.3495E-001  -2.3590E-001   8.8557E-002   8.9134E-002   1.1229E-001  -9.6984E-003   3.5968E-001   1.8400E+000  
 4.9727E+000  -6.3824E-003  -1.8892E+000   1.7105E-001   6.0819E-001  -3.1636E-002  -3.9506E-001   3.3073E-001  -7.0088E-001  -5.1981E-001   6.8884E-002   8.8234E-003  -1.4352E+000   1.8998E-001   2.9651E-002  -8.1266E-002   9.0869E-002   1.3694E-001   1.7951E-001  -7.6675E-002   4.1317E-002  -5.1152E-002   3.9906E-001   2.3268E+000  
 4.1881E+000  -8.6576E-001  -4.1713E+000   1.9250E-001   5.6810E-001   3.1707E-002  -3.2705E-001   2.3356E-001  -6.7403E-001  -3.4059E-001   7.0541E-002   1.7311E-002  -1.4659E+000   1.5073E-001   6.4990E-002  -6.2236E-002   7.3231E-002   1.0970E-001   2.0069E-001  -6.2513E-002   2.3932E-003  -5.6345E-002   4.1528E-001   2.3088E+000  
 2.3412E+000  -1.2369E+000  -1.8652E+000   1.9817E-001   6.0227E-001   1.1246E-001  -2.7951E-001   1.4862E-001  -6.4006E-001  -1.8227E-001   6.1739E-002   3.0349E-002  -1.4847E+000   1.0428E-001   8.9264E-002  -3.4996E-002   5.3076E-002   7.2179E-002   2.1182E-001  -4.4422E-002  -2.6135E-002  -4.9772E-002   4.3330E-001   2.2292E+000  
 1.7764E+000  -1.5453E+000  -1.3944E+000   1.9244E-001   6.8183E-001   1.7451E-001  -2.4828E-001   7.1287E-002  -5.9833E-001  -4.1263E-002   4.3802E-002   4.4851E-002  -1.4870E+000   5.4355E-002   1.0377E-001  -3.2629E-003   3.8133E-002   2.7704E-002   2.1542E-001  -2.2318E-002  -4.2750E-002  -3.5526E-002   4.4870E-001   2.0730E+000  
 1.4787E+000  -1.8909E+000  -1.7561E+000   1.8389E-001   7.7130E-001   1.9604E-001  -2.3143E-001   8.3225E-004  -5.5228E-001   8.1966E-002   1.8203E-002   5.7873E-002  -1.4720E+000   4.2506E-003   1.0673E-001   3.0715E-002   3.4190E-002  -1.7851E-002   2.1011E-001   5.6251E-004  -4.8306E-002  -1.5330E-002   4.5845E-001   1.8901E+000  
 1.2911E+000  -2.1889E+000  -2.1003E+000   1.7582E-001   8.3388E-001   1.7095E-001  -2.2619E-001  -6.4713E-002  -5.0337E-001   1.8673E-001  -1.3913E-002   6.4099E-002  -1.4401E+000  -4.5251E-002   9.9668E-002   6.2693E-002   4.6044E-002  -5.9579E-002   1.9464E-001   2.3509E-002  -4.4555E-002   5.4500E-003   4.5865E-001   2.1051E+000  
 1.0225E+000  -2.3347E+000  -3.1862E+000   1.6644E-001   8.3452E-001   1.0696E-001  -2.2934E-001  -1.2692E-001  -4.5474E-001   2.7078E-001  -5.2501E-002   5.9130E-002  -1.3970E+000  -9.2787E-002   8.1025E-002   8.8029E-002   6.6549E-002  -9.2108E-002   1.7046E-001   4.6510E-002  -2.9669E-002   2.1071E-002   4.5257E-001   2.2717E+000  
-4.4976E-001  -2.4372E+000  -5.7749E+000   1.5012E-001   7.3708E-001   2.8058E-002  -2.3653E-001  -1.8534E-001  -4.0937E-001   3.3141E-001  -9.7783E-002   4.4044E-002  -1.3503E+000  -1.3406E-001   5.4007E-002   1.0423E-001   8.7043E-002  -1.0821E-001   1.4051E-001   6.6347E-002  -1.2641E-003   2.9485E-002   4.4228E-001   2.3716E+000  
-5.9233E-001  -2.9544E+000  -3.7755E+000   1.0560E-001   5.0233E-001  -3.1129E-002  -2.4491E-001  -2.4424E-001  -3.7605E-001   3.6745E-001  -1.5352E-001   2.1116E-002  -1.3139E+000  -1.6384E-001   1.8075E-002   1.0477E-001   9.5072E-002  -1.0228E-001   1.0248E-001   8.3000E-002   3.9700E-002   2.4107E-002   4.3111E-001   2.4017E+000  
 5.4724E+000  -2.0208E+000  -2.6781E+000   1.0934E-001   7.6056E-001  -1.6010E-001  -5.0822E-001   4.4293E-001  -9.0850E-001  -4.8718E-001   3.9029E-002   9.8066E-003  -1.3888E+000   2.0452E-001   7.2095E-002  -8.4368E-002   9.7774E-002   1.0100E-001   1.7715E-001  -1.2075E-001   2.8221E-002  -3.2695E-002   3.8790E-001   2.2200E+000  
 4.7032E+000  -2.2765E+000  -4.4075E+000   1.4281E-001   6.3969E-001  -1.0256E-001  -4.2205E-001   3.2267E-001  -8.4987E-001  -2.9037E-001   3.9710E-002   1.7994E-002  -1.4176E+000   1.6468E-001   1.0896E-001  -7.0851E-002   8.7884E-002   7.9111E-002   2.0343E-001  -9.7597E-002  -1.8326E-002  -3.9602E-002   4.0034E-001   2.1750E+000  
 3.7956E+000  -1.8826E+000  -6.8452E+000   1.5969E-001   6.0337E-001  -2.7723E-002  -3.6138E-001   2.1932E-001  -7.8615E-001  -1.2128E-001   2.8985E-002   3.0709E-002  -1.4357E+000   1.1503E-001   1.3598E-001  -4.7625E-002   7.5352E-002   4.6976E-002   2.1906E-001  -6.8481E-002  -5.2977E-002  -3.8856E-002   4.1370E-001   2.0759E+000  
 2.8395E+000  -1.8938E+000  -8.1373E+000   1.6608E-001   6.1772E-001   3.0817E-002  -3.2192E-001   1.2784E-001  -7.1890E-001   2.4546E-002   7.9576E-003   4.7848E-002  -1.4401E+000   5.8362E-002   1.4972E-001  -1.4553E-002   6.4119E-002   7.1709E-003   2.2182E-001  -3.5835E-002  -7.4008E-002  -2.8362E-002   4.2577E-001   1.9279E+000  
 1.9251E+000  -1.8008E+000  -8.4624E+000   1.6258E-001   6.4512E-001   5.0254E-002  -2.9869E-001   4.5972E-002  -6.4847E-001   1.4766E-001  -2.0981E-002   6.2716E-002  -1.4276E+000   9.1799E-004   1.5114E-001   2.0620E-002   6.0760E-002  -3.3398E-002   2.1218E-001  -5.8676E-004  -8.2807E-002  -1.3116E-002   4.3341E-001   1.7680E+000  
 1.1054E+000  -1.6589E+000  -8.6389E+000   1.5053E-001   6.4516E-001   2.3768E-002  -2.8837E-001  -2.9445E-002  -5.7558E-001   2.4779E-001  -5.7903E-002   7.0389E-002  -1.3989E+000  -5.5300E-002   1.4133E-001   5.2778E-002   6.7260E-002  -6.9264E-002   1.8949E-001   3.5272E-002  -7.7747E-002   2.1713E-003   4.3609E-001   1.9860E+000  
 4.2424E-001  -1.4846E+000  -7.7762E+000   1.2569E-001   5.7263E-001  -4.1911E-002  -2.8774E-001  -1.0134E-001  -5.0368E-001   3.2295E-001  -1.0412E-001   6.6657E-002  -1.3616E+000  -1.0738E-001   1.1903E-001   7.5706E-002   7.8401E-002  -9.4152E-002   1.5387E-001   7.0373E-002  -5.9855E-002   1.2140E-002   4.3329E-001   2.1466E+000  
-6.5021E-002  -8.0173E-001  -5.6763E+000   7.5165E-002   3.8250E-001  -1.2423E-001  -2.9527E-001  -1.7113E-001  -4.3922E-001   3.7184E-001  -1.5944E-001   4.9524E-002  -1.3284E+000  -1.4733E-001   8.4923E-002   8.2045E-002   8.4126E-002  -9.9270E-002   1.0626E-001   1.0368E-001  -2.5563E-002   1.1947E-002   4.2724E-001   2.2534E+000  
-3.1933E-001  -6.1127E-001  -4.0959E+000  -1.7438E-002   3.0565E-002  -1.8563E-001  -3.0627E-001  -2.4079E-001  -3.8503E-001   3.9264E-001  -2.2574E-001   2.5700E-002  -1.3103E+000  -1.7270E-001   4.5487E-002   7.1200E-002   7.7136E-002  -8.0275E-002   5.1752E-002   1.2995E-001   2.3904E-002   3.4100E-003   4.2008E-001   2.3259E+000  
 4.6425E+000  -3.6603E+000  -2.5191E+000  -9.3394E-001   2.1856E+000  -1.1854E+000  -1.2761E-001  -2.6290E-001  -2.9816E-001  -4.7600E-001  -3.0713E-002  -2.7493E-001  -8.1577E-001   3.4119E-001   4.6391E-001  -1.8226E-002   2.4695E-002   8.7532E-002   4.3914E-001  -1.3141E-001   8.9599E-002  -2.8808E-002   3.4250E-001   1.7465E+000  
 5.1405E+000  -2.3541E+000  -4.3317E+000   8.2685E-002   7.4872E-001  -4.0894E-001  -5.5681E-001   4.8764E-001  -1.0828E+000  -2.1485E-001   1.0323E-002   2.5975E-002  -1.3920E+000   1.4760E-001   1.3274E-001  -5.0538E-002   8.5143E-002   3.5567E-002   1.6479E-001  -1.5376E-001  -4.7126E-002  -1.7976E-002   3.9478E-001   2.0305E+000  
 4.2674E+000  -2.5215E+000  -6.6397E+000   7.3677E-002   6.4644E-001  -3.6010E-001  -4.5761E-001   3.2539E-001  -9.4712E-001  -2.7350E-002  -2.0221E-002   2.3310E-002  -1.3799E+000   1.1601E-001   1.7779E-001  -5.1699E-002   8.8764E-002   1.1512E-002   2.0243E-001  -9.8065E-002  -8.8651E-002  -2.1365E-002   3.9775E-001   1.9165E+000  
 3.3336E+000  -2.1112E+000  -7.7657E+000   8.0619E-002   5.6125E-001  -3.1104E-001  -4.0548E-001   2.1320E-001  -8.4440E-001   1.2309E-001  -4.4666E-002   3.6110E-002  -1.3853E+000   5.6360E-002   1.9185E-001  -2.9694E-002   8.2519E-002  -2.2600E-002   2.0326E-001  -5.2029E-002  -1.1672E-001  -2.0361E-002   4.0619E-001   1.7671E+000  
 2.4344E+000  -1.5736E+000  -8.1368E+000   7.3830E-002   4.8889E-001  -2.9930E-001  -3.7435E-001   1.1375E-001  -7.4244E-001   2.4421E-001  -7.8272E-002   4.7124E-002  -1.3779E+000  -6.5115E-003   1.9077E-001  -2.8020E-003   7.8216E-002  -5.8050E-002   1.8707E-001  -2.5722E-003  -1.2776E-001  -1.4128E-002   4.1277E-001   1.6323E+000  
 1.6088E+000  -9.6395E-001  -8.1159E+000   4.8559E-002   3.8293E-001  -3.3185E-001  -3.5724E-001   2.2951E-002  -6.4019E-001   3.3796E-001  -1.2140E-001   5.0961E-002  -1.3597E+000  -6.6709E-002   1.7593E-001   2.0336E-002   7.8526E-002  -8.7128E-002   1.5509E-001   4.8335E-002  -1.2314E-001  -7.9933E-003   4.1576E-001   1.8376E+000  
 8.8502E-001  -3.3656E-001  -7.2910E+000  -5.4430E-003   1.9174E-001  -4.0238E-001  -3.5366E-001  -6.3129E-002  -5.4106E-001   4.0434E-001  -1.7580E-001   4.3054E-002  -1.3389E+000  -1.1772E-001   1.4728E-001   3.0229E-002   7.7145E-002  -1.0158E-001   1.0616E-001   9.8507E-002  -9.8828E-002  -7.8067E-003   4.1573E-001   2.0049E+000  
 3.1835E-001  -1.4211E-001  -5.1620E+000  -1.4362E-001  -1.8292E-001  -5.1484E-001  -3.8865E-001  -1.9536E-001  -4.9598E-001   4.4344E-001  -2.6429E-001   2.1492E-003  -1.3649E+000  -1.3383E-001   8.2086E-002   2.6145E-003   5.6530E-002  -9.4048E-002   1.5419E-002   1.6127E-001  -6.1402E-002  -1.2523E-002   4.1914E-001   2.1257E+000  
 1.0233E+000   1.5484E+000  -3.5025E+000   5.1574E-001   3.3642E-001   6.2873E-002   4.6025E-002   4.7325E-001   3.5831E-001   5.0492E-001  -3.6729E-001   2.2503E-001  -9.1251E-001  -2.7989E-001   3.7840E-001  -1.1928E-001  -6.3725E-002  -9.2804E-002   2.2502E-001   1.4846E-001   7.9999E-002  -8.0226E-003   3.6197E-001   1.8080E+000  
