 3.0466E+000   1.5976E+000   6.5088E-001  -2.3294E-001   1.9761E+000  -1.1195E+000  -4.2049E-002  -1.1772E-001  -2.6469E-001   4.8066E-003  -2.2460E-001  -2.2669E-002  -1.9306E-001   3.2474E-002  -5.6246E-002   8.4125E-002   5.0857E-002  -6.9785E-003   1.1016E-001  -1.1102E-002   1.0658E-002  -1.7748E-002   2.7098E-002   1.6884E-001  
 3.0198E+000   1.7165E+000   5.5383E-001  -2.6646E-002   2.4715E+000  -9.8935E-001  -5.4929E-002  -1.8257E-001  -2.6768E-001  -9.9959E-002  -1.4128E-001   2.2233E-002  -1.1904E-001   6.4546E-003  -2.4501E-002   3.0949E-002   1.3799E-002   2.0899E-002   7.8013E-002  -2.3220E-003   8.6068E-003  -1.4052E-002   3.4801E-002   1.9783E-001  
 2.9007E+000   1.9302E+000   4.4935E-001   4.5458E-002   2.7097E+000  -9.0783E-001  -2.9202E-002  -1.7488E-001  -1.8460E-001  -1.7189E-001  -1.0909E-001   4.3701E-002  -1.0792E-001  -1.1330E-003  -1.6604E-002   1.6020E-002   5.5077E-003   3.6460E-002   5.1510E-002   1.4106E-003   6.6265E-003  -1.2934E-002   3.3225E-002   1.8562E-001  
 2.8234E+000   2.0663E+000   2.5416E-001   8.0609E-002   2.8436E+000  -8.4877E-001  -5.8522E-003  -1.6564E-001  -8.8654E-002  -2.1200E-001  -9.2302E-002   5.4546E-002  -1.1350E-001  -6.2246E-003  -1.2658E-002   9.9942E-003   2.9157E-003   4.6372E-002   2.8945E-002   3.9568E-003   5.1159E-003  -1.2565E-002   3.0836E-002   1.6674E-001  
 2.8086E+000   2.1252E+000   7.5166E-003   9.4526E-002   2.9267E+000  -8.2671E-001   1.4370E-002  -1.6479E-001   9.0832E-003  -2.2506E-001  -8.5627E-002   5.8456E-002  -1.2430E-001  -8.8205E-003  -8.0078E-003   8.2167E-003   1.9410E-003   4.9659E-002   6.6693E-003   4.8747E-003   2.2041E-003  -1.2583E-002   2.8176E-002   1.6582E-001  
 2.8590E+000   2.1055E+000  -2.4927E-001   9.0007E-002   3.0081E+000  -8.4840E-001   3.5241E-002  -1.7222E-001   1.0759E-001  -2.1176E-001  -8.8486E-002   5.5131E-002  -1.3543E-001  -9.2885E-003  -3.1575E-003   1.0122E-002   8.0855E-004   4.6965E-002  -1.5125E-002   3.9486E-003  -8.1913E-004  -1.2685E-002   2.5561E-002   1.5404E-001  
 2.9705E+000   1.9991E+000  -4.8505E-001   6.4792E-002   3.1366E+000  -9.0694E-001   6.0840E-002  -1.8869E-001   2.0599E-001  -1.7071E-001  -1.0123E-001   4.5322E-002  -1.4224E-001  -7.6003E-003   1.3658E-003   1.5461E-002  -1.9276E-003   3.8280E-002  -3.6262E-002   1.6083E-003  -2.9392E-003  -1.2859E-002   2.3428E-002   1.4957E-001  
 3.1290E+000   1.7797E+000  -6.4678E-001   1.3771E-002   3.3566E+000  -9.7928E-001   9.5543E-002  -2.1590E-001   3.0223E-001  -1.0003E-001  -1.2446E-001   3.1671E-002  -1.4067E-001  -3.9896E-003   4.2566E-003   2.3993E-002  -7.7301E-003   2.3297E-002  -5.5508E-002  -1.0299E-003  -3.3541E-003  -1.3263E-002   2.2617E-002   1.5610E-001  
 3.2419E+000   1.5823E+000  -7.2859E-001  -1.4855E-001   3.7812E+000  -1.0675E+000   1.0608E-001  -1.8669E-001   3.5405E-001   1.1887E-003  -1.8773E-001  -7.1443E-003  -8.7577E-002   9.4027E-003   1.1224E-002   6.2184E-002  -3.1079E-002   2.4159E-003  -8.3292E-002  -2.3220E-003   1.3663E-003  -1.7293E-002   1.8383E-002   1.3945E-001  
 2.8184E+000   1.7124E+000   8.6413E-001   4.6672E-002   2.5891E+000  -7.0041E-001  -7.1403E-002  -1.4463E-001  -2.3665E-001   5.1286E-002  -1.0659E-001   2.6803E-002  -9.4706E-002   1.4354E-002  -7.8211E-003   1.3561E-002   7.6544E-003  -1.8307E-002   6.2092E-002  -3.7274E-003   1.1427E-003  -1.3065E-002   3.6111E-002   1.3395E-001  
 2.5953E+000   1.9461E+000   7.7898E-001   1.1411E-001   2.8247E+000  -6.4320E-001  -3.9327E-002  -1.2417E-001  -1.8584E-001  -3.1279E-002  -7.1273E-002   4.3410E-002  -8.5559E-002   6.9681E-003  -9.4410E-003   8.8910E-004  -1.2301E-004   2.9252E-003   4.9050E-002  -1.6314E-003   3.6984E-003  -1.1691E-002   3.4700E-002   1.8557E-001  
 2.4185E+000   2.1193E+000   5.9766E-001   1.5170E-001   2.9344E+000  -5.6623E-001  -1.7298E-002  -1.1100E-001  -1.2695E-001  -8.7968E-002  -4.7543E-002   5.8979E-002  -9.0014E-002   1.8892E-003  -8.6629E-003  -7.6027E-003  -2.2166E-003   1.6630E-002   3.4404E-002   1.0082E-003   3.9067E-003  -1.1084E-002   3.2659E-002   1.5685E-001  
 2.3100E+000   2.2210E+000   3.3808E-001   1.7091E-001   2.9579E+000  -5.0526E-001  -1.1887E-003  -1.0414E-001  -6.2129E-002  -1.2140E-001  -3.3526E-002   6.9586E-002  -1.0364E-001  -1.0755E-003  -7.2841E-003  -1.2063E-002  -7.8601E-004   2.4156E-002   1.9628E-002   2.4493E-003   2.4273E-003  -1.1283E-002   2.9893E-002   1.4419E-001  
 2.2849E+000   2.2741E+000   2.4699E-002   1.7899E-001   2.9370E+000  -4.8295E-001   1.2029E-002  -1.0327E-001   5.2376E-003  -1.3229E-001  -2.8203E-002   7.3190E-002  -1.2152E-001  -2.9639E-003  -5.8343E-003  -1.2991E-002   1.8882E-003   2.6839E-002   5.2824E-003   2.6278E-003   6.7195E-004  -1.1802E-002   2.6721E-002   1.4573E-001  
 2.3462E+000   2.2495E+000  -2.9102E-001   1.7850E-001   2.9149E+000  -5.0606E-001   2.5659E-002  -1.0846E-001   7.3134E-002  -1.2135E-001  -3.0878E-002   6.9543E-002  -1.3951E-001  -4.1195E-003  -4.0339E-003  -1.0946E-002   4.1020E-003   2.5155E-002  -8.8319E-003   1.8772E-003  -1.0344E-003  -1.2322E-002   2.3484E-002   1.4539E-001  
 2.4886E+000   2.1748E+000  -6.0263E-001   1.6689E-001   2.9342E+000  -5.6764E-001   4.3078E-002  -1.2014E-001   1.3965E-001  -8.7458E-002  -4.1995E-002   5.9377E-002  -1.5368E-001  -4.1607E-003  -1.7474E-003  -5.9836E-003   4.4492E-003   1.8899E-002  -2.2945E-002   1.8207E-004  -2.3948E-003  -1.2682E-002   2.0698E-002   1.5342E-001  
 2.6947E+000   2.0259E+000  -8.5998E-001   1.3748E-001   3.0362E+000  -6.4493E-001   6.7891E-002  -1.3920E-001   2.0177E-001  -2.9128E-002  -6.2426E-002   4.5082E-002  -1.5999E-001  -2.4663E-003   2.4837E-004   1.5457E-003   1.6107E-003   7.3485E-003  -3.6358E-002  -2.0705E-003  -2.5959E-003  -1.2830E-002   1.9065E-002   1.5232E-001  
 2.9420E+000   1.7924E+000  -1.0008E+000   7.9411E-002   3.2597E+000  -7.0245E-001   1.0469E-001  -1.6712E-001   2.5745E-001   5.7113E-002  -9.3864E-002   3.0035E-002  -1.5490E-001   8.2149E-004   5.3233E-004   1.1952E-002  -5.8461E-003  -1.0496E-002  -4.7762E-002  -3.5288E-003  -1.2781E-003  -1.3069E-002   1.8657E-002   1.3369E-001  
 2.4071E+000   1.7729E+000   1.0990E+000   1.3860E-001   2.9146E+000  -5.6549E-001  -5.0279E-002  -9.5632E-002  -1.4193E-001   7.6656E-002  -5.3077E-002   2.4603E-002  -7.3280E-002   9.6419E-003  -9.7928E-004  -3.8496E-003  -5.8091E-003  -2.2832E-002   3.6476E-002  -2.1832E-003  -4.2077E-004  -1.0807E-002   3.6034E-002   1.4375E-001  
 2.1187E+000   1.9496E+000   9.5055E-001   1.7454E-001   3.0494E+000  -5.0645E-001  -2.4654E-002  -8.0463E-002  -1.1666E-001   1.0102E-002  -2.3152E-002   4.0972E-002  -7.2251E-002   5.2019E-003  -2.8236E-003  -1.3094E-002  -9.3463E-003  -6.2111E-003   2.9526E-002  -3.1509E-004   1.4293E-003  -1.0397E-002   3.4124E-002   1.5893E-001  
 1.8682E+000   2.1315E+000   6.1263E-001   1.8837E-001   3.0762E+000  -4.2843E-001  -8.1354E-003  -7.0200E-002  -8.1417E-002  -3.5405E-002  -3.9320E-003   5.5487E-002  -8.2627E-002   2.6365E-003  -3.8759E-003  -1.8169E-002  -7.3773E-003   4.4188E-003   2.1892E-002   9.1252E-004   1.7012E-003  -1.1640E-002   3.1005E-002   1.4474E-001  
 1.7123E+000   2.2112E+000   2.7000E-001   1.9335E-001   3.0295E+000  -3.6671E-001   2.5163E-003  -6.5021E-002  -4.0490E-002  -6.2042E-002   7.3523E-003   6.5452E-002  -9.9467E-002   8.4406E-004  -4.2668E-003  -2.0820E-002  -2.9267E-003   1.0504E-002   1.3394E-002   1.4707E-003   9.2606E-004  -1.2971E-002   2.7440E-002   1.4296E-001  
 1.6653E+000   2.2330E+000  -8.1003E-002   1.9645E-001   2.9454E+000  -3.4422E-001   1.0444E-002  -6.4374E-002   3.1009E-003  -7.0796E-002   1.1540E-002   6.8889E-002  -1.1943E-001  -6.5646E-004  -4.5432E-003  -2.1212E-002   2.2287E-003   1.2926E-002   4.8508E-003   1.2418E-003   1.3292E-004  -1.4142E-002   2.3670E-002   1.4793E-001  
 1.7276E+000   2.2061E+000  -4.3174E-001   2.0016E-001   2.8601E+000  -3.6784E-001   1.8604E-002  -6.8226E-002   4.7070E-002  -6.2305E-002   9.2592E-003   6.5578E-002  -1.3950E-001  -2.0894E-003  -4.3613E-003  -1.9758E-002   6.6451E-003   1.1967E-002  -3.7084E-003   7.4316E-004  -5.2662E-004  -1.4594E-002   2.0095E-002   1.4794E-001  
 1.9050E+000   2.1313E+000  -7.4896E-001   2.0170E-001   2.8097E+000  -4.3065E-001   3.0049E-002  -7.6875E-002   8.9268E-002  -3.5553E-002  -2.1245E-005   5.6090E-002  -1.5690E-001  -3.0691E-003  -3.6287E-003  -1.6405E-002   9.3809E-003   7.4278E-003  -1.2191E-002  -1.6171E-004  -1.0204E-003  -1.4399E-002   1.7188E-002   1.2864E-001  
 2.2184E+000   2.0010E+000  -1.0363E+000   1.9375E-001   2.8300E+000  -5.0972E-001   4.8086E-002  -9.1038E-002   1.2657E-001   1.0976E-002  -1.7150E-002   4.2464E-002  -1.6843E-001  -3.0232E-003  -2.9015E-003  -1.1144E-002   9.3438E-003  -1.2921E-003  -1.9900E-002  -1.3759E-003  -8.4089E-004  -1.3621E-002   1.5834E-002   1.1158E-001  
 2.5278E+000   1.8141E+000  -1.2419E+000   1.6404E-001   2.9550E+000  -5.6954E-001   7.6471E-002  -1.1134E-001   1.5532E-001   8.0074E-002  -4.4470E-002   2.7589E-002  -1.7023E-001  -1.3804E-003  -2.8353E-003  -3.0205E-003   4.7858E-003  -1.5327E-002  -2.6441E-002  -2.5342E-003   2.7761E-004  -1.3231E-002   1.5936E-002   1.0696E-001  
 2.9889E+000   1.0555E+000   1.0435E+000  -2.3371E-001   2.0111E+000   3.1549E-003  -1.0028E-001  -7.1298E-002   1.5165E-002   2.8313E-001  -2.2416E-001   4.7902E-002  -2.0142E-001   1.7767E-002   5.6475E-002   5.5215E-002   8.3880E-002  -1.1324E-001  -3.2551E-003   1.0149E-002  -7.5315E-003  -1.8074E-002   2.8387E-002   1.8234E-001  
 2.7647E+000   1.2783E+000   1.2315E+000   4.2379E-002   2.6007E+000  -4.1214E-001  -1.2009E-001  -9.9552E-002  -3.1500E-002   2.4353E-001  -1.0575E-001  -1.9254E-003  -1.0148E-001   1.0445E-002   1.4276E-002   1.1955E-002   1.0961E-002  -6.5451E-002   9.7430E-003   8.2696E-004  -5.9358E-003  -1.3356E-002   3.7364E-002   1.6458E-001  
 2.3784E+000   1.5072E+000   1.3378E+000   1.3669E-001   2.9206E+000  -5.5199E-001  -6.8673E-002  -7.9215E-002  -6.1040E-002   1.5139E-001  -5.2466E-002  -3.6194E-004  -7.6787E-002   7.8843E-003   6.5518E-003  -1.2736E-003  -7.6559E-003  -4.0468E-002   1.6280E-002  -4.8300E-004  -3.4388E-003  -1.0884E-002   3.6782E-002   1.5872E-001  
 1.9876E+000   1.6789E+000   1.2758E+000   1.7756E-001   3.1023E+000  -5.6140E-001  -3.4640E-002  -6.3847E-002  -6.9801E-002   8.0680E-002  -1.5011E-002   1.2337E-002  -6.8217E-002   4.9844E-003   2.2114E-003  -1.0434E-002  -1.5133E-002  -2.2181E-002   1.7592E-002  -3.1163E-004  -6.1875E-004  -1.0565E-002   3.4895E-002   1.5420E-001  
 1.6275E+000   1.8867E+000   9.8978E-001   1.8638E-001   3.1684E+000  -5.0187E-001  -1.3767E-002  -5.3040E-002  -6.3339E-002   2.9172E-002   1.0278E-002   2.8357E-002  -7.1603E-002   3.1335E-003   7.4402E-005  -1.6194E-002  -1.5058E-002  -9.9068E-003   1.6065E-002   4.9208E-004   6.0956E-004  -1.2118E-002   3.1832E-002   1.6183E-001  
 1.3448E+000   1.9799E+000   6.7935E-001   1.8085E-001   3.1466E+000  -4.2320E-001  -1.5723E-003  -4.5910E-002  -4.6508E-002  -5.8473E-003   2.6299E-002   4.2527E-002  -8.3067E-002   2.0327E-003  -1.4721E-003  -1.9107E-002  -1.0454E-002  -1.9546E-003   1.3272E-002   9.2088E-004   6.6993E-004  -1.4747E-002   2.7729E-002   1.4468E-001  
 1.1643E+000   2.0331E+000   3.1026E-001   1.7393E-001   3.0647E+000  -3.6114E-001   5.1026E-003  -4.2354E-002  -2.3658E-002  -2.6104E-002   3.5480E-002   5.2123E-002  -9.9166E-002   8.8000E-004  -2.6459E-003  -2.0772E-002  -4.1590E-003   3.0550E-003   9.2579E-003   1.0059E-003   4.5277E-004  -1.6860E-002   2.3573E-002   1.2095E-001  
 1.1068E+000   2.0487E+000  -8.3493E-002   1.7298E-001   2.9525E+000  -3.3856E-001   9.1863E-003  -4.2067E-002   1.8766E-003  -3.2815E-002   3.8696E-002   5.5591E-002  -1.1747E-001  -4.0910E-004  -3.4023E-003  -2.1294E-002   2.4490E-003   5.3475E-003   4.5613E-003   8.7777E-004   1.2926E-004  -1.8136E-002   1.9520E-002   1.2363E-001  
 1.1774E+000   2.0282E+000  -4.7695E-001   1.8015E-001   2.8390E+000  -3.6243E-001   1.3418E-002  -4.4879E-002   2.7709E-002  -2.6546E-002   3.6531E-002   5.2614E-002  -1.3610E-001  -1.7618E-003  -3.7415E-003  -2.0624E-002   8.2945E-003   4.9850E-003  -2.4228E-004   5.8209E-004  -1.2467E-004  -1.8511E-002   1.5706E-002   1.1056E-001  
 1.3713E+000   1.9701E+000  -8.4509E-001   1.9275E-001   2.7534E+000  -4.2578E-001   2.0507E-002  -5.1111E-002   5.1482E-002  -6.4179E-003   2.8696E-002   4.3773E-002  -1.5319E-001  -3.0458E-003  -3.7162E-003  -1.8727E-002   1.2645E-002   1.8144E-003  -4.7210E-003   1.9291E-004  -1.7699E-004  -1.7816E-002   1.2894E-002   9.3034E-002  
 1.6675E+000   1.8722E+000  -1.1539E+000   2.0307E-001   2.7254E+000  -5.0566E-001   3.3471E-002  -6.1297E-002   6.9917E-002   2.9119E-002   1.4265E-002   3.0717E-002  -1.6635E-001  -3.9509E-003  -3.4695E-003  -1.5541E-002   1.4671E-002  -4.4831E-003  -8.2399E-003  -2.1989E-004   1.4052E-005  -1.5999E-002   1.2582E-002   9.5869E-002  
 2.1031E+000   1.6826E+000  -1.4326E+000   1.9850E-001   2.7825E+000  -5.6621E-001   5.5817E-002  -7.5949E-002   7.8875E-002   8.2454E-002  -9.1830E-003   1.6175E-002  -1.7235E-001  -3.8178E-003  -3.5972E-003  -1.0155E-002   1.2856E-002  -1.4901E-002  -1.0429E-002  -5.9091E-004   7.9630E-004  -1.4252E-002   1.4255E-002   9.9783E-002  
 2.5063E+000   1.5023E+000  -1.5632E+000   1.6232E-001   2.9519E+000  -5.5779E-001   9.2410E-002  -9.6356E-002   7.3499E-002   1.5688E-001  -4.4415E-002   4.8433E-003  -1.6793E-001  -2.7304E-003  -5.6118E-003  -2.1283E-003   5.1252E-003  -3.0804E-002  -9.6354E-003   5.4981E-005   2.3657E-003  -1.3202E-002   1.6991E-002   1.0838E-001  
 2.9023E+000   1.2717E+000  -1.4938E+000   7.5426E-002   3.2541E+000  -4.1969E-001   1.4901E-001  -1.2396E-001   4.8160E-002   2.5589E-001  -9.4117E-002   3.4271E-003  -1.5032E-001  -2.2262E-003  -1.0372E-002   8.4709E-003  -1.0758E-002  -5.2183E-002  -3.4427E-003   2.1236E-003   3.1506E-003  -1.3135E-002   2.0307E-002   1.4427E-001  
 3.1579E+000   1.0241E+000  -1.2830E+000  -1.6559E-001   3.8056E+000  -3.2159E-002   1.6093E-001  -1.1981E-001  -1.0259E-002   3.1934E-001  -1.9030E-001   4.5079E-002  -7.7061E-002   1.4806E-002  -3.9561E-002   3.3942E-002  -6.3767E-002  -8.8763E-002   1.1567E-002   5.1946E-003   1.1465E-002  -1.7227E-002   1.9298E-002   1.4130E-001  
 2.9149E+000   9.7650E-001   1.1958E+000  -3.7655E-002   2.4921E+000  -1.2225E-001  -1.5916E-001  -8.1347E-002   1.2018E-001   2.6360E-001  -1.4083E-001   7.6236E-003  -1.3283E-001  -1.3789E-003   2.9304E-002   1.8469E-002   3.1044E-002  -7.9420E-002  -3.1810E-002   8.1696E-003  -4.7670E-003  -1.4466E-002   3.6679E-002   2.1324E-001  
 2.5115E+000   1.1795E+000   1.4603E+000   1.0823E-001   2.8420E+000  -4.7512E-001  -1.0070E-001  -6.8178E-002   5.0203E-002   1.8719E-001  -6.9673E-002  -1.6925E-002  -9.5609E-002   2.0755E-003   1.3002E-002   4.6309E-003  -1.4932E-003  -5.0151E-002  -1.1279E-002   2.6664E-003  -3.8120E-003  -1.1918E-002   3.6679E-002   1.6168E-001  
 2.0588E+000   1.3416E+000   1.5147E+000   1.7105E-001   3.0613E+000  -6.1668E-001  -5.4171E-002  -5.4731E-002   5.1630E-003   1.2089E-001  -2.1695E-002  -1.5178E-002  -7.9306E-002   2.2524E-003   6.2500E-003  -4.2280E-003  -1.6711E-002  -3.1352E-002  -4.6318E-004   6.8132E-004  -1.7326E-003  -1.0464E-002   3.5630E-002   1.5887E-001  
 1.6097E+000   1.5349E+000   1.3483E+000   1.8480E-001   3.1743E+000  -6.2660E-001  -2.4057E-002  -4.4565E-002  -1.8062E-002   6.9453E-002   1.1169E-002  -2.2909E-003  -7.5313E-002   1.8804E-003   2.8734E-003  -9.5991E-003  -2.0823E-002  -1.8647E-002   4.9456E-003   2.3053E-004  -1.3517E-004  -1.2185E-002   3.2599E-002   1.6375E-001  
 1.2032E+000   1.6328E+000   1.0873E+000   1.7233E-001   3.1992E+000  -5.6709E-001  -6.4710E-003  -3.7508E-002  -2.5134E-002   3.2038E-002   3.2909E-002   1.3633E-002  -7.9552E-002   1.6284E-003   1.0202E-003  -1.2547E-002  -1.8138E-002  -1.0390E-002   7.2171E-003   4.2014E-004   3.8369E-004  -1.5509E-002   2.8298E-002   1.4627E-001  
 8.8259E-001   1.6983E+000   7.4065E-001   1.5184E-001   3.1575E+000  -4.8821E-001   2.5212E-003  -3.3331E-002  -2.1686E-002   6.9949E-003   4.6977E-002   2.7745E-002  -8.8702E-002   1.1609E-003  -4.3632E-004  -1.4765E-002  -1.2562E-002  -4.5402E-003   7.3526E-003   6.2821E-004   4.4547E-004  -1.8315E-002   2.4152E-002   1.1706E-001  
 6.7794E-001   1.7352E+000   3.3871E-001   1.3564E-001   3.0694E+000  -4.2591E-001   6.4777E-003  -3.1457E-002  -1.1802E-002  -7.5206E-003   5.4806E-002   3.7435E-002  -1.0119E-001   3.8914E-004  -1.5561E-003  -1.6343E-002  -5.3732E-003  -5.9781E-004   6.0161E-003   7.2825E-004   3.2330E-004  -2.0225E-002   2.0182E-002   9.9495E-002  
 6.1157E-001   1.7455E+000  -8.5897E-002   1.3133E-001   2.9581E+000  -4.0329E-001   8.1317E-003  -3.1499E-002   1.0994E-003  -1.2405E-002   5.7218E-002   4.1102E-002  -1.1558E-001  -5.7133E-004  -2.3117E-003  -1.7359E-002   2.1433E-003   1.4603E-003   3.9202E-003   7.3121E-004   1.6398E-004  -2.1229E-002   1.6419E-002   9.0731E-002  
 6.8884E-001   1.7304E+000  -5.1013E-001   1.4104E-001   2.8456E+000  -4.2736E-001   9.7769E-003  -3.3452E-002   1.4271E-002  -8.0586E-003   5.4914E-002   3.8348E-002  -1.3064E-001  -1.6944E-003  -2.6927E-003  -1.7519E-002   9.1343E-003   1.6365E-003   1.6576E-003   6.5079E-004   3.4034E-005  -2.1403E-002   1.2982E-002   7.8964E-002  
 9.0477E-001   1.6888E+000  -9.1106E-001   1.6200E-001   2.7538E+000  -4.9106E-001   1.3877E-002  -3.7654E-002   2.4931E-002   6.1874E-003   4.7817E-002   2.9676E-002  -1.4486E-001  -2.9136E-003  -2.7054E-003  -1.6553E-002   1.4616E-002  -2.0494E-004  -1.7974E-004   5.4496E-004   4.3092E-005  -2.0725E-002   1.0357E-002   6.0639E-002  
 1.2369E+000   1.6188E+000  -1.2560E+000   1.8628E-001   2.7058E+000  -5.7129E-001   2.3159E-002  -4.4463E-002   2.9708E-002   3.1610E-002   3.4986E-002   1.6801E-002  -1.5657E-001  -4.0617E-003  -2.4805E-003  -1.4550E-002   1.7867E-002  -4.3906E-003  -9.9234E-004   5.4699E-004   1.9476E-004  -1.8877E-002   1.0478E-002   8.3195E-002  
 1.6551E+000   1.5165E+000  -1.5145E+000   2.0170E-001   2.7220E+000  -6.3193E-001   4.1263E-002  -5.4620E-002   2.4459E-002   7.0435E-002   1.4635E-002   2.2711E-003  -1.6403E-001  -4.9476E-003  -2.3857E-003  -1.1428E-002   1.8285E-002  -1.1385E-002   6.5583E-005   7.5521E-004   5.2538E-004  -1.5851E-002   1.4020E-002   1.0648E-001  
 2.1745E+000   1.2683E+000  -1.7196E+000   1.9070E-001   2.8236E+000  -6.2301E-001   7.2528E-002  -6.8779E-002   3.6258E-003   1.2495E-001  -1.6725E-002  -9.3760E-003  -1.6394E-001  -5.3479E-003  -3.7367E-003  -6.1986E-003   1.3356E-002  -2.2669E-002   4.2719E-003   1.8115E-003   1.3120E-003  -1.3481E-002   1.7975E-002   1.3285E-001  
 2.6333E+000   1.1091E+000  -1.7024E+000   1.3215E-001   3.0274E+000  -4.8297E-001   1.2181E-001  -8.7697E-002  -3.8665E-002   1.9703E-001  -6.2371E-002  -1.1011E-002  -1.5328E-001  -6.3069E-003  -7.7812E-003   1.5683E-003  -3.1234E-004  -3.8990E-002   1.3974E-002   4.0795E-003   1.7905E-003  -1.2993E-002   2.1274E-002   1.4922E-001  
 3.0499E+000   9.0479E-001  -1.4488E+000   2.2471E-003   3.3495E+000  -1.4108E-001   1.9545E-001  -1.1239E-001  -1.1038E-001   2.9008E-001  -1.2647E-001   6.1985E-003  -1.2950E-001  -8.7990E-003  -1.5081E-002   1.1473E-002  -2.5350E-002  -5.9890E-002   3.1598E-002   6.3599E-003   1.7383E-003  -1.3688E-002   2.4653E-002   1.6282E-001  
 2.7687E+000   8.5471E-001   1.3733E+000   3.5155E-002   2.7366E+000  -2.1183E-001  -1.5555E-001  -5.5996E-002   1.9061E-001   1.7704E-001  -1.0705E-001  -1.2888E-002  -1.2310E-001  -8.5074E-003   1.6710E-002   1.0196E-002   1.5611E-002  -4.9686E-002  -4.5920E-002   5.2028E-003  -7.0552E-004  -1.3403E-002   3.6247E-002   1.7105E-001  
 2.3037E+000   9.9157E-001   1.6076E+000   1.4454E-001   2.9570E+000  -5.5798E-001  -8.9025E-002  -4.6111E-002   1.0467E-001   1.2322E-001  -4.5058E-002  -3.0057E-002  -1.0300E-001  -3.3509E-003   9.3892E-003   2.8436E-003  -9.6670E-003  -3.3216E-002  -2.4459E-002   2.6283E-003  -9.0245E-004  -1.1265E-002   3.5461E-002   1.7616E-001  
 1.8087E+000   1.1348E+000   1.6142E+000   1.8359E-001   3.0936E+000  -7.0055E-001  -4.5039E-002  -3.8520E-002   4.9095E-002   8.0796E-002  -1.5361E-003  -2.7319E-002  -9.3108E-002  -8.1296E-004   5.0202E-003  -1.8255E-003  -2.1439E-002  -2.1542E-002  -1.0827E-002   6.3171E-004  -5.1289E-004  -1.1726E-002   3.3332E-002   1.7028E-001  
 1.3095E+000   1.2281E+000   1.4428E+000   1.7804E-001   3.1583E+000  -7.1114E-001  -1.7640E-002  -3.3111E-002   1.5993E-002   4.8189E-002   2.8252E-002  -1.4202E-002  -9.0491E-002   1.2561E-004   2.6985E-003  -4.3717E-003  -2.3427E-002  -1.3821E-002  -3.0434E-003  -4.7636E-005   8.5005E-005  -1.4913E-002   2.9365E-002   1.5653E-001  
 8.6504E-001   1.2907E+000   1.1532E+000   1.5064E-001   3.1634E+000  -6.5190E-001  -2.5412E-003  -2.9706E-002  -4.0312E-004   2.4706E-002   4.8141E-002   1.6526E-003  -9.2558E-002   4.3097E-004   1.3092E-003  -6.0670E-003  -2.0215E-002  -8.6809E-003   1.0921E-003   1.4598E-004   2.5905E-004  -1.8498E-002   2.5001E-002   1.2991E-001  
 5.1554E-001   1.3321E+000   7.8175E-001   1.1904E-001   3.1229E+000  -5.7304E-001   4.4638E-003  -2.7994E-002  -5.6752E-003   9.0404E-003   6.0857E-002   1.5708E-002  -9.7623E-002   3.0372E-004   1.1679E-004  -7.5692E-003  -1.4214E-002  -4.7905E-003   2.9535E-003   3.5661E-004   2.7764E-004  -2.1188E-002   2.1050E-002   1.0535E-001  
 2.9241E-001   1.3551E+000   3.5734E-001   9.5777E-002   3.0507E+000  -5.1072E-001   6.9570E-003  -2.7397E-002  -4.1975E-003  -4.5184E-005   6.7583E-002   2.5428E-002  -1.0496E-001  -7.9217E-005  -8.2845E-004  -9.1507E-003  -6.8047E-003  -1.9610E-003   3.3723E-003   5.4299E-004   2.2440E-004  -2.2781E-002   1.7443E-002   7.9375E-002  
 2.1925E-001   1.3610E+000  -8.8227E-002   8.8535E-002   2.9624E+000  -4.8813E-001   7.2402E-003  -2.7826E-002   5.7059E-004  -3.2090E-003   6.9587E-002   2.9209E-002  -1.1401E-001  -7.1462E-004  -1.4630E-003  -1.0432E-002   1.2457E-003  -1.2285E-004   2.9582E-003   6.6187E-004   1.3618E-004  -2.3630E-002   1.4403E-002   6.8175E-002  
 3.0140E-001   1.3506E+000  -5.3339E-001   9.9696E-002   2.8729E+000  -5.1232E-001   7.3999E-003  -2.9211E-002   5.5824E-003  -6.1939E-004   6.7261E-002   2.6605E-002  -1.2396E-001  -1.5271E-003  -1.7240E-003  -1.1277E-002   8.9908E-003   5.7953E-004   2.3286E-003   7.5650E-004   8.6168E-005  -2.3578E-002   1.1999E-002   6.8544E-002  
 5.3362E-001   1.3230E+000  -9.5657E-001   1.2669E-001   2.7970E+000  -5.7619E-001   9.5389E-003  -3.1729E-002   7.7818E-003   8.2564E-003   6.0338E-002   1.8053E-002  -1.3392E-001  -2.4512E-003  -1.6188E-003  -1.1494E-002   1.5605E-002  -1.1117E-004   2.1218E-003   8.9278E-004   1.0115E-004  -2.2474E-002   1.0815E-002   6.8544E-002  
 8.9264E-001   1.2772E+000  -1.3263E+000   1.6095E-001   2.7503E+000  -6.5649E-001   1.6481E-002  -3.5936E-002   3.5832E-003   2.4276E-002   4.8473E-002   5.2353E-003  -1.4241E-001  -3.4679E-003  -1.2333E-003  -1.0591E-002   1.9818E-002  -2.3248E-003   3.1485E-003   1.1331E-003   2.0407E-004  -2.0660E-002   1.1609E-002   6.9150E-002  
 1.3467E+000   1.2105E+000  -1.6133E+000   1.9032E-001   2.7466E+000  -7.1694E-001   3.1443E-002  -4.2173E-002  -1.1354E-002   4.9098E-002   2.9697E-002  -9.3805E-003  -1.4851E-001  -4.5264E-003  -7.9715E-004  -8.8195E-003   2.1371E-002  -6.4987E-003   6.1964E-003   1.5808E-003   3.0997E-004  -1.7562E-002   1.5231E-002   9.6729E-002  
 1.8632E+000   1.0959E+000  -1.7890E+000   1.9757E-001   2.7999E+000  -7.0737E-001   5.8988E-002  -5.1047E-002  -4.2773E-002   8.4539E-002   1.0064E-003  -2.1551E-002  -1.5022E-001  -5.7351E-003  -1.3097E-003  -5.7734E-003   1.8553E-002  -1.3458E-002   1.2678E-002   2.7607E-003   4.3659E-004  -1.4134E-002   1.9915E-002   1.3821E-001  
 2.4061E+000   8.6236E-001  -1.8478E+000   1.6071E-001   2.9220E+000  -5.6588E-001   1.0384E-001  -6.3102E-002  -9.6505E-002   1.3196E-001  -4.1269E-002  -2.4014E-002  -1.4518E-001  -8.1991E-003  -3.5913E-003  -1.0195E-003   7.3890E-003  -2.3767E-002   2.5047E-002   4.6784E-003  -1.9023E-004  -1.2682E-002   2.3423E-002   1.4647E-001  
 2.8743E+000   7.4649E-001  -1.6315E+000   5.5527E-002   3.1230E+000  -2.2167E-001   1.7295E-001  -7.9396E-002  -1.8067E-001   1.9441E-001  -1.0143E-001  -7.9291E-003  -1.3174E-001  -1.3317E-002  -7.4420E-003   5.3566E-003  -1.5622E-002  -3.6992E-002   4.5571E-002   6.0491E-003  -1.8771E-003  -1.3444E-002   2.5832E-002   1.6804E-001  
 2.6634E+000   6.7282E-001   1.4961E+000   6.9404E-002   2.8747E+000  -2.7684E-001  -1.4852E-001  -3.1498E-002   2.2679E-001   7.6690E-002  -8.9387E-002  -2.0728E-002  -1.3057E-001  -1.2833E-002   9.8425E-003   7.5201E-003   9.8315E-003  -2.5032E-002  -5.4667E-002   3.9145E-003   2.5416E-003  -1.2958E-002   3.4817E-002   1.9597E-001  
 2.1648E+000   7.4464E-001   1.7043E+000   1.6273E-001   2.9851E+000  -6.2482E-001  -8.4049E-002  -2.9033E-002   1.3475E-001   5.3932E-002  -3.0133E-002  -3.7563E-002  -1.1922E-001  -5.7606E-003   5.4455E-003   4.3746E-003  -1.3734E-002  -1.6428E-002  -3.1024E-002   1.2034E-003   9.6682E-004  -1.1444E-002   3.3556E-002   1.6888E-001  
 1.6416E+000   8.1682E-001   1.6879E+000   1.8755E-001   3.0520E+000  -7.6808E-001  -4.1380E-002  -2.7207E-002   7.2981E-002   3.5605E-002   1.0738E-002  -3.4127E-002  -1.1305E-001  -2.3434E-003   3.2545E-003   2.8737E-003  -2.3538E-002  -1.1066E-002  -1.6207E-002  -1.4527E-004   2.1552E-004  -1.3138E-002   3.0636E-002   1.7927E-001  
 1.1117E+000   8.6010E-001   1.4983E+000   1.7026E-001   3.0819E+000  -7.7905E-001  -1.5227E-002  -2.6137E-002   3.4172E-002   2.1475E-002   3.8610E-002  -2.0724E-002  -1.1008E-001  -1.0238E-003   2.1540E-003   2.3349E-003  -2.4509E-002  -7.9185E-003  -7.6294E-003  -3.3018E-004   1.2373E-004  -1.7146E-002   2.6195E-002   1.5458E-001  
 6.4305E-001   8.9068E-001   1.1916E+000   1.3366E-001   3.0811E+000  -7.2011E-001  -1.3899E-003  -2.5874E-002   1.2733E-002   1.1500E-002   5.7313E-002  -5.0341E-003  -1.0883E-001  -5.1235E-004   1.2029E-003   1.7702E-003  -2.1350E-002  -5.6028E-003  -2.7041E-003  -8.5188E-005   1.4936E-004  -2.0721E-002   2.1992E-002   1.2110E-001  
 2.7503E-001   9.1056E-001   8.0522E-001   9.5061E-002   3.0565E+000  -6.4134E-001   4.8134E-003  -2.6092E-002   2.7619E-003   4.8975E-003   6.8981E-002   8.9213E-003  -1.0891E-001  -3.4569E-004   3.1313E-004   7.9270E-004  -1.5641E-002  -3.6733E-003  -2.3635E-005   1.8349E-004   1.5640E-004  -2.3190E-002   1.8362E-002   8.9960E-002  
 4.0139E-002   9.2116E-001   3.6754E-001   6.6897E-002   3.0153E+000  -5.7906E-001   6.6169E-003  -2.6658E-002  -2.0415E-004   9.9016E-004   7.5299E-002   1.8629E-002  -1.1042E-001  -4.4431E-004  -4.2647E-004  -4.4422E-004  -8.2034E-003  -1.9068E-003   1.1839E-003   4.2188E-004   1.2235E-004  -2.4755E-002   1.5526E-002   6.6528E-002  
-3.7560E-002   9.2316E-001  -9.0438E-002   5.7357E-002   2.9654E+000  -5.5651E-001   6.3322E-003  -2.7476E-002   2.2453E-004  -4.6062E-004   7.7120E-002   2.2444E-002  -1.1321E-001  -7.2854E-004  -8.9790E-004  -1.8054E-003  -1.5710E-005  -3.5479E-004   1.5918E-003   6.2620E-004   7.5914E-005  -2.5428E-002   1.3512E-002   6.5047E-002  
 4.7355E-002   9.1690E-001  -5.4800E-001   6.8899E-002   2.9142E+000  -5.8078E-001   5.8708E-003  -2.8524E-002   8.4106E-004   5.3053E-004   7.4830E-002   1.9884E-002  -1.1700E-001  -1.1535E-003  -1.0296E-003  -3.0954E-003   8.1072E-003   7.7703E-004   1.8502E-003   8.3661E-004   4.5778E-005  -2.5113E-002   1.2375E-002   6.7181E-002  
 2.8952E-001   9.0204E-001  -9.8443E-001   9.9008E-002   2.8693E+000  -6.4471E-001   7.1618E-003  -2.9917E-002  -1.5868E-003   4.3108E-003   6.8165E-002   1.1363E-002  -1.2139E-001  -1.6969E-003  -7.8153E-004  -4.0654E-003   1.5308E-002   1.2262E-003   2.6219E-003   1.1115E-003   5.1399E-005  -2.3770E-002   1.2493E-002   6.8189E-002  
 6.6487E-001   8.7800E-001  -1.3688E+000   1.3924E-001   2.8386E+000  -7.2501E-001   1.2692E-002  -3.1891E-002  -1.0674E-002   1.1451E-002   5.6478E-002  -1.4700E-003  -1.2571E-001  -2.3351E-003  -2.0091E-004  -4.4614E-003   2.0544E-002   7.7976E-004   4.6247E-003   1.5042E-003   7.9329E-005  -2.1525E-002   1.4364E-002   7.9759E-002  
 1.1410E+000   8.4350E-001  -1.6728E+000   1.7691E-001   2.8288E+000  -7.8524E-001   2.5843E-002  -3.4881E-002  -3.1024E-002   2.2821E-002   3.8363E-002  -1.6181E-002  -1.2911E-001  -3.1706E-003   5.7672E-004  -3.9611E-003   2.2977E-002  -6.7006E-004   8.8506E-003   2.0596E-003   8.7931E-005  -1.8380E-002   1.7905E-002   1.1032E-001  
 1.6785E+000   7.9643E-001  -1.8587E+000   1.9521E-001   2.8472E+000  -7.7530E-001   5.1229E-002  -3.9200E-002  -6.8618E-002   3.9663E-002   1.1086E-002  -2.8990E-002  -1.3080E-001  -4.4894E-003   1.0883E-003  -2.7020E-003   2.1667E-002  -3.5191E-003   1.6575E-002   2.9238E-003  -1.6594E-004  -1.4330E-002   2.2689E-002   1.4643E-001  
 2.2430E+000   5.6276E-001  -1.9170E+000   1.7155E-001   2.8997E+000  -6.3280E-001   9.3342E-002  -4.5144E-002  -1.2909E-001   6.2777E-002  -2.9370E-002  -3.2226E-002  -1.2932E-001  -7.6162E-003   6.7156E-004  -5.1606E-004   1.2227E-002  -8.0588E-003   3.0541E-002   4.0267E-003  -1.4750E-003  -1.2235E-002   2.6191E-002   1.4785E-001  
 2.7442E+000   5.2969E-001  -1.7254E+000   8.0118E-002   2.9914E+000  -2.8583E-001   1.5803E-001  -5.3313E-002  -2.2004E-001   9.3738E-002  -8.7889E-002  -1.5935E-002  -1.2378E-001  -1.4210E-002  -5.1575E-004   2.5092E-003  -1.0371E-002  -1.3928E-002   5.3435E-002   4.6336E-003  -3.7529E-003  -1.3271E-002   2.7962E-002   1.7309E-001  
 2.6225E+000   4.5014E-001   1.5356E+000   8.2098E-002   2.9612E+000  -3.0424E-001  -1.4972E-001  -9.2309E-003   2.3500E-001  -2.4341E-002  -8.2192E-002  -2.0925E-002  -1.4267E-001  -1.3747E-002   2.6853E-003   6.1920E-003   8.9818E-003  -9.5799E-004  -5.6484E-002   1.2032E-003   4.1315E-003  -1.3384E-002   3.2502E-002   1.7496E-001  
 2.1120E+000   4.5750E-001   1.7384E+000   1.6989E-001   2.9682E+000  -6.5260E-001  -8.5258E-002  -1.3858E-002   1.4135E-001  -1.6909E-002  -2.3996E-002  -3.7589E-002  -1.3907E-001  -6.3477E-003   1.8540E-003   6.8699E-003  -1.4000E-002  -4.0514E-004  -3.2353E-002  -3.6133E-004   1.7625E-003  -1.2130E-002   3.1073E-002   1.7199E-001  
 1.5780E+000   4.6347E-001   1.7137E+000   1.8991E-001   2.9725E+000  -7.9607E-001  -4.2587E-002  -1.7569E-002   7.8017E-002  -1.1326E-002   1.5936E-002  -3.3939E-002  -1.3546E-001  -2.9323E-003   1.6628E-003   7.9204E-003  -2.3264E-002  -8.5628E-004  -1.7504E-002  -7.8633E-004   3.8199E-004  -1.4415E-002   2.7757E-002   1.8475E-001  
 1.0374E+000   4.6491E-001   1.5170E+000   1.6875E-001   2.9747E+000  -8.0716E-001  -1.6444E-002  -2.0640E-002   3.7816E-002  -7.0896E-003   4.2998E-002  -2.0561E-002  -1.3136E-001  -1.7135E-003   1.4246E-003   8.9301E-003  -2.4302E-002  -1.6269E-003  -9.0597E-003  -5.2606E-004   1.1106E-004  -1.8594E-002   2.3125E-002   1.5035E-001  
 5.5979E-001   4.6550E-001   1.2041E+000   1.2897E-001   2.9751E+000  -7.4832E-001  -2.5805E-003  -2.3170E-002   1.5259E-002  -3.9202E-003   6.1047E-002  -5.0836E-003  -1.2664E-001  -1.1262E-003   8.6673E-004   9.4226E-003  -2.1689E-002  -2.0185E-003  -4.1884E-003  -1.8672E-004   6.0189E-005  -2.2061E-002   1.9168E-002   1.1785E-001  
 1.8489E-001   4.6530E-001   8.1244E-001   8.7551E-002   2.9739E+000  -6.6959E-001   3.6826E-003  -2.5171E-002   4.3080E-003  -1.7586E-003   7.2417E-002   8.7516E-003  -1.2169E-001  -8.1717E-004   2.3485E-004   9.2060E-003  -1.6481E-002  -1.9546E-003  -1.6028E-003   1.0217E-004   4.4115E-005  -2.4556E-002   1.6146E-002   9.0984E-002  
-5.4563E-002   4.6436E-001   3.6997E-001   5.7148E-002   2.9711E+000  -6.0736E-001   5.5642E-003  -2.6752E-002   4.0090E-004  -5.9823E-004   7.8618E-002   1.8436E-002  -1.1713E-001  -6.6223E-004  -3.4573E-004   8.3951E-003  -9.4122E-003  -1.2654E-003  -4.3196E-004   3.6817E-004   2.3007E-005  -2.6059E-002   1.4259E-002   6.7508E-002  
-1.3436E-001   4.6272E-001  -9.2492E-002   4.6172E-002   2.9670E+000  -5.8487E-001   5.3775E-003  -2.7931E-002  -1.0162E-004  -3.4126E-004   8.0400E-002   2.2261E-002  -1.1337E-001  -6.0362E-004  -6.9797E-004   7.1437E-003  -1.4189E-003  -7.2792E-005   1.6616E-005   6.0353E-004  -4.7762E-006  -2.6467E-002   1.3417E-002   6.1881E-002  
-4.9069E-002   4.6039E-001  -5.5454E-001   5.7128E-002   2.9616E+000  -6.0919E-001   4.9689E-003  -2.8741E-002  -4.7480E-004  -8.3312E-004   7.8108E-002   1.9719E-002  -1.1061E-001  -6.1865E-004  -7.3043E-004   5.6438E-003   6.7267E-003   1.3966E-003   4.0642E-004   8.5753E-004  -2.9495E-005  -2.5809E-002   1.3525E-002   6.4132E-002  
 1.9588E-001   4.5736E-001  -9.9574E-001   8.7572E-002   2.9551E+000  -6.7319E-001   6.1949E-003  -2.9226E-002  -4.0011E-003  -1.9030E-003   7.1450E-002   1.1193E-002  -1.0895E-001  -6.9888E-004  -3.6892E-004   4.1201E-003   1.4218E-002   2.8909E-003   1.4125E-003   1.1844E-003  -4.2219E-005  -2.4158E-002   1.4774E-002   7.2104E-002  
 5.7617E-001   4.5367E-001  -1.3853E+000   1.2915E-001   2.9475E+000  -7.5350E-001   1.1417E-002  -2.9460E-002  -1.4357E-002  -3.3182E-003   5.9723E-002  -1.7350E-003  -1.0836E-001  -8.7788E-004   3.6288E-004   2.8398E-003   2.0012E-002   4.1887E-003   3.7605E-003   1.5945E-003  -5.1208E-005  -2.1663E-002   1.7360E-002   9.2946E-002  
 1.0591E+000   4.4938E-001  -1.6952E+000   1.6927E-001   2.9390E+000  -8.1368E-001   2.3924E-002  -2.9627E-002  -3.6157E-002  -4.9072E-003   4.1403E-002  -1.6648E-002  -1.0844E-001  -1.2608E-003   1.4495E-003   2.0914E-003   2.3217E-002   5.3388E-003   8.3706E-003   2.1386E-003  -1.0423E-004  -1.8246E-002   2.1094E-002   1.1906E-001  
 1.6049E+000   4.4443E-001  -1.8880E+000   1.9091E-001   2.9295E+000  -8.0361E-001   4.8463E-002  -2.9803E-002  -7.5518E-002  -6.3878E-003   1.4164E-002  -2.9802E-002  -1.0898E-001  -2.2061E-003   2.7026E-003   1.8314E-003   2.2672E-002   6.2583E-003   1.6572E-002   2.6951E-003  -3.8942E-004  -1.4066E-002   2.5664E-002   1.5190E-001  
 2.1630E+000   2.5826E-001  -1.9154E+000   1.7140E-001   2.9191E+000  -6.6075E-001   8.9419E-002  -3.0190E-002  -1.3805E-001  -7.1386E-003  -2.5889E-002  -3.3466E-002  -1.1000E-001  -5.3136E-003   4.1763E-003   1.6568E-003   1.3846E-002   7.4256E-003   3.1179E-002   2.7517E-003  -1.7845E-003  -1.1797E-002   2.8916E-002   1.4894E-001  
 2.6772E+000   2.9869E-001  -1.7320E+000   8.4075E-002   2.9074E+000  -3.1255E-001   1.5210E-001  -3.1170E-002  -2.3098E-001  -6.3781E-003  -8.4162E-002  -1.7019E-002  -1.1189E-001  -1.2338E-002   6.4897E-003   1.1266E-003  -8.7786E-003   9.5432E-003   5.5098E-002   1.8904E-003  -4.1552E-003  -1.3107E-002   3.0247E-002   1.5072E-001  
 2.6503E+000   2.3203E-001   1.4986E+000   7.6434E-002   3.0452E+000  -2.8719E-001  -1.5923E-001   1.4502E-002   2.1617E-001  -1.2465E-001  -8.4599E-002  -1.3726E-002  -1.5420E-001  -1.1991E-002  -4.3316E-003   4.4008E-003   1.1938E-002   2.2424E-002  -5.2125E-002  -1.8517E-003   3.9368E-003  -1.3914E-002   2.9847E-002   1.5558E-001  
 2.1491E+000   1.6419E-001   1.7132E+000   1.6862E-001   2.9491E+000  -6.3436E-001  -9.2674E-002   2.6683E-003   1.2536E-001  -8.7076E-002  -2.5912E-002  -3.0197E-002  -1.5816E-001  -5.6923E-003  -1.5619E-003   8.4975E-003  -1.1162E-002   1.5026E-002  -2.9082E-002  -1.8133E-003   1.7331E-003  -1.2906E-002   2.8227E-002   1.7825E-001  
 1.6242E+000   1.0786E-001   1.6917E+000   1.9304E-001   2.8909E+000  -7.7739E-001  -4.8544E-002  -6.6045E-003   6.5012E-002  -5.7644E-002   1.4611E-002  -2.6823E-002  -1.5723E-001  -2.9245E-003   1.6628E-004   1.1821E-002  -2.1057E-002   8.8490E-003  -1.5118E-002  -1.1012E-003   3.9142E-004  -1.5040E-002   2.4746E-002   1.6391E-001  
 1.0917E+000   6.7489E-002   1.5004E+000   1.7554E-001   2.8656E+000  -7.8826E-001  -2.1085E-002  -1.3862E-002   2.7638E-002  -3.4999E-002   4.1896E-002  -1.3689E-002  -1.5225E-001  -1.9811E-003   6.6959E-004   1.4259E-002  -2.2830E-002   4.3360E-003  -7.4932E-003  -5.1317E-004   3.9951E-005  -1.9152E-002   2.0010E-002   1.3592E-001  
 6.2059E-001   3.8189E-002   1.1920E+000   1.3855E-001   2.8675E+000  -7.2930E-001  -6.0288E-003  -1.9281E-002   7.6773E-003  -1.8711E-002   5.9909E-002   1.5865E-003  -1.4454E-001  -1.4840E-003   4.3748E-004   1.5921E-002  -2.1060E-002   1.3324E-003  -3.4256E-003  -1.4406E-004  -3.1752E-005  -2.2471E-002   1.6404E-002   1.0448E-001  
 2.5049E-001   1.7919E-002   8.0413E-001   9.8722E-002   2.8896E+000  -6.5054E-001   1.1847E-003  -2.3119E-002  -7.8984E-004  -7.7790E-003   7.1428E-002   1.5319E-002  -1.3498E-001  -1.1341E-003  -4.3173E-005   1.6563E-002  -1.6662E-002  -3.8981E-004  -1.6716E-003   1.4811E-004  -4.9903E-005  -2.4977E-002   1.4176E-002   7.9836E-002  
 1.3722E-002   5.4456E-003   3.6499E-001   6.8815E-002   2.9254E+000  -5.8834E-001   3.8462E-003  -2.5732E-002  -2.3309E-003  -1.5113E-003   7.7774E-002   2.4988E-002  -1.2462E-001  -7.8315E-004  -5.3783E-004   1.6336E-002  -1.0272E-002  -8.2084E-004  -1.2675E-003   3.8036E-004  -5.7091E-005  -2.6401E-002   1.3405E-002   7.1146E-002  
-6.5735E-002   1.6656E-004  -9.4408E-002   5.7314E-002   2.9672E+000  -5.6590E-001   4.3493E-003  -2.7288E-002  -5.5751E-004   5.1095E-004   7.9611E-002   2.8827E-002  -1.1450E-001  -4.1691E-004  -8.5168E-004   1.5374E-002  -2.7713E-003  -6.3424E-005  -1.5014E-003   5.8377E-004  -7.5568E-005  -2.6565E-002   1.3803E-002   6.8009E-002  
 1.7483E-002   1.7489E-003  -5.5339E-001   6.6793E-002   3.0077E+000  -5.9028E-001   4.5892E-003  -2.7893E-002   1.2888E-003  -1.3942E-003   7.7243E-002   2.6299E-002  -1.0531E-001  -1.8405E-005  -8.6071E-004   1.3880E-002   5.0920E-003   1.6568E-003  -1.7055E-003   8.0810E-004  -1.0134E-004  -2.5578E-002   1.5109E-002   6.4581E-002  
 2.5794E-001   1.0537E-002  -9.9124E-001   9.4858E-002   3.0397E+000  -6.5435E-001   6.4611E-003  -2.7525E-002  -2.2120E-005  -7.2386E-003   7.0345E-002   1.7761E-002  -9.7641E-002   3.9265E-004  -4.6878E-004   1.2065E-002   1.2543E-002   4.1207E-003  -1.2012E-003   1.0962E-003  -1.2666E-004  -2.3660E-002   1.7324E-002   8.4625E-002  
 6.3150E-001   2.7211E-002  -1.3769E+000   1.3338E-001   3.0554E+000  -7.3476E-001   1.2281E-002  -2.6138E-002  -8.1730E-003  -1.7143E-002   5.8138E-002   4.7203E-003  -9.2004E-002   7.5010E-004   3.6506E-004   1.0159E-002   1.8551E-002   7.1918E-003   7.4631E-004   1.4609E-003  -1.4465E-004  -2.0926E-002   2.0485E-002   1.0857E-001  
 1.1056E+000   5.3165E-002  -1.6822E+000   1.6998E-001   3.0480E+000  -7.9511E-001   2.5329E-002  -2.3662E-002  -2.7692E-002  -3.1628E-002   3.8992E-002  -1.0401E-002  -8.8534E-002   9.6462E-004   1.6727E-003   8.4552E-003   2.2193E-002   1.0972E-002   4.9717E-003   1.8736E-003  -1.9700E-004  -1.7240E-002   2.4392E-002   1.3523E-001  
 1.6410E+000   9.0342E-002  -1.8694E+000   1.8744E-001   3.0108E+000  -7.8525E-001   5.0367E-002  -1.9838E-002  -6.4581E-002  -5.1278E-002   1.0759E-002  -2.3653E-002  -8.7783E-002   5.5087E-004   3.6054E-003   6.7293E-003   2.1738E-002   1.5767E-002   1.2940E-002   1.9568E-003  -4.1225E-004  -1.3168E-002   2.8698E-002   1.5878E-001  
 2.1723E+000  -2.8418E-002  -1.8556E+000   1.6287E-001   2.9377E+000  -6.4267E-001   9.1649E-002  -1.4818E-002  -1.2457E-001  -7.5779E-002  -3.0419E-002  -2.7245E-002  -9.1195E-002  -1.8957E-003   6.9773E-003   4.0789E-003   1.2361E-002   2.2770E-002   2.7276E-002   9.8920E-004  -1.2416E-003  -1.1456E-002   3.1474E-002   1.5418E-001  
 2.6780E+000   7.5950E-002  -1.6626E+000   6.9742E-002   2.8224E+000  -2.9480E-001   1.5447E-001  -8.7828E-003  -2.1499E-001  -1.0509E-001  -8.9974E-002  -1.0674E-002  -1.0063E-001  -7.9468E-003   1.2877E-002  -1.4743E-004  -1.0940E-002   3.2953E-002   5.0654E-002  -1.2400E-003  -2.7665E-003  -1.3001E-002   3.2554E-002   1.5619E-001  
 2.7434E+000   3.7447E-002   1.3777E+000   5.0430E-002   3.1754E+000  -2.3244E-001  -1.7796E-001   4.3792E-002   1.6919E-001  -2.2351E-001  -9.6715E-002  -3.7423E-004  -1.6064E-001  -7.8814E-003  -1.0417E-002   6.7514E-004   1.8015E-002   4.4744E-002  -4.1689E-002  -4.0933E-003   2.4166E-003  -1.4170E-002   2.7545E-002   2.0191E-001  
 2.2713E+000  -1.1243E-001   1.6194E+000   1.5627E-001   2.9707E+000  -5.7673E-001  -1.0662E-001   2.3892E-002   8.5872E-002  -1.5455E-001  -3.6337E-002  -1.6371E-002  -1.7252E-001  -3.6305E-003  -4.9465E-003   7.8781E-003  -5.2899E-003   3.0079E-002  -2.1206E-002  -3.0143E-003   6.7700E-004  -1.3543E-002   2.5202E-002   1.8120E-001  
 1.7735E+000  -2.2306E-001   1.6221E+000   1.9402E-001   2.8434E+000  -7.1869E-001  -5.9441E-002   8.6335E-003   3.3140E-002  -1.0099E-001   6.1340E-003  -1.3653E-002  -1.7541E-001  -2.1013E-003  -1.3488E-003   1.3593E-002  -1.6850E-002   1.8076E-002  -9.0411E-003  -1.2729E-003  -6.5963E-005  -1.5132E-002   2.1650E-002   1.7079E-001  
 1.2697E+000  -3.0721E-001   1.4472E+000   1.8777E-001   2.7836E+000  -7.2910E-001  -2.9428E-002  -3.1103E-003   2.9370E-003  -5.9817E-002   3.4986E-002  -1.0742E-003  -1.7073E-001  -1.8372E-003   3.7207E-005   1.7604E-002  -2.0157E-002   9.4606E-003  -2.9311E-003  -2.2760E-004  -9.9830E-005  -1.8674E-002   1.7066E-002   1.2620E-001  
 8.2052E-001  -3.6840E-001   1.1543E+000   1.5938E-001   2.7799E+000  -6.6986E-001  -1.2031E-002  -1.1761E-002  -1.0537E-002  -3.0013E-002   5.3839E-002   1.4120E-002  -1.6084E-001  -1.6518E-003   1.7823E-005   2.0290E-002  -1.9307E-002   3.7890E-003  -4.0815E-004   1.1035E-004  -1.3597E-004  -2.1963E-002   1.3574E-002   9.3168E-002  
 4.6657E-001  -4.1005E-001   7.7958E-001   1.2581E-001   2.8185E+000  -5.9104E-001  -2.8019E-003  -1.7862E-002  -1.2973E-002  -1.0053E-002   6.5654E-002   2.7808E-002  -1.4769E-001  -1.3386E-003  -4.1803E-004   2.2054E-002  -1.6103E-002   2.9840E-004  -4.7373E-005   3.1225E-004  -1.0412E-004  -2.4119E-002   1.2510E-002   7.4451E-002  
 2.3965E-001  -4.3491E-001   3.5224E-001   9.9179E-002   2.8856E+000  -5.2888E-001   1.3818E-003  -2.1676E-002  -8.6830E-003   1.5280E-003   7.2392E-002   3.7492E-002  -1.3230E-001  -8.9343E-004  -9.4528E-004   2.2500E-002  -1.0614E-002  -1.3125E-003  -1.0906E-003   4.5470E-004  -9.4584E-005  -2.5480E-002   1.3020E-002   7.4135E-002  
 1.6290E-001  -4.4411E-001  -9.6205E-002   8.8135E-002   2.9661E+000  -5.0650E-001   3.2226E-003  -2.3695E-002  -1.2894E-003   5.4166E-003   7.4330E-002   4.1367E-002  -1.1653E-001  -2.6711E-004  -1.3362E-003   2.2013E-002  -3.8854E-003  -1.0668E-003  -2.7027E-003   5.6580E-004  -1.0746E-004  -2.5486E-002   1.4721E-002   7.3652E-002  
 2.4160E-001  -4.3834E-001  -5.4421E-001   9.5301E-002   3.0452E+000  -5.3093E-001   4.7570E-003  -2.4074E-002   6.1286E-003   2.1007E-003   7.1769E-002   3.8877E-002  -1.0153E-001   5.1797E-004  -1.4232E-003   2.0735E-002   3.4239E-003   8.2119E-004  -4.2235E-003   7.0039E-004  -1.4383E-004  -2.4313E-002   1.7139E-002   7.9344E-002  
 4.7036E-001  -4.1690E-001  -9.7026E-001   1.1836E-001   3.1084E+000  -5.9507E-001   8.0215E-003  -2.2741E-002   1.0485E-002  -8.5940E-003   6.4374E-002   3.0345E-002  -8.8379E-002   1.4114E-003  -1.1031E-003   1.8795E-002   1.0468E-002   4.2118E-003  -4.9933E-003   9.0076E-004  -1.6566E-004  -2.2253E-002   2.0205E-002   9.3071E-002  
 8.2553E-001  -3.7839E-001  -1.3425E+000   1.4967E-001   3.1402E+000  -6.7562E-001   1.5299E-002  -1.9644E-002   8.2118E-003  -2.7224E-002   5.1001E-002   1.7230E-002  -7.8026E-002   2.4027E-003  -2.7104E-004   1.6630E-002   1.6490E-002   9.1060E-003  -4.3141E-003   1.1430E-003  -1.7643E-004  -1.9176E-002   2.3752E-002   1.1546E-001  
 1.2756E+000  -3.2021E-001  -1.6321E+000   1.7681E-001   3.1271E+000  -7.3632E-001   3.0187E-002  -1.4263E-002  -5.1443E-003  -5.4884E-002   3.0499E-002   1.9535E-003  -7.1386E-002   3.2972E-003   1.1500E-003   1.4081E-002   2.0046E-002   1.5590E-002  -1.2875E-003   1.4135E-003  -1.2092E-004  -1.5385E-002   2.7824E-002   1.4788E-001  
 1.7779E+000  -2.5996E-001  -1.7915E+000   1.8225E-001   3.0551E+000  -7.2691E-001   5.6931E-002  -6.3282E-003  -3.5255E-002  -9.2668E-002   1.8981E-004  -1.1018E-002  -7.0240E-002   3.7912E-003   4.0000E-003   1.0566E-002   1.8528E-002   2.4902E-002   5.5714E-003   8.3641E-004   2.8044E-004  -1.2086E-002   3.1589E-002   1.5027E-001  
 2.2683E+000  -2.6156E-001  -1.7367E+000   1.4327E-001   2.9123E+000  -5.8508E-001   9.9887E-002   4.2119E-003  -8.8074E-002  -1.4094E-001  -4.3768E-002  -1.3981E-002  -7.7267E-002   2.7848E-003   9.3941E-003   4.9200E-003   7.2168E-003   3.8262E-002   1.8508E-002  -1.0285E-003   4.8652E-004  -1.1518E-002   3.3593E-002   1.5981E-001  
 2.7440E+000  -9.3955E-002  -1.5141E+000   3.4207E-002   2.6872E+000  -2.3921E-001   1.6524E-001   1.7547E-002  -1.7156E-001  -2.0122E-001  -1.0607E-001   2.6256E-003  -9.5105E-002  -8.4165E-004   1.8064E-002  -3.2630E-003  -1.7499E-002   5.6191E-002   3.9500E-002  -3.4223E-003   1.3707E-004  -1.3517E-002   3.4469E-002   1.7513E-001  
 2.8866E+000  -7.9498E-002   1.1610E+000  -3.7459E-003   3.3987E+000  -1.6074E-001  -2.0472E-001   8.1608E-002   9.2199E-002  -3.1594E-001  -1.2024E-001   1.7758E-002  -1.5618E-001  -7.7306E-004  -1.6308E-002  -6.6583E-003   2.8157E-002   6.6092E-002  -2.5378E-002  -5.5179E-003  -1.0640E-003  -1.4524E-002   2.5740E-002   2.0429E-001  
 2.4622E+000  -3.1772E-001   1.4448E+000   1.2609E-001   3.0739E+000  -5.0213E-001  -1.2785E-001   5.3291E-002   2.1724E-002  -2.1636E-001  -5.6146E-002   1.2160E-003  -1.7825E-001   2.0111E-004  -7.4661E-003   3.8208E-003   3.2363E-003   4.4020E-002  -8.1975E-003  -3.0945E-003  -1.1161E-003  -1.3941E-002   2.2567E-002   1.7056E-001  
 1.9990E+000  -5.0648E-001   1.4923E+000   1.8552E-001   2.8657E+000  -6.4260E-001  -7.5943E-002   3.1344E-002  -1.8775E-002  -1.3831E-001  -1.0221E-002   3.1294E-003  -1.8696E-001  -2.0308E-004  -2.2429E-003   1.2305E-002  -1.0793E-002   2.6064E-002   1.1285E-003  -7.6121E-004  -9.1597E-004  -1.4645E-002   1.9135E-002   1.3376E-001  
 1.5509E+000  -6.2522E-001   1.3550E+000   1.9759E-001   2.7584E+000  -6.5231E-001  -4.1888E-002   1.4488E-002  -3.7538E-002  -7.8229E-002   2.1403E-002   1.5179E-002  -1.8443E-001  -1.1788E-003  -2.4734E-004   1.8246E-002  -1.6291E-002   1.3151E-002   4.7480E-003   3.3654E-004  -3.4303E-004  -1.7186E-002   1.5147E-002   1.2900E-001  
 1.1374E+000  -7.2159E-001   1.0891E+000   1.8327E-001   2.7354E+000  -5.9280E-001  -2.0877E-002   2.0046E-003  -4.0408E-002  -3.4463E-002   4.1963E-002   3.0286E-002  -1.7374E-001  -1.6067E-003  -1.9904E-004   2.1977E-002  -1.6621E-002   4.7501E-003   5.0117E-003   5.4245E-004  -1.7687E-004  -2.0366E-002   1.1662E-002   8.6755E-002  
 8.1023E-001  -7.8714E-001   7.3768E-001   1.5990E-001   2.7758E+000  -5.1401E-001  -8.7698E-003  -6.6542E-003  -3.2873E-002  -5.0250E-003   5.4841E-002   4.3991E-002  -1.5813E-001  -1.5583E-003  -7.4199E-004   2.4537E-002  -1.4433E-002  -6.6234E-004   3.2194E-003   6.0368E-004  -9.1220E-005  -2.2454E-002   1.1339E-002   6.2586E-002  
 5.9948E-001  -8.2575E-001   3.3113E-001   1.3951E-001   2.8595E+000  -4.5197E-001  -2.0038E-003  -1.2194E-002  -1.9069E-002   1.2091E-002   6.1815E-002   5.3770E-002  -1.3930E-001  -1.0925E-003  -1.4444E-003   2.6009E-002  -1.0268E-002  -3.4293E-003   1.9961E-004   5.7350E-004  -5.5238E-005  -2.3367E-002   1.3481E-002   7.7746E-002  
 5.2756E-001  -8.3932E-001  -9.7845E-002   1.3001E-001   2.9635E+000  -4.2971E-001   1.9780E-003  -1.4886E-002  -2.4354E-003   1.7981E-002   6.3788E-002   5.7783E-002  -1.1920E-001  -2.9883E-004  -2.0404E-003   2.6196E-002  -4.5633E-003  -3.7766E-003  -3.4115E-003   5.4758E-004  -9.5980E-005  -2.3207E-002   1.6414E-002   8.8503E-002  
 5.9946E-001  -8.2886E-001  -5.2635E-001   1.3424E-001   3.0662E+000  -4.5417E-001   5.5539E-003  -1.5036E-002   1.4208E-002   1.3250E-002   6.0841E-002   5.5412E-002  -9.9570E-002   8.0606E-004  -2.3661E-003   2.5307E-002   1.9084E-003  -1.7859E-003  -6.9890E-003   5.6135E-004  -1.4261E-004  -2.1938E-002   1.9741E-002   1.0461E-001  
 8.0981E-001  -7.9320E-001  -9.3138E-001   1.5013E-001   3.1456E+000  -5.1831E-001   1.0948E-002  -1.2640E-002   2.8059E-002  -2.5171E-003   5.2338E-002   4.6934E-002  -8.1918E-002   2.2247E-003  -2.2659E-003   2.3621E-002   8.4418E-003   2.5576E-003  -9.8860E-003   6.2713E-004  -1.7893E-004  -1.9637E-002   2.3353E-002   1.1954E-001  
 1.1362E+000  -7.3048E-001  -1.2803E+000   1.7020E-001   3.1791E+000  -5.9892E-001   2.0828E-002  -7.3500E-003   3.5557E-002  -3.0136E-002   3.7539E-002   3.3804E-002  -6.7976E-002   3.8306E-003  -1.5933E-003   2.1095E-002   1.3828E-002   9.2372E-003  -1.1292E-002   7.7425E-004  -1.0998E-004  -1.6491E-002   2.7207E-002   1.3644E-001  
 1.5484E+000  -6.3677E-001  -1.5427E+000   1.8229E-001   3.1466E+000  -6.5996E-001   3.8774E-002   1.3935E-003   3.2521E-002  -7.1327E-002   1.5074E-002   1.8497E-002  -5.9426E-002   5.6352E-003  -1.6868E-004   1.7653E-002   1.6702E-002   1.8663E-002  -1.0455E-002   9.2611E-004   2.8623E-004  -1.2921E-002   3.1298E-002   1.6343E-001  
 1.9693E+000  -6.0536E-001  -1.6157E+000   1.6831E-001   3.0265E+000  -6.5126E-001   6.8673E-002   1.3762E-002   1.3248E-002  -1.2753E-001  -1.8444E-002   5.8276E-003  -5.9718E-002   7.8243E-003   3.3128E-003   1.1607E-002   1.2943E-002   3.2862E-002  -6.2433E-003   3.8140E-004   1.6241E-003  -1.1030E-002   3.4144E-002   1.5102E-001  
 2.4364E+000  -4.1959E-001  -1.5642E+000   1.0549E-001   2.8014E+000  -5.1048E-001   1.1456E-001   2.9882E-002  -2.8083E-002  -1.9936E-001  -6.6938E-002   3.8821E-003  -7.3024E-002   9.5453E-003   1.0752E-002   2.0162E-003  -1.8024E-003   5.3252E-002   3.6701E-003  -1.7605E-003   3.3108E-003  -1.2305E-002   3.5112E-002   1.5613E-001  
 2.8542E+000  -1.8788E-001  -1.3054E+000  -3.9515E-002   2.4472E+000  -1.5830E-001   1.7282E-001   4.6449E-002  -9.4841E-002  -2.8220E-001  -1.3823E-001   2.7435E-002  -1.0752E-001   8.0230E-003   2.8220E-002  -1.2451E-002  -3.3465E-002   8.3722E-002   2.3342E-002  -7.6930E-003   3.9805E-003  -1.4794E-002   3.5297E-002   2.0883E-001  
 2.9849E+000  -1.5291E-001   9.5226E-001  -1.6568E-001   3.8335E+000  -7.1605E-002  -1.7885E-001   9.9121E-002  -1.0579E-002  -3.5578E-001  -1.8196E-001   5.9748E-002  -1.0413E-001   2.3155E-002  -2.8880E-002  -2.8842E-002   6.7118E-002   9.2607E-002  -4.5844E-003  -1.1549E-003  -8.7756E-003  -1.8123E-002   1.8866E-002   1.4744E-001  
 2.6999E+000  -4.0932E-001   1.1970E+000   6.7513E-002   3.2974E+000  -4.4583E-001  -1.5798E-001   9.5522E-002  -7.0411E-002  -2.7062E-001  -8.6905E-002   1.8976E-002  -1.7209E-001   5.5687E-003  -7.8362E-003  -4.8160E-003   1.4379E-002   5.5653E-002   1.0735E-002  -1.7471E-003  -2.4643E-003  -1.4182E-002   2.0873E-002   1.7948E-001  
 2.2966E+000  -6.7260E-001   1.3001E+000   1.5526E-001   2.9914E+000  -5.8432E-001  -9.8562E-002   6.5193E-002  -9.3347E-002  -1.6595E-001  -3.6783E-002   2.0593E-002  -1.8814E-001   3.2395E-003  -2.1318E-003   6.3197E-003  -1.9381E-003   3.2661E-002   1.6361E-002   5.8346E-004  -2.0213E-003  -1.4458E-002   1.7373E-002   1.1740E-001  
 1.8894E+000  -8.8082E-001   1.2010E+000   1.9243E-001   2.8172E+000  -5.9348E-001  -5.8867E-002   4.2315E-002  -9.5966E-002  -8.6141E-002  -1.2063E-003   3.2239E-002  -1.9037E-001   4.1774E-004   2.0876E-004   1.4815E-002  -1.0315E-002   1.5245E-002   1.6394E-002   1.4287E-003  -7.5976E-004  -1.5703E-002   1.4420E-002   1.2485E-001  
 1.5411E+000  -9.9112E-001   9.9247E-001   1.9804E-001   2.7542E+000  -5.3400E-001  -3.3257E-002   2.5539E-002  -8.3917E-002  -2.8006E-002   2.2474E-002   4.7274E-002  -1.8167E-001  -1.3354E-003   1.3478E-004   2.0579E-002  -1.2975E-002   3.5018E-003   1.3206E-002   1.1845E-003  -1.2956E-004  -1.7638E-002   1.2440E-002   8.5952E-002  
 1.2497E+000  -1.0843E+000   6.7565E-001   1.8869E-001   2.7755E+000  -4.5550E-001  -1.6991E-002   1.3605E-002  -6.1969E-002   1.1533E-002   3.7057E-002   6.1051E-002  -1.6541E-001  -1.8485E-003  -7.5571E-004   2.4089E-002  -1.2059E-002  -3.9283E-003   8.4922E-003   9.2003E-004   3.4995E-005  -1.9570E-002   1.2623E-002   8.8312E-002  
 1.0610E+000  -1.1390E+000   3.0039E-001   1.7677E-001   2.8538E+000  -3.9378E-001  -6.7003E-003   6.0549E-003  -3.4203E-002   3.4646E-002   4.4837E-002   7.0916E-002  -1.4468E-001  -1.5770E-003  -1.8665E-003   2.6277E-002  -9.0588E-003  -7.9984E-003   2.6352E-003   6.9161E-004   6.4873E-005  -2.0376E-002   1.5317E-002   1.1167E-001  
 9.9565E-001  -1.1576E+000  -9.9278E-002   1.6991E-001   2.9595E+000  -3.7168E-001   4.4846E-004   2.4300E-003  -4.0308E-003   4.2673E-002   4.6723E-002   7.5117E-002  -1.2201E-001  -7.0576E-004  -2.8999E-003   2.7232E-002  -4.6080E-003  -8.9264E-003  -3.7388E-003   4.9714E-004  -2.1134E-005  -2.0002E-002   1.8988E-002   1.2450E-001  
 1.0587E+000  -1.1416E+000  -4.9840E-001   1.7081E-001   3.0637E+000  -3.9612E-001   7.0565E-003   2.4498E-003   2.6138E-002   3.6424E-002   4.3005E-002   7.2965E-002  -9.9429E-002   6.8507E-004  -3.6549E-003   2.6940E-002   8.0176E-004  -6.8231E-003  -1.0149E-002   3.8162E-004  -1.4348E-004  -1.8563E-002   2.2881E-002   1.2587E-001  
 1.2449E+000  -1.0895E+000  -8.7206E-001   1.7744E-001   3.1377E+000  -4.6005E-001   1.5769E-002   6.2866E-003   5.3852E-002   1.5299E-002   3.3151E-002   6.4647E-002  -7.8992E-002   2.5590E-003  -3.9712E-003   2.5416E-002   6.2785E-003  -1.5867E-003  -1.5953E-002   3.8072E-004  -1.9041E-004  -1.6204E-002   2.6865E-002   1.4806E-001  
 1.5333E+000  -9.9878E-001  -1.1862E+000   1.8254E-001   3.1518E+000  -5.4048E-001   2.9416E-002   1.4217E-002   7.5570E-002  -2.1849E-002   1.6344E-002   5.1566E-002  -6.3352E-002   4.9697E-003  -3.6964E-003   2.2470E-002   1.0493E-002   6.9960E-003  -2.0551E-002   6.6962E-004  -4.4542E-005  -1.3333E-002   3.0781E-002   1.6252E-001  
 1.8434E+000  -9.0684E-001  -1.3565E+000   1.7338E-001   3.0787E+000  -6.0160E-001   5.1146E-002   2.6343E-002   8.6888E-002  -7.6661E-002  -9.7074E-003   3.6300E-002  -5.6008E-002   8.5884E-003  -2.5025E-003   1.6517E-002   1.0556E-002   2.0250E-002  -2.3769E-002   1.3144E-003   1.0863E-003  -1.1507E-002   3.3736E-002   1.5473E-001  
 2.2507E+000  -7.1556E-001  -1.4104E+000   1.3231E-001   2.8905E+000  -5.9346E-001   8.5415E-002   4.3541E-002   8.2897E-002  -1.5170E-001  -4.7901E-002   2.3967E-002  -6.1053E-002   1.3580E-002   1.3978E-003   6.9783E-003   3.2807E-003   3.9849E-002  -2.3891E-002   1.2241E-003   3.5566E-003  -1.1617E-002   3.5471E-002   1.5891E-001  
 2.6537E+000  -4.6102E-001  -1.3042E+000   3.7933E-002   2.5650E+000  -4.5444E-001   1.3650E-001   6.6121E-002   5.7837E-002  -2.4890E-001  -1.0187E-001   2.2355E-002  -8.2875E-002   1.8446E-002   9.3401E-003  -6.7847E-003  -1.5011E-002   6.6385E-002  -1.8510E-002  -4.5480E-004   5.5784E-003  -1.3905E-002   3.5910E-002   1.4416E-001  
 2.8985E+000  -2.3791E-001  -1.1308E+000  -2.3690E-001   1.9749E+000  -4.3323E-002   1.1594E-001   4.2422E-002   1.2794E-002  -2.9872E-001  -2.2051E-001   7.3523E-002  -1.7881E-001   2.9404E-002   4.8046E-002  -4.8757E-002  -8.7963E-002   1.1552E-001  -5.2661E-003  -7.2959E-003   6.6678E-003  -1.8468E-002   2.7175E-002   1.4951E-001  
 2.2840E+000  -9.7002E-001   9.9710E-001   1.5578E-001   2.9872E+000  -6.0202E-001  -8.1678E-002   8.5255E-002  -1.7551E-001  -7.8881E-002  -3.5632E-002   4.5343E-002  -1.8550E-001   2.8180E-003   2.8546E-003   5.5161E-003  -1.9049E-003   1.4221E-002   3.3257E-002   3.2984E-003  -4.6109E-004  -1.4699E-002   1.5250E-002   1.2919E-001  
 1.9717E+000  -1.1686E+000   8.1610E-001   1.8641E-001   2.8574E+000  -5.4317E-001  -4.9742E-002   6.3091E-002  -1.4321E-001  -5.1831E-003  -8.0282E-003   6.0606E-002  -1.8168E-001  -7.5347E-004   2.1443E-003   1.3867E-002  -7.3970E-003  -1.0151E-003   2.5560E-002   2.3333E-003   5.3385E-004  -1.5266E-002   1.4832E-002   1.0572E-001  
 1.7421E+000  -1.2683E+000   5.7950E-001   1.9521E-001   2.8313E+000  -4.6541E-001  -2.8045E-002   4.7368E-002  -1.0189E-001   4.5242E-002   9.2720E-003   7.4829E-002  -1.6783E-001  -2.4593E-003   3.7188E-004   1.9331E-002  -8.5677E-003  -1.0773E-002   1.6493E-002   1.3174E-003   7.6665E-004  -1.6151E-002   1.6113E-002   1.2889E-001  
 1.5844E+000  -1.3370E+000   2.5797E-001   1.9431E-001   2.8754E+000  -4.0420E-001  -1.2964E-002   3.7470E-002  -5.5155E-002   7.5021E-002   1.8541E-002   8.5184E-002  -1.4776E-001  -2.7031E-003  -1.7877E-003   2.2880E-002  -7.1643E-003  -1.6155E-002   6.5082E-003   6.1951E-004   4.1714E-004  -1.6430E-002   1.9052E-002   1.5172E-001  
 1.5273E+000  -1.3617E+000  -1.0050E-001   1.9093E-001   2.9539E+000  -3.8236E-001  -1.3933E-003   3.2749E-002  -6.2373E-003   8.5442E-002   2.0569E-002   8.9623E-002  -1.2469E-001  -1.9219E-003  -3.7134E-003   2.4535E-002  -4.1212E-003  -1.7725E-002  -3.6896E-003   2.5499E-004   1.3252E-006  -1.5985E-002   2.2658E-002   1.5016E-001  
 1.5797E+000  -1.3392E+000  -4.5839E-001   1.8789E-001   3.0309E+000  -4.0670E-001   9.5779E-003   3.2984E-002   4.2621E-002   7.7457E-002   1.5936E-002   8.7535E-002  -1.0146E-001  -3.9211E-004  -5.3543E-003   2.4431E-002  -1.8245E-004  -1.5594E-002  -1.4019E-002   5.3328E-005  -4.9853E-004  -1.4703E-002   2.6499E-002   1.5158E-001  
 1.7287E+000  -1.2662E+000  -7.9313E-001   1.8275E-001   3.0705E+000  -4.7028E-001   2.2779E-002   3.8208E-002   8.9038E-002   5.0392E-002   4.0302E-003   7.8990E-002  -8.1162E-002   2.1415E-003  -6.8837E-003   2.2057E-002   3.3624E-003  -9.4349E-003  -2.4435E-002   5.3566E-004  -9.7865E-004  -1.3153E-002   3.0094E-002   1.6651E-001  
 1.9233E+000  -1.1432E+000  -1.0364E+000   1.6866E-001   3.0369E+000  -5.5011E-001   4.1225E-002   4.8921E-002   1.2976E-001   3.2675E-003  -1.5957E-002   6.5697E-002  -6.7321E-002   6.1218E-003  -7.6440E-003   1.7110E-002   4.7874E-003   1.6297E-003  -3.4072E-002   1.6189E-003  -5.0108E-004  -1.1689E-002   3.3151E-002   1.6116E-001  
 2.2287E+000  -9.6248E-001  -1.1718E+000   1.3247E-001   2.8956E+000  -6.1081E-001   6.8130E-002   6.4980E-002   1.6045E-001  -6.6049E-002  -4.6689E-002   5.0238E-002  -6.4967E-002   1.2534E-002  -7.3714E-003   7.8748E-003   1.0328E-003   1.9020E-002  -4.2935E-002   3.3072E-003   1.3145E-003  -1.1852E-002   3.4989E-002   1.4751E-001  
 2.6767E+000  -8.5659E-001   7.3064E-001   6.9083E-002   3.2886E+000  -7.3804E-001  -1.1180E-001   1.4923E-001  -2.7971E-001  -5.0802E-002  -8.4395E-002   4.8200E-002  -1.6736E-001   4.6412E-003   8.2381E-003  -1.1323E-002   8.8128E-003   8.0215E-003   5.5113E-002   4.4639E-003   8.9056E-004  -1.4354E-002   1.7655E-002   1.3850E-001  
 2.4243E+000  -1.1102E+000   6.2390E-001   1.2771E-001   3.0615E+000  -6.8134E-001  -7.1115E-002   1.1962E-001  -2.2023E-001   3.9863E-002  -5.2732E-002   6.3511E-002  -1.7101E-001  -7.7676E-004   6.7560E-003  -9.7294E-004   5.1692E-004  -1.0796E-002   4.2499E-002   3.1812E-003   2.0030E-003  -1.4392E-002   1.7661E-002   1.5483E-001  
 2.2173E+000  -1.2744E+000   4.0584E-001   1.5782E-001   2.9548E+000  -6.0527E-001  -4.2423E-002   9.9197E-002  -1.5391E-001   1.0184E-001  -3.2115E-002   7.8277E-002  -1.6324E-001  -4.4131E-003   3.2737E-003   6.6730E-003  -3.4706E-003  -2.3359E-002   2.7610E-002   1.0700E-003   1.9548E-003  -1.4402E-002   1.9239E-002   1.6031E-001  
 2.0777E+000  -1.3693E+000   1.2396E-001   1.7000E-001   2.9303E+000  -5.4524E-001  -2.1056E-002   8.6361E-002  -8.2583E-002   1.3867E-001  -2.0963E-002   8.9183E-002  -1.4733E-001  -5.8067E-003  -7.6756E-004   1.1784E-002  -4.4346E-003  -3.0469E-002   1.1970E-002  -4.4276E-004   8.5565E-004  -1.4069E-002   2.2155E-002   1.5196E-001  
 2.0230E+000  -1.3852E+000  -1.7071E-001   1.7085E-001   2.9467E+000  -5.2389E-001  -3.6491E-003   8.0306E-002  -9.4485E-003   1.5167E-001  -1.8473E-002   9.3902E-002  -1.2730E-001  -5.4463E-003  -4.6130E-003   1.4037E-002  -3.5263E-003  -3.2779E-002  -3.7903E-003  -1.0575E-003  -5.3777E-004  -1.3531E-002   2.5537E-002   1.4594E-001  
 2.0582E+000  -1.3490E+000  -4.6285E-001   1.6291E-001   2.9616E+000  -5.4805E-001   1.2999E-002   8.0628E-002   6.3496E-002   1.4186E-001  -2.4209E-002   9.1631E-002  -1.0711E-001  -3.6288E-003  -8.3068E-003   1.3377E-002  -2.0389E-003  -3.0465E-002  -1.9937E-002  -8.0857E-004  -1.9122E-003  -1.2939E-002   2.8840E-002   1.5678E-001  
 2.1801E+000  -1.2360E+000  -7.0323E-001   1.4367E-001   2.9321E+000  -6.1089E-001   3.2047E-002   8.7296E-002   1.3415E-001   1.0850E-001  -3.8834E-002   8.2513E-002  -9.0946E-002   7.1005E-005  -1.1981E-002   9.2065E-003  -1.5956E-003  -2.2947E-002  -3.6653E-002   6.1052E-004  -2.9144E-003  -1.2618E-002   3.1659E-002   1.6288E-001  
 2.3727E+000  -1.0587E+000  -8.6131E-001   1.0596E-001   2.8164E+000  -6.8972E-001   5.6356E-002   1.0057E-001   1.9883E-001   5.0829E-002  -6.3321E-002   6.8288E-002  -8.3852E-002   6.7140E-003  -1.5074E-002   9.3266E-004  -4.3425E-003  -8.9244E-003  -5.3413E-002   3.2347E-003  -2.2874E-003  -1.3012E-002   3.3691E-002   1.4692E-001  
 2.6139E+000  -8.1714E-001  -9.2284E-001   3.8682E-002   2.5752E+000  -7.4869E-001   9.0237E-002   1.2169E-001   2.5548E-001  -3.3998E-002  -9.9309E-002   5.2782E-002  -9.0041E-002   1.6125E-002  -1.5719E-002  -1.1350E-002  -1.2295E-002   1.2761E-002  -6.8400E-002   5.2240E-003   2.2344E-004  -1.4017E-002   3.5349E-002   1.7178E-001  
 2.9986E+000  -5.3520E-001   4.3051E-001  -1.4056E-001   3.7730E+000  -1.0828E+000  -1.2377E-001   1.9499E-001  -4.0330E-001   1.1571E-002  -1.7317E-001   1.6560E-002  -1.0540E-001   6.5240E-003   9.4666E-003  -5.9327E-002   3.2471E-002  -5.3781E-003   8.8296E-002  -8.0936E-005  -3.9608E-003  -1.8177E-002   1.6688E-002   1.1938E-001  
 2.8437E+000  -8.0930E-001   3.9694E-001   1.4839E-003   3.3798E+000  -1.0161E+000  -9.9844E-002   2.0483E-001  -3.2130E-001   1.1617E-001  -1.1459E-001   4.9243E-002  -1.4912E-001  -2.3080E-003   1.2298E-002  -2.5495E-002   9.9650E-003  -2.7556E-002   6.2087E-002   3.1184E-003   2.1226E-003  -1.4750E-002   2.0844E-002   1.4457E-001  
 2.6828E+000  -1.0107E+000   2.5663E-001   5.3102E-002   3.1559E+000  -9.4523E-001  -6.1314E-002   1.7646E-001  -2.2134E-001   1.8951E-001  -9.1168E-002   6.3113E-002  -1.5029E-001  -9.0064E-003   7.4195E-003  -1.6944E-002   3.1053E-003  -4.3727E-002   4.1191E-002  -2.3952E-004   2.1921E-003  -1.4582E-002   2.1659E-002   1.4388E-001  
 2.5733E+000  -1.1302E+000   6.0872E-002   7.8971E-002   3.0232E+000  -8.8810E-001  -3.1638E-002   1.5910E-001  -1.1822E-001   2.3337E-001  -7.8255E-002   7.3705E-002  -1.4269E-001  -1.2343E-002   7.8822E-004  -1.1268E-002  -9.7054E-004  -5.3262E-002   1.8483E-002  -2.4796E-003   4.4884E-004  -1.4304E-002   2.4114E-002   1.6138E-001  
 2.5287E+000  -1.1592E+000  -1.5877E-001   8.3893E-002   2.9374E+000  -8.6809E-001  -6.7455E-003   1.5083E-001  -1.4435E-002   2.4884E-001  -7.5502E-002   7.8099E-002  -1.3043E-001  -1.2806E-002  -6.3556E-003  -9.1065E-003  -3.3505E-003  -5.6571E-002  -4.8908E-003  -3.2699E-003  -2.1299E-003  -1.4119E-002   2.6959E-002   1.7761E-001  
 2.5531E+000  -1.1042E+000  -3.6969E-001   7.0190E-002   2.8495E+000  -8.9199E-001   1.7189E-002   1.5105E-001   8.8973E-002   2.3716E-001  -8.2541E-002   7.5499E-002  -1.1821E-001  -1.0376E-002  -1.3485E-002  -1.0634E-002  -5.4744E-003  -5.3687E-002  -2.8876E-002  -2.2594E-003  -4.4876E-003  -1.4052E-002   2.9736E-002   1.7282E-001  
 2.6433E+000  -9.6886E-001  -5.3396E-001   3.4933E-002   2.7106E+000  -9.5302E-001   4.3676E-002   1.5972E-001   1.9072E-001   1.9762E-001  -1.0003E-001   6.6034E-002  -1.1111E-001  -4.5319E-003  -2.0100E-002  -1.6596E-002  -9.1640E-003  -4.3858E-002  -5.3433E-002   3.6495E-004  -5.3392E-003  -1.4481E-002   3.1985E-002   1.8013E-001  
 2.7778E+000  -7.7933E-001  -6.2950E-001  -3.7722E-002   2.4666E+000  -1.0367E+000   7.1560E-002   1.6660E-001   2.7889E-001   1.2572E-001  -1.3316E-001   4.5746E-002  -1.2094E-001   5.4041E-003  -3.1031E-002  -3.1431E-002  -1.8181E-002  -2.8080E-002  -8.2463E-002   4.8265E-003  -6.4663E-003  -1.5256E-002   3.3460E-002   1.9611E-001  
 2.8535E+000  -5.9655E-001  -6.9478E-001  -2.2613E-001   1.9964E+000  -1.1516E+000   6.8356E-002   1.1750E-001   3.0459E-001   1.8389E-002  -2.1296E-001   8.0758E-003  -1.8574E-001   2.6050E-002  -5.6686E-002  -8.0255E-002  -5.4627E-002   9.3803E-004  -1.1413E-001   9.2321E-003  -8.4358E-003  -1.8468E-002   2.6579E-002   1.7884E-001  
