 6.8337E+000   8.8920E+000  -3.5194E+000   1.0712E+000   1.2973E+000   1.6671E-001  -1.3440E-001  -1.6492E+000  -1.5883E+000   6.7489E-001   1.0241E-001   1.2977E-001   8.2344E-001  -1.0003E+000   2.5804E-001  -7.5777E-002  -2.7146E-001   8.1073E-001  -5.5790E-001   1.4115E-002  -6.3241E-002   1.5981E-002   6.5914E-001   3.5011E+000  
 4.8135E+000   1.0763E+001  -4.4141E+000  -2.1366E-001  -5.9957E-001  -1.6139E-001   1.1026E+000  -4.4359E-001  -2.3615E-001  -1.3838E-001  -8.4364E-002   9.7869E-002  -1.9248E-001  -2.6011E-001   8.0490E-002  -5.1668E-003  -1.4849E-001   3.6903E-001  -2.7759E-001  -1.4504E-001  -4.6016E-002   1.4042E-002   6.0785E-001   3.6586E+000  
 4.2544E+000   9.0502E+000  -9.0403E+000  -1.3180E-001  -5.1394E-001  -1.7660E-001   1.2318E+000  -3.1785E-001  -1.1225E-001  -1.9459E-001  -8.3529E-002   6.5570E-002  -2.1595E-001  -1.6697E-001   1.1765E-001   1.2532E-002  -1.2827E-001   2.7632E-001  -3.2819E-001  -1.2277E-001   3.2727E-003   5.3116E-003   5.7778E-001   3.4880E+000  
 3.4937E+000   5.7613E+000  -1.1534E+001  -1.7743E-002  -4.4004E-001  -2.0635E-001   1.3039E+000  -2.3400E-001  -2.6096E-002  -2.2981E-001  -7.7410E-002   5.6373E-002  -2.1129E-001  -9.1796E-002   1.5338E-001   1.0402E-002  -1.2283E-001   1.7093E-001  -3.8383E-001  -6.8611E-002   3.2996E-002  -4.5196E-003   5.6610E-001   3.4013E+000  
 2.6803E+000   1.6824E+000  -1.2176E+001   8.1591E-002  -3.7416E-001  -2.8553E-001   1.3423E+000  -1.5442E-001   6.8200E-002  -2.4288E-001  -8.0532E-002   4.5634E-002  -2.1682E-001  -2.0293E-002   1.7018E-001   9.6393E-003  -1.2170E-001   5.7109E-002  -4.1790E-001  -6.7535E-003   3.9644E-002  -1.3455E-002   5.6204E-001   3.2870E+000  
 1.9320E+000  -2.4778E+000  -1.2057E+001   1.6275E-001  -2.7049E-001  -4.0872E-001   1.3497E+000  -8.3352E-002   1.7342E-001  -2.2883E-001  -9.3162E-002   2.7985E-002  -2.3455E-001   5.3218E-002   1.7032E-001   1.2223E-002  -1.2594E-001  -6.3114E-002  -4.2888E-001   5.4023E-002   2.4695E-002  -2.2359E-002   5.6434E-001   3.3195E+000  
 1.3600E+000  -6.0311E+000  -9.9733E+000   2.1626E-001  -7.6705E-002  -5.5736E-001   1.3306E+000  -2.5071E-002   2.8467E-001  -1.8063E-001  -1.1707E-001  -1.6498E-003  -2.5243E-001   1.3519E-001   1.4990E-001   2.1683E-002  -1.3825E-001  -1.8824E-001  -4.1826E-001   1.0493E-001  -1.0110E-002  -3.2900E-002   5.7344E-001   3.3894E+000  
 1.0786E+000  -8.1749E+000  -5.6414E+000   1.7328E-001   3.0178E-001  -7.3009E-001   1.2651E+000   6.7753E-002   3.4195E-001  -8.9598E-002  -1.7305E-001  -7.0037E-002  -2.1631E-001   2.3945E-001   1.3045E-001   6.4008E-002  -1.7393E-001  -3.1283E-001  -4.1564E-001   1.2311E-001  -6.3357E-002  -4.3148E-002   5.9950E-001   3.5474E+000  
-6.9574E-001  -6.7838E+000  -4.8425E+000  -1.4105E+000   3.0363E+000  -1.2094E+000   6.1230E-002   1.3056E+000  -8.9265E-001  -7.0987E-001  -4.9374E-001  -1.6479E-001   8.9561E-001   1.0176E+000   3.2134E-001   2.1736E-001  -3.5204E-001  -8.0618E-001  -7.4796E-001  -4.1787E-002  -6.9203E-002  -5.1928E-002   6.4679E-001   3.4288E+000  
 5.6119E+000   1.3747E+001  -2.0637E+000  -3.0350E-001  -4.6929E-001   1.3518E-001   1.0624E+000  -3.9386E-001  -1.7617E-001  -6.0055E-003  -5.5377E-002   1.1927E-001  -2.2568E-001  -2.1871E-001  -5.4671E-002   7.9818E-003  -1.1748E-001   3.7532E-001  -1.0402E-001  -1.1021E-001  -1.1340E-001   2.6618E-002   5.3722E-001   3.2583E+000  
 5.2203E+000   1.2805E+001  -5.3923E+000  -1.7180E-001  -3.5159E-001   1.6109E-001   1.1970E+000  -3.2583E-001  -1.2935E-001  -6.1690E-002  -2.3800E-002   9.5491E-002  -2.0172E-001  -1.6613E-001   1.0602E-002   5.2910E-003  -1.0573E-001   3.1044E-001  -1.8771E-001  -1.1160E-001  -6.2757E-002   1.7366E-002   5.0906E-001   3.0962E+000  
 4.4073E+000   9.3304E+000  -1.1396E+001  -5.1231E-002  -3.2755E-001   1.7110E-001   1.3018E+000  -2.4983E-001  -8.1748E-002  -1.0289E-001  -1.0514E-002   7.9526E-002  -1.8245E-001  -1.1258E-001   5.3240E-002   9.8704E-004  -1.0083E-001   2.2973E-001  -2.5460E-001  -9.0440E-002  -2.3232E-002   6.9037E-003   4.8973E-001   3.0482E+000  
 3.3328E+000   5.9626E+000  -1.5836E+001   6.2392E-002  -3.5412E-001   1.4068E-001   1.3737E+000  -1.6973E-001  -2.8078E-002  -1.3313E-001  -9.7803E-003   7.0157E-002  -1.7404E-001  -6.2287E-002   7.7545E-002  -5.3191E-003  -9.8252E-002   1.3524E-001  -3.0286E-001  -5.2538E-002   2.1787E-004  -2.7069E-003   4.7825E-001   2.9135E+000  
 2.1702E+000   1.8645E+000  -1.6271E+001   1.6840E-001  -3.8959E-001   5.9434E-002   1.4078E+000  -8.8428E-002   3.6355E-002  -1.4756E-001  -2.2613E-002   6.2476E-002  -1.8436E-001  -1.4083E-002   8.8127E-002  -1.2901E-002  -9.5997E-002   3.3387E-002  -3.2888E-001  -8.5414E-003   6.5173E-003  -1.2612E-002   4.7385E-001   2.8186E+000  
 1.0943E+000  -2.3056E+000  -1.6477E+001   2.6601E-001  -3.9091E-001  -6.7525E-002   1.4051E+000  -1.3415E-002   1.1137E-001  -1.3928E-001  -4.3508E-002   4.7697E-002  -2.1223E-001   3.4772E-002   8.7268E-002  -1.7731E-002  -9.4431E-002  -7.3076E-002  -3.3239E-001   3.5150E-002  -5.1255E-003  -2.2327E-002   4.7554E-001   2.8434E+000  
 2.6944E-001  -5.8751E+000  -1.2637E+001   3.4874E-001  -3.1541E-001  -2.2167E-001   1.3710E+000   4.7992E-002   1.9311E-001  -9.9617E-002  -6.8429E-002   1.7632E-002  -2.5058E-001   8.8085E-002   7.2725E-002  -1.4465E-002  -9.6397E-002  -1.8231E-001  -3.1419E-001   7.1366E-002  -3.3065E-002  -3.2300E-002   4.8403E-001   2.9638E+000  
-1.6223E-001  -9.6959E+000  -7.0744E+000   4.0227E-001  -1.2190E-001  -3.6773E-001   1.3168E+000   9.1488E-002   2.7037E-001  -2.1917E-002  -1.0017E-001  -2.8098E-002  -2.8256E-001   1.4896E-001   3.8154E-002  -2.3414E-003  -1.0720E-001  -2.8999E-001  -2.7669E-001   8.9551E-002  -7.3711E-002  -4.3706E-002   4.9966E-001   2.9902E+000  
-8.2725E-002  -1.1153E+001  -3.9692E+000   4.0924E-001   2.2453E-001  -4.5907E-001   1.2546E+000   1.1038E-001   3.3365E-001   9.6721E-002  -1.3607E-001  -8.3651E-002  -2.9439E-001   2.1286E-001  -2.3804E-002   1.8035E-002  -1.3431E-001  -3.9562E-001  -2.1889E-001   8.6634E-002  -1.2150E-001  -5.4102E-002   5.2431E-001   3.1415E+000  
 6.3301E+000   1.5846E+001  -1.7146E+000  -2.5993E-001  -1.7730E-001   2.7810E-001   1.1114E+000  -3.3015E-001  -1.1250E-001   2.8737E-002   1.9583E-002   1.2663E-001  -1.9278E-001  -1.4505E-001  -6.4600E-002   1.2247E-002  -8.9491E-002   3.1740E-001  -5.1953E-002  -6.4799E-002  -1.1016E-001   2.3034E-002   4.6103E-001   2.8746E+000  
 5.8180E+000   1.5517E+001  -7.0134E+000  -1.4114E-001  -1.4167E-001   3.0244E-001   1.2520E+000  -2.7127E-001  -9.0679E-002  -8.0102E-003   4.8027E-002   9.3238E-002  -1.6128E-001  -1.1328E-001  -1.4862E-002   9.6641E-003  -8.4891E-002   2.6338E-001  -1.2782E-001  -7.1991E-002  -7.1467E-002   1.1757E-002   4.3388E-001   2.7274E+000  
 2.3208E+000   3.4476E+000  -5.4271E+000  -2.9657E-002  -1.8621E-001   3.1237E-001   1.3647E+000  -2.0187E-001  -6.5617E-002  -4.0742E-002   5.4372E-002   7.3153E-002  -1.3634E-001  -7.8863E-002   1.6450E-002   2.8970E-003  -8.5877E-002   1.9208E-001  -1.8811E-001  -5.9643E-002  -4.2483E-002   1.8008E-003   4.1621E-001   2.6173E+000  
 1.7032E+000   1.8809E+000  -4.3771E+000   8.0197E-002  -2.7488E-001   2.8161E-001   1.4411E+000  -1.2401E-001  -3.3171E-002  -6.7809E-002   4.2188E-002   6.4442E-002  -1.2641E-001  -4.4639E-002   3.4126E-002  -9.1308E-003  -8.7849E-002   1.0852E-001  -2.2995E-001  -3.6589E-002  -2.5961E-002  -6.3455E-003   4.0554E-001   2.5094E+000  
 1.5830E+000   1.7817E+000  -4.7703E+000   1.8817E-001  -3.7001E-001   2.0028E-001   1.4729E+000  -4.4661E-002   8.6943E-003  -8.3001E-002   1.7157E-002   5.9351E-002  -1.3813E-001  -1.1598E-002   4.1464E-002  -2.2501E-002  -8.5356E-002   1.8506E-002  -2.5073E-001  -9.4938E-003  -2.1914E-002  -1.4921E-002   4.0183E-001   2.4600E+000  
 1.5723E+000   1.6348E+000  -5.0905E+000   2.9665E-001  -4.3671E-001   7.2525E-002   1.4615E+000   3.0108E-002   5.8936E-002  -7.9990E-002  -1.4563E-002   4.7486E-002  -1.6971E-001   2.1588E-002   3.9754E-002  -3.3909E-002  -7.9422E-002  -7.5164E-002  -2.4822E-001   1.7763E-002  -2.9144E-002  -2.2885E-002   4.0212E-001   2.4684E+000  
 1.2828E+000  -7.4894E-002  -6.8183E+000   4.0308E-001  -4.3789E-001  -8.3623E-002   1.4112E+000   9.3594E-002   1.1409E-001  -5.0972E-002  -4.7807E-002   1.9441E-002  -2.1705E-001   5.6883E-002   2.7819E-002  -3.9883E-002  -7.1225E-002  -1.7026E-001  -2.2458E-001   4.0665E-002  -4.8606E-002  -2.9416E-002   4.0918E-001   2.5483E+000  
-1.6843E+000  -1.2424E+001  -9.0637E+000   4.9296E-001  -3.3941E-001  -2.3219E-001   1.3365E+000   1.3761E-001   1.6585E-001   1.2489E-002  -7.8559E-002  -2.8624E-002  -2.6675E-001   9.4499E-002   8.2739E-004  -3.6133E-002  -6.9023E-002  -2.6250E-001  -1.8103E-001   5.2563E-002  -7.8411E-002  -3.7224E-002   4.2308E-001   2.6384E+000  
-1.6013E+000  -1.3134E+001  -4.1484E+000   5.4677E-001  -1.0921E-001  -3.2870E-001   1.2529E+000   1.5971E-001   2.0203E-001   1.1695E-001  -1.0821E-001  -9.3364E-002  -3.0167E-001   1.3320E-001  -4.6948E-002  -2.1214E-002  -8.1874E-002  -3.4910E-001  -1.2001E-001   4.4552E-002  -1.1516E-001  -4.8186E-002   4.4620E-001   2.7594E+000  
 8.1063E+000   8.3670E+000   9.2470E+000   1.1988E+000   1.2890E+000  -9.1232E-001  -1.2284E+000  -1.2014E+000   2.6631E-001   1.7395E+000   1.7240E-001  -5.6051E-001   7.3332E-001  -2.0393E-001  -9.7504E-001  -6.4595E-002  -3.1674E-001   8.4794E-001   4.3654E-001  -2.5860E-002  -4.1111E-002   4.6367E-002   5.2142E-001   2.6568E+000  
 6.7410E+000   1.1566E+001   1.0478E+001  -4.8556E-001  -2.7612E-001   3.6356E-001   7.9286E-001  -3.4177E-001  -7.5524E-002   1.3398E-001  -3.5716E-002   2.2856E-001  -2.0034E-001  -8.5228E-002  -2.0455E-001   2.2179E-003  -1.1379E-001   3.0525E-001   1.6662E-001   3.8004E-002  -1.3148E-001   5.0297E-002   4.7360E-001   2.8737E+000  
 7.2322E+000   1.5037E+001   5.9951E+000  -3.6275E-001  -7.7034E-002   2.8645E-001   9.7871E-001  -3.1018E-001  -7.4317E-002   7.9050E-002   3.5775E-002   1.7783E-001  -1.8400E-001  -9.9211E-002  -1.2267E-001   1.2075E-002  -8.0180E-002   2.9067E-001   8.1541E-002  -1.4349E-003  -1.1794E-001   3.3903E-002   4.3262E-001   2.6615E+000  
 7.2347E+000   1.7375E+001  -1.6470E+000  -2.4956E-001   3.8011E-003   2.8548E-001   1.1483E+000  -2.7303E-001  -6.8608E-002   4.8213E-002   8.8325E-002   1.2478E-001  -1.5255E-001  -9.3984E-002  -6.5702E-002   1.7119E-002  -6.8181E-002   2.6289E-001   1.0683E-003  -3.0328E-002  -9.3563E-002   1.5734E-002   3.9813E-001   2.4917E+000  
 1.7762E+000   1.7196E+000  -3.4534E+000  -1.4533E-001  -1.0989E-002   3.1018E-001   1.3005E+000  -2.2404E-001  -6.2151E-002   2.1875E-002   1.1344E-001   8.3500E-002  -1.1848E-001  -7.7508E-002  -2.7462E-002   1.7041E-002  -7.0733E-002   2.1774E-001  -6.8977E-002  -4.0798E-002  -6.8719E-002   7.5465E-004   3.7156E-001   2.3371E+000  
 1.4118E+000   1.7152E+000  -3.9539E+000  -4.4841E-002  -9.0399E-002   3.2040E-001   1.4254E+000  -1.6225E-001  -5.0810E-002  -5.1484E-003   1.1149E-001   5.9176E-002  -9.1363E-002  -5.6992E-002  -4.0040E-003   1.2157E-002  -8.0022E-002   1.5741E-001  -1.2341E-001  -3.6587E-002  -5.1307E-002  -1.0987E-002   3.5267E-001   2.2450E+000  
 1.1601E+000   1.6699E+000  -4.4402E+000   5.8281E-002  -2.0578E-001   2.9023E-001   1.5089E+000  -9.1255E-002  -3.2331E-002  -2.8028E-002   8.5552E-002   5.0040E-002  -8.0629E-002  -3.4564E-002   1.0160E-002  -2.9234E-003  -9.0075E-002   8.7075E-002  -1.6079E-001  -2.4780E-002  -4.1167E-002  -1.7271E-002   3.4109E-001   2.1879E+000  
 1.0380E+000   1.5878E+000  -4.8760E+000   1.6675E-001  -3.2594E-001   2.0927E-001   1.5408E+000  -1.7443E-002  -6.8916E-003  -4.1699E-002   4.3987E-002   4.6343E-002  -9.1333E-002  -1.1357E-002   1.6131E-002  -2.3850E-002  -9.0356E-002   9.9371E-003  -1.7772E-001  -9.5155E-003  -3.8558E-002  -1.9091E-002   3.3696E-001   2.1377E+000  
 1.0441E+000   1.4704E+000  -5.2374E+000   2.8333E-001  -4.2268E-001   8.1609E-002   1.5210E+000   5.2975E-002   2.3562E-002  -4.1444E-002  -3.1675E-003   3.6207E-002  -1.2182E-001   1.1912E-002   1.4173E-002  -4.3586E-002  -7.8781E-002  -7.0192E-002  -1.7160E-001   6.0351E-003  -4.3378E-002  -1.9899E-002   3.3737E-001   2.1760E+000  
 1.1671E+000   1.3164E+000  -5.4983E+000   4.0601E-001  -4.6644E-001  -7.4724E-002   1.4548E+000   1.1335E-001   5.6162E-002  -2.1152E-002  -4.6754E-002   8.6135E-003  -1.6975E-001   3.4635E-002   3.6181E-003  -5.4989E-002  -5.8943E-002  -1.4966E-001  -1.4404E-001   1.8625E-002  -5.5392E-002  -2.3148E-002   3.4479E-001   2.2056E+000  
 1.3821E+000   1.1248E+000  -5.6269E+000   5.2258E-001  -4.2897E-001  -2.2426E-001   1.3581E+000   1.5642E-001   8.4295E-002   2.6798E-002  -7.9968E-002  -4.2953E-002  -2.2506E-001   5.5942E-002  -1.7226E-002  -5.3594E-002  -4.3508E-002  -2.2567E-001  -9.7255E-002   2.3964E-002  -7.3968E-002  -3.0121E-002   3.5924E-001   2.2665E+000  
-3.3208E+000  -1.4883E+001  -4.4409E+000   6.1392E-001  -2.8405E-001  -3.2140E-001   1.2516E+000   1.7813E-001   9.7178E-002   1.1115E-001  -1.0440E-001  -1.1511E-001  -2.7176E-001   7.5224E-002  -5.4692E-002  -4.2212E-002  -4.2769E-002  -2.9543E-001  -3.2399E-002   1.4688E-002  -9.8064E-002  -4.1557E-002   3.8167E-001   2.3929E+000  
-2.5271E+000  -1.2919E+001   3.0212E+000   6.5144E-001  -7.7592E-003  -3.0686E-001   1.1545E+000   1.7730E-001   8.0582E-002   2.3280E-001  -1.2533E-001  -1.9331E-001  -2.9311E-001   8.5388E-002  -1.1574E-001  -1.9753E-002  -6.9272E-002  -3.5929E-001   4.8714E-002  -1.1616E-002  -1.1914E-001  -5.8460E-002   4.1270E-001   2.5335E+000  
-1.2521E+000  -9.9337E+000   7.7462E+000   5.9553E-001   4.1906E-001  -1.0915E-001   1.0792E+000   1.5773E-001   2.7304E-002   3.7776E-001  -1.5669E-001  -2.4861E-001  -2.7006E-001   7.5419E-002  -2.0862E-001   1.3630E-002  -1.3611E-001  -4.2155E-001   1.4506E-001  -4.5821E-002  -1.3015E-001  -7.6546E-002   4.5131E-001   2.7310E+000  
-2.1162E+000  -7.2081E+000   6.9576E+000  -1.5855E+000   3.1115E+000   1.9584E+000  -9.2995E-001   1.0345E+000   2.6556E-001  -1.1054E+000  -5.7580E-001   6.2389E-001   8.2151E-001   2.2104E-001  -1.0462E+000   1.4805E-001  -4.6276E-001  -1.0407E+000   4.4288E-001   2.8987E-002  -2.5883E-002  -8.1484E-002   4.9950E-001   2.5740E+000  
 6.6142E+000   7.8759E+000   1.3718E+001  -5.1262E-001  -2.4134E-001   4.4661E-001   5.2346E-001  -3.1305E-001   4.1879E-002   2.4433E-001  -4.4652E-002   2.3547E-001  -1.1417E-001   3.8461E-002  -3.0141E-001  -1.6425E-002  -1.6741E-001   2.7004E-001   2.9472E-001   5.1173E-002  -6.3350E-002   6.1039E-002   4.6955E-001   2.7925E+000  
 7.3360E+000   9.6772E+000   1.2243E+001  -4.7018E-001  -7.5023E-002   3.0548E-001   8.1260E-001  -2.6026E-001  -2.8717E-002   1.0202E-001   1.5775E-002   2.4652E-001  -1.6143E-001  -2.6911E-002  -1.6093E-001   6.0831E-003  -8.4754E-002   2.3483E-001   1.9997E-001   5.2619E-002  -8.0772E-002   4.8445E-002   4.1900E-001   2.6172E+000  
 7.9990E+000   1.1168E+001   9.1411E+000  -3.5770E-001   5.3030E-002   2.2342E-001   9.9723E-001  -2.4036E-001  -3.4844E-002   7.1469E-002   9.4195E-002   1.8248E-001  -1.4167E-001  -5.2637E-002  -1.0186E-001   1.4660E-002  -5.7574E-002   2.2765E-001   1.2472E-001   1.7988E-002  -8.1629E-002   2.8356E-002   3.8036E-001   2.3715E+000  
 1.8416E+000   1.3621E+000  -2.9111E+000  -2.5879E-001   8.7994E-002   2.2251E-001   1.1772E+000  -2.1329E-001  -3.7445E-002   5.2635E-002   1.4795E-001   1.2002E-001  -1.1178E-001  -5.8794E-002  -5.9010E-002   2.1443E-002  -5.0495E-002   2.0640E-001   5.0985E-002  -9.0904E-003  -7.1691E-002   4.4845E-003   3.4658E-001   2.1795E+000  
 1.3443E+000   1.3866E+000  -3.4359E+000  -1.6728E-001   5.1407E-002   2.4788E-001   1.3439E+000  -1.7442E-001  -3.8746E-002   3.2043E-002   1.7066E-001   7.1910E-002  -7.9172E-002  -5.3294E-002  -3.1070E-002   2.6305E-002  -5.9638E-002   1.6917E-001  -1.2833E-002  -2.1262E-002  -6.0659E-002  -1.6837E-002   3.1804E-001   2.0513E+000  
 9.4812E-001   1.3791E+000  -3.9738E+000  -7.7087E-002  -3.4249E-002   2.5919E-001   1.4811E+000  -1.2506E-001  -3.6046E-002   1.0642E-002   1.5995E-001   4.4266E-002  -5.3905E-002  -4.2277E-002  -1.2978E-002   2.1917E-002  -8.2315E-002   1.2208E-001  -6.3709E-002  -2.2530E-002  -5.2168E-002  -3.1349E-002   2.9430E-001   1.9159E+000  
 6.8008E-001   1.3421E+000  -4.4943E+000   1.8758E-002  -1.4723E-001   2.2981E-001   1.5732E+000  -6.6473E-002  -2.7545E-002  -7.3868E-003   1.2104E-001   3.3990E-002  -4.3490E-002  -2.8175E-002  -1.7037E-003   5.0852E-003  -1.0505E-001   6.6452E-002  -9.8713E-002  -1.7804E-002  -4.6983E-002  -3.3413E-002   2.7815E-001   1.9000E+000  
 5.5655E-001   1.2777E+000  -4.9615E+000   1.2689E-001  -2.6397E-001   1.4883E-001   1.6075E+000  -2.6078E-003  -1.4276E-002  -1.8210E-002   6.1816E-002   3.1176E-002  -5.0656E-002  -1.1831E-002   3.2518E-003  -2.1539E-002  -1.1110E-001   4.8662E-003  -1.1228E-001  -9.3874E-003  -4.5474E-002  -2.2327E-002   2.6987E-001   1.7650E+000  
 5.7673E-001   1.1887E+000  -5.3515E+000   2.4909E-001  -3.6136E-001   2.0949E-002   1.5796E+000   5.8965E-002   2.6711E-003  -1.8820E-002  -2.3643E-003   2.1905E-002  -7.8126E-002   4.4942E-003   1.5858E-003  -4.7160E-002  -9.1566E-002  -5.8903E-002  -1.0452E-001  -6.2639E-004  -4.8803E-002  -1.0205E-002   2.7461E-001   1.9132E+000  
 7.2950E-001   1.0755E+000  -5.6421E+000   3.8223E-001  -4.1883E-001  -1.3510E-001   1.4985E+000   1.1035E-001   1.8784E-002  -5.1981E-003  -5.6842E-002  -6.8820E-003  -1.2013E-001   1.8577E-002  -6.7601E-003  -6.1085E-002  -5.6923E-002  -1.2121E-001  -7.4098E-002   5.1474E-003  -5.5605E-002  -9.2385E-003   2.8639E-001   1.9016E+000  
 9.8648E-001   9.3665E-001  -5.8040E+000   5.1744E-001  -4.1423E-001  -2.8400E-001   1.3821E+000   1.4693E-001   2.8226E-002   2.8465E-002  -9.5256E-002  -6.1768E-002  -1.7051E-001   2.9556E-002  -2.2815E-002  -6.0845E-002  -2.5685E-002  -1.7970E-001  -2.5169E-002   5.6549E-003  -6.5255E-002  -1.8704E-002   3.0506E-001   2.0041E+000  
 1.3143E+000   7.6666E-001  -5.8068E+000   6.3727E-001  -3.2868E-001  -3.8029E-001   1.2530E+000   1.6625E-001   2.0761E-002   9.0152E-002  -1.1550E-001  -1.4083E-001  -2.1832E-001   3.5166E-002  -5.0196E-002  -4.9376E-002  -1.3387E-002  -2.3385E-001   4.0700E-002  -4.0729E-003  -7.6666E-002  -3.3509E-002   3.2880E-001   2.1011E+000  
-3.9147E+000  -9.4248E+000   5.8403E+000   7.1239E-001  -1.4226E-001  -3.6436E-001   1.1358E+000   1.6629E-001  -1.7689E-002   1.8467E-001  -1.2653E-001  -2.2898E-001  -2.4712E-001   2.9866E-002  -9.6350E-002  -3.1307E-002  -2.9110E-002  -2.8090E-001   1.2269E-001  -2.7307E-002  -8.5285E-002  -5.3123E-002   3.5888E-001   2.2574E+000  
-2.3409E+000  -8.2662E+000   9.0283E+000   7.0543E-001   1.5735E-001  -1.6755E-001   1.0488E+000   1.5030E-001  -9.6535E-002   3.0128E-001  -1.4167E-001  -2.9824E-001  -2.4259E-001   3.7126E-003  -1.6529E-001  -5.8069E-003  -8.4176E-002  -3.2427E-001   2.1715E-001  -5.5775E-002  -8.2777E-002  -7.3704E-002   3.9518E-001   2.4840E+000  
-7.8769E-001  -6.8793E+000   1.1084E+001   4.8195E-001   6.5879E-001   3.7486E-001   9.0228E-001   1.5806E-001  -1.7013E-001   3.4596E-001  -2.1369E-001  -2.5277E-001  -1.4081E-001  -6.6195E-002  -3.2257E-001   3.9963E-002  -2.2153E-001  -4.0666E-001   3.4676E-001  -4.8886E-002  -6.6085E-002  -9.0068E-002   4.4356E-001   2.6444E+000  
 6.9279E+000   5.5807E+000   1.4649E+001  -5.8439E-001  -1.3383E-001   4.5450E-001   6.2765E-001  -1.8674E-001   2.7708E-002   1.0787E-001  -3.9620E-002   3.1518E-001  -1.1713E-001   7.3377E-002  -1.6569E-001   3.2584E-004  -1.1118E-001   1.5861E-001   2.9438E-001   7.2424E-002  -1.0865E-002   6.1605E-002   4.2308E-001   2.6279E+000  
 7.8154E+000   7.5136E+000   1.3922E+001  -4.6498E-001   1.4613E-002   2.2561E-001   8.2203E-001  -1.7642E-001  -9.2728E-004   7.1689E-002   5.7392E-002   2.5808E-001  -1.1147E-001   1.2053E-002  -1.1371E-001   6.5297E-003  -6.4403E-002   1.6263E-001   2.2932E-001   4.7986E-002  -3.4551E-002   4.5565E-002   3.7823E-001   2.3926E+000  
 3.0550E+000   2.0163E+000  -4.4298E-001  -3.6300E-001   8.8251E-002   1.4166E-001   1.0092E+000  -1.6449E-001  -8.2887E-003   5.5222E-002   1.3980E-001   1.8482E-001  -9.5939E-002  -2.0554E-002  -7.3970E-002   1.3380E-002  -4.0024E-002   1.5836E-001   1.6216E-001   2.0839E-002  -4.9166E-002   2.1434E-002   3.4030E-001   2.1723E+000  
 1.5340E+000   9.5302E-001  -2.8742E+000  -2.7457E-001   9.9167E-002   1.4099E-001   1.1999E+000  -1.4624E-001  -1.4789E-002   4.3331E-002   1.9559E-001   1.1477E-001  -7.2039E-002  -3.4869E-002  -4.5158E-002   2.1598E-002  -3.4519E-002   1.4216E-001   9.3067E-002  -1.1364E-003  -5.2996E-002  -8.9342E-003   3.0533E-001   1.9494E+000  
 1.0028E+000   9.6727E-001  -3.4275E+000  -1.9324E-001   6.2470E-002   1.6722E-001   1.3780E+000  -1.2012E-001  -2.1196E-002   2.8570E-002   2.1617E-001   6.1421E-002  -4.6540E-002  -3.6878E-002  -2.6421E-002   2.8008E-002  -5.2257E-002   1.1566E-001   3.2041E-002  -1.1474E-002  -5.2372E-002  -3.8681E-002   2.7215E-001   1.7190E+000  
 5.8335E-001   9.6064E-001  -3.9919E+000  -1.1228E-001  -6.9959E-003   1.7961E-001   1.5264E+000  -8.6468E-002  -2.4019E-002   1.3616E-002   1.9880E-001   3.0012E-002  -2.7790E-002  -3.2450E-002  -1.4013E-002   2.5301E-002  -9.0090E-002   8.3263E-002  -1.7335E-002  -1.4533E-002  -5.0405E-002  -5.6153E-002   2.4152E-001   1.6306E+000  
 3.0146E-001   9.3294E-001  -4.5374E+000  -1.9519E-002  -9.6557E-002   1.5060E-001   1.6287E+000  -4.1940E-002  -2.3094E-002   1.8105E-003   1.4439E-001   1.8582E-002  -1.6077E-002  -2.3334E-002  -6.0178E-003   6.8439E-003  -1.2872E-001   4.2931E-002  -4.7672E-002  -1.3180E-002  -4.8462E-002  -4.6828E-002   2.1388E-001   1.4442E+000  
 1.7843E-001   8.8890E-001  -5.0253E+000   8.5477E-002  -1.8707E-001   6.8968E-002   1.6641E+000   4.3691E-003  -1.7916E-002  -6.4612E-003   7.3052E-002   1.7527E-002  -2.0397E-002  -1.2640E-002  -2.4886E-003  -1.6259E-002  -1.3812E-001   2.0506E-003  -5.8484E-002  -9.3011E-003  -4.8182E-002  -2.4678E-002   2.0387E-001   1.3079E+000  
 2.1077E-001   8.2931E-001  -5.4348E+000   2.0895E-001  -2.6389E-001  -5.9643E-002   1.6315E+000   4.9298E-002  -9.8322E-003  -7.9860E-003  -2.8118E-003   9.9977E-003  -4.1006E-002  -1.9822E-003  -3.1583E-003  -3.8694E-002  -1.1363E-001  -4.0255E-002  -5.0217E-002  -5.0543E-003  -4.9944E-002  -1.4743E-003   2.1082E-001   1.4571E+000  
 3.8438E-001   7.5349E-001  -5.7435E+000   3.5222E-001  -3.1241E-001  -2.1542E-001   1.5359E+000   8.9380E-002  -3.6144E-003   1.1219E-003  -7.1341E-002  -1.9938E-002  -7.5625E-002   6.9725E-003  -8.6145E-003  -5.5225E-002  -6.1466E-002  -8.4948E-002  -2.1036E-002  -2.5259E-003  -5.3208E-002   1.0995E-002   2.3436E-001   1.6342E+000  
 6.7365E-001   6.6367E-001  -5.9268E+000   4.9940E-001  -3.2065E-001  -3.6316E-001   1.4032E+000   1.1503E-001  -6.9854E-003   2.2557E-002  -1.1397E-001  -7.8641E-002  -1.1277E-001   1.1126E-002  -1.9171E-002  -5.4719E-002  -1.3586E-002  -1.2473E-001   3.0005E-002  -3.6859E-003  -5.6264E-002  -1.5361E-003   2.5939E-001   1.6940E+000  
 1.0412E+000   5.5432E-001  -5.9565E+000   6.3799E-001  -2.7411E-001  -4.5794E-001   1.2565E+000   1.2882E-001  -2.8936E-002   6.2307E-002  -1.3279E-001  -1.6310E-001  -1.5028E-001   8.5195E-003  -3.7130E-002  -4.3926E-002   9.0733E-003  -1.6208E-001   9.7095E-002  -1.1447E-002  -5.7711E-002  -2.4446E-002   2.8676E-001   1.8857E+000  
 5.4253E-001  -6.8730E-001  -3.9131E+000   7.4021E-001  -1.5975E-001  -4.4024E-001   1.1219E+000   1.2951E-001  -8.4377E-002   1.2597E-001  -1.3587E-001  -2.5959E-001  -1.7640E-001  -7.1528E-003  -6.7975E-002  -2.9331E-002  -6.9344E-004  -1.9446E-001   1.7943E-001  -2.9150E-002  -5.4063E-002  -4.7988E-002   3.1734E-001   2.0702E+000  
-3.2244E+000  -6.5164E+000   1.0433E+001   7.6787E-001   3.0836E-002  -2.4216E-001   1.0245E+000   1.1809E-001  -1.8439E-001   2.0785E-001  -1.3923E-001  -3.3977E-001  -1.7947E-001  -4.4106E-002  -1.1440E-001  -1.2421E-002  -4.7423E-002  -2.2197E-001   2.7173E-001  -5.0305E-002  -4.0264E-002  -6.9962E-002   3.5298E-001   2.2612E+000  
-1.4006E+000  -4.8345E+000   1.1639E+001   6.7517E-001   3.0659E-001   2.1632E-001   9.6766E-001   9.7728E-002  -3.2457E-001   2.9765E-001  -1.6379E-001  -3.6589E-001  -1.5393E-001  -1.1526E-001  -1.7759E-001   7.7634E-003  -1.4160E-001  -2.4791E-001   3.7789E-001  -6.9280E-002  -1.8997E-002  -8.8695E-002   3.9693E-001   2.4786E+000  
 7.1344E+000   2.2015E+000   1.5221E+001  -5.7759E-001  -4.4259E-002   3.9514E-001   6.3314E-001  -9.1884E-002   4.1507E-002   5.5982E-002  -1.5239E-002   3.2753E-001  -6.0216E-002   9.9143E-002  -8.7668E-002   1.1068E-003  -9.9320E-002   8.2214E-002   3.0790E-001   3.9009E-002   2.9026E-002   6.2316E-002   3.9752E-001   2.5341E+000  
 8.0859E+000   2.3496E+000   1.5011E+001  -4.6594E-001   2.5740E-002   1.6294E-001   8.2604E-001  -8.7133E-002   1.3944E-002   3.8207E-002   8.5051E-002   2.6508E-001  -5.6939E-002   3.5824E-002  -6.0386E-002   4.4206E-003  -5.1789E-002   8.3519E-002   2.4945E-001   2.7113E-002  -3.6966E-003   4.1875E-002   3.5248E-001   2.2680E+000  
 1.9692E+000   4.6672E-001  -2.3274E+000  -3.7009E-001   5.8789E-002   7.8006E-002   1.0163E+000  -8.1592E-002   7.1096E-003   3.1212E-002   1.7052E-001   1.8589E-001  -4.8227E-002  -1.4754E-003  -4.0426E-002   8.3159E-003  -2.8227E-002   8.1663E-002   1.8782E-001   1.1151E-002  -2.8256E-002   1.5155E-002   3.1381E-001   2.0381E+000  
 1.3359E+000   4.8423E-001  -2.8537E+000  -2.8768E-001   6.0669E-002   7.7286E-002   1.2142E+000  -7.1915E-002  -1.1160E-003   2.4644E-002   2.2741E-001   1.1046E-001  -3.4959E-002  -2.0788E-002  -2.5950E-002   1.3982E-002  -2.2721E-002   7.1938E-002   1.2065E-001  -1.5084E-003  -4.1658E-002  -2.0624E-002   2.7704E-001   1.8426E+000  
 7.8343E-001   4.9066E-001  -3.4240E+000  -2.1336E-001   3.8865E-002   1.0378E-001   1.3992E+000  -5.9277E-002  -1.0402E-002   1.6480E-002   2.4623E-001   5.4078E-002  -2.1208E-002  -2.7351E-002  -1.6189E-002   1.8409E-002  -4.7797E-002   5.8923E-002   6.0916E-002  -7.9721E-003  -4.6767E-002  -5.7545E-002   2.4051E-001   1.5816E+000  
 3.4700E-001   4.8575E-001  -4.0061E+000  -1.3408E-001   5.8699E-005   1.1695E-001   1.5591E+000  -4.0219E-002  -1.6478E-002   8.9617E-003   2.1827E-001   1.9990E-002  -9.5413E-003  -2.6534E-002  -9.4626E-003   1.4286E-002  -1.0223E-001   4.1128E-002   1.3007E-002  -1.0480E-002  -4.8296E-002  -6.9170E-002   1.9946E-001   1.2876E+000  
 5.8403E-002   4.7141E-001  -4.5644E+000  -4.6563E-002  -4.8125E-002   8.7805E-002   1.6643E+000  -1.7146E-002  -1.9152E-002   2.6185E-003   1.5737E-001   8.6389E-003  -3.2972E-003  -2.1075E-002  -4.9416E-003   3.9026E-003  -1.4644E-001   2.0947E-002  -1.6342E-002  -1.0630E-002  -4.8501E-002  -5.5313E-002   1.7045E-001   1.1007E+000  
-6.3743E-002   4.4927E-001  -5.0640E+000   5.5318E-002  -9.6736E-002   5.9570E-003   1.7000E+000   6.8006E-003  -1.8282E-002  -1.9084E-003   7.9085E-002   8.1233E-003  -5.4038E-003  -1.3659E-002  -2.5902E-003  -8.8870E-003  -1.5756E-001   6.5446E-004  -2.6220E-002  -9.3102E-003  -4.8753E-002  -2.6089E-002   1.6039E-001   9.2977E-001  
-2.3262E-002   4.1968E-001  -5.4850E+000   1.7839E-001  -1.3830E-001  -1.2286E-001   1.6649E+000   3.0022E-002  -1.5463E-002  -2.9956E-003  -3.4223E-003   1.1165E-003  -1.6338E-002  -6.2711E-003  -2.3874E-003  -2.1361E-002  -1.3038E-001  -2.0333E-002  -1.7085E-002  -7.5833E-003  -4.9617E-002   4.2144E-003   1.6795E-001   1.1126E+000  
 1.6523E-001   3.8229E-001  -5.8057E+000   3.2454E-001  -1.6569E-001  -2.7873E-001   1.5640E+000   5.0837E-002  -1.5540E-002   1.3239E-003  -7.7569E-002  -2.8789E-002  -3.4542E-002  -9.3527E-004  -4.5803E-003  -3.0752E-002  -7.1637E-002  -4.2612E-002   1.2996E-002  -6.5569E-003  -5.0411E-002   2.1248E-002   1.9294E-001   1.2842E+000  
 4.7220E-001   3.3750E-001  -5.9992E+000   4.8318E-001  -1.7223E-001  -4.2545E-001   1.4169E+000   6.5910E-002  -2.6086E-002   1.2293E-002  -1.2931E-001  -9.0249E-002  -5.5817E-002  -3.9595E-004  -9.4633E-003  -3.3203E-002  -6.2602E-003  -6.3952E-002   6.4463E-002  -7.2194E-003  -4.9793E-002   1.4594E-002   2.2840E-001   1.5608E+000  
 8.6462E-001   2.8449E-001  -6.0442E+000   6.3245E-001  -1.5200E-001  -5.1926E-001   1.2596E+000   7.2371E-002  -5.6367E-002   3.1734E-002  -1.4771E-001  -1.7781E-001  -7.5857E-002  -7.6299E-003  -1.8181E-002  -2.6551E-002   2.4637E-002  -8.2147E-002   1.3245E-001  -1.1206E-002  -4.5504E-002  -1.5509E-002   2.5823E-001   1.7847E+000  
 1.2987E+000   2.1898E-001  -5.8979E+000   7.5141E-001  -9.7938E-002  -5.0051E-001   1.1138E+000   7.3173E-002  -1.2263E-001   6.3598E-002  -1.4623E-001  -2.8052E-001  -9.0861E-002  -2.8823E-002  -3.3052E-002  -1.8034E-002   1.7131E-002  -9.9303E-002   2.1521E-001  -2.0452E-002  -3.3115E-002  -4.3223E-002   2.8976E-001   1.9387E+000  
-3.7613E+000  -1.8457E+000   1.1365E+001   8.0017E-001  -5.6306E-003  -3.0124E-001   1.0088E+000   6.6990E-002  -2.3671E-001   1.0643E-001  -1.4199E-001  -3.6793E-001  -9.4260E-002  -7.2094E-002  -5.6080E-002  -9.7004E-003  -2.5364E-002  -1.1212E-001   3.0518E-001  -3.1946E-002  -1.1018E-002  -6.6083E-002   3.2579E-001   2.1387E+000  
-1.8086E+000  -1.8150E+000   1.1988E+001   7.2952E-001   1.2999E-001   1.5915E-001   9.4615E-001   5.6617E-002  -3.9150E-001   1.5168E-001  -1.5889E-001  -3.9956E-001  -8.2765E-002  -1.4858E-001  -8.9451E-002   2.0023E-004  -1.1791E-001  -1.2566E-001   4.0972E-001  -3.9242E-002   1.7576E-002  -8.8496E-002   3.6928E-001   2.3825E+000  
 7.1865E+000  -1.7380E-002   1.5469E+001  -5.7455E-001  -2.0776E-003   3.7337E-001   6.3364E-001   4.9260E-003   4.4876E-002   4.2837E-003  -6.0686E-003   3.3103E-001  -4.2449E-004   1.0771E-001  -5.2744E-003  -8.6357E-004  -9.6776E-002   1.7807E-003   3.1288E-001  -3.0916E-003   4.2855E-002   6.3953E-002   3.9028E-001   2.4655E+000  
 8.1091E+000  -2.4008E-002   1.5117E+001  -4.6572E-001  -2.6680E-003   1.3992E-001   8.2648E-001   5.2705E-003   1.8058E-002   3.2466E-003   9.5018E-002   2.6678E-001  -3.8790E-004   4.3532E-002  -4.9185E-003  -5.6852E-004  -4.8395E-002   1.1972E-003   2.5698E-001  -4.1459E-003   6.9149E-003   4.1522E-002   3.4461E-001   2.2127E+000  
 1.9107E+000  -9.0134E-003  -2.3152E+000  -3.7309E-001  -2.8110E-003   5.5034E-002   1.0191E+000   5.6160E-003   1.1565E-002   2.3089E-003   1.8054E-001   1.8606E-001  -1.2231E-004   4.6204E-003  -4.5880E-003  -3.3981E-004  -2.3896E-002   7.9487E-004   1.9716E-001  -5.4223E-003  -2.2319E-002   1.2164E-002   3.0485E-001   2.0000E+000  
 1.2684E+000  -9.4992E-003  -2.8476E+000  -2.9245E-001  -2.6456E-003   5.4357E-002   1.2193E+000   5.9548E-003   2.9175E-003   1.4191E-003   2.3798E-001   1.0867E-001   2.2012E-004  -1.6766E-002  -4.1266E-003  -2.6288E-004  -1.8609E-002   5.3259E-004   1.3010E-001  -6.7173E-003  -3.8327E-002  -2.5526E-002   2.6694E-001   1.8011E+000  
 7.0876E-001  -9.8961E-003  -3.4235E+000  -2.2012E-001  -2.2607E-003   8.0754E-002   1.4069E+000   6.3164E-003  -7.2809E-003   5.9205E-004   2.5595E-001   5.1862E-002   5.2013E-004  -2.4833E-002  -3.4144E-003  -2.8750E-004  -4.6826E-002   3.1501E-004   7.1318E-002  -7.8345E-003  -4.5223E-002  -6.4476E-002   2.2927E-001   1.5383E+000  
 2.6680E-001  -1.0203E-002  -4.0112E+000  -1.4164E-001  -1.6888E-003   9.4248E-002   1.5704E+000   6.6296E-003  -1.4092E-002  -1.0439E-004   2.2443E-001   1.6569E-002   7.1996E-004  -2.5368E-002  -2.4684E-003  -3.8713E-004  -1.0668E-001   1.4840E-004   2.3148E-002  -8.6796E-003  -4.7754E-002  -7.3983E-002   1.8443E-001   1.2142E+000  
-2.4033E-002  -1.0388E-002  -4.5735E+000  -5.5833E-002  -9.7722E-004   6.5015E-002   1.6764E+000   6.8732E-003  -1.7777E-002  -6.1662E-004   1.6120E-001   5.2100E-003   7.7150E-004  -2.1160E-002  -1.3776E-003  -4.6966E-004  -1.5278E-001   4.1035E-005  -6.1207E-003  -9.2115E-003  -4.8538E-002  -5.8220E-002   1.5497E-001   9.6135E-001  
-1.4578E-001  -1.0449E-002  -5.0767E+000   4.4862E-002  -1.7120E-004  -1.6987E-002   1.7121E+000   7.0163E-003  -1.8109E-002  -8.9891E-004   8.0680E-002   4.7994E-003   7.2497E-004  -1.4810E-002  -2.0570E-004  -5.0010E-004  -1.6427E-001  -2.6844E-005  -1.5834E-002  -9.3928E-003  -4.8852E-002  -2.6501E-002   1.4524E-001   7.3754E-001  
-1.0247E-001  -1.0432E-002  -5.5014E+000   1.6764E-001   6.8381E-004  -1.4594E-001   1.6762E+000   6.9826E-003  -1.6925E-002  -9.3588E-004  -3.9331E-003  -2.1210E-003   6.3235E-004  -8.4444E-003   9.6701E-004  -5.5938E-004  -1.3633E-001  -7.5986E-005  -6.4613E-003  -9.1491E-003  -4.9227E-002   6.2746E-003   1.5277E-001   9.5275E-001  
 9.1003E-002  -1.0290E-002  -5.8260E+000   3.1477E-001   1.5379E-003  -3.0183E-001   1.5736E+000   6.8471E-003  -1.9001E-002  -7.1873E-004  -8.0094E-002  -3.2112E-002   5.5628E-004  -4.2087E-003   2.0578E-003  -5.5497E-004  -7.5385E-002  -1.0332E-004   2.3892E-002  -8.5737E-003  -4.9100E-002   2.5180E-002   1.7830E-001   1.2045E+000  
 4.0406E-001  -1.0024E-002  -6.0227E+000   4.7698E-001   2.3397E-003  -4.4806E-001   1.4218E+000   6.6328E-003  -3.1960E-002  -2.6747E-004  -1.3480E-001  -9.4854E-002   5.6362E-004  -4.8186E-003   2.9947E-003  -5.0688E-004  -4.2779E-003  -9.2978E-005   7.6089E-002  -7.7222E-003  -4.7177E-002   2.0665E-002   2.1752E-001   1.5156E+000  
 8.0473E-001  -9.6567E-003  -6.0726E+000   6.3019E-001   3.0230E-003  -5.4161E-001   1.2607E+000   6.3460E-003  -6.4772E-002   3.7830E-004  -1.5328E-001  -1.8297E-001   6.6262E-004  -1.3327E-002   3.6867E-003  -4.9026E-004   2.9986E-002  -3.9087E-005   1.4370E-001  -6.6529E-003  -4.0911E-002  -1.1376E-002   2.4818E-001   1.7417E+000  
 1.2485E+000  -9.1807E-003  -5.9325E+000   7.5476E-001   3.5428E-003  -5.2228E-001   1.1112E+000   6.0488E-003  -1.3459E-001   1.1601E-003  -1.5007E-001  -2.8798E-001   8.3354E-004  -3.6272E-002   4.1030E-003  -5.3464E-004   2.3231E-002   6.8905E-005   2.2699E-001  -5.4755E-003  -2.5885E-002  -4.0737E-002   2.8027E-001   1.9009E+000  
-3.8786E+000  -5.5630E-002   1.1441E+001   8.0924E-001   3.8167E-003  -3.2202E-001   1.0022E+000   5.7131E-003  -2.5333E-001   2.0554E-003  -1.4422E-001  -3.7744E-001   1.0020E-003  -8.1189E-002   4.3252E-003  -7.0646E-004  -1.9194E-002   3.4245E-004   3.1617E-001  -4.3712E-003   2.7721E-004  -6.5529E-002   3.1673E-001   2.0828E+000  
-1.9316E+000  -3.5986E-002   1.2184E+001   7.4501E-001   3.7212E-003   1.3902E-001   9.3769E-001   5.3879E-003  -4.1309E-001   3.0275E-003  -1.5880E-001  -4.1055E-001   1.0518E-003  -1.5917E-001   4.4874E-003  -9.0925E-004  -1.1222E-001   7.6834E-004   4.1976E-001  -3.4741E-003   3.1118E-002  -9.0006E-002   3.5980E-001   2.3165E+000  
 7.1335E+000  -2.2340E+000   1.5205E+001  -5.7728E-001   4.0243E-002   3.9780E-001   6.3397E-001   1.0144E-001   3.9567E-002  -4.7477E-002  -1.5677E-002   3.2717E-001   5.9572E-002   9.9744E-002   7.6898E-002  -2.6807E-003  -9.8852E-002  -7.8772E-002   3.0881E-001  -4.5515E-002   2.7297E-002   6.2340E-002   3.9869E-001   2.5325E+000  
 8.0844E+000  -2.3922E+000   1.4997E+001  -4.6515E-001  -3.1005E-002   1.6517E-001   8.2680E-001   9.7425E-002   1.2160E-002  -3.1905E-002   8.4784E-002   2.6463E-001   5.6285E-002   3.5600E-002   5.0421E-002  -5.4233E-003  -5.1444E-002  -8.1268E-002   2.5048E-001  -3.5657E-002  -5.4380E-003   4.1963E-002   3.5313E-001   2.2687E+000  
 1.9703E+000  -4.8445E-001  -2.3285E+000  -3.6904E-001  -6.4366E-002   7.9943E-002   1.0171E+000   9.2545E-002   5.5451E-003  -2.6810E-002   1.7022E-001   1.8545E-001   4.8052E-002  -2.3667E-003   3.1156E-002  -8.9402E-003  -2.8020E-002  -8.0181E-002   1.8891E-001  -2.2172E-002  -2.9996E-002   1.5239E-002   3.1405E-001   2.0404E+000  
 1.3370E+000  -5.0292E-001  -2.8546E+000  -2.8645E-001  -6.5921E-002   7.8977E-002   1.2150E+000   8.3546E-002  -2.4330E-003  -2.2042E-002   2.2696E-001   1.1010E-001   3.5430E-002  -2.2184E-002   1.7647E-002  -1.4449E-002  -2.2697E-002  -7.0968E-002   1.2169E-001  -1.2056E-002  -4.3302E-002  -2.0547E-002   2.7705E-001   1.8471E+000  
 7.8465E-001  -5.1013E-001  -3.4247E+000  -2.1207E-001  -4.3346E-002   1.0528E-001   1.3999E+000   7.1594E-002  -1.1457E-002  -1.5533E-002   2.4558E-001   5.3833E-002   2.2234E-002  -2.9152E-002   9.3197E-003  -1.8901E-002  -4.7913E-002  -5.8340E-002   6.1765E-002  -7.7947E-003  -4.8161E-002  -5.7499E-002   2.4045E-001   1.5871E+000  
 3.4830E-001  -5.0584E-001  -4.0066E+000  -1.3278E-001  -3.4177E-003   1.1831E-001   1.5597E+000   5.3155E-002  -1.7224E-002  -9.4030E-003   2.1748E-001   1.9838E-002   1.0936E-002  -2.8647E-002   4.4782E-003  -1.4966E-002  -1.0240E-001  -4.0845E-002   1.3569E-002  -6.9515E-003  -4.9353E-002  -6.9131E-002   1.9938E-001   1.2931E+000  
 5.9793E-002  -4.9188E-001  -4.5647E+000  -4.5259E-002   4.6180E-002   8.9068E-002   1.6646E+000   3.0564E-002  -1.9610E-002  -4.0856E-003   1.5653E-001   8.5786E-003   4.7957E-003  -2.3400E-002   2.1520E-003  -4.7469E-003  -1.4662E-001  -2.0869E-002  -1.6163E-002  -7.8488E-003  -4.9193E-002  -5.5204E-002   1.7040E-001   1.0998E+000  
-6.2300E-002  -4.6989E-001  -5.0640E+000   5.6583E-002   9.6390E-002   7.1482E-003   1.7001E+000   6.8734E-003  -1.8384E-002  -1.2143E-004   7.8229E-002   8.0904E-003   6.8154E-003  -1.6064E-002   2.1513E-003   7.9296E-003  -1.5765E-001  -7.1042E-004  -2.6352E-002  -9.4851E-003  -4.8998E-002  -2.5963E-002   1.6037E-001   9.3489E-001  
-2.1793E-002  -4.4025E-001  -5.4848E+000   1.7961E-001   1.3965E-001  -1.2171E-001   1.6647E+000  -1.6368E-002  -1.5212E-002   8.9449E-004  -4.2225E-003   1.0702E-003   1.7578E-002  -8.6297E-003   4.3013E-003   2.0333E-002  -1.3037E-001   2.0174E-002  -1.7516E-002  -1.0765E-002  -4.9412E-002   4.3263E-003   1.6799E-001   1.1141E+000  
 1.6668E-001  -4.0258E-001  -5.8053E+000   3.2569E-001   1.6874E-001  -2.7758E-001   1.5637E+000  -3.7437E-002  -1.5004E-002  -2.9857E-003  -7.8298E-002  -2.8914E-002   3.5644E-002  -3.1194E-003   8.6891E-003   2.9729E-002  -7.1600E-002   4.2387E-002   1.2224E-002  -1.0651E-002  -4.9828E-002   2.1299E-002   1.9306E-001   1.2808E+000  
 4.7362E-001  -3.5726E-001  -5.9985E+000   4.8429E-001   1.7685E-001  -4.2425E-001   1.4163E+000  -5.2930E-002  -2.5245E-002  -1.3055E-002  -1.2990E-001  -9.0467E-002   5.6925E-002  -2.3113E-003   1.5440E-002   3.2271E-002  -6.2056E-003   6.3721E-002   6.3466E-002  -8.3073E-003  -4.8848E-002   1.4653E-002   2.2859E-001   1.5573E+000  
 8.6599E-001  -3.0353E-001  -6.0434E+000   6.3352E-001   1.5799E-001  -5.1796E-001   1.2590E+000  -5.9938E-002  -5.5260E-002  -3.1207E-002  -1.4814E-001  -1.7817E-001   7.7137E-002  -9.1880E-003   2.5551E-002   2.5644E-002   2.4615E-002   8.1988E-002   1.3132E-001  -2.2138E-003  -4.4272E-002  -1.5398E-002   2.5843E-001   1.7819E+000  
 1.2999E+000  -2.3708E-001  -5.8969E+000   7.5235E-001   1.0496E-001  -4.9904E-001   1.1131E+000  -6.1341E-002  -1.2127E-001  -6.1488E-002  -1.4654E-001  -2.8100E-001   9.2466E-002  -2.9935E-002   4.1290E-002   1.7036E-002   1.6983E-002   9.9366E-002   2.1406E-001   9.3448E-003  -3.1723E-002  -4.3091E-002   2.8975E-001   1.9371E+000  
-3.7678E+000   1.7455E+000   1.1399E+001   8.0092E-001   1.3185E-002  -2.9954E-001   1.0080E+000  -5.5786E-002  -2.3514E-001  -1.0253E-001  -1.4224E-001  -3.6850E-001   9.6175E-002  -7.2635E-002   6.4788E-002   8.4449E-003  -2.5583E-002   1.1268E-001   3.0412E-001   2.2995E-002  -9.5562E-003  -6.5920E-002   3.2532E-001   2.1371E+000  
-1.8123E+000   1.7502E+000   1.2019E+001   7.2997E-001  -1.2266E-001   1.6113E-001   9.4545E-001  -4.6093E-002  -3.8983E-001  -1.4576E-001  -1.5922E-001  -4.0020E-001   8.4732E-002  -1.4841E-001   9.8530E-002  -1.8406E-003  -1.1811E-001   1.2709E-001   4.0878E-001   3.2047E-002   1.9053E-002  -8.8378E-002   3.6829E-001   2.3811E+000  
 6.9267E+000  -5.6050E+000   1.4622E+001  -5.8360E-001   1.3006E-001   4.5971E-001   6.2929E-001   1.9567E-001   2.3676E-002  -9.9666E-002  -4.0212E-002   3.1462E-001   1.1684E-001   7.4408E-002   1.5430E-001  -1.4970E-003  -1.1043E-001  -1.5555E-001   2.9610E-001  -7.9981E-002  -1.4377E-002   6.1709E-002   4.2482E-001   2.6295E+000  
 7.8123E+000  -7.5592E+000   1.3890E+001  -4.6357E-001  -1.9639E-002   2.3002E-001   8.2358E-001   1.8606E-001  -4.6772E-003  -6.5891E-002   5.6905E-002   2.5743E-001   1.1119E-001   1.1564E-002   1.0328E-001  -7.2592E-003  -6.3697E-002  -1.6071E-001   2.3123E-001  -5.7410E-002  -3.7989E-002   4.5430E-002   3.7904E-001   2.3932E+000  
 3.0560E+000  -2.0384E+000  -4.5355E-001  -3.6102E-001  -9.3652E-002   1.4541E-001   1.0107E+000   1.7473E-001  -1.1521E-002  -5.1466E-002   1.3931E-001   1.8409E-001   9.5993E-002  -2.2266E-002   6.4428E-002  -1.3814E-002  -3.9655E-002  -1.5717E-001   1.6426E-001  -3.2434E-002  -5.2597E-002   2.1334E-002   3.4042E-001   2.1783E+000  
 1.5363E+000  -9.7078E-001  -2.8760E+000  -2.7222E-001  -1.0432E-001   1.4423E-001   1.2014E+000   1.5707E-001  -1.7490E-002  -4.1419E-002   1.9491E-001   1.1414E-001   7.2570E-002  -3.7623E-002   3.6689E-002  -2.1896E-002  -3.4508E-002  -1.4142E-001   9.5102E-002  -1.2798E-002  -5.6207E-002  -8.9942E-003   3.0515E-001   1.9571E+000  
 1.0052E+000  -9.8583E-001  -3.4289E+000  -1.9075E-001  -6.6861E-002   1.7008E-001   1.3794E+000   1.3153E-001  -2.3333E-002  -2.8313E-002   2.1511E-001   6.1038E-002   4.7558E-002  -4.0471E-002   1.9432E-002  -2.8355E-002  -5.2451E-002  -1.1522E-001   3.3747E-002  -4.5484E-003  -5.5103E-002  -3.8753E-002   2.7193E-001   1.7278E+000  
 5.8591E-001  -9.7979E-001  -3.9929E+000  -1.0970E-001   3.6933E-003   1.8218E-001   1.5276E+000   9.8455E-002  -2.5578E-002  -1.4745E-002   1.9743E-001   2.9858E-002   2.9062E-002  -3.6659E-002   8.8997E-003  -2.5753E-002  -9.0440E-002  -8.3037E-002  -1.6195E-002  -3.0956E-003  -5.2493E-002  -5.6104E-002   2.4130E-001   1.6285E+000  
 3.0417E-001  -9.5248E-001  -4.5380E+000  -1.6946E-002   9.4622E-002   1.5297E-001   1.6295E+000   5.4399E-002  -2.4017E-002  -3.9605E-003   1.4289E-001   1.8595E-002   1.7437E-002  -2.7955E-002   3.1121E-003  -7.4607E-003  -1.2906E-001  -4.2868E-002  -4.7228E-002  -5.4413E-003  -4.9787E-002  -4.6657E-002   2.1369E-001   1.4413E+000  
 1.8125E-001  -9.0864E-001  -5.0254E+000   8.7980E-002   1.8672E-001   7.1192E-002   1.6644E+000   8.3170E-003  -1.8139E-002   3.7513E-003   7.1495E-002   1.7597E-002   2.1701E-002  -1.7410E-002   1.9741E-003   1.5485E-002  -1.3831E-001  -2.1143E-003  -5.8701E-002  -9.5758E-003  -4.8649E-002  -2.4467E-002   2.0370E-001   1.3103E+000  
 2.1364E-001  -8.4900E-001  -5.4345E+000   2.1137E-001   2.6520E-001  -5.7479E-002   1.6312E+000  -3.6569E-002  -9.3559E-003   5.2142E-003  -4.2684E-003   1.0039E-002   4.2181E-002  -6.6707E-003   5.0357E-003   3.7897E-002  -1.1365E-001   4.0074E-002  -5.1073E-002  -1.3418E-002  -4.9546E-002  -1.2663E-003   2.1072E-001   1.4573E+000  
 3.8722E-001  -7.7292E-001  -5.7427E+000   3.5453E-001   3.1537E-001  -2.1325E-001   1.5352E+000  -7.6866E-002  -2.5032E-003  -3.4489E-003  -7.2637E-002  -2.0043E-002   7.6680E-002   2.6229E-003   1.2696E-002   5.4436E-002  -6.1381E-002   8.4657E-002  -2.2523E-002  -1.4845E-002  -5.2020E-002   1.1115E-002   2.3443E-001   1.6343E+000  
 6.7643E-001  -6.8261E-001  -5.9256E+000   5.0158E-001   3.2513E-001  -3.6089E-001   1.4022E+000  -1.0289E-001  -5.2912E-003  -2.3983E-002  -1.1499E-001  -7.8975E-002   1.1379E-001   7.3091E-003   2.5110E-002   5.3976E-002  -1.3495E-002   1.2437E-001   2.8032E-002  -1.2053E-002  -5.4387E-002  -1.5110E-003   2.5966E-001   1.6890E+000  
 1.0439E+000  -5.7254E-001  -5.9548E+000   6.4005E-001   2.7994E-001  -4.5546E-001   1.2553E+000  -1.1714E-001  -2.6669E-002  -6.2441E-002  -1.3350E-001  -1.6372E-001   1.5146E-001   5.4415E-003   4.4502E-002   4.3245E-002   9.0877E-003   1.6174E-001   9.4879E-002  -2.2909E-003  -5.5278E-002  -2.4408E-002   2.8714E-001   1.8815E+000  
 5.4216E-001   6.5734E-001  -3.8963E+000   7.4201E-001   1.6656E-001  -4.3742E-001   1.1206E+000  -1.1835E-001  -8.1581E-002  -1.2451E-001  -1.3639E-001  -2.6042E-001   1.7781E-001  -9.3171E-003   7.6286E-002   2.8594E-002  -9.1905E-004   1.9430E-001   1.7722E-001   1.7554E-002  -5.1297E-002  -4.7959E-002   3.1746E-001   2.0669E+000  
-3.2359E+000   6.4373E+000   1.0497E+001   7.6925E-001  -2.3542E-002  -2.3886E-001   1.0231E+000  -1.0748E-001  -1.8113E-001  -2.0453E-001  -1.3970E-001  -3.4070E-001   1.8109E-001  -4.5202E-002   1.2333E-001   1.1515E-002  -4.7848E-002   2.2227E-001   2.6974E-001   4.0647E-002  -3.7367E-002  -6.9961E-002   3.5239E-001   2.2598E+000  
-1.4072E+000   4.7812E+000   1.1689E+001   6.7616E-001  -2.9951E-001   2.2018E-001   9.6623E-001  -8.7797E-002  -3.2112E-001  -2.9217E-001  -1.6425E-001  -3.6697E-001   1.5564E-001  -1.1503E-001   1.8701E-001  -8.9722E-003  -1.4195E-001   2.4906E-001   3.7608E-001   6.1280E-002  -1.5922E-002  -8.8519E-002   3.9545E-001   2.4752E+000  
 6.6096E+000  -7.8849E+000   1.3681E+001  -5.1462E-001   2.4089E-001   4.5867E-001   5.2992E-001   3.2005E-001   3.2391E-002  -2.3264E-001  -4.6182E-002   2.3774E-001   1.1589E-001   3.8327E-002   2.8500E-001   1.5499E-002  -1.6594E-001  -2.6603E-001   2.9553E-001  -6.3689E-002  -6.8775E-002   6.1564E-002   4.7148E-001   2.7976E+000  
 7.3322E+000  -9.6978E+000   1.2180E+001  -4.6797E-001   7.0127E-002   3.1181E-001   8.1482E-001   2.6914E-001  -3.4714E-002  -9.7128E-002   1.5272E-002   2.4598E-001   1.6137E-001  -2.7946E-002   1.4979E-001  -6.5407E-003  -8.3939E-002  -2.3349E-001   2.0247E-001  -6.3551E-002  -8.5728E-002   4.8191E-002   4.1935E-001   2.6206E+000  
 7.9909E+000  -1.1190E+001   9.1070E+000  -3.5471E-001  -5.8293E-002   2.2867E-001   9.9931E-001   2.4976E-001  -3.9969E-002  -6.8837E-002   9.3719E-002   1.8176E-001   1.4182E-001  -5.5259E-002   9.1942E-002  -1.4853E-002  -5.7286E-002  -2.2698E-001   1.2754E-001  -3.0611E-002  -8.6536E-002   2.8127E-002   3.7997E-001   2.3711E+000  
 1.8448E+000  -1.3784E+000  -2.9139E+000  -2.5544E-001  -9.2941E-002   2.2697E-001   1.1793E+000   2.2303E-001  -4.1637E-002  -5.1848E-002   1.4718E-001   1.1939E-001   1.1240E-001  -6.2811E-002   5.0363E-002  -2.1681E-002  -5.0546E-002  -2.0600E-001   5.3865E-002  -5.4459E-003  -7.6286E-002   4.1928E-003   3.4602E-001   2.1854E+000  
 1.3478E+000  -1.4037E+000  -3.4381E+000  -1.6373E-001  -5.5652E-002   2.5181E-001   1.3459E+000   1.8461E-001  -4.2067E-002  -3.2876E-002   1.6950E-001   7.1621E-002   8.0162E-002  -5.8583E-002   2.3902E-002  -2.6559E-002  -5.9923E-002  -1.6891E-001  -1.0372E-002   4.8188E-003  -6.4598E-002  -1.7137E-002   3.1759E-001   2.0489E+000  
 9.5185E-001  -1.3968E+000  -3.9753E+000  -7.3420E-002   3.1022E-002   2.6268E-001   1.4827E+000   1.3572E-001  -3.8480E-002  -1.2848E-002   1.5843E-001   4.4319E-002   5.5074E-002  -4.8504E-002   7.6878E-003  -2.2203E-002  -8.2799E-002  -1.2194E-001  -6.2027E-002   4.6018E-003  -5.5184E-002  -3.1483E-002   2.9399E-001   1.9103E+000  
 6.8399E-001  -1.3601E+000  -4.4952E+000   2.2450E-002   1.4534E-001   2.3297E-001   1.5742E+000   7.7480E-002  -2.8963E-002   4.1671E-003   1.1921E-001   3.4283E-002   4.4699E-002  -3.4983E-002  -1.3346E-003  -5.4870E-003  -1.0552E-001  -6.6402E-002  -9.7938E-002  -9.9498E-004  -4.8851E-002  -3.3326E-002   2.7781E-001   1.8909E+000  
 5.6058E-001  -1.2960E+000  -4.9617E+000   1.3054E-001   2.6359E-001   1.5178E-001   1.6079E+000   1.3834E-002  -1.4646E-002   1.4435E-002   5.9874E-002   3.1584E-002   5.1792E-002  -1.8871E-002  -3.8790E-003   2.1032E-002  -1.1137E-001  -4.9382E-003  -1.1250E-001  -9.6415E-003  -4.6112E-002  -2.2098E-002   2.6944E-001   1.7658E+000  
 5.8084E-001  -1.2070E+000  -5.3510E+000   2.5263E-001   3.6258E-001   2.3803E-002   1.5793E+000  -4.7670E-002   3.3541E-003   1.5001E-002  -4.2117E-003   2.2247E-002   7.9145E-002  -2.4139E-003   1.9548E-004   4.6630E-002  -9.1604E-002   5.8694E-002  -1.0572E-001  -1.7996E-002  -4.8200E-002  -9.9949E-003   2.7418E-001   1.9148E+000  
 7.3360E-001  -1.0935E+000  -5.6409E+000   3.8562E-001   4.2165E-001  -1.3221E-001   1.4975E+000  -9.9153E-002   2.0496E-002   1.8274E-003  -5.8412E-002  -6.7447E-003   1.2105E-001   1.2143E-002   1.0784E-002   6.0587E-002  -5.6778E-002   1.2084E-001  -7.6168E-002  -2.2765E-002  -5.3820E-002  -9.1551E-003   2.8618E-001   1.9031E+000  
 9.9048E-001  -9.5422E-001  -5.8021E+000   5.2065E-001   4.1849E-001  -2.8096E-001   1.3806E+000  -1.3599E-001   3.0838E-002  -3.0936E-002  -9.6517E-002  -6.1981E-002   1.7140E-001   2.3935E-002   2.8693E-002   6.0335E-002  -2.5522E-002   1.7918E-001  -2.7938E-002  -2.1739E-002  -6.2480E-002  -1.8768E-002   3.0525E-001   2.0048E+000  
 1.3181E+000  -7.8355E-001  -5.8042E+000   6.4029E-001   3.3421E-001  -3.7695E-001   1.2512E+000  -1.5562E-001   2.4261E-002  -9.1359E-002  -1.1643E-001  -1.4145E-001   2.1934E-001   3.0665E-002   5.7496E-002   4.8883E-002  -1.3280E-002   2.3325E-001   3.7607E-002  -1.0170E-002  -7.3119E-002  -3.3616E-002   3.2930E-001   2.0980E+000  
-3.9384E+000   9.3643E+000   5.9619E+000   7.1517E-001   1.4883E-001  -3.6048E-001   1.1339E+000  -1.5594E-001  -1.3272E-002  -1.8430E-001  -1.2714E-001  -2.2986E-001   2.4842E-001   2.6595E-002   1.0477E-001   3.0920E-002  -2.9186E-002   2.8037E-001   1.1973E-001   1.4840E-002  -8.1256E-002  -5.3189E-002   3.5928E-001   2.2569E+000  
-2.3558E+000   8.2118E+000   9.1194E+000   7.0767E-001  -1.5025E-001  -1.6287E-001   1.0468E+000  -1.4041E-001  -9.1353E-002  -2.9894E-001  -1.4217E-001  -2.9923E-001   2.4409E-001   1.8402E-003   1.7458E-001   5.2916E-003  -8.4563E-002   3.2416E-001   2.1451E-001   4.4899E-002  -7.8511E-002  -7.3787E-002   3.9487E-001   2.4805E+000  
-7.9859E-001   6.8456E+000   1.1153E+001   4.8129E-001  -6.5426E-001   3.8369E-001   8.9722E-001  -1.4968E-001  -1.6247E-001  -3.3820E-001  -2.1471E-001  -2.5202E-001   1.4119E-001  -6.6982E-002   3.3561E-001  -4.0691E-002  -2.2215E-001   4.0856E-001   3.4542E-001   3.7144E-002  -6.1112E-002  -8.9438E-002   4.4183E-001   2.6386E+000  
 8.1413E+000  -8.3427E+000   9.1602E+000   1.2108E+000  -1.3262E+000  -9.2572E-001  -1.2330E+000   1.2106E+000   2.5838E-001  -1.7630E+000   1.7297E-001  -5.6377E-001  -7.3232E-001  -2.1484E-001   9.7757E-001   6.3728E-002  -3.1639E-001  -8.4404E-001   4.4227E-001   1.5267E-002  -3.5803E-002   4.5665E-002   5.2457E-001   2.6668E+000  
 6.7380E+000  -1.1571E+001   1.0423E+001  -4.8300E-001   2.7144E-001   3.7119E-001   7.9571E-001   3.4954E-001  -8.3691E-002  -1.3046E-001  -3.6345E-002   2.2813E-001   2.0088E-001  -8.7170E-002   1.9304E-001  -3.1317E-003  -1.1257E-001  -3.0487E-001   1.6996E-001  -5.0712E-002  -1.3717E-001   4.9410E-002   4.7302E-001   2.8708E+000  
 7.2247E+000  -1.5046E+001   5.9222E+000  -3.5888E-001   7.1865E-002   2.9273E-001   9.8121E-001   3.1859E-001  -8.1465E-002  -7.7919E-002   3.5391E-002   1.7732E-001   1.8426E-001  -1.0301E-001   1.1239E-001  -1.2312E-002  -7.9937E-002  -2.9071E-001   8.5015E-002  -1.2533E-002  -1.2382E-001   3.3391E-002   4.3151E-001   2.6515E+000  
 7.2212E+000  -1.7399E+001  -1.7291E+000  -2.4527E-001  -8.5320E-003   2.9072E-001   1.1509E+000   2.8162E-001  -7.4466E-002  -4.8913E-002   8.7625E-002   1.2443E-001   1.5321E-001  -9.9374E-002   5.6849E-002  -1.7395E-002  -6.8366E-002  -2.6296E-001   4.6016E-003   1.4910E-002  -9.9214E-002   1.5280E-002   3.9713E-001   2.4869E+000  
 1.7806E+000  -1.7346E+000  -3.4563E+000  -1.4081E-001   6.9460E-003   3.1470E-001   1.3029E+000   2.3292E-001  -6.6821E-002  -2.4123E-002   1.1234E-001   8.3573E-002   1.1940E-001  -8.4404E-002   2.0141E-002  -1.7352E-002  -7.1169E-002  -2.1769E-001  -6.5952E-002   2.3806E-002  -7.3677E-002   3.3893E-004   3.7094E-001   2.3319E+000  
 1.4165E+000  -1.7308E+000  -3.9560E+000  -4.0182E-002   8.7333E-002   3.2437E-001   1.4274E+000   1.7144E-001  -5.4193E-002   1.5482E-003   1.1006E-001   5.9704E-002   9.2413E-002  -6.5127E-002  -1.4312E-003  -1.2498E-002  -8.0572E-002  -1.5735E-001  -1.2124E-001   1.8331E-002  -5.5110E-002  -1.1189E-002   3.5229E-001   2.2360E+000  
 1.1650E+000  -1.6859E+000  -4.4414E+000   6.2917E-002   2.0394E-001   2.9376E-001   1.5102E+000   1.0064E-001  -3.4316E-002   2.3432E-002   8.3821E-002   5.0864E-002   8.1694E-002  -4.3461E-002  -1.3329E-002   2.5227E-003  -9.0592E-002  -8.7012E-002  -1.5972E-001   5.8034E-003  -4.3494E-002  -1.7317E-002   3.4069E-001   2.1775E+000  
 1.0431E+000  -1.6040E+000  -4.8763E+000   1.7133E-001   3.2552E-001   2.1252E-001   1.5413E+000   2.6995E-002  -7.4327E-003   3.6562E-002   4.2131E-002   4.7306E-002   9.2290E-002  -2.0571E-002  -1.6895E-002   2.3466E-002  -9.0663E-002  -9.9422E-003  -1.7789E-001  -9.6527E-003  -3.9297E-002  -1.8999E-002   3.3633E-001   2.1384E+000  
 1.0493E+000  -1.4867E+000  -5.2368E+000   2.8784E-001   4.2377E-001   8.4734E-002   1.5207E+000  -4.3330E-002   2.4474E-002   3.6273E-002  -5.0230E-003   3.7101E-002   1.2264E-001   2.8858E-003  -1.2538E-002   4.3173E-002  -7.8815E-002   7.0003E-002  -1.7300E-001  -2.4798E-002  -4.2517E-002  -1.9748E-002   3.3659E-001   2.1771E+000  
 1.1722E+000  -1.3324E+000  -5.4968E+000   4.1044E-001   4.6902E-001  -7.1549E-002   1.4538E+000  -1.0366E-001   5.8490E-002   1.6433E-002  -4.8411E-002   9.2581E-003   1.7050E-001   2.6229E-002   2.6723E-004   5.4625E-002  -5.8758E-002   1.4923E-001  -1.4651E-001  -3.6496E-002  -5.3014E-002  -2.3032E-002   3.4424E-001   2.2069E+000  
 1.3871E+000  -1.1404E+000  -5.6244E+000   5.2682E-001   4.3294E-001  -2.2089E-001   1.3565E+000  -1.4682E-001   8.7942E-002  -3.0625E-002  -8.1372E-002  -4.2774E-002   2.2583E-001   4.8604E-002   2.2968E-002   5.3255E-002  -4.3184E-002   2.2499E-001  -1.0051E-001  -4.0492E-002  -7.0353E-002  -3.0208E-002   3.5919E-001   2.2672E+000  
-3.3534E+000   1.4912E+001  -4.3500E+000   6.1798E-001   2.8928E-001  -3.1762E-001   1.2495E+000  -1.6867E-001   1.0204E-001  -1.1378E-001  -1.0542E-001  -1.1546E-001   2.7266E-001   6.9201E-002   6.1900E-002   4.1924E-002  -4.2470E-002   2.9447E-001  -3.6084E-002  -2.9667E-002  -9.3589E-002  -4.1727E-002   3.8217E-001   2.3931E+000  
-2.5507E+000   1.2931E+001   3.1404E+000   6.5523E-001   1.4151E-002  -3.0236E-001   1.1523E+000  -1.6794E-001   8.6708E-002  -2.3391E-001  -1.2594E-001  -1.9403E-001   2.9437E-001   8.0763E-002   1.2420E-001   1.9571E-002  -6.9170E-002   3.5820E-001   4.5131E-002  -1.9507E-003  -1.1420E-001  -5.8710E-002   4.1338E-001   2.5369E+000  
-1.2668E+000   9.9333E+000   7.8337E+000   5.9845E-001  -4.1217E-001  -1.0368E-001   1.0766E+000  -1.4886E-001   3.4364E-002  -3.7689E-001  -1.5727E-001  -2.4959E-001   2.7125E-001   7.2408E-002   2.1799E-001  -1.4274E-002  -1.3665E-001   4.2067E-001   1.4163E-001   3.3480E-002  -1.2512E-001  -7.7125E-002   4.5144E-001   2.7304E+000  
-2.0733E+000   7.2323E+000   7.0980E+000  -1.5598E+000  -3.0578E+000   1.9293E+000  -9.1290E-001  -1.0177E+000   2.6674E-001   1.0679E+000  -5.7207E-001   6.1545E-001  -8.1369E-001   2.1071E-001   1.0347E+000  -1.4731E-001  -4.6028E-001   1.0402E+000   4.3735E-001  -3.5933E-002  -3.0626E-002  -8.1913E-002   4.9600E-001   2.5633E+000  
 6.3187E+000  -1.5825E+001  -1.8054E+000  -2.5479E-001   1.7271E-001   2.8356E-001   1.1142E+000   3.3763E-001  -1.2006E-001  -3.1156E-002   1.9099E-002   1.2672E-001   1.9344E-001  -1.5185E-001   5.5715E-002  -1.2676E-002  -8.9849E-002  -3.1794E-001  -4.7763E-002   4.8749E-002  -1.1635E-001   2.2638E-002   4.5979E-001   2.8617E+000  
 5.7991E+000  -1.5492E+001  -7.1039E+000  -1.3576E-001   1.3781E-001   3.0703E-001   1.2546E+000   2.7889E-001  -9.6764E-002   4.1501E-003   4.7169E-002   9.3880E-002   1.6209E-001  -1.2174E-001   7.4577E-003  -1.0114E-002  -8.5509E-002  -2.6353E-001  -1.2426E-001   5.4664E-002  -7.7134E-002   1.1484E-002   4.3326E-001   2.7198E+000  
 2.3214E+000  -3.4511E+000  -5.4447E+000  -2.4252E-002   1.8336E-001   3.1626E-001   1.3669E+000   2.0962E-001  -7.0048E-002   3.5625E-002   5.3140E-002   7.4320E-002   1.3731E-001  -8.8743E-002  -2.1979E-002  -3.4223E-003  -8.6450E-002  -1.9196E-001  -1.8552E-001   4.1217E-002  -4.6955E-002   1.5732E-003   4.1588E-001   2.6047E+000  
 1.7090E+000  -1.8942E+000  -4.3786E+000   8.5556E-002   2.7316E-001   2.8493E-001   1.4426E+000   1.3187E-001  -3.5810E-002   6.1679E-002   4.0749E-002   6.5947E-002   1.2729E-001  -5.5547E-002  -3.7410E-002   8.6407E-003  -8.8340E-002  -1.0834E-001  -2.2864E-001   1.7492E-002  -2.8665E-002  -6.4692E-003   4.0511E-001   2.4999E+000  
 1.5890E+000  -1.7953E+000  -4.7707E+000   1.9343E-001   3.6955E-001   2.0325E-001   1.4735E+000   5.2585E-002   7.9499E-003   7.6336E-002   1.5576E-002   6.0995E-002   1.3890E-001  -2.2888E-002  -4.2369E-002   2.2014E-002  -8.5637E-002  -1.8380E-002  -2.5078E-001  -9.6917E-003  -2.2677E-002  -1.5010E-002   4.0104E-001   2.4464E+000  
 1.5783E+000  -1.6484E+000  -5.0898E+000   3.0194E-001   4.3760E-001   7.5353E-002   1.4612E+000  -2.2029E-002   6.0095E-002   7.3312E-002  -1.6215E-002   4.9085E-002   1.7036E-001   1.0517E-002  -3.8292E-002   3.3516E-002  -7.9430E-002   7.5101E-002  -2.4963E-001  -3.6592E-002  -2.7956E-002  -2.2826E-002   4.0107E-001   2.4681E+000  
 1.2822E+000   7.6063E-002  -6.8076E+000   4.0837E-001   4.4018E-001  -8.0704E-002   1.4101E+000  -8.5400E-002   1.1708E-001   4.4787E-002  -4.9420E-002   2.0772E-002   2.1760E-001   4.6646E-002  -2.4123E-002   3.9558E-002  -7.0955E-002   1.6990E-001  -2.2724E-001  -5.8619E-002  -4.5608E-002  -2.9327E-002   4.0821E-001   2.5497E+000  
-1.7185E+000   1.2483E+001  -8.9953E+000   4.9823E-001   3.4311E-001  -2.2899E-001   1.3347E+000  -1.2937E-001   1.7055E-001  -1.7845E-002  -7.9911E-002  -2.7804E-002   2.6743E-001   8.5473E-002   4.7293E-003   3.5941E-002  -6.8474E-002   2.6171E-001  -1.8463E-001  -6.9310E-002  -7.4096E-002  -3.7168E-002   4.2262E-001   2.6380E+000  
-1.6290E+000   1.3170E+001  -4.0495E+000   5.5191E-001   1.1422E-001  -3.2500E-001   1.2506E+000  -1.5145E-001   2.0827E-001  -1.2121E-001  -1.0917E-001  -9.3182E-002   3.0255E-001   1.2561E-001   5.3947E-002   2.1104E-002  -8.1319E-002   3.4782E-001  -1.2419E-001  -5.9998E-002  -1.1009E-001  -4.8255E-002   4.4647E-001   2.7620E+000  
 5.6048E+000  -1.3711E+001  -2.1360E+000  -2.9770E-001   4.6468E-001   1.4034E-001   1.0653E+000   4.0052E-001  -1.8564E-001   1.9534E-003  -5.5627E-002   1.1996E-001   2.2627E-001  -2.2686E-001   4.5639E-002  -8.5839E-003  -1.1805E-001  -3.7610E-001  -9.9428E-002   9.3871E-002  -1.2006E-001   2.6381E-002   5.3611E-001   3.2510E+000  
 5.2067E+000  -1.2743E+001  -5.4751E+000  -1.6580E-001   3.4778E-001   1.6509E-001   1.1997E+000   3.3240E-001  -1.3695E-001   5.6107E-002  -2.4390E-002   9.6669E-002   2.0234E-001  -1.7623E-001  -1.8158E-002  -5.9215E-003  -1.0656E-001  -3.1076E-001  -1.8373E-001   9.4230E-002  -6.8901E-002   1.7327E-002   5.0867E-001   3.0816E+000  
 4.3860E+000  -9.2462E+000  -1.1469E+001  -4.5466E-002   3.2475E-001   1.7420E-001   1.3040E+000   2.5629E-001  -8.7320E-002   9.6122E-002  -1.1534E-002   8.1191E-002   1.8317E-001  -1.2430E-001  -5.9045E-002  -1.8678E-003  -1.0142E-001  -2.2952E-001  -2.5167E-001   7.2044E-002  -2.8232E-002   6.5981E-003   4.8967E-001   3.0377E+000  
 3.3053E+000  -5.8584E+000  -1.5885E+001   6.7998E-002   3.5245E-001   1.4304E-001   1.3753E+000   1.7619E-001  -3.1396E-002   1.2531E-001  -1.1039E-002   7.2118E-002   1.7475E-001  -7.5294E-002  -8.1086E-002   4.4612E-003  -9.8603E-002  -1.3491E-001  -3.0127E-001   3.3404E-002  -2.8329E-003  -3.1561E-003   4.7789E-001   2.9010E+000  
 2.1395E+000  -1.7481E+000  -1.6297E+001   1.7415E-001   3.8909E-001   6.1421E-002   1.4085E+000   9.5100E-002   3.5360E-002   1.3920E-001  -2.3923E-002   6.4703E-002   1.8495E-001  -2.7686E-002  -8.9153E-002   1.2374E-002  -9.6208E-002  -3.3167E-002  -3.2877E-001  -1.0843E-002   5.7949E-003  -1.2813E-002   4.7294E-001   2.8076E+000  
 1.0625E+000   2.4267E+000  -1.6479E+001   2.7162E-001   3.9168E-001  -6.5736E-002   1.4050E+000   2.0040E-002   1.1273E-001   1.3094E-001  -4.5018E-002   4.9797E-002   2.1273E-001   2.1548E-002  -8.5782E-002   1.7077E-002  -9.4435E-002   7.3152E-002  -3.3376E-001  -5.3961E-002  -3.5101E-003  -2.2653E-002   4.7412E-001   2.8432E+000  
 2.3972E-001   5.9941E+000  -1.2597E+001   3.5456E-001   3.1758E-001  -2.1968E-001   1.3700E+000  -4.1191E-002   1.9680E-001   9.1837E-002  -6.9902E-002   1.9558E-002   2.5114E-001   7.5900E-002  -6.8964E-002   1.3985E-002  -9.5980E-002   1.8205E-001  -3.1688E-001  -8.9194E-002  -2.9443E-002  -3.2390E-002   4.8249E-001   2.9627E+000  
-1.8781E-001   9.7962E+000  -7.0154E+000   4.0846E-001   1.2554E-001  -3.6530E-001   1.3152E+000  -8.4411E-002   2.7622E-001   1.4925E-002  -1.0131E-001  -2.6587E-002   2.8337E-001   1.3811E-001  -3.2599E-002   2.2565E-003  -1.0633E-001   2.8909E-001  -2.8040E-001  -1.0624E-001  -6.8778E-002  -4.3493E-002   4.9864E-001   2.9906E+000  
-1.0232E-001   1.1236E+001  -3.8881E+000   4.1549E-001  -2.1948E-001  -4.5589E-001   1.2523E+000  -1.0307E-001   3.4149E-001  -1.0254E-001  -1.3682E-001  -8.2687E-002   2.9545E-001   2.0373E-001   3.0825E-002  -1.7956E-002  -1.3341E-001   3.9421E-001  -2.2321E-001  -1.0218E-001  -1.1579E-001  -5.4018E-002   5.2404E-001   3.1398E+000  
 6.7598E+000  -8.9288E+000  -3.5412E+000   1.0206E+000  -1.2503E+000   1.0603E-001  -1.0990E-001   1.6003E+000  -1.5552E+000  -7.1132E-001   9.0410E-002   1.0619E-001  -7.9992E-001  -1.0203E+000  -2.4206E-001   6.6436E-002  -2.6796E-001  -8.1764E-001  -5.4381E-001  -3.2692E-002  -6.0356E-002   1.5017E-002   6.5756E-001   3.4809E+000  
 4.8068E+000  -1.0696E+001  -4.4840E+000  -2.0788E-001   5.9568E-001  -1.5928E-001   1.1049E+000   4.4886E-001  -2.4514E-001   1.3048E-001  -8.4967E-002   9.8688E-002   1.9265E-001  -2.7203E-001  -8.7948E-002   3.9278E-003  -1.4963E-001  -3.7024E-001  -2.7357E-001   1.2831E-001  -5.2473E-002   1.3774E-002   6.0767E-001   3.6454E+000  
 4.2424E+000  -8.9632E+000  -9.1003E+000  -1.2641E-001   5.1101E-001  -1.7541E-001   1.2339E+000   3.2281E-001  -1.1915E-001   1.8548E-001  -8.4580E-002   6.7039E-002   2.1641E-001  -1.8108E-001  -1.2381E-001  -1.4227E-002  -1.2890E-001  -2.7654E-001  -3.2503E-001   1.0426E-001  -2.2305E-003   4.8083E-003   5.7794E-001   3.4742E+000  
 3.4772E+000  -5.6499E+000  -1.1580E+001  -1.2443E-002   4.3840E-001  -2.0591E-001   1.3056E+000   2.3891E-001  -3.0199E-002   2.1975E-001  -7.8641E-002   5.8334E-002   2.1195E-001  -1.0741E-001  -1.5725E-001  -1.2051E-002  -1.2294E-001  -1.7079E-001  -3.8192E-001   4.9124E-002   2.9422E-002  -5.1759E-003   5.6590E-001   3.3886E+000  
 2.6614E+000  -1.5611E+000  -1.2194E+001   8.7194E-002   3.7363E-001  -2.8541E-001   1.3431E+000   1.5961E-001   6.6907E-002   2.3234E-001  -8.1710E-002   4.8075E-002   2.1728E-001  -3.6621E-002  -1.7126E-001  -1.0779E-002  -1.2181E-001  -5.6906E-002  -4.1761E-001  -1.3122E-002   3.8997E-002  -1.3981E-002   5.6099E-001   3.2743E+000  
 1.9124E+000   2.5905E+000  -1.2059E+001   1.6821E-001   2.7122E-001  -4.0892E-001   1.3496E+000   8.8397E-002   1.7501E-001   2.1827E-001  -9.4592E-002   3.0180E-002   2.3491E-001   3.7294E-002  -1.6860E-001  -1.3539E-002  -1.2596E-001   6.2986E-002  -4.3020E-001  -7.3146E-002   2.6991E-002  -2.2928E-002   5.6248E-001   3.3185E+000  
 1.3414E+000   6.1330E+000  -9.9534E+000   2.2204E-001   7.9080E-002  -5.5737E-001   1.3300E+000   3.0316E-002   2.8925E-001   1.7057E-001  -1.1847E-001   2.7288E-004   2.5322E-001   1.2044E-001  -1.4581E-001  -2.2785E-002  -1.3762E-001   1.8758E-001  -4.2078E-001  -1.2280E-001  -5.7847E-003  -3.3285E-002   5.7140E-001   3.3880E+000  
 1.0633E+000   8.2638E+000  -5.5732E+000   1.8067E-001  -2.9688E-001  -7.2870E-001   1.2644E+000  -6.0968E-002   3.5006E-001   8.0760E-002  -1.7380E-001  -6.8020E-002   2.1826E-001   2.2643E-001  -1.2401E-001  -6.4269E-002  -1.7255E-001   3.1134E-001  -4.1854E-001  -1.3942E-001  -5.7354E-002  -4.3340E-002   5.9787E-001   3.5450E+000  
-7.7072E-001   6.7911E+000  -4.8167E+000  -1.4492E+000  -3.0762E+000  -1.2660E+000   4.3559E-002  -1.3433E+000  -9.2282E-001   6.7432E-001  -5.0307E-001  -1.8398E-001  -9.1053E-001   9.9794E-001  -3.3698E-001  -2.2345E-001  -3.5358E-001   7.9851E-001  -7.5853E-001   2.5313E-002  -7.1198E-002  -5.2365E-002   6.4637E-001   3.4324E+000  
