 3.1421E+000   9.9060E-001   1.0020E+000  -6.8903E-002  -2.4964E-001  -1.9966E-001  -9.8464E-002  -2.3981E-001  -3.1478E+000   2.4828E-001  -2.0143E-001  -1.9452E-002  -3.8070E-002   5.2939E-003   5.5970E-003   9.3295E-002   4.8492E-002  -2.5461E-002   3.3169E-001   4.4828E-002  -4.8553E-002  -2.3683E-002   2.2864E-002   1.2358E-001  
 2.8670E+000   1.4091E+000   1.1419E+000  -2.3191E-002  -2.5690E-002  -2.8535E-001  -2.4837E-002  -1.6279E-001  -2.9468E+000   1.4137E-001  -1.4192E-001  -1.4291E-002  -4.3705E-002   3.3267E-002  -6.4509E-002   4.7915E-002   1.6667E-002   1.9454E-003   3.3786E-001   9.8552E-003  -3.3814E-002  -2.4117E-002   4.3585E-002   2.3098E-001  
 2.7735E+000   1.5519E+000   1.1514E+000   5.4014E-002   2.1231E-001  -2.6654E-001   8.3715E-004  -1.6047E-001  -2.8719E+000   7.0202E-002  -1.0701E-001   1.5513E-002  -2.8188E-002   1.7014E-002  -5.7323E-002   2.6362E-002   4.1039E-003   1.7651E-002   3.1007E-001   9.9884E-003  -3.7207E-002  -2.0009E-002   4.7734E-002   2.6700E-001  
 2.7296E+000   1.6126E+000   1.0196E+000   9.2688E-002   3.4463E-001  -2.7054E-001   2.5077E-002  -1.5576E-001  -2.7806E+000   2.9282E-002  -8.8633E-002   3.5299E-002  -3.1502E-002   4.4508E-003  -5.2246E-002   1.4786E-002  -1.1974E-003   2.6992E-002   2.8640E-001   7.9459E-003  -4.0861E-002  -1.6055E-002   5.0095E-002   2.9052E-001  
 2.7514E+000   1.5960E+000   7.9479E-001   1.0912E-001   4.2452E-001  -3.1198E-001   4.6914E-002  -1.5866E-001  -2.6827E+000   1.5248E-002  -8.1079E-002   4.8280E-002  -4.1865E-002  -4.7724E-003  -4.6522E-002   7.8489E-003  -3.4251E-003   2.9247E-002   2.6309E-001   3.6071E-003  -4.4626E-002  -1.2562E-002   5.0763E-002   3.0204E-001  
 2.8393E+000   1.5001E+000   5.3698E-001   1.0695E-001   5.0143E-001  -3.9755E-001   6.9947E-002  -1.6977E-001  -2.5796E+000   2.7831E-002  -8.3269E-002   5.3906E-002  -5.3907E-002  -1.1476E-002  -4.0954E-002   4.8219E-003  -4.3488E-003   2.5512E-002   2.4019E-001  -2.7137E-003  -4.7028E-002  -9.3003E-003   5.0269E-002   2.5894E-001  
 2.9871E+000   1.3173E+000   2.5740E-001   8.4704E-002   6.2393E-001  -5.2025E-001   9.8112E-002  -1.9051E-001  -2.4724E+000   6.8721E-002  -9.5002E-002   5.2708E-002  -6.3185E-002  -1.6038E-002  -3.5636E-002   5.2750E-003  -5.4991E-003   1.6126E-002   2.1784E-001  -1.0058E-002  -4.7286E-002  -6.2758E-003   4.9321E-002   2.2995E-001  
 3.1747E+000   1.0591E+000  -1.8575E-002   3.5975E-002   8.3903E-001  -6.5898E-001   1.3473E-001  -2.2041E-001  -2.3668E+000   1.4173E-001  -1.1700E-001   4.5711E-002  -6.4436E-002  -1.8664E-002  -2.8147E-002   8.5593E-003  -8.3160E-003   1.4203E-003   1.9630E-001  -1.7799E-002  -4.7559E-002  -3.8787E-003   4.8999E-002   2.3086E-001  
 3.0653E+000   1.1151E+000  -3.1066E-001  -2.7448E-001   1.5045E+000  -9.6598E-001   7.0161E-002  -5.9357E-002  -2.5041E+000   2.5542E-001  -2.0189E-001  -3.1991E-002   6.1044E-002   3.9346E-002   8.4054E-002   5.2881E-002  -3.7261E-002  -1.8728E-002   1.3021E-001  -5.9691E-002  -6.5618E-002  -1.2174E-002   4.9478E-002   2.0193E-001  
 2.6861E+000   1.4975E+000   1.3264E+000   5.6671E-002   3.2387E-002   7.7522E-002  -4.7159E-002  -1.2550E-001  -2.9242E+000   2.9736E-001  -1.0423E-001  -1.2132E-002  -1.1437E-002   5.0016E-002  -4.6701E-002   2.5315E-002   1.0535E-002  -3.7889E-002   3.2382E-001   1.0874E-002  -3.1834E-002  -2.2594E-002   4.4980E-002   2.2143E-001  
 2.4723E+000   1.6569E+000   1.3215E+000   1.2695E-001   2.6637E-001   7.2965E-002  -1.3730E-002  -1.0825E-001  -2.8846E+000   2.1383E-001  -6.7597E-002   1.1204E-002  -5.3021E-004   3.5121E-002  -4.8540E-002   9.3495E-003  -6.6732E-004  -1.6966E-002   3.1189E-001   1.0504E-002  -3.3836E-002  -1.9421E-002   4.8564E-002   2.3040E-001  
 2.3143E+000   1.7582E+000   1.2454E+000   1.6675E-001   3.7426E-001   8.6556E-002   9.4509E-003  -9.7861E-002  -2.8336E+000   1.5653E-001  -4.2737E-002   3.4203E-002  -3.3877E-003   2.1743E-002  -4.7118E-002  -2.9435E-003  -5.8763E-003  -3.4716E-003   2.9728E-001   9.8805E-003  -3.7335E-002  -1.6092E-002   5.1767E-002   2.7188E-001  
 2.2309E+000   1.8008E+000   1.0366E+000   1.8674E-001   3.9486E-001   8.2304E-002   2.7180E-002  -9.2536E-002  -2.7721E+000   1.2268E-001  -2.8655E-002   5.2256E-002  -1.6780E-002   1.0952E-002  -4.4966E-002  -1.0500E-002  -6.4545E-003   3.4909E-003   2.8236E-001   6.4928E-003  -4.1422E-002  -1.3714E-002   5.2828E-002   2.7204E-001  
 2.2347E+000   1.7881E+000   7.4640E-001   1.9476E-001   3.7073E-001   3.8811E-002   4.2222E-002  -9.2689E-002  -2.7042E+000   1.1182E-001  -2.3850E-002   6.2993E-002  -3.5156E-002   1.5766E-003  -4.2859E-002  -1.3782E-002  -4.7090E-003   5.5133E-003   2.6737E-001   1.2118E-003  -4.4132E-002  -1.2030E-002   5.2148E-002   2.7415E-001  
 2.3262E+000   1.7139E+000   4.1546E-001   1.9417E-001   3.4508E-001  -5.0352E-002   5.7722E-002  -9.9019E-002  -2.6321E+000   1.2306E-001  -2.7151E-002   6.6480E-002  -5.4034E-002  -6.6545E-003  -4.0349E-002  -1.4020E-002  -2.5983E-003   3.0943E-003   2.5181E-001  -5.1155E-003  -4.5200E-002  -1.0410E-002   5.0630E-002   2.1437E-001  
 2.4971E+000   1.5666E+000   6.1131E-002   1.8319E-001   3.6037E-001  -1.7797E-001   7.7028E-002  -1.1257E-001  -2.5576E+000   1.5732E-001  -3.8516E-002   6.3740E-002  -6.9636E-002  -1.3341E-002  -3.7530E-002  -1.1924E-002  -1.2544E-003  -3.9398E-003   2.3574E-001  -1.1939E-002  -4.4257E-002  -8.3557E-003   4.9062E-002   2.2468E-001  
 2.7275E+000   1.3437E+000  -2.8262E-001   1.5554E-001   4.5739E-001  -3.2009E-001   1.0368E-001  -1.3476E-001  -2.4837E+000   2.1626E-001  -5.8377E-002   5.6617E-002  -7.8300E-002  -1.8019E-002  -3.4834E-002  -7.5832E-003  -1.9894E-003  -1.6042E-002   2.2003E-001  -1.8071E-002  -4.1129E-002  -6.1444E-003   4.8016E-002   2.2880E-001  
 2.9918E+000   1.0320E+000  -4.7866E-001   9.9741E-002   6.7564E-001  -4.4142E-001   1.4159E-001  -1.6622E-001  -2.4135E+000   3.0313E-001  -8.9233E-002   4.7878E-002  -7.5346E-002  -1.9874E-002  -3.3072E-002   2.8861E-004  -7.0787E-003  -3.4629E-002   2.0541E-001  -2.2692E-002  -3.5920E-002  -5.0048E-003   4.7648E-002   2.2497E-001  
 2.3146E+000   1.6135E+000   1.4805E+000   1.5568E-001   2.9562E-001   2.2606E-001  -2.8683E-002  -7.9448E-002  -2.8471E+000   3.2614E-001  -4.8125E-002  -1.1895E-002   2.0174E-002   4.7706E-002  -3.4865E-002   1.2421E-003  -6.0606E-003  -4.3687E-002   3.0081E-001   1.1968E-002  -3.0853E-002  -1.7737E-002   4.9505E-002   2.4212E-001  
 2.0288E+000   1.7187E+000   1.4163E+000   1.9277E-001   4.2712E-001   2.2189E-001  -1.2092E-003  -6.5487E-002  -2.8324E+000   2.5845E-001  -1.7416E-002   1.0862E-002   2.1311E-002   3.5110E-002  -3.7303E-002  -1.0376E-002  -1.2416E-002  -2.7154E-002   2.9613E-001   1.1965E-002  -3.3609E-002  -1.5627E-002   5.2994E-002   2.5428E-001  
 1.8579E+000   1.7012E+000   1.0702E+000   2.0662E-001   4.5017E-001   2.3494E-001   1.7334E-002  -5.5585E-002  -2.8035E+000   2.1226E-001   1.8059E-003   3.1794E-002   9.9717E-003   2.4255E-002  -3.8736E-002  -1.7076E-002  -1.2478E-002  -1.6740E-002   2.9052E-001   9.3615E-003  -3.6883E-002  -1.5278E-002   5.4261E-002   2.6857E-001  
 1.7177E+000   1.7582E+000   7.0462E-001   2.1122E-001   3.9998E-001   2.3025E-001   2.9967E-002  -5.0508E-002  -2.7654E+000   1.8539E-001   1.2485E-002   4.8400E-002  -8.0416E-003   1.3978E-002  -3.8941E-002  -2.1150E-002  -9.5192E-003  -1.1229E-002   2.8288E-001   5.1647E-003  -4.0194E-002  -1.4964E-002   5.4149E-002   2.7449E-001  
 1.6742E+000   1.7766E+000   3.5099E-001   2.1366E-001   3.1274E-001   1.8594E-001   3.9749E-002  -4.9698E-002  -2.7212E+000   1.7694E-001   1.5656E-002   5.8368E-002  -2.9216E-002   4.2357E-003  -3.8817E-002  -2.2750E-002  -5.2186E-003  -9.5662E-003   2.7404E-001  -4.6848E-004  -4.1975E-002  -1.4582E-002   5.2901E-002   2.3896E-001  
 1.7403E+000   1.7471E+000  -4.2633E-003   2.1665E-001   2.2474E-001   9.5247E-002   4.9480E-002  -5.3604E-002  -2.6733E+000   1.8609E-001   1.2297E-002   6.1536E-002  -5.0388E-002  -5.0942E-003  -3.8106E-002  -2.2442E-002  -9.7536E-004  -1.1342E-002   2.6372E-001  -6.3973E-003  -4.1995E-002  -1.3502E-002   5.1190E-002   2.0788E-001  
 1.9205E+000   1.6525E+000  -2.9997E-001   2.1768E-001   1.7171E-001  -3.4740E-002   6.2235E-002  -6.2982E-002  -2.6238E+000   2.1365E-001   2.1913E-003   5.8613E-002  -6.8727E-002  -1.3474E-002  -3.6744E-002  -2.0376E-002   2.3193E-003  -1.6666E-002   2.5234E-001  -1.2268E-002  -4.0357E-002  -1.1691E-002   4.9522E-002   2.1738E-001  
 2.2426E+000   1.3624E+000  -5.3358E-001   2.0951E-001   1.8958E-001  -1.8013E-001   8.1223E-002  -7.8358E-002  -2.5762E+000   2.6111E-001  -1.5318E-002   5.1184E-002  -8.1024E-002  -2.0034E-002  -3.4989E-002  -1.6360E-002   3.4594E-003  -2.5931E-002   2.4063E-001  -1.7726E-002  -3.7098E-002  -9.5522E-003   4.8387E-002   2.2053E-001  
 2.5618E+000   1.1080E+000  -8.0893E-001   1.8052E-001   3.1146E-001  -3.0502E-001   1.1018E-001  -1.0078E-001  -2.5335E+000   3.3094E-001  -4.2464E-002   4.2323E-002  -8.4047E-002  -2.4294E-002  -3.3889E-002  -9.9023E-003   7.2510E-004  -4.0636E-002   2.2994E-001  -2.1435E-002  -3.1887E-002  -7.8898E-003   4.8076E-002   2.1773E-001  
 3.0678E+000   9.0766E-001   1.0940E+000  -1.5844E-001  -5.5590E-001   9.8095E-001  -1.3509E-001  -9.1961E-002  -2.7020E+000   6.0235E-001  -1.9807E-001  -1.3990E-002  -6.0861E-002   2.3593E-002   3.1054E-002   5.3642E-002   6.0955E-002  -1.2304E-001   2.4832E-001   4.1215E-002  -1.4938E-003  -1.8045E-002   3.5506E-002   1.5417E-001  
 2.7441E+000   1.1941E+000   1.4275E+000   6.4752E-002  -7.1290E-002   5.1149E-001  -1.0824E-001  -8.4365E-002  -2.7171E+000   5.0332E-001  -9.8382E-002  -5.1660E-002   4.9645E-003   6.3387E-002  -1.1830E-002   1.3967E-002   8.7465E-003  -8.5560E-002   2.7089E-001   1.3722E-002  -2.3487E-002  -1.6454E-002   4.5920E-002   2.6193E-001  
 2.3382E+000   1.3924E+000   1.6075E+000   1.5704E-001   2.4141E-001   3.1412E-001  -5.0501E-002  -6.3348E-002  -2.7651E+000   4.0707E-001  -4.6735E-002  -4.2786E-002   2.6864E-002   5.4993E-002  -2.0580E-002   4.1860E-004  -8.6609E-003  -6.1868E-002   2.8036E-001   1.3235E-002  -2.5465E-002  -1.5720E-002   4.8913E-002   2.7477E-001  
 1.9358E+000   1.5132E+000   1.6174E+000   1.9806E-001   4.1779E-001   2.4243E-001  -1.3420E-002  -4.7716E-002  -2.7878E+000   3.3408E-001  -9.3116E-003  -2.4004E-002   3.3893E-002   4.4988E-002  -2.6283E-002  -9.9812E-003  -1.7701E-002  -4.3851E-002   2.8579E-001   1.2788E-002  -2.7599E-002  -1.5112E-002   5.2257E-002   2.5060E-001  
 1.6415E+000   1.4301E+000   1.4190E+000   2.0682E-001   4.7904E-001   2.3782E-001   9.6664E-003  -3.6510E-002  -2.7913E+000   2.8101E-001   1.6098E-002  -1.8204E-003   2.8741E-002   3.5152E-002  -2.9444E-002  -1.6869E-002  -1.9465E-002  -3.1819E-002   2.8819E-001   1.1320E-002  -3.1095E-002  -1.5849E-002   5.4414E-002   2.6912E-001  
 1.3610E+000   1.5193E+000   1.1107E+000   2.0077E-001   4.5277E-001   2.5084E-001   2.3984E-002  -2.8707E-002  -2.7807E+000   2.4515E-001   3.1589E-002   1.8535E-002   1.5020E-002   2.5442E-002  -3.1641E-002  -2.0364E-002  -1.6295E-002  -2.4225E-002   2.8852E-001   8.0354E-003  -3.4611E-002  -1.7747E-002   5.4635E-002   2.7536E-001  
 1.1834E+000   1.5693E+000   7.4174E-001   1.9321E-001   3.6705E-001   2.4589E-001   3.2722E-002  -2.4488E-002  -2.7606E+000   2.2470E-001   4.0029E-002   3.4420E-002  -3.0824E-003   1.5121E-002  -3.3063E-002  -2.2610E-002  -1.1300E-002  -1.9875E-002   2.8617E-001   3.6876E-003  -3.7181E-002  -1.8794E-002   5.4192E-002   2.4734E-001  
 1.1293E+000   1.5825E+000   3.4618E-001   1.9159E-001   2.5190E-001   2.0116E-001   3.8533E-002  -2.3679E-002  -2.7347E+000   2.1837E-001   4.2516E-002   4.4239E-002  -2.3119E-002   4.6311E-003  -3.3744E-002  -2.3821E-002  -5.5863E-003  -1.8379E-002   2.8137E-001  -1.1389E-003  -3.8407E-002  -1.8744E-002   5.3324E-002   2.2524E-001  
 1.2035E+000   1.5604E+000  -5.0950E-002   1.9804E-001   1.3632E-001   1.0971E-001   4.3987E-002  -2.6248E-002  -2.7052E+000   2.2542E-001   3.9541E-002   4.7506E-002  -4.3323E-002  -5.6010E-003  -3.3740E-002  -2.3735E-002   1.9112E-004  -1.9635E-002   2.7461E-001  -6.1914E-003  -3.8136E-002  -1.7752E-002   5.2057E-002   1.9752E-001  
 1.4009E+000   1.5016E+000  -4.2479E-001   2.0988E-001   4.9121E-002  -2.1463E-002   5.1937E-002  -3.2601E-002  -2.6747E+000   2.4657E-001   3.0746E-002   4.4704E-002  -6.1425E-002  -1.5111E-002  -3.3164E-002  -2.2198E-002   4.9584E-003  -2.3715E-002   2.6654E-001  -1.1197E-002  -3.6262E-002  -1.5945E-002   5.0690E-002   2.0570E-001  
 1.7002E+000   1.4038E+000  -7.4129E-001   2.1945E-001   2.0057E-002  -1.6835E-001   6.5528E-002  -4.3310E-002  -2.6464E+000   2.8316E-001   1.5492E-002   3.7499E-002  -7.4821E-002  -2.3133E-002  -3.2204E-002  -1.9237E-002   7.6899E-003  -3.0730E-002   2.5819E-001  -1.5692E-002  -3.3007E-002  -1.3498E-002   4.9605E-002   2.0825E-001  
 2.1298E+000   1.0359E+000  -1.0418E+000   2.1461E-001   7.6032E-002  -2.9489E-001   8.8044E-002  -5.9021E-002  -2.6244E+000   3.3722E-001  -8.2365E-003   2.8670E-002  -8.0975E-002  -2.9081E-002  -3.1554E-002  -1.4392E-002   6.9793E-003  -4.1928E-002   2.5055E-001  -1.8929E-002  -2.8028E-002  -1.1187E-002   4.9292E-002   2.4250E-001  
 2.5294E+000   7.9390E-001  -1.2327E+000   1.7825E-001   2.4452E-001  -3.5100E-001   1.2343E-001  -8.0719E-002  -2.6133E+000   4.1171E-001  -4.4070E-002   2.2888E-002  -7.6101E-002  -3.2844E-002  -3.2854E-002  -6.6778E-003  -1.2732E-004  -5.8907E-002   2.4589E-001  -1.9613E-002  -2.1960E-002  -1.0277E-002   4.9102E-002   2.5277E-001  
 2.9146E+000   5.1097E-001  -1.2274E+000   8.8750E-002   5.4744E-001  -2.7312E-001   1.7497E-001  -1.0907E-001  -2.6185E+000   5.0878E-001  -9.6141E-002   2.8129E-002  -5.5798E-002  -3.5676E-002  -3.7509E-002   4.8150E-003  -1.8324E-002  -8.2534E-002   2.4786E-001  -1.7551E-002  -1.7082E-002  -1.2358E-002   4.7750E-002   3.0004E-001  
 3.1615E+000   2.8242E-001  -1.0698E+000  -1.5984E-001   1.1148E+000   9.6807E-003   1.8105E-001  -9.3974E-002  -2.7082E+000   5.8118E-001  -2.0448E-001   6.8843E-002   3.0043E-002   1.3525E-002  -3.4200E-002   3.2600E-002  -8.9018E-002  -1.2116E-001   2.5164E-001  -4.1894E-002   2.0735E-003  -1.8842E-002   3.5105E-002   1.4797E-001  
 2.9744E+000   8.5793E-001   1.2898E+000   4.6774E-004  -2.2822E-001   8.6140E-001  -1.6507E-001  -7.2750E-002  -2.5476E+000   5.3886E-001  -1.2592E-001  -5.8744E-002  -8.1751E-003   5.7853E-002   7.3372E-003   1.4572E-002   1.6138E-002  -9.5459E-002   2.3103E-001   1.6890E-002  -1.5383E-002  -1.1509E-002   4.6111E-002   2.8813E-001  
 2.5358E+000   1.0501E+000   1.6230E+000   1.3281E-001   1.0573E-001   4.6135E-001  -8.7808E-002  -5.4071E-002  -2.6430E+000   4.5131E-001  -6.2126E-002  -6.8841E-002   1.9965E-002   5.7274E-002  -7.2316E-003   2.8701E-003  -6.7646E-003  -7.1149E-002   2.5219E-001   1.2624E-002  -1.8389E-002  -1.2563E-002   4.7299E-002   2.7398E-001  
 2.0608E+000   1.1774E+000   1.7349E+000   1.9304E-001   3.1669E-001   2.6168E-001  -3.4789E-002  -3.8756E-002  -2.7070E+000   3.8057E-001  -1.6318E-002  -5.9194E-002   3.2847E-002   5.1231E-002  -1.4826E-002  -6.1536E-003  -1.9950E-002  -5.3461E-002   2.6688E-001   1.1828E-002  -2.0240E-002  -1.3277E-002   5.0061E-002   2.5784E-001  
 1.6356E+000   1.0715E+000   1.7687E+000   2.0641E-001   4.2317E-001   1.8890E-001  -1.5360E-003  -2.7007E-002  -2.7443E+000   3.2634E-001   1.5910E-002  -3.9909E-002   3.4150E-002   4.3852E-002  -1.9503E-002  -1.2246E-002  -2.4722E-002  -4.1151E-002   2.7770E-001   1.0778E-002  -2.3632E-002  -1.5219E-002   5.2397E-002   2.6699E-001  
 1.2303E+000   1.1656E+000   1.5126E+000   1.9362E-001   4.4241E-001   1.8371E-001   1.8095E-002  -1.8485E-002  -2.7614E+000   2.8717E-001   3.7145E-002  -1.7687E-002   2.6927E-002   3.5626E-002  -2.2501E-002  -1.5757E-002  -2.3172E-002  -3.3115E-002   2.8514E-001   8.6311E-003  -2.7803E-002  -1.8373E-002   5.3494E-002   2.5491E-001  
 9.1183E-001   1.2281E+000   1.1689E+000   1.7282E-001   3.9594E-001   1.9664E-001   2.8973E-002  -1.3090E-002  -2.7646E+000   2.6114E-001   5.0647E-002   2.6548E-003   1.4873E-002   2.6020E-002  -2.4619E-002  -1.8373E-002  -1.8805E-002  -2.7758E-002   2.8890E-001   5.7458E-003  -3.1444E-002  -2.0532E-002   5.4190E-002   2.3988E-001  
 7.1022E-001   1.2628E+000   7.6792E-001   1.5619E-001   3.0408E-001   1.9164E-001   3.4714E-002  -1.0325E-002  -2.7581E+000   2.4640E-001   5.7985E-002   1.8472E-002  -1.9718E-004   1.5380E-002  -2.6105E-002  -2.0286E-002  -1.2905E-002  -2.4663E-002   2.8948E-001   2.2956E-003  -3.3951E-002  -2.1573E-002   5.4494E-002   2.2685E-001  
 6.4766E-001   1.2718E+000   3.4238E-001   1.5100E-001   1.9009E-001   1.4673E-001   3.7713E-002  -1.0039E-002  -2.7452E+000   2.4180E-001   6.0557E-002   2.8162E-002  -1.6953E-002   4.3073E-003  -2.7030E-002  -2.1034E-002  -6.0067E-003  -2.3466E-002   2.8743E-001  -1.5669E-003  -3.5084E-002  -2.2105E-002   5.4175E-002   2.0361E-001  
 7.2892E-001   1.2562E+000  -8.4769E-002   1.5986E-001   7.5775E-002   5.4863E-002   4.0413E-002  -1.1928E-002  -2.7288E+000   2.4688E-001   5.8273E-002   3.1296E-002  -3.3914E-002  -6.6477E-003  -2.7389E-002  -2.0824E-002   8.5228E-004  -2.4292E-002   2.8322E-001  -5.5933E-003  -3.4597E-002  -2.1647E-002   5.3242E-002   1.9128E-001  
 9.4845E-001   1.2147E+000  -4.9054E-001   1.8042E-001  -1.6959E-002  -7.6964E-002   4.5139E-002  -1.6097E-002  -2.7116E+000   2.6220E-001   5.0433E-002   2.8382E-002  -4.9431E-002  -1.6943E-002  -2.7295E-002  -1.9811E-002   6.8516E-003  -2.7321E-002   2.7772E-001  -9.5172E-003  -3.2597E-002  -1.9850E-002   5.2086E-002   1.9539E-001  
 1.2838E+000   1.1457E+000  -8.4239E-001   2.0430E-001  -6.5276E-002  -2.2453E-001   5.4870E-002  -2.3083E-002  -2.6972E+000   2.8870E-001   3.6832E-002   2.1273E-002  -6.1427E-002  -2.5970E-002  -2.6875E-002  -1.7652E-002   1.0645E-002  -3.2433E-002   2.7178E-001  -1.3054E-002  -2.9227E-002  -1.7290E-002   5.1150E-002   2.2182E-001  
 1.7045E+000   1.0452E+000  -1.1098E+000   2.1931E-001  -4.8843E-002  -3.5177E-001   7.3127E-002  -3.3620E-002  -2.6899E+000   3.2837E-001   1.5756E-002   1.2475E-002  -6.8387E-002  -3.3239E-002  -2.6398E-002  -1.4457E-002   1.1697E-002  -4.0116E-002   2.6646E-001  -1.5831E-002  -2.4750E-002  -1.4205E-002   5.0919E-002   2.4881E-001  
 2.1952E+000   6.8115E-001  -1.4620E+000   2.0789E-001   5.3354E-002  -4.0807E-001   1.0306E-001  -4.8260E-002  -2.6946E+000   3.8287E-001  -1.6557E-002   6.5614E-003  -6.7265E-002  -3.8830E-002  -2.7582E-002  -9.0612E-003   6.7618E-003  -5.2466E-002   2.6428E-001  -1.6143E-002  -1.9398E-002  -1.2317E-002   5.0590E-002   2.5826E-001  
 2.6393E+000   4.7291E-001  -1.4972E+000   1.4663E-001   2.5903E-001  -3.2888E-001   1.4729E-001  -6.7392E-002  -2.7166E+000   4.5308E-001  -6.4764E-002   1.2149E-002  -5.3857E-002  -4.4016E-002  -3.2252E-002  -3.5782E-004  -9.7818E-003  -7.0729E-002   2.6920E-001  -1.3522E-002  -1.5146E-002  -1.4283E-002   4.8336E-002   3.1092E-001  
 3.0312E+000   2.3560E-001  -1.2988E+000   5.2252E-003   5.8836E-001  -3.9513E-002   2.0584E-001  -8.9512E-002  -2.7633E+000   5.3945E-001  -1.3584E-001   4.1569E-002  -2.2154E-002  -4.8380E-002  -4.1085E-002   1.2639E-002  -4.4446E-002  -9.6359E-002   2.8459E-001  -1.1826E-002  -1.1576E-002  -1.8782E-002   4.4526E-002   3.0726E-001  
 2.8630E+000   6.4907E-001   1.4737E+000   6.8178E-002  -5.2543E-002   7.8746E-001  -1.5340E-001  -4.5521E-002  -2.4796E+000   4.5119E-001  -9.5386E-002  -8.0217E-002   5.0487E-003   5.4258E-002   3.0378E-003   5.4550E-003   5.3452E-004  -6.9978E-002   2.1788E-001   9.4106E-003  -1.0707E-002  -8.1914E-003   4.5790E-002   2.2670E-001  
 2.3663E+000   7.7811E-001   1.7554E+000   1.6886E-001   1.5568E-001   3.9095E-001  -7.3329E-002  -3.2067E-002  -2.5921E+000   3.9050E-001  -3.8784E-002  -8.4926E-002   2.0099E-002   5.3394E-002  -4.0959E-003  -1.2046E-003  -1.6901E-002  -5.5395E-002   2.4111E-001   8.7403E-003  -1.2899E-002  -1.0254E-002   4.7159E-002   2.3382E-001  
 1.8475E+000   7.0312E-001   1.9921E+000   2.0542E-001   2.8324E-001   1.8975E-001  -2.3094E-002  -2.1845E-002  -2.6672E+000   3.4363E-001   2.3077E-003  -7.3940E-002   2.6540E-002   4.9702E-002  -9.2242E-003  -6.2311E-003  -2.6237E-002  -4.4490E-002   2.5958E-001   7.8311E-003  -1.6170E-002  -1.3147E-002   4.9309E-002   2.5090E-001  
 1.3473E+000   7.5532E-001   1.8593E+000   1.9945E-001   3.4052E-001   1.1589E-001   7.1091E-003  -1.4013E-002  -2.7148E+000   3.0795E-001   3.1044E-002  -5.4100E-002   2.5862E-002   4.3812E-002  -1.2627E-002  -9.5733E-003  -2.8512E-002  -3.7163E-002   2.7388E-001   6.6265E-003  -2.0639E-002  -1.6821E-002   5.1154E-002   2.4414E-001  
 9.0434E-001   8.1499E-001   1.5755E+000   1.7193E-001   3.3948E-001   1.1015E-001   2.3752E-002  -8.5940E-003  -2.7420E+000   2.8255E-001   5.0358E-002  -3.1619E-002   2.0313E-002   3.5832E-002  -1.4860E-002  -1.2120E-002  -2.5959E-002  -3.2207E-002   2.8378E-001   5.1080E-003  -2.5171E-002  -2.0188E-002   5.2842E-002   2.3309E-001  
 5.5731E-001   8.5435E-001   1.2078E+000   1.4044E-001   2.9415E-001   1.2285E-001   3.2241E-002  -5.2313E-003  -2.7546E+000   2.6581E-001   6.2400E-002  -1.1273E-002   1.1714E-002   2.6114E-002  -1.6602E-002  -1.4204E-002  -2.0933E-002  -2.8831E-002   2.8955E-001   3.1802E-003  -2.8839E-002  -2.2086E-002   5.4147E-002   2.1243E-001  
 3.3791E-001   8.7630E-001   7.8541E-001   1.1666E-001   2.1832E-001   1.1773E-001   3.5708E-002  -3.8952E-003  -2.7570E+000   2.5628E-001   6.9536E-002   4.4052E-003   6.4582E-004   1.5110E-002  -1.7902E-002  -1.5154E-002  -1.3788E-002  -2.6789E-002   2.9172E-001   7.8493E-004  -3.1304E-002  -2.3672E-002   5.4601E-002   2.0517E-001  
 2.6897E-001   8.8193E-001   3.3975E-001   1.0892E-001   1.2754E-001   7.2675E-002   3.6870E-002  -3.9287E-003  -2.7527E+000   2.5336E-001   7.2060E-002   1.3944E-002  -1.1387E-002   3.6589E-003  -1.8840E-002  -1.5480E-002  -5.9887E-003  -2.6061E-002   2.9136E-001  -1.8688E-003  -3.2303E-002  -2.4504E-002   5.4503E-002   1.9455E-001  
 3.5552E-001   8.7197E-001  -1.0757E-001   1.1967E-001   3.6496E-002  -1.9419E-002   3.7965E-002  -5.2370E-003  -2.7450E+000   2.5665E-001   7.0166E-002   1.6925E-002  -2.3328E-002  -7.7586E-003  -1.9453E-002  -1.5163E-002   1.5661E-003  -2.6634E-002   2.8911E-001  -4.6605E-003  -3.1732E-002  -2.4321E-002   5.4013E-002   1.9467E-001  
 5.9200E-001   8.4573E-001  -5.3502E-001   1.4640E-001  -4.0155E-002  -1.5154E-001   4.0900E-002  -7.9499E-003  -2.7367E+000   2.6648E-001   6.3402E-002   1.3839E-002  -3.4212E-002  -1.8670E-002  -1.9759E-002  -1.4161E-002   8.0233E-003  -2.8564E-002   2.8571E-001  -7.4454E-003  -2.9632E-002  -2.2893E-002   5.3370E-002   2.0545E-001  
 9.5451E-001   8.0181E-001  -9.1083E-001   1.8089E-001  -8.6577E-002  -2.9938E-001   4.8184E-002  -1.2074E-002  -2.7316E+000   2.8357E-001   5.0799E-002   6.7125E-003  -4.2977E-002  -2.8316E-002  -1.9762E-002  -1.2918E-002   1.2626E-002  -3.1817E-002   2.8162E-001  -9.9043E-003  -2.6222E-002  -2.0197E-002   5.2579E-002   2.3162E-001  
 1.4115E+000   7.3770E-001  -1.2060E+000   2.1023E-001  -8.9295E-002  -4.2673E-001   6.3398E-002  -1.8356E-002  -2.7342E+000   3.0926E-001   3.1459E-002  -1.9223E-003  -4.8514E-002  -3.6424E-002  -1.9693E-002  -1.1024E-002   1.4358E-002  -3.6695E-002   2.7794E-001  -1.1945E-002  -2.1860E-002  -1.6983E-002   5.2282E-002   2.5938E-001  
 1.9235E+000   6.2233E-001  -1.4158E+000   2.1725E-001  -3.4154E-002  -4.8288E-001   8.9802E-002  -2.7233E-002  -2.7498E+000   3.4470E-001   1.6840E-003  -8.1168E-003  -4.8931E-002  -4.3080E-002  -2.0629E-002  -7.7679E-003   1.1331E-002  -4.4583E-002   2.7724E-001  -1.2192E-002  -1.7047E-002  -1.4197E-002   5.2091E-002   2.9879E-001  
 2.4176E+000   3.5564E-001  -1.6750E+000   1.7819E-001   9.0757E-002  -4.0293E-001   1.2996E-001  -3.9193E-002  -2.7833E+000   3.9063E-001  -4.3102E-002  -3.0972E-003  -4.1466E-002  -5.0299E-002  -2.3881E-002  -2.2969E-003  -2.8556E-003  -5.6302E-002   2.8416E-001  -1.0114E-002  -1.4098E-002  -1.5289E-002   4.9339E-002   2.9330E-001  
 2.8608E+000   2.0996E-001  -1.5017E+000   6.4965E-002   2.9694E-001  -1.1280E-001   1.8735E-001  -5.4495E-002  -2.8411E+000   4.4893E-001  -1.0859E-001   2.4391E-002  -2.3335E-002  -5.9719E-002  -2.9548E-002   5.8390E-003  -3.3962E-002  -7.2018E-002   3.0203E-001  -7.9007E-003  -1.3494E-002  -2.0191E-002   4.4013E-002   2.7867E-001  
 2.7856E+000   3.5572E-001   1.5863E+000   1.0091E-001   2.1085E-002   7.3435E-001  -1.4278E-001  -2.1775E-002  -2.4420E+000   3.5233E-001  -7.9217E-002  -9.2674E-002   3.3411E-003   5.1152E-002   3.3207E-003   2.0116E-003  -7.5912E-003  -4.7078E-002   2.1019E-001   3.3471E-003  -6.8442E-003  -6.1081E-003   4.5179E-002   2.0896E-001  
 2.2556E+000   4.1649E-001   1.8346E+000   1.8527E-001   1.1899E-001   3.3635E-001  -6.4502E-002  -1.5329E-002  -2.5623E+000   3.2315E-001  -2.5955E-002  -9.5889E-002   1.0538E-002   5.1548E-002  -4.9728E-004  -1.1193E-003  -2.2327E-002  -4.0038E-002   2.3549E-001   2.7885E-003  -9.5708E-003  -9.3622E-003   4.6284E-002   2.0266E-001  
 1.6900E+000   3.3946E-001   2.0927E+000   2.0797E-001   1.7624E-001   1.3396E-001  -1.6150E-002  -1.0410E-002  -2.6442E+000   3.0062E-001   1.2424E-002  -8.4158E-002   1.3466E-002   4.9045E-002  -3.3260E-003  -3.3601E-003  -2.9642E-002  -3.5003E-002   2.5609E-001   2.1990E-003  -1.3833E-002  -1.3458E-002   4.8238E-002   1.9853E-001  
 1.1606E+000   3.8002E-001   1.9118E+000   1.9039E-001   1.9805E-001   5.9470E-002   1.2180E-002  -6.5356E-003  -2.6982E+000   2.8342E-001   3.9355E-002  -6.3848E-002   1.3011E-002   4.3612E-002  -5.0911E-003  -4.9832E-003  -3.0939E-002  -3.2014E-002   2.7198E-001   1.8639E-003  -1.8920E-002  -1.7830E-002   5.0400E-002   2.0523E-001  
 6.9419E-001   4.0866E-001   1.6118E+000   1.5366E-001   1.9073E-001   5.3305E-002   2.6878E-002  -3.9452E-003  -2.7311E+000   2.7143E-001   5.7785E-002  -4.1318E-002   1.0380E-002   3.5650E-002  -6.5128E-003  -6.4799E-003  -2.7795E-002  -2.9932E-002   2.8310E-001   1.2502E-003  -2.3503E-002  -2.1391E-002   5.2540E-002   2.0837E-001  
 3.2955E-001   4.2764E-001   1.2303E+000   1.1513E-001   1.6128E-001   6.5866E-002   3.3745E-002  -2.6138E-003  -2.7490E+000   2.6350E-001   6.9510E-002  -2.1092E-002   5.8795E-003   2.5715E-002  -7.7466E-003  -7.2831E-003  -2.1945E-002  -2.8342E-002   2.8976E-001   3.7712E-004  -2.7201E-002  -2.3734E-002   5.3874E-002   1.9371E-001  
 9.8891E-002   4.3811E-001   7.9541E-001   8.7229E-002   1.1635E-001   6.0596E-002   3.6137E-002  -2.0340E-003  -2.7566E+000   2.5904E-001   7.6155E-002  -5.4090E-003   3.0195E-004   1.4559E-002  -8.8173E-003  -7.8272E-003  -1.4304E-002  -2.7407E-002   2.9303E-001  -7.3804E-004  -2.9607E-002  -2.5236E-002   5.4612E-002   1.9443E-001  
 2.5901E-002   4.4076E-001   3.3814E-001   7.8087E-002   6.3963E-002   1.5415E-002   3.6376E-002  -2.0636E-003  -2.7572E+000   2.5766E-001   7.8481E-002   4.1419E-003  -5.7361E-003   2.8541E-003  -9.7195E-003  -7.9971E-003  -6.0076E-003  -2.7077E-002   2.9376E-001  -2.0574E-003  -3.0532E-002  -2.5978E-002   5.4745E-002   1.9216E-001  
 1.1569E-001   4.3595E-001  -1.2078E-001   9.0172E-002   1.1442E-002  -7.6835E-002   3.6542E-002  -2.6601E-003  -2.7544E+000   2.5920E-001   7.6642E-002   7.1313E-003  -1.1718E-002  -8.8492E-003  -1.0462E-002  -7.8343E-003   2.0370E-003  -2.7331E-002   2.9256E-001  -3.5072E-003  -2.9847E-002  -2.5694E-002   5.4467E-002   1.9047E-001  
 3.6260E-001   4.2328E-001  -5.6068E-001   1.2096E-001  -3.3856E-002  -2.0914E-001   3.8383E-002  -3.9065E-003  -2.7513E+000   2.6383E-001   7.0180E-002   4.0407E-003  -1.7147E-002  -2.0038E-002  -1.1028E-002  -7.3682E-003   8.9811E-003  -2.8182E-002   2.9026E-001  -4.9901E-003  -2.7662E-002  -2.4168E-002   5.3976E-002   2.0875E-001  
 7.4226E-001   4.0221E-001  -9.5050E-001   1.6178E-001  -6.4017E-002  -3.5701E-001   4.4443E-002  -5.9611E-003  -2.7516E+000   2.7185E-001   5.8509E-002  -3.2538E-003  -2.1378E-002  -3.0138E-002  -1.1420E-002  -6.4795E-003   1.3813E-002  -2.9575E-002   2.8748E-001  -6.3925E-003  -2.4169E-002  -2.1733E-002   5.3500E-002   2.3772E-001  
 1.2221E+000   3.7125E-001  -1.2620E+000   1.9971E-001  -7.2089E-002  -4.8430E-001   5.8056E-002  -8.8195E-003  -2.7599E+000   2.8403E-001   4.0390E-002  -1.1837E-002  -2.4157E-002  -3.8655E-002  -1.1704E-002  -5.6035E-003   1.5774E-002  -3.1829E-002   2.8491E-001  -7.5907E-003  -1.9835E-002  -1.8792E-002   5.3205E-002   2.6628E-001  
 1.7619E+000   3.2857E-001  -1.4574E+000   2.1824E-001  -5.1170E-002  -5.4036E-001   8.2661E-002  -1.2950E-002  -2.7820E+000   3.0104E-001   1.2427E-002  -1.8491E-002  -2.4632E-002  -4.5855E-002  -1.2293E-002  -4.1975E-003   1.4281E-002  -3.5278E-002   2.8492E-001  -7.9574E-003  -1.5386E-002  -1.5233E-002   5.3265E-002   2.7748E-001  
 2.2739E+000   1.9030E-001  -1.7733E+000   1.9307E-001   4.8736E-003  -4.6001E-001   1.2060E-001  -1.8603E-002  -2.8224E+000   3.2312E-001  -3.0271E-002  -1.4177E-002  -2.1174E-002  -5.3973E-002  -1.3936E-002  -1.5712E-003   1.8763E-003  -4.0621E-002   2.9270E-001  -7.1291E-003  -1.3199E-002  -1.5538E-002   5.0390E-002   2.6008E-001  
 2.7480E+000   1.2359E-001  -1.6223E+000   9.3815E-002   1.0231E-001  -1.6706E-001   1.7358E-001  -2.5599E-002  -2.8860E+000   3.5048E-001  -9.4317E-002   1.4634E-002  -1.1895E-002  -6.6065E-002  -1.7529E-002   2.6708E-003  -2.9477E-002  -4.8679E-002   3.1323E-001  -5.4416E-003  -1.4009E-002  -2.1076E-002   4.3525E-002   2.3011E-001  
 2.7609E+000   1.2607E-002   1.6223E+000   1.1112E-001   4.4797E-002   7.1825E-001  -1.3965E-001  -1.0947E-003  -2.4297E+000   2.5135E-001  -7.3940E-002  -9.7388E-002  -4.0111E-003   4.9868E-002   3.7770E-003   7.4530E-004  -1.0339E-002  -2.4627E-002   2.0796E-001  -3.9598E-003  -5.6637E-003  -5.3837E-003   4.4709E-002   2.0136E-001  
 2.2189E+000   5.9717E-003   1.8593E+000   1.8994E-001   3.9134E-002   3.1992E-001  -6.1725E-002  -1.5331E-003  -2.5527E+000   2.5336E-001  -2.1931E-002  -9.9954E-002  -3.3206E-003   5.0559E-002   3.5018E-003   6.4986E-004  -2.4036E-002  -2.5004E-002   2.3380E-001  -3.8327E-003  -8.6541E-003  -9.1128E-003   4.5767E-002   1.9486E-001  
 1.6354E+000  -1.9897E-002   2.1158E+000   2.0800E-001   3.3073E-002   1.1718E-001  -1.3858E-002  -1.7724E-003  -2.6369E+000   2.5495E-001   1.5419E-002  -8.7971E-002  -2.6966E-003   4.8448E-002   3.1655E-003   6.0016E-004  -3.0725E-002  -2.5579E-002   2.5503E-001  -3.5447E-003  -1.3468E-002  -1.3700E-002   4.7734E-002   1.8526E-001  
 1.0964E+000  -2.0245E-002   1.9286E+000   1.8663E-001   2.6722E-002   4.2486E-002   1.3804E-002  -1.8925E-003  -2.6929E+000   2.5620E-001   4.1895E-002  -6.7608E-002  -2.0740E-003   4.3023E-002   2.7265E-003   5.4749E-004  -3.1921E-002  -2.6203E-002   2.7136E-001  -3.1236E-003  -1.8537E-002  -1.8139E-002   5.0152E-002   1.7154E-001  
 6.2218E-001  -2.0522E-002   1.6235E+000   1.4661E-001   2.0262E-002   3.6190E-002   2.7717E-002  -1.9702E-003  -2.7277E+000   2.5716E-001   6.0303E-002  -4.5022E-002  -1.4831E-003   3.4984E-002   2.1487E-003   4.6425E-004  -2.8314E-002  -2.6702E-002   2.8282E-001  -2.7419E-003  -2.3120E-002  -2.2003E-002   5.2323E-002   1.8605E-001  
 2.5151E-001  -2.0713E-002   1.2374E+000   1.0582E-001   1.3720E-002   4.8679E-002   3.4184E-002  -2.0410E-003  -2.7473E+000   2.5784E-001   7.1770E-002  -2.4796E-002  -9.8498E-004   2.5026E-002   1.4406E-003   4.1080E-004  -2.2327E-002  -2.7016E-002   2.8982E-001  -2.4281E-003  -2.6737E-002  -2.4322E-002   5.3796E-002   1.9178E-001  
 1.7067E-002  -2.0831E-002   7.9858E-001   7.6513E-002   7.0735E-003   4.3378E-002   3.6254E-002  -2.0819E-003  -2.7565E+000   2.5825E-001   7.8288E-002  -9.1034E-003  -5.0749E-004   1.3775E-002   6.5126E-004   3.6813E-004  -1.4484E-002  -2.7204E-002   2.9348E-001  -2.2197E-003  -2.9071E-002  -2.5789E-002   5.4615E-002   1.9050E-001  
-5.7300E-002  -2.0870E-002   3.3763E-001   6.6913E-002   4.3674E-004  -1.8529E-003   3.6256E-002  -2.0940E-003  -2.7588E+000   2.5838E-001   8.0516E-002   4.4891E-004  -4.1303E-005   1.9945E-003  -1.7653E-004   3.5177E-004  -5.9872E-003  -2.7268E-002   2.9455E-001  -2.1292E-003  -2.9880E-002  -2.6461E-002   5.4843E-002   1.8923E-001  
 3.3581E-002  -2.0831E-002  -1.2501E-001   7.9454E-002  -6.1973E-003  -9.4164E-002   3.6115E-002  -2.0811E-003  -2.7575E+000   2.5822E-001   7.8673E-002   3.4379E-003   4.2515E-004  -9.7934E-003  -1.0075E-003   3.6859E-004   2.2165E-003  -2.7210E-002   2.9372E-001  -2.1746E-003  -2.9127E-002  -2.6134E-002   5.4617E-002   2.0650E-001  
 2.8404E-001  -2.0713E-002  -5.6889E-001   1.1160E-001  -1.2835E-002  -2.2651E-001   3.7634E-002  -2.0396E-003  -2.7560E+000   2.5779E-001   7.2353E-002   3.5456E-004   9.0322E-004  -2.1090E-002  -1.8062E-003   4.1130E-004   9.3220E-003  -2.7028E-002   2.9175E-001  -2.3411E-003  -2.6850E-002  -2.4598E-002   5.4175E-002   2.3878E-001  
 6.6942E-001  -2.0521E-002  -9.6315E-001   1.5468E-001  -1.9364E-002  -3.7442E-001   4.3208E-002  -1.9686E-003  -2.7581E+000   2.5708E-001   6.0816E-002  -6.9863E-003   1.4021E-003  -3.1251E-002  -2.5293E-003   4.6447E-004   1.4416E-002  -2.6717E-002   2.8935E-001  -2.6204E-003  -2.3316E-002  -2.2100E-002   5.3715E-002   2.7105E-001  
 1.1571E+000  -2.0240E-002  -1.2800E+000   1.9543E-001  -2.5806E-002  -5.0169E-001   5.6467E-002  -1.8921E-003  -2.7682E+000   2.5608E-001   4.3251E-002  -1.5549E-002   1.9934E-003  -3.9920E-002  -3.1269E-003   5.4779E-004   1.6221E-002  -2.6221E-002   2.8717E-001  -2.9776E-003  -1.8925E-002  -1.9384E-002   5.3445E-002   3.0414E-001  
 1.7063E+000  -1.9886E-002  -1.4815E+000   2.1780E-001  -3.2134E-002  -5.5775E-001   8.0546E-002  -1.7761E-003  -2.7924E+000   2.5481E-001   1.5970E-002  -2.2445E-002   2.6153E-003  -4.7164E-002  -3.5881E-003   6.0168E-004   1.5292E-002  -2.5593E-002   2.8735E-001  -3.3876E-003  -1.4480E-002  -1.5590E-002   5.3670E-002   2.7101E-001  
 2.2262E+000   6.7653E-003  -1.7976E+000   1.9734E-001  -3.8170E-002  -4.7729E-001   1.1777E-001  -1.5411E-003  -2.8351E+000   2.5319E-001  -2.6069E-002  -1.8421E-002   3.2398E-003  -5.5498E-002  -3.9468E-003   6.5575E-004   3.5333E-003  -2.5016E-002   2.9539E-001  -3.6727E-003  -1.2474E-002  -1.5534E-002   5.0749E-002   2.4559E-001  
 2.7111E+000   1.3494E-002  -1.6535E+000   1.0302E-001  -4.3800E-002  -1.8357E-001   1.6961E-001  -1.1053E-003  -2.9007E+000   2.5114E-001  -8.9456E-002   1.0711E-002   3.9399E-003  -6.8613E-002  -4.2473E-003   7.5816E-004  -2.7648E-002  -2.4636E-002   3.1684E-001  -3.8090E-003  -1.4095E-002  -2.1183E-002   4.3410E-002   2.0297E-001  
 2.7917E+000  -3.3170E-001   1.5740E+000   1.0188E-001   6.8248E-002   7.4595E-001  -1.4401E-001   1.9690E-002  -2.4420E+000   1.4994E-001  -7.8725E-002  -9.4046E-002  -1.1509E-002   4.9862E-002   4.2663E-003  -4.5983E-004  -8.4043E-003  -2.2168E-003   2.1046E-001  -1.1143E-002  -7.3998E-003  -5.5983E-003   4.5028E-002   2.0143E-001  
 2.2600E+000  -4.0728E-001   1.8211E+000   1.8567E-001  -4.0860E-002   3.4843E-001  -6.5097E-002   1.2301E-002  -2.5624E+000   1.8324E-001  -2.5809E-002  -9.6920E-002  -1.7232E-002   5.0153E-002   7.4930E-003   2.4076E-003  -2.2657E-002  -9.9401E-003   2.3564E-001  -1.0300E-002  -1.0250E-002  -9.1408E-003   4.5996E-002   1.9598E-001  
 1.6894E+000  -3.7929E-001   2.0919E+000   2.0816E-001  -1.1017E-001   1.4626E-001  -1.6440E-002   6.8559E-003  -2.6444E+000   2.0899E-001   1.2395E-002  -8.5094E-002  -1.8876E-002   4.7569E-002   9.6321E-003   4.5227E-003  -2.9805E-002  -1.6051E-002   2.5616E-001  -9.1329E-003  -1.4555E-002  -1.3388E-002   4.7958E-002   1.8552E-001  
 1.1598E+000  -4.2054E-001   1.9112E+000   1.9049E-001  -1.4466E-001   7.1895E-002   1.2011E-002   2.7146E-003  -2.6983E+000   2.2870E-001   3.9272E-002  -6.4765E-002  -1.7201E-002   4.2039E-002   1.0511E-002   6.0559E-003  -3.1118E-002  -2.0260E-002   2.7199E-001  -7.9833E-003  -1.9544E-002  -1.7797E-002   5.0267E-002   1.9046E-001  
 6.9324E-001  -4.4974E-001   1.6113E+000   1.5360E-001  -1.5024E-001   6.5793E-002   2.6736E-002  -2.9845E-005  -2.7312E+000   2.4262E-001   5.7775E-002  -4.2194E-002  -1.3392E-002   3.3999E-002   1.0780E-002   7.3922E-003  -2.7955E-002  -2.3332E-002   2.8309E-001  -6.6000E-003  -2.4007E-002  -2.1435E-002   5.2468E-002   1.9129E-001  
 3.2851E-001  -4.6910E-001   1.2300E+000   1.1497E-001  -1.3387E-001   7.8392E-002   3.3631E-002  -1.4868E-003  -2.7491E+000   2.5192E-001   6.9531E-002  -2.1928E-002  -7.8594E-003   2.4018E-002   1.0614E-002   8.0838E-003  -2.2047E-002  -2.5581E-002   2.8976E-001  -5.1091E-003  -2.7548E-002  -2.3779E-002   5.3871E-002   1.9444E-001  
 9.7782E-002  -4.7981E-001   7.9525E-001   8.7033E-002  -1.0221E-001   7.3146E-002   3.6087E-002  -2.1511E-003  -2.7566E+000   2.5719E-001   7.6164E-002  -6.2395E-003  -1.3212E-003   1.2835E-002   1.0115E-002   8.5493E-003  -1.4360E-002  -2.6892E-002   2.9302E-001  -3.5756E-003  -2.9777E-002  -2.5226E-002   5.4619E-002   1.9508E-001  
 2.4768E-002  -4.8254E-001   3.3814E-001   7.7880E-002  -6.3093E-002   2.7971E-002   3.6376E-002  -2.1484E-003  -2.7573E+000   2.5882E-001   7.8480E-002   3.3144E-003   5.6543E-003   1.1258E-003   9.3682E-003   8.6908E-003  -6.0072E-003  -2.7352E-002   2.9375E-001  -2.0815E-003  -3.0515E-002  -2.5944E-002   5.4743E-002   1.9635E-001  
 1.1458E-001  -4.7765E-001  -1.2063E-001   8.9978E-002  -2.3826E-002  -6.4295E-002   3.6593E-002  -1.5241E-003  -2.7544E+000   2.5697E-001   7.6649E-002   6.3019E-003   1.2574E-002  -1.0563E-002   8.4559E-003   8.5577E-003   2.0934E-003  -2.6979E-002   2.9256E-001  -7.1695E-004  -2.9645E-002  -2.5682E-002   5.4431E-002   1.9426E-001  
 3.6156E-001  -4.6475E-001  -5.6037E-001   1.2080E-001   8.2083E-003  -1.9663E-001   3.8498E-002  -1.9232E-004  -2.7513E+000   2.5147E-001   7.0197E-002   3.2072E-003   1.8964E-002  -2.1714E-002   7.4324E-003   8.1714E-003   9.0822E-003  -2.5763E-002   2.9026E-001   4.3072E-004  -2.7285E-002  -2.4209E-002   5.3876E-002   2.1202E-001  
 7.4130E-001  -4.4329E-001  -9.5003E-001   1.6172E-001   2.5320E-002  -3.4456E-001   4.4584E-002   1.9877E-003  -2.7516E+000   2.4203E-001   5.8493E-002  -4.1262E-003   2.4228E-002  -3.1761E-002   6.3934E-003   7.3947E-003   1.3972E-002  -2.3720E-002   2.8747E-001   1.2832E-003  -2.3638E-002  -2.1772E-002   5.3356E-002   2.4101E-001  
 1.2213E+000  -4.1177E-001  -1.2614E+000   1.9981E-001   2.0521E-002  -4.7192E-001   5.8220E-002   4.9984E-003  -2.7598E+000   2.2786E-001   4.0304E-002  -1.2751E-002   2.8185E-002  -4.0193E-002   5.4850E-003   6.6794E-003   1.5955E-002  -2.0481E-002   2.8488E-001   1.7600E-003  -1.9188E-002  -1.8755E-002   5.2949E-002   2.6949E-001  
 1.7613E+000  -3.6837E-001  -1.4566E+000   2.1844E-001  -1.3023E-002  -5.2810E-001   8.2941E-002   9.3899E-003  -2.7819E+000   2.0830E-001   1.2394E-002  -1.9422E-002   2.9880E-002  -4.7290E-002   5.1420E-003   5.3644E-003   1.4447E-002  -1.5807E-002   2.8484E-001   1.3350E-003  -1.4647E-002  -1.5164E-002   5.3007E-002   2.7738E-001  
 2.2785E+000  -1.7927E-001  -1.7595E+000   1.9347E-001  -8.1073E-002  -4.4799E-001   1.2119E-001   1.5562E-002  -2.8223E+000   1.8293E-001  -3.0123E-002  -1.5206E-002   2.7714E-002  -5.5328E-002   6.0465E-003   2.8708E-003   2.2205E-003  -9.3829E-003   2.9255E-001  -6.6117E-005  -1.2511E-002  -1.5314E-002   5.0282E-002   2.5789E-001  
 2.7542E+000  -9.7716E-002  -1.6096E+000   9.4814E-002  -1.8965E-001  -1.5554E-001   1.7482E-001   2.3499E-002  -2.8861E+000   1.5138E-001  -9.3809E-002   1.3245E-002   1.9929E-002  -6.7318E-002   8.9881E-003  -1.0965E-003  -2.8630E-002  -6.4237E-004   3.1295E-001  -2.0489E-003  -1.3461E-002  -2.0554E-002   4.3730E-002   2.3494E-001  
 2.8748E+000  -6.3288E-001   1.4510E+000   7.0244E-002   1.4104E-001   8.1063E-001  -1.5604E-001   4.3764E-002  -2.4797E+000   4.9787E-002  -9.4313E-002  -8.2986E-002  -1.3691E-002   5.1616E-002   4.6085E-003  -3.6735E-003  -1.1786E-003   2.0537E-002   2.1831E-001  -1.6874E-002  -1.1749E-002  -7.1431E-003   4.5699E-002   2.0786E-001  
 2.3747E+000  -7.7798E-001   1.7282E+000   1.6976E-001  -7.8057E-002   4.1506E-001  -7.4680E-002   2.9165E-002  -2.5923E+000   1.1482E-001  -3.8369E-002  -8.7100E-002  -2.7020E-002   5.0611E-002   1.1119E-002   2.5481E-003  -1.7714E-002   5.4625E-003   2.4137E-001  -1.5779E-002  -1.4172E-002  -9.6747E-003   4.6802E-002   2.1418E-001  
 1.8473E+000  -7.3858E-001   1.9865E+000   2.0580E-001  -2.1747E-001   2.1434E-001  -2.3782E-002   1.8292E-002  -2.6675E+000   1.6507E-001   2.3449E-003  -7.5874E-002  -3.2039E-002   4.6768E-002   1.5478E-002   7.3275E-003  -2.6609E-002  -6.3193E-003   2.5970E-001  -1.4309E-002  -1.7516E-002  -1.2930E-002   4.8882E-002   2.3258E-001  
 1.3456E+000  -7.9596E-001   1.8581E+000   1.9957E-001  -2.8729E-001   1.4073E-001   6.7397E-003   1.0114E-002  -2.7151E+000   2.0334E-001   3.0927E-002  -5.5952E-002  -3.0127E-002   4.0722E-002   1.7951E-002   1.0548E-002  -2.8820E-002  -1.4719E-002   2.7391E-001  -1.2366E-002  -2.1874E-002  -1.6761E-002   5.0881E-002   2.2605E-001  
 9.0238E-001  -8.5617E-001   1.5746E+000   1.7183E-001  -2.9910E-001   1.3512E-001   2.3470E-002   4.5179E-003  -2.7422E+000   2.3065E-001   5.0280E-002  -3.3396E-002  -2.3436E-002   3.2607E-002   1.9048E-002   1.3000E-002  -2.6280E-002  -2.0667E-002   2.8379E-001  -1.0092E-002  -2.6160E-002  -2.0181E-002   5.2751E-002   2.1526E-001  
 5.5519E-001  -8.9594E-001   1.2072E+000   1.4011E-001  -2.6683E-001   1.4790E-001   3.2006E-002   1.0520E-003  -2.7548E+000   2.4878E-001   6.2434E-002  -1.2965E-002  -1.3731E-002   2.2785E-002   1.9425E-002   1.4946E-002  -2.1111E-002  -2.4760E-002   2.8955E-001  -7.5504E-003  -2.9527E-002  -2.2135E-002   5.4152E-002   1.9466E-001  
 3.3565E-001  -9.1811E-001   7.8510E-001   1.1626E-001  -2.0424E-001   1.4284E-001   3.5599E-002  -3.7741E-004  -2.7571E+000   2.5911E-001   6.9545E-002   2.7276E-003  -1.6768E-003   1.1735E-002   1.9180E-002   1.5839E-002  -1.3899E-002  -2.7192E-002   2.9171E-001  -4.7444E-003  -3.1639E-002  -2.3622E-002   5.4639E-002   1.9564E-001  
 2.6666E-001  -9.2383E-001   3.3975E-001   1.0850E-001  -1.2668E-001   9.7793E-002   3.6870E-002  -3.7128E-004  -2.7528E+000   2.6229E-001   7.2063E-002   1.2271E-002   1.1308E-002   2.7189E-004   1.8493E-002   1.6145E-002  -5.9871E-003  -2.8049E-002   2.9135E-001  -1.9205E-003  -3.2271E-002  -2.4414E-002   5.4519E-002   1.9836E-001  
 3.5326E-001  -9.1379E-001  -1.0726E-001   1.1928E-001  -4.8856E-002   5.6683E-003   3.8075E-002   9.6383E-004  -2.7450E+000   2.5869E-001   7.0172E-002   1.5250E-002   2.4199E-002  -1.1113E-002   1.7475E-002   1.5851E-002   1.6790E-003  -2.7360E-002   2.8909E-001   7.8865E-004  -3.1333E-002  -2.4270E-002   5.3954E-002   1.9740E-001  
 5.8987E-001  -8.8732E-001  -5.3441E-001   1.4608E-001   1.4578E-002  -1.2653E-001   4.1136E-002   3.7701E-003  -2.7367E+000   2.4800E-001   6.3431E-002   1.2150E-002   3.6070E-002  -2.1959E-002   1.6216E-002   1.4909E-002   8.2027E-003  -2.5051E-002   2.8568E-001   3.2433E-003  -2.8885E-002  -2.2941E-002   5.3193E-002   1.9956E-001  
 9.5254E-001  -8.4298E-001  -9.0987E-001   1.8079E-001   4.7963E-002  -2.7447E-001   4.8464E-002   7.9968E-003  -2.7315E+000   2.2947E-001   5.0715E-002   4.9421E-003   4.5940E-002  -3.1484E-002   1.4823E-002   1.3805E-002   1.2946E-002  -2.1090E-002   2.8159E-001   5.1544E-003  -2.5180E-002  -2.0189E-002   5.2262E-002   2.2657E-001  
 1.4098E+000  -7.7833E-001  -1.2048E+000   2.1036E-001   3.7876E-002  -4.0198E-001   6.3759E-002   1.4455E-002  -2.7340E+000   2.0181E-001   3.1333E-002  -3.7676E-003   5.2618E-002  -3.9441E-002   1.3577E-002   1.2006E-002   1.4669E-002  -1.5224E-002   2.7789E-001   6.4845E-003  -2.0581E-002  -1.6917E-002   5.1810E-002   2.5371E-001  
 1.9234E+000  -6.5760E-001  -1.4102E+000   2.1764E-001  -2.9763E-002  -4.5840E-001   9.0475E-002   2.3675E-002  -2.7496E+000   1.6372E-001   1.7132E-003  -1.0045E-002   5.4274E-002  -4.5932E-002   1.3532E-002   8.8722E-003   1.1714E-002  -6.2636E-003   2.7710E-001   6.0171E-003  -1.5669E-002  -1.3974E-002   5.1659E-002   2.9835E-001  
 2.4262E+000  -3.5433E-001  -1.6473E+000   1.7910E-001  -1.6647E-001  -3.7895E-001   1.3130E-001   3.6282E-002  -2.7831E+000   1.1435E-001  -4.2688E-002  -5.2749E-003   4.8239E-002  -5.2995E-002   1.5954E-002   3.6491E-003  -2.0203E-003   6.3341E-003   2.8388E-001   3.3903E-003  -1.2808E-002  -1.4705E-002   4.9229E-002   2.8639E-001  
 2.8729E+000  -1.9213E-001  -1.4782E+000   6.7054E-002  -3.8347E-001  -8.9796E-002   1.8999E-001   5.2720E-002  -2.8411E+000   5.1633E-002  -1.0751E-001   2.1596E-002   3.1835E-002  -6.2266E-002   2.0929E-002  -4.0531E-003  -3.2222E-002   2.2550E-002   3.0158E-001   7.5667E-004  -1.2456E-002  -1.9147E-002   4.4389E-002   2.8688E-001  
 2.9914E+000  -8.5463E-001   1.2516E+000   4.4276E-003   3.1515E-001   8.9547E-001  -1.7000E-001   7.1712E-002  -2.5476E+000  -4.0029E-002  -1.2378E-001  -6.3371E-002  -1.5593E-003   5.4197E-002   2.6709E-004  -1.2149E-002   1.2948E-002   4.5636E-002   2.3166E-001  -2.3943E-002  -1.7247E-002  -9.9152E-003   4.6350E-002   2.5699E-001  
 2.5472E+000  -1.0625E+000   1.5795E+000   1.3439E-001  -2.9075E-002   4.9720E-001  -9.0220E-002   5.1473E-002  -2.6435E+000   5.2156E-002  -6.1231E-002  -7.2232E-002  -2.7392E-002   5.3073E-002   1.4263E-002  -1.2804E-003  -8.2533E-003   2.1250E-002   2.5241E-001  -1.9039E-002  -2.0057E-002  -1.1529E-002   4.7250E-002   2.4201E-001  
 2.0673E+000  -1.2066E+000   1.6887E+000   1.9353E-001  -2.5144E-001   2.9835E-001  -3.5977E-002   3.5245E-002  -2.7075E+000   1.2661E-001  -1.6067E-002  -6.2143E-002  -3.8510E-002   4.6920E-002   2.0936E-002   7.2193E-003  -2.0561E-002   3.0574E-003   2.6697E-001  -1.7697E-002  -2.2108E-002  -1.2878E-002   4.9756E-002   2.3286E-001  
 1.6331E+000  -1.1124E+000   1.7668E+000   2.0645E-001  -3.7026E-001   2.2596E-001  -2.1705E-003   2.3031E-002  -2.7447E+000   1.8355E-001   1.5873E-002  -4.2740E-002  -3.8492E-002   3.9381E-002   2.4669E-002   1.3075E-002  -2.5099E-002  -1.0125E-002   2.7772E-001  -1.5931E-002  -2.5410E-002  -1.5131E-002   5.2081E-002   2.4888E-001  
 1.2273E+000  -1.2070E+000   1.5112E+000   1.9336E-001  -4.0224E-001   2.2098E-001   1.7658E-002   1.4292E-002  -2.7617E+000   2.2466E-001   3.7087E-002  -2.0432E-002  -3.0141E-002   3.0973E-002   2.6561E-002   1.6521E-002  -2.3571E-002  -1.9110E-002   2.8514E-001  -1.3039E-002  -2.9247E-002  -1.8351E-002   5.3373E-002   2.3693E-001  
 9.0854E-001  -1.2699E+000   1.1680E+000   1.7230E-001  -3.6874E-001   2.3403E-001   2.8654E-002   8.7811E-003  -2.7648E+000   2.5206E-001   5.0646E-002   1.6349E-005  -1.6977E-002   2.1227E-002   2.7357E-002   1.9052E-002  -1.9093E-002  -2.5208E-002   2.8889E-001  -9.5538E-003  -3.2437E-002  -2.0526E-002   5.4223E-002   2.1497E-001  
 7.0675E-001  -1.3048E+000   7.6746E-001   1.5552E-001  -2.9008E-001   2.2910E-001   3.4533E-002   5.9413E-003  -2.7583E+000   2.6764E-001   5.8012E-002   1.5888E-002  -8.5022E-004   1.0499E-002   2.7345E-002   2.0905E-002  -1.3029E-002  -2.8748E-002   2.8945E-001  -5.6979E-003  -3.4439E-002  -2.1516E-002   5.4562E-002   1.9966E-001  
 6.4412E-001  -1.3139E+000   3.4238E-001   1.5030E-001  -1.8924E-001   1.8420E-001   3.7713E-002   5.6125E-003  -2.7453E+000   2.7249E-001   6.0565E-002   2.5592E-002   1.6877E-002  -5.8453E-004   2.6691E-002   2.1662E-002  -6.0028E-003  -3.0084E-002   2.8741E-001  -1.6743E-003  -3.5035E-002  -2.1997E-002   5.4245E-002   1.9682E-001  
 7.2545E-001  -1.2982E+000  -8.4319E-002   1.5920E-001  -8.8079E-002   9.2291E-002   4.0593E-002   7.5424E-003  -2.7288E+000   2.6710E-001   5.8296E-002   2.8715E-002   3.4809E-002  -1.1499E-002   2.5464E-002   2.1449E-002   9.8327E-004  -2.9132E-002   2.8321E-001   2.2753E-003  -3.4015E-002  -2.1591E-002   5.3233E-002   1.9307E-001  
 9.4516E-001  -1.2565E+000  -4.8961E-001   1.7991E-001  -8.5196E-003  -3.9639E-002   4.5458E-002   1.1785E-002  -2.7115E+000   2.5090E-001   5.0429E-002   2.5751E-002   5.1382E-002  -2.1676E-002   2.3852E-002   2.0498E-002   7.1412E-003  -2.5673E-002   2.7769E-001   5.8706E-003  -3.1517E-002  -1.9848E-002   5.1882E-002   1.8988E-001  
 1.2808E+000  -1.1871E+000  -8.4097E-001   2.0406E-001   2.6845E-002  -1.8736E-001   5.5305E-002   1.8888E-002  -2.6971E+000   2.2298E-001   3.6769E-002   1.8538E-002   6.4485E-002  -3.0535E-002   2.2076E-002   1.8425E-002   1.1044E-002  -1.9830E-002   2.7174E-001   8.8692E-003  -2.7707E-002  -1.7271E-002   5.0733E-002   2.1272E-001  
 1.7019E+000  -1.0861E+000  -1.1079E+000   2.1936E-001  -2.2931E-003  -3.1484E-001   7.3750E-002   2.9639E-002  -2.6897E+000   1.8131E-001   1.5710E-002   9.6554E-003   7.2571E-002  -3.7601E-002   2.0450E-002   1.5293E-002   1.2076E-002  -1.1202E-002   2.6641E-001   1.0943E-002  -2.2908E-002  -1.4115E-002   5.0271E-002   2.3880E-001  
 2.2020E+000  -7.0983E-001  -1.4151E+000   2.0840E-001  -1.1679E-001  -3.7156E-001   1.0423E-001   4.4740E-002  -2.6943E+000   1.2405E-001  -1.6318E-002   3.6195E-003   7.2769E-002  -4.3010E-002   2.0636E-002   1.0132E-002   7.3815E-003   2.0215E-003   2.6417E-001   1.0567E-002  -1.7478E-002  -1.1911E-002   5.0003E-002   2.6309E-001  
 2.6511E+000  -4.8499E-001  -1.4521E+000   1.4822E-001  -3.3382E-001  -2.9322E-001   1.4968E-001   6.4780E-002  -2.7163E+000   5.0062E-002  -6.3879E-002   8.7512E-003   6.1126E-002  -4.8066E-002   2.4311E-002   1.9465E-003  -8.2774E-003   2.0792E-002   2.6895E-001   7.4262E-003  -1.3443E-002  -1.3251E-002   4.8261E-002   3.0837E-001  
 3.0487E+000  -2.3119E-001  -1.2604E+000   9.3011E-003  -6.7326E-001  -5.8156E-003   2.1086E-001   8.8490E-002  -2.7636E+000  -4.1147E-002  -1.3367E-001   3.6839E-002   3.1787E-002  -5.1840E-002   3.2358E-002  -1.0217E-002  -4.1219E-002   4.6464E-002   2.8390E-001   5.2099E-003  -9.7213E-003  -1.7195E-002   4.5195E-002   3.0987E-001  
 3.0349E+000  -9.5922E-001   1.1112E+000  -1.8638E-001   6.9668E-001   1.0559E+000  -1.1236E-001   7.3993E-002  -2.7002E+000  -6.2598E-002  -1.9930E-001  -1.0701E-002   6.6994E-002   3.2273E-002  -4.3555E-002  -5.1517E-002   5.8179E-002   8.0863E-002   2.4884E-001  -5.1488E-002  -1.2652E-002  -1.7057E-002   3.7924E-002   1.6213E-001  
 2.7575E+000  -1.2187E+000   1.3738E+000   6.7173E-002   1.4650E-001   5.5889E-001  -1.1194E-001   8.2246E-002  -2.7181E+000  -2.3366E-003  -9.6899E-002  -5.6165E-002  -1.3139E-002   5.7834E-002   1.8660E-002  -1.1942E-002   6.5342E-003   3.5805E-002   2.7088E-001  -1.9493E-002  -2.5555E-002  -1.5011E-002   4.6482E-002   2.7478E-001  
 2.3448E+000  -1.4280E+000   1.5493E+000   1.5780E-001  -1.7708E-001   3.6257E-001  -5.2471E-002   6.0015E-002  -2.7659E+000   9.7835E-002  -4.6102E-002  -4.6816E-002  -3.2969E-002   4.9323E-002   2.6536E-002   8.4033E-004  -9.7170E-003   1.1845E-002   2.8030E-001  -1.8400E-002  -2.7609E-002  -1.4990E-002   4.9120E-002   2.6273E-001  
 1.9363E+000  -1.5640E+000   1.5599E+000   1.9801E-001  -3.6543E-001   2.9146E-001  -1.4486E-002   4.3722E-002  -2.7883E+000   1.7376E-001  -9.1124E-003  -2.7871E-002  -3.8445E-002   3.9245E-002   3.1260E-002   1.0801E-002  -1.8266E-002  -6.7366E-003   2.8576E-001  -1.7222E-002  -2.9744E-002  -1.4870E-002   5.2235E-002   2.4847E-001  
 1.6374E+000  -1.4717E+000   1.4171E+000   2.0632E-001  -4.3920E-001   2.8718E-001   9.0395E-003   3.2202E-002  -2.7917E+000   2.2889E-001   1.6136E-002  -5.5942E-003  -3.2051E-002   2.9266E-002   3.3320E-002   1.7506E-002  -1.9882E-002  -1.9509E-002   2.8818E-001  -1.5017E-002  -3.2937E-002  -1.5835E-002   5.4395E-002   2.5256E-001  
 1.3565E+000  -1.5614E+000   1.1094E+000   1.9993E-001  -4.2577E-001   3.0038E-001   2.3574E-002   2.4275E-002  -2.7810E+000   2.6613E-001   3.1643E-002   1.4843E-002  -1.7206E-002   1.9394E-002   3.4263E-002   2.0925E-002  -1.6637E-002  -2.7817E-002   2.8851E-001  -1.1137E-002  -3.5887E-002  -1.7796E-002   5.4775E-002   2.3585E-001  
 1.1787E+000  -1.6117E+000   7.4112E-001   1.9217E-001  -3.5315E-001   2.9553E-001   3.2503E-002   2.0017E-002  -2.7608E+000   2.8741E-001   4.0128E-002   3.0790E-002   1.9752E-003   8.9668E-003   3.4250E-002   2.3103E-002  -1.1474E-002  -3.2634E-002   2.8615E-001  -6.4019E-003  -3.7807E-002  -1.8838E-002   5.4423E-002   2.3024E-001  
 1.1245E+000  -1.6250E+000   3.4618E-001   1.9048E-001  -2.5107E-001   2.5082E-001   3.8532E-002   1.9206E-002  -2.7348E+000   2.9400E-001   4.2641E-002   4.0621E-002   2.3047E-002  -1.5451E-003   3.3414E-002   2.4269E-002  -5.5794E-003  -3.4286E-002   2.8134E-001  -1.4143E-003  -3.8343E-002  -1.8787E-002   5.3510E-002   2.1451E-001  
 1.1988E+000  -1.6028E+000  -5.0338E-002   1.9700E-001  -1.4857E-001   1.5931E-001   4.4205E-002   2.1777E-002  -2.7052E+000   2.8663E-001   3.9641E-002   4.3880E-002   4.4284E-002  -1.1716E-002   3.1888E-002   2.4231E-002   3.7503E-004  -3.2890E-002   2.7457E-001   3.5578E-003  -3.7385E-002  -1.7804E-002   5.2098E-002   1.9265E-001  
 1.3963E+000  -1.5437E+000  -4.2355E-001   2.0905E-001  -7.4436E-002   2.7987E-002   5.2349E-002   2.8170E-002  -2.6745E+000   2.6461E-001   3.0800E-002   4.1021E-002   6.3464E-002  -2.1080E-002   2.9854E-002   2.2763E-002   5.3034E-003  -2.8359E-002   2.6649E-001   8.2489E-003  -3.4873E-002  -1.6005E-002   5.0510E-002   2.0450E-001  
 1.6961E+000  -1.4454E+000  -7.3943E-001   2.1895E-001  -5.8199E-002  -1.1912E-001   6.6152E-002   3.9003E-002  -2.6462E+000   2.2661E-001   1.5531E-002   3.3739E-002   7.7983E-002  -2.8905E-002   2.7606E-002   1.9876E-002   8.1062E-003  -2.0641E-002   2.5814E-001   1.2206E-002  -3.1067E-002  -1.3493E-002   4.9140E-002   2.0775E-001  
 2.1305E+000  -1.0866E+000  -9.8350E-001   2.1457E-001  -1.2666E-001  -2.4603E-001   8.9097E-002   5.5024E-002  -2.6240E+000   1.7044E-001  -8.0442E-003   2.4817E-002   8.5370E-002  -3.4675E-002   2.5811E-002   1.5209E-002   7.5419E-003  -8.7070E-003   2.5053E-001   1.4745E-002  -2.5801E-002  -1.0949E-002   4.8593E-002   2.3060E-001  
 2.5363E+000  -8.2918E-001  -1.1745E+000   1.7903E-001  -3.0708E-001  -3.0276E-001   1.2538E-001   7.7375E-002  -2.6127E+000   9.2961E-002  -4.3451E-002   1.8859E-002   8.2042E-002  -3.8325E-002   2.6068E-002   7.9307E-003   9.3784E-004   8.8358E-003   2.4591E-001   1.4734E-002  -1.9743E-002  -9.5410E-003   4.8498E-002   2.4180E-001  
 2.9283E+000  -5.3523E-001  -1.1712E+000   9.1171E-002  -6.2083E-001  -2.2598E-001   1.7863E-001   1.0693E-001  -2.6178E+000  -8.0927E-003  -9.4680E-002   2.3616E-002   6.3798E-002  -4.1008E-002   2.9778E-002  -2.8030E-003  -1.6104E-002   3.2740E-002   2.4783E-001   1.2084E-002  -1.4954E-002  -1.0919E-002   4.7641E-002   2.9178E-001  
 3.1292E+000  -3.3286E-001  -1.0868E+000  -1.8790E-001  -1.2530E+000   8.4750E-002   1.5818E-001   7.6008E-002  -2.7094E+000  -4.2334E-002  -2.0582E-001   7.2128E-002  -3.6321E-002   2.1673E-002   4.5548E-002  -3.0565E-002  -8.6342E-002   7.8863E-002   2.5105E-001   3.1842E-002   1.2816E-002  -1.7900E-002   3.6991E-002   1.5665E-001  
 2.3126E+000  -1.6728E+000   1.4142E+000   1.5555E-001  -2.4407E-001   2.8675E-001  -3.0345E-002   7.5392E-002  -2.8480E+000   1.7894E-001  -4.7704E-002  -1.6830E-002  -2.5027E-002   4.0771E-002   3.9631E-002  -3.5098E-004  -6.8490E-003  -6.2444E-003   3.0068E-001  -1.5762E-002  -3.3134E-002  -1.7362E-002   4.9894E-002   2.6192E-001  
 2.0203E+000  -1.7863E+000   1.3549E+000   1.9193E-001  -3.8775E-001   2.8301E-001  -2.1189E-003   6.0944E-002  -2.8329E+000   2.4884E-001  -1.7307E-002   5.9932E-003  -2.4743E-002   2.8108E-002   4.1032E-002   1.0908E-002  -1.2861E-002  -2.3286E-002   2.9614E-001  -1.4977E-002  -3.5591E-002  -1.5638E-002   5.3173E-002   2.3951E-001  
 1.8508E+000  -1.7482E+000   1.0616E+000   2.0538E-001  -4.2345E-001   2.9633E-001   1.6820E-002   5.0870E-002  -2.8038E+000   2.9649E-001   1.8425E-003   2.7002E-002  -1.2229E-002   1.7139E-002   4.1254E-002   1.7502E-002  -1.2798E-002  -3.4270E-002   2.9057E-001  -1.1733E-002  -3.8297E-002  -1.5439E-002   5.4489E-002   2.4538E-001  
 1.7115E+000  -1.8009E+000   7.0385E-001   2.0976E-001  -3.8621E-001   2.9180E-001   2.9728E-002   4.5772E-002  -2.7656E+000   3.2421E-001   1.2538E-002   4.3691E-002   6.8943E-003   6.7816E-003   4.0081E-002   2.1575E-002  -9.7008E-003  -4.0193E-002   2.8291E-001  -7.1298E-003  -4.0885E-002  -1.5132E-002   5.4514E-002   2.5838E-001  
 1.6679E+000  -1.8194E+000   3.5098E-001   2.1214E-001  -3.1194E-001   2.4753E-001   3.9747E-002   4.4983E-002  -2.7213E+000   3.3295E-001   1.5749E-002   5.3693E-002   2.9145E-002  -2.9790E-003   3.8496E-002   2.3184E-002  -5.2125E-003  -4.1999E-002   2.7399E-001  -1.3519E-003  -4.1899E-002  -1.4738E-002   5.3271E-002   2.3994E-001  
 1.7341E+000  -1.7899E+000  -3.5058E-003   2.1520E-001  -2.3690E-001   1.5674E-001   4.9720E-002   4.8868E-002  -2.6733E+000   3.2347E-001   1.2353E-002   5.6826E-002   5.1393E-002  -1.2243E-002   3.6317E-002   2.2857E-002  -7.8727E-004  -4.0103E-002   2.6360E-001   4.5065E-003  -4.1156E-002  -1.3687E-002   5.1396E-002   2.0886E-001  
 1.9133E+000  -1.6996E+000  -2.9115E-001   2.1644E-001  -1.9681E-001   2.6542E-002   6.2752E-002   5.8268E-002  -2.6237E+000   2.9501E-001   2.2314E-003   5.3824E-002   7.0841E-002  -2.0498E-002   3.3554E-002   2.0787E-002   2.6373E-003  -3.4388E-002   2.5219E-001   1.0039E-002  -3.8812E-002  -1.1871E-002   4.9465E-002   2.1276E-001  
 2.2343E+000  -1.4300E+000  -4.7190E-001   2.0866E-001  -2.2731E-001  -1.1917E-001   8.2128E-002   7.3816E-002  -2.5759E+000   2.4606E-001  -1.5209E-002   4.6325E-002   8.4303E-002  -2.6895E-002   3.0557E-002   1.6871E-002   3.8935E-003  -2.4560E-002   2.4054E-001   1.4908E-002  -3.5002E-002  -9.5840E-003   4.7972E-002   2.1925E-001  
 2.5601E+000  -1.1676E+000  -7.4238E-001   1.8037E-001  -3.6134E-001  -2.4455E-001   1.1182E-001   9.6715E-002  -2.5330E+000   1.7398E-001  -4.2058E-002   3.7394E-002   8.8724E-002  -3.1038E-002   2.8374E-002   1.0755E-002   1.4941E-003  -9.3489E-003   2.3000E-001   1.7870E-002  -2.9507E-002  -7.5402E-003   4.7427E-002   2.1967E-001  
 2.6808E+000  -1.5657E+000   1.2523E+000   5.6245E-002   1.8193E-002   1.4912E-001  -4.9523E-002   1.2102E-001  -2.9251E+000   2.0418E-001  -1.0379E-001  -1.8300E-002   6.3936E-003   4.2038E-002   5.1362E-002  -2.4577E-002   9.6154E-003  -1.1604E-002   3.2372E-001  -1.4143E-002  -3.4018E-002  -2.2338E-002   4.5503E-002   2.0783E-001  
 2.4597E+000  -1.7293E+000   1.2547E+000   1.2553E-001  -2.2757E-001   1.4511E-001  -1.5020E-002   1.0308E-001  -2.8851E+000   2.9002E-001  -6.7600E-002   5.0417E-003  -2.9430E-003   2.7076E-002   5.2222E-002  -9.1397E-003  -1.1077E-003  -3.2848E-002   3.1197E-001  -1.3075E-002  -3.5676E-002  -1.9653E-002   4.8791E-002   2.1554E-001  
 2.2960E+000  -1.8331E+000   1.1958E+000   1.6481E-001  -3.4784E-001   1.5905E-001   8.7817E-003   9.2394E-002  -2.8338E+000   3.4887E-001  -4.2938E-002   2.8067E-002   1.1616E-003   1.3642E-002   4.9643E-002   2.9099E-003  -6.1234E-003  -4.6766E-002   2.9745E-001  -1.1762E-002  -3.8658E-002  -1.6593E-002   5.1895E-002   2.5956E-001  
 2.2088E+000  -1.8771E+000   1.0132E+000   1.8461E-001  -3.8126E-001   1.5504E-001   2.6879E-002   8.7028E-002  -2.7723E+000   3.8365E-001  -2.8893E-002   4.6231E-002   1.5639E-002   2.8203E-003   4.6095E-002   1.0460E-002  -6.5900E-003  -5.4032E-002   2.8243E-001  -7.9301E-003  -4.2098E-002  -1.4275E-002   5.3067E-002   2.4746E-001  
 2.2113E+000  -1.8652E+000   7.4660E-001   1.9255E-001  -3.6996E-001   1.1160E-001   4.2222E-002   8.7158E-002  -2.7043E+000   3.9481E-001  -2.4109E-002   5.6998E-002   3.5084E-002  -6.5255E-003   4.2547E-002   1.3714E-002  -4.7080E-003  -5.6164E-002   2.6731E-001  -2.4395E-003  -4.4047E-002  -1.2636E-002   5.2422E-002   2.5006E-001  
 2.3041E+000  -1.7901E+000   4.3956E-001   1.9203E-001  -3.5714E-001   2.2319E-002   5.8025E-002   9.3511E-002  -2.6322E+000   3.8323E-001  -2.7384E-002   6.0449E-002   5.5032E-002  -1.4732E-002   3.8585E-002   1.3960E-002  -2.4667E-003  -5.3663E-002   2.5162E-001   3.7505E-003  -4.4364E-002  -1.0985E-002   5.0830E-002   2.2739E-001  
 2.4789E+000  -1.6424E+000   1.1140E-001   1.8123E-001  -3.8523E-001  -1.0561E-001   7.7699E-002   1.0710E-001  -2.5576E+000   3.4800E-001  -3.8716E-002   5.7592E-002   7.1710E-002  -2.1337E-002   3.4344E-002   1.1853E-002  -1.0228E-003  -4.6351E-002   2.3545E-001   1.0189E-002  -4.2798E-002  -8.8798E-003   4.9030E-002   2.1859E-001  
 2.7150E+000  -1.4181E+000  -2.1481E-001   1.5408E-001  -4.9462E-001  -2.4816E-001   1.0496E-001   1.2958E-001  -2.4835E+000   2.8748E-001  -5.8394E-002   5.0440E-002   8.1598E-002  -2.5903E-002   3.0456E-002   7.7318E-003  -1.5786E-003  -3.3840E-002   2.1984E-001   1.5672E-002  -3.9176E-002  -6.4123E-003   4.7664E-002   2.2530E-001  
 2.9866E+000  -1.1018E+000  -4.0464E-001   9.9243E-002  -7.2464E-001  -3.7009E-001   1.4391E-001   1.6170E-001  -2.4128E+000   1.9827E-001  -8.8824E-002   4.1686E-002   8.0170E-002  -2.7624E-002   2.7667E-002   3.6022E-004  -6.2028E-003  -1.4930E-002   2.0540E-001   1.9625E-002  -3.3635E-002  -4.7886E-003   4.7123E-002   2.2635E-001  
 3.1295E+000  -1.0651E+000   9.3478E-001  -7.2559E-002   3.0957E-001  -1.0705E-001  -9.7040E-002   2.3389E-001  -3.1464E+000   2.6438E-001  -2.0176E-001  -2.4500E-002   3.6315E-002   7.1994E-003  -5.8909E-003  -9.4090E-002   4.6785E-002  -2.1320E-002   3.3219E-001  -4.4328E-002  -5.5760E-002  -2.3715E-002   2.3428E-002   1.1997E-001  
 2.8491E+000  -1.4877E+000   1.0732E+000  -2.6143E-002   6.4318E-002  -2.0337E-001  -2.6325E-002   1.5590E-001  -2.9468E+000   3.5827E-001  -1.4251E-001  -2.2258E-002   4.0696E-002   2.4628E-002   6.8396E-002  -4.8745E-002   1.6392E-002  -5.1442E-002   3.3824E-001  -1.1869E-002  -3.5502E-002  -2.4769E-002   4.3519E-002   2.1583E-001  
 2.7498E+000  -1.6308E+000   1.1008E+000   5.0630E-002  -1.8617E-001  -1.8412E-001  -2.4169E-005   1.5334E-001  -2.8720E+000   4.3082E-001  -1.0782E-001   7.5186E-003   2.6154E-002   7.9898E-003   5.9914E-002  -2.7496E-002   3.9788E-003  -6.7564E-002   3.1033E-001  -1.1625E-002  -3.8389E-002  -2.1043E-002   4.7589E-002   2.5255E-001  
 2.7019E+000  -1.6923E+000   9.9282E-001   8.8858E-002  -3.3113E-001  -1.8799E-001   2.4719E-002   1.4830E-001  -2.7806E+000   4.7256E-001  -8.9683E-002   2.7135E-002   3.0496E-002  -4.6747E-003   5.3496E-002  -1.6265E-002  -1.2451E-003  -7.7251E-002   2.8656E-001  -9.1159E-003  -4.1396E-002  -1.7370E-002   4.9881E-002   2.8308E-001  
 2.7221E+000  -1.6766E+000   7.9466E-001   1.0511E-001  -4.2379E-001  -2.2944E-001   4.6910E-002   1.5107E-001  -2.6828E+000   4.8683E-001  -8.2238E-002   4.0022E-002   4.1781E-002  -1.3912E-002   4.6202E-002  -9.5017E-003  -3.4354E-003  -7.9658E-002   2.6299E-001  -4.5761E-003  -4.4550E-002  -1.4011E-002   5.0551E-002   2.7311E-001  
 2.8115E+000  -1.5810E+000   5.6324E-001   1.0310E-001  -5.1347E-001  -3.1509E-001   7.0301E-002   1.6230E-001  -2.5799E+000   4.7397E-001  -8.4324E-002   4.5719E-002   5.4744E-002  -2.0545E-002   3.9052E-002  -6.3319E-003  -4.3228E-003  -7.5809E-002   2.3984E-001   1.6103E-003  -4.6352E-002  -1.0622E-002   5.0120E-002   2.5570E-001  
 2.9633E+000  -1.3978E+000   3.0807E-001   8.1279E-002  -6.4859E-001  -4.3800E-001   9.8972E-002   1.8336E-001  -2.4726E+000   4.3222E-001  -9.5830E-002   4.4680E-002   6.5042E-002  -2.4952E-002   3.2372E-002  -6.4612E-003  -5.4053E-003  -6.6108E-002   2.1742E-001   8.5346E-003  -4.5987E-002  -7.3272E-003   4.9109E-002   2.3290E-001  
 3.1566E+000  -1.1398E+000   5.0537E-002   3.2856E-002  -8.7622E-001  -5.7732E-001   1.3616E-001   2.1340E-001  -2.3672E+000   3.5773E-001  -1.1766E-001   3.7641E-002   6.7182E-002  -2.7184E-002   2.3513E-002  -9.5287E-003  -8.1205E-003  -5.1015E-002   1.9574E-001   1.5878E-002  -4.5814E-002  -4.5772E-003   4.8659E-002   2.3174E-001  
 3.0493E+000  -1.1965E+000  -2.4466E-001  -2.8025E-001  -1.5660E+000  -8.7629E-001   6.7829E-002   5.1534E-002  -2.5086E+000   2.5639E-001  -2.0264E-001  -3.7842E-002  -6.0443E-002   4.1808E-002  -8.6039E-002  -5.4033E-002  -3.5737E-002  -2.8224E-002   1.2913E-001   6.0703E-002  -5.8775E-002  -1.2255E-002   4.8910E-002   2.0062E-001  
