 2.9542E+000   1.4015E+000   3.2309E-001  -2.2958E-001  -1.2109E+000  -2.7118E-002  -6.6138E-002  -1.1417E-001  -5.3325E-001  -2.7762E+000  -2.0929E-001  -6.7931E-002  -5.2913E-002   3.0134E-002  -5.4409E-002   8.5460E-002   3.4906E-002   2.5380E-001   1.2936E-001  -1.6923E-003  -3.4591E-002  -1.8790E-002   3.5382E-002   1.5321E-001  
 2.8816E+000   1.5545E+000   2.2467E-001  -2.7408E-002  -6.1283E-001   4.4046E-002  -8.6713E-002  -1.6832E-001  -5.3411E-001  -2.8201E+000  -1.3517E-001  -3.7019E-002   2.1650E-002  -4.5389E-002  -4.6026E-002   3.8698E-002   1.1492E-002   2.9240E-001   9.7316E-002   1.6234E-002  -8.8934E-003  -1.8563E-002   4.3574E-002   2.7817E-001  
 2.7122E+000   1.7564E+000   1.9877E-001   3.4263E-002  -3.1296E-001   1.2038E-001  -5.2559E-002  -1.5243E-001  -4.4578E-001  -2.8999E+000  -1.0726E-001  -1.7457E-002   2.4119E-002  -5.5652E-002  -3.1827E-002   2.7120E-002   4.4811E-003   3.0934E-001   7.1792E-002   1.8426E-002  -7.3812E-003  -1.9719E-002   4.3210E-002   2.2365E-001  
 2.5977E+000   1.8794E+000   1.3238E-001   6.2877E-002  -1.1207E-001   1.7509E-001  -2.3641E-002  -1.3875E-001  -3.4677E-001  -2.9454E+000  -9.3131E-002  -6.9679E-003   1.2373E-002  -6.1369E-002  -1.9695E-002   2.2391E-002   1.6920E-003   3.2038E-001   4.8309E-002   1.8629E-002  -5.2463E-003  -2.0459E-002   4.3050E-002   2.1677E-001  
 2.5601E+000   1.9173E+000   3.7359E-002   7.1927E-002   4.0432E-002   1.9183E-001   6.8683E-004  -1.3477E-001  -2.4718E-001  -2.9602E+000  -8.8466E-002  -2.7880E-003  -3.7267E-003  -6.3649E-002  -6.0585E-003   2.0603E-002   2.6271E-004   3.2396E-001   2.3761E-002   1.8371E-002  -4.0036E-003  -2.0618E-002   4.3002E-002   1.9569E-001  
 2.6053E+000   1.8660E+000  -6.0753E-002   6.4054E-002   1.9262E-001   1.6384E-001   2.5146E-002  -1.4009E-001  -1.4707E-001  -2.9455E+000  -9.2577E-002  -5.2970E-003  -2.0021E-002  -6.2617E-002   7.5249E-003   2.1350E-002  -1.0409E-003   3.2020E-001  -6.6825E-004   1.7489E-002  -2.6634E-003  -1.9753E-002   4.3328E-002   2.3434E-001  
 2.7269E+000   1.7288E+000  -1.3857E-001   3.6685E-002   3.9260E-001   9.7899E-002   5.4421E-002  -1.5523E-001  -4.6604E-002  -2.9000E+000  -1.0611E-001  -1.4163E-002  -3.2302E-002  -5.8200E-002   1.9641E-002   2.5102E-002  -3.4976E-003   3.0905E-001  -2.3911E-002   1.6239E-002  -3.1701E-004  -1.8432E-002   4.3680E-002   2.3322E-001  
 2.9028E+000   1.5146E+000  -1.8717E-001  -2.2620E-002   6.9022E-001   1.1007E-002   8.9596E-002  -1.7371E-001   4.4688E-002  -2.8199E+000  -1.3288E-001  -3.1687E-002  -3.1344E-002  -4.9615E-002   3.3705E-002   3.5100E-002  -9.7325E-003   2.9207E-001  -4.8699E-002   1.3469E-002   1.3381E-003  -1.6754E-002   4.4309E-002   2.7582E-001  
 2.9426E+000   1.3988E+000  -3.2082E-001  -2.4800E-001   1.3252E+000  -9.1549E-002   5.6179E-002  -9.9122E-002   1.6535E-002  -2.7773E+000  -2.0953E-001  -6.8195E-002   5.5542E-002   3.3999E-002   5.6073E-002   8.2086E-002  -3.3196E-002   2.5315E-001  -8.7270E-002  -1.0958E-002   2.4852E-002  -1.7827E-002   3.7450E-002   1.6518E-001  
 2.7713E+000   1.5200E+000   5.1053E-001   5.9963E-002  -5.7614E-001   2.7829E-001  -1.0702E-001  -1.3860E-001  -5.0634E-001  -2.6748E+000  -9.5484E-002  -2.3519E-002   5.5844E-002  -3.2434E-002  -3.8789E-002   1.2988E-002   3.7047E-003   2.5453E-001   8.2383E-002   2.1209E-002  -1.5876E-002  -1.2849E-002   4.5959E-002   2.6491E-001  
 2.4936E+000   1.7786E+000   4.5023E-001   1.1750E-001  -2.8127E-001   3.3432E-001  -6.5453E-002  -1.1095E-001  -4.5028E-001  -2.7729E+000  -6.4052E-002  -6.7919E-003   5.4190E-002  -4.0295E-002  -3.3602E-002   3.9737E-003  -1.7937E-003   2.7580E-001   7.0496E-002   1.9536E-002  -1.2415E-002  -1.4477E-002   4.6418E-002   2.6059E-001  
 2.2705E+000   1.9505E+000   3.4514E-001   1.4849E-001  -1.0664E-001   4.0863E-001  -3.7232E-002  -9.3551E-002  -3.8737E-001  -2.8397E+000  -4.2521E-002   9.1292E-003   4.1784E-002  -4.6092E-002  -2.5334E-002  -3.1812E-003  -3.6779E-003   2.9071E-001   5.5976E-002   1.8559E-002  -9.5490E-003  -1.5301E-002   4.7369E-002   2.6901E-001  
 2.1254E+000   2.0477E+000   2.1072E-001   1.6303E-001  -1.4338E-002   4.6598E-001  -1.6704E-002  -8.4249E-002  -3.1947E-001  -2.8789E+000  -2.9839E-002   2.0778E-002   2.1412E-002  -4.9410E-002  -1.5512E-002  -8.2022E-003  -2.6128E-003   2.9925E-001   4.0098E-002   1.7693E-002  -7.0496E-003  -1.5304E-002   4.8570E-002   2.5940E-001  
 2.0773E+000   2.0792E+000   3.1243E-002   1.6716E-001   3.5152E-002   4.8341E-001   2.4821E-004  -8.1402E-002  -2.4922E-001  -2.8916E+000  -2.5784E-002   2.5232E-002  -3.0415E-003  -5.0800E-002  -5.6833E-003  -9.8896E-003   1.4220E-004   3.0197E-001   2.4204E-002   1.6765E-002  -4.0234E-003  -1.5217E-002   4.9025E-002   2.4396E-001  
 2.1313E+000   2.0367E+000  -1.5217E-001   1.6350E-001   8.4487E-002   4.5417E-001   1.7256E-002  -8.4824E-002  -1.7858E-001  -2.8788E+000  -2.9703E-002   2.1979E-002  -2.7569E-002  -5.0828E-002   4.1867E-003  -8.5403E-003   2.9431E-003   2.9917E-001   8.3093E-003   1.6416E-002  -9.1102E-004  -1.4989E-002   4.8426E-002   2.5683E-001  
 2.2818E+000   1.9274E+000  -2.9679E-001   1.4954E-001   1.7630E-001   3.8508E-001   3.7930E-002  -9.4862E-002  -1.0951E-001  -2.8395E+000  -4.2144E-002   1.1633E-002  -4.8158E-002  -4.8923E-002   1.4091E-002  -4.0111E-003   4.1732E-003   2.9056E-001  -7.5743E-003   1.6160E-002   1.8948E-003  -1.4596E-002   4.7176E-002   2.6965E-001  
 2.5091E+000   1.7417E+000  -4.2183E-001   1.1939E-001   3.4995E-001   2.9938E-001   6.6452E-002  -1.1334E-001  -4.4553E-002  -2.7726E+000  -6.3218E-002  -2.9137E-003  -6.1067E-002  -4.4597E-002   2.2485E-002   2.4525E-003   2.6304E-003   2.7569E-001  -2.2064E-002   1.6373E-002   5.1839E-003  -1.3320E-002   4.6265E-002   2.6045E-001  
 2.7895E+000   1.4678E+000  -4.9694E-001   6.2791E-002   6.4350E-001   2.3220E-001   1.0838E-001  -1.4224E-001   1.4167E-002  -2.6742E+000  -9.4150E-002  -1.8381E-002  -6.3324E-002  -3.8067E-002   2.8028E-002   1.0823E-002  -2.4435E-003   2.5449E-001  -3.4090E-002   1.7442E-002   9.0986E-003  -1.1378E-002   4.5834E-002   2.5182E-001  
 2.3905E+000   1.5417E+000   7.9401E-001   1.5148E-001  -2.7305E-001   3.5515E-001  -7.8625E-002  -8.6723E-002  -4.0905E-001  -2.6682E+000  -4.3620E-002  -1.8466E-002   7.5828E-002  -2.9407E-002  -3.3037E-002  -5.5863E-003  -7.9477E-003   2.5149E-001   5.8627E-002   2.5359E-002  -1.7724E-002  -1.0846E-002   4.7260E-002   2.3557E-001  
 2.0530E+000   1.7684E+000   6.5393E-001   1.8054E-001  -7.5481E-002   4.1238E-001  -4.6249E-002  -6.6207E-002  -3.7983E-001  -2.7494E+000  -1.6232E-002  -1.5897E-003   6.7105E-002  -3.4961E-002  -2.8057E-002  -1.2637E-002  -1.0611E-002   2.6972E-001   5.2178E-002   2.3007E-002  -1.4830E-002  -1.2681E-002   4.8371E-002   2.4330E-001  
 1.8029E+000   1.7555E+000   6.4234E-001   1.8927E-001   1.8437E-002   4.8741E-001  -2.5301E-002  -5.2872E-002  -3.4133E-001  -2.8044E+000   1.8939E-003   1.3668E-002   4.8842E-002  -3.8802E-002  -2.1411E-002  -1.7384E-002  -9.3007E-003   2.8257E-001   4.4153E-002   2.0820E-002  -1.1468E-002  -1.4331E-002   4.9602E-002   2.5229E-001  
 1.6460E+000   1.8002E+000   3.5126E-001   1.8985E-001   4.1954E-002   5.4509E-001  -1.1090E-002  -4.5695E-002  -2.9735E-001  -2.8364E+000   1.2510E-002   2.4492E-002   2.4632E-002  -4.1273E-002  -1.3477E-002  -2.0456E-002  -5.3104E-003   2.9015E-001   3.4702E-002   1.9202E-002  -7.8745E-003  -1.5071E-002   5.0767E-002   2.5886E-001  
 1.5909E+000   1.8241E+000   6.5846E-004   1.8929E-001   2.9473E-002   5.6262E-001   3.2059E-005  -4.3553E-002  -2.5082E-001  -2.8468E+000   1.6008E-002   2.8641E-002  -2.4428E-003  -4.2545E-002  -5.2634E-003  -2.1479E-002   1.1103E-004   2.9255E-001   2.4866E-002   1.8148E-002  -3.9407E-003  -1.5284E-002   5.1183E-002   2.6053E-001  
 1.6463E+000   1.7994E+000  -3.5003E-001   1.9012E-001   1.6929E-002   5.3306E-001   1.1140E-002  -4.5950E-002  -2.0397E-001  -2.8363E+000   1.2466E-002   2.5588E-002  -2.9515E-002  -4.2845E-002   3.0207E-003  -2.0573E-002   5.5181E-003   2.9007E-001   1.4905E-002   1.7916E-002   9.5707E-005  -1.4959E-002   5.0499E-002   2.6123E-001  
 1.8048E+000   1.7502E+000  -6.3611E-001   1.8983E-001   4.0189E-002   4.6338E-001   2.5354E-002  -5.3512E-002  -1.5899E-001  -2.8042E+000   1.9046E-003   1.5918E-002  -5.3777E-002  -4.1937E-002   1.1131E-002  -1.7707E-002   9.5328E-003   2.8245E-001   5.1862E-003   1.8420E-002   3.9872E-003  -1.4023E-002   4.9154E-002   2.5153E-001  
 2.0640E+000   1.7265E+000  -6.4135E-001   1.8135E-001   1.3366E-001   3.7659E-001   4.6328E-002  -6.7340E-002  -1.1884E-001  -2.7491E+000  -1.6051E-002   1.8081E-003  -7.2133E-002  -3.9557E-002   1.8108E-002  -1.3202E-002   1.0905E-002   2.6961E-001  -3.2851E-003   1.9700E-002   7.7408E-003  -1.2177E-002   4.7823E-002   2.3942E-001  
 2.4025E+000   1.4863E+000  -7.9680E-001   1.5275E-001   3.3040E-001   3.0791E-001   7.8836E-002  -8.8638E-002  -8.7138E-002  -2.6677E+000  -4.3082E-002  -1.3853E-002  -8.1223E-002  -3.5446E-002   2.3426E-002  -6.6190E-003   8.4951E-003   2.5143E-001  -1.0138E-002   2.1596E-002   1.1158E-002  -1.0030E-002   4.6801E-002   2.2570E-001  
 2.9515E+000   6.6844E-001   1.1038E+000  -3.0078E-001  -1.5442E+000   9.6116E-001  -5.4841E-002  -3.0984E-002  -2.4963E-001  -2.5523E+000  -2.0413E-001   3.5834E-002  -6.5709E-002   4.2696E-002   8.1664E-002   3.3193E-002   5.6109E-002   1.3399E-001   2.0147E-002   6.7170E-002  -5.7839E-002  -1.2883E-002   4.7369E-002   1.9562E-001  
 2.8647E+000   8.2812E-001   1.0222E+000   7.4485E-002  -7.1765E-001   4.4487E-001  -1.6314E-001  -1.0454E-001  -3.0062E-001  -2.4689E+000  -8.9246E-002  -4.3828E-002   7.3789E-002  -1.7318E-002  -3.1154E-002   1.3043E-003   5.8075E-004   2.0962E-001   3.4416E-002   3.8839E-002  -1.9856E-002  -6.0113E-003   4.6961E-002   2.1146E-001  
 2.4316E+000   1.1282E+000   1.1068E+000   1.5574E-001  -3.4645E-001   3.0803E-001  -9.8355E-002  -7.3321E-002  -3.2811E-001  -2.5878E+000  -4.2254E-002  -3.8590E-002   8.3076E-002  -2.1499E-002  -3.2902E-002  -6.7709E-003  -1.0495E-002   2.3458E-001   4.0394E-002   3.4381E-002  -1.8834E-002  -8.7591E-003   4.6673E-002   2.2750E-001  
 1.9968E+000   1.3932E+000   1.0247E+000   1.8966E-001  -1.0442E-001   2.9792E-001  -5.6872E-002  -5.1160E-002  -3.3416E-001  -2.6780E+000  -8.0285E-003  -2.4733E-002   8.0233E-002  -2.5886E-002  -3.0933E-002  -1.3179E-002  -1.5720E-002   2.5502E-001   4.1671E-002   3.0657E-002  -1.6905E-002  -1.1747E-002   4.7346E-002   2.4410E-001  
 1.5948E+000   1.4580E+000   1.0707E+000   1.9377E-001   2.6865E-002   3.5501E-001  -3.1576E-002  -3.6148E-002  -3.2507E-001  -2.7432E+000   1.5778E-002  -8.0406E-003   6.7698E-002  -2.9616E-002  -2.6123E-002  -1.7924E-002  -1.6096E-002   2.7059E-001   3.9811E-002   2.7535E-002  -1.4439E-002  -1.4574E-002   4.8563E-002   2.3778E-001  
 1.3026E+000   1.5534E+000   7.6167E-001   1.8405E-001   7.3747E-002   4.3017E-001  -1.6391E-002  -2.6355E-002  -3.0573E-001  -2.7872E+000   3.1354E-002   6.8351E-003   4.7945E-002  -3.2417E-002  -1.9921E-002  -2.0636E-002  -1.2642E-002   2.8175E-001   3.6253E-002   2.4785E-002  -1.1209E-002  -1.7080E-002   4.9613E-002   2.4086E-001  
 1.1139E+000   1.6088E+000   3.9355E-001   1.7314E-001   6.3150E-002   4.8790E-001  -6.9460E-003  -2.0946E-002  -2.8028E-001  -2.8127E+000   4.0258E-002   1.7096E-002   2.3920E-002  -3.4478E-002  -1.2601E-002  -2.2096E-002  -6.7545E-003   2.8843E-001   3.1266E-002   2.2791E-002  -7.5940E-003  -1.8521E-002   5.0497E-002   2.5043E-001  
 1.0494E+000   1.6265E+000   2.8502E-004   1.6876E-001   2.3531E-002   5.0543E-001  -7.7154E-005  -1.9322E-002  -2.5210E-001  -2.8209E+000   4.3137E-002   2.0986E-002  -1.8198E-003  -3.5763E-002  -4.7529E-003  -2.2546E-002   7.3627E-005   2.9058E-001   2.5539E-002   2.1748E-002  -3.7600E-003  -1.8960E-002   5.0747E-002   2.4789E-001  
 1.1140E+000   1.6081E+000  -3.9306E-001   1.7335E-001  -1.6121E-002   4.7576E-001   6.7525E-003  -2.1093E-002  -2.2361E-001  -2.8126E+000   4.0183E-002   1.8187E-002  -2.7580E-002  -3.6243E-002   3.1682E-003  -2.2224E-002   6.9057E-003   2.8839E-001   1.9655E-002   2.1690E-002   1.6483E-004  -1.8436E-002   5.0293E-002   2.5067E-001  
 1.3027E+000   1.5520E+000  -7.6147E-001   1.8441E-001  -2.6833E-002   4.0588E-001   1.6105E-002  -2.6682E-002  -1.9724E-001  -2.7871E+000   3.1236E-002   9.0143E-003  -5.1617E-002  -3.5882E-002   1.0706E-002  -2.0851E-002   1.2756E-002   2.8166E-001   1.4205E-002   2.2643E-002   4.0504E-003  -1.6943E-002   4.9236E-002   2.3909E-001  
 1.5950E+000   1.4560E+000  -1.0710E+000   1.9419E-001   1.9819E-002   3.1881E-001   3.1211E-002  -3.6731E-002  -1.7635E-001  -2.7430E+000   1.5704E-002  -4.7555E-003  -7.1371E-002  -3.4629E-002   1.7242E-002  -1.8203E-002   1.6145E-002   2.7048E-001   9.9572E-003   2.4523E-002   7.6964E-003  -1.4400E-002   4.8063E-002   2.2426E-001  
 2.0031E+000   1.3390E+000  -1.0365E+000   1.9017E-001   1.5067E-001   2.5005E-001   5.6451E-002  -5.2149E-002  -1.6501E-001  -2.6777E+000  -7.9124E-003  -2.0304E-002  -8.4008E-002  -3.2305E-002   2.2440E-002  -1.3644E-002   1.5803E-002   2.5489E-001   7.3043E-003   2.7098E-002   1.0719E-002  -1.1446E-002   4.6913E-002   2.3134E-001  
 2.4360E+000   1.0644E+000  -1.1316E+000   1.5634E-001   3.9207E-001   2.4881E-001   9.7792E-002  -7.4841E-002  -1.6810E-001  -2.5873E+000  -4.1970E-002  -3.3032E-002  -8.7010E-002  -2.9159E-002   2.4851E-002  -7.4498E-003   1.0664E-002   2.3442E-001   7.7607E-003   3.0625E-002   1.3200E-002  -8.3392E-003   4.6428E-002   2.1379E-001  
 2.8661E+000   7.5775E-001  -1.0566E+000   7.5027E-002   7.6246E-001   3.7505E-001   1.6209E-001  -1.0674E-001  -1.9183E-001  -2.4683E+000  -8.8953E-002  -3.7002E-002  -7.7855E-002  -2.6041E-002   2.3497E-002   4.2119E-004  -5.1938E-004   2.0935E-001   1.3157E-002   3.5179E-002   1.4704E-002  -5.6771E-003   4.6909E-002   2.1190E-001  
 2.9441E+000   6.0850E-001  -1.1514E+000  -3.0414E-001   1.5999E+000   8.7184E-001   5.1478E-002  -2.9372E-002  -2.5378E-001  -2.5553E+000  -2.0517E-001   4.2122E-002   6.4902E-002   4.4818E-002  -8.4488E-002   3.1697E-002  -5.8236E-002   1.3342E-001   2.5011E-002   5.8080E-002   5.7533E-002  -1.2956E-002   4.6692E-002   1.9209E-001  
 3.0563E+000   3.4095E-001   1.0706E+000   9.5922E-003  -8.9086E-001   6.6136E-001  -2.1515E-001  -9.5572E-002  -1.3662E-001  -2.4251E+000  -1.1820E-001  -4.1976E-002   6.0265E-002  -1.3590E-002  -2.3853E-002   2.7148E-003   1.0451E-002   1.9843E-001  -1.9081E-004   5.0193E-002  -1.7698E-002  -4.9315E-003   4.7520E-002   2.1271E-001  
 2.6088E+000   6.4104E-001   1.3061E+000   1.3206E-001  -4.9883E-001   3.2193E-001  -1.3205E-001  -6.6621E-002  -2.1295E-001  -2.5378E+000  -5.8460E-002  -5.3560E-002   7.6809E-002  -1.6085E-002  -3.2676E-002  -4.4142E-003  -7.4850E-003   2.2388E-001   1.6072E-002   4.3523E-002  -1.5435E-002  -7.0823E-003   4.6539E-002   2.1307E-001  
 2.1213E+000   8.9866E-001   1.3458E+000   1.8634E-001  -2.2425E-001   1.8188E-001  -7.6020E-002  -4.4389E-002  -2.5782E-001  -2.6293E+000  -1.5259E-002  -4.8207E-002   7.9816E-002  -1.7976E-002  -3.3359E-002  -1.0133E-002  -1.7034E-002   2.4454E-001   2.5674E-002   3.9159E-002  -1.5365E-002  -1.0300E-002   4.6449E-002   2.0658E-001  
 1.5979E+000   1.0939E+000   1.4292E+000   1.9600E-001  -4.8288E-002   1.7019E-001  -4.1140E-002  -2.8667E-002  -2.7976E-001  -2.6990E+000   1.5404E-002  -3.4313E-002   7.3547E-002  -2.0628E-002  -3.0915E-002  -1.4370E-002  -2.0481E-002   2.6162E-001   3.0424E-002   3.5028E-002  -1.3956E-002  -1.4099E-002   4.7294E-002   2.0901E-001  
 1.1821E+000   1.1937E+000   1.1701E+000   1.8032E-001   4.3434E-002   2.2658E-001  -2.1056E-002  -1.8023E-002  -2.8520E-001  -2.7494E+000   3.6517E-002  -1.7672E-002   6.0143E-002  -2.3073E-002  -2.6019E-002  -1.7269E-002  -1.9258E-002   2.7468E-001   3.2043E-002   3.1316E-002  -1.1920E-002  -1.7705E-002   4.8545E-002   2.1080E-001  
 8.5354E-001   1.2613E+000   8.2498E-001   1.5642E-001   7.1278E-002   3.0161E-001  -1.0073E-002  -1.1285E-002  -2.7995E-001  -2.7834E+000   5.0453E-002  -2.7214E-003   4.1980E-002  -2.5184E-002  -1.9585E-002  -1.9120E-002  -1.4505E-002   2.8393E-001   3.1342E-002   2.8376E-002  -9.4374E-003  -2.0198E-002   4.9858E-002   2.1263E-001  
 6.4193E-001   1.3004E+000   4.2410E-001   1.3700E-001   5.5421E-002   3.5939E-001  -4.0287E-003  -7.4796E-003  -2.6806E-001  -2.8032E+000   5.8176E-002   7.5213E-003   2.0912E-002  -2.6930E-002  -1.2096E-002  -2.0197E-002  -7.6046E-003   2.8935E-001   2.9051E-002   2.6320E-002  -6.6278E-003  -2.1314E-002   5.0804E-002   2.2095E-001  
 5.6962E-001   1.3128E+000   5.8404E-006   1.2985E-001   1.7492E-002   3.7693E-001  -1.4639E-004  -6.2209E-003  -2.5310E-001  -2.8096E+000   6.0505E-002   1.1419E-002  -1.1990E-003  -2.8125E-002  -4.1206E-003  -2.0711E-002   2.3649E-005   2.9106E-001   2.6080E-002   2.5353E-002  -3.5947E-003  -2.1504E-002   5.1050E-002   2.1683E-001  
 6.4192E-001   1.2999E+000  -4.2418E-001   1.3709E-001  -2.0458E-002   3.4717E-001   3.7003E-003  -7.6079E-003  -2.3782E-001  -2.8032E+000   5.8174E-002   8.5785E-003  -2.3338E-002  -2.8856E-002   3.9159E-003  -2.0278E-002   7.6465E-003   2.8932E-001   2.2936E-002   2.5440E-002  -4.5548E-004  -2.1329E-002   5.0724E-002   2.2136E-001  
 8.5344E-001   1.2603E+000  -8.2533E-001   1.5661E-001  -3.6369E-002   2.7718E-001   9.6324E-003  -1.1526E-002  -2.2499E-001  -2.7834E+000   5.0389E-002  -5.9951E-004  -4.4466E-002  -2.8955E-002   1.1579E-002  -1.9310E-002   1.4549E-002   2.8385E-001   2.0157E-002   2.6673E-002   2.6466E-003  -2.0152E-002   4.9672E-002   2.1155E-001  
 1.1819E+000   1.1924E+000  -1.1709E+000   1.8054E-001  -8.6546E-003   1.9014E-001   2.0492E-002  -1.8401E-002  -2.1818E-001  -2.7493E+000   3.6458E-002  -1.4448E-002  -6.2651E-002  -2.8515E-002   1.8288E-002  -1.7521E-002   1.9236E-002   2.7456E-001   1.8674E-002   2.8902E-002   5.5921E-003  -1.7633E-002   4.8324E-002   1.9848E-001  
 1.5974E+000   1.0921E+000  -1.4307E+000   1.9614E-001   8.2863E-002   1.2195E-001   4.0445E-002  -2.9213E-002  -2.2148E-001  -2.6989E+000   1.5393E-002  -2.9959E-002  -7.6053E-002  -2.7497E-002   2.3555E-002  -1.4647E-002   2.0372E-002   2.6146E-001   1.9240E-002   3.2060E-002   8.2034E-003  -1.4052E-002   4.7119E-002   1.9840E-001  
 2.1198E+000   8.4607E-001  -1.3781E+000   1.8635E-001   2.5851E-001   1.2215E-001   7.5053E-002  -4.5182E-002  -2.4055E-001  -2.6291E+000  -1.5234E-002  -4.2712E-002  -8.2342E-002  -2.6082E-002   2.6373E-002  -1.0453E-002   1.6846E-002   2.4429E-001   2.2897E-002   3.5989E-002   1.0212E-002  -1.0272E-002   4.6444E-002   2.0499E-001  
 2.6035E+000   5.8261E-001  -1.3476E+000   1.3165E-001   5.3272E-001   2.5149E-001   1.3034E-001  -6.7738E-002  -2.8171E-001  -2.5376E+000  -5.8624E-002  -4.6710E-002  -7.9255E-002  -2.5295E-002   2.5985E-002  -4.7358E-003   6.9176E-003   2.2347E-001   3.1680E-002   4.0483E-002   1.0716E-002  -7.3061E-003   4.6660E-002   2.0933E-001  
 3.0459E+000   2.7934E-001  -1.1207E+000   7.7841E-003   9.2476E-001   5.8119E-001   2.1162E-001  -9.6832E-002  -3.5382E-001  -2.4253E+000  -1.1908E-001  -3.3277E-002  -6.2140E-002  -2.3185E-002   1.7533E-002   2.5688E-003  -1.2237E-002   1.9767E-001   4.7454E-002   4.6952E-002   1.3705E-002  -5.6583E-003   4.7440E-002   2.1054E-001  
 2.8811E+000   1.2684E-001   1.3437E+000   6.1799E-002  -6.7136E-001   5.2086E-001  -1.8750E-001  -6.1062E-002  -6.4939E-002  -2.5262E+000  -9.5380E-002  -5.0270E-002   6.1900E-002  -1.4914E-002  -3.2844E-002  -1.1874E-003   6.1963E-003   2.2163E-001  -1.6067E-002   4.9792E-002  -8.2163E-003  -7.3540E-003   4.6792E-002   2.1613E-001  
 2.3902E+000   3.4969E-001   1.5545E+000   1.6123E-001  -4.0108E-001   1.7839E-001  -1.1023E-001  -4.0279E-002  -1.5361E-001  -2.6105E+000  -3.8523E-002  -6.1716E-002   6.8455E-002  -1.2441E-002  -3.5117E-002  -5.9064E-003  -1.2168E-002   2.3945E-001   3.7275E-003   4.6429E-002  -1.0123E-002  -8.9611E-003   4.6527E-002   2.1788E-001  
 1.8237E+000   6.6362E-001   1.6731E+000   1.9577E-001  -2.0609E-001   3.5234E-002  -6.0739E-002  -2.5564E-002  -2.1003E-001  -2.6762E+000   2.0892E-003  -5.6531E-002   6.7231E-002  -1.2340E-002  -3.4567E-002  -9.6090E-003  -2.1051E-002   2.5557E-001   1.6202E-002   4.2180E-002  -1.0805E-002  -1.2200E-002   4.6827E-002   2.0452E-001  
 1.3068E+000   7.7964E-001   1.5256E+000   1.8770E-001  -7.7167E-002   2.2074E-002  -3.0500E-002  -1.5306E-002  -2.4295E-001  -2.7264E+000   3.0446E-002  -4.2424E-002   5.9666E-002  -1.3610E-002  -3.1320E-002  -1.2143E-002  -2.3297E-002   2.6912E-001   2.3221E-002   3.7868E-002  -1.0194E-002  -1.6448E-002   4.7839E-002   1.9349E-001  
 8.5503E-001   8.4416E-001   1.2379E+000   1.5787E-001  -4.6391E-003   7.7747E-002  -1.4068E-002  -8.5019E-003  -2.5855E-001  -2.7628E+000   5.0012E-002  -2.5794E-002   4.7713E-002  -1.5216E-002  -2.6005E-002  -1.3762E-002  -2.1165E-002   2.7950E-001   2.6834E-002   3.4135E-002  -8.9980E-003  -2.0147E-002   4.9195E-002   1.8543E-001  
 4.9924E-001   8.8774E-001   8.6813E-001   1.2355E-001   2.5178E-002   1.5246E-001  -5.9178E-003  -4.2358E-003  -2.6276E-001  -2.7876E+000   6.2982E-002  -1.0966E-002   3.2904E-002  -1.6850E-002  -1.9279E-002  -1.4601E-002  -1.5498E-002   2.8672E-001   2.8062E-002   3.1172E-002  -7.4443E-003  -2.2791E-002   5.0538E-002   1.8558E-001  
 2.7045E-001   9.1288E-001   4.4479E-001   9.7917E-002   2.5635E-002   2.1021E-001  -1.9744E-003  -1.7327E-003  -2.6000E-001  -2.8019E+000   6.9791E-002  -9.4261E-004   1.6538E-002  -1.8242E-002  -1.1541E-002  -1.5235E-002  -8.3081E-003   2.9076E-001   2.7644E-002   2.9184E-002  -5.5409E-003  -2.3721E-002   5.1260E-002   1.9307E-001  
 1.9241E-001   9.2094E-001  -1.6541E-004   8.8543E-002   1.1380E-002   2.2770E-001  -2.1196E-004  -9.8042E-004  -2.5380E-001  -2.8066E+000   7.1978E-002   2.8789E-003  -6.4552E-004  -1.9420E-002  -3.3787E-003  -1.5433E-002   7.2779E-006   2.9205E-001   2.6423E-002   2.8290E-002  -3.4588E-003  -2.4035E-002   5.1535E-002   1.8963E-001  
 2.7036E-001   9.1263E-001  -4.4522E-001   9.7933E-002  -2.8877E-003   1.9795E-001   1.5330E-003  -1.8279E-003  -2.4730E-001  -2.8019E+000   6.9825E-002   8.1077E-005  -1.7826E-002  -2.0281E-002   4.8226E-003  -1.5268E-002   8.3030E-003   2.9073E-001   2.5050E-002   2.8567E-002  -1.2711E-003  -2.3777E-002   5.1214E-002   1.9383E-001  
 4.9901E-001   8.8725E-001  -8.6886E-001   1.2358E-001  -2.4776E-003   1.2794E-001   5.4029E-003  -4.4362E-003  -2.4360E-001  -2.7876E+000   6.3038E-002  -8.9118E-003  -3.4197E-002  -2.0858E-002   1.2675E-002  -1.4658E-002   1.5441E-002   2.8665E-001   2.4195E-002   2.9974E-002   9.4639E-004  -2.2857E-002   5.0477E-002   1.8572E-001  
 8.5455E-001   8.4340E-001  -1.2391E+000   1.5791E-001   2.7289E-002   4.1155E-002   1.3419E-002  -8.7598E-003  -2.4623E-001  -2.7628E+000   5.0026E-002  -2.2649E-002  -4.9045E-002  -2.0992E-002   1.9598E-002  -1.3910E-002   2.1066E-002   2.7940E-001   2.4627E-002   3.2446E-002   2.9898E-003  -2.0150E-002   4.9169E-002   1.7930E-001  
 1.3060E+000   7.7862E-001  -1.5275E+000   1.8762E-001   9.9727E-002  -2.6396E-002   2.9716E-002  -1.5628E-002  -2.5965E-001  -2.7264E+000   3.0488E-002  -3.8119E-002  -6.1019E-002  -2.0899E-002   2.5175E-002  -1.2348E-002   2.3095E-002   2.6897E-001   2.7114E-002   3.5782E-002   4.8068E-003  -1.6485E-002   4.7909E-002   1.9143E-001  
 1.8215E+000   6.5611E-001  -1.6806E+000   1.9549E-001   2.2853E-001  -2.4822E-002   5.9640E-002  -2.5962E-002  -2.8975E-001  -2.6762E+000   2.0819E-003  -5.1066E-002  -6.8574E-002  -2.0865E-002   2.8697E-002  -9.8080E-003   2.0727E-002   2.5532E-001   3.2864E-002   3.9911E-002   6.0886E-003  -1.2341E-002   4.7105E-002   1.9981E-001  
 2.3797E+000   3.0698E-001  -1.5989E+000   1.6041E-001   4.2338E-001   1.0753E-001   1.0829E-001  -4.0817E-002  -3.4248E-001  -2.6107E+000  -3.8814E-002  -5.4854E-002  -6.9709E-002  -2.2093E-002   2.9461E-002  -6.0460E-003   1.1350E-002   2.3904E-001   4.4349E-002   4.4240E-002   5.8581E-003  -9.4741E-003   4.6813E-002   2.0986E-001  
 2.8652E+000   8.4492E-002  -1.3945E+000   5.9490E-002   6.9361E-001   4.4057E-001   1.8360E-001  -6.1742E-002  -4.2626E-001  -2.5265E+000  -9.6453E-002  -4.1325E-002  -6.2833E-002  -2.5679E-002   2.7321E-002  -1.1724E-003  -8.3536E-003   2.2103E-001   6.3710E-002   4.7773E-002   4.1681E-003  -8.5209E-003   4.6720E-002   2.2363E-001  
 2.7460E+000  -1.2552E-001   1.5146E+000   8.5540E-002  -5.4783E-001   3.9669E-001  -1.6732E-001  -3.3381E-002  -2.3682E-002  -2.6324E+000  -8.3367E-002  -5.2700E-002   5.3316E-002  -1.1430E-002  -3.8189E-002  -3.0477E-003   4.9759E-003   2.4410E-001  -2.6021E-002   4.9443E-002  -2.2837E-003  -9.8164E-003   4.6888E-002   2.3700E-001  
 2.2326E+000   1.1853E-002   1.7125E+000   1.7317E-001  -3.8533E-001   4.9488E-002  -9.6797E-002  -2.1239E-002  -1.1901E-001  -2.6845E+000  -2.7159E-002  -6.5454E-002   5.2870E-002  -6.6827E-003  -3.7706E-002  -5.0517E-003  -1.4419E-002   2.5528E-001  -3.6894E-003   4.7214E-002  -4.7449E-003  -1.0690E-002   4.7315E-002   2.3868E-001  
 1.6543E+000   3.6200E-001   1.7699E+000   1.9567E-001  -2.5883E-001  -9.6022E-002  -5.1442E-002  -1.3019E-002  -1.8218E-001  -2.7251E+000   1.2158E-002  -6.0438E-002   4.8650E-002  -5.0149E-003  -3.5617E-002  -6.6882E-003  -2.3008E-002   2.6651E-001   1.0639E-002   4.3629E-002  -6.1966E-003  -1.3756E-002   4.7836E-002   2.1519E-001  
 1.1180E+000   4.0714E-001   1.5829E+000   1.7697E-001  -1.6409E-001  -1.1037E-001  -2.4185E-002  -7.5398E-003  -2.2157E-001  -2.7564E+000   3.9271E-002  -4.6256E-002   4.1261E-002  -5.3916E-003  -3.1563E-002  -7.6549E-003  -2.4495E-002   2.7657E-001   1.8973E-002   3.9413E-002  -6.2411E-003  -1.8003E-002   4.8689E-002   1.9041E-001  
 6.4405E-001   4.3974E-001   1.2783E+000   1.3863E-001  -9.7034E-002  -5.5396E-002  -9.8747E-003  -3.9494E-003  -2.4305E-001  -2.7795E+000   5.7992E-002  -2.9851E-002   3.1930E-002  -6.4066E-003  -2.5835E-002  -7.9192E-003  -2.1761E-002   2.8421E-001   2.3701E-002   3.5744E-002  -5.9052E-003  -2.1801E-002   5.0001E-002   1.7375E-001  
 2.7123E-001   4.6167E-001   8.9365E-001   9.8338E-002  -5.1094E-002   1.9013E-002  -3.2335E-003  -1.5300E-003  -2.5280E-001  -2.7952E+000   6.9878E-002  -1.5309E-002   2.1836E-002  -7.5670E-003  -1.8792E-002  -8.1194E-003  -1.6046E-002   2.8926E-001   2.6070E-002   3.2864E-002  -5.2565E-003  -2.4234E-002   5.1051E-002   1.7910E-001  
 3.1966E-002   4.7438E-001   4.5711E-001   6.8796E-002  -1.9255E-002   7.6550E-002  -7.3827E-004  -1.3455E-004  -2.5530E-001  -2.8045E+000   7.6372E-002  -5.3579E-003   1.1050E-002  -8.7767E-003  -1.0873E-002  -8.1984E-003  -8.5004E-003   2.9215E-001   2.6775E-002   3.0969E-002  -4.4076E-003  -2.5424E-002   5.1769E-002   1.7708E-001  
-4.9636E-002   4.7847E-001  -2.4238E-004   5.8120E-002   5.1701E-003   9.3996E-002  -2.4287E-004   2.9410E-004  -2.5422E-001  -2.8075E+000   7.8416E-002  -1.5471E-003  -9.5566E-005  -9.8966E-003  -2.5723E-003  -8.2190E-003  -9.6055E-006   2.9311E-001   2.6625E-002   3.0207E-002  -3.3869E-003  -2.5822E-002   5.2033E-002   1.7571E-001  
 3.1824E-002   4.7432E-001  -4.5769E-001   6.8802E-002   2.9594E-002   6.4252E-002   2.3472E-004  -1.5910E-004  -2.5284E-001  -2.8046E+000   7.6397E-002  -4.3346E-003  -1.1241E-002  -1.0892E-002   5.7504E-003  -8.2183E-003   8.4662E-003   2.9214E-001   2.6323E-002   3.0636E-002  -2.2506E-003  -2.5446E-002   5.1767E-002   1.8170E-001  
 2.7090E-001   4.6156E-001  -8.9452E-001   9.8340E-002   6.1432E-002  -5.5907E-003   2.6505E-003  -1.5904E-003  -2.5438E-001  -2.7954E+000   6.9909E-002  -1.3261E-002  -2.2028E-002  -1.1716E-002   1.3734E-002  -8.1690E-003   1.5967E-002   2.8923E-001   2.6589E-002   3.2227E-002  -1.0751E-003  -2.4244E-002   5.1074E-002   1.8342E-001  
 6.4344E-001   4.3958E-001  -1.2797E+000   1.3857E-001   1.0736E-001  -9.2094E-002   9.1845E-003  -4.0510E-003  -2.6257E-001  -2.7796E+000   5.8036E-002  -2.6748E-002  -3.2113E-002  -1.2407E-002   2.0888E-002  -7.9696E-003   2.1598E-002   2.8417E-001   2.8195E-002   3.4841E-002   8.9063E-005  -2.1810E-002   5.0118E-002   1.7905E-001  
 1.1170E+000   4.0692E-001  -1.5850E+000   1.7673E-001   1.7442E-001  -1.5899E-001   2.3390E-002  -7.6443E-003  -2.8185E-001  -2.7566E+000   3.9379E-002  -4.1990E-002  -4.1474E-002  -1.2959E-002   2.6764E-002  -7.7642E-003   2.4203E-002   2.7648E-001   3.1786E-002   3.8307E-002   1.0725E-003  -1.8097E-002   4.8900E-002   1.9216E-001  
 1.6526E+000   3.6172E-001  -1.7728E+000   1.9523E-001   2.6917E-001  -1.5629E-001   5.0346E-002  -1.3128E-002  -3.1840E-001  -2.7254E+000   1.2225E-002  -5.5019E-002  -4.8887E-002  -1.3854E-002   3.0973E-002  -6.8178E-003   2.2657E-002   2.6634E-001   3.8780E-002   4.2438E-002   1.7374E-003  -1.3952E-002   4.8261E-002   2.1224E-001  
 2.2190E+000  -9.5760E-003  -1.7572E+000   1.7219E-001   3.9568E-001  -2.1659E-002   9.4841E-002  -2.1389E-002  -3.7789E-001  -2.6848E+000  -2.7429E-002  -5.8643E-002  -5.3063E-002  -1.6643E-002   3.3215E-002  -5.1324E-003   1.3551E-002   2.5505E-001   5.2004E-002   4.6033E-002   7.7691E-004  -1.1317E-002   4.7663E-002   2.4135E-001  
 2.7268E+000  -1.4627E-001  -1.5659E+000   8.2856E-002   5.5828E-001   3.1622E-001   1.6316E-001  -3.3547E-002  -4.6816E-001  -2.6329E+000  -8.4588E-002  -4.3556E-002  -5.3295E-002  -2.2646E-002   3.3738E-002  -3.0032E-003  -7.4762E-003   2.4371E-001   7.3940E-002   4.8372E-002  -1.5142E-003  -1.1295E-002   4.6711E-002   2.4721E-001  
 2.6718E+000  -3.7380E-001   1.6125E+000   8.8743E-002  -4.7033E-001   3.0977E-001  -1.5652E-001  -1.0519E-002  -1.0708E-002  -2.7351E+000  -8.1123E-002  -4.8257E-002   4.1435E-002  -5.6116E-003  -4.3924E-002  -4.1717E-003   7.4512E-003   2.6703E-001  -3.0334E-002   4.6849E-002   2.3365E-003  -1.2533E-002   4.7017E-002   2.5317E-001  
 2.1554E+000  -3.1534E-001   1.8060E+000   1.7447E-001  -4.1055E-001  -4.0918E-002  -9.0561E-002  -5.8801E-003  -1.0747E-001  -2.7563E+000  -2.3903E-002  -6.2938E-002   3.3996E-002   6.0971E-004  -4.0217E-002  -3.0911E-003  -1.4175E-002   2.7077E-001  -6.5132E-003   4.6015E-002  -2.7128E-005  -1.2010E-002   4.8407E-002   2.3174E-001  
 1.5970E+000   7.0939E-003   1.7976E+000   1.9348E-001  -3.4647E-001  -1.8797E-001  -4.7606E-002  -3.4082E-003  -1.7274E-001  -2.7729E+000   1.5613E-002  -5.8280E-002   2.7417E-002   3.1491E-003  -3.6260E-002  -2.5309E-003  -2.3152E-002   2.7666E-001   8.6605E-003   4.3446E-002  -1.6936E-003  -1.4550E-002   4.9236E-002   2.2402E-001  
 1.0526E+000   1.0357E-002   1.6036E+000   1.7152E-001  -2.7929E-001  -2.0311E-001  -2.1616E-002  -2.1706E-003  -2.1428E-001  -2.7857E+000   4.2487E-002  -4.4105E-002   2.0974E-002   3.4150E-003  -3.1469E-002  -1.9557E-003  -2.4214E-002   2.8309E-001   1.7581E-002   3.9505E-002  -2.3733E-003  -1.8711E-002   4.9676E-002   2.1076E-001  
 5.7141E-001   1.2954E-002   1.2929E+000   1.3103E-001  -2.1095E-001  -1.4859E-001  -8.0175E-003  -1.3335E-003  -2.3778E-001  -2.7957E+000   6.0528E-002  -2.7965E-002   1.4913E-002   2.9295E-003  -2.5396E-002  -1.0812E-003  -2.1425E-002   2.8813E-001   2.2767E-002   3.6051E-002  -2.8042E-003  -2.2068E-002   5.0721E-002   1.9431E-001  
 1.9322E-001   1.4745E-002   9.0289E-001   8.9066E-002  -1.4173E-001  -7.4445E-002  -1.9624E-003  -5.3642E-004  -2.4938E-001  -2.8028E+000   7.2025E-002  -1.3670E-002   9.8777E-003   2.0968E-003  -1.8116E-002  -5.3797E-004  -1.5858E-002   2.9122E-001   2.5439E-002   3.3274E-002  -3.1053E-003  -2.4471E-002   5.1431E-002   1.8132E-001  
-4.9344E-002   1.5866E-002   4.6160E-001   5.8341E-002  -7.1351E-002  -1.7081E-002  -1.5340E-004  -6.9902E-005  -2.5369E-001  -2.8071E+000   7.8446E-002  -3.7767E-003   5.1010E-003   1.0872E-003  -1.0094E-002  -1.1438E-004  -8.3671E-003   2.9303E-001   2.6496E-002   3.1531E-002  -3.3004E-003  -2.5961E-002   5.2029E-002   1.7980E-001  
-1.3204E-001   1.6272E-002  -2.1974E-004   4.7275E-002  -1.0329E-003   2.9997E-004  -2.3866E-004   5.6669E-005  -2.5436E-001  -2.8086E+000   8.0489E-002   1.4367E-005   4.5055E-004   1.8765E-005  -1.7438E-003   1.5865E-005  -1.5397E-005   2.9363E-001   2.6684E-002   3.0898E-002  -3.3835E-003  -2.6463E-002   5.2267E-002   1.7984E-001  
-4.9489E-002   1.6007E-002  -4.6214E-001   5.8346E-002   6.9298E-002  -2.9400E-002  -3.4633E-004  -3.6598E-005  -2.5472E-001  -2.8072E+000   7.8462E-002  -2.7540E-003  -4.2020E-003  -1.0585E-003   6.6123E-003  -1.1804E-004   8.3215E-003   2.9304E-001   2.6727E-002   3.1497E-002  -3.3504E-003  -2.5966E-002   5.2039E-002   1.8490E-001  
 1.9288E-001   1.5027E-002  -9.0372E-001   8.9065E-002   1.3971E-001  -9.9086E-002   1.3809E-003  -4.7009E-004  -2.5807E-001  -2.8030E+000   7.2049E-002  -1.1623E-002  -8.9844E-003  -2.1156E-003   1.4653E-002  -5.4489E-004   1.5767E-002   2.9122E-001   2.7338E-002   3.3211E-002  -3.2084E-003  -2.4455E-002   5.1473E-002   1.8542E-001  
 5.7078E-001   1.3375E-002  -1.2942E+000   1.3097E-001   2.0899E-001  -1.8535E-001   7.3181E-003  -1.2351E-003  -2.6810E-001  -2.7960E+000   6.0550E-002  -2.4871E-002  -1.4028E-002  -3.1536E-003   2.1961E-002  -1.0906E-003   2.1267E-002   2.8812E-001   2.9249E-002   3.5969E-002  -2.9865E-003  -2.2044E-002   5.0837E-002   2.0287E-001  
 1.0516E+000   1.0914E-002  -1.6056E+000   1.7124E-001   2.7742E-001  -2.5181E-001   2.0854E-002  -2.0394E-003  -2.8940E-001  -2.7861E+000   4.2625E-002  -3.9845E-002  -2.0103E-002  -4.2682E-003   2.8069E-002  -1.9694E-003   2.3870E-002   2.8308E-001   3.3300E-002   3.9417E-002  -2.7475E-003  -1.8827E-002   4.9921E-002   2.1933E-001  
 1.5954E+000   7.7835E-003  -1.8005E+000   1.9299E-001   3.4472E-001  -2.4833E-001   4.6550E-002  -3.2455E-003  -3.2811E-001  -2.7733E+000   1.5735E-002  -5.2886E-002  -2.6558E-002  -5.8205E-003   3.2896E-002  -2.5498E-003   2.2784E-002   2.7664E-001   4.0854E-002   4.3367E-002  -2.6994E-003  -1.4763E-002   4.9663E-002   2.3611E-001  
 2.1409E+000  -3.1327E-001  -1.8496E+000   1.7346E-001   4.0893E-001  -1.1219E-001   8.8629E-002  -5.6918E-003  -3.8968E-001  -2.7568E+000  -2.4140E-002  -5.6163E-002  -3.3154E-002  -9.4814E-003   3.6898E-002  -3.1172E-003   1.3305E-002   2.7074E-001   5.4900E-002   4.5942E-002  -3.8355E-003  -1.2658E-002   4.8682E-002   2.3533E-001  
 2.6517E+000  -3.7163E-001  -1.6623E+000   8.6002E-002   4.6886E-001   2.2919E-001   1.5234E-001  -1.0298E-002  -4.8130E-001  -2.7357E+000  -8.2338E-002  -3.9088E-002  -4.0589E-002  -1.7046E-002   4.0656E-002  -4.1872E-003  -9.9998E-003   2.6699E-001   7.8359E-002   4.6760E-002  -6.0832E-003  -1.4076E-002   4.6683E-002   2.4342E-001  
 2.6640E+000  -6.0549E-001   1.6293E+000   7.3401E-002  -3.9021E-001   2.6697E-001  -1.5399E-001   1.1409E-002  -2.4386E-002  -2.8332E+000  -8.8540E-002  -3.6495E-002   3.0844E-002   2.6323E-003  -4.9793E-002  -6.1132E-003   1.3758E-002   2.9027E-001  -2.8646E-002   4.2961E-002   5.0490E-003  -1.5443E-002   4.6711E-002   2.7969E-001  
 2.1660E+000  -6.0959E-001   1.8365E+000   1.6718E-001  -4.3428E-001  -8.5643E-002  -9.0519E-002   9.2189E-003  -1.1805E-001  -2.8244E+000  -2.8703E-002  -5.3175E-002   1.5597E-002   8.9718E-003  -4.2511E-002  -1.1312E-003  -1.0910E-002   2.8580E-001  -4.8966E-003   4.3177E-002   3.6851E-003  -1.3379E-002   4.9249E-002   2.4740E-001  
 1.6492E+000  -3.4723E-001   1.7775E+000   1.9183E-001  -4.3323E-001  -2.3352E-001  -4.8471E-002   6.4172E-003  -1.8091E-001  -2.8172E+000   1.2552E-002  -4.9316E-002   6.3234E-003   1.1683E-002  -3.6557E-002   1.9190E-003  -2.1364E-002   2.8563E-001   1.0128E-002   4.1589E-002   2.5246E-003  -1.4679E-002   5.0591E-002   2.5751E-001  
 1.1154E+000  -3.8585E-001   1.5890E+000   1.7414E-001  -3.9396E-001  -2.4912E-001  -2.2423E-002   3.6646E-003  -2.2037E-001  -2.8118E+000   4.0243E-002  -3.5404E-002   1.0703E-003   1.2448E-002  -3.0942E-002   3.9069E-003  -2.2641E-002   2.8809E-001   1.8942E-002   3.8249E-002   1.2961E-003  -1.8497E-002   5.0631E-002   2.3586E-001  
 6.4258E-001  -4.1321E-001   1.2828E+000   1.3750E-001  -3.2448E-001  -1.9483E-001  -8.3349E-003   1.6906E-003  -2.4220E-001  -2.8088E+000   5.8204E-002  -1.9528E-002  -1.6876E-003   1.2363E-002  -2.4575E-002   5.9054E-003  -2.0135E-002   2.9044E-001   2.3845E-002   3.4942E-002   1.6952E-004  -2.1362E-002   5.1056E-002   2.0897E-001  
 2.7070E-001  -4.3152E-001   8.9657E-001   9.8293E-002  -2.3206E-001  -1.2085E-001  -1.9626E-003   6.7041E-004  -2.5218E-001  -2.8072E+000   6.9753E-002  -5.4779E-003  -2.0021E-003   1.1781E-002  -1.7245E-002   7.2836E-003  -1.5038E-002   2.9186E-001   2.6094E-002   3.2364E-002  -1.0498E-003  -2.3706E-002   5.1515E-002   1.8302E-001  
 3.2137E-002  -4.4198E-001   4.5863E-001   6.9117E-002  -1.2330E-001  -6.3639E-002  -1.3384E-004   2.2271E-004  -2.5499E-001  -2.8066E+000   7.6356E-002   4.3604E-003  -8.1714E-004   1.0952E-002  -9.2283E-003   8.1635E-003  -7.9215E-003   2.9261E-001   2.6783E-002   3.0754E-002  -2.2718E-003  -2.5478E-002   5.1862E-002   1.8413E-001  
-4.9196E-002  -4.4524E-001  -1.0125E-004   5.8567E-002  -7.2336E-003  -4.6313E-002  -2.0956E-004   1.1427E-004  -2.5422E-001  -2.8065E+000   7.8491E-002   8.1327E-003   9.9540E-004   9.9370E-003  -9.2404E-004   8.4632E-003  -1.3210E-005   2.9287E-001   2.6608E-002   3.0290E-002  -3.4587E-003  -2.6103E-002   5.1998E-002   1.8046E-001  
 3.2042E-002  -4.4164E-001  -4.5893E-001   6.9130E-002   1.0885E-001  -7.5959E-002  -3.0350E-004   3.1338E-004  -2.5313E-001  -2.8068E+000   7.6380E-002   5.3852E-003   2.8031E-003   8.8174E-003   7.3708E-003   8.1762E-003   7.8808E-003   2.9263E-001   2.6282E-002   3.1017E-002  -4.5261E-003  -2.5497E-002   5.1850E-002   1.8542E-001  
 2.7046E-001  -4.3084E-001  -8.9716E-001   9.8311E-002   2.1770E-001  -1.4550E-001   1.4442E-003   8.6256E-004  -2.5498E-001  -2.8075E+000   6.9781E-002  -3.4280E-003   3.9773E-003   7.5962E-003   1.5359E-002   7.3199E-003   1.4954E-002   2.9190E-001   2.6528E-002   3.2871E-002  -5.4095E-003  -2.3712E-002   5.1518E-002   1.8824E-001  
 6.4210E-001  -4.1221E-001  -1.2839E+000   1.3746E-001   3.1025E-001  -2.3158E-001   7.7096E-003   1.9885E-003  -2.6339E-001  -2.8092E+000   5.8244E-002  -1.6423E-002   3.6342E-003   6.3115E-003   2.2635E-002   5.9367E-003   1.9966E-002   2.9048E-001   2.8010E-002   3.5673E-002  -6.0952E-003  -2.1370E-002   5.1085E-002   2.1774E-001  
 1.1146E+000  -3.8451E-001  -1.5908E+000   1.7393E-001   3.7991E-001  -2.9782E-001   2.1696E-002   4.0305E-003  -2.8301E-001  -2.8124E+000   4.0352E-002  -3.1138E-002   8.7967E-004   4.8169E-003   2.8926E-002   3.9877E-003   2.2337E-002   2.8815E-001   3.1771E-002   3.9169E-002  -6.5485E-003  -1.8597E-002   5.0813E-002   2.4474E-001  
 1.6478E+000  -3.4558E-001  -1.7802E+000   1.9141E-001   4.1938E-001  -2.9388E-001   4.7436E-002   6.8491E-003  -3.1962E-001  -2.8179E+000   1.2622E-002  -4.3900E-002  -4.3819E-003   2.7713E-003   3.4465E-002   2.0094E-003   2.0994E-002   2.8574E-001   3.9245E-002   4.2605E-002  -7.0381E-003  -1.4890E-002   5.0876E-002   2.6352E-001  
 2.1528E+000  -5.8453E-001  -1.8806E+000   1.6626E-001   4.2070E-001  -1.5690E-001   8.8629E-002   9.7570E-003  -3.7877E-001  -2.8252E+000  -2.8950E-002  -4.6378E-002  -1.3707E-002  -1.0917E-003   4.0345E-002  -1.0876E-003   1.0041E-002   2.8596E-001   5.3182E-002   4.4192E-002  -7.7081E-003  -1.3997E-002   4.9364E-002   2.3834E-001  
 2.6455E+000  -5.7960E-001  -1.6804E+000   7.0846E-002   3.7686E-001   1.8635E-001   1.4995E-001   1.2046E-002  -4.6735E-001  -2.8339E+000  -8.9678E-002  -2.7425E-002  -2.9130E-002  -8.7330E-003   4.7661E-002  -6.1637E-003  -1.6162E-002   2.9053E-001   7.6549E-002   4.3847E-002  -8.9338E-003  -1.6845E-002   4.6281E-002   2.7350E-001  
 2.7211E+000  -7.6295E-001   1.5571E+000   3.6259E-002  -2.5810E-001   2.6155E-001  -1.5930E-001   3.6075E-002  -6.5060E-002  -2.9255E+000  -1.0656E-001  -1.7916E-002   2.6790E-002   1.3887E-002  -5.5066E-002  -1.0677E-002   2.4559E-002   3.1376E-001  -1.9857E-002   3.9154E-002   5.8270E-003  -1.8864E-002   4.5388E-002   2.6448E-001  
 2.2631E+000  -8.3091E-001   1.8044E+000   1.4815E-001  -4.1329E-001  -9.1126E-002  -9.5955E-002   2.7147E-002  -1.5164E-001  -2.8863E+000  -4.2736E-002  -3.6065E-002   2.1787E-003   1.8663E-002  -4.5077E-002  -1.1907E-003  -3.4625E-003   3.0093E-001   1.6956E-003   3.8965E-002   5.7038E-003  -1.5489E-002   4.8803E-002   2.5242E-001  
 1.7998E+000  -7.0670E-001   1.7225E+000   1.8819E-001  -4.8287E-001  -2.3944E-001  -5.3616E-002   1.9203E-002  -2.0752E-001  -2.8557E+000   1.8832E-003  -3.3670E-002  -1.1446E-002   2.0767E-002  -3.6773E-002   5.2986E-003  -1.7156E-002   2.9368E-001   1.5410E-002   3.8211E-002   5.5305E-003  -1.4789E-002   5.1165E-002   2.4200E-001  
 1.3016E+000  -7.5642E-001   1.5375E+000   1.8284E-001  -4.7911E-001  -2.5532E-001  -2.6673E-002   1.2519E-002  -2.4059E-001  -2.8323E+000   3.1847E-002  -2.0548E-002  -1.6673E-002   2.1390E-002  -2.9908E-002   9.2372E-003  -2.0046E-002   2.9103E-001   2.3128E-002   3.5794E-002   4.6735E-003  -1.7249E-002   5.1474E-002   2.4416E-001  
 8.5276E-001  -8.1582E-001   1.2470E+000   1.5549E-001  -4.1582E-001  -2.0113E-001  -1.1071E-002   7.5426E-003  -2.5676E-001  -2.8158E+000   5.1001E-002  -4.8639E-003  -1.6408E-002   2.1454E-002  -2.3373E-002   1.2015E-002  -1.7813E-002   2.9063E-001   2.6813E-002   3.2668E-002   2.9032E-003  -2.0221E-002   5.1074E-002   2.1385E-001  
 4.9859E-001  -8.5552E-001   8.7395E-001   1.2362E-001  -3.0740E-001  -1.2729E-001  -3.3217E-003   4.3128E-003  -2.6158E-001  -2.8054E+000   6.2750E-002   8.9308E-003  -1.2772E-002   2.1122E-002  -1.6124E-002   1.4448E-002  -1.3673E-002   2.9053E-001   2.8032E-002   3.0227E-002   8.8463E-004  -2.2174E-002   5.1215E-002   1.8889E-001  
 2.7125E-001  -8.7842E-001   4.4788E-001   9.8700E-002  -1.6777E-001  -7.0252E-002  -7.1469E-004   2.8093E-003  -2.5938E-001  -2.7996E+000   6.9834E-002   1.8703E-002  -6.2015E-003   2.0381E-002  -8.2517E-003   1.5729E-002  -7.1558E-003   2.9025E-001   2.7647E-002   2.8771E-002  -1.3542E-003  -2.4171E-002   5.1195E-002   1.8123E-001  
 1.9370E-001  -8.8564E-001   1.1691E-004   8.9587E-002  -1.3437E-002  -5.2964E-002  -1.4540E-004   2.3867E-003  -2.5379E-001  -2.7979E+000   7.2092E-002   2.2463E-002   1.5414E-003   1.9447E-002  -1.4376E-004   1.6183E-002   6.7548E-007   2.9015E-001   2.6391E-002   2.8445E-002  -3.6008E-003  -2.4886E-002   5.1217E-002   1.8412E-001  
 2.7125E-001  -8.7789E-001  -4.4774E-001   9.8731E-002   1.4094E-001  -8.2555E-002   4.0519E-004   2.9692E-003  -2.4789E-001  -2.7998E+000   6.9866E-002   1.9729E-002   9.2777E-003   1.8305E-002   7.9383E-003   1.5755E-002   7.1375E-003   2.9029E-001   2.4981E-002   2.9311E-002  -5.7336E-003  -2.4223E-002   5.1135E-002   1.8614E-001  
 4.9855E-001  -8.5447E-001  -8.7412E-001   1.2368E-001   2.8069E-001  -1.5190E-001   2.9361E-003   4.6421E-003  -2.4474E-001  -2.8058E+000   6.2802E-002   1.0990E-002   1.5839E-002   1.7041E-002   1.5735E-002   1.4493E-002   1.3606E-002   2.9060E-001   2.4152E-002   3.1281E-002  -7.6357E-003  -2.2236E-002   5.1125E-002   1.8773E-001  
 8.5255E-001  -8.1422E-001  -1.2477E+000   1.5556E-001   3.8929E-001  -2.3784E-001   1.0554E-002   7.9966E-003  -2.4797E-001  -2.8164E+000   5.1016E-002  -1.7145E-003   1.9486E-002   1.5574E-002   2.2845E-002   1.2141E-002   1.7697E-002   2.9073E-001   2.4568E-002   3.4165E-002  -9.1267E-003  -2.0229E-002   5.0998E-002   2.2043E-001  
 1.3011E+000  -7.5430E-001  -1.5389E+000   1.8281E-001   4.5285E-001  -3.0395E-001   2.6021E-002   1.3102E-002  -2.6194E-001  -2.8331E+000   3.1895E-002  -1.6244E-002   1.9743E-002   1.3974E-002   2.9192E-002   9.4099E-003   1.9822E-002   2.9116E-001   2.7120E-002   3.7665E-002  -1.0227E-002  -1.7300E-002   5.1495E-002   2.5107E-001  
 1.7981E+000  -6.9755E-001  -1.7295E+000   1.8797E-001   4.5695E-001  -2.9969E-001   5.2652E-002   1.9933E-002  -2.9215E-001  -2.8566E+000   1.8973E-003  -2.8217E-002   1.4492E-002   1.2081E-002   3.5856E-002   5.4682E-003   1.6816E-002   2.9389E-001   3.3575E-002   4.0269E-002  -1.0378E-002  -1.4938E-002   5.1250E-002   2.4033E-001  
 2.2536E+000  -7.8493E-001  -1.8468E+000   1.4744E-001   3.8781E-001  -1.6220E-001   9.4167E-002   2.8094E-002  -3.4428E-001  -2.8873E+000  -4.2976E-002  -2.9232E-002   7.8503E-004   8.7949E-003   4.4017E-002  -1.0658E-003   2.6499E-003   3.0123E-001   4.6330E-002   4.0945E-002  -1.0101E-002  -1.5986E-002   4.8761E-002   2.4158E-001  
 2.7064E+000  -7.1659E-001  -1.6066E+000   3.4200E-002   2.3307E-001   1.8097E-001   1.5566E-001   3.7282E-002  -4.2594E-001  -2.9264E+000  -1.0748E-001  -9.1047E-003  -2.4055E-002   2.8214E-003   5.3901E-002  -1.0660E-002  -2.6567E-002   3.1414E-001   6.7461E-002   4.0958E-002  -1.0061E-002  -1.9934E-002   4.5038E-002   2.4759E-001  
 2.8269E+000  -8.1720E-001   1.4289E+000  -3.7656E-002  -2.3565E-002   2.7900E-001  -1.6364E-001   6.3788E-002  -1.3802E-001  -3.0045E+000  -1.4066E-001   1.0814E-002   3.9488E-002   2.5658E-002  -6.1226E-002  -2.2215E-002   4.5260E-002   3.3992E-001  -5.3276E-003   3.5298E-002   7.7079E-003  -2.3065E-002   4.2073E-002   2.5235E-001  
 2.4332E+000  -9.5890E-001   1.7293E+000   1.0995E-001  -3.0535E-001  -7.8907E-002  -1.0673E-001   5.0626E-002  -2.0863E-001  -2.9385E+000  -6.7465E-002  -1.4076E-002  -1.0276E-003   3.0747E-002  -4.6863E-002  -5.6490E-003   8.4956E-003   3.1563E-001   1.4986E-002   3.5422E-002   5.6672E-003  -1.8501E-002   4.6827E-002   2.5722E-001  
 1.9928E+000  -1.0463E+000   1.7740E+000   1.7569E-001  -4.5931E-001  -2.2761E-001  -6.3624E-002   3.7867E-002  -2.5339E-001  -2.8854E+000  -1.7464E-002  -1.3617E-002  -2.2492E-002   3.0508E-002  -3.5963E-002   5.8482E-003  -1.0438E-002   2.9995E-001   2.5642E-002   3.4934E-002   7.3648E-003  -1.4903E-002   5.0712E-002   2.3177E-001  
 1.5904E+000  -1.0673E+000   1.4469E+000   1.9026E-001  -5.0475E-001  -2.4350E-001  -3.4545E-002   2.7015E-002  -2.7622E-001  -2.8437E+000   1.6173E-002  -1.0975E-003  -2.9888E-002   2.9940E-002  -2.8299E-002   1.2907E-002  -1.6395E-002   2.9156E-001   3.0533E-002   3.2478E-002   7.3738E-003  -1.5260E-002   5.1871E-002   2.5084E-001  
 1.1795E+000  -1.1620E+000   1.1835E+000   1.7779E-001  -4.6170E-001  -1.8943E-001  -1.6462E-002   1.8585E-002  -2.8261E-001  -2.8134E+000   3.7398E-002   1.4460E-002  -2.7970E-002   2.9789E-002  -2.1694E-002   1.6671E-002  -1.4962E-002   2.8799E-001   3.2035E-002   2.9412E-002   5.3620E-003  -1.7988E-002   5.0863E-002   2.2525E-001  
 8.5387E-001  -1.2257E+000   8.3392E-001   1.5678E-001  -3.5221E-001  -1.1586E-001  -6.6462E-003   1.2996E-002  -2.7820E-001  -2.7937E+000   5.0632E-002   2.8142E-002  -2.0984E-002   2.9474E-002  -1.4671E-002   1.9563E-002  -1.1385E-002   2.8607E-001   3.1314E-002   2.7081E-002   2.5683E-003  -2.0216E-002   5.0291E-002   1.9988E-001  
 6.4412E-001  -1.2625E+000   4.2863E-001   1.3898E-001  -1.9674E-001  -5.8973E-002  -2.0286E-003   9.9430E-003  -2.6724E-001  -2.7826E+000   5.8058E-002   3.7735E-002  -1.0459E-002   2.8903E-002  -7.1597E-003   2.1449E-002  -6.2344E-003   2.8498E-001   2.9151E-002   2.5708E-002  -5.5230E-004  -2.1838E-002   5.0151E-002   1.8121E-001  
 5.7259E-001  -1.2742E+000   4.2565E-004   1.3215E-001  -1.9537E-002  -4.1773E-002  -4.7977E-005   9.1454E-003  -2.5309E-001  -2.7792E+000   6.0565E-002   4.1459E-002   2.0888E-003   2.8000E-002   5.5631E-004   2.1974E-002   1.2478E-005   2.8457E-001   2.6035E-002   2.5534E-002  -3.8025E-003  -2.2600E-002   4.9979E-002   1.7868E-001  
 6.4424E-001  -1.2617E+000  -4.2787E-001   1.3909E-001   1.5771E-001  -7.1250E-002   1.8964E-003   1.0136E-002  -2.3862E-001  -2.7829E+000   5.8057E-002   3.8796E-002   1.4657E-002   2.6920E-002   8.2251E-003   2.1520E-002   6.2559E-003   2.8502E-001   2.2742E-002   2.6501E-002  -6.9354E-003  -2.1851E-002   4.9993E-002   1.8000E-001  
 8.5406E-001  -1.2243E+000  -8.3345E-001   1.5701E-001   3.1332E-001  -1.4041E-001   6.4012E-003   1.3370E-002  -2.2670E-001  -2.7941E+000   5.0576E-002   3.0271E-002   2.5223E-002   2.5593E-002   1.5603E-002   1.9730E-002   1.1407E-002   2.8617E-001   2.0086E-002   2.8619E-002  -9.7293E-003  -2.0176E-002   5.0051E-002   1.9579E-001  
 1.1797E+000  -1.1598E+000  -1.1835E+000   1.7806E-001   4.2307E-001  -2.2606E-001   1.6096E-002   1.9163E-002  -2.2072E-001  -2.8141E+000   3.7352E-002   1.7689E-002   3.2199E-002   2.4192E-002   2.2414E-002   1.6888E-002   1.4911E-002   2.8812E-001   1.8573E-002   3.1603E-002  -1.2007E-002  -1.7934E-002   5.0579E-002   2.1984E-001  
 1.5905E+000  -1.0644E+000  -1.4477E+000   1.9047E-001   4.6651E-001  -2.9198E-001   3.4052E-002   2.7830E-002  -2.2492E-001  -2.8447E+000   1.6183E-002   3.2527E-003   3.4088E-002   2.2877E-002   2.8723E-002   1.3143E-002   1.6259E-002   2.9171E-001   1.9014E-002   3.5190E-002  -1.3379E-002  -1.5235E-002   5.1667E-002   2.5549E-001  
 1.9924E+000  -9.9100E-001  -1.8046E+000   1.7581E-001   4.2162E-001  -2.8763E-001   6.2868E-002   3.9006E-002  -2.4484E-001  -2.8865E+000  -1.7397E-002  -8.1439E-003   2.6709E-002   2.2153E-002   3.6079E-002   6.1377E-003   1.0240E-002   3.0013E-001   2.2822E-002   3.7842E-002  -1.2735E-002  -1.4887E-002   5.0702E-002   2.3419E-001  
 2.4293E+000  -8.9698E-001  -1.7693E+000   1.0973E-001   2.6838E-001  -1.4970E-001   1.0529E-001   5.2200E-002  -2.8581E-001  -2.9398E+000  -6.7526E-002  -7.2961E-003   5.2247E-003   2.1182E-002   4.6718E-002  -5.3150E-003  -9.0153E-003   3.1588E-001   3.2699E-002   3.8200E-002  -1.0644E-002  -1.8695E-002   4.6849E-002   2.4007E-001  
 2.8183E+000  -7.5255E-001  -1.4779E+000  -3.8911E-002  -1.2660E-002   1.9841E-001   1.6069E-001   6.5807E-002  -3.5188E-001  -3.0060E+000  -1.4126E-001   1.9302E-002  -3.5543E-002   1.5238E-002   6.0658E-002  -2.1964E-002  -4.6782E-002   3.4026E-001   5.2604E-002   3.8135E-002  -1.2323E-002  -2.3712E-002   4.1872E-002   2.4432E-001  
 3.0940E+000  -6.4590E-001   1.0386E+000  -8.6240E-002   2.1719E-001   2.0145E-001  -2.3741E-001   1.3568E-001  -2.4465E-001  -3.1935E+000  -1.9954E-001   1.6590E-002   3.5047E-002  -1.7975E-004   2.1112E-003  -5.2721E-002   8.9503E-002   3.3623E-001   2.2063E-002   4.9141E-002   4.1454E-002  -2.2977E-002   2.1520E-002   9.9500E-002  
 2.6556E+000  -9.7764E-001   1.5449E+000   4.1447E-002  -7.1098E-002  -8.5033E-002  -1.2434E-001   8.3973E-002  -2.9140E-001  -2.9794E+000  -1.0420E-001   8.2757E-003   9.8815E-003   4.4745E-002  -4.5295E-002  -1.6309E-002   2.4368E-002   3.2791E-001   3.6238E-002   3.3731E-002   6.0303E-003  -2.1659E-002   4.3862E-002   2.0796E-001  
 2.2878E+000  -1.1623E+000   1.6533E+000   1.4030E-001  -3.2732E-001  -2.3301E-001  -7.7706E-002   6.5335E-002  -3.2066E-001  -2.9012E+000  -4.8297E-002   8.3727E-003  -2.1119E-002   4.2114E-002  -3.4174E-002   9.7231E-005   1.1128E-003   3.0534E-001   4.2188E-002   3.2380E-002   7.3554E-003  -1.6899E-002   4.7876E-002   2.2377E-001  
 1.9128E+000  -1.2646E+000   1.5677E+000   1.8307E-001  -4.4284E-001  -2.4925E-001  -4.5736E-002   5.0075E-002  -3.2894E-001  -2.8413E+000  -9.5133E-003   2.0322E-002  -3.4486E-002   3.8895E-002  -2.5804E-002   1.1585E-002  -9.4163E-003   2.9022E-001   4.2516E-002   2.9373E-002   8.7829E-003  -1.4583E-002   5.0190E-002   2.3944E-001  
 1.5928E+000  -1.4215E+000   1.0884E+000   1.9222E-001  -4.4178E-001  -1.9577E-001  -2.4986E-002   3.8292E-002  -3.2157E-001  -2.7975E+000   1.5854E-002   3.5835E-002  -3.4573E-002   3.7149E-002  -1.9268E-002   1.8571E-002  -1.1418E-002   2.8184E-001   3.9953E-002   2.5757E-002   7.5011E-003  -1.4907E-002   5.0249E-002   2.3816E-001  
 1.3048E+000  -1.5129E+000   7.7361E-001   1.8606E-001  -3.5267E-001  -1.2277E-001  -1.2016E-002   2.9739E-002  -3.0347E-001  -2.7678E+000   3.1084E-002   4.9678E-002  -2.6074E-002   3.6507E-002  -1.2818E-002   2.2292E-002  -8.8394E-003   2.7770E-001   3.6165E-002   2.3213E-002   4.1206E-003  -1.6783E-002   4.9042E-002   2.2037E-001  
 1.1185E+000  -1.5658E+000   3.9972E-001   1.7753E-001  -2.0357E-001  -6.6334E-002  -4.5446E-003   2.4755E-002  -2.7916E-001  -2.7510E+000   3.9426E-002   5.9240E-002  -1.2819E-002   3.5896E-002  -5.9202E-003   2.4618E-002  -4.7720E-003   2.7554E-001   3.1181E-002   2.1915E-002   1.6626E-004  -1.8152E-002   4.8389E-002   1.9428E-001  
 1.0548E+000  -1.5826E+000   8.3832E-004   1.7400E-001  -2.5559E-002  -4.9278E-002   5.3700E-005   2.3183E-002  -2.5210E-001  -2.7457E+000   4.1967E-002   6.2999E-002   2.6975E-003   3.5080E-002   1.1331E-003   2.5535E-002   5.5735E-005   2.7484E-001   2.5487E-002   2.1819E-002  -4.0279E-003  -1.8573E-002   4.8140E-002   1.7868E-001  
 1.1188E+000  -1.5648E+000  -3.9813E-001   1.7775E-001   1.5251E-001  -7.8563E-002   4.6135E-003   2.4971E-002  -2.2472E-001  -2.7513E+000   3.9362E-002   6.0335E-002   1.8225E-002   3.4057E-002   8.1287E-003   2.4728E-002   4.8879E-003   2.7560E-001   1.9632E-002   2.2915E-002  -8.1167E-003  -1.8076E-002   4.8156E-002   1.7817E-001  
 1.3054E+000  -1.5110E+000  -7.7232E-001   1.8645E-001   3.0181E-001  -1.4722E-001   1.1996E-002   3.0206E-002  -1.9947E-001  -2.7683E+000   3.0990E-002   5.1866E-002   3.1469E-002   3.2896E-002   1.4852E-002   2.2468E-002   8.9160E-003   2.7782E-001   1.4179E-002   2.5163E-002  -1.1758E-002  -1.6668E-002   4.8605E-002   2.0307E-001  
 1.5936E+000  -1.4188E+000  -1.0877E+000   1.9270E-001   3.9128E-001  -2.3222E-001   2.4886E-002   3.9084E-002  -1.7980E-001  -2.7983E+000   1.5809E-002   3.9126E-002   3.9935E-002   3.1931E-002   2.1034E-002   1.8793E-002   1.1423E-002   2.8197E-001   9.6872E-003   2.8507E-002  -1.4656E-002  -1.4764E-002   4.9758E-002   2.3271E-001  
 1.9202E+000  -1.2098E+000  -1.5766E+000   1.8367E-001   3.9296E-001  -2.9745E-001   4.5595E-002   5.1345E-002  -1.7013E-001  -2.8425E+000  -9.3519E-003   2.4733E-002   3.9935E-002   3.2210E-002   2.7242E-002   1.1996E-002   9.4809E-003   2.9034E-001   6.3156E-003   3.2633E-002  -1.5326E-002  -1.4301E-002   4.9973E-002   2.4103E-001  
 2.2937E+000  -1.0973E+000  -1.6754E+000   1.4107E-001   2.7836E-001  -2.9265E-001   7.7466E-002   6.7237E-002  -1.7539E-001  -2.9028E+000  -4.7924E-002   1.3870E-002   2.6765E-002   3.4094E-002   3.5206E-002   7.5708E-004  -9.1092E-004   3.0539E-001   5.8381E-003   3.5827E-002  -1.3338E-002  -1.6473E-002   4.8083E-002   2.2925E-001  
 2.6588E+000  -9.0588E-001  -1.5785E+000   4.2272E-002   2.3324E-002  -1.5536E-001   1.2368E-001   8.6676E-002  -2.0078E-001  -2.9813E+000  -1.0376E-001   1.4993E-002  -4.0356E-003   3.5526E-002   4.5963E-002  -1.5410E-002  -2.4235E-002   3.2796E-001   1.1254E-002   3.7065E-002  -1.1577E-002  -2.1311E-002   4.4308E-002   2.3135E-001  
 3.0982E+000  -5.7556E-001  -1.0736E+000  -8.2329E-002  -2.6536E-001   1.0771E-001   2.4058E-001   1.3858E-001  -2.5648E-001  -3.1988E+000  -1.9901E-001   2.0978E-002  -2.8702E-002  -1.6098E-003  -8.1281E-003  -5.0634E-002  -9.0666E-002   3.3501E-001   2.3158E-002   5.7440E-002  -4.3496E-002  -2.3019E-002   2.2398E-002   1.1066E-001  
 2.3214E+000  -1.2978E+000   1.4300E+000   1.4392E-001  -2.6575E-001  -3.2202E-001  -6.1309E-002   8.6911E-002  -4.0149E-001  -2.8199E+000  -4.7179E-002   3.8579E-002  -2.6936E-002   4.8480E-002  -2.0832E-002   2.9744E-003   9.4799E-004   2.8598E-001   6.0583E-002   2.7848E-002   9.6477E-003  -1.5199E-002   4.7249E-002   2.5470E-001  
 2.0487E+000  -1.4244E+000   1.2504E+000   1.8071E-001  -3.3462E-001  -2.6957E-001  -3.6693E-002   7.1372E-002  -3.7549E-001  -2.7616E+000  -1.6654E-002   5.4554E-002  -3.2724E-002   4.4145E-002  -1.5278E-002   1.4111E-002  -5.4153E-003   2.7240E-001   5.2211E-002   2.3034E-002   8.9368E-003  -1.2983E-002   4.8395E-002   2.4523E-001  
 1.8165E+000  -1.6527E+000   7.2664E-001   1.9387E-001  -2.9474E-001  -1.9767E-001  -1.9789E-002   5.9780E-002  -3.3895E-001  -2.7217E+000   2.0500E-003   6.8850E-002  -2.6261E-002   4.2058E-002  -9.9024E-003   2.0202E-002  -5.5966E-003   2.6500E-001   4.3415E-002   1.9495E-002   5.6901E-003  -1.3085E-002   4.7698E-002   2.2150E-001  
 1.6556E+000  -1.7508E+000   3.5893E-001   1.9695E-001  -1.8122E-001  -1.4190E-001  -8.3915E-003   5.2903E-002  -2.9627E-001  -2.6986E+000   1.2296E-002   7.8778E-002  -1.3051E-002   4.0929E-002  -4.3822E-003   2.3459E-002  -3.2310E-003   2.6140E-001   3.4085E-002   1.7651E-002   8.1467E-004  -1.3666E-002   4.6795E-002   1.9890E-001  
 1.6015E+000  -1.7739E+000   1.3407E-003   1.9718E-001  -3.1479E-002  -1.2507E-001   1.9745E-004   5.0649E-002  -2.5083E-001  -2.6913E+000   1.5339E-002   8.2563E-002   3.3024E-003   4.0132E-002   1.5779E-003   2.4468E-002   8.3657E-005   2.6032E-001   2.4814E-002   1.7643E-002  -4.2612E-003  -1.4020E-002   4.6309E-002   1.8991E-001  
 1.6562E+000  -1.7497E+000  -3.5635E-001   1.9724E-001   1.1836E-001  -1.5404E-001   8.7720E-003   5.3232E-002  -2.0508E-001  -2.6989E+000   1.2274E-002   7.9878E-002   1.9644E-002   3.9265E-002   7.4810E-003   2.3546E-002   3.3817E-003   2.6149E-001   1.5413E-002   1.8822E-002  -9.2186E-003  -1.3569E-002   4.6430E-002   1.9193E-001  
 1.8189E+000  -1.6471E+000  -7.1882E-001   1.9446E-001   2.3221E-001  -2.2190E-001   2.0173E-002   6.0564E-002  -1.6138E-001  -2.7223E+000   2.0929E-003   7.1103E-002   3.2874E-002   3.8748E-002   1.2866E-002   2.0459E-002   5.7655E-003   2.6515E-001   5.7983E-003   2.1680E-002  -1.3752E-002  -1.2816E-002   4.7169E-002   2.1292E-001  
 2.0606E+000  -1.3825E+000  -1.2351E+000   1.8158E-001   2.7267E-001  -3.0568E-001   3.7110E-002   7.2719E-002  -1.2315E-001  -2.7626E+000  -1.6429E-002   5.7944E-002   3.9403E-002   3.9288E-002   1.7968E-002   1.4591E-002   5.6558E-003   2.7253E-001  -3.4600E-003   2.6041E-002  -1.6550E-002  -1.2519E-002   4.7977E-002   2.4093E-001  
 2.3348E+000  -1.2414E+000  -1.4303E+000   1.4530E-001   2.0484E-001  -3.6969E-001   6.1888E-002   8.9119E-002  -9.4642E-002  -2.8214E+000  -4.6572E-002   4.3143E-002   3.3985E-002   4.2092E-002   2.3223E-002   3.9343E-003  -4.0584E-004   2.8599E-001  -1.2256E-002   3.1267E-002  -1.6699E-002  -1.4396E-002   4.7347E-002   2.5068E-001  
 2.7324E+000  -1.1324E+000   1.2388E+000   5.3729E-002   4.7637E-002  -5.2040E-001  -8.2293E-002   1.4425E-001  -4.9743E-001  -2.7733E+000  -9.8997E-002   4.7218E-002  -4.6985E-003   5.6937E-002  -1.2998E-002  -1.4016E-002   1.4298E-002   2.7768E-001   8.4184E-002   2.6540E-002   1.0681E-002  -1.5964E-002   4.4751E-002   2.4983E-001  
 2.5277E+000  -1.3339E+000   1.1189E+000   1.2228E-001  -1.2290E-001  -4.7031E-001  -5.1900E-002   1.2380E-001  -4.4591E-001  -2.6992E+000  -6.2852E-002   6.3775E-002  -1.9292E-002   5.0287E-002  -8.4092E-003   9.5029E-004   3.5057E-003   2.5901E-001   6.9855E-002   2.1924E-002   1.0285E-002  -1.2452E-002   4.6062E-002   2.5834E-001  
 2.3612E+000  -1.4744E+000   8.4070E-001   1.5907E-001  -1.6655E-001  -3.9997E-001  -3.0015E-002   1.0944E-001  -3.8568E-001  -2.6484E+000  -3.9392E-002   7.9328E-002  -1.9425E-002   4.5797E-002  -5.3449E-003   1.0845E-002  -7.2163E-004   2.4789E-001   5.4138E-002   1.6861E-002   7.0933E-003  -1.0341E-002   4.6189E-002   2.3345E-001  
 2.2537E+000  -1.5562E+000   4.4681E-001   1.7591E-001  -1.2344E-001  -3.4547E-001  -1.3338E-002   1.0058E-001  -3.1875E-001  -2.6187E+000  -2.6429E-002   8.9875E-002  -9.9244E-003   4.3495E-002  -1.8626E-003   1.5953E-002  -1.0839E-003   2.4222E-001   3.8937E-002   1.4053E-002   1.7511E-003  -9.6876E-003   4.5602E-002   2.1256E-001  
 2.2190E+000  -1.5762E+000   3.2281E-002   1.8079E-001  -3.7136E-002  -3.2903E-001   4.4408E-004   9.7831E-002  -2.4927E-001  -2.6093E+000  -2.2263E-002   9.3894E-002   3.8724E-003   4.2275E-002   1.9142E-003   1.7594E-002   9.6634E-005   2.4050E-001   2.4148E-002   1.3474E-002  -4.3964E-003  -9.4524E-003   4.5255E-002   1.9709E-001  
 2.2600E+000  -1.5456E+000  -3.8647E-001   1.7637E-001   4.9341E-002  -3.5742E-001   1.4282E-002   1.0122E-001  -1.7941E-001  -2.6191E+000  -2.6280E-002   9.1065E-002   1.7728E-002   4.1968E-002   5.6634E-003   1.6228E-002   1.3219E-003   2.4232E-001   9.3521E-003   1.5207E-002  -1.0442E-002  -9.4061E-003   4.5289E-002   2.0622E-001  
 2.3731E+000  -1.4517E+000  -7.8990E-001   1.6012E-001   9.3018E-002  -4.2379E-001   3.1105E-002   1.1088E-001  -1.1129E-001  -2.6491E+000  -3.8991E-002   8.1801E-002   2.7414E-002   4.2748E-002   9.0899E-003   1.1557E-002   1.1259E-003   2.4805E-001  -5.8787E-003   1.9023E-002  -1.5449E-002  -9.6936E-003   4.5831E-002   2.2345E-001  
 2.5443E+000  -1.2975E+000  -1.0883E+000   1.2421E-001   5.0483E-002  -5.0568E-001   5.3308E-002   1.2638E-001  -4.8993E-002  -2.7003E+000  -6.1976E-002   6.7593E-002   2.7767E-002   4.5654E-002   1.2065E-002   2.3385E-003  -2.7305E-003   2.5911E-001  -2.1587E-002   2.4757E-002  -1.8181E-002  -1.1340E-002   4.6033E-002   2.4760E-001  
 2.7520E+000  -1.0812E+000  -1.2225E+000   5.6731E-002  -1.1845E-001  -5.6707E-001   8.4143E-002   1.4820E-001   5.2638E-003  -2.7750E+000  -9.7554E-002   5.2251E-002   1.3851E-002   5.0827E-002   1.6324E-002  -1.1920E-002  -1.2999E-002   2.7761E-001  -3.6050E-002   2.9913E-002  -1.8110E-002  -1.4479E-002   4.5246E-002   2.5101E-001  
 3.1079E+000  -7.7501E-001   9.2589E-001  -1.3438E-001   4.8080E-001  -9.7159E-001  -1.1243E-001   1.9719E-001  -6.3085E-001  -2.7659E+000  -1.9386E-001   1.2435E-002   4.0804E-002   9.9644E-003   1.5196E-002  -6.4868E-002   5.0853E-002   2.5079E-001   1.1367E-001   4.6211E-003   3.2620E-002  -1.8111E-002   3.6693E-002   1.6287E-001  
 2.9708E+000  -1.0334E+000   9.0823E-001  -6.7541E-003   2.1011E-001  -8.6915E-001  -7.1200E-002   2.0205E-001  -5.3556E-001  -2.6037E+000  -1.2668E-001   5.4503E-002   8.3221E-003   5.2274E-002   2.8416E-003  -2.2135E-002   1.4965E-002   2.3936E-001   9.3065E-002   1.9755E-002   1.2845E-002  -1.1918E-002   4.5667E-002   2.6406E-001  
 2.8597E+000  -1.2214E+000   7.0735E-001   5.9246E-002   4.2391E-002  -7.9836E-001  -4.3409E-002   1.8783E-001  -4.4621E-001  -2.5384E+000  -9.6813E-002   7.3564E-002  -3.8782E-003   4.6821E-002   1.1442E-003  -7.6381E-003   5.9383E-003   2.2547E-001   6.8555E-002   1.5121E-002   8.1289E-003  -8.8730E-003   4.5355E-002   2.4959E-001  
 2.7858E+000  -1.3287E+000   3.9647E-001   9.2338E-002  -2.5052E-002  -7.4554E-001  -1.9817E-002   1.7717E-001  -3.4800E-001  -2.5014E+000  -8.0495E-002   8.5471E-002  -2.5334E-003   4.3049E-002   1.4805E-003   2.5003E-004   2.0035E-003   2.1756E-001   4.5708E-002   1.1472E-002   2.4766E-003  -6.9163E-003   4.5252E-002   2.2110E-001  
 2.7635E+000  -1.3574E+000   3.7959E-002   1.0285E-001  -4.2420E-002  -7.2947E-001   8.9916E-004   1.7416E-001  -2.4732E-001  -2.4893E+000  -7.4984E-002   9.0175E-002   4.4949E-003   4.1452E-002   2.1620E-003   3.1691E-003   1.8734E-004   2.1520E-001   2.3678E-002   1.0479E-002  -4.4509E-003  -5.9890E-003   4.5186E-002   2.0141E-001  
 2.7936E+000  -1.3156E+000  -3.2317E-001   9.3448E-002  -5.9453E-002  -7.5701E-001   2.1745E-002   1.7851E-001  -1.4613E-001  -2.5016E+000  -7.9963E-002   8.7066E-002   1.1707E-002   4.1655E-002   2.9001E-003   1.1688E-003  -1.4992E-003   2.1772E-001   1.7566E-003   1.2475E-002  -1.1273E-002  -6.2603E-003   4.5191E-002   2.2001E-001  
 2.8750E+000  -1.1948E+000  -6.4453E-001   6.1593E-002  -1.2590E-001  -8.2126E-001   4.5712E-002   1.9068E-001  -4.6444E-002  -2.5389E+000  -9.5684E-002   7.6729E-002   1.3582E-002   4.3969E-002   3.2775E-003  -5.8015E-003  -5.0720E-003   2.2571E-001  -2.0853E-002   1.7037E-002  -1.6698E-002  -7.6394E-003   4.5352E-002   2.3948E-001  
 2.9926E+000  -9.9507E-001  -8.6921E-001  -2.3998E-003  -2.9156E-001  -9.0328E-001   7.4409E-002   2.0708E-001   4.5471E-002  -2.6051E+000  -1.2450E-001   5.9356E-002   2.6891E-003   4.7494E-002   1.3551E-003  -1.8837E-002  -1.3298E-002   2.3945E-001  -4.4829E-002   2.2174E-002  -2.1513E-002  -1.0112E-002   4.5990E-002   2.4597E-001  
 3.0880E+000  -7.8634E-001  -9.2593E-001  -1.5896E-001  -6.0568E-001  -1.0460E+000   1.0083E-001   1.7617E-001   1.0724E-001  -2.7707E+000  -1.9471E-001   9.0246E-003  -4.4143E-002   1.1634E-002  -2.9132E-002  -6.1768E-002  -4.9099E-002   2.5035E-001  -7.3077E-002   1.3272E-002  -4.5349E-002  -1.7075E-002   3.9132E-002   1.6778E-001  
