-1.6017E+000   7.2788E+000   5.5816E+000  -3.3328E+000  -5.4009E+000  -2.9784E+000   1.5248E+000   2.5063E+000   2.4422E+000   1.3373E-001  -7.9848E-001  -7.9576E-001  -1.5614E+000   2.0346E-001  -8.1240E-001   4.2487E-001   2.8505E-001  -1.1370E-001   5.6260E-001   2.2176E+000   1.5419E-001  -4.1348E-002   3.9048E-001   1.4534E+000  
 3.3939E+000   1.4080E+000   1.7814E+000   9.2472E-002  -7.7484E-002  -4.2656E-001  -1.8547E-001  -3.2473E-001  -8.7886E-001   3.9256E-001  -9.3742E-002   5.1288E-002   8.0910E-002  -7.8238E-001   4.2949E-001  -1.4773E-002  -4.3363E-002  -8.7068E-002   2.9376E-002   2.6978E+000  -4.5367E-002  -8.0848E-003   5.0268E-001   1.8950E+000  
 3.2696E+000   1.6324E+000   1.4787E+000   4.2378E-002  -4.5109E-002  -4.4097E-001  -7.9509E-002  -2.0598E-001  -5.2094E-001   3.4978E-001  -1.0166E-001   4.4397E-002   8.8638E-003  -7.1479E-001   2.5789E-001   1.7563E-002  -2.4484E-002  -1.1115E-001   5.9938E-002   2.6407E+000  -4.5459E-002  -5.8587E-003   5.2614E-001   1.8502E+000  
 3.2363E+000   1.6577E+000   7.9563E-001   4.3217E-002   1.8351E-003  -4.1675E-001  -3.6740E-002  -1.7381E-001  -2.6629E-001   3.4819E-001  -9.8966E-002   5.0675E-002   2.7399E-003  -7.1928E-001   1.4496E-001   3.7057E-002  -1.1535E-002  -1.1750E-001   3.2275E-002   2.6503E+000  -6.1233E-002  -1.7626E-002   5.3551E-001   1.8629E+000  
 3.2282E+000   1.6420E+000  -2.4716E-002   4.1311E-002   3.3324E-003  -4.0822E-001  -1.5345E-003  -1.6251E-001  -1.5789E-002   3.5230E-001  -9.9310E-002   5.1480E-002  -2.3388E-005  -7.2325E-001   3.0602E-002   4.5437E-002  -8.3314E-004  -1.1992E-001  -5.9041E-005   2.6541E+000  -7.5653E-002  -2.3317E-002   5.3869E-001   1.8857E+000  
 3.2305E+000   1.6352E+000  -8.4390E-001   4.1074E-002   4.5087E-003  -4.2140E-001   3.3662E-002  -1.7197E-001   2.3512E-001   3.5819E-001  -9.9964E-002   4.9644E-002  -2.4467E-003  -7.2568E-001  -8.3962E-002   3.9278E-002   9.8746E-003  -1.1915E-001  -3.2677E-002   2.6512E+000  -8.9933E-002  -1.8751E-002   5.3599E-001   1.8267E+000  
 3.2581E+000   1.5914E+000  -1.5266E+000   3.8928E-002   5.0143E-002  -4.4989E-001   7.6496E-002  -2.0278E-001   4.9129E-001   3.6959E-001  -1.0320E-001   4.2796E-002  -8.0261E-003  -7.2748E-001  -1.9759E-001   2.1042E-002   2.2971E-002  -1.1432E-001  -6.0984E-002   2.6425E+000  -1.0524E-001  -7.3583E-003   5.2703E-001   1.8094E+000  
 3.3713E+000   1.3703E+000  -1.8298E+000   8.1903E-002   8.6434E-002  -4.4581E-001   1.7970E-001  -3.1304E-001   8.4484E-001   4.2496E-001  -9.7979E-002   4.4750E-002  -7.5217E-002  -8.0100E-001  -3.6486E-001  -8.6163E-003   4.1586E-002  -8.9471E-002  -3.4983E-002   2.6988E+000  -1.0760E-001  -8.9061E-003   5.0463E-001   1.8596E+000  
-1.5005E+000   7.0608E+000  -5.5712E+000  -3.2527E+000   5.3133E+000  -2.8773E+000  -1.4966E+000   2.4324E+000  -2.3839E+000   1.1282E-001  -7.8275E-001  -7.6529E-001   1.5318E+000   1.9902E-001   8.1802E-001   4.1347E-001  -2.8173E-001  -1.1997E-001  -5.5558E-001   2.2172E+000  -2.7944E-001  -4.0463E-002   3.9485E-001   1.4951E+000  
 3.0383E+000   1.6709E+000   2.0996E+000   1.0407E-001  -1.1615E-001  -6.7286E-002  -1.2461E-001  -2.1991E-001  -7.8669E-001   2.8392E-001  -8.2316E-002   3.1732E-002   1.0184E-002  -6.0952E-001   4.9449E-001  -3.0179E-002  -2.4583E-002  -1.3503E-001   9.3302E-002   2.6267E+000  -3.0757E-002   7.2804E-003   5.2088E-001   1.8790E+000  
 2.8977E+000   1.7540E+000   1.9620E+000   1.4829E-001   6.3204E-002  -7.1821E-002  -8.5590E-002  -1.7976E-001  -5.9764E-001   2.8432E-001  -4.9229E-002   5.1447E-002   1.7131E-002  -6.1618E-001   3.8173E-001  -3.0889E-002  -3.1291E-002  -1.3978E-001   8.3033E-002   2.6443E+000  -3.6588E-002   1.3034E-002   5.4957E-001   1.9468E+000  
 2.7897E+000   1.8628E+000   1.5677E+000   1.5122E-001   1.0787E-001  -3.8166E-002  -4.7006E-002  -1.4445E-001  -3.9790E-001   2.8480E-001  -3.9267E-002   6.7081E-002   3.8724E-003  -6.1753E-001   2.6439E-001  -1.0766E-002  -1.6177E-002  -1.5395E-001   6.7234E-002   2.6598E+000  -4.7808E-002  -3.5762E-003   5.7075E-001   1.9476E+000  
 2.7265E+000   1.8979E+000   7.5772E-001   1.5033E-001   7.4543E-002  -8.6896E-004  -2.1005E-002  -1.2804E-001  -2.0302E-001   2.9015E-001  -3.5162E-002   7.8810E-002  -9.4397E-004  -6.2240E-001   1.4638E-001   1.7100E-003  -6.4787E-003  -1.6385E-001   3.7120E-002   2.6741E+000  -6.1012E-002  -1.8609E-002   5.8250E-001   1.9363E+000  
 2.7034E+000   1.8966E+000  -3.4183E-002   1.5066E-001   6.5716E-004   1.4663E-002  -9.6813E-004  -1.2467E-001  -1.0891E-002   2.9392E-001  -3.3700E-002   8.4443E-002  -5.3025E-004  -6.2527E-001   2.7655E-002   4.4645E-003  -2.5532E-004  -1.6921E-001   4.7052E-004   2.6788E+000  -7.6612E-002  -2.3202E-002   5.8682E-001   1.8445E+000  
 2.7197E+000   1.8823E+000  -8.2721E-001   1.4959E-001  -7.3572E-002  -3.4663E-003   1.9045E-002  -1.2751E-001   1.8176E-001   2.9833E-001  -3.5600E-002   7.8711E-002   1.6332E-004  -6.2893E-001  -9.1360E-002   2.7697E-003   5.8703E-003  -1.6602E-001  -3.6444E-002   2.6751E+000  -9.1868E-002  -1.9496E-002   5.8265E-001   1.9214E+000  
 2.7761E+000   1.8325E+000  -1.6289E+000   1.4965E-001  -1.0777E-001  -4.3531E-002   4.4853E-002  -1.4310E-001   3.7793E-001   3.0132E-001  -4.0253E-002   6.6579E-002  -3.6377E-003  -6.3055E-001  -2.0983E-001  -8.5780E-003   1.5375E-002  -1.5782E-001  -6.7625E-002   2.6617E+000  -1.0455E-001  -5.1148E-003   5.7116E-001   1.9336E+000  
 2.8782E+000   1.7098E+000  -2.0122E+000   1.4646E-001  -6.4981E-002  -7.9789E-002   8.3346E-002  -1.7772E-001   5.8010E-001   3.0909E-001  -5.0469E-002   5.0450E-002  -1.5959E-002  -6.3536E-001  -3.2811E-001  -2.8262E-002   3.0759E-002  -1.4477E-001  -8.4748E-002   2.6469E+000  -1.1486E-001   1.1649E-002   5.5042E-001   1.8903E+000  
 3.0142E+000   1.6251E+000  -2.1401E+000   1.0315E-001   1.1085E-001  -7.7578E-002   1.2304E-001  -2.1783E-001   7.7305E-001   3.1722E-001  -8.3132E-002   3.0010E-002  -8.8910E-003  -6.3464E-001  -4.4219E-001  -2.8187E-002   2.5168E-002  -1.4024E-001  -9.6213E-002   2.6296E+000  -1.1959E-001   6.7008E-003   5.2251E-001   1.8290E+000  
 2.6355E+000   1.6156E+000   2.1670E+000   1.7350E-001   1.1360E-001   7.3379E-002  -8.3758E-002  -1.4917E-001  -5.8389E-001   1.9568E-001  -3.3275E-002   1.6767E-002   1.5690E-002  -5.1778E-001   5.0640E-001  -3.8091E-002  -2.5839E-002  -1.3484E-001   9.2541E-002   2.6482E+000  -3.3865E-002   1.5160E-002   5.5960E-001   1.9357E+000  
 2.4207E+000   1.6711E+000   1.9835E+000   1.8686E-001   2.0930E-001   8.3654E-002  -5.0457E-002  -1.1648E-001  -4.4148E-001   2.1122E-001  -1.0865E-002   3.6339E-002   7.5476E-003  -5.2399E-001   3.9022E-001  -2.7473E-002  -2.0369E-002  -1.4909E-001   8.9077E-002   2.6769E+000  -3.9633E-002   5.8981E-003   5.8967E-001   1.9890E+000  
 1.9871E+000   1.6412E+000   8.3593E-001   1.8700E-001   2.0075E-001   1.3265E-001  -2.8124E-002  -9.9876E-002  -3.0150E-001   2.2642E-001   3.9020E-003   5.9916E-002   1.7285E-003  -5.3439E-001   2.7525E-001  -2.2479E-002  -1.0715E-002  -1.6533E-001   6.4696E-002   2.7120E+000  -5.1175E-002  -5.2850E-003   6.0663E-001   2.0294E+000  
 1.7776E+000   1.6996E+000   3.5773E-001   1.8204E-001   1.1719E-001   1.7717E-001  -1.2502E-002  -9.0581E-002  -1.5389E-001   2.3964E-001   9.8690E-003   7.4494E-002  -2.4858E-003  -5.4241E-001   1.5057E-001  -1.8298E-002  -2.9234E-003  -1.7622E-001   3.5375E-002   2.7348E+000  -6.3583E-002  -1.3378E-002   6.1708E-001   1.9919E+000  
 1.7215E+000   1.7228E+000  -8.6967E-003   1.8092E-001  -9.4527E-004   1.9449E-001  -8.0264E-004  -8.8656E-002  -7.2272E-003   2.4720E-001   1.1826E-002   8.0202E-002  -5.2139E-004  -5.4871E-001   2.5019E-002  -1.8616E-002   1.0191E-005  -1.7988E-001   1.1640E-004   2.7441E+000  -7.8409E-002  -1.4584E-002   6.1977E-001   1.9293E+000  
 1.7755E+000   1.7003E+000  -3.7508E-001   1.8191E-001  -1.1938E-001   1.7563E-001   1.0869E-002  -9.0525E-002   1.3998E-001   2.4648E-001   9.7024E-003   7.4599E-002   1.7340E-003  -5.4932E-001  -1.0082E-001  -1.8037E-002   2.8648E-003  -1.7838E-001  -3.5414E-002   2.7359E+000  -9.2854E-002  -1.3648E-002   6.1689E-001   1.9998E+000  
 1.9811E+000   1.6378E+000  -8.6092E-001   1.8665E-001  -2.0381E-001   1.2962E-001   2.6280E-002  -9.9586E-002   2.8919E-001   2.4002E-001   3.4038E-003   5.9975E-002  -1.6479E-003  -5.4792E-001  -2.2634E-001  -2.1743E-002   1.0462E-002  -1.6945E-001  -6.5565E-002   2.7140E+000  -1.0406E-001  -5.9329E-003   6.0648E-001   2.0053E+000  
 2.3980E+000   1.6340E+000  -2.0352E+000   1.8666E-001  -2.1415E-001   7.9398E-002   4.8546E-002  -1.1611E-001   4.3209E-001   2.3150E-001  -1.1378E-002   3.6222E-002  -6.8245E-003  -5.4382E-001  -3.4277E-001  -2.6746E-002   2.0386E-002  -1.5465E-001  -9.0816E-002   2.6796E+000  -1.1372E-001   5.3358E-003   5.8964E-001   1.9615E+000  
 2.6083E+000   1.5837E+000  -2.2009E+000   1.7393E-001  -1.2121E-001   6.7987E-002   8.2116E-002  -1.4873E-001   5.7837E-001   2.2289E-001  -3.3535E-002   1.5834E-002  -1.4612E-002  -5.4351E-001  -4.6033E-001  -3.7662E-002   2.6648E-002  -1.4088E-001  -9.5485E-002   2.6512E+000  -1.1762E-001   1.5135E-002   5.6027E-001   1.9098E+000  
 6.5566E+000  -1.0951E+000  -3.2034E+000   1.9939E+000   2.1952E+000  -1.5417E+000  -2.0644E+000  -1.1483E+000  -8.8198E-002   2.3281E+000   1.7860E-001  -6.2279E-001   8.4761E-001  -6.6195E-001  -2.6803E-001  -5.8894E-002  -1.7643E-001   1.6761E-001  -1.6895E-002   2.3223E+000   1.5727E-001  -1.7228E-003   3.9682E-001   1.3542E+000  
 2.8717E+000   1.2980E+000   1.8456E+000   3.5036E-002  -2.7473E-001   3.5848E-001  -1.0758E-001  -1.4617E-001  -5.6764E-001   1.2211E-002  -1.1306E-001  -1.5605E-003  -3.2501E-002  -4.1186E-001   7.4691E-001  -2.5918E-003   4.4881E-002  -1.2464E-001   4.7433E-002   2.6277E+000  -4.1196E-002  -2.2739E-002   5.0742E-001   1.7273E+000  
 2.5446E+000   1.4179E+000   2.2170E+000   1.4729E-001   5.6845E-002   1.3421E-001  -8.3313E-002  -1.2054E-001  -4.9314E-001   6.8433E-002  -4.8042E-002  -2.1134E-002  -1.0197E-003  -4.1511E-001   6.3016E-001  -1.5189E-002  -1.6323E-004  -1.1111E-001   7.9011E-002   2.6468E+000  -3.8567E-002  -9.5481E-003   5.5289E-001   1.9081E+000  
 2.2185E+000   1.4186E+000   2.2311E+000   1.8800E-001   2.3048E-001   7.1413E-002  -5.5331E-002  -9.7191E-002  -4.1146E-001   1.0975E-001  -6.3853E-003  -1.1230E-002   8.3149E-003  -4.2483E-001   5.2039E-001  -1.8918E-002  -1.8391E-002  -1.1933E-001   8.6476E-002   2.6872E+000  -4.0618E-002  -2.5741E-003   5.9005E-001   2.0475E+000  
 1.6930E+000   1.3785E+000   1.0972E+000   1.8754E-001   2.7924E-001   9.6689E-002  -3.2190E-002  -7.9368E-002  -3.2069E-001   1.4333E-001   1.7205E-002   1.2196E-002   5.7531E-003  -4.3819E-001   4.0808E-001  -1.7136E-002  -1.6543E-002  -1.3748E-001   7.6354E-002   2.7365E+000  -4.6283E-002  -1.0321E-002   6.1457E-001   2.1768E+000  
 1.4029E+000   1.4678E+000   7.7788E-001   1.7593E-001   2.3718E-001   1.5394E-001  -1.7906E-002  -6.9471E-002  -2.2244E-001   1.7114E-001   3.2004E-002   3.6364E-002   2.5018E-003  -4.5089E-001   2.8885E-001  -1.8296E-002  -9.9487E-003  -1.5504E-001   5.3671E-002   2.7816E+000  -5.6558E-002  -1.5412E-002   6.2897E-001   2.1950E+000  
 1.2144E+000   1.5189E+000   3.9765E-001   1.6611E-001   1.3341E-001   2.0394E-001  -8.6726E-003  -6.3974E-002  -1.1540E-001   1.9125E-001   3.9536E-002   5.1883E-002   1.0410E-003  -4.6145E-001   1.5811E-001  -2.0538E-002  -4.2479E-003  -1.6712E-001   2.6864E-002   2.8117E+000  -6.8428E-002  -1.5611E-002   6.3741E-001   2.1358E+000  
 1.1487E+000   1.5353E+000  -8.3962E-003   1.6268E-001  -1.9586E-003   2.2295E-001  -8.3232E-004  -6.1715E-002  -4.4005E-003   2.0030E-001   4.0779E-002   5.7333E-002  -2.3111E-004  -4.6757E-001   2.2181E-002  -2.1954E-002   4.6506E-005  -1.7208E-001  -7.5905E-004   2.8219E+000  -8.0626E-002  -1.4996E-002   6.4021E-001   2.1079E+000  
 1.2124E+000   1.5194E+000  -4.1436E-001   1.6625E-001  -1.3761E-001   2.0309E-001   6.9900E-003  -6.4018E-002   1.0724E-001   1.9681E-001   3.9367E-002   5.1892E-002  -1.2894E-003  -4.6864E-001  -1.1406E-001  -2.0501E-002   4.3232E-003  -1.6903E-001  -2.8521E-002   2.8127E+000  -9.2241E-002  -1.5511E-002   6.3710E-001   2.1294E+000  
 1.3989E+000   1.4689E+000  -7.9436E-001   1.7614E-001  -2.4221E-001   1.5241E-001   1.6165E-002  -6.9567E-002   2.1615E-001   1.8217E-001   3.1758E-002   3.6356E-002  -2.2363E-003  -4.6501E-001  -2.4574E-001  -1.8247E-002   9.9666E-003  -1.5871E-001  -5.5771E-002   2.7835E+000  -1.0240E-001  -1.5355E-002   6.2846E-001   2.1851E+000  
 1.6870E+000   1.3802E+000  -1.1133E+000   1.8783E-001  -2.8563E-001   9.4786E-002   3.0266E-002  -7.9452E-002   3.1740E-001   1.5961E-001   1.6955E-002   1.2035E-002  -4.7766E-003  -4.5864E-001  -3.6651E-001  -1.7102E-002   1.6669E-002  -1.4268E-001  -7.9147E-002   2.7390E+000  -1.1003E-001  -1.0322E-002   6.1403E-001   2.1621E+000  
 2.1887E+000   1.3908E+000  -2.2603E+000   1.8876E-001  -2.3903E-001   6.9325E-002   5.3430E-002  -9.7272E-002   4.1210E-001   1.3143E-001  -6.4239E-003  -1.2186E-002  -6.9244E-003  -4.5118E-001  -4.8033E-001  -1.9073E-002   1.9085E-002  -1.2522E-001  -9.0277E-002   2.6900E+000  -1.1287E-001  -2.1514E-003   5.8994E-001   2.0392E+000  
 2.5132E+000   1.4064E+000  -2.2204E+000   1.4931E-001  -6.8905E-002   1.3229E-001   8.2175E-002  -1.2112E-001   4.9892E-001   9.6015E-002  -4.7385E-002  -2.3343E-002   2.0203E-003  -4.4710E-001  -5.9149E-001  -1.6171E-002   2.1255E-003  -1.1657E-001  -8.3620E-002   2.6497E+000  -1.1237E-001  -8.3230E-003   5.5355E-001   1.9124E+000  
 2.8408E+000   1.3045E+000  -1.8294E+000   3.8102E-002   2.5791E-001   3.5737E-001   1.0744E-001  -1.4758E-001   5.7961E-001   4.6016E-002  -1.1203E-001  -4.9310E-003   3.3032E-002  -4.4920E-001  -7.0917E-001  -4.1364E-003  -4.2629E-002  -1.2886E-001  -5.2447E-002   2.6300E+000  -1.0804E-001  -2.1970E-002   5.0919E-001   1.7471E+000  
 6.3039E+000  -9.0308E-001   2.9810E+000   1.8460E+000  -1.9885E+000  -1.4447E+000   1.9370E+000  -1.0695E+000   7.4299E-002   2.2154E+000   1.4843E-001  -5.9211E-001  -7.7473E-001  -6.4841E-001   2.5906E-001  -4.5479E-002   1.5675E-001   1.4509E-001   1.1516E-002   2.3204E+000  -2.8221E-001  -3.4295E-003   3.9851E-001   1.3525E+000  
 2.8525E+000   8.5061E-001   1.5387E+000  -2.3812E-001  -6.4062E-001   8.3305E-001   6.1336E-002  -3.7396E-002  -4.2874E-001  -3.6228E-001  -2.1707E-001   1.1972E-001  -1.6516E-001  -3.2593E-001   9.9159E-001   4.1987E-002   1.3897E-001  -1.9165E-001  -4.9675E-002   2.6998E+000  -6.9194E-002  -1.9456E-002   4.7765E-001   1.6362E+000  
 2.6249E+000   8.7330E-001   1.9274E+000   7.9903E-002  -1.0564E-001   2.4756E-001  -8.3563E-002  -9.3790E-002  -3.4095E-001  -1.0997E-001  -8.6876E-002  -2.5143E-002  -3.1507E-002  -3.1211E-001   7.5244E-001   1.1944E-002   4.7299E-002  -8.9053E-002   3.5157E-002   2.6418E+000  -4.6313E-002  -3.7856E-002   5.3071E-001   1.8404E+000  
 2.2252E+000   8.5538E-001   2.2178E+000   1.6858E-001   1.4148E-001   4.3321E-002  -6.5806E-002  -8.3923E-002  -3.1190E-001  -2.7112E-002  -2.2604E-002  -4.4453E-002  -1.3388E-003  -3.1811E-001   6.4070E-001  -3.0285E-003  -1.5518E-003  -8.0139E-002   6.2489E-002   2.6757E+000  -4.3703E-002  -2.1738E-002   5.7734E-001   1.9698E+000  
 1.6651E+000   1.0352E+000   1.4567E+000   1.8722E-001   2.5826E-001  -3.9208E-003  -4.1154E-002  -7.0563E-002  -2.7127E-001   3.2144E-002   1.6376E-002  -3.3759E-002   5.7370E-003  -3.2805E-001   5.3555E-001  -7.7775E-003  -1.9432E-002  -9.6555E-002   6.7506E-002   2.7330E+000  -4.7647E-002  -1.4415E-002   6.1093E-001   2.0833E+000  
 1.2529E+000   1.1257E+000   1.1893E+000   1.7097E-001   2.7719E-001   3.4097E-002  -2.1976E-002  -6.0977E-002  -2.2032E-001   7.8992E-002   3.9263E-002  -7.3605E-003   5.1696E-003  -3.4257E-001   4.2637E-001  -1.0150E-002  -1.8122E-002  -1.2114E-001   5.5051E-002   2.7971E+000  -5.4710E-002  -1.8682E-002   6.3000E-001   2.1646E+000  
 9.2617E-001   1.1860E+000   8.3546E-001   1.4703E-001   2.2459E-001   9.7876E-002  -1.1725E-002  -5.4225E-002  -1.5555E-001   1.1715E-001   5.4025E-002   1.4792E-002   3.5292E-003  -3.5441E-001   3.0088E-001  -1.2589E-002  -1.2555E-002  -1.4132E-001   3.8711E-002   2.8471E+000  -6.3237E-002  -2.1258E-002   6.4348E-001   2.1725E+000  
 7.1415E-001   1.2205E+000   4.2513E-001   1.2930E-001   1.2274E-001   1.5173E-001  -4.8995E-003  -4.9507E-002  -8.0952E-002   1.4271E-001   6.0066E-002   2.8570E-002   2.7286E-003  -3.6350E-001   1.6274E-001  -1.5123E-002  -6.7546E-003  -1.5529E-001   1.9882E-002   2.8790E+000  -7.2764E-002  -2.0371E-002   6.5182E-001   2.1134E+000  
 6.4092E-001   1.2318E+000  -8.1178E-003   1.2253E-001  -2.6952E-003   1.7203E-001  -8.3323E-004  -4.8034E-002  -2.0658E-003   1.5305E-001   6.1549E-002   3.3585E-002   7.5162E-005  -3.6904E-001   1.8847E-002  -1.6178E-002   7.4424E-005  -1.6016E-001  -1.4765E-003   2.8901E+000  -8.2490E-002  -2.0217E-002   6.5456E-001   2.0907E+000  
 7.1216E-001   1.2211E+000  -4.4127E-001   1.2952E-001  -1.2833E-001   1.5139E-001   3.1774E-003  -4.9500E-002   7.7438E-002   1.4703E-001   5.9900E-002   2.8389E-002  -2.5094E-003  -3.7097E-001  -1.2530E-001  -1.5093E-002   6.9098E-003  -1.5678E-001  -2.3015E-002   2.8798E+000  -9.1580E-002  -2.0234E-002   6.5144E-001   2.1077E+000  
 9.2225E-001   1.1871E+000  -8.5136E-001   1.4735E-001  -2.3080E-001   9.7353E-002   9.9465E-003  -5.4280E-002   1.5391E-001   1.2572E-001   5.3850E-002   1.4374E-002  -2.9175E-003  -3.6908E-001  -2.6418E-001  -1.2436E-002   1.2638E-002  -1.4416E-001  -4.2261E-002   2.8486E+000  -9.9277E-002  -2.1142E-002   6.4281E-001   2.1642E+000  
 1.2471E+000   1.1273E+000  -1.2047E+000   1.7133E-001  -2.8443E-001   3.3683E-002   2.0029E-002  -6.1077E-002   2.2166E-001   9.1603E-002   3.9123E-002  -8.1590E-003  -3.9527E-003  -3.6379E-001  -3.9089E-001  -9.9780E-003   1.8229E-002  -1.2519E-001  -5.9249E-002   2.7992E+000  -1.0488E-001  -1.8655E-002   6.2916E-001   2.1524E+000  
 1.6573E+000   1.0374E+000  -1.4715E+000   1.8776E-001  -2.6701E-001  -3.7675E-003   3.9022E-002  -7.0704E-002   2.7660E-001   4.8613E-002   1.6270E-002  -3.5201E-002  -3.8894E-003  -3.5506E-001  -5.0165E-001  -7.7359E-003   1.9788E-002  -1.0149E-001  -7.2491E-002   2.7355E+000  -1.0826E-001  -1.4296E-002   6.1012E-001   2.0750E+000  
 2.1930E+000   8.5726E-001  -2.2054E+000   1.6976E-001  -1.5262E-001   4.4483E-002   6.3890E-002  -8.4305E-002   3.2220E-001  -6.6268E-003  -2.2282E-002  -4.6928E-002   3.2503E-003  -3.5039E-001  -6.0832E-001  -3.5037E-003   2.5228E-003  -8.5184E-002  -6.8256E-002   2.6784E+000  -1.0849E-001  -2.0979E-002   5.7697E-001   1.9704E+000  
 2.5946E+000   8.8977E-001  -1.8976E+000   8.2188E-002   9.0575E-002   2.5035E-001   8.2555E-002  -9.5098E-002   3.5759E-001  -8.4506E-002  -8.5851E-002  -2.8725E-002   3.2434E-002  -3.4984E-001  -7.2079E-001   1.0411E-002  -4.5627E-002  -9.2738E-002  -4.0966E-002   2.6441E+000  -1.0357E-001  -3.6788E-002   5.3128E-001   1.8491E+000  
 2.8315E+000   8.7704E-001  -1.4754E+000  -2.2936E-001   6.1267E-001   8.3410E-001  -5.5089E-002  -4.3798E-002   4.5293E-001  -3.2358E-001  -2.1380E-001   1.1290E-001   1.6010E-001  -3.7177E-001  -9.5474E-001   3.8972E-002  -1.3653E-001  -1.8974E-001   4.4669E-002   2.6989E+000  -8.2744E-002  -1.9753E-002   4.8022E-001   1.6654E+000  
 2.8465E+000   3.8218E-001   1.5236E+000  -1.5195E-002  -3.0920E-001   5.1520E-001  -1.1666E-001  -6.4119E-002  -1.1610E-001  -3.3519E-001  -1.2996E-001  -1.0971E-002  -6.0778E-002  -2.1013E-001   8.5847E-001   3.0712E-002   7.4391E-002  -6.7535E-002  -2.0571E-002   2.6306E+000  -5.2979E-002  -3.6342E-002   5.0212E-001   1.7908E+000  
 2.4106E+000   4.1244E-001   1.9568E+000   1.2045E-001  -2.8556E-002   1.1361E-001  -8.1069E-002  -6.7281E-002  -1.5069E-001  -2.1163E-001  -5.9184E-002  -4.5033E-002  -2.4090E-002  -2.0972E-001   7.5362E-001   1.4310E-002   3.1303E-002  -4.8614E-002   1.4461E-002   2.6558E+000  -5.1691E-002  -3.9540E-002   5.4903E-001   1.8275E+000  
 1.8644E+000   6.1977E-001   1.7941E+000   1.7830E-001   1.3801E-001  -6.6581E-002  -5.4482E-002  -6.2965E-002  -1.5994E-001  -1.1435E-001  -4.3761E-003  -5.5182E-002  -4.9921E-003  -2.1367E-001   6.5396E-001   1.9096E-003  -5.3958E-003  -5.4431E-002   3.5963E-002   2.7067E+000  -5.3614E-002  -2.5601E-002   5.9243E-001   2.0429E+000  
 1.3489E+000   7.2808E-001   1.5424E+000   1.8000E-001   2.1405E-001  -1.0020E-001  -3.1841E-002  -5.6605E-002  -1.5334E-001  -3.7941E-002   3.1883E-002  -4.3287E-002   1.3397E-003  -2.2299E-001   5.5257E-001  -3.8495E-003  -2.1729E-002  -7.7778E-002   3.9509E-002   2.7771E+000  -5.7450E-002  -1.7340E-002   6.2129E-001   2.1372E+000  
 8.9894E-001   7.8266E-001   1.2486E+000   1.5038E-001   2.1853E-001  -5.4496E-002  -1.4736E-002  -4.9809E-002  -1.3121E-001   2.2711E-002   5.2381E-002  -2.0158E-002   2.8497E-004  -2.3362E-001   4.3932E-001  -5.9116E-003  -2.0642E-002  -1.0563E-001   3.3374E-002   2.8450E+000  -6.3408E-002  -2.0836E-002   6.3989E-001   2.1015E+000  
 5.4378E-001   8.1878E-001   8.7272E-001   1.1693E-001   1.7295E-001   1.4915E-002  -6.4366E-003  -4.4369E-002  -9.5246E-002   6.9713E-002   6.5254E-002  -4.4861E-004   7.6747E-004  -2.4287E-001   3.0868E-001  -8.1000E-003  -1.4875E-002  -1.2816E-001   2.4749E-002   2.8974E+000  -6.9897E-002  -2.2206E-002   6.5328E-001   2.0859E+000  
 3.1493E-001   8.3976E-001   4.4320E-001   9.1500E-002   9.3121E-002   7.2417E-002  -2.8265E-003  -4.1739E-002  -4.9882E-002   1.0006E-001   7.2013E-002   1.1720E-002   4.6119E-004  -2.5043E-001   1.6478E-001  -8.9223E-003  -7.7522E-003  -1.4275E-001   1.1927E-002   2.9309E+000  -7.7040E-002  -2.3142E-002   6.6160E-001   2.0375E+000  
 2.3620E-001   8.4660E-001  -7.8480E-003   8.2085E-002  -3.1937E-003   9.3883E-002  -8.4862E-004  -4.1084E-002  -2.6734E-004   1.1121E-001   7.4047E-002   1.5683E-002   2.6546E-004  -2.5569E-001   1.5087E-002  -9.3409E-003   1.2171E-004  -1.4814E-001  -2.0677E-003   2.9423E+000  -8.3878E-002  -2.3761E-002   6.6418E-001   2.0192E+000  
 3.1303E-001   8.4029E-001  -4.5880E-001   9.1682E-002  -9.9636E-002   7.2456E-002   1.1052E-003  -4.1769E-002   4.9962E-002   1.0307E-001   7.1951E-002   1.1376E-002   1.5910E-004  -2.5810E-001  -1.3479E-001  -8.8325E-003   8.0116E-003  -1.4376E-001  -1.6210E-002   2.9315E+000  -9.0062E-002  -2.3153E-002   6.6117E-001   2.0329E+000  
 5.3998E-001   8.1985E-001  -8.8806E-001   1.1731E-001  -1.7989E-001   1.5144E-002   4.5808E-003  -4.4409E-002   9.7170E-002   7.5694E-002   6.5173E-002  -1.2018E-003   5.8429E-005  -2.5792E-001  -2.7923E-001  -7.8950E-003   1.5089E-002  -1.3015E-001  -2.9449E-002   2.8986E+000  -9.5260E-002  -2.2169E-002   6.5250E-001   2.0790E+000  
 8.9327E-001   7.8427E-001  -1.2635E+000   1.5083E-001  -2.2620E-001  -5.3794E-002   1.2760E-002  -4.9938E-002   1.3607E-001   3.1502E-002   5.2354E-002  -2.1418E-002   1.0166E-003  -2.5539E-001  -4.1073E-001  -5.5919E-003   2.0779E-002  -1.0838E-001  -3.8687E-002   2.8467E+000  -9.8686E-002  -2.0873E-002   6.3884E-001   2.1002E+000  
 1.3413E+000   7.3023E-001  -1.5567E+000   1.8055E-001  -2.2273E-001  -9.8538E-002   2.9657E-002  -5.6752E-002   1.6212E-001  -2.6529E-002   3.1813E-002  -4.5284E-002   5.4009E-004  -2.5060E-001  -5.2515E-001  -3.5038E-003   2.1931E-002  -8.1161E-002  -4.5594E-002   2.7792E+000  -1.0065E-001  -1.7340E-002   6.2013E-001   2.1398E+000  
 1.8518E+000   6.2421E-001  -1.8016E+000   1.7907E-001  -1.4823E-001  -6.3450E-002   5.2375E-002  -6.3204E-002   1.7359E-001  -1.0030E-001  -4.2222E-003  -5.8145E-002   7.1827E-003  -2.4634E-001  -6.2776E-001   1.9444E-003   5.7812E-003  -5.7983E-002  -4.2841E-002   2.7089E+000  -1.0019E-001  -2.5374E-002   5.9143E-001   2.0486E+000  
 2.3817E+000   4.3313E-001  -1.9133E+000   1.2119E-001   1.5992E-002   1.1924E-001   7.9000E-002  -6.7917E-002   1.7054E-001  -1.9472E-001  -5.8798E-002  -4.8551E-002   2.5927E-002  -2.4732E-001  -7.2832E-001   1.3715E-002  -3.1225E-002  -5.1591E-002  -2.1355E-002   2.6578E+000  -9.8651E-002  -3.9390E-002   5.4852E-001   1.8366E+000  
 2.8215E+000   4.1311E-001  -1.4615E+000  -1.4837E-002   2.9294E-001   5.2490E-001   1.1446E-001  -6.5818E-002   1.4412E-001  -3.1453E-001  -1.2941E-001  -1.4335E-002   6.1372E-002  -2.5318E-001  -8.3333E-001   2.9193E-002  -7.5096E-002  -6.8886E-002   1.4903E-002   2.6320E+000  -9.5632E-002  -3.6469E-002   5.0247E-001   1.8092E+000  
 2.7263E+000   2.0492E-002   1.6376E+000   3.9713E-002  -1.9512E-001   3.7181E-001  -1.2922E-001  -3.7442E-002   8.0822E-002  -4.5487E-001  -1.0385E-001  -2.7367E-002  -5.7009E-002  -1.0289E-001   8.5475E-001   3.1135E-002   4.6686E-002  -2.9615E-002  -4.0517E-002   2.6374E+000  -6.0334E-002  -3.0503E-002   5.1224E-001   1.7495E+000  
 2.2446E+000  -1.4105E-002   1.9359E+000   1.5274E-001  -1.8897E-002  -5.0743E-003  -8.5783E-002  -5.1015E-002   1.4252E-002  -2.9874E-001  -3.6140E-002  -5.7356E-002  -2.2620E-002  -9.9347E-002   7.5093E-001   1.1794E-002   6.0410E-003  -1.3630E-002  -9.3765E-003   2.6640E+000  -6.0994E-002  -2.6867E-002   5.6179E-001   1.9016E+000  
 1.6694E+000   3.2698E-001   1.7817E+000   1.8640E-001   7.8356E-002  -1.6335E-001  -5.0363E-002  -5.1438E-002  -2.8156E-002  -1.8380E-001   1.0051E-002  -5.8365E-002  -1.0658E-002  -1.0257E-001   6.5907E-001   1.3319E-003  -1.5872E-002  -3.0332E-002   6.2519E-003   2.7275E+000  -6.3629E-002  -1.9036E-002   6.0137E-001   2.0309E+000  
 1.1349E+000   3.5908E-001   1.5886E+000   1.7210E-001   1.1982E-001  -1.8390E-001  -2.5458E-002  -4.6529E-002  -4.8001E-002  -9.3301E-002   3.9529E-002  -4.4927E-002  -1.0527E-002  -1.0717E-001   5.6151E-001  -9.7542E-004  -2.3508E-002  -6.3370E-002   1.3105E-002   2.8053E+000  -6.8554E-002  -1.7808E-002   6.2735E-001   2.1295E+000  
 6.6127E-001   3.8177E-001   1.2800E+000   1.3432E-001   1.2229E-001  -1.3055E-001  -9.6800E-003  -4.2541E-002  -5.0942E-002  -1.9953E-002   5.8244E-002  -2.5881E-002  -1.0267E-002  -1.1378E-001   4.4544E-001  -1.5271E-003  -2.2792E-002  -9.4199E-002   1.3036E-002   2.8751E+000  -7.2579E-002  -2.0829E-002   6.4578E-001   2.0991E+000  
 2.8879E-001   3.9666E-001   8.9250E-001   9.3578E-002   9.6217E-002  -5.5518E-002  -3.9904E-003  -4.0380E-002  -4.0726E-002   3.5277E-002   7.0924E-002  -9.5194E-003  -7.7975E-003  -1.2020E-001   3.1155E-001  -1.5772E-003  -1.5806E-002  -1.1832E-001   9.8590E-003   2.9293E+000  -7.6882E-002  -2.3898E-002   6.5919E-001   2.0253E+000  
 4.9182E-002   4.0514E-001   4.5281E-001   6.4260E-002   5.0931E-002   5.1761E-003  -1.4836E-003  -3.8782E-002  -2.1844E-002   7.0181E-002   7.7612E-002   1.0890E-003  -3.8865E-003  -1.2602E-001   1.6446E-001  -1.7795E-003  -8.1770E-003  -1.3388E-001   4.4052E-003   2.9633E+000  -8.1033E-002  -2.5033E-002   6.6720E-001   1.9101E+000  
-3.3086E-002   4.0802E-001  -7.5890E-003   5.3675E-002  -3.5178E-003   2.7837E-002  -8.4711E-004  -3.8298E-002   9.5211E-004   8.2325E-002   7.9758E-002   4.5556E-003   4.3359E-004  -1.3055E-001   1.1008E-002  -1.7953E-003   1.7325E-004  -1.3947E-001  -2.4452E-003   2.9753E+000  -8.4705E-002  -2.5531E-002   6.6959E-001   1.8938E+000  
 4.7343E-002   4.0563E-001  -4.6789E-001   6.4464E-002  -5.8049E-002   5.4554E-003  -2.4996E-004  -3.8790E-002   2.4349E-002   7.1833E-002   7.7591E-002   6.6219E-004   4.7971E-003  -1.3379E-001  -1.4255E-001  -1.7043E-003   8.5278E-003  -1.3438E-001  -9.4521E-003   2.9638E+000  -8.7689E-002  -2.5098E-002   6.6673E-001   1.9060E+000  
 2.8509E-001   3.9764E-001  -9.0733E-001   9.3981E-002  -1.0358E-001  -5.4812E-002   2.1215E-003  -4.0402E-002   4.5056E-002   3.8555E-002   7.0898E-002  -1.0444E-002   8.8428E-003  -1.3544E-001  -2.8997E-001  -1.4346E-003   1.6109E-002  -1.1927E-001  -1.5327E-002   2.9302E+000  -8.9870E-002  -2.3990E-002   6.5829E-001   2.0255E+000  
 6.5572E-001   3.8324E-001  -1.2944E+000   1.3489E-001  -1.3008E-001  -1.2911E-001   7.6391E-003  -4.2570E-002   5.8175E-002  -1.5150E-002   5.8216E-002  -2.7423E-002   1.1532E-002  -1.3583E-001  -4.2437E-001  -1.3083E-003   2.3037E-002  -9.5550E-002  -1.9152E-002   2.8764E+000  -9.1018E-002  -2.0899E-002   6.4457E-001   2.1028E+000  
 1.1275E+000   3.6105E-001  -1.6023E+000   1.7274E-001  -1.2821E-001  -1.8127E-001   2.3265E-002  -4.6591E-002   5.9098E-002  -8.7085E-002   3.9530E-002  -4.7282E-002   1.2189E-002  -1.3513E-001  -5.4113E-001  -6.8654E-004   2.3707E-002  -6.4979E-002  -1.9957E-002   2.8068E+000  -9.0952E-002  -1.7877E-002   6.2592E-001   2.1273E+000  
 1.6602E+000   3.2941E-001  -1.7948E+000   1.8688E-001  -8.7475E-002  -1.5893E-001   4.8152E-002  -5.1474E-002   4.4029E-002  -1.7633E-001   1.0123E-002  -6.1560E-002   1.2678E-002  -1.3544E-001  -6.3953E-001   1.5712E-003   1.5774E-002  -3.2161E-002  -1.3920E-002   2.7293E+000  -9.1153E-002  -1.9305E-002   5.9984E-001   2.0398E+000  
 2.2175E+000   8.5827E-003  -1.8860E+000   1.5259E-001   8.5188E-003   2.2536E-003   8.3335E-002  -5.1236E-002   7.7966E-003  -2.8977E-001  -3.6123E-002  -6.0827E-002   2.4443E-002  -1.3688E-001  -7.3189E-001   1.1613E-002  -7.0660E-003  -1.5084E-002   1.7617E-003   2.6657E+000  -8.9846E-002  -2.7711E-002   5.6056E-001   1.8822E+000  
 2.7032E+000   4.5843E-002  -1.5731E+000   3.8201E-002   1.8264E-001   3.8409E-001   1.2575E-001  -3.8214E-002  -5.0430E-002  -4.4384E-001  -1.0403E-001  -3.0078E-002   5.7957E-002  -1.4585E-001  -8.3563E-001   3.0339E-002  -4.9089E-002  -2.9995E-002   3.4419E-002   2.6384E+000  -8.8464E-002  -3.1531E-002   5.1176E-001   1.7988E+000  
 2.6622E+000  -2.6395E-001   1.6686E+000   8.6169E-002  -1.1331E-001   2.6214E-001  -1.5631E-001  -1.6317E-002   2.5092E-001  -5.5715E-001  -8.1418E-002  -4.2144E-002  -6.1664E-002   9.5904E-003   8.4675E-001   2.9293E-002   7.1473E-003  -4.1149E-004  -5.7427E-002   2.6380E+000  -7.0066E-002  -1.2495E-002   5.1760E-001   1.8461E+000  
 2.1504E+000  -3.6881E-001   1.8523E+000   1.7183E-001  -4.2292E-002  -8.1214E-002  -9.0761E-002  -3.6528E-002   1.5249E-001  -3.7364E-001  -2.3920E-002  -5.7447E-002  -3.6872E-002   1.3784E-002   7.4788E-001   1.2480E-002  -1.4467E-002   6.8055E-003  -3.4692E-002   2.6682E+000  -7.3378E-002  -1.1648E-002   5.6630E-001   1.9706E+000  
 1.5904E+000  -2.6512E-002   1.7928E+000   1.9052E-001  -7.1689E-003  -2.2119E-001  -4.7949E-002  -4.1418E-002   8.5951E-002  -2.3647E-001   1.5567E-002  -5.3391E-002  -2.7489E-002   1.4601E-002   6.5759E-001   4.6962E-003  -2.2816E-002  -1.6513E-002  -2.0228E-002   2.7338E+000  -7.6822E-002  -1.4591E-002   6.0500E-001   2.1600E+000  
 1.0455E+000  -3.6290E-002   1.5980E+000   1.6868E-001   6.3046E-003  -2.2968E-001  -2.2297E-002  -3.9851E-002   4.3605E-002  -1.2926E-001   4.2656E-002  -4.0382E-002  -2.8706E-002   1.3187E-002   5.6169E-001   3.7723E-003  -2.3934E-002  -5.5360E-002  -1.1466E-002   2.8150E+000  -7.9608E-002  -1.8672E-002   6.2939E-001   2.1448E+000  
 5.6364E-001  -4.3237E-002   1.2866E+000   1.2835E-001   1.1366E-002  -1.6856E-001  -8.6683E-003  -3.9478E-002   1.9301E-002  -4.3547E-002   6.0669E-002  -2.5245E-002  -2.6653E-002   1.0572E-002   4.4477E-001   5.6769E-003  -2.1181E-002  -8.7803E-002  -6.4662E-003   2.8858E+000  -8.1800E-002  -2.1953E-002   6.4766E-001   2.0922E+000  
 1.8468E-001  -4.8484E-002   8.9615E-001   8.6529E-002   9.6776E-003  -8.7941E-002  -2.5868E-003  -3.8533E-002   7.0511E-003   1.9715E-002   7.2148E-002  -1.1817E-002  -1.8986E-002   7.3109E-003   3.0987E-001   6.5477E-003  -1.5630E-002  -1.1408E-001  -3.8585E-003   2.9403E+000  -8.3450E-002  -2.4341E-002   6.6102E-001   1.9856E+000  
-5.8686E-002  -5.1779E-002   4.5457E-001   5.5917E-002   3.7844E-003  -2.4149E-002  -7.6145E-004  -3.8109E-002   2.3318E-003   5.9026E-002   7.8566E-002  -2.7037E-003  -9.8161E-003   3.6154E-003   1.6145E-001   6.6980E-003  -8.1383E-003  -1.3042E-001  -2.8086E-003   2.9748E+000  -8.4510E-002  -2.5869E-002   6.6887E-001   1.8395E+000  
-1.4221E-001  -5.2905E-002  -7.3516E-003   4.4961E-002  -3.7486E-003  -4.0996E-004  -8.4208E-004  -3.8157E-002   1.5173E-003   7.1838E-002   8.0598E-002   3.4655E-004   5.7701E-004  -2.5805E-004   6.7845E-003   6.4115E-003   2.1154E-004  -1.3644E-001  -2.6192E-003   2.9865E+000  -8.4911E-002  -2.6417E-002   6.7129E-001   1.7257E+000  
-6.0476E-002  -5.1335E-002  -4.6919E-001   5.6138E-002  -1.1307E-002  -2.3749E-002  -9.7019E-004  -3.8106E-002   1.3143E-003   5.9315E-002   7.8560E-002  -3.1610E-003   1.0986E-002  -4.1507E-003  -1.4791E-001   6.7354E-003   8.5429E-003  -1.3037E-001  -2.5653E-003   2.9751E+000  -8.4635E-002  -2.5966E-002   6.6836E-001   1.8358E+000  
 1.8108E-001  -4.7597E-002  -9.1051E-001   8.6960E-002  -1.7280E-002  -8.6993E-002   7.2825E-004  -3.8520E-002  -1.5975E-003   2.0271E-002   7.2144E-002  -1.2804E-002   2.0201E-002  -7.9248E-003  -2.9641E-001   6.6158E-003   1.5981E-002  -1.1399E-001  -1.9381E-003   2.9409E+000  -8.3701E-002  -2.4497E-002   6.6003E-001   1.9908E+000  
 5.5821E-001  -4.1920E-002  -1.3005E+000   1.2898E-001  -1.9089E-002  -1.6676E-001   6.6268E-003  -3.9447E-002  -1.0951E-002  -4.2756E-002   6.0628E-002  -2.6907E-002   2.7935E-002  -1.1440E-002  -4.3146E-001   5.7543E-003   2.1489E-002  -8.7657E-002   4.3645E-005   2.8866E+000  -8.2201E-002  -2.2073E-002   6.4630E-001   2.0990E+000  
 1.0383E+000  -3.4560E-002  -1.6113E+000   1.6940E-001  -1.4180E-002  -2.2659E-001   2.0115E-002  -3.9773E-002  -3.1423E-002  -1.2828E-001   4.2665E-002  -4.2875E-002   3.0033E-002  -1.4747E-002  -5.4856E-001   3.8272E-003   2.4131E-002  -5.5168E-002   4.2835E-003   2.8161E+000  -8.0270E-002  -1.8766E-002   6.2776E-001   2.1533E+000  
 1.5815E+000  -2.4392E-002  -1.8056E+000   1.9098E-001  -8.8054E-004  -2.1620E-001   4.5824E-002  -4.1266E-002  -6.9034E-002  -2.3534E-001   1.5725E-002  -5.6719E-002   2.8832E-002  -1.8240E-002  -6.4467E-001   4.6943E-003   2.2625E-002  -1.6274E-002   1.2273E-002   2.7350E+000  -7.8315E-002  -1.5007E-002   6.0324E-001   2.1718E+000  
 2.1252E+000  -3.5244E-001  -1.8019E+000   1.7138E-001   3.3976E-002  -7.3152E-002   8.8311E-002  -3.6330E-002  -1.2950E-001  -3.7231E-001  -2.3947E-002  -6.0928E-002   3.8103E-002  -2.3506E-002  -7.3503E-001   1.2360E-002   1.2989E-002   7.2208E-003   2.6736E-002   2.6692E+000  -7.7587E-002  -1.2922E-002   5.6468E-001   1.9591E+000  
 2.6406E+000  -2.4939E-001  -1.6048E+000   8.3717E-002   1.0451E-001   2.7570E-001   1.5231E-001  -1.6162E-002  -2.1932E-001  -5.5537E-001  -8.1952E-002  -4.4359E-002   6.2560E-002  -3.3180E-002  -8.3359E-001   2.9007E-002  -1.0449E-002   4.0470E-004   5.1308E-002   2.6385E+000  -7.8885E-002  -1.4094E-002   5.1658E-001   1.8845E+000  
 2.6660E+000  -4.2426E-001   1.6187E+000   1.1352E-001  -2.1874E-002   1.9734E-001  -1.9128E-001   6.7949E-003   3.9350E-001  -6.4647E-001  -6.8934E-002  -4.9459E-002  -8.0342E-002   1.2464E-001   8.3609E-001   2.7502E-002  -2.8070E-002   1.5755E-002  -6.8067E-002   2.6325E+000  -8.1573E-002   4.9564E-003   5.1820E-001   1.9196E+000  
 2.1454E+000  -6.0518E-001   1.7045E+000   1.8217E-001  -5.3799E-002  -1.1125E-001  -1.0189E-001  -2.0639E-002   2.6781E-001  -4.3128E-001  -1.9839E-002  -5.0369E-002  -6.1523E-002   1.2806E-001   7.3885E-001   1.5721E-002  -3.1682E-002   1.5243E-002  -5.5126E-002   2.6618E+000  -8.6534E-002   3.2352E-003   5.6515E-001   1.9690E+000  
 1.6212E+000  -3.8084E-001   1.7559E+000   1.9539E-001  -8.2804E-002  -2.3241E-001  -5.0393E-002  -3.1951E-002   1.8166E-001  -2.6968E-001   1.4690E-002  -4.1927E-002  -5.4683E-002   1.3210E-001   6.5019E-001   1.0264E-002  -2.8110E-002  -1.3028E-002  -4.2761E-002   2.7271E+000  -8.9853E-002  -9.3111E-003   6.0239E-001   2.1453E+000  
 1.0845E+000  -4.3272E-001   1.5720E+000   1.7346E-001  -9.7313E-002  -2.2846E-001  -2.2459E-002  -3.5231E-002   1.2091E-001  -1.4363E-001   4.0254E-002  -2.9408E-002  -5.2141E-002   1.3366E-001   5.5354E-001   1.0935E-002  -2.3161E-002  -5.3570E-002  -3.2890E-002   2.8057E+000  -9.0279E-002  -1.8575E-002   6.2742E-001   2.1877E+000  
 6.0990E-001  -4.7028E-001   1.2684E+000   1.3650E-001  -9.2783E-002  -1.5940E-001  -9.8382E-003  -3.6756E-002   7.8947E-002  -4.5359E-002   5.8220E-002  -1.8156E-002  -4.4936E-002   1.3494E-001   4.3749E-001   1.2487E-002  -1.8677E-002  -8.9427E-002  -2.3607E-002   2.8756E+000  -9.0505E-002  -2.2154E-002   6.4569E-001   2.1400E+000  
 2.3615E-001  -4.9588E-001   8.8410E-001   9.7984E-002  -7.2603E-002  -7.3176E-002  -2.4825E-003  -3.8075E-002   4.7700E-002   2.5933E-002   6.8975E-002  -7.6070E-003  -3.2540E-002   1.3478E-001   3.0342E-001   1.3949E-002  -1.4860E-002  -1.1674E-001  -1.5925E-002   2.9298E+000  -8.9440E-002  -2.3855E-002   6.5910E-001   2.0322E+000  
-3.7175E-003  -5.1080E-001   4.4875E-001   6.8809E-002  -4.1092E-002  -6.3279E-003  -6.3104E-004  -3.8365E-002   2.2678E-002   6.9421E-002   7.5378E-002   3.7916E-005  -1.6572E-002   1.3322E-001   1.5612E-001   1.4638E-002  -7.8155E-003  -1.3395E-001  -9.0879E-003   2.9636E+000  -8.7354E-002  -2.5723E-002   6.6713E-001   1.8759E+000  
-8.6059E-002  -5.1552E-001  -7.1451E-003   5.8385E-002  -3.9432E-003   1.8430E-002  -8.4421E-004  -3.8464E-002   1.4621E-003   8.3402E-002   7.7369E-002   2.6933E-003   7.2867E-004   1.3004E-001   2.5692E-003   1.4884E-002   2.1115E-004  -1.3971E-001  -2.5459E-003   2.9754E+000  -8.4485E-002  -2.6302E-002   6.6950E-001   1.8529E+000  
-5.4696E-003  -5.1041E-001  -4.6295E-001   6.9051E-002   3.3236E-002  -5.9252E-003  -1.0918E-003  -3.8349E-002  -1.9161E-002   6.8349E-002   7.5363E-002  -4.0551E-004   1.8019E-002   1.2557E-001  -1.5094E-001   1.4630E-002   8.2332E-003  -1.3337E-001   3.8415E-003   2.9637E+000  -8.0941E-002  -2.5808E-002   6.6658E-001   1.8765E+000  
 2.3263E-001  -4.9509E-001  -8.9806E-001   9.8457E-002   6.4840E-002  -7.2225E-002   6.3916E-004  -3.8026E-002  -4.2387E-002   2.3776E-002   6.8964E-002  -8.5609E-003   3.3938E-002   1.1978E-001  -2.9809E-001   1.3925E-002   1.5201E-002  -1.1561E-001   1.0258E-002   2.9300E+000  -7.6918E-002  -2.3978E-002   6.5803E-001   2.0346E+000  
 6.0463E-001  -4.6912E-001  -1.2819E+000   1.3714E-001   8.5200E-002  -1.5760E-001   7.8630E-003  -3.6649E-002  -7.0769E-002  -4.8566E-002   5.8230E-002  -1.9725E-002   4.6221E-002   1.1325E-001  -4.3193E-001   1.2405E-002   1.8914E-002  -8.7801E-002   1.7299E-002   2.8760E+000  -7.2762E-002  -2.2283E-002   6.4418E-001   2.1435E+000  
 1.0775E+000  -4.3124E-001  -1.5849E+000   1.7414E-001   9.0042E-002  -2.2537E-001   2.0395E-002  -3.4986E-002  -1.0892E-001  -1.4786E-001   4.0359E-002  -3.1784E-002   5.3107E-002   1.0615E-001  -5.4767E-001   1.0721E-002   2.3263E-002  -5.1598E-002   2.5880E-002   2.8062E+000  -6.8975E-002  -1.8744E-002   6.2561E-001   2.1914E+000  
 1.6125E+000  -3.7905E-001  -1.7683E+000   1.9584E-001   7.5890E-002  -2.2741E-001   4.8329E-002  -3.1594E-002  -1.6493E-001  -2.7484E-001   1.4859E-002  -4.5072E-002   5.5296E-002   9.9752E-002  -6.4386E-001   9.9773E-003   2.7797E-002  -1.0716E-002   3.5008E-002   2.7276E+000  -6.4800E-002  -9.7492E-003   6.0048E-001   2.1509E+000  
 2.1214E+000  -5.9568E-001  -1.6573E+000   1.8186E-001   4.7615E-002  -1.0315E-001   9.9542E-002  -1.9995E-002  -2.4490E-001  -4.3754E-001  -1.9788E-002  -5.3640E-002   6.2120E-002   9.1036E-002  -7.3215E-001   1.5642E-002   3.0295E-002   1.7508E-002   4.7556E-002   2.6621E+000  -6.4338E-002   2.1636E-003   5.6332E-001   1.9891E+000  
 2.6455E+000  -4.2105E-001  -1.5585E+000   1.1155E-001   1.6813E-002   2.1078E-001   1.8762E-001   7.9027E-003  -3.6203E-001  -6.5386E-001  -6.9216E-002  -5.1639E-002   8.1156E-002   8.2058E-002  -8.2880E-001   2.7719E-002   2.5115E-002   1.7741E-002   6.2279E-002   2.6324E+000  -6.7433E-002   3.7650E-003   5.1686E-001   1.9018E+000  
 2.7422E+000  -4.4422E-001   1.4844E+000   1.0620E-001   1.3538E-001   1.7482E-001  -2.2841E-001   3.1987E-002   5.0601E-001  -7.1592E-001  -7.3403E-002  -4.4586E-002  -9.7303E-002   2.4001E-001   8.2227E-001   1.9919E-002  -4.2538E-002   2.3116E-002  -6.8373E-002   2.6231E+000  -9.3754E-002   9.2576E-003   5.1163E-001   1.9160E+000  
 2.2380E+000  -7.1544E-001   1.4852E+000   1.8286E-001  -1.2522E-002  -1.0499E-001  -1.2513E-001   2.0575E-005   3.6201E-001  -4.7237E-001  -2.2565E-002  -4.1863E-002  -9.3123E-002   2.4247E-001   7.2914E-001   1.8714E-002  -4.6352E-002   9.8896E-003  -6.3933E-002   2.6516E+000  -9.8411E-002   1.4716E-002   5.5531E-001   1.9279E+000  
 1.7484E+000  -7.4107E-001   1.6018E+000   1.9985E-001  -1.1225E-001  -2.0268E-001  -6.0571E-002  -1.8067E-002   2.5638E-001  -2.8140E-001   8.1963E-003  -2.5763E-002  -8.6679E-002   2.4480E-001   6.3605E-001   1.7045E-002  -3.2055E-002  -1.9748E-002  -6.0513E-002   2.7060E+000  -1.0016E-001  -1.6855E-003   5.9460E-001   2.0992E+000  
 1.2458E+000  -8.0565E-001   1.5089E+000   1.8524E-001  -1.6254E-001  -1.8506E-001  -2.6608E-002  -2.8563E-002   1.8196E-001  -1.3379E-001   3.0642E-002  -1.2666E-002  -7.7797E-002   2.4989E-001   5.3711E-001   1.8070E-002  -2.1271E-002  -5.9277E-002  -4.9739E-002   2.7782E+000  -1.0019E-001  -1.6224E-002   6.2127E-001   2.1549E+000  
 7.9360E-001  -8.7550E-001   1.2233E+000   1.5788E-001  -1.6797E-001  -1.0797E-001  -1.1674E-002  -3.3565E-002   1.2642E-001  -2.2507E-002   4.8836E-002  -5.3832E-003  -6.6071E-002   2.5482E-001   4.2384E-001   2.0296E-002  -1.8102E-002  -9.7298E-002  -3.6685E-002   2.8461E+000  -9.8138E-002  -1.9344E-002   6.3969E-001   2.0935E+000  
 4.3726E-001  -9.2319E-001   8.5539E-001   1.2521E-001  -1.3545E-001  -1.6172E-002  -4.1480E-003  -3.5586E-002   8.0138E-002   5.7189E-002   6.0822E-002   1.9229E-003  -4.6674E-002   2.5733E-001   2.9281E-001   2.1156E-002  -1.3964E-002  -1.2638E-001  -2.5804E-002   2.8983E+000  -9.4672E-002  -2.2735E-002   6.5312E-001   2.0245E+000  
 2.0826E-001  -9.5072E-001   4.3493E-001   1.0030E-001  -7.6363E-002   5.3695E-002  -1.1804E-003  -3.7076E-002   3.8877E-002   1.0505E-001   6.7921E-002   8.0904E-003  -2.3879E-002   2.5752E-001   1.4847E-001   2.2134E-002  -7.3728E-003  -1.4430E-001  -1.3800E-002   2.9315E+000  -8.9510E-002  -2.4685E-002   6.6147E-001   1.9600E+000  
 1.2964E-001  -9.5965E-001  -6.9584E-003   9.1420E-002  -4.1594E-003   7.9451E-002  -8.4096E-004  -3.7688E-002   7.6141E-004   1.1999E-001   7.0247E-002   1.0320E-002   9.1882E-004   2.5519E-001  -1.4908E-003   2.2269E-002   1.9205E-004  -1.5006E-001  -2.2747E-003   2.9426E+000  -8.3437E-002  -2.5069E-002   6.6402E-001   1.9411E+000  
 2.0654E-001  -9.5037E-001  -4.4875E-001   1.0055E-001   6.8122E-002   5.3982E-002  -5.1369E-004  -3.7035E-002  -3.6758E-002   1.0262E-001   6.7876E-002   7.7124E-003   2.5656E-002   2.5010E-001  -1.5133E-001   2.2087E-002   7.7539E-003  -1.4320E-001   9.1042E-003   2.9314E+000  -7.6731E-002  -2.4731E-002   6.6088E-001   1.9653E+000  
 4.3382E-001  -9.2250E-001  -8.6898E-001   1.2571E-001   1.2748E-001  -1.5449E-002   2.3585E-003  -3.5505E-002  -7.6230E-002   5.2356E-002   6.0765E-002   1.1101E-003   4.8314E-002   2.4277E-001  -2.9531E-001   2.1035E-002   1.4260E-002  -1.2422E-001   2.0698E-002   2.8982E+000  -6.9704E-002  -2.2771E-002   6.5197E-001   2.0313E+000  
 7.8851E-001  -8.7452E-001  -1.2365E+000   1.5843E-001   1.6051E-001  -1.0654E-001   9.8555E-003  -3.3321E-002  -1.1967E-001  -2.9656E-002   4.8924E-002  -6.7012E-003   6.7294E-002   2.3377E-001  -4.2576E-001   2.0019E-002   1.8187E-002  -9.4311E-002   3.0993E-002   2.8460E+000  -6.3295E-002  -1.9515E-002   6.3808E-001   2.0877E+000  
 1.2390E+000  -8.0439E-001  -1.5216E+000   1.8585E-001   1.5580E-001  -1.8248E-001   2.4684E-002  -2.8181E-002  -1.7140E-001  -1.4315E-001   3.0770E-002  -1.4712E-002   7.8484E-002   2.2320E-001  -5.3824E-001   1.7712E-002   2.1297E-002  -5.5598E-002   4.3332E-002   2.7781E+000  -5.7413E-002  -1.6395E-002   6.1929E-001   2.1573E+000  
 1.7376E+000  -7.3780E-001  -1.6087E+000   2.0054E-001   1.0666E-001  -1.9836E-001   5.8750E-002  -1.7457E-002  -2.4101E-001  -2.9302E-001   8.5217E-003  -2.8635E-002   8.7013E-002   2.1315E-001  -6.3630E-001   1.6878E-002   3.2039E-002  -1.5766E-002   5.3480E-002   2.7059E+000  -5.3388E-002  -1.7454E-003   5.9241E-001   2.0994E+000  
 2.2151E+000  -7.0762E-001  -1.4461E+000   1.8324E-001   8.7177E-003  -9.7728E-002   1.2318E-001   1.1344E-003  -3.4033E-001  -4.8634E-001  -2.2152E-002  -4.4902E-002   9.3564E-002   2.0582E-001  -7.2849E-001   1.8986E-002   4.5680E-002   1.3667E-002   5.7238E-002   2.6513E+000  -5.1997E-002   1.4464E-002   5.5328E-001   1.9191E+000  
 2.7224E+000  -4.4827E-001  -1.4307E+000   1.0586E-001  -1.3633E-001   1.8685E-001   2.2598E-001   3.4187E-002  -4.7578E-001  -7.3279E-001  -7.2937E-002  -4.7004E-002   9.8508E-002   1.9760E-001  -8.2081E-001   2.0952E-002   4.1006E-002   2.5912E-002   6.3393E-002   2.6221E+000  -5.5318E-002   8.9875E-003   5.1008E-001   1.8983E+000  
 3.0196E+000  -2.2526E-001   1.0656E+000   1.9683E-001   2.8039E-001   2.0611E-002  -4.3234E-001   1.1710E-001   6.7203E-001  -9.0705E-001  -4.5273E-002  -1.3671E-001  -1.8323E-001   3.7400E-001   9.2988E-001   1.4438E-002  -7.9855E-002  -4.8752E-002  -6.7029E-003   2.6889E+000  -8.9103E-002  -8.9174E-003   4.8954E-001   1.6777E+000  
 2.4182E+000  -6.5792E-001   1.1758E+000   1.5495E-001   1.3036E-001  -8.0396E-002  -1.5437E-001   2.3186E-002   4.3186E-001  -4.8744E-001  -4.0077E-002  -3.1662E-002  -1.1238E-001   3.5371E-001   7.1656E-001   9.6258E-003  -4.4454E-002  -8.9485E-004  -5.7478E-002   2.6384E+000  -1.0830E-001   1.1250E-002   5.3731E-001   1.8642E+000  
 1.8954E+000  -1.0410E+000   9.4363E-001   1.8765E-001  -5.4198E-002  -1.5227E-001  -7.4568E-002  -1.2757E-003   3.1052E-001  -2.6460E-001  -1.0337E-002  -8.7558E-003  -1.0766E-001   3.5323E-001   6.1536E-001   1.2854E-002  -2.4959E-002  -2.9686E-002  -6.5600E-002   2.6764E+000  -1.1079E-001  -4.0059E-003   5.7896E-001   1.9706E+000  
 1.5099E+000  -1.1226E+000   1.4071E+000   1.9396E-001  -1.6060E-001  -1.1992E-001  -3.5808E-002  -1.4432E-002   2.2310E-001  -9.7679E-002   1.5380E-002   4.8704E-003  -1.0162E-001   3.5608E-001   5.1369E-001   1.9841E-002  -1.7065E-002  -7.1504E-002  -6.1428E-002   2.7350E+000  -1.0838E-001  -1.4860E-002   6.1053E-001   2.1397E+000  
 1.0939E+000  -1.2274E+000   1.1507E+000   1.8231E-001  -1.9141E-001  -3.4952E-002  -1.6857E-002  -2.4017E-002   1.5861E-001   2.6365E-002   3.4867E-002   8.8947E-003  -8.6274E-002   3.6386E-001   4.0447E-001   2.4207E-002  -1.5989E-002  -1.1185E-001  -4.6158E-002   2.7990E+000  -1.0429E-001  -1.6806E-002   6.2956E-001   2.0777E+000  
 7.6471E-001  -1.2991E+000   8.0883E-001   1.6136E-001  -1.6307E-001   6.2169E-002  -6.3417E-003  -2.9675E-002   1.0216E-001   1.1468E-001   4.7354E-002   1.3879E-002  -6.2163E-002   3.6863E-001   2.7821E-001   2.6412E-002  -1.3244E-002  -1.4202E-001  -3.1396E-002   2.8485E+000  -9.8477E-002  -1.9087E-002   6.4322E-001   2.0589E+000  
 5.5360E-001  -1.3411E+000   4.1247E-001   1.4188E-001  -9.4039E-002   1.3521E-001  -2.6120E-003  -3.1877E-002   4.9540E-002   1.6722E-001   5.6550E-002   1.8611E-002  -3.0945E-002   3.7028E-001   1.3925E-001   2.6604E-002  -6.8768E-003  -1.6118E-001  -1.7095E-002   2.8799E+000  -9.0787E-002  -2.2824E-002   6.5167E-001   2.0117E+000  
 4.8108E-001  -1.3547E+000  -6.7913E-003   1.3484E-001  -4.4741E-003   1.6175E-001  -8.2092E-004  -3.2621E-002  -5.1634E-004   1.8351E-001   5.9751E-002   1.9950E-002   1.1413E-003   3.6841E-001  -5.2214E-003   2.6494E-002   1.5883E-004  -1.6668E-001  -1.8046E-003   2.8904E+000  -8.1839E-002  -2.3798E-002   6.5437E-001   1.9997E+000  
 5.5188E-001  -1.3408E+000  -4.2597E-001   1.4219E-001   8.5237E-002   1.3525E-001   9.4014E-004  -3.1870E-002  -4.9981E-002   1.6351E-001   5.6406E-002   1.8379E-002   3.3171E-002   3.6318E-001  -1.4950E-001   2.6597E-002   7.1860E-003  -1.5963E-001   1.3312E-002   2.8796E+000  -7.2296E-002  -2.2728E-002   6.5105E-001   2.0317E+000  
 7.6135E-001  -1.2985E+000  -8.2214E-001   1.6181E-001   1.5475E-001   6.2383E-002   4.6902E-003  -2.9554E-002  -1.0082E-001   1.0730E-001   4.7274E-002   1.3376E-002   6.4021E-002   3.5469E-001  -2.8790E-001   2.6255E-002   1.3378E-002  -1.3906E-001   2.7227E-002   2.8481E+000  -6.2879E-002  -1.9081E-002   6.4201E-001   2.0670E+000  
 1.0889E+000  -1.2266E+000  -1.1636E+000   1.8279E-001   1.8390E-001  -3.4290E-002   1.5159E-002  -2.3765E-002  -1.5441E-001   1.5463E-002   3.4914E-002   8.0023E-003   8.7537E-002   3.4370E-001  -4.1324E-001   2.3986E-002   1.5999E-002  -1.0766E-001   4.1402E-002   2.7984E+000  -5.4323E-002  -1.6944E-002   6.2783E-001   2.0889E+000  
 1.5034E+000  -1.1215E+000  -1.4194E+000   1.9460E-001   1.5432E-001  -1.1838E-001   3.4078E-002  -1.4011E-002  -2.1509E-001  -1.1202E-001   1.5563E-002   3.3489E-003   1.0229E-001   3.3042E-001  -5.2126E-001   1.9691E-002   1.7194E-002  -6.6392E-002   5.5972E-002   2.7343E+000  -4.6810E-002  -1.4899E-002   6.0838E-001   2.1161E+000  
 1.8718E+000  -1.0231E+000  -9.3161E-001   1.8881E-001   4.9967E-002  -1.4930E-001   7.3120E-002  -4.1246E-004  -2.9756E-001  -2.8256E-001  -9.7215E-003  -1.1094E-002   1.0824E-001   3.2240E-001  -6.2169E-001   1.3177E-002   2.5466E-002  -2.4377E-002   5.9697E-002   2.6756E+000  -4.1077E-002  -3.4753E-003   5.7659E-001   1.9708E+000  
 2.3962E+000  -6.5321E-001  -1.1492E+000   1.5685E-001  -1.3117E-001  -7.5080E-002   1.5360E-001   2.5162E-002  -4.1227E-001  -5.0980E-001  -3.8939E-002  -3.4540E-002   1.1373E-001   3.1717E-001  -7.2201E-001   1.0894E-002   4.5230E-002   3.3977E-003   5.2159E-002   2.6373E+000  -4.1786E-002   1.1979E-002   5.3497E-001   1.8562E+000  
 3.0016E+000  -2.3298E-001  -1.0213E+000   2.0003E-001  -2.7298E-001   3.1239E-002   4.3281E-001   1.2264E-001  -6.4008E-001  -9.3679E-001  -4.3564E-002  -1.3849E-001   1.8777E-001   3.2672E-001  -9.3494E-001   1.6662E-002   8.0027E-002  -4.7311E-002   4.7176E-003   2.6858E+000  -6.4065E-002  -9.0557E-003   4.8769E-001   1.6825E+000  
-2.9159E-001  -2.1677E+000   5.1625E+000  -2.2374E+000   3.8090E+000   2.5013E+000   1.6425E+000  -9.0555E-001   1.0349E-001   1.5767E+000  -5.5214E-001   6.4571E-001   8.7368E-001   7.0551E-001  -3.1861E-001  -1.2954E-001   3.0357E-001   3.4518E-001   1.1231E-002   2.3189E+000  -3.0438E-001  -3.2353E-002   3.9402E-001   1.5506E+000  
 2.6566E+000  -4.3157E-001   7.6756E-001   7.3923E-002   4.2737E-001  -7.0445E-002  -1.7876E-001   4.2957E-002   4.8184E-001  -4.6722E-001  -8.0974E-002  -2.3452E-002  -1.0064E-001   4.6630E-001   7.0423E-001  -2.0753E-002  -1.8186E-002  -1.0452E-002  -2.9048E-002   2.6282E+000  -1.1656E-001  -5.1096E-003   5.1086E-001   1.7264E+000  
 2.1862E+000  -8.2047E-001   5.6276E-001   1.4246E-001   1.2806E-001  -1.1901E-001  -9.2815E-002   1.8916E-002   3.4798E-001  -2.1950E-001  -4.2992E-002  -4.9604E-004  -1.0951E-001   4.5831E-001   5.9879E-001  -8.7241E-003  -7.3484E-003  -4.5497E-002  -4.9353E-002   2.6506E+000  -1.1768E-001  -1.6958E-002   5.5237E-001   1.8520E+000  
 1.7028E+000  -1.2120E+000   3.4567E-001   1.7980E-001  -5.8594E-002  -7.0928E-002  -4.8548E-002   4.9748E-003   2.4995E-001  -3.3613E-002  -1.0950E-002   1.2937E-002  -1.1114E-001   4.5618E-001   4.9390E-001   6.1647E-003  -6.2258E-003  -8.9905E-002  -5.5328E-002   2.6915E+000  -1.1402E-001  -2.3751E-002   5.8813E-001   1.9438E+000  
 1.4804E+000  -1.4976E+000   1.0474E+000   1.9390E-001  -1.4156E-001   2.6096E-002  -2.5845E-002  -4.3524E-003   1.7408E-001   1.0404E-001   1.4707E-002   1.9780E-002  -1.0077E-001   4.5980E-001   3.8159E-001   1.9677E-002  -1.0931E-002  -1.3136E-001  -4.9516E-002   2.7395E+000  -1.0926E-001  -1.8837E-002   6.1351E-001   2.0317E+000  
 1.1884E+000  -1.5959E+000   7.4195E-001   1.8966E-001  -1.4234E-001   1.2880E-001  -1.1965E-002  -1.3048E-002   1.1192E-001   2.0074E-001   3.0725E-002   2.3048E-002  -7.5078E-002   4.6456E-001   2.6086E-001   2.4888E-002  -1.1588E-002  -1.6271E-001  -3.4223E-002   2.7835E+000  -1.0126E-001  -1.8228E-002   6.2869E-001   2.0581E+000  
 9.9984E-001  -1.6541E+000   3.7965E-001   1.7997E-001  -8.7009E-002   2.0469E-001  -4.3818E-003  -1.8081E-002   5.3752E-002   2.5815E-001   4.0454E-002   2.6215E-002  -3.8739E-002   4.6753E-001   1.2860E-001   2.6319E-002  -7.2629E-003  -1.8192E-001  -1.7418E-002   2.8127E+000  -9.1113E-002  -2.0966E-002   6.3743E-001   2.0451E+000  
 9.3533E-001  -1.6732E+000  -6.6377E-003   1.7545E-001  -4.9549E-003   2.3186E-001  -8.0867E-004  -1.9139E-002  -2.3199E-003   2.7564E-001   4.4567E-002   2.7297E-002   1.4713E-003   4.6641E-001  -8.5207E-003   2.6098E-002   1.3086E-004  -1.8786E-001  -1.2214E-003   2.8221E+000  -7.9784E-002  -2.2456E-002   6.4022E-001   2.0563E+000  
 9.9819E-001  -1.6538E+000  -3.9287E-001   1.8019E-001   7.7345E-002   2.0435E-001   2.7926E-003  -1.7999E-002  -5.7800E-002   2.5323E-001   4.0355E-002   2.6160E-002   4.1457E-002   4.6081E-001  -1.4539E-001   2.6248E-002   7.4682E-003  -1.7999E-001   1.4851E-002   2.8123E+000  -6.7913E-002  -2.0938E-002   6.3677E-001   2.0480E+000  
 1.1851E+000  -1.5954E+000  -7.5500E-001   1.8997E-001   1.3337E-001   1.2825E-001   1.0428E-002  -1.2856E-002  -1.1421E-001   1.9096E-001   3.0643E-002   2.2929E-002   7.7260E-002   4.5139E-001  -2.7689E-001   2.4756E-002   1.1620E-002  -1.5901E-001   3.1272E-002   2.7827E+000  -5.6208E-002  -1.8311E-002   6.2737E-001   2.0703E+000  
 1.4756E+000  -1.4968E+000  -1.0601E+000   1.9431E-001   1.3375E-001   2.5632E-002   2.4280E-002  -4.0576E-003  -1.7353E-001   8.9546E-002   1.4737E-002   1.9483E-002   1.0225E-001   4.4073E-001  -3.9637E-001   1.9530E-002   1.0920E-002  -1.2614E-001   4.5993E-002   2.7385E+000  -4.5800E-002  -1.8976E-002   6.1160E-001   2.0471E+000  
 1.6824E+000  -1.1781E+000  -3.6626E-001   1.8072E-001   5.2728E-002  -7.1130E-002   4.7232E-002   5.4623E-003  -2.4561E-001  -5.3082E-002  -1.0588E-002   1.1883E-002   1.1227E-001   4.3147E-001  -5.0752E-001   6.2347E-003   6.7082E-003  -8.4039E-002   5.1043E-002   2.6903E+000  -3.8600E-002  -2.3402E-002   5.8563E-001   1.9337E+000  
 2.1648E+000  -7.9998E-001  -5.6535E-001   1.4462E-001  -1.3061E-001  -1.1849E-001   9.2428E-002   2.0218E-002  -3.3844E-001  -2.4453E-001  -4.1885E-002  -2.5550E-003   1.1112E-001   4.2790E-001  -6.1126E-001  -7.7805E-003   8.9135E-003  -4.0093E-002   4.4795E-002   2.6491E+000  -3.2991E-002  -1.5837E-002   5.4959E-001   1.8144E+000  
 2.6358E+000  -4.2850E-001  -7.5610E-001   7.6739E-002  -4.2553E-001  -6.8129E-002   1.7914E-001   4.5389E-002  -4.6561E-001  -4.9786E-001  -7.9691E-002  -2.5967E-002   1.0255E-001   4.3005E-001  -7.1546E-001  -1.9379E-002   1.9537E-002  -5.9971E-003   2.4956E-002   2.6263E+000  -3.3158E-002  -4.6274E-003   5.0813E-001   1.6917E+000  
-5.5730E-001  -2.3437E+000  -5.4364E+000  -2.4064E+000  -4.0334E+000   2.6521E+000  -1.7944E+000  -9.8581E-001  -6.7339E-002   1.7103E+000  -5.8561E-001   6.9437E-001  -9.5104E-001   6.9239E-001   3.7967E-001  -1.4359E-001  -3.2618E-001   3.7480E-001  -9.1476E-003   2.3003E+000   1.6977E-001  -3.4209E-002   3.8901E-001   1.5486E+000  
 2.0914E+000  -1.1975E+000   2.7960E-002   1.1803E-001   1.8081E-001  -8.4714E-002  -5.7718E-002   2.6800E-002   2.6640E-001   6.9274E-002  -5.6712E-002   9.6666E-003  -9.3063E-002   5.5493E-001   4.7996E-001  -2.8087E-002   1.9047E-002  -1.0615E-001  -2.5032E-002   2.6568E+000  -1.1840E-001  -4.0261E-002   5.5427E-001   1.8653E+000  
 1.6909E+000  -1.5138E+000  -1.3710E-001   1.7074E-001   8.3057E-003   2.5322E-002  -3.4344E-002   2.2682E-002   1.7790E-001   2.1787E-001  -2.1242E-002   2.0931E-002  -9.7635E-002   5.4697E-001   3.6279E-001   5.8780E-004   4.0405E-003  -1.5176E-001  -3.5777E-002   2.6824E+000  -1.1150E-001  -3.0363E-002   5.8679E-001   1.9215E+000  
 1.6194E+000  -1.7645E+000   5.0422E-001   1.9237E-001  -5.5457E-002   1.3406E-001  -1.8851E-002   1.3769E-002   1.1182E-001   3.2176E-001   6.7307E-004   2.5470E-002  -7.7990E-002   5.4687E-001   2.4494E-001   1.6113E-002  -4.6227E-003  -1.8691E-001  -2.7835E-002   2.7146E+000  -1.0107E-001  -2.1075E-002   6.0614E-001   1.9778E+000  
 1.5063E+000  -1.8494E+000   3.3540E-001   2.0053E-001  -4.9537E-002   2.1387E-001  -8.7473E-003   8.4513E-003   5.0297E-002   3.8390E-001   1.5281E-002   3.0456E-002  -4.3929E-002   5.4661E-001   1.1685E-001   2.5995E-002  -5.8190E-003  -2.0706E-001  -1.6805E-002   2.7354E+000  -9.0819E-002  -1.4853E-002   6.1789E-001   2.0232E+000  
 1.4509E+000  -1.8744E+000  -6.5226E-003   2.0089E-001  -5.6281E-003   2.4173E-001  -7.5554E-004   5.6178E-003  -4.6183E-003   4.0284E-001   1.9750E-002   3.1580E-002   1.7537E-003   5.4582E-001  -1.1327E-002   2.7220E-002   5.7853E-005  -2.1218E-001  -4.8955E-004   2.7437E+000  -7.7403E-002  -1.4703E-002   6.2064E-001   2.0483E+000  
 1.5047E+000  -1.8493E+000  -3.4843E-001   2.0041E-001   3.8523E-002   2.1293E-001   7.2606E-003   8.4363E-003  -5.9055E-002   3.7771E-001   1.5197E-002   3.0430E-002   4.7110E-002   5.4027E-001  -1.3929E-001   2.5598E-002   5.8123E-003  -2.0495E-001   1.5568E-002   2.7348E+000  -6.3673E-002  -1.5253E-002   6.1713E-001   2.0828E+000  
 1.6152E+000  -1.7601E+000  -5.2174E-001   1.9209E-001   4.5219E-002   1.3226E-001   1.7316E-002   1.3647E-002  -1.1908E-001   3.0945E-001   4.0344E-004   2.5359E-002   8.0334E-002   5.3446E-001  -2.6670E-001   1.5230E-002   4.3523E-003  -1.8288E-001   2.5910E-002   2.7136E+000  -5.2373E-002  -2.1867E-002   6.0450E-001   1.9990E+000  
 1.6766E+000  -1.4775E+000   1.0316E-001   1.7067E-001  -1.6894E-002   2.2809E-002   3.2977E-002   2.2605E-002  -1.8241E-001   1.9935E-001  -2.1384E-002   2.0534E-002   9.9371E-002   5.2865E-001  -3.8344E-001  -3.0610E-004  -4.1178E-003  -1.4646E-001   3.3189E-002   2.6808E+000  -4.0492E-002  -3.1016E-002   5.8450E-001   1.9381E+000  
 2.0742E+000  -1.1646E+000  -5.2402E-002   1.1878E-001  -1.8666E-001  -8.7764E-002   5.6994E-002   2.6996E-002  -2.6705E-001   4.4173E-002  -5.6410E-002   8.5395E-003   9.4683E-002   5.3081E-001  -4.9951E-001  -2.8512E-002  -1.8309E-002  -1.0058E-001   2.1719E-002   2.6549E+000  -3.2302E-002  -4.0257E-002   5.5137E-001   1.8598E+000  
 2.4840E+000  -9.6903E-001  -4.0188E-001   8.7036E-003   5.7574E-001  -2.1336E-001  -6.7222E-002   6.8660E-002   2.6442E-001   2.1679E-001  -1.0998E-001  -2.7490E-004  -5.8651E-002   6.5202E-001   4.7422E-001  -5.3005E-002   4.1840E-002  -1.1658E-001   2.1742E-002   2.6384E+000  -1.1751E-001  -3.3899E-002   5.1464E-001   1.7700E+000  
 2.1355E+000  -1.3601E+000  -4.6540E-001   9.0581E-002   2.8759E-001  -9.3513E-002  -3.4802E-002   5.9528E-002   1.8177E-001   3.8154E-001  -7.5523E-002   1.1293E-002  -6.3994E-002   6.3968E-001   3.5937E-001  -2.9747E-002   3.1642E-002  -1.6112E-001   6.6125E-003   2.6520E+000  -1.0885E-001  -3.7318E-002   5.4551E-001   1.8220E+000  
 1.8445E+000  -1.5645E+000  -4.8133E-001   1.5442E-001   1.1316E-001   2.6618E-002  -2.3094E-002   6.1324E-002   1.0485E-001   4.9181E-001  -4.1147E-002   2.5223E-002  -6.3614E-002   6.2629E-001   2.3590E-001   6.3838E-003   1.0496E-002  -2.0034E-001  -6.6509E-003   2.6621E+000  -9.8146E-002  -1.9638E-002   5.7117E-001   1.9029E+000  
 1.6441E+000  -1.7070E+000  -2.1331E-001   1.8520E-001   3.0364E-002   1.1052E-001  -1.1642E-002   5.8042E-002   4.4733E-002   5.5818E-001  -2.0304E-002   3.3829E-002  -3.7343E-002   6.2081E-001   1.1109E-001   2.7240E-002   1.8704E-003  -2.2292E-001  -6.5721E-003   2.6726E+000  -8.7833E-002  -5.0831E-003   5.8576E-001   1.9821E+000  
 1.5729E+000  -1.7563E+000  -1.8330E-002   1.9264E-001  -6.8568E-003   1.3848E-001  -9.0301E-004   5.4713E-002  -7.8093E-003   5.7652E-001  -1.4069E-002   3.5269E-002   1.6732E-003   6.1632E-001  -1.4031E-002   3.1874E-002  -2.7870E-004  -2.3073E-001  -3.3255E-004   2.6756E+000  -7.5563E-002  -1.4146E-003   5.9048E-001   1.9534E+000  
 1.6402E+000  -1.6935E+000   1.7606E-001   1.8443E-001  -4.3760E-002   1.0860E-001   9.8897E-003   5.7580E-002  -5.9869E-002   5.5062E-001  -2.0640E-002   3.3524E-002   4.0408E-002   6.1486E-001  -1.3894E-001   2.6029E-002  -2.5250E-003  -2.2093E-001   5.7055E-003   2.6719E+000  -6.3059E-002  -6.0612E-003   5.8466E-001   1.9614E+000  
 1.8366E+000  -1.5398E+000   4.4569E-001   1.5280E-001  -1.2574E-001   2.2563E-002   2.1358E-002   6.0110E-002  -1.1884E-001   4.7644E-001  -4.1909E-002   2.4306E-002   6.5685E-002   6.1434E-001  -2.6351E-001   3.9308E-003  -1.1353E-002  -1.9689E-001   4.8942E-003   2.6608E+000  -5.2550E-002  -2.1306E-002   5.6898E-001   1.8829E+000  
 2.1238E+000  -1.3250E+000   4.3295E-001   8.8940E-002  -2.9820E-001  -9.9532E-002   3.3403E-002   5.7893E-002  -1.9332E-001   3.5827E-001  -7.6283E-002   9.7919E-003   6.5397E-002   6.2176E-001  -3.8631E-001  -3.2486E-002  -3.2133E-002  -1.5690E-001  -9.2326E-003   2.6500E+000  -4.1492E-002  -3.8672E-002   5.4254E-001   1.7978E+000  
 2.4696E+000  -9.3274E-001   3.7286E-001   8.2216E-003  -5.8262E-001  -2.2103E-001   6.6985E-002   6.7424E-002  -2.7198E-001   1.8519E-001  -1.1015E-001  -2.4557E-003   6.0232E-002   6.2806E-001  -5.0014E-001  -5.4993E-002  -4.1255E-002  -1.1248E-001  -2.4918E-002   2.6358E+000  -3.2517E-002  -3.4487E-002   5.1114E-001   1.7869E+000  
 7.5149E+000   4.8828E+000  -4.3032E+000   2.8547E+000  -3.4902E+000   1.8197E+000  -1.6560E+000   2.7202E+000  -3.0197E+000   1.4254E-001   3.7728E-001   7.0982E-001  -1.4277E+000  -1.4134E-001  -7.3518E-001   2.6542E-001  -1.9692E-001  -1.2080E-001  -3.5233E-001   2.2377E+000  -2.7974E-001   4.6587E-003   4.0642E-001   1.3842E+000  
 2.4788E+000  -1.1729E+000  -7.2848E-001  -1.1697E-001   8.1128E-001  -4.1460E-001   1.9993E-002   6.1935E-002   2.6893E-001   6.4150E-001  -1.6204E-001  -2.1165E-002   5.3579E-002   8.0376E-001   4.1817E-001  -6.6491E-002   6.6587E-002  -1.4125E-001   1.0665E-001   2.7057E+000  -9.6562E-002  -1.9735E-002   5.0015E-001   1.7331E+000  
 2.3066E+000  -1.3534E+000  -6.7009E-001   5.2281E-002   3.8095E-001  -2.5265E-001  -2.1288E-002   1.4038E-001   9.5268E-002   7.3062E-001  -9.9650E-002   1.7330E-002  -2.7858E-002   7.1502E-001   2.3555E-001  -1.1893E-002   3.2455E-002  -1.9761E-001   3.0592E-002   2.6411E+000  -9.5841E-002  -1.9995E-002   5.2835E-001   1.8137E+000  
 2.1398E+000  -1.5548E+000  -3.7436E-001   1.1074E-001   1.5918E-001  -1.6196E-001  -1.1406E-002   1.4538E-001   3.7753E-002   8.0214E-001  -7.2944E-002   3.1249E-002  -1.9929E-002   7.0531E-001   1.1021E-001   1.8147E-002   1.2914E-002  -2.2175E-001   1.2723E-002   2.6450E+000  -8.3640E-002  -7.8781E-003   5.4147E-001   1.9262E+000  
 2.0757E+000  -1.6304E+000  -1.0273E-002   1.2883E-001  -9.1685E-003  -1.3060E-001  -1.4691E-003   1.4661E-001  -1.2376E-002   8.2337E-001  -6.3837E-002   3.6441E-002   9.8751E-004   7.0059E-001  -1.7275E-002   2.7921E-002  -9.0553E-004  -2.2876E-001  -1.1232E-003   2.6462E+000  -7.4874E-002  -3.2149E-003   5.4535E-001   1.9408E+000  
 2.1365E+000  -1.5379E+000   3.5216E-001   1.0863E-001  -1.7715E-001  -1.6588E-001   8.5714E-003   1.4364E-001  -6.2091E-002   7.9265E-001  -7.3761E-002   2.9983E-002   2.1648E-002   6.9938E-001  -1.4460E-001   1.5955E-002  -1.4676E-002  -2.2046E-001  -1.5125E-002   2.6442E+000  -6.6085E-002  -8.8752E-003   5.4006E-001   1.9031E+000  
 2.3004E+000  -1.3216E+000   6.4422E-001   4.9123E-002  -3.9739E-001  -2.6009E-001   1.8921E-002   1.3755E-001  -1.1800E-001   7.1172E-001  -1.0071E-001   1.5353E-002   2.9363E-002   7.0310E-001  -2.6936E-001  -1.5119E-002  -3.3882E-002  -1.9522E-001  -3.3223E-002   2.6394E+000  -5.3810E-002  -2.1164E-002   5.2584E-001   1.8011E+000  
 2.4620E+000  -1.1487E+000   6.9582E-001  -1.2829E-001  -8.3181E-001  -4.3473E-001  -2.4537E-002   4.9120E-002  -2.9726E-001   6.0710E-001  -1.6578E-001  -2.9857E-002  -5.6620E-002   7.8348E-001  -4.5873E-001  -7.2314E-002  -6.8041E-002  -1.4138E-001  -1.1361E-001   2.7032E+000  -5.8520E-002  -2.0023E-002   4.9666E-001   1.7307E+000  
 7.6388E+000   5.0951E+000   4.3555E+000   2.9464E+000   3.6013E+000   1.9003E+000   1.6978E+000   2.8025E+000   3.0987E+000   1.2325E-001   3.9584E-001   7.3803E-001   1.4703E+000  -1.7900E-001   7.4554E-001   2.7814E-001   2.0106E-001  -1.1830E-001   3.6318E-001   2.2238E+000   1.3726E-001   5.5579E-003   3.9964E-001   1.4050E+000  
