 1.5671E+000   3.2749E+000   1.9380E+000  -2.0847E+000  -2.7141E+000  -2.2198E+000   7.8835E-001   1.7567E+000   1.5637E+000   6.8905E-001  -5.8181E-001  -1.0149E+000  -1.0936E+000   1.1698E-001  -3.3478E+000   3.4455E-001   1.3540E-001   2.2443E-001   7.5042E-001  -9.8354E-002   1.8272E-001  -2.7791E-002   1.6168E-001   1.2188E+000  
 3.1466E+000   1.3350E+000   7.3580E-001  -2.7880E-001  -7.9308E-001  -7.8544E-001   3.6035E-002   3.0386E-002   3.9045E-001   2.0317E-001  -2.5184E-001  -1.9762E-001  -1.7131E-001   6.5048E-003  -2.8011E+000   1.9863E-001   7.7733E-002   6.1991E-002   1.7349E-001  -3.7383E-002   1.0207E-001  -3.8310E-002   3.2032E-001   1.0273E+000  
 3.1830E+000   1.3447E+000   2.0789E-001   8.4499E-003  -3.8859E-001  -4.4431E-001  -3.5980E-002  -1.9333E-001   2.5531E-001  -1.5955E-002  -1.3788E-001  -3.5444E-002  -1.7029E-002  -3.5446E-003  -2.6350E+000   9.2951E-002   3.7994E-002   3.3773E-002   3.3500E-002   6.1622E-003   6.2690E-003  -4.0071E-002   3.5232E-001   9.8986E-001  
 3.0667E+000   1.5632E+000  -1.5788E-001   6.9201E-002  -2.6343E-001  -3.0416E-001  -2.1054E-002  -2.0319E-001   3.3510E-001  -1.2641E-001  -1.0903E-001  -3.8783E-003  -6.1700E-003  -7.1789E-003  -2.6244E+000   5.5598E-002   2.9855E-002   4.2871E-002   5.3964E-004   9.4505E-003  -5.4714E-003  -2.8032E-002   3.6217E-001   1.0721E+000  
 3.0015E+000   1.6991E+000  -4.7338E-001   1.0863E-001  -1.8710E-001  -2.0196E-001  -4.6302E-003  -2.2026E-001   4.2462E-001  -2.1153E-001  -9.0017E-002   2.2725E-002  -1.0200E-002  -6.3561E-003  -2.6174E+000   1.7665E-002   2.6238E-002   4.5863E-002  -2.5428E-002   8.3209E-003  -1.2300E-002  -1.1545E-002   3.6913E-001   1.1268E+000  
 2.9973E+000   1.7489E+000  -7.3843E-001   1.2991E-001  -1.1130E-001  -1.4382E-001   1.8955E-002  -2.4548E-001   5.2504E-001  -2.7059E-001  -8.0485E-002   4.2175E-002  -2.5892E-002  -3.7706E-003  -2.6163E+000  -1.6786E-002   2.8414E-002   4.3035E-002  -4.1692E-002   5.1784E-003  -1.2926E-002   4.9390E-003   3.7151E-001   1.1782E+000  
 3.0601E+000   1.7014E+000  -8.6572E-001   1.3086E-001   1.3468E-002  -1.2222E-001   5.1959E-002  -2.8067E-001   6.3345E-001  -3.0074E-001  -8.1005E-002   5.3057E-002  -4.7031E-002  -1.6865E-003  -2.6199E+000  -4.3012E-002   3.1868E-002   3.3978E-002  -5.0445E-002   3.0593E-003  -6.0579E-003   1.6463E-002   3.6977E-001   1.2110E+000  
 3.3581E+000   1.2490E+000  -6.8033E-001   2.9545E-001   5.4996E-002   6.2812E-002   1.8341E-001  -5.3814E-001   9.4176E-001  -3.7800E-001  -2.2405E-002   1.7985E-001  -1.8667E-001  -2.8470E-003  -2.7765E+000  -1.2539E-001   5.8032E-002  -2.3884E-002   4.5816E-002   3.9702E-002   8.5795E-002   1.2835E-002   3.4757E-001   1.2560E+000  
 5.0931E+000  -1.0611E+000   3.6450E-001   1.7658E+000  -9.8825E-001   1.3048E+000   9.4743E-001  -2.2018E+000   2.1825E+000  -6.6924E-001   1.6474E-001   9.2739E-001  -9.9683E-001  -7.5549E-002  -3.2979E+000  -1.7950E-001   5.6953E-002  -2.3730E-001   5.7492E-001   8.9461E-002   1.7194E-001  -6.6483E-003   1.9220E-001   1.3933E+000  
 3.1171E+000   9.6255E-001   1.1417E+000   3.3498E-002  -3.7694E-001  -3.2418E-001  -8.2131E-002  -1.8696E-001   1.4365E-001   3.2324E-001  -1.2315E-001  -4.1429E-002   4.9639E-003   1.1845E-002  -2.6245E+000   8.0382E-002   2.0625E-002  -2.9119E-002   4.1216E-002   2.4256E-003  -2.1008E-004  -3.4089E-002   3.5360E-001   1.0598E+000  
 2.8970E+000   1.2792E+000   8.7968E-001   1.0322E-001  -1.7843E-001  -2.0015E-001  -5.1118E-002  -1.7335E-001   1.8189E-001   1.7196E-001  -8.6513E-002  -1.3303E-002   2.1184E-002   6.2736E-003  -2.6198E+000   6.1121E-002   1.8660E-002  -1.4587E-002   1.4252E-002   1.2188E-002  -1.6963E-002  -3.7583E-002   3.6436E-001   1.0454E+000  
 2.7026E+000   1.5267E+000   4.3344E-001   1.5162E-001  -9.1218E-002  -6.0705E-002  -3.6308E-002  -1.6839E-001   2.2816E-001   5.0866E-002  -5.5541E-002   1.1774E-002   3.1036E-002   7.2755E-004  -2.6161E+000   3.5782E-002   1.2862E-002   7.4117E-004  -1.2808E-002   1.6381E-002  -3.0482E-002  -3.0408E-002   3.7493E-001   1.0439E+000  
 2.5553E+000   1.7074E+000   3.5419E-003   1.7879E-001  -8.4702E-002   5.9971E-002  -2.5849E-002  -1.6473E-001   2.8464E-001  -4.7373E-002  -3.7641E-002   3.0356E-002   2.6499E-002  -7.3128E-004  -2.6135E+000   1.3156E-002   9.4475E-003   1.3278E-002  -3.5302E-002   1.2934E-002  -4.1238E-002  -2.0347E-002   3.8350E-001   1.1053E+000  
 2.4778E+000   1.8287E+000  -3.8032E-001   1.9125E-001  -1.1610E-001   1.3852E-001  -1.4580E-002  -1.6257E-001   3.4833E-001  -1.2174E-001  -3.1308E-002   3.8662E-002   1.1777E-002  -1.2744E-003  -2.6131E+000  -2.9572E-003   1.0576E-002   2.3353E-002  -5.0696E-002   5.5598E-003  -4.5457E-002  -1.0536E-002   3.8788E-001   1.1510E+000  
 2.4828E+000   1.8640E+000  -7.0013E-001   1.9534E-001  -1.4086E-001   1.7133E-001   3.0905E-004  -1.6628E-001   4.1448E-001  -1.7454E-001  -3.2985E-002   3.9638E-002  -6.8571E-003  -1.4074E-003  -2.6114E+000  -1.6133E-002   1.5014E-002   2.9271E-002  -6.1774E-002  -2.8908E-003  -4.5633E-002  -7.2191E-004   3.8890E-001   1.1689E+000  
 2.5742E+000   1.8500E+000  -9.3183E-001   1.9206E-001  -1.1772E-001   1.6837E-001   2.2663E-002  -1.8051E-001   4.8383E-001  -2.0628E-001  -4.0336E-002   3.7110E-002  -2.7543E-002  -8.3422E-004  -2.6113E+000  -2.9236E-002   2.0807E-002   2.8643E-002  -6.6217E-002  -1.0026E-002  -3.8615E-002   8.9907E-003   3.8581E-001   1.1812E+000  
 2.7444E+000   1.7365E+000  -9.7831E-001   1.7410E-001  -6.1398E-003   1.5190E-001   5.4030E-002  -2.0688E-001   5.5321E-001  -2.1382E-001  -5.3623E-002   3.2046E-002  -4.5674E-002  -1.0619E-003  -2.6132E+000  -3.8582E-002   2.2143E-002   1.9644E-002  -6.5203E-002  -1.1516E-002  -2.5694E-002   1.5091E-002   3.7943E-001   1.1808E+000  
 2.9726E+000   1.5510E+000  -9.8333E-001   1.1911E-001   2.4190E-001   1.5900E-001   9.1143E-002  -2.4042E-001   6.1616E-001  -1.9850E-001  -8.3844E-002   2.8309E-002  -4.5205E-002   2.1406E-003  -2.6203E+000  -3.4802E-002   9.1541E-003  -3.7552E-003  -6.0814E-002  -6.3234E-003  -5.1489E-003   9.5602E-003   3.6942E-001   1.1758E+000  
 2.6811E+000   9.5932E-001   1.4507E+000   1.5379E-001   5.9373E-003  -1.3455E-001  -6.4949E-002  -1.6724E-001   1.5695E-001   3.3497E-001  -5.4647E-002  -1.4526E-002   4.8038E-002   7.3578E-003  -2.6081E+000   2.9895E-002  -4.3418E-003  -5.1303E-002  -5.2787E-003   2.2507E-002  -2.8081E-002  -2.0724E-002   3.7452E-001   1.1323E+000  
 2.3996E+000   1.1927E+000   1.1154E+000   1.8749E-001   9.9586E-002  -2.5347E-002  -4.0948E-002  -1.5299E-001   1.7711E-001   2.0452E-001  -2.3542E-002   7.3549E-003   5.3677E-002   3.3567E-003  -2.6140E+000   1.6548E-002  -3.9923E-003  -3.4851E-002  -2.1108E-002   2.7840E-002  -4.0274E-002  -2.2144E-002   3.8530E-001   1.1315E+000  
 2.0127E+000   1.5035E+000   6.4025E-001   1.9957E-001   9.4603E-002   9.8031E-002  -2.7837E-002  -1.4092E-001   2.1067E-001   9.7864E-002  -3.3004E-003   2.1921E-002   4.7492E-002   2.1508E-003  -2.6231E+000   6.6292E-003  -2.0650E-003  -1.6870E-002  -3.1989E-002   2.3339E-002  -4.6851E-002  -2.1806E-002   3.9351E-001   1.1195E+000  
 1.8218E+000   1.5942E+000   3.1384E-001   2.0434E-001   2.6970E-002   2.0560E-001  -2.0827E-002  -1.3285E-001   2.4877E-001   8.9755E-003   8.1460E-003   3.2608E-002   3.5341E-002   6.1319E-004  -2.6279E+000  -3.6538E-003  -9.8600E-005  -1.4307E-003  -4.3438E-002   1.5548E-002  -5.2211E-002  -1.7535E-002   4.0015E-001   1.1410E+000  
 1.7593E+000   1.6250E+000  -3.8608E-002   2.0646E-001  -6.9208E-002   2.7278E-001  -1.4401E-002  -1.2638E-001   2.9022E-001  -6.2639E-002   9.5327E-003   3.5657E-002   1.7058E-002   3.8127E-004  -2.6298E+000  -1.0195E-002   4.0695E-003   1.0120E-002  -5.2014E-002   3.8075E-003  -5.4876E-002  -1.3037E-002   4.0330E-001   1.1486E+000  
 1.8062E+000   1.6073E+000  -3.8875E-001   2.0941E-001  -1.5608E-001   2.9353E-001  -5.1096E-003  -1.2425E-001   3.3172E-001  -1.1736E-001   4.4059E-003   3.1853E-002  -1.8641E-003   3.1055E-006  -2.6287E+000  -1.4937E-002   1.0128E-002   1.8449E-002  -5.8647E-002  -8.3485E-003  -5.4250E-002  -7.8250E-003   4.0283E-001   1.1357E+000  
 1.9731E+000   1.5734E+000  -7.5331E-001   2.1125E-001  -1.9932E-001   2.7559E-001   9.6019E-003  -1.2950E-001   3.7209E-001  -1.5383E-001  -4.8961E-003   2.2776E-002  -2.1114E-002  -1.4121E-003  -2.6242E+000  -1.9276E-002   1.5935E-002   2.3847E-002  -6.2250E-002  -1.8036E-002  -5.0628E-002  -2.1490E-003   3.9909E-001   1.1096E+000  
 2.2744E+000   1.6646E+000  -1.1190E+000   2.0241E-001  -1.6066E-001   2.4034E-001   3.0658E-002  -1.4114E-001   4.0648E-001  -1.7011E-001  -2.1161E-002   8.9249E-003  -3.4028E-002  -1.1100E-003  -2.6160E+000  -1.9080E-002   1.6394E-002   2.3416E-002  -6.4787E-002  -2.5652E-002  -4.3830E-002   7.0836E-005   3.9275E-001   1.1192E+000  
 2.5666E+000   1.4995E+000  -1.1890E+000   1.7134E-001  -7.6666E-003   2.2846E-001   6.0236E-002  -1.6119E-001   4.3560E-001  -1.6718E-001  -4.7553E-002  -8.0204E-004  -3.7591E-002  -6.3251E-004  -2.6123E+000  -1.5188E-002   8.1731E-003   1.0601E-002  -6.0779E-002  -2.4133E-002  -2.8719E-002  -1.7796E-003   3.8249E-001   1.1339E+000  
 5.0032E+000  -8.4139E-001  -8.2601E-001   1.7804E+000   1.1019E+000  -1.1040E+000  -2.1541E+000  -1.0824E+000   6.2801E-001   2.1607E+000   1.9388E-001  -9.5670E-001   1.0325E+000  -1.0153E-001  -3.2174E+000  -5.4376E-002  -2.1133E-001   5.7285E-001   2.0835E-001  -1.3704E-001   8.1760E-002  -5.4317E-003   1.8872E-001   1.4345E+000  
 2.9593E+000   4.9990E-001   1.7893E+000   1.1872E-001  -1.2142E-001  -5.2184E-002  -1.7444E-001  -1.9658E-001   2.1650E-001   6.5757E-001  -7.8073E-002  -6.7581E-002   6.1512E-002   1.0556E-003  -2.6092E+000   8.3810E-003  -4.7198E-002  -6.7612E-002  -8.5791E-003   5.9508E-003  -7.1050E-003   9.0978E-003   3.6388E-001   1.2065E+000  
 2.5896E+000   7.0761E-001   1.8358E+000   1.7180E-001   1.0809E-001  -1.2849E-001  -8.8467E-002  -1.6224E-001   1.7622E-001   4.7453E-001  -4.4824E-002  -3.7000E-002   5.7995E-002   1.9864E-003  -2.6027E+000   1.0543E-002  -2.7428E-002  -7.0712E-002  -1.9690E-002   3.0582E-002  -2.5297E-002  -2.6452E-003   3.7862E-001   1.1856E+000  
 2.2210E+000   8.5792E-001   1.6381E+000   1.9850E-001   2.2907E-001  -9.4382E-002  -4.6435E-002  -1.4251E-001   1.6547E-001   3.3509E-001  -1.3432E-002  -1.6122E-002   5.8969E-002   2.2123E-003  -2.6134E+000   7.4295E-003  -1.8226E-002  -5.9132E-002  -2.6647E-002   3.8084E-002  -3.7027E-002  -1.2365E-002   3.9035E-001   1.1757E+000  
 1.7392E+000   1.2472E+000   1.0464E+000   2.0269E-001   2.5136E-001   2.8222E-003  -2.7506E-002  -1.3037E-001   1.7150E-001   2.2177E-001   1.2521E-002   1.2952E-003   5.7445E-002   1.6633E-003  -2.6269E+000   1.4704E-003  -1.4198E-002  -4.2619E-002  -3.1596E-002   3.6071E-002  -4.4607E-002  -1.6654E-002   4.0076E-001   1.1695E+000  
 1.4462E+000   1.3496E+000   7.3454E-001   1.9324E-001   1.9614E-001   1.1695E-001  -1.8846E-002  -1.2058E-001   1.8859E-001   1.2642E-001   2.9451E-002   1.3943E-002   4.8097E-002   1.3766E-003  -2.6401E+000  -2.3046E-003  -9.4301E-003  -2.4153E-002  -3.4470E-002   2.7343E-002  -4.7397E-002  -2.0213E-002   4.0868E-001   1.1581E+000  
 1.2539E+000   1.4126E+000   3.6409E-001   1.8334E-001   9.0904E-002   2.1498E-001  -1.3634E-002  -1.1233E-001   2.1141E-001   4.3407E-002   3.7554E-002   2.2009E-002   3.4198E-002   9.2694E-004  -2.6487E+000  -5.4755E-003  -3.9288E-003  -8.8653E-003  -3.7653E-002   1.5964E-002  -4.9500E-002  -2.0628E-002   4.1408E-001   1.1549E+000  
 1.1834E+000   1.4376E+000  -3.0627E-002   1.8068E-001  -3.3909E-002   2.7315E-001  -9.8597E-003  -1.0605E-001   2.3580E-001  -2.6637E-002   3.7645E-002   2.3964E-002   1.7784E-002   2.2435E-004  -2.6519E+000  -9.3821E-003   1.8475E-003   3.2621E-003  -4.1352E-002   3.2311E-003  -5.0673E-002  -1.7469E-002   4.1634E-001   1.1445E+000  
 1.2411E+000   1.4268E+000  -4.2368E-001   1.8636E-001  -1.4885E-001   2.8456E-001  -5.3951E-003  -1.0273E-001   2.5901E-001  -8.4055E-002   3.2277E-002   1.9354E-002   3.1787E-004  -7.1704E-004  -2.6502E+000  -1.2158E-002   9.1271E-003   1.2917E-002  -4.5495E-002  -9.7599E-003  -5.0393E-002  -1.3367E-002   4.1556E-001   1.1339E+000  
 1.4231E+000   1.3791E+000  -7.9099E-001   1.9664E-001  -2.2537E-001   2.5625E-001   3.0399E-003  -1.0387E-001   2.7899E-001  -1.2775E-001   2.3129E-002   8.6859E-003  -1.5885E-002  -1.8344E-003  -2.6431E+000  -1.1944E-002   1.4825E-002   2.0635E-002  -4.9137E-002  -2.1904E-002  -4.8796E-002  -1.0901E-002   4.1135E-001   1.1124E+000  
 1.7091E+000   1.2912E+000  -1.0988E+000   2.0398E-001  -2.3382E-001   2.1029E-001   1.9398E-002  -1.1077E-001   2.9334E-001  -1.5430E-001   9.3866E-003  -6.2766E-003  -2.8075E-002  -2.8138E-003  -2.6314E+000  -9.9238E-003   1.7079E-002   2.5891E-002  -5.0908E-002  -3.1897E-002  -4.5844E-002  -9.9910E-003   4.0409E-001   1.1066E+000  
 2.1531E+000   1.2885E+000  -1.3734E+000   1.9581E-001  -1.4652E-001   1.8526E-001   4.3538E-002  -1.2314E-001   2.9881E-001  -1.6522E-001  -1.3643E-002  -1.9795E-002  -3.2831E-002  -2.5991E-003  -2.6201E+000  -5.0937E-003   1.1448E-002   2.1152E-002  -4.8173E-002  -3.5628E-002  -3.6134E-002  -1.1187E-002   3.9333E-001   1.1150E+000  
 2.5524E+000   1.0883E+000  -1.3690E+000   1.4653E-001   7.0373E-002   2.3447E-001   7.2004E-002  -1.3788E-001   2.9136E-001  -1.6271E-001  -5.5093E-002  -2.3199E-002  -1.7849E-002   1.0184E-005  -2.6155E+000   8.5130E-003  -1.3061E-002   2.8131E-004  -3.7817E-002  -2.8235E-002  -1.9529E-002  -2.0511E-002   3.7813E-001   1.0767E+000  
 2.9406E+000   8.5329E-001  -1.2107E+000   2.0347E-002   4.4967E-001   4.3233E-001   9.4727E-002  -1.5015E-001   2.7246E-001  -1.5779E-001  -1.2435E-001   3.7424E-003   2.9905E-002   2.0534E-003  -2.6333E+000   3.3484E-002  -6.6730E-002  -4.6750E-002  -1.3167E-002  -1.0723E-003   2.8339E-003  -3.4538E-002   3.5671E-001   1.0255E+000  
 1.3684E+000   1.7000E+000  -3.3638E+000  -2.1369E+000   2.7834E+000   2.2817E+000  -1.8743E+000   7.5553E-001   5.8270E-001  -1.5533E+000  -6.0432E-001   9.8005E-001   1.1608E+000   1.2133E-001  -3.3126E+000   1.6278E-001  -3.5103E-001  -7.6253E-001   2.3607E-001   1.5605E-001   1.0344E-001  -2.9275E-002   1.6831E-001   1.2726E+000  
 3.2475E+000   1.9539E-001   1.4005E+000   2.8881E-001   9.5266E-002   4.1189E-002  -4.7684E-001  -2.9447E-001   4.0208E-001   9.7601E-001  -1.3564E-002  -2.1453E-001   1.9607E-001  -1.4740E-002  -2.7675E+000  -4.0975E-002  -1.3678E-001   4.5978E-002   6.9406E-003  -8.4361E-002   4.0918E-002   1.1954E-002   3.4256E-001   1.2561E+000  
 2.6594E+000   4.2121E-001   1.9555E+000   1.6761E-001   1.3291E-001  -5.4841E-002  -1.3726E-001  -1.6076E-001   2.3465E-001   5.8499E-001  -4.8242E-002  -6.7577E-002   5.6582E-002  -3.7379E-003  -2.6044E+000  -3.0087E-003  -4.9813E-002  -7.0210E-002  -3.1234E-002   2.6488E-002  -1.4316E-002   1.3570E-002   3.7575E-001   1.2146E+000  
 2.2250E+000   5.0521E-001   1.9657E+000   1.9845E-001   2.6866E-001  -1.5064E-001  -6.5675E-002  -1.3527E-001   1.8297E-001   4.3764E-001  -1.8238E-002  -4.3651E-002   5.0152E-002  -5.9280E-004  -2.6084E+000   3.4170E-003  -3.1315E-002  -7.2057E-002  -3.2256E-002   4.5174E-002  -2.8358E-002  -1.5619E-003   3.8999E-001   1.1907E+000  
 1.7025E+000   8.8474E-001   1.4131E+000   2.0301E-001   3.2426E-001  -1.2966E-001  -3.1292E-002  -1.2183E-001   1.5906E-001   3.2297E-001   9.9935E-003  -2.6686E-002   5.0517E-002  -4.5946E-004  -2.6257E+000   2.6774E-003  -2.3735E-002  -5.8963E-002  -3.2019E-002   4.7586E-002  -3.4317E-002  -1.1468E-002   4.0190E-001   1.1772E+000  
 1.2886E+000   9.9085E-001   1.1522E+000   1.8659E-001   3.0518E-001  -4.3451E-002  -1.7074E-002  -1.1285E-001   1.5357E-001   2.2606E-001   3.2503E-002  -1.1931E-002   4.7958E-002   2.4719E-004  -2.6440E+000   4.3348E-004  -1.8705E-002  -4.1522E-002  -2.9316E-002   4.0151E-002  -3.7376E-002  -1.7251E-002   4.1201E-001   1.1636E+000  
 9.5984E-001   1.0652E+000   8.0522E-001   1.6213E-001   2.2965E-001   6.2378E-002  -1.1111E-002  -1.0647E-001   1.5758E-001   1.3944E-001   4.7760E-002   1.1720E-003   4.0735E-002   4.6260E-004  -2.6578E+000  -1.4417E-003  -1.2148E-002  -2.5374E-002  -2.8280E-002   2.9618E-002  -3.9521E-002  -2.1942E-002   4.2037E-001   1.1635E+000  
 7.4593E-001   1.1116E+000   4.0212E-001   1.4333E-001   1.1775E-001   1.5250E-001  -7.7436E-003  -1.0080E-001   1.6728E-001   6.1501E-002   5.5353E-002   9.3865E-003   3.0827E-002   2.9879E-004  -2.6663E+000  -3.2383E-003  -6.6180E-003  -1.1660E-002  -2.8527E-002   1.6771E-002  -4.1015E-002  -2.2652E-002   4.2599E-001   1.1503E+000  
 6.6999E-001   1.1317E+000  -2.3200E-002   1.3674E-001  -6.4566E-003   2.0252E-001  -5.9535E-003  -9.6822E-002   1.7912E-001  -7.7113E-003   5.6872E-002   1.1279E-002   1.8767E-002  -1.7450E-004  -2.6696E+000  -4.8206E-003  -1.1613E-004   1.5459E-005  -2.9480E-002   3.0532E-003  -4.1796E-002  -2.1069E-002   4.2845E-001   1.1514E+000  
 7.3773E-001   1.1265E+000  -4.4699E-001   1.4441E-001  -1.2050E-001   2.0554E-001  -4.2815E-003  -9.4628E-002   1.9037E-001  -6.8066E-002   5.3556E-002   6.6347E-003   4.6959E-003  -9.3954E-004  -2.6676E+000  -5.6217E-003   8.3899E-003   1.0045E-002  -3.1643E-002  -1.0803E-002  -4.1537E-002  -1.8591E-002   4.2691E-001   1.1224E+000  
 9.4450E-001   1.0950E+000  -8.4698E-001   1.6348E-001  -2.0292E-001   1.6873E-001   4.9559E-004  -9.4689E-002   1.9821E-001  -1.1837E-001   4.5931E-002  -3.8703E-003  -8.8083E-003  -1.9516E-003  -2.6603E+000  -5.0766E-003   1.6006E-002   1.8668E-002  -3.3301E-002  -2.4024E-002  -4.0330E-002  -1.6540E-002   4.2189E-001   1.1147E+000  
 1.2688E+000   1.0349E+000  -1.1917E+000   1.8478E-001  -2.3139E-001   1.1392E-001   1.2866E-002  -9.8760E-002   1.9938E-001  -1.5637E-001   3.4041E-002  -1.8233E-002  -1.9173E-002  -3.0885E-003  -2.6477E+000  -3.0200E-003   1.8583E-002   2.5933E-002  -3.3746E-002  -3.4999E-002  -3.8025E-002  -1.6467E-002   4.1358E-001   1.1088E+000  
 1.6799E+000   9.4222E-001  -1.4505E+000   1.9735E-001  -1.8513E-001   7.7838E-002   3.4436E-002  -1.0622E-001   1.8945E-001  -1.7960E-001   1.4293E-002  -3.4379E-002  -2.5081E-002  -3.9522E-003  -2.6308E+000   3.7525E-004   1.6702E-002   2.9684E-002  -3.1934E-002  -4.2667E-002  -3.3979E-002  -1.5917E-002   4.0275E-001   1.1094E+000  
 2.2242E+000   7.2512E-001  -1.5417E+000   1.7833E-001  -3.9756E-002   1.1489E-001   6.1682E-002  -1.1600E-001   1.6601E-001  -1.9154E-001  -2.1736E-002  -4.2338E-002  -1.8304E-002  -5.0261E-003  -2.6175E+000   9.6064E-003  -2.5733E-005   2.0711E-002  -2.1580E-002  -3.9078E-002  -2.5192E-002  -2.1854E-002   3.8765E-001   1.0672E+000  
 2.6783E+000   5.3121E-001  -1.4320E+000   8.9299E-002   2.3418E-001   2.9709E-001   8.6596E-002  -1.2151E-001   1.2678E-001  -2.0419E-001  -8.5082E-002  -2.2331E-002   1.7584E-002  -4.4281E-003  -2.6231E+000   3.1766E-002  -4.7261E-002  -1.3985E-002   5.2953E-004  -1.6484E-002  -7.7705E-003  -3.7889E-002   3.6625E-001   1.0203E+000  
 2.8929E+000   3.9571E-001  -1.4471E+000  -3.0367E-001   8.5418E-001   8.8957E-001  -1.1741E-001  -2.4881E-002   1.4778E-001  -4.2809E-001  -2.5332E-001   1.6421E-001   2.1849E-001  -8.5693E-004  -2.8064E+000   9.1847E-002  -1.9012E-001  -1.7685E-001   7.6563E-002   1.0134E-001   4.9398E-002  -3.9188E-002   3.1962E-001   1.0712E+000  
 2.8731E+000   2.6379E-001   1.7319E+000   1.1750E-001   1.4015E-001   2.1351E-001  -2.1638E-001  -1.6044E-001   3.2910E-001   6.5556E-001  -7.3123E-002  -8.4546E-002   4.8821E-002  -9.5464E-003  -2.6134E+000  -1.3215E-002  -5.3049E-002  -5.0624E-002  -4.6992E-002   7.3430E-003  -2.1347E-004   1.5521E-002   3.6756E-001   1.2153E+000  
 2.4086E+000   2.6283E-001   1.9915E+000   1.8064E-001   2.5238E-001  -8.2420E-002  -1.0878E-001  -1.3010E-001   2.2842E-001   5.0730E-001  -3.4845E-002  -6.8384E-002   3.3859E-002  -4.6275E-003  -2.6051E+000  -8.5275E-004  -3.9738E-002  -6.9125E-002  -3.9165E-002   4.0045E-002  -1.4012E-002   6.7003E-003   3.8367E-001   1.1763E+000  
 1.8877E+000   4.5493E-001   1.7280E+000   2.0323E-001   3.1599E-001  -1.9715E-001  -5.2175E-002  -1.1605E-001   1.6894E-001   3.9639E-001  -1.3327E-003  -5.3530E-002   3.3240E-002  -2.6272E-003  -2.6188E+000   4.3877E-003  -3.1689E-002  -6.6592E-002  -3.2323E-002   5.2483E-002  -2.1517E-002  -4.3519E-003   3.9731E-001   1.1631E+000  
 1.3745E+000   5.7718E-001   1.5150E+000   1.9210E-001   3.2460E-001  -1.8683E-001  -2.2311E-002  -1.0801E-001   1.3580E-001   3.0278E-001   2.4563E-002  -3.7700E-002   3.4387E-002  -1.3104E-003  -2.6388E+000   5.2933E-003  -2.6477E-002  -5.4056E-002  -2.7123E-002   5.1032E-002  -2.4813E-002  -1.2423E-002   4.1004E-001   1.1536E+000  
 9.2423E-001   6.4713E-001   1.2262E+000   1.6213E-001   2.8559E-001  -1.0940E-001  -1.0271E-002  -1.0325E-001   1.2016E-001   2.1973E-001   4.5372E-002  -2.2345E-002   3.3915E-002  -4.4519E-004  -2.6572E+000   3.8513E-003  -2.1358E-002  -3.8306E-002  -2.2831E-002   4.2704E-002  -2.6788E-002  -1.6951E-002   4.2093E-001   1.1476E+000  
 5.6854E-001   6.9692E-001   8.5517E-001   1.2723E-001   2.1124E-001  -1.1998E-002  -6.0651E-003  -9.9389E-002   1.1533E-001   1.4191E-001   5.9472E-002  -8.4175E-003   3.0467E-002  -9.2326E-005  -2.6707E+000   2.7041E-003  -1.4000E-002  -2.4045E-002  -2.0168E-002   3.1139E-002  -2.8124E-002  -2.1578E-002   4.2966E-001   1.1566E+000  
 3.3859E-001   7.2920E-001   4.3037E-001   1.0153E-001   1.1528E-001   6.9712E-002  -4.0934E-003  -9.6111E-002   1.1693E-001   6.8667E-002   6.6809E-002  -3.9590E-004   2.5012E-002  -1.3290E-004  -2.6792E+000   2.1804E-003  -7.5448E-003  -1.2098E-002  -1.9862E-002   1.7565E-002  -2.9278E-002  -2.3135E-002   4.3510E-001   1.1486E+000  
 2.5865E-001   7.4480E-001  -1.5375E-002   9.1834E-002   1.4193E-002   1.1123E-001  -4.0423E-003  -9.3851E-002   1.2098E-001   4.1258E-004   6.9456E-002   1.4471E-003   1.7516E-002  -4.3524E-004  -2.6823E+000   2.1026E-003   2.2311E-004  -1.0486E-003  -2.0172E-002   3.0465E-003  -2.9709E-002  -2.3592E-002   4.3716E-001   1.1279E+000  
 3.3414E-001   7.4426E-001  -4.6029E-001   1.0073E-001  -7.7116E-002   1.0567E-001  -3.3406E-003  -9.2504E-002   1.2454E-001  -6.2476E-002   6.7744E-002  -3.2676E-003   9.4575E-003  -1.0000E-003  -2.6801E+000   2.4829E-003   8.7201E-003   9.1120E-003  -2.0201E-002  -1.1533E-002  -2.9629E-002  -2.3191E-002   4.3556E-001   1.1330E+000  
 5.5987E-001   7.2670E-001  -8.8298E-001   1.2586E-001  -1.4406E-001   6.0293E-002  -3.8543E-004  -9.2205E-002   1.2441E-001  -1.1892E-001   6.1371E-002  -1.4011E-002   1.0967E-003  -1.8373E-003  -2.6724E+000   3.3579E-003   1.6654E-002   1.8293E-002  -1.9489E-002  -2.5246E-002  -2.8681E-002  -2.2120E-002   4.3034E-001   1.1397E+000  
 9.1321E-001   6.9035E-001  -1.2530E+000   1.5777E-001  -1.7130E-001  -2.9663E-003   9.5724E-003  -9.3883E-002   1.1753E-001  -1.6697E-001   5.0718E-002  -2.7590E-002  -5.6070E-003  -2.7953E-003  -2.6595E+000   4.4702E-003   1.9755E-002   2.7679E-002  -1.8467E-002  -3.6886E-002  -2.7304E-002  -2.2184E-002   4.2136E-001   1.1246E+000  
 1.3623E+000   6.3251E-001  -1.5407E+000   1.8564E-001  -1.4520E-001  -4.7366E-002   2.7919E-002  -9.8141E-002   9.9525E-002  -2.0437E-001   3.2848E-002  -4.3274E-002  -9.9871E-003  -3.9049E-003  -2.6415E+000   6.1660E-003   1.9301E-002   3.5770E-002  -1.4833E-002  -4.5036E-002  -2.5002E-002  -2.0053E-002   4.0971E-001   1.1202E+000  
 1.8768E+000   5.1077E-001  -1.7112E+000   1.8834E-001  -4.9628E-002  -1.9598E-002   5.3439E-002  -1.0342E-001   6.5743E-002  -2.3332E-001   3.2216E-004  -5.3119E-002  -7.0558E-003  -5.5896E-003  -2.6235E+000   1.2087E-002   8.9028E-003   3.5571E-002  -5.0704E-003  -4.4592E-002  -2.0721E-002  -2.1630E-002   3.9437E-001   1.0993E+000  
 2.4437E+000   1.4693E-001  -1.6359E+000   1.3643E-001   1.3195E-001   1.4619E-001   8.6612E-002  -1.0777E-001   1.3102E-002  -2.5828E-001  -5.1628E-002  -4.4111E-002   1.1180E-002  -9.4814E-003  -2.6150E+000   2.5887E-002  -2.1970E-002   1.8432E-002   1.4352E-002  -2.8203E-002  -1.2784E-002  -3.0554E-002   3.7527E-001   1.0544E+000  
 2.8988E+000  -3.7113E-002  -1.4203E+000  -1.2800E-002   4.2782E-001   5.3570E-001   1.1676E-001  -1.0210E-001  -5.9714E-002  -2.9441E-001  -1.3449E-001   4.1422E-003   6.1487E-002  -1.5767E-002  -2.6322E+000   5.0788E-002  -8.2879E-002  -2.7255E-002   4.8182E-002   8.7020E-003   8.8536E-005  -4.1894E-002   3.5127E-001   1.0319E+000  
 2.7319E+000   1.3014E-001   1.7423E+000   1.1122E-001   2.7249E-001   2.2307E-001  -1.8011E-001  -1.2598E-001   2.9812E-001   5.3867E-001  -7.2538E-002  -6.9207E-002   2.3511E-002  -1.0969E-002  -2.6124E+000  -9.5127E-003  -2.5973E-002  -4.0293E-002  -5.3844E-002   1.5627E-002   9.7646E-004   3.4688E-003   3.7114E-001   1.1954E+000  
 2.2329E+000   2.9360E-002   1.9572E+000   1.7976E-001   2.8456E-001  -9.7457E-002  -9.3786E-002  -1.0757E-001   1.9652E-001   4.3109E-001  -2.6744E-002  -6.6565E-002   9.4857E-003  -5.7556E-003  -2.6077E+000   4.5275E-003  -2.6678E-002  -6.2056E-002  -3.8577E-002   4.8274E-002  -7.0478E-003  -3.0283E-003   3.8807E-001   1.1724E+000  
 1.6851E+000   1.5898E-001   1.7650E+000   1.9754E-001   2.8240E-001  -2.2701E-001  -4.5826E-002  -1.0183E-001   1.3349E-001   3.5002E-001   9.1732E-003  -5.8102E-002   1.0316E-002  -2.2421E-003  -2.6254E+000   9.7471E-003  -2.7591E-002  -6.0104E-002  -2.6202E-002   5.7098E-002  -1.1995E-002  -9.9748E-003   4.0209E-001   1.1517E+000  
 1.1499E+000   2.0882E-001   1.5775E+000   1.7819E-001   2.5795E-001  -2.2695E-001  -1.9435E-002  -1.0048E-001   9.4564E-002   2.7754E-001   3.5300E-002  -4.3830E-002   1.4340E-002  -1.4158E-003  -2.6472E+000   1.0947E-002  -2.6962E-002  -4.7619E-002  -1.8924E-002   5.3168E-002  -1.2950E-002  -1.4882E-002   4.1513E-001   1.1266E+000  
 6.7688E-001   2.4680E-001   1.2724E+000   1.3976E-001   2.1323E-001  -1.5797E-001  -7.7605E-003  -9.9704E-002   7.3636E-002   2.0739E-001   5.4777E-002  -2.8350E-002   1.6414E-002  -6.5954E-004  -2.6653E+000   1.1768E-002  -2.2168E-002  -3.4121E-002  -1.4196E-002   4.4275E-002  -1.3847E-002  -1.9044E-002   4.2650E-001   1.1276E+000  
 3.0448E-001   2.7461E-001   8.8712E-001   9.8775E-002   1.5460E-001  -6.9128E-002  -3.2921E-003  -9.7996E-002   6.3948E-002   1.3832E-001   6.7927E-002  -1.4569E-002   1.7802E-002  -3.6512E-004  -2.6787E+000   1.1339E-002  -1.5242E-002  -2.2686E-002  -1.1524E-002   3.2321E-002  -1.4675E-002  -2.3236E-002   4.3526E-001   1.1345E+000  
 6.4685E-002   2.9387E-001   4.4982E-001   6.9207E-002   8.9560E-002   3.4987E-003  -1.8070E-003  -9.5866E-002   6.1103E-002   6.9796E-002   7.4711E-002  -5.8084E-003   1.8078E-002  -3.3575E-004  -2.6867E+000   1.0770E-002  -7.9737E-003  -1.1656E-002  -1.0426E-002   1.7958E-002  -1.5087E-002  -2.4839E-002   4.4093E-001   1.1249E+000  
-1.7794E-002   3.0504E-001  -7.8805E-003   5.8384E-002   2.6878E-002   3.5955E-002  -2.0310E-003  -9.3947E-002   6.1094E-002   2.5228E-003   7.7069E-002  -3.3422E-003   1.7038E-002  -4.9040E-004  -2.6899E+000   1.0515E-002   3.4993E-004  -1.0490E-003  -1.0140E-002   3.1322E-003  -1.5392E-002  -2.5409E-002   4.4286E-001   1.1111E+000  
 6.2490E-002   3.0819E-001  -4.6526E-001   6.8843E-002  -2.6280E-002   2.1317E-002  -2.1599E-003  -9.2229E-002   6.0816E-002  -6.2707E-002   7.5307E-002  -7.4280E-003   1.4971E-002  -8.1988E-004  -2.6874E+000   1.0360E-002   8.8590E-003   9.4131E-003  -9.6655E-003  -1.1711E-002  -1.5377E-002  -2.5051E-002   4.4108E-001   1.1282E+000  
 3.0020E-001   3.0271E-001  -9.0161E-001   9.8144E-002  -6.2276E-002  -3.3170E-002  -1.6596E-004  -9.0819E-002   5.6886E-002  -1.2476E-001   6.9092E-002  -1.7424E-002   1.2316E-002  -1.3308E-003  -2.6798E+000   1.0119E-002   1.6603E-002   1.9951E-002  -8.5938E-003  -2.6090E-002  -1.5187E-002  -2.3869E-002   4.3539E-001   1.1392E+000  
 6.7194E-001   2.8776E-001  -1.2866E+000   1.3686E-001  -7.3555E-002  -1.0488E-001   7.5109E-003  -9.0650E-002   4.6054E-002  -1.8209E-001   5.8913E-002  -3.1170E-002   1.0085E-002  -2.0202E-003  -2.6664E+000   1.0327E-002   2.0745E-002   3.0371E-002  -6.2678E-003  -3.7969E-002  -1.4468E-002  -2.3503E-002   4.2625E-001   1.1346E+000  
 1.1449E+000   2.6221E-001  -1.5917E+000   1.7367E-001  -5.3761E-002  -1.5721E-001   2.3383E-002  -9.2627E-002   2.3678E-002  -2.3363E-001   4.1769E-002  -4.6745E-002   9.2456E-003  -2.8649E-003  -2.6479E+000   1.2011E-002   2.1271E-002   4.1826E-002  -1.5675E-003  -4.6541E-002  -1.3612E-002  -2.1120E-002   4.1419E-001   1.1419E+000  
 1.6786E+000   2.2360E-001  -1.7793E+000   1.9086E-001   4.8089E-003  -1.3894E-001   4.9223E-002  -9.5789E-002  -1.5396E-002  -2.7865E-001   1.3027E-002  -5.9135E-002   9.6606E-003  -5.1218E-003  -2.6257E+000   1.4526E-002   1.7781E-002   5.0301E-002   7.7814E-003  -4.9207E-002  -1.2961E-002  -1.8144E-002   3.9961E-001   1.1305E+000  
 2.2579E+000  -2.3357E-001  -1.7644E+000   1.6133E-001   1.1280E-001   1.3774E-002   8.7310E-002  -9.6600E-002  -7.6626E-002  -3.2242E-001  -3.1811E-002  -5.7948E-002   1.9204E-002  -8.5550E-003  -2.6093E+000   2.2668E-002  -7.4042E-004   4.4565E-002   2.4133E-002  -3.7585E-002  -9.6612E-003  -2.1119E-002   3.8194E-001   1.1052E+000  
 2.7522E+000  -3.4074E-001  -1.5636E+000   4.7279E-002   2.8966E-001   3.8330E-001   1.3249E-001  -8.7291E-002  -1.6076E-001  -3.8080E-001  -1.0277E-001  -2.3546E-002   5.2182E-002  -1.7189E-002  -2.6172E+000   4.1821E-002  -4.5410E-002   1.0731E-002   5.4760E-002  -1.0168E-003  -4.7821E-003  -2.9597E-002   3.5920E-001   1.0544E+000  
 2.6603E+000  -9.0121E-002   1.6402E+000   8.5006E-002   3.5685E-001   2.6886E-001  -1.5478E-001  -1.0033E-001   2.3679E-001   4.3179E-001  -8.1696E-002  -4.5226E-002   5.3391E-003  -1.2137E-002  -2.6160E+000  -8.1020E-003   8.8370E-003  -2.1863E-002  -5.4588E-002   1.6414E-002   3.8076E-003  -1.3357E-002   3.7033E-001   1.1543E+000  
 2.1469E+000  -2.6164E-001   1.8312E+000   1.7154E-001   2.6929E-001  -7.6932E-002  -8.9863E-002  -9.1075E-002   1.4243E-001   3.5915E-001  -2.4041E-002  -6.1094E-002  -1.2124E-002  -5.2467E-003  -2.6116E+000   8.1449E-003  -1.3636E-002  -4.8595E-002  -3.1063E-002   4.9143E-002   1.6716E-003  -1.2383E-002   3.8837E-001   1.1625E+000  
 1.5941E+000  -1.9411E-001   1.7983E+000   1.9072E-001   2.0572E-001  -2.1832E-001  -4.7254E-002  -9.1366E-002   7.8839E-002   3.0336E-001   1.5562E-002  -5.7102E-002  -1.2001E-002  -2.0877E-003  -2.6283E+000   1.5050E-002  -2.2791E-002  -5.1074E-002  -1.6548E-002   5.8506E-002   3.4432E-004  -1.4784E-002   4.0348E-001   1.1578E+000  
 1.0499E+000  -1.8652E-001   1.6038E+000   1.6890E-001   1.5368E-001  -2.2754E-001  -2.1444E-002  -9.5286E-002   3.8627E-002   2.4988E-001   4.2469E-002  -4.3617E-002  -6.9293E-003  -1.0344E-003  -2.6502E+000   1.7741E-002  -2.3987E-002  -4.1214E-002  -8.2552E-003   5.3961E-002  -8.8253E-006  -1.8790E-002   4.1660E-001   1.1413E+000  
 5.6882E-001  -1.7861E-001   1.2927E+000   1.2851E-001   1.1030E-001  -1.6695E-001  -7.8529E-003  -9.7709E-002   1.6062E-002   1.9246E-001   6.0434E-002  -2.8110E-002  -1.9026E-003  -6.2539E-004  -2.6682E+000   2.0077E-002  -2.1312E-002  -3.0031E-002  -3.6201E-003   4.4891E-002  -1.4560E-004  -2.2037E-002   4.2851E-001   1.1185E+000  
 1.9071E-001  -1.7134E-001   9.0251E-001   8.6552E-002   7.4667E-002  -8.6674E-002  -1.8412E-003  -9.7357E-002   5.0684E-003   1.3200E-001   7.1933E-002  -1.4366E-002   5.1147E-003  -4.5382E-004  -2.6814E+000   1.9830E-002  -1.5776E-002  -2.1121E-002  -1.2937E-003   3.2700E-002  -2.5476E-004  -2.4422E-002   4.3719E-001   1.1125E+000  
-5.1804E-002  -1.6398E-001   4.6109E-001   5.5810E-002   4.7922E-002  -2.3107E-002  -5.0943E-005  -9.6388E-002   1.0572E-003   6.8285E-002   7.8353E-002  -5.0062E-003   1.1268E-002  -3.9464E-004  -2.6895E+000   1.9483E-002  -8.2962E-003  -1.1159E-002  -4.1084E-004   1.8232E-002  -3.7395E-004  -2.5911E-002   4.4287E-001   1.1025E+000  
-1.3447E-001  -1.5673E-001  -7.5243E-004   4.4728E-002   3.0984E-002   4.4785E-004  -1.2073E-004  -9.4714E-002   3.5346E-004   2.4298E-003   8.0386E-002  -1.7420E-003   1.6794E-002  -3.9180E-004  -2.6926E+000   1.9225E-002   6.2026E-005  -8.4516E-004  -2.4162E-004   3.2588E-003  -5.0718E-004  -2.6410E-002   4.4475E-001   1.1103E+000  
-5.1874E-002  -1.4992E-001  -4.6259E-001   5.5799E-002   2.3579E-002  -2.3102E-002  -1.9007E-004  -9.2637E-002  -3.4523E-004  -6.4588E-002   7.8353E-002  -5.0264E-003   2.1284E-002  -4.4142E-004  -2.6900E+000   1.8748E-002   8.4209E-003   1.0045E-002  -6.9961E-005  -1.1718E-002  -6.4770E-004  -2.5909E-002   4.4292E-001   1.1220E+000  
 1.9057E-001  -1.4393E-001  -9.0400E-001   8.6531E-002   2.6107E-002  -8.6662E-002   1.6009E-003  -9.0465E-002  -4.3421E-003  -1.3179E-001   7.1933E-002  -1.4409E-002   2.4901E-002  -5.4905E-004  -2.6822E+000   1.7759E-002   1.5902E-002   2.1705E-002   8.2020E-004  -2.6183E-002  -7.8855E-004  -2.4418E-002   4.3716E-001   1.1246E+000  
 5.6862E-001  -1.3897E-001  -1.2942E+000   1.2848E-001   3.8224E-002  -1.6692E-001   7.6110E-003  -8.8134E-002  -1.5314E-002  -1.9790E-001   6.0430E-002  -2.8180E-002   2.6987E-002  -7.7230E-004  -2.6687E+000   1.6507E-002   2.1441E-002   3.3304E-002   3.1608E-003  -3.8303E-002  -9.3000E-004  -2.2030E-002   4.2813E-001   1.1270E+000  
 1.0496E+000  -1.3437E-001  -1.6052E+000   1.6887E-001   5.9000E-002  -2.2750E-001   2.1198E-002  -8.7726E-002  -3.7851E-002  -2.6292E-001   4.2461E-002  -4.3723E-002   2.9980E-002  -1.2397E-003  -2.6497E+000   1.7468E-002   2.4121E-002   4.7846E-002   7.8197E-003  -4.7161E-002  -1.1039E-003  -1.8779E-002   4.1570E-001   1.1420E+000  
 1.5937E+000  -1.3124E-001  -1.7996E+000   1.9067E-001   8.9580E-002  -2.1824E-001   4.7009E-002  -8.7909E-002  -7.8030E-002  -3.2572E-001   1.5557E-002  -5.7241E-002   3.1556E-002  -2.3595E-003  -2.6258E+000   1.8448E-002   2.2923E-002   6.1472E-002   1.6140E-002  -5.1229E-002  -1.4932E-003  -1.4782E-002   4.0171E-001   1.1539E+000  
 2.1469E+000  -5.6980E-001  -1.8303E+000   1.7148E-001   1.3349E-001  -7.6819E-002   8.9627E-002  -8.3603E-002  -1.4159E-001  -3.9219E-001  -2.4034E-002  -6.1269E-002   3.6730E-002  -5.5912E-003  -2.6065E+000   2.3439E-002   1.3760E-002   6.2742E-002   3.0678E-002  -4.0838E-002  -2.8419E-003  -1.2385E-002   3.8494E-001   1.1508E+000  
 2.6604E+000  -6.0278E-001  -1.6393E+000   8.4918E-002   2.0328E-001   2.6903E-001   1.5455E-001  -6.9051E-002  -2.3589E-001  -4.7646E-001  -8.1678E-002  -4.5414E-002   5.8102E-002  -1.2586E-002  -2.6073E+000   3.7591E-002  -8.7314E-003   3.9767E-002   5.4245E-002  -6.5466E-003  -5.0077E-003  -1.3351E-002   3.6447E-001   1.1351E+000  
 2.6563E+000  -3.2607E-001   1.4588E+000   4.0391E-002   4.4227E-001   3.5881E-001  -1.3780E-001  -8.0920E-002   1.4857E-001   3.3776E-001  -1.0052E-001  -1.3969E-002   1.6264E-004  -1.0712E-002  -2.6253E+000  -1.2647E-002   4.7340E-002   6.4261E-003  -4.9233E-002   1.0177E-002   4.8567E-003  -3.0225E-002   3.6461E-001   1.0792E+000  
 2.1497E+000  -5.7000E-001   1.6430E+000   1.5480E-001   2.4774E-001  -1.0667E-002  -9.2140E-002  -7.6895E-002   6.5919E-002   2.9084E-001  -2.9447E-002  -4.8331E-002  -2.8919E-002  -3.5560E-003  -2.6138E+000   8.4899E-003   2.4291E-003  -3.1158E-002  -1.9014E-002   4.5463E-002   9.5300E-003  -2.1732E-002   3.8504E-001   1.1224E+000  
 1.6125E+000  -5.5057E-001   1.7835E+000   1.8458E-001   1.2023E-001  -1.6324E-001  -5.3433E-002  -8.2271E-002   6.3093E-003   2.5766E-001   1.5419E-002  -4.9324E-002  -3.3185E-002  -1.4139E-003  -2.6277E+000   1.8463E-002  -1.6160E-002  -4.0655E-002  -3.2681E-003   5.6245E-002   1.2484E-002  -1.8800E-002   4.0111E-001   1.1415E+000  
 1.0781E+000  -5.8469E-001   1.5947E+000   1.6777E-001   4.0340E-002  -1.8138E-001  -2.6835E-002  -8.9178E-002  -3.0993E-002   2.2189E-001   4.4134E-002  -3.6829E-002  -2.7037E-002  -3.1940E-004  -2.6481E+000   2.2645E-002  -1.9755E-002  -3.5892E-002   5.3129E-003   5.3166E-002   1.2840E-002  -2.1745E-002   4.1482E-001   1.1479E+000  
 6.0457E-001  -6.0688E-001   1.2883E+000   1.3135E-001  -1.9020E-003  -1.2896E-001  -1.0167E-002  -9.4013E-002  -5.1481E-002   1.7788E-001   6.1242E-002  -2.1289E-002  -1.8354E-002  -4.1316E-004  -2.6657E+000   2.5701E-002  -1.9484E-002  -2.7736E-002   9.1110E-003   4.4447E-002   1.3526E-002  -2.4095E-002   4.2641E-001   1.1313E+000  
 2.3242E-001  -6.1951E-001   9.0223E-001   9.2848E-002  -1.4011E-002  -5.7170E-002  -1.6915E-003  -9.5822E-002  -6.0320E-002   1.2615E-001   7.1523E-002  -7.5932E-003  -7.1829E-003  -4.5344E-004  -2.6788E+000   2.6874E-002  -1.5678E-002  -1.9952E-002   1.0365E-002   3.2560E-002   1.4170E-002  -2.4644E-002   4.3531E-001   1.1275E+000  
-5.5587E-003  -6.2363E-001   4.6481E-001   6.3655E-002  -2.1060E-003  -2.6437E-003   1.1108E-003  -9.5609E-002  -6.2195E-002   6.7553E-002   7.7838E-002   2.3694E-003   5.0909E-003  -4.0755E-004  -2.6868E+000   2.7242E-002  -8.3109E-003  -1.1087E-002   1.0318E-002   1.8220E-002   1.4358E-002  -2.6000E-002   4.4100E-001   1.1224E+000  
-8.5976E-002  -6.2003E-001   6.3707E-003   5.3221E-002   2.6835E-002   1.2010E-002   1.7912E-003  -9.4283E-002  -6.0397E-002   3.4628E-003   7.9639E-002   6.4332E-003   1.7027E-002  -2.6566E-004  -2.6900E+000   2.7294E-002  -2.2576E-004  -1.1884E-003   9.6625E-003   3.4039E-003   1.4399E-002  -2.6427E-002   4.4290E-001   1.1226E+000  
-3.5023E-003  -6.0932E-001  -4.5237E-001   6.3998E-002   6.5303E-002  -2.0454E-002   2.3767E-003  -9.1967E-002  -5.8321E-002  -6.4986E-002   7.7244E-002   3.9486E-003   2.7936E-002  -1.3428E-005  -2.6876E+000   2.6831E-002   7.6747E-003   9.9908E-003   8.8239E-003  -1.1431E-002   1.4104E-002  -2.5785E-002   4.4109E-001   1.1383E+000  
 2.3642E-001  -5.9146E-001  -8.9071E-001   9.3438E-002   1.0625E-001  -9.3106E-002   4.6707E-003  -8.8636E-002  -5.9083E-002  -1.3700E-001   7.0360E-002  -4.8242E-003   3.7274E-002   3.2860E-004  -2.6799E+000   2.5653E-002   1.4570E-002   2.2702E-002   8.8178E-003  -2.5816E-002   1.3644E-002  -2.4005E-002   4.3540E-001   1.1401E+000  
 6.0910E-001  -5.6598E-001  -1.2770E+000   1.3419E-001   1.4151E-001  -1.8200E-001   9.9349E-003  -8.4947E-002  -6.6735E-002  -2.1170E-001   5.7106E-002  -1.8608E-002   4.4821E-002   6.6316E-004  -2.6664E+000   2.4260E-002   2.1165E-002   3.6782E-002   1.0446E-002  -3.7748E-002   1.2676E-002  -1.9627E-002   4.2637E-001   1.1192E+000  
 1.0826E+000  -5.3138E-001  -1.5833E+000   1.7221E-001   1.6380E-001  -2.5104E-001   2.2395E-002  -8.1315E-002  -8.5721E-002  -2.8941E-001   3.7659E-002  -3.4123E-002   5.0576E-002   7.3214E-004  -2.6474E+000   2.3710E-002   2.5717E-002   5.3588E-002   1.4320E-002  -4.6481E-002   1.1533E-002  -1.5493E-002   4.1450E-001   1.1350E+000  
 1.6185E+000  -4.8606E-001  -1.7720E+000   1.9117E-001   1.6696E-001  -2.5116E-001   4.9544E-002  -7.6215E-002  -1.2282E-001  -3.7118E-001   1.1560E-002  -4.8566E-002   5.3106E-002   9.3722E-004  -2.6237E+000   2.3245E-002   2.6233E-002   6.9803E-002   2.0887E-002  -4.9996E-002   1.0208E-002  -1.0629E-002   4.0056E-001   1.1558E+000  
 2.1246E+000  -8.3496E-001  -1.8339E+000   1.7312E-001   1.4963E-001  -1.2168E-001   9.8151E-002  -6.5915E-002  -1.8415E-001  -4.6288E-001  -2.4360E-002  -5.7295E-002   5.7563E-002  -1.4330E-003  -2.6035E+000   2.6645E-002   2.5250E-002   7.5520E-002   3.2706E-002  -4.0331E-002   4.8600E-003  -3.6319E-003   3.8496E-001   1.1694E+000  
 2.6361E+000  -8.0011E-001  -1.6352E+000   1.0421E-001   1.1994E-001   1.9891E-001   1.8495E-001  -4.2198E-002  -2.8416E-001  -5.8199E-001  -7.0264E-002  -6.0048E-002   7.5513E-002  -5.3797E-003  -2.6046E+000   3.8730E-002   2.4317E-002   5.7494E-002   4.7668E-002  -6.4036E-003  -3.4341E-003   2.8724E-003   3.6576E-001   1.1846E+000  
 2.7106E+000  -5.8386E-001   1.2238E+000  -2.6259E-002   5.7748E-001   4.8719E-001  -1.2737E-001  -6.2620E-002   3.4901E-002   2.5580E-001  -1.2982E-001   2.2172E-002   1.1718E-002  -3.9420E-003  -2.6381E+000  -2.2669E-002   8.5957E-002   4.2347E-002  -3.7079E-002  -1.2806E-003   1.2792E-003  -4.2808E-002   3.5541E-001   1.0348E+000  
 2.2318E+000  -8.7817E-001   1.4150E+000   1.2319E-001   2.6437E-001   9.7934E-002  -9.6022E-002  -6.2202E-002  -3.5079E-002   2.3092E-001  -4.6862E-002  -2.5597E-002  -3.4688E-002  -4.0416E-004  -2.6175E+000   4.0028E-003   2.5078E-002  -6.9949E-003  -4.1774E-003   3.4877E-002   1.3507E-002  -3.1645E-002   3.7731E-001   1.0734E+000  
 1.7296E+000  -9.1008E-001   1.6742E+000   1.7555E-001   6.3645E-002  -6.7633E-002  -6.1550E-002  -7.1023E-002  -8.4471E-002   2.1626E-001   5.0660E-003  -3.4240E-002  -4.7804E-002   1.0800E-003  -2.6237E+000   1.9493E-002  -5.8894E-003  -2.7932E-002   1.4091E-002   5.0874E-002   2.0738E-002  -2.2879E-002   3.9506E-001   1.1128E+000  
 1.2285E+000  -9.5988E-001   1.5481E+000   1.7348E-001  -5.2789E-002  -9.5197E-002  -3.4574E-002  -8.0032E-002  -1.1470E-001   1.9636E-001   3.7550E-002  -2.4174E-002  -4.4373E-002   6.1326E-004  -2.6402E+000   2.6937E-002  -1.6502E-002  -3.1771E-002   2.2411E-002   5.1217E-002   2.4441E-002  -2.1307E-002   4.0961E-001   1.1264E+000  
 7.7833E-001  -1.0143E+000   1.2581E+000   1.4634E-001  -1.0092E-001  -5.0651E-002  -1.4671E-002  -8.7156E-002  -1.2895E-001   1.6635E-001   5.5417E-002  -8.4700E-003  -3.2591E-002  -8.2628E-005  -2.6577E+000   2.9882E-002  -1.7398E-002  -2.6874E-002   2.4318E-002   4.3128E-002   2.6404E-002  -2.3382E-002   4.2091E-001   1.1259E+000  
 4.2415E-001  -1.0482E+000   8.8574E-001   1.1499E-001  -9.6615E-002   1.2724E-002  -3.0657E-003  -9.0887E-002  -1.3191E-001   1.2377E-001   6.6088E-002   5.0641E-003  -1.7518E-002  -4.7876E-004  -2.6709E+000   3.1958E-002  -1.5004E-002  -1.9982E-002   2.3376E-002   3.1637E-002   2.7650E-002  -2.3411E-002   4.2984E-001   1.1342E+000  
 1.9795E-001  -1.0644E+000   4.6088E-001   9.0073E-002  -5.3367E-002   5.8167E-002   1.4878E-003  -9.1757E-002  -1.2798E-001   7.0703E-002   7.2640E-002   1.5762E-002   1.9124E-005  -5.1047E-004  -2.6793E+000   3.3348E-002  -7.7947E-003  -1.2406E-002   2.1928E-002   1.8073E-002   2.8615E-002  -2.4779E-002   4.3528E-001   1.1420E+000  
 1.2227E-001  -1.0645E+000   1.3850E-002   8.1239E-002   1.4107E-002   6.3747E-002   3.8065E-003  -9.0797E-002  -1.2031E-001   8.9217E-003   7.4419E-002   2.0450E-002   1.7494E-002  -2.6374E-004  -2.6826E+000   3.3900E-002  -9.9464E-005  -2.7811E-003   1.9712E-002   3.5604E-003   2.8775E-002  -2.5293E-002   4.3722E-001   1.1392E+000  
 2.0227E-001  -1.0493E+000  -4.3400E-001   9.0846E-002   9.1366E-002   2.2215E-002   5.4741E-003  -8.8142E-002  -1.1215E-001  -6.0509E-002   7.1709E-002   1.8594E-002   3.4405E-002   2.7736E-004  -2.6805E+000   3.3649E-002   6.8677E-003   8.8203E-003   1.7219E-002  -1.0989E-002   2.8408E-002  -2.4723E-002   4.3550E-001   1.1538E+000  
 4.3255E-001  -1.0185E+000  -8.6094E-001   1.1632E-001   1.6364E-001  -5.9550E-002   9.0431E-003  -8.3685E-002  -1.0645E-001  -1.3720E-001   6.4198E-002   1.0575E-002   4.9027E-002   1.1031E-003  -2.6728E+000   3.2611E-002   1.2603E-002   2.2390E-002   1.5381E-002  -2.4679E-002   2.7224E-002  -2.2868E-002   4.3023E-001   1.1601E+000  
 7.8895E-001  -9.7117E-001  -1.2342E+000   1.5064E-001   2.1509E-001  -1.5705E-001   1.4893E-002  -7.7759E-002  -1.0733E-001  -2.2056E-001   5.0085E-002  -3.3606E-003   6.0829E-002   2.0124E-003  -2.6596E+000   3.0498E-002   1.9261E-002   3.9163E-002   1.6114E-002  -3.6362E-002   2.5688E-002  -1.8153E-002   4.2142E-001   1.1387E+000  
 1.2402E+000  -9.0472E-001  -1.5253E+000   1.7987E-001   2.3210E-001  -2.3458E-001   2.8477E-002  -7.0128E-002  -1.1917E-001  -3.1106E-001   2.9272E-002  -1.8802E-002   6.8689E-002   2.8476E-003  -2.6406E+000   2.7805E-002   2.3950E-002   5.8127E-002   1.8728E-002  -4.4729E-002   2.3292E-002  -1.3674E-002   4.1012E-001   1.1232E+000  
 1.7398E+000  -8.5495E-001  -1.6934E+000   1.9035E-001   2.0268E-001  -2.4506E-001   5.9796E-002  -5.8362E-002  -1.4870E-001  -4.1378E-001   3.4166E-003  -3.4914E-002   7.3893E-002   3.5535E-003  -2.6192E+000   2.7192E-002   2.8945E-002   7.4326E-002   2.2549E-002  -4.6071E-002   1.9330E-002  -5.5920E-003   3.9657E-001   1.1476E+000  
 2.1962E+000  -9.9783E-001  -1.7699E+000   1.6730E-001   1.1997E-001  -1.3049E-001   1.1773E-001  -3.9826E-002  -2.0486E-001  -5.3507E-001  -3.0051E-002  -5.0205E-002   7.9639E-002   3.8173E-003  -2.6031E+000   3.0763E-002   3.6908E-002   8.0671E-002   2.8291E-002  -3.3243E-002   1.1045E-002   5.6294E-003   3.8160E-001   1.1829E+000  
 2.6847E+000  -8.8891E-001  -1.5335E+000   1.0393E-001  -9.4018E-003   1.6528E-001   2.2657E-001  -4.2172E-003  -3.0260E-001  -6.9470E-001  -6.8406E-002  -6.6899E-002   9.8526E-002   1.4472E-003  -2.6081E+000   4.1385E-002   5.0241E-002   6.5805E-002   3.5264E-002   2.0440E-004  -3.4809E-003   1.4632E-002   3.6349E-001   1.2164E+000  
 2.6216E+000  -9.0308E-001   1.1545E+000  -3.2405E-001   9.9964E-001   8.1833E-001   1.0166E-001  -1.3453E-001  -1.8380E-001   3.9712E-001  -2.4635E-001   1.8943E-001   1.7288E-001   1.5884E-002  -2.8091E+000  -6.5685E-002   1.9432E-001   1.8901E-001  -6.0222E-002  -9.6492E-002  -4.7842E-002  -4.0484E-002   3.2210E-001   1.0740E+000  
 2.3745E+000  -1.1238E+000   1.1236E+000   6.9246E-002   3.6232E-001   2.2641E-001  -1.0045E-001  -4.2631E-002  -1.5917E-001   1.8331E-001  -7.8002E-002   3.8430E-003  -2.4828E-002   7.6516E-003  -2.6222E+000  -3.8335E-003   5.1592E-002   2.2279E-002   1.3896E-002   2.1558E-002   9.0265E-003  -3.9368E-002   3.6670E-001   1.0444E+000  
 1.8849E+000  -1.3942E+000   1.1874E+000   1.5877E-001   6.9933E-002   4.4487E-002  -7.3579E-002  -5.2526E-002  -1.9361E-001   1.8067E-001  -1.4678E-002  -1.5708E-002  -5.5814E-002   3.6940E-003  -2.6148E+000   1.9812E-002   4.2473E-003  -1.6089E-002   3.4331E-002   4.4314E-002   2.5368E-002  -2.3629E-002   3.8706E-001   1.0588E+000  
 1.4804E+000  -1.2779E+000   1.4624E+000   1.7854E-001  -9.5564E-002   7.6847E-003  -4.4231E-002  -6.5954E-002  -2.1185E-001   1.7747E-001   2.1334E-002  -7.4983E-003  -5.6557E-002   1.7925E-003  -2.6272E+000   3.0349E-002  -1.2842E-002  -2.8568E-002   4.2649E-002   4.8238E-002   3.3360E-002  -1.7826E-002   4.0162E-001   1.0959E+000  
 1.0677E+000  -1.3669E+000   1.2001E+000   1.6685E-001  -1.6312E-001   4.3964E-002  -2.0368E-002  -7.6256E-002  -2.1632E-001   1.6140E-001   4.1104E-002   8.7264E-003  -4.3780E-002   1.1504E-004  -2.6442E+000   3.4779E-002  -1.5333E-002  -2.7829E-002   4.2042E-002   4.0948E-002   3.6978E-002  -1.8335E-002   4.1232E-001   1.1115E+000  
 7.4219E-001  -1.4245E+000   8.5197E-001   1.4633E-001  -1.5690E-001   9.8914E-002  -5.6092E-003  -8.2371E-002  -2.0945E-001   1.2870E-001   5.3012E-002   2.3086E-002  -2.5784E-002  -6.9137E-004  -2.6576E+000   3.7617E-002  -1.3637E-002  -2.2921E-002   3.8862E-002   3.0374E-002   3.9174E-002  -1.8400E-002   4.2087E-001   1.1149E+000  
 5.3465E-001  -1.4545E+000   4.4866E-001   1.2776E-001  -9.7461E-002   1.3579E-001   1.6256E-003  -8.3704E-002  -1.9572E-001   8.1658E-002   6.0653E-002   3.3595E-002  -3.9733E-003  -8.9501E-004  -2.6664E+000   3.8707E-002  -7.1222E-003  -1.5793E-002   3.4254E-002   1.7454E-002   4.0490E-002  -2.0511E-002   4.2635E-001   1.1299E+000  
 4.6661E-001  -1.4592E+000   2.1648E-002   1.2024E-001  -6.5832E-003   1.3278E-001   5.7234E-003  -8.1935E-002  -1.7850E-001   2.2367E-002   6.3992E-002   3.8237E-002   1.8733E-002  -5.5942E-004  -2.6700E+000   3.8095E-002   2.3856E-004  -6.2718E-003   2.9050E-002   3.7244E-003   4.0956E-002  -2.3046E-002   4.2849E-001   1.1550E+000  
 5.4271E-001  -1.4397E+000  -4.0689E-001   1.2665E-001   9.4468E-002   8.2754E-002   9.9384E-003  -7.7515E-002  -1.6070E-001  -4.8010E-002   6.2460E-002   3.6310E-002   3.9424E-002   2.8018E-004  -2.6684E+000   3.6320E-002   5.5970E-003   5.9363E-003   2.5061E-002  -1.0066E-002   4.0363E-002  -2.4577E-002   4.2661E-001   1.1431E+000  
 7.5725E-001  -1.3948E+000  -8.1328E-001   1.4493E-001   1.8341E-001  -7.4335E-003   1.5764E-002  -7.0559E-002  -1.4508E-001  -1.2932E-001   5.4860E-002   2.8050E-002   5.7627E-002   1.5918E-003  -2.6612E+000   3.3974E-002   1.0027E-002   2.1169E-002   2.1884E-002  -2.3163E-002   3.8927E-002  -2.3812E-002   4.2142E-001   1.1620E+000  
 1.0871E+000  -1.3231E+000  -1.1636E+000   1.6860E-001   2.3674E-001  -1.1338E-001   2.4109E-002  -6.2122E-002  -1.3533E-001  -2.2133E-001   3.9587E-002   1.4903E-002   7.2468E-002   3.2425E-003  -2.6483E+000   3.1312E-002   1.5708E-002   3.9700E-002   2.0222E-002  -3.4053E-002   3.6597E-002  -1.9124E-002   4.1324E-001   1.1580E+000  
 1.5025E+000  -1.2207E+000  -1.4280E+000   1.8413E-001   2.3455E-001  -1.9976E-001   4.0608E-002  -5.0288E-002  -1.3532E-001  -3.2549E-001   1.7050E-002   8.5282E-006   8.1881E-002   4.9860E-003  -2.6301E+000   2.8034E-002   2.0146E-002   6.0181E-002   2.0559E-002  -4.1833E-002   3.3018E-002  -1.3371E-002   4.0295E-001   1.1535E+000  
 1.8847E+000  -1.1784E+000  -1.6124E+000   1.7882E-001   1.5890E-001  -2.2095E-001   7.7092E-002  -3.3193E-002  -1.5396E-001  -4.4902E-001  -1.1166E-002  -1.7273E-002   8.7537E-002   7.7125E-003  -2.6120E+000   2.6001E-002   2.7378E-002   7.6806E-002   1.8827E-002  -3.9743E-002   2.6161E-002  -3.3187E-003   3.9048E-001   1.1637E+000  
 2.3547E+000  -1.0195E+000  -1.6461E+000   1.4750E-001   4.8051E-003  -1.2538E-001   1.5067E-001  -3.3167E-003  -2.0080E-001  -6.0648E-001  -4.1128E-002  -4.1733E-002   9.8880E-002   7.7825E-003  -2.6062E+000   3.0971E-002   4.5798E-002   7.8642E-002   1.6188E-002  -2.1216E-002   1.0941E-002   1.2131E-002   3.7524E-001   1.1874E+000  
 2.9761E+000  -7.0892E-001  -1.1047E+000   2.6897E-001  -4.9303E-002  -3.0282E-002   4.9282E-001   1.3549E-001  -3.6451E-001  -1.0085E+000  -6.3704E-003  -1.8997E-001   2.4201E-001   9.7526E-004  -2.7661E+000   6.7245E-002   1.3301E-001  -3.3999E-002  -2.3865E-002   8.9504E-002  -4.4976E-002   1.0635E-002   3.4007E-001   1.2584E+000  
 1.0181E+000  -2.1095E+000   3.0342E+000  -2.1791E+000   2.9356E+000   2.1846E+000   1.8671E+000  -9.1896E-001  -6.1674E-001   1.5350E+000  -5.9825E-001   1.0133E+000   1.1319E+000   1.4920E-001  -3.3047E+000  -1.3823E-001   3.5843E-001   7.7614E-001  -2.1190E-001  -1.4819E-001  -1.0245E-001  -3.0318E-002   1.6620E-001   1.2821E+000  
 2.5590E+000  -1.2418E+000   8.1161E-001  -6.8729E-003   5.7203E-001   3.4105E-001  -1.1270E-001  -6.2420E-003  -3.1386E-001   1.4555E-001  -1.1521E-001   3.6032E-002  -7.7548E-003   1.6189E-002  -2.6279E+000  -8.1320E-003   7.2223E-002   5.1294E-002   3.1030E-002   4.6016E-003  -1.7229E-003  -3.6379E-002   3.5489E-001   1.0396E+000  
 2.1306E+000  -1.5286E+000   9.4650E-001   1.1995E-001   1.7505E-001   1.4353E-001  -8.7549E-002  -2.2585E-002  -3.2676E-001   1.5990E-001  -4.5745E-002   9.5259E-003  -5.1253E-002   9.7159E-003  -2.6089E+000   1.8201E-002   1.8230E-002   6.3684E-004   5.3428E-002   3.2413E-002   1.9415E-002  -2.2697E-002   3.7577E-001   1.0479E+000  
 1.6909E+000  -1.7592E+000   9.6211E-001   1.6992E-001  -6.0966E-002   9.4607E-002  -5.6331E-002  -4.0828E-002  -3.2756E-001   1.7083E-001  -4.2336E-003   1.3129E-002  -6.0714E-002   3.3758E-003  -2.6135E+000   3.2851E-002  -6.7975E-003  -2.3499E-002   6.1241E-002   4.0576E-002   3.5073E-002  -1.3649E-002   3.9079E-001   1.0957E+000  
 1.4431E+000  -1.6350E+000   1.1107E+000   1.7887E-001  -1.6851E-001   1.1987E-001  -2.9216E-002  -5.5941E-002  -3.1513E-001   1.6674E-001   1.8791E-002   2.6683E-002  -4.9651E-002   5.2962E-005  -2.6256E+000   3.8452E-002  -1.3180E-002  -3.1008E-002   6.1020E-002   3.7605E-002   4.4379E-002  -1.2627E-002   4.0177E-001   1.1008E+000  
 1.1555E+000  -1.7201E+000   7.9829E-001   1.7234E-001  -1.8134E-001   1.6599E-001  -9.7435E-003  -6.4795E-002  -2.9354E-001   1.4523E-001   3.2624E-002   4.1585E-002  -3.0693E-002  -1.3859E-003  -2.6390E+000   4.1059E-002  -1.1991E-002  -2.7896E-002   5.5926E-002   2.8305E-002   4.7355E-002  -1.3498E-002   4.0963E-001   1.1179E+000  
 9.7254E-001  -1.7663E+000   4.2649E-001   1.6263E-001  -1.2684E-001   1.9440E-001   1.9237E-003  -6.7143E-002  -2.6604E-001   1.0465E-001   4.1813E-002   5.2213E-002  -7.2225E-003  -1.7903E-003  -2.6482E+000   4.1614E-002  -7.5898E-003  -2.1531E-002   4.8750E-002   1.6665E-002   4.9242E-002  -1.5945E-002   4.1464E-001   1.1357E+000  
 9.1453E-001  -1.7766E+000   2.9038E-002   1.5714E-001  -3.4075E-002   1.8301E-001   9.6380E-003  -6.4225E-002  -2.3525E-001   4.8225E-002   4.7207E-002   5.6793E-002   1.7736E-002  -1.3675E-003  -2.6524E+000   3.8952E-002  -1.7276E-003  -1.2311E-002   4.0964E-002   3.8706E-003   4.9951E-002  -2.0047E-002   4.1630E-001   1.1432E+000  
 9.8521E-001  -1.7521E+000  -3.7006E-001   1.5959E-001   6.8560E-002   1.2481E-001   1.6662E-002  -5.7523E-002  -2.0328E-001  -2.2945E-002   4.7101E-002   5.4837E-002   4.1641E-002  -1.8749E-004  -2.6516E+000   3.4923E-002   2.6303E-003   2.7933E-004   3.3630E-002  -8.9868E-003   4.9188E-002  -2.3207E-002   4.1490E-001   1.1509E+000  
 1.1784E+000  -1.6908E+000  -7.4497E-001   1.6890E-001   1.5181E-001   2.6683E-002   2.5105E-002  -4.8049E-002  -1.7291E-001  -1.0919E-001   3.8963E-002   4.6776E-002   6.2798E-002   1.7372E-003  -2.6452E+000   3.1401E-002   6.8348E-003   1.6948E-002   2.6933E-002  -2.0801E-002   4.7319E-002  -2.2808E-002   4.1028E-001   1.1534E+000  
 1.4727E+000  -1.5912E+000  -1.0614E+000   1.7752E-001   1.8580E-001  -8.7601E-002   3.6872E-002  -3.6282E-002  -1.4855E-001  -2.0971E-001   2.1942E-002   3.4145E-002   7.8897E-002   4.3877E-003  -2.6336E+000   2.7041E-002   1.0552E-002   3.7589E-002   2.0779E-002  -3.0170E-002   4.4469E-002  -1.9283E-002   4.0293E-001   1.1597E+000  
 1.7576E+000  -1.3319E+000  -1.2299E+000   1.7255E-001   1.4333E-001  -1.8502E-001   5.8763E-002  -2.1391E-002  -1.3552E-001  -3.3000E-001  -4.0139E-003   1.6630E-002   8.6713E-002   7.9660E-003  -2.6210E+000   2.0316E-002   1.3849E-002   5.6902E-002   1.2931E-002  -3.2907E-002   3.6376E-002  -1.4809E-002   3.9273E-001   1.1620E+000  
 2.1664E+000  -1.1526E+000  -1.4156E+000   1.4516E-001   3.3131E-003  -2.1940E-001   1.0355E-001   1.8548E-003  -1.3958E-001  -4.7799E-001  -3.5466E-002  -4.5139E-003   9.1254E-002   1.1363E-002  -2.6103E+000   1.6174E-002   2.2560E-002   7.1769E-002   3.4974E-003  -2.6154E-002   2.3575E-002  -4.8005E-003   3.8080E-001   1.1706E+000  
 2.5764E+000  -8.9412E-001  -1.3904E+000   9.1475E-002  -2.4377E-001  -1.4340E-001   1.9199E-001   4.0277E-002  -1.7381E-001  -6.7061E-001  -6.8907E-002  -3.5602E-002   9.9041E-002   1.4727E-002  -2.6157E+000   1.7004E-002   4.2045E-002   7.2315E-002  -9.8038E-003  -2.1738E-003   4.0519E-003   7.3047E-003   3.6552E-001   1.1922E+000  
 4.6583E+000   4.3105E-001   1.1646E+000   1.7417E+000   9.5650E-001  -1.2036E+000   2.1639E+000   9.2087E-001  -5.9144E-001  -2.1842E+000   2.0030E-001  -9.2471E-001   1.0628E+000  -7.6034E-002  -3.2274E+000   7.8857E-002   2.0430E-001  -5.5985E-001  -2.3300E-001   1.4474E-001  -8.5296E-002  -6.4826E-003   1.8971E-001   1.4230E+000  
 2.0374E+000  -1.8390E+000   7.6981E-001   1.3799E-001   7.2787E-002   1.1961E-001  -7.5806E-002   7.4821E-003  -4.6953E-001   1.8201E-001  -3.5895E-002   3.6290E-002  -6.1302E-002   4.7099E-003  -2.6022E+000   3.9598E-002  -2.9605E-003  -1.6576E-002   7.5490E-002   2.8828E-002   2.6733E-002  -4.5963E-003   3.7819E-001   1.1105E+000  
 1.7069E+000  -1.9749E+000   7.7027E-001   1.6974E-001  -9.9266E-002   1.3182E-001  -4.2640E-002  -1.5089E-002  -4.3230E-001   1.9137E-001  -9.4005E-003   4.6033E-002  -5.2351E-002   5.1491E-004  -2.6078E+000   4.4094E-002  -1.2129E-002  -3.1880E-002   7.6074E-002   3.1379E-002   4.1578E-002  -3.0215E-003   3.8898E-001   1.1103E+000  
 1.6019E+000  -1.9072E+000   7.1953E-001   1.7922E-001  -1.5791E-001   1.6726E-001  -1.7798E-002  -2.8544E-002  -3.8942E-001   1.7979E-001   6.9644E-003   5.9737E-002  -3.3611E-002  -2.6018E-003  -2.6185E+000   4.4694E-002  -1.2868E-002  -3.4248E-002   6.9803E-002   2.4717E-002   4.8672E-002  -5.3594E-003   3.9630E-001   1.1119E+000  
 1.4734E+000  -1.9621E+000   3.9274E-001   1.7781E-001  -1.3538E-001   1.8527E-001   8.7959E-004  -3.4947E-002  -3.4019E-001   1.4619E-001   1.6309E-002   6.8621E-002  -8.1901E-003  -2.9473E-003  -2.6259E+000   4.0533E-002  -8.4709E-003  -3.0065E-002   6.2295E-002   1.5726E-002   5.2912E-002  -1.1124E-002   4.0133E-001   1.1340E+000  
 1.4261E+000  -1.9793E+000   3.6972E-002   1.7503E-001  -6.9416E-002   1.6452E-001   1.4190E-002  -3.3206E-002  -2.8976E-001   9.2394E-002   2.1450E-002   7.2329E-002   1.7003E-002  -3.1776E-003  -2.6303E+000   3.5815E-002  -3.9542E-003  -2.2136E-002   5.1677E-002   3.8334E-003   5.4289E-002  -1.6351E-002   4.0316E-001   1.1460E+000  
 1.4889E+000  -1.9491E+000  -3.2109E-001   1.7272E-001   5.8604E-003   9.7310E-002   2.4634E-002  -2.6318E-002  -2.3938E-001   1.9710E-002   2.0044E-002   6.9346E-002   4.1547E-002  -2.3534E-003  -2.6317E+000   2.9236E-002  -1.3303E-003  -1.0160E-002   3.9120E-002  -8.0842E-003   5.2349E-002  -2.0829E-002   4.0136E-001   1.1359E+000  
 1.6412E+000  -1.8374E+000  -6.0992E-001   1.6750E-001   5.2809E-002  -1.0349E-002   3.5607E-002  -1.7090E-002  -1.9240E-001  -7.2213E-002   8.5491E-003   5.8813E-002   5.9851E-002   9.2278E-004  -2.6299E+000   1.8763E-002  -7.6980E-004   6.5173E-003   2.3788E-002  -1.6495E-002   4.7538E-002  -2.5017E-002   3.9601E-001   1.1188E+000  
 1.8310E+000  -1.5047E+000  -7.7212E-001   1.5476E-001   3.7862E-002  -1.3393E-001   5.2491E-002  -3.1861E-003  -1.5032E-001  -1.8373E-001  -1.1798E-002   4.4348E-002   7.1845E-002   4.9021E-003  -2.6233E+000   8.4359E-003  -2.2486E-005   2.6461E-002   9.2139E-003  -2.1892E-002   4.1156E-002  -2.5236E-002   3.8880E-001   1.1286E+000  
 2.1504E+000  -1.3017E+000  -1.0362E+000   1.2038E-001  -7.4764E-002  -2.4346E-001   8.0066E-002   1.3587E-002  -1.2202E-001  -3.2077E-001  -4.3011E-002   2.2398E-002   7.1581E-002   1.2555E-002  -2.6194E+000  -5.5100E-003  -6.0004E-004   4.5430E-002  -9.9798E-003  -1.7551E-002   2.8571E-002  -2.3533E-002   3.7859E-001   1.1297E+000  
 2.3979E+000  -1.6518E+000   5.8493E-001   7.8265E-002   3.1632E-001   3.4954E-002  -1.0927E-001   9.8613E-002  -6.5373E-001   2.2327E-001  -7.0153E-002   6.7509E-002  -6.4405E-002   6.0635E-003  -2.6062E+000   5.5766E-002  -3.7007E-003  -5.8416E-003   7.6498E-002   1.1352E-002   1.9915E-003   6.7332E-003   3.6329E-001   1.1430E+000  
 2.1322E+000  -1.8118E+000   6.5371E-001   1.3363E-001   5.0702E-002   2.8412E-002  -6.7863E-002   6.2772E-002  -5.8193E-001   2.4472E-001  -3.9762E-002   7.1315E-002  -6.0403E-002  -1.3071E-003  -2.6024E+000   5.9845E-002  -1.7594E-002  -3.1227E-002   7.7148E-002   1.7710E-002   2.2330E-002   1.1796E-002   3.7406E-001   1.1459E+000  
 1.9319E+000  -1.8918E+000   6.9728E-001   1.5213E-001  -7.9473E-002   4.5164E-002  -3.2175E-002   3.4831E-002  -5.0325E-001   2.4144E-001  -2.6249E-002   7.6249E-002  -3.7654E-002  -4.3449E-003  -2.6040E+000   5.0867E-002  -1.7595E-002  -4.1975E-002   7.4099E-002   1.7262E-002   3.5934E-002   5.4887E-003   3.8177E-001   1.1383E+000  
 1.8206E+000  -1.9037E+000   5.8991E-001   1.5573E-001  -1.2179E-001   4.8193E-002  -5.2137E-003   1.9558E-002  -4.2406E-001   2.1227E-001  -1.8787E-002   7.8523E-002  -1.2006E-002  -6.8956E-003  -2.6079E+000   3.7884E-002  -1.3332E-002  -4.3730E-002   6.5591E-002   1.0952E-002   4.4018E-002  -4.2977E-003   3.8669E-001   1.1306E+000  
 1.8088E+000  -1.8444E+000   3.7685E-001   1.5176E-001  -1.1637E-001   1.5390E-002   1.4375E-002   1.5500E-002  -3.4797E-001   1.6027E-001  -1.7081E-002   7.7453E-002   1.1699E-002  -7.4149E-003  -2.6137E+000   2.4745E-002  -1.0470E-002  -3.8174E-002   5.0398E-002   2.8137E-003   4.4992E-002  -1.4133E-002   3.8763E-001   1.1184E+000  
 1.8927E+000  -1.7469E+000   1.0018E-001   1.3915E-001  -1.0429E-001  -6.3226E-002   3.0344E-002   1.8010E-002  -2.7435E-001   8.4912E-002  -2.3477E-002   6.9195E-002   3.1486E-002  -6.2105E-003  -2.6182E+000   8.5741E-003  -1.0914E-002  -2.7728E-002   3.0896E-002  -4.7782E-003   4.1893E-002  -2.3935E-002   3.8523E-001   1.0778E+000  
 2.0593E+000  -1.5693E+000  -2.0558E-001   1.1167E-001  -1.2995E-001  -1.8404E-001   4.5413E-002   2.2661E-002  -2.0803E-001  -1.6071E-002  -4.1561E-002   5.0860E-002   4.0950E-002  -2.7818E-003  -2.6246E+000  -1.4122E-002  -1.5860E-002  -1.4072E-002   4.3812E-003  -8.9675E-003   3.2107E-002  -3.3884E-002   3.7852E-001   1.0476E+000  
 2.2833E+000  -1.3562E+000  -5.6115E-001   6.2658E-002  -2.3570E-001  -3.2380E-001   6.4512E-002   2.9236E-002  -1.5245E-001  -1.4161E-001  -7.2729E-002   2.5816E-002   3.5712E-002   5.9947E-003  -2.6319E+000  -3.9922E-002  -2.2977E-002   3.0316E-003  -2.6734E-002  -5.7572E-003   1.9149E-002  -4.0903E-002   3.6938E-001   1.0508E+000  
 2.5406E+000  -1.0657E+000  -7.4922E-001  -7.4760E-003  -4.5172E-001  -4.4841E-001   9.9782E-002   4.5118E-002  -1.0535E-001  -2.9921E-001  -1.0956E-001  -2.4335E-003   2.3923E-002   1.5689E-002  -2.6399E+000  -5.9510E-002  -2.5849E-002   1.9581E-002  -5.7390E-002   2.8726E-003   2.0553E-003  -3.6954E-002   3.5950E-001   1.0691E+000  
 4.4977E+000   1.1148E+000  -7.1686E-001   1.7081E+000  -9.2903E-001   1.1678E+000  -9.6291E-001   2.0605E+000  -2.2279E+000   6.9873E-001   1.7906E-001   9.5869E-001  -1.0031E+000  -7.9907E-002  -3.2816E+000   1.9776E-001  -5.1354E-002   2.2178E-001  -5.5160E-001  -8.7197E-002  -1.7627E-001  -8.1511E-003   1.8389E-001   1.3611E+000  
 2.7177E+000  -1.2281E+000   3.5049E-001   2.4477E-001   1.0877E-001  -7.3874E-002  -1.9776E-001   4.0517E-001  -9.6997E-001   4.1838E-001  -7.8755E-003   2.1766E-001  -1.9591E-001  -5.1681E-003  -2.7614E+000   1.4159E-001  -5.2876E-002   9.0425E-003  -3.2419E-002  -3.1895E-002  -9.0081E-002   9.5115E-003   3.4094E-001   1.2119E+000  
 2.3934E+000  -1.6201E+000   6.3004E-001   8.2491E-002   4.8323E-002  -2.5725E-001  -6.2430E-002   1.4834E-001  -6.5394E-001   3.4500E-001  -6.5387E-002   9.1893E-002  -5.4351E-002  -8.4342E-003  -2.6107E+000   6.0336E-002  -2.8393E-002  -5.0089E-002   5.8550E-002   4.9401E-003   2.6271E-003   1.2716E-002   3.6465E-001   1.1708E+000  
 2.3134E+000  -1.6459E+000   6.0790E-001   8.2163E-002  -9.4105E-002  -2.7855E-001  -2.4432E-002   1.1258E-001  -5.3537E-001   3.1715E-001  -6.4458E-002   8.1041E-002  -2.9786E-002  -1.2757E-002  -2.6120E+000   3.4643E-002  -2.6691E-002  -6.0142E-002   4.5505E-002   3.6014E-003   1.0955E-002   1.3300E-003   3.6862E-001   1.1438E+000  
 2.3106E+000  -1.5899E+000   4.6976E-001   6.1026E-002  -1.8745E-001  -3.3666E-001   4.4187E-003   8.7092E-002  -4.2440E-001   2.5880E-001  -7.3898E-002   6.1557E-002  -1.0317E-002  -1.6056E-002  -2.6180E+000   3.0949E-004  -2.6141E-002  -6.3291E-002   2.5144E-002   7.9880E-004   1.1922E-002  -1.5112E-002   3.6876E-001   1.0986E+000  
 2.3823E+000  -1.4611E+000   2.8081E-001   2.1365E-002  -2.8132E-001  -4.3900E-001   2.6111E-002   7.0269E-002  -3.2434E-001   1.7273E-001  -9.3039E-002   3.4886E-002  -2.5148E-003  -1.6143E-002  -2.6300E+000  -3.7809E-002  -3.1379E-002  -5.9982E-002  -4.9019E-003  -5.6898E-004   6.6495E-003  -3.1662E-002   3.6437E-001   1.0477E+000  
 2.5152E+000  -1.2642E+000   2.0943E-002  -3.9997E-002  -4.2407E-001  -5.7955E-001   4.6028E-002   6.0941E-002  -2.3437E-001   5.9780E-002  -1.2235E-001   3.2775E-003  -9.9224E-003  -1.0273E-002  -2.6455E+000  -7.5663E-002  -4.1247E-002  -4.9915E-002  -4.2122E-002   2.0235E-003  -3.7207E-003  -4.3826E-002   3.5684E-001   1.0329E+000  
 2.5034E+000  -1.3170E+000  -4.1341E-001  -3.3093E-001  -8.4888E-001  -9.2365E-001  -2.2818E-002  -1.6491E-001  -3.6328E-001  -1.6384E-001  -2.3782E-001  -1.6072E-001  -1.6318E-001   4.3605E-003  -2.8186E+000  -1.8277E-001  -8.2794E-002  -7.7039E-002  -1.8800E-001   4.5732E-002  -9.9256E-002  -4.1558E-002   3.2641E-001   1.0746E+000  
 9.5855E-001  -3.2362E+000  -1.5996E+000  -2.1495E+000  -2.7836E+000  -2.3634E+000  -7.7672E-001  -1.9043E+000  -1.5246E+000  -6.6099E-001  -5.6860E-001  -9.8576E-001  -1.0907E+000   1.1338E-001  -3.3679E+000  -3.2678E-001  -1.4107E-001  -2.4003E-001  -7.7549E-001   1.0083E-001  -1.7997E-001  -2.9320E-002   1.6944E-001   1.2487E+000  
