 3.9205E+000  -8.5432E-001   6.7961E+000  -8.6260E-001  -1.9352E+000  -1.4016E+000   4.6074E-001   1.2563E-002   5.4615E-002  -7.2009E-001  -1.2292E-001   1.0569E+000  -3.7245E-001   1.8247E-001  -6.0471E-001   5.0129E-002   1.2140E-002   1.4598E-001   3.5442E-001  -1.6022E-001  -1.0692E-001  -2.0346E-002   3.7389E-001   1.6603E+000  
 5.4441E+000  -1.9379E+000   5.9252E+000   4.1678E-002  -4.6192E-001  -6.8696E-001   7.0461E-002  -7.3021E-001  -6.3426E-001  -9.2493E-001  -3.9367E-003   1.3960E+000   3.7909E-002  -3.6794E-002  -1.5960E-001   9.5539E-002  -2.4749E-002   1.2263E-001   1.0067E-001  -9.4404E-002  -1.4428E-001  -1.8095E-002   3.9551E-001   2.0119E+000  
 5.7350E+000  -9.6420E-001   4.5317E+000   6.1382E-002  -2.5508E-001  -7.1313E-001   7.1538E-002  -6.6800E-001  -4.1202E-001  -9.8025E-001   2.0205E-002   1.3908E+000   1.7880E-002  -8.3870E-002  -1.2873E-001   1.1748E-001  -1.3600E-002   1.7149E-001   8.5330E-002  -1.2047E-001  -8.9058E-002  -2.5027E-002   3.9036E-001   2.1910E+000  
 5.9655E+000  -4.2645E-001   2.9230E+000   9.0947E-002  -1.1958E-001  -6.9268E-001   6.0282E-002  -6.5702E-001  -2.1057E-001  -1.0296E+000   4.4436E-002   1.4052E+000   1.2399E-002  -1.0353E-001  -6.8376E-002   1.2282E-001  -9.7361E-003   1.9031E-001   4.6393E-002  -1.4023E-001  -4.4270E-002  -3.2137E-002   3.9038E-001   2.2651E+000  
 6.0971E+000  -2.7404E-001   2.2297E-001   1.0188E-001  -3.2683E-002  -6.8716E-001   4.9172E-002  -6.5315E-001  -8.0343E-003  -1.0477E+000   5.2313E-002   1.4120E+000   6.3101E-003  -1.1107E-001  -5.7061E-003   1.2401E-001  -8.4479E-003   1.9766E-001   4.7539E-003  -1.4708E-001   2.8964E-003  -3.4417E-002   3.9069E-001   2.2594E+000  
 6.0264E+000  -3.5077E-001  -2.4797E+000   9.5135E-002   5.4241E-002  -7.0422E-001   3.7737E-002  -6.5592E-001   1.9552E-001  -1.0357E+000   4.4014E-002   1.4101E+000  -4.3582E-004  -1.0591E-001   5.7146E-002   1.2167E-001  -6.8189E-003   1.9372E-001  -3.6882E-002  -1.4134E-001   5.0257E-002  -3.1417E-002   3.9094E-001   2.2661E+000  
 5.8544E+000  -8.1572E-001  -4.1448E+000   6.9498E-002   1.9030E-001  -7.3596E-001   2.5254E-002  -6.6572E-001   3.9946E-001  -9.9224E-001   1.9031E-002   1.4003E+000  -7.2791E-003  -8.8192E-002   1.1842E-001   1.1573E-001  -2.2980E-003   1.7793E-001  -7.6331E-002  -1.2249E-001   9.5431E-002  -2.4228E-002   3.9161E-001   2.2015E+000  
 5.6159E+000  -1.7521E+000  -5.6330E+000   5.5413E-002   3.9560E-001  -7.1986E-001   2.5382E-002  -7.2830E-001   6.2807E-001  -9.4138E-001  -5.4438E-003   1.4099E+000  -3.0790E-002  -4.4837E-002   1.4931E-001   9.2917E-002   1.0029E-002   1.3209E-001  -9.1740E-002  -9.4463E-002   1.5154E-001  -1.7244E-002   3.9794E-001   2.0259E+000  
 4.1156E+000  -6.1875E-001  -6.5714E+000  -8.5538E-001   1.8748E+000  -1.4720E+000  -3.6797E-001   2.7498E-002  -6.4468E-002  -7.1891E-001  -1.2591E-001   1.0658E+000   3.7791E-001   1.6011E-001   6.0632E-001   4.6973E-002  -2.5143E-002   1.6138E-001  -3.4891E-001  -1.5508E-001   1.0854E-001  -2.0069E-002   3.7806E-001   1.6815E+000  
 4.1784E+000  -2.9834E+000   7.2429E+000   2.5741E-002  -4.0679E-001  -5.5795E-001   1.4312E-001  -5.0077E-001  -6.5762E-001  -6.1982E-001  -4.8268E-002   1.3814E+000   3.4516E-002   1.7702E-002  -2.1494E-001   9.2770E-002  -3.2234E-002   1.1547E-001   1.5796E-001  -4.3177E-003  -1.2014E-001  -1.9383E-002   4.0202E-001   1.8580E+000  
 4.5496E+000  -2.0911E+000   6.3485E+000   9.1926E-002  -1.6334E-001  -5.8470E-001   1.1686E-001  -4.8095E-001  -5.0729E-001  -7.1597E-001   5.4965E-003   1.4149E+000   3.5281E-002  -2.5719E-002  -1.7231E-001   9.6625E-002  -2.2851E-002   1.6354E-001   1.3050E-001  -4.7174E-002  -9.5575E-002  -3.0269E-002   4.0723E-001   2.0857E+000  
 4.8680E+000  -1.3446E+000   4.9782E+000   1.2731E-001  -4.7134E-002  -5.6729E-001   9.2486E-002  -4.6745E-001  -3.4568E-001  -7.8324E-001   4.2820E-002   1.4390E+000   2.6269E-002  -5.7018E-002  -1.2063E-001   1.0393E-001  -1.3579E-002   1.9434E-001   9.3334E-002  -7.7359E-002  -6.5768E-002  -4.3404E-002   4.0968E-001   2.2691E+000  
 5.1098E+000  -1.1284E+000   2.7100E+000   1.4559E-001  -1.5891E-002  -5.4359E-001   7.0488E-002  -4.5900E-001  -1.7676E-001  -8.2339E-001   6.4828E-002   1.4530E+000   1.5583E-002  -7.6534E-002  -6.3755E-002   1.1066E-001  -9.3711E-003   2.1173E-001   4.9772E-002  -9.4994E-002  -3.2207E-002  -5.3287E-002   4.1027E-001   2.3768E+000  
 5.2190E+000  -9.2895E-001   2.5888E-001   1.5207E-001  -2.7548E-002  -5.3739E-001   4.9987E-002  -4.5548E-001  -5.8868E-003  -8.3819E-001   7.1771E-002   1.4588E+000   5.1833E-003  -8.3922E-002  -4.5540E-003   1.1292E-001  -8.9675E-003   2.1839E-001   3.6691E-003  -1.0091E-001   2.9748E-003  -5.7167E-002   4.1088E-001   2.3362E+000  
 5.1771E+000  -1.0624E+000  -2.1919E+000   1.4912E-001  -3.9052E-002  -5.5534E-001   2.9072E-002  -4.5780E-001   1.6571E-001  -8.2861E-001   6.4064E-002   1.4578E+000  -5.6822E-003  -7.7996E-002   5.5023E-002   1.1013E-001  -8.2646E-003   2.1473E-001  -4.2642E-002  -9.6137E-002   3.8129E-002  -5.3015E-002   4.1107E-001   2.3805E+000  
 4.9997E+000  -1.2236E+000  -4.5307E+000   1.3451E-001  -7.1805E-003  -5.9051E-001   5.6701E-003  -4.6511E-001   3.3664E-001  -7.9358E-001   4.1242E-002   1.4484E+000  -1.7464E-002  -5.9713E-002   1.1303E-001   1.0285E-001  -3.3901E-003   2.0005E-001  -8.7016E-002  -7.9335E-002   7.1719E-002  -4.2895E-002   4.1130E-001   2.2803E+000  
 4.7379E+000  -1.8984E+000  -6.0213E+000   1.0301E-001   1.1013E-001  -6.1866E-001  -2.1026E-002  -4.7766E-001   5.0150E-001  -7.3109E-001   3.1051E-003   1.4284E+000  -2.8141E-002  -2.9233E-002   1.6636E-001   9.4970E-002   6.8410E-003   1.7149E-001  -1.2541E-001  -4.9450E-002   1.0168E-001  -2.9601E-002   4.0968E-001   2.1012E+000  
 4.4124E+000  -2.7488E+000  -6.9927E+000   4.0912E-002   3.5515E-001  -6.0186E-001  -5.0463E-002  -4.9663E-001   6.5600E-001  -6.3913E-001  -5.1370E-002   1.3983E+000  -2.9609E-002   1.3853E-002   2.1133E-001   9.0549E-002   1.7479E-002   1.2516E-001  -1.5449E-001  -6.4613E-003   1.2615E-001  -1.8618E-002   4.0536E-001   1.8806E+000  
 3.2358E+000  -4.2985E+000   8.0086E+000   9.8364E-002  -9.1736E-002  -5.6971E-001   1.7524E-001  -3.4890E-001  -5.6144E-001  -4.8851E-001  -2.6204E-002   1.4177E+000   5.5962E-002   4.7985E-002  -1.9114E-001   6.2534E-002  -4.5358E-002   1.2687E-001   1.6773E-001   1.7024E-002  -7.8389E-002  -2.0993E-002   4.1947E-001   1.8591E+000  
 3.5770E+000  -3.8616E+000   6.8483E+000   1.3875E-001   5.2748E-002  -5.9096E-001   1.3906E-001  -3.3470E-001  -4.3667E-001  -5.6956E-001   2.3387E-002   1.4574E+000   4.8228E-002   8.8449E-003  -1.5165E-001   6.2904E-002  -2.8732E-002   1.6616E-001   1.3864E-001  -2.0402E-002  -6.4446E-002  -3.3955E-002   4.2853E-001   2.1045E+000  
 2.8877E+000  -2.8410E-001   2.1670E+000   1.5767E-001   8.9165E-002  -5.6946E-001   1.0636E-001  -3.2537E-001  -2.9925E-001  -6.2561E-001   5.7352E-002   1.4847E+000   3.3800E-002  -1.9041E-002  -1.0457E-001   6.7271E-002  -1.4816E-002   1.9126E-001   9.8254E-002  -4.7436E-002  -4.5651E-002  -4.8369E-002   4.3391E-001   2.3044E+000  
 2.6369E+000   2.1214E-001   8.2841E-001   1.6632E-001   5.1907E-002  -5.4333E-001   7.7393E-002  -3.1937E-001  -1.5298E-001  -6.5940E-001   7.6215E-002   1.4998E+000   1.8422E-002  -3.6249E-002  -5.4587E-002   7.1881E-002  -9.3031E-003   2.0501E-001   5.1752E-002  -6.4071E-002  -2.2852E-002  -5.9389E-002   4.3596E-001   2.4387E+000  
 2.6258E+000   2.3428E-001   8.9879E-002   1.6969E-001  -2.2227E-002  -5.3626E-001   5.0686E-002  -3.1688E-001  -3.9405E-003  -6.7191E-001   8.2451E-002   1.5058E+000   3.6415E-003  -4.2388E-002  -3.6149E-003   7.4293E-002  -9.3322E-003   2.1005E-001   2.6713E-003  -6.9797E-002   2.8062E-003  -6.3505E-002   4.3685E-001   2.4187E+000  
 2.6741E+000   2.0668E-001  -6.4792E-001   1.6960E-001  -9.6165E-002  -5.5509E-001   2.3469E-002  -3.1836E-001   1.4569E-001  -6.6370E-001   7.5367E-002   1.5047E+000  -1.1411E-002  -3.7059E-002   4.7754E-002   7.1464E-002  -9.1371E-003   2.0753E-001  -4.6773E-002  -6.4995E-002   2.8433E-002  -5.9229E-002   4.3693E-001   2.4439E+000  
 2.9723E+000  -2.6976E-001  -1.9390E+000   1.6444E-001  -1.3289E-001  -5.9276E-001  -6.9587E-003  -3.2341E-001   2.9376E-001  -6.3408E-001   5.5709E-002   1.4943E+000  -2.7694E-002  -2.0518E-002   9.8828E-002   6.6364E-002  -2.9624E-003   1.9612E-001  -9.4238E-002  -4.9004E-002   5.1097E-002  -4.7950E-002   4.3579E-001   2.3156E+000  
 3.7841E+000  -3.6560E+000  -6.4769E+000   1.4910E-001  -9.5483E-002  -6.2519E-001  -4.2088E-002  -3.3181E-001   4.3404E-001  -5.8189E-001   2.0903E-002   1.4712E+000  -4.3492E-002   7.1335E-003   1.4756E-001   6.1575E-002   1.1849E-002   1.7288E-001  -1.3608E-001  -2.2251E-002   6.9702E-002  -3.3326E-002   4.3120E-001   2.1198E+000  
 3.4911E+000  -4.0837E+000  -7.7432E+000   1.1257E-001   5.0366E-002  -6.1400E-001  -8.1610E-002  -3.4523E-001   5.6265E-001  -5.0422E-001  -2.9483E-002   1.4350E+000  -5.3067E-002   4.6445E-002   1.8900E-001   6.0695E-002   2.9706E-002   1.3497E-001  -1.6686E-001   1.5469E-002   8.3372E-002  -2.0130E-002   4.2283E-001   1.8800E+000  
 2.0339E+000  -4.4783E+000   3.3899E+000   8.2395E-002  -5.8434E-001  -2.9734E-001  -6.6491E-003  -3.7083E-001  -3.8220E-001   3.3531E-001  -3.2610E-001   1.1162E+000   1.1416E-001   2.7817E-001  -4.5919E-001   8.8649E-002   9.9519E-002   5.4858E-002   2.1189E-001   6.1886E-002   3.1997E-002  -1.2681E-002   3.7433E-001   1.7038E+000  
 1.7381E+000  -4.1969E+000   6.0446E+000  -2.7953E-002  -4.3060E-001  -2.7639E-001   2.9531E-001  -2.7159E-001  -6.4382E-001  -1.8645E-001  -1.5528E-001   1.3459E+000   4.9468E-002   1.7252E-001  -1.8981E-001   4.7186E-002  -7.6177E-002   9.5785E-003   1.6424E-001   1.1420E-001  -2.4936E-002  -7.3749E-003   4.0482E-001   1.7527E+000  
 1.9599E+000  -4.2683E+000   7.5413E+000   8.4951E-002  -9.5743E-002  -5.5775E-001   2.4469E-001  -2.5333E-001  -5.7935E-001  -2.9204E-001  -7.4093E-002   1.3913E+000   7.0422E-002   1.2639E-001  -1.8253E-001   3.1893E-002  -8.0890E-002   7.2039E-002   1.8426E-001   6.5721E-002  -4.1015E-002  -2.8566E-003   4.2105E-001   1.7177E+000  
 2.2280E+000  -4.6021E+000   7.9548E+000   1.3224E-001   9.5739E-002  -6.7347E-001   1.9862E-001  -2.3767E-001  -4.9178E-001  -3.7815E-001  -1.3029E-002   1.4440E+000   6.7882E-002   8.1167E-002  -1.5783E-001   2.5358E-002  -5.9664E-002   1.1815E-001   1.7397E-001   2.5218E-002  -4.3584E-002  -1.1144E-002   4.3757E-001   1.8169E+000  
 2.1339E+000   1.5696E-001   2.2965E+000   1.4766E-001   1.7090E-001  -6.9385E-001   1.5536E-001  -2.2619E-001  -3.8495E-001  -4.4292E-001   3.1111E-002   1.4862E+000   5.3907E-002   4.4819E-002  -1.2430E-001   2.3958E-002  -3.4109E-002   1.4962E-001   1.4443E-001  -5.9744E-003  -3.8208E-002  -2.6061E-002   4.5138E-001   2.0520E+000  
 1.9881E+000   2.4878E-001   1.6200E+000   1.5066E-001   1.5840E-001  -6.7135E-001   1.1672E-001  -2.1814E-001  -2.6452E-001  -4.8795E-001   6.0437E-002   1.5142E+000   3.5381E-002   1.8981E-002  -8.5710E-002   2.5407E-002  -1.5310E-002   1.6960E-001   1.0251E-001  -2.8622E-002  -2.8624E-002  -4.0850E-002   4.5965E-001   2.2727E+000  
 1.8934E+000   3.0068E-001   8.6824E-001   1.5124E-001   8.5889E-002  -6.4424E-001   8.2319E-002  -2.1309E-001  -1.3486E-001  -5.1465E-001   7.5315E-002   1.5294E+000   1.7736E-002   2.6362E-003  -4.4830E-002   2.6015E-002  -8.9513E-003   1.8062E-001   5.3292E-002  -4.2677E-002  -1.4461E-002  -5.0412E-002   4.6295E-001   2.4070E+000  
 1.8723E+000   3.1586E-001   8.7370E-002   1.5215E-001  -1.6622E-002  -6.3648E-001   5.1183E-002  -2.1112E-001  -2.2754E-003  -5.2433E-001   7.9892E-002   1.5353E+000   1.9080E-003  -2.8758E-003  -2.7989E-003   2.6236E-002  -9.6383E-003   1.8428E-001   1.7100E-003  -4.7380E-002   2.6104E-003  -5.3673E-002   4.6364E-001   2.4123E+000  
 1.9304E+000   2.9568E-001  -6.9279E-001   1.5436E-001  -1.1902E-001  -6.5598E-001   1.9553E-002  -2.1231E-001   1.3088E-001  -5.1789E-001   7.4490E-002   1.5346E+000  -1.4180E-002   2.2975E-003   3.9526E-002   2.5607E-002  -1.0096E-002   1.8268E-001  -5.0232E-002  -4.3298E-002   1.9621E-002  -5.0220E-002   4.6403E-001   2.4124E+000  
 2.0622E+000   2.3873E-001  -1.4424E+000   1.5702E-001  -1.9114E-001  -6.9465E-001  -1.6331E-002  -2.1658E-001   2.6220E-001  -4.9430E-001   5.8810E-002   1.5241E+000  -3.2580E-002   1.8447E-002   8.1292E-002   2.4607E-002  -3.1304E-003   1.7354E-001  -1.0049E-001  -2.9685E-002   3.3594E-002  -4.0508E-002   4.6171E-001   2.2837E+000  
 2.2445E+000   1.4185E-001  -2.1153E+000   1.5747E-001  -2.0299E-001  -7.2816E-001  -5.7380E-002  -2.2387E-001   3.8535E-001  -4.5212E-001   2.8644E-002   1.5003E+000  -5.2361E-002   4.4399E-002   1.2124E-001   2.2804E-002   1.6602E-002   1.5506E-001  -1.4388E-001  -7.1154E-003   4.2855E-002  -2.5489E-002   4.5425E-001   2.0672E+000  
 2.5038E+000  -4.3853E+000  -7.6812E+000   1.4570E-001  -1.2683E-001  -7.1799E-001  -1.0405E-001  -2.3466E-001   4.9577E-001  -3.8978E-001  -1.6395E-002   1.4615E+000  -6.7849E-002   8.1301E-002   1.5636E-001   2.3879E-002   4.3393E-002   1.2467E-001  -1.7519E-001   2.4421E-002   4.7727E-002  -1.0343E-002   4.4103E-001   1.8364E+000  
 2.2711E+000  -4.0664E+000  -7.4057E+000   1.0228E-001   6.5980E-002  -6.1154E-001  -1.5457E-001  -2.4966E-001   5.8755E-001  -3.0561E-001  -7.8404E-002   1.4112E+000  -7.2105E-002   1.2753E-001   1.8289E-001   3.0236E-002   6.6126E-002   7.9218E-002  -1.8739E-001   6.5610E-002   4.4371E-002  -1.8406E-003   4.2493E-001   1.7396E+000  
 2.0720E+000  -4.0171E+000  -6.0452E+000  -6.0480E-003   4.0201E-001  -3.3821E-001  -2.1016E-001  -2.6766E-001   6.5675E-001  -2.0104E-001  -1.6017E-001   1.3671E+000  -5.3536E-002   1.7485E-001   1.9218E-001   4.5066E-002   6.3530E-002   1.7260E-002  -1.6908E-001   1.1506E-001   2.7220E-002  -5.8510E-003   4.0897E-001   1.7779E+000  
 2.3496E+000  -4.2991E+000  -3.5294E+000   1.0376E-001   5.8943E-001  -3.4855E-001   8.4761E-002  -3.6471E-001   3.9823E-001   2.9246E-001  -3.2946E-001   1.1357E+000  -1.2126E-001   2.9258E-001   4.4870E-001   8.4504E-002  -1.0788E-001   6.4901E-002  -2.1967E-001   6.7252E-002  -2.2368E-002  -1.1328E-002   3.8003E-001   1.7295E+000  
 8.6833E-001  -3.4627E+000   4.0651E+000  -1.8731E-001  -5.7498E-001   1.5238E-001   4.4179E-001  -1.7442E-001  -6.0553E-001  -8.0817E-002  -2.6165E-001   1.3564E+000  -5.5373E-003   2.2253E-001  -1.0954E-001   4.9696E-002  -4.9221E-002  -6.9732E-002   9.3170E-002   1.4662E-001   5.3278E-002  -9.4236E-003   4.0115E-001   1.9153E+000  
 1.0014E+000  -3.8844E+000   5.9881E+000   3.8483E-002  -1.7772E-001  -4.2224E-001   3.2427E-001  -1.8049E-001  -5.6309E-001  -1.3415E-001  -1.3861E-001   1.3467E+000   6.0718E-002   1.9505E-001  -1.4803E-001   1.9669E-002  -1.0751E-001   1.5138E-002   1.6607E-001   9.4401E-002   1.6039E-002   6.8671E-003   4.1195E-001   1.9353E+000  
 1.1146E+000  -4.2067E+000   7.2392E+000   1.1540E-001   5.1687E-002  -7.0217E-001   2.6829E-001  -1.6595E-001  -5.1508E-001  -2.1332E-001  -6.4047E-002   1.3987E+000   7.2493E-002   1.5203E-001  -1.4197E-001   5.7076E-003  -1.0235E-001   6.3157E-002   1.8732E-001   5.6295E-002  -6.1284E-003   1.2433E-002   4.3187E-001   1.8998E+000  
 1.7793E+000   9.8640E-002   2.9976E+000   1.3408E-001   1.7195E-001  -8.1794E-001   2.1630E-001  -1.5358E-001  -4.4193E-001  -2.7852E-001  -7.3565E-003   1.4550E+000   6.5781E-002   1.1009E-001  -1.2154E-001  -2.0699E-003  -7.1780E-002   9.7283E-002   1.7808E-001   2.4413E-002  -1.6625E-002   2.4086E-003   4.5308E-001   1.8464E+000  
 1.5624E+000   1.9384E-001   2.3919E+000   1.2849E-001   2.0439E-001  -8.3789E-001   1.6726E-001  -1.4449E-001  -3.4864E-001  -3.2776E-001   3.3189E-002   1.4994E+000   5.0275E-002   7.5762E-002  -9.4725E-002  -5.2908E-003  -3.8677E-002   1.2115E-001   1.4902E-001   1.0079E-003  -1.9285E-002  -1.4304E-002   4.7056E-001   2.0262E+000  
 1.3785E+000   2.5715E-001   1.6800E+000   1.1889E-001   1.7099E-001  -8.1541E-001   1.2407E-001  -1.3790E-001  -2.4031E-001  -3.6132E-001   5.8116E-002   1.5269E+000   3.2462E-002   5.0370E-002  -6.5545E-002  -7.2907E-003  -1.7349E-002   1.3743E-001   1.0599E-001  -1.6203E-002  -1.5867E-002  -2.7403E-002   4.8040E-001   2.2318E+000  
 1.2590E+000   2.9187E-001   8.9596E-001   1.1396E-001   9.1341E-002  -7.8809E-001   8.6651E-002  -1.3214E-001  -1.2237E-001  -3.8089E-001   6.8007E-002   1.5411E+000   1.5629E-002   3.4467E-002  -3.4410E-002  -1.0771E-002  -1.0187E-002   1.4577E-001   5.4405E-002  -2.7024E-002  -8.0323E-003  -3.2595E-002   4.8362E-001   2.3172E+000  
 1.2287E+000   3.0124E-001   8.5103E-002   1.1399E-001  -1.0903E-002  -7.8033E-001   5.1520E-002  -1.2923E-001  -9.2576E-004  -3.8778E-001   6.9361E-002   1.5475E+000  -6.0565E-005   2.9169E-002  -2.1842E-003  -1.2996E-002  -9.8817E-003   1.4843E-001   9.1084E-004  -3.0538E-002   2.4665E-003  -3.2837E-002   4.8467E-001   2.3164E+000  
 1.2958E+000   2.8733E-001  -7.2507E-001   1.1688E-001  -1.1309E-001  -7.9980E-001   1.5925E-002  -1.3157E-001   1.2107E-001  -3.8300E-001   6.7179E-002   1.5463E+000  -1.5965E-002   3.4489E-002   3.0258E-002  -1.1211E-002  -9.3571E-003   1.4730E-001  -5.2913E-002  -2.7395E-002   1.2901E-002  -3.2426E-002   4.8476E-001   2.3229E+000  
 1.4521E+000   2.4803E-001  -1.5070E+000   1.2486E-001  -1.9255E-001  -8.3868E-001  -2.2943E-002  -1.3676E-001   2.4061E-001  -3.6543E-001   5.6468E-002   1.5369E+000  -3.3455E-002   5.0554E-002   6.2009E-002  -8.1218E-003  -1.5542E-003   1.4034E-001  -1.0550E-001  -1.6807E-002   2.0525E-002  -2.7088E-002   4.8260E-001   2.2425E+000  
 1.6724E+000   1.8013E-001  -2.2153E+000   1.3777E-001  -2.2563E-001  -8.7215E-001  -6.8542E-002  -1.4281E-001   3.5154E-001  -3.3368E-001   3.0713E-002   1.5137E+000  -5.2345E-002   7.6354E-002   9.2110E-002  -6.4367E-003   2.0771E-002   1.2513E-001  -1.4999E-001   4.5617E-004   2.3579E-002  -1.3759E-002   4.7357E-001   2.0411E+000  
 1.9250E+000   8.0331E-002  -2.8158E+000   1.4697E-001  -1.9270E-001  -8.6249E-001  -1.2104E-001  -1.5138E-001   4.4826E-001  -2.8594E-001  -1.0745E-002   1.4726E+000  -6.9178E-002   1.1149E-001   1.2010E-001  -3.3801E-003   5.5190E-002   1.0199E-001  -1.8080E-001   2.4225E-002   2.0324E-002   3.2638E-003   4.5664E-001   1.8698E+000  
 1.4421E+000  -4.0773E+000  -7.1328E+000   1.3212E-001  -7.1677E-002  -7.5600E-001  -1.7757E-001  -1.6333E-001   5.2546E-001  -2.2187E-001  -6.8498E-002   1.4187E+000  -7.7180E-002   1.5468E-001   1.4173E-001   4.3684E-003   8.7365E-002   6.8301E-002  -1.9188E-001   5.6790E-002   8.9458E-003   1.3488E-002   4.3568E-001   1.9209E+000  
 1.3493E+000  -3.7719E+000  -5.9852E+000   5.9361E-002   1.5851E-001  -4.8405E-001  -2.3893E-001  -1.7760E-001   5.7792E-001  -1.4329E-001  -1.4403E-001   1.3681E+000  -6.6879E-002   1.9919E-001   1.4903E-001   1.8317E-002   9.4402E-002   2.0532E-002  -1.7235E-001   9.5803E-002  -1.4367E-002   8.1676E-003   4.1580E-001   1.9585E+000  
 1.2294E+000  -3.3639E+000  -4.1759E+000  -1.6007E-001   5.5490E-001   8.2080E-002  -3.6040E-001  -1.7213E-001   6.2376E-001  -8.8043E-002  -2.6723E-001   1.3766E+000  -3.3550E-003   2.2859E-001   1.1343E-001   4.8113E-002   3.8992E-002  -6.3243E-002  -1.0171E-001   1.4817E-001  -5.3219E-002  -8.0175E-003   4.0514E-001   1.9406E+000  
 4.0196E-001  -2.4315E+000   3.7633E+000  -7.3497E-002  -2.7703E-001  -2.7744E-002   4.1140E-001  -1.1925E-001  -5.1869E-001  -2.5863E-002  -2.2443E-001   1.3150E+000   2.8869E-002   2.4008E-001  -9.5633E-002   1.9873E-002  -1.0130E-001  -2.6743E-002   1.0322E-001   9.4271E-002   8.9614E-002   9.0148E-004   3.9832E-001   2.0567E+000  
 3.8066E-001  -3.2241E+000   5.4025E+000   7.4935E-002  -4.6235E-002  -5.6111E-001   3.4420E-001  -1.0939E-001  -5.0775E-001  -8.6679E-002  -1.2891E-001   1.3405E+000   5.3286E-002   2.1250E-001  -1.0284E-001   3.0879E-003  -1.3360E-001   1.5194E-002   1.6656E-001   6.6676E-002   4.6966E-002   2.2065E-002   4.1679E-001   2.0772E+000  
 1.4399E+000  -5.1109E-001   4.0812E+000   1.2168E-001   9.4594E-002  -8.3944E-001   2.8587E-001  -9.8594E-002  -4.7101E-001  -1.4138E-001  -5.9951E-002   1.3977E+000   5.7015E-002   1.7255E-001  -9.6434E-002  -7.3639E-003  -1.1838E-001   4.5388E-002   1.8880E-001   4.1094E-002   1.8181E-002   2.5356E-002   4.3896E-001   2.0573E+000  
 1.3774E+000   1.0313E-001   3.0888E+000   1.1824E-001   1.6379E-001  -9.5564E-001   2.2825E-001  -9.0308E-002  -4.0846E-001  -1.8475E-001  -4.9324E-003   1.4556E+000   5.0832E-002   1.3208E-001  -8.2638E-002  -1.4327E-002  -8.0369E-002   6.7953E-002   1.8004E-001   1.9332E-002   2.3044E-003   1.2723E-002   4.6242E-001   1.9949E+000  
 1.1249E+000   1.6336E-001   2.4563E+000   9.5830E-002   1.7406E-001  -9.7603E-001   1.7425E-001  -8.4685E-002  -3.2447E-001  -2.1710E-001   3.6532E-002   1.4995E+000   3.7975E-002   9.9004E-002  -6.4559E-002  -1.7181E-002  -4.1946E-002   8.4355E-002   1.5169E-001   3.3416E-003  -5.3354E-003  -6.3058E-003   4.8076E-001   1.9609E+000  
 9.1323E-001   2.0331E-001   1.7199E+000   7.5265E-002   1.4032E-001  -9.5257E-001   1.2887E-001  -8.1396E-002  -2.2440E-001  -2.3914E-001   6.0573E-002   1.5234E+000   2.3724E-002   7.4111E-002  -4.5169E-002  -1.8340E-002  -1.9546E-002   9.5333E-002   1.0770E-001  -8.0516E-003  -6.7388E-003  -1.9737E-002   4.8781E-001   2.1194E+000  
 7.7682E-001   2.2542E-001   9.1381E-001   6.3070E-002   7.5053E-002  -9.2358E-001   8.9956E-002  -7.8926E-002  -1.1403E-001  -2.5108E-001   7.0696E-002   1.5337E+000   1.0827E-002   5.8892E-002  -2.3735E-002  -1.9240E-002  -1.2292E-002   9.9228E-002   5.4740E-002  -1.5352E-002  -3.3177E-003  -2.5624E-002   4.8676E-001   2.1730E+000  
 7.4136E-001   2.3117E-001   8.3029E-002   5.9194E-002  -5.0916E-003  -9.1524E-001   5.1746E-002  -7.8130E-002   3.7971E-005  -2.5542E-001   7.3373E-002   1.5385E+000  -2.2491E-003   5.3545E-002  -1.7378E-003  -1.9664E-002  -1.0125E-002   1.0059E-001   3.6304E-004  -1.7981E-002   2.3846E-003  -2.8133E-002   4.8640E-001   2.1934E+000  
 8.1336E-001   2.2132E-001  -7.4706E-001   6.5775E-002  -8.5235E-002  -9.3526E-001   1.3059E-002  -7.8568E-002   1.1463E-001  -2.5201E-001   6.9819E-002   1.5389E+000  -1.5490E-002   5.9179E-002   2.0391E-002  -1.9698E-002  -7.7141E-003   1.0015E-001  -5.4355E-002  -1.5548E-002   8.0236E-003  -2.5387E-002   4.8794E-001   2.1790E+000  
 9.8637E-001   1.9508E-001  -1.5510E+000   8.0829E-002  -1.5052E-001  -9.7576E-001  -2.7281E-002  -8.0698E-002   2.2658E-001  -2.4094E-001   5.8852E-002   1.5335E+000  -2.8898E-002   7.4808E-002   4.2166E-002  -1.9209E-002   2.7182E-004   9.7074E-002  -1.0826E-001  -8.3296E-003   1.1249E-002  -1.9326E-002   4.9010E-001   2.1289E+000  
 1.2341E+000   1.5103E-001  -2.2839E+000   1.0454E-001  -1.8425E-001  -1.0102E+000  -7.5089E-002  -8.3678E-002   3.2915E-001  -2.1964E-001   3.3958E-002   1.5138E+000  -4.3978E-002   1.0035E-001   6.2071E-002  -1.8311E-002   2.3782E-002   8.6692E-002  -1.5370E-001   3.1685E-003   9.4920E-003  -5.7318E-003   4.8391E-001   1.9752E+000  
 1.5220E+000   8.6734E-002  -2.9112E+000   1.3053E-001  -1.7395E-001  -1.0001E+000  -1.3262E-001  -8.9034E-002   4.1644E-001  -1.8787E-001  -8.4770E-003   1.4733E+000  -5.7845E-002   1.3441E-001   8.0805E-002  -1.5495E-002   6.3653E-002   7.0645E-002  -1.8375E-001   1.9501E-002   1.2847E-003   1.3612E-002   4.6608E-001   2.0177E+000  
 1.6425E+000  -5.1844E-001  -3.9138E+000   1.3792E-001  -1.0467E-001  -8.9314E-001  -1.9488E-001  -9.7172E-002   4.8294E-001  -1.4481E-001  -6.4562E-002   1.4178E+000  -6.4986E-002   1.7627E-001   9.5175E-002  -8.4396E-003   1.0340E-001   4.8258E-002  -1.9425E-001   4.1871E-002  -1.5412E-002   2.6616E-002   4.4279E-001   2.0815E+000  
 7.3700E-001  -3.1680E+000  -5.4251E+000   9.5340E-002   3.6271E-002  -6.2270E-001  -2.5878E-001  -1.0793E-001   5.2397E-001  -9.0134E-002  -1.3468E-001   1.3619E+000  -6.2104E-002   2.1791E-001   1.0207E-001   2.1325E-003   1.2056E-001   1.8144E-002  -1.7362E-001   6.8237E-002  -4.5253E-002   2.3564E-002   4.2054E-001   2.1028E+000  
 7.6836E-001  -2.3945E+000  -3.8741E+000  -4.8385E-002   2.6694E-001  -9.5937E-002  -3.3207E-001  -1.1796E-001   5.3913E-001  -2.8850E-002  -2.3109E-001   1.3364E+000  -3.8729E-002   2.4743E-001   9.5416E-002   1.8956E-002   9.0700E-002  -2.3590E-002  -1.1182E-001   9.6711E-002  -8.9124E-002   2.6585E-003   4.0191E-001   2.0845E+000  
 9.4467E-002  -1.0044E+000   3.6400E+000  -3.7746E-002  -1.1092E-001  -1.2486E-001   4.2509E-001  -5.6372E-002  -4.8097E-001  -1.3569E-002  -2.1576E-001   1.3069E+000   1.6543E-002   2.4740E-001  -5.0236E-002   7.0851E-003  -1.2098E-001  -1.1218E-002   9.9899E-002   4.8631E-002   1.1198E-001   9.4539E-003   4.0027E-001   2.1460E+000  
-1.7306E-002  -1.1525E+000   4.9745E+000   9.0348E-002   8.9717E-004  -6.5875E-001   3.5579E-001  -5.1207E-002  -4.7470E-001  -4.3846E-002  -1.2416E-001   1.3332E+000   2.7781E-002   2.2505E-001  -5.3836E-002  -1.7598E-003  -1.5082E-001   9.6434E-003   1.6664E-001   3.3813E-002   6.4514E-002   3.2153E-002   4.1871E-001   2.1665E+000  
 1.4059E+000   2.3714E-002   3.6491E+000   1.1893E-001   6.7721E-002  -9.3667E-001   2.9549E-001  -4.5658E-002  -4.4551E-001  -7.1309E-002  -5.6652E-002   1.3927E+000   2.8639E-002   1.8599E-001  -4.9771E-002  -7.2727E-003  -1.2933E-001   2.4168E-002   1.8890E-001   2.1437E-002   3.2839E-002   3.4091E-002   4.4174E-001   2.1510E+000  
 1.1244E+000   6.3671E-002   3.1419E+000   1.0011E-001   9.8870E-002  -1.0527E+000   2.3448E-001  -4.1376E-002  -3.8914E-001  -9.2727E-002  -1.0349E-003   1.4513E+000   2.4845E-002   1.4642E-001  -4.2503E-002  -1.1031E-002  -8.4916E-002   3.4737E-002   1.8008E-001   1.0652E-002   1.3814E-002   1.7905E-002   4.6517E-001   2.0774E+000  
 8.5062E-001   9.2313E-002   2.4941E+000   6.5218E-002   1.0095E-001  -1.0734E+000   1.7595E-001  -3.9657E-002  -3.1042E-001  -1.0856E-001   4.3578E-002   1.4941E+000   1.7336E-002   1.1376E-001  -3.3342E-002  -1.2055E-002  -4.1568E-002   4.2766E-002   1.5156E-001   2.5139E-003   3.4555E-003  -5.6306E-003   4.8280E-001   1.9616E+000  
 6.2082E-001   1.1114E-001   1.7423E+000   3.8841E-002   8.0802E-002  -1.0485E+000   1.3102E-001  -3.8942E-002  -2.1439E-001  -1.1903E-001   6.5637E-002   1.5143E+000   9.2025E-003   8.8825E-002  -2.3395E-002  -1.1930E-002  -2.1023E-002   4.7787E-002   1.0614E-001  -3.3904E-003  -8.0122E-004  -1.7956E-002   4.8597E-001   1.9648E+000  
 4.7340E-001   1.2088E-001   9.2377E-001   2.2603E-002   4.4556E-002  -1.0195E+000   9.1212E-002  -3.8078E-002  -1.0894E-001  -1.2465E-001   7.5184E-002   1.5231E+000   2.3356E-003   7.3809E-002  -1.2591E-002  -1.2710E-002  -1.2853E-002   4.9463E-002   5.3638E-002  -7.0895E-003  -3.2032E-004  -2.3666E-002   4.8451E-001   2.0166E+000  
 4.3408E-001   1.2285E-001   8.1135E-002   1.7290E-002   7.9991E-004  -1.0109E+000   5.1853E-002  -3.7752E-002   5.6306E-004  -1.2631E-001   7.7512E-002   1.5278E+000  -4.6228E-003   6.8676E-002  -1.4037E-003  -1.2989E-002  -1.0353E-002   5.0096E-002   1.1717E-004  -8.4279E-003   2.3585E-003  -2.6147E-002   4.8390E-001   2.0433E+000  
 5.0963E-001   1.1724E-001  -7.6081E-001   2.5121E-002  -4.3026E-002  -1.0312E+000   1.2019E-002  -3.7994E-002   1.1058E-001  -1.2438E-001   7.4231E-002   1.5283E+000  -1.1701E-002   7.4237E-002   9.8080E-003  -1.3114E-002  -7.5691E-003   4.9738E-002  -5.3734E-002  -7.1658E-003   4.9848E-003  -2.3309E-002   4.8576E-001   2.0222E+000  
 6.9333E-001   1.0385E-001  -1.5773E+000   4.4057E-002  -7.9477E-002  -1.0715E+000  -2.9230E-002  -3.8774E-002   2.1757E-001  -1.1846E-001   6.3789E-002   1.5243E+000  -1.8909E-002   8.9795E-002   2.0689E-002  -1.2663E-002   1.4201E-003   4.8268E-002  -1.0718E-001  -3.4790E-003   5.3116E-003  -1.7327E-002   4.8835E-001   1.9734E+000  
 9.5886E-001   8.1415E-002  -2.3254E+000   7.3387E-002  -9.9929E-002  -1.1074E+000  -7.6621E-002  -3.9422E-002   3.1605E-001  -1.0764E-001   4.0839E-002   1.5084E+000  -2.7539E-002   1.1551E-001   3.0761E-002  -1.2993E-002   2.3232E-002   4.3331E-002  -1.5404E-001   2.5362E-003   7.5044E-004  -4.9145E-003   4.8612E-001   1.9836E+000  
 1.2677E+000   4.9223E-002  -2.9680E+000   1.1183E-001  -9.8298E-002  -1.0969E+000  -1.3878E-001  -4.1166E-002   3.9798E-001  -9.1415E-002  -4.8317E-003   1.4689E+000  -3.5645E-002   1.4927E-001   4.0037E-002  -1.1935E-002   6.8251E-002   3.5314E-002  -1.8422E-001   1.0956E-002  -1.0079E-002   1.8914E-002   4.6894E-001   2.1010E+000  
 1.5838E+000   5.7364E-003  -3.4682E+000   1.3474E-001  -6.7735E-002  -9.9012E-001  -2.0456E-001  -4.5576E-002   4.5818E-001  -6.9509E-002  -6.1582E-002   1.4125E+000  -3.9914E-002   1.9031E-001   4.7338E-002  -7.9776E-003   1.1454E-001   2.4677E-002  -1.9473E-001   2.2185E-002  -2.9794E-002   3.5572E-002   4.4568E-001   2.1754E+000  
 3.4103E-001  -1.1746E+000  -4.9984E+000   1.1043E-001  -1.5661E-003  -7.2006E-001  -2.7057E-001  -5.1366E-002   4.9150E-001  -4.1458E-002  -1.3035E-001   1.3542E+000  -3.9317E-002   2.3116E-001   5.1253E-002  -2.2090E-003   1.3808E-001   1.0104E-002  -1.7408E-001   3.5123E-002  -6.2362E-002   3.3922E-002   4.2254E-001   2.1924E+000  
 4.6165E-001  -1.0255E+000  -3.7540E+000  -1.3127E-002   1.0945E-001  -1.9262E-001  -3.4628E-001  -5.6894E-002   5.0180E-001  -1.0511E-002  -2.2302E-001   1.3280E+000  -2.8256E-002   2.5577E-001   4.7336E-002   6.8170E-003   1.1050E-001  -1.0694E-002  -1.0886E-001   5.0661E-002  -1.1068E-001   1.1317E-002   4.0395E-001   2.1744E+000  
-5.6678E-003   2.4929E-002   3.4242E+000  -2.6862E-002   4.4008E-003  -1.5924E-001   4.2945E-001   5.1026E-004  -4.6893E-001  -4.3035E-003  -2.1289E-001   1.3040E+000  -6.7713E-003   2.5019E-001  -3.0898E-003  -1.3553E-004  -1.2778E-001   1.1113E-003   9.8583E-002  -9.2635E-004   1.1981E-001   1.2694E-002   4.0055E-001   2.1430E+000  
-1.2649E-001   2.6908E-002   4.8279E+000   9.4298E-002   5.1296E-003  -6.9362E-001   3.5915E-001   1.7137E-004  -4.6425E-001  -3.8172E-003  -1.2267E-001   1.3304E+000  -7.0261E-003   2.2993E-001  -2.6383E-003  -1.4197E-005  -1.5601E-001   1.2279E-003   1.6679E-001  -7.6404E-004   7.0199E-002   3.5707E-002   4.1926E-001   2.1713E+000  
 1.3296E+000   4.7407E-003   3.6709E+000   1.1668E-001   5.7466E-003  -9.7148E-001   2.9827E-001  -1.3254E-004  -4.3754E-001  -3.2659E-003  -5.5800E-002   1.3902E+000  -7.1835E-003   1.9097E-001  -2.2657E-003   1.3901E-004  -1.3342E-001   1.2363E-003   1.8884E-001  -6.5956E-004   3.7546E-002   3.6732E-002   4.4237E-001   2.1685E+000  
 1.0392E+000   3.3630E-003   3.1582E+000   9.2640E-002   6.2191E-003  -1.0871E+000   2.3614E-001  -3.9742E-004  -3.8306E-001  -2.6573E-003   5.8481E-004   1.4488E+000  -7.2730E-003   1.5123E-001  -1.9526E-003   2.7337E-004  -8.6383E-002   1.1788E-003   1.7956E-001  -5.7805E-004   1.7683E-002   1.9278E-002   4.6507E-001   2.0940E+000  
 7.5860E-001   1.9319E-003   2.5056E+000   5.2889E-002   6.5429E-003  -1.1080E+000   1.7557E-001  -6.0136E-004  -3.0594E-001  -2.0077E-003   4.7377E-002   1.4920E+000  -7.2760E-003   1.1871E-001  -1.6895E-003   3.4029E-004  -4.0627E-002   1.0642E-003   1.5118E-001  -5.4334E-004   6.3048E-003  -6.8384E-003   4.8306E-001   1.9618E+000  
 5.2199E-001   4.4219E-004   1.7486E+000   2.5864E-002   6.7071E-003  -1.0827E+000   1.3175E-001  -7.4061E-004  -2.1153E-001  -1.3111E-003   6.7492E-002   1.5107E+000  -7.2132E-003   9.4141E-002  -1.4661E-003   3.1667E-004  -2.1548E-002   8.8861E-004   1.0550E-001  -5.5512E-004   1.3845E-003  -1.6789E-002   4.8497E-001   1.8337E+000  
 3.7079E-001  -1.1046E-003   9.2591E-001   8.2344E-003   6.7422E-003  -1.0535E+000   9.1518E-002  -8.6654E-004  -1.0738E-001  -5.8874E-004   7.6922E-002   1.5194E+000  -7.1527E-003   7.9038E-002  -1.2781E-003   2.2368E-004  -1.3180E-002   7.0466E-004   5.3382E-002  -5.7598E-004   7.8105E-004  -2.2383E-002   4.8325E-001   1.8656E+000  
 3.3007E-001  -2.6723E-003   7.9455E-002   2.4278E-003   6.6532E-003  -1.0451E+000   5.1828E-002  -9.7884E-004   6.0752E-004   1.4386E-004   7.9190E-002   1.5236E+000  -7.1206E-003   7.3919E-002  -1.1320E-003   1.0287E-004  -1.0518E-002   5.1838E-004   1.9229E-004  -5.9544E-004   2.3703E-003  -2.4769E-002   4.8286E-001   1.8936E+000  
 4.0666E-001  -4.2616E-003  -7.6631E-001   1.0621E-002   6.4184E-003  -1.0650E+000   1.1652E-002  -1.0820E-003   1.0910E-001   8.8411E-004   7.5908E-002   1.5245E+000  -7.1592E-003   7.9462E-002  -1.0646E-003  -1.9860E-005  -7.5424E-003   3.1641E-004  -5.3326E-002  -5.9247E-004   3.9310E-003  -2.1877E-002   4.8459E-001   1.8700E+000  
 5.9377E-001  -5.8737E-003  -1.5869E+000   3.0803E-002   6.0652E-003  -1.1056E+000  -3.0049E-002  -1.1833E-003   2.1476E-001   1.6298E-003   6.5486E-002   1.5207E+000  -7.2313E-003   9.5118E-002  -1.0484E-003  -1.1678E-004   1.7256E-003   8.6613E-005  -1.0640E-001  -5.4742E-004   3.2379E-003  -1.5941E-002   4.8752E-001   1.8544E+000  
 8.6574E-001  -7.4718E-003  -2.3403E+000   6.0683E-002   5.5958E-003  -1.1418E+000  -7.6370E-002  -1.2824E-003   3.1158E-001   2.3671E-003   4.4412E-002   1.5062E+000  -7.3153E-003   1.2047E-001  -1.0905E-003  -1.4579E-004   2.2206E-002  -1.7060E-004  -1.5352E-001  -4.5891E-004  -1.8622E-003  -5.8721E-003   4.8657E-001   1.9866E+000  
 1.1810E+000  -9.0541E-003  -2.9875E+000   1.0400E-001   4.9858E-003  -1.1310E+000  -1.4070E-001  -1.4326E-003   3.9187E-001   3.0788E-003  -3.5926E-003   1.4662E+000  -7.3494E-003   1.5410E-001  -1.2065E-003  -8.3543E-005   6.9893E-002  -4.0354E-004  -1.8354E-001  -3.0154E-004  -1.3556E-002   2.0572E-002   4.6900E-001   2.1208E+000  
 1.5055E+000  -1.0622E-002  -3.4931E+000   1.3221E-001   4.2417E-003  -1.0246E+000  -2.0774E-001  -1.6410E-003   4.5012E-001   3.7683E-003  -6.1237E-002   1.4097E+000  -7.2944E-003   1.9533E-001  -1.4110E-003   5.7623E-005   1.1898E-001  -5.9743E-004  -1.9451E-001  -8.7192E-005  -3.3921E-002   3.8529E-002   4.4649E-001   2.1972E+000  
 2.2663E-001  -4.8434E-002  -4.8615E+000   1.1418E-001   3.3685E-003  -7.5451E-001  -2.7449E-001  -1.8960E-003   4.8085E-001   4.4274E-003  -1.2938E-001   1.3510E+000  -7.1642E-003   2.3610E-001  -1.7204E-003   2.2117E-004   1.4368E-001  -7.1836E-004  -1.7412E-001   1.3561E-004  -6.7205E-002   3.7751E-002   4.2335E-001   2.2018E+000  
 3.5692E-001  -4.5178E-002  -3.5386E+000  -2.4719E-003   2.3841E-003  -2.2654E-001  -3.5139E-001  -2.2096E-003   4.8936E-001   5.0556E-003  -2.2070E-001   1.3246E+000  -6.9417E-003   2.5882E-001  -2.1563E-003   3.3907E-004   1.1757E-001  -6.9824E-004  -1.0756E-001   4.0827E-004  -1.1731E-001   1.4676E-002   4.0459E-001   2.1756E+000  
 1.0011E-001   1.0545E+000   3.6437E+000  -3.7784E-002   1.1958E-001  -1.2537E-001   4.2423E-001   5.7578E-002  -4.8187E-001   4.9715E-003  -2.1531E-001   1.3075E+000  -3.0030E-002   2.4758E-001   4.4174E-002  -7.4495E-003  -1.2054E-001   1.3379E-002   1.0007E-001  -5.0469E-002   1.1342E-001   9.2273E-003   3.9980E-001   2.1397E+000  
-1.1465E-002   1.2062E+000   4.9728E+000   9.0362E-002   9.2688E-003  -6.5926E-001   3.5502E-001   5.1715E-002  -4.7543E-001   3.6232E-002  -1.2365E-001   1.3336E+000  -4.1756E-002   2.2535E-001   4.8637E-002   1.5961E-003  -1.5037E-001  -7.2352E-003   1.6695E-001  -3.5318E-002   6.5605E-002   3.1894E-002   4.1839E-001   2.1602E+000  
 1.4076E+000  -1.4335E-002   3.6465E+000   1.1900E-001  -5.6327E-002  -9.3712E-001   2.9485E-001   4.5544E-002  -4.4614E-001   6.4804E-002  -5.6122E-002   1.3930E+000  -4.2956E-002   1.8628E-001   4.5289E-002   7.3930E-003  -1.2894E-001  -2.1724E-002   1.8927E-001  -2.2711E-002   3.3633E-002   3.3791E-002   4.4150E-001   2.1455E+000  
 1.1256E+000  -5.7028E-002   3.1391E+000   1.0021E-001  -8.6517E-002  -1.0530E+000   2.3398E-001   4.0719E-002  -3.8972E-001   8.7433E-002  -5.9352E-004   1.4516E+000  -3.9358E-002   1.4668E-001   3.8637E-002   1.1431E-002  -8.4671E-002  -3.2409E-002   1.8050E-001  -1.1777E-002   1.4367E-002   1.7589E-002   4.6496E-001   2.0732E+000  
 8.5138E-001  -8.8504E-002   2.4911E+000   6.5358E-002  -8.7928E-002  -1.0736E+000   1.7558E-001   3.8553E-002  -3.1096E-001   1.0455E-001   4.3867E-002   1.4942E+000  -3.1901E-002   1.1397E-001   2.9996E-002   1.2635E-002  -4.1539E-002  -4.0657E-002   1.5201E-001  -3.5822E-003   3.8025E-003  -5.8712E-003   4.8257E-001   1.9582E+000  
 6.2116E-001  -1.1030E-001   1.7393E+000   3.8935E-002  -6.7444E-002  -1.0487E+000   1.3074E-001   3.7514E-002  -2.1488E-001   1.1641E-001   6.5827E-002   1.5144E+000  -2.3688E-002   8.8976E-002   2.0485E-002   1.2489E-002  -2.1150E-002  -4.6006E-002   1.0660E-001   2.3042E-003  -6.2328E-004  -1.8123E-002   4.8572E-001   1.9637E+000  
 4.7334E-001  -1.2311E-001   9.2067E-001   2.2575E-002  -3.1121E-002  -1.0197E+000   9.0979E-002   3.6379E-002  -1.0938E-001   1.2348E-001   7.5286E-002   1.5232E+000  -1.6712E-002   7.3899E-002   1.0051E-002   1.3126E-002  -1.3053E-002  -4.8049E-002   5.4112E-002   5.9456E-003  -2.4240E-004  -2.3784E-002   4.8435E-001   2.0183E+000  
 4.3363E-001  -1.2820E-001   7.7987E-002   1.7154E-002   1.2446E-002  -1.0110E+000   5.1643E-002   3.5809E-002   1.5138E-004   1.2660E-001   7.7560E-002   1.5278E+000  -9.7110E-003   6.8688E-002  -8.6481E-004   1.3200E-002  -1.0581E-002  -4.9059E-002   5.9166E-004   7.2318E-003   2.3848E-003  -2.6145E-002   4.8383E-001   2.0418E+000  
 5.0880E-001  -1.2576E-001  -7.6399E-001   2.4877E-002   5.5819E-002  -1.0311E+000   1.1818E-002   3.5823E-002   1.1018E-001   1.2614E-001   7.4221E-002   1.5283E+000  -2.6880E-003   7.4171E-002  -1.1924E-002   1.3115E-002  -7.7761E-003  -4.9107E-002  -5.3264E-002   5.9632E-003   5.0252E-003  -2.3188E-002   4.8579E-001   2.0171E+000  
 6.9211E-001  -1.1557E-001  -1.5805E+000   4.3695E-002   9.1561E-002  -1.0714E+000  -2.9449E-002   3.6381E-002   2.1718E-001   1.2171E-001   6.3681E-002   1.5243E+000   4.3885E-003   8.9670E-002  -2.2770E-002   1.2511E-002   1.2824E-003  -4.8099E-002  -1.0674E-001   2.3509E-003   5.4157E-003  -1.7154E-002   4.8848E-001   1.9710E+000  
 9.5721E-001  -9.6319E-002  -2.3286E+000   7.2985E-002   1.1107E-001  -1.1072E+000  -7.6893E-002   3.6785E-002   3.1565E-001   1.1236E-001   4.0618E-002   1.5083E+000   1.2893E-002   1.1533E-001  -3.2919E-002   1.2806E-002   2.3245E-002  -4.3654E-002  -1.5360E-001  -3.4816E-003   9.8883E-004  -4.6691E-003   4.8626E-001   1.9870E+000  
 1.2656E+000  -6.7264E-002  -2.9712E+000   1.1148E-001   1.0820E-001  -1.0966E+000  -1.3918E-001   3.8189E-002   3.9758E-001   9.7555E-002  -5.2292E-003   1.4687E+000   2.0982E-002   1.4905E-001  -4.2421E-002   1.1913E-002   6.8494E-002  -3.6093E-002  -1.8382E-001  -1.1598E-002  -9.6660E-003   1.9235E-002   4.6908E-001   2.1052E+000  
 1.5812E+000  -2.6893E-002  -3.4713E+000   1.3446E-001   7.6142E-002  -9.8978E-001  -2.0510E-001   4.2165E-002   4.5776E-001   7.7027E-002  -6.2101E-002   1.4122E+000   2.5377E-002   1.9005E-001  -5.0123E-002   8.2460E-003   1.1494E-001  -2.5841E-002  -1.9437E-001  -2.2411E-002  -2.9167E-002   3.5877E-002   4.4586E-001   2.1805E+000  
 3.3163E-001   1.0831E+000  -5.0010E+000   1.1021E-001   8.2231E-003  -7.1964E-001  -2.7126E-001   4.7412E-002   4.9102E-001   5.0320E-002  -1.3090E-001   1.3539E+000   2.5048E-002   2.3092E-001  -5.4615E-002   2.7672E-003   1.3851E-001  -1.1469E-002  -1.7378E-001  -3.4881E-002  -6.1426E-002   3.4143E-002   4.2281E-001   2.1979E+000  
 4.5265E-001   9.3975E-001  -3.7481E+000  -1.3365E-002  -1.0483E-001  -1.9214E-001  -3.4716E-001   5.2275E-002   5.0118E-001   2.0679E-002  -2.2356E-001   1.3276E+000   1.4388E-002   2.5566E-001  -5.1493E-002  -6.0707E-003   1.1081E-001   9.4102E-003  -1.0869E-001  -4.9892E-002  -1.0936E-001   1.1442E-002   4.0437E-001   2.1798E+000  
 4.1359E-001   2.4831E+000   3.7701E+000  -7.3459E-002   2.8524E-001  -2.8785E-002   4.0964E-001   1.2096E-001  -5.2044E-001   1.7274E-002  -2.2354E-001   1.3159E+000  -4.2243E-002   2.4041E-001   8.9954E-002  -2.0428E-002  -1.0054E-001   2.8694E-002   1.0353E-001  -9.6019E-002   9.2390E-002   5.7835E-004   3.9754E-001   2.0505E+000  
 3.9221E-001   3.2772E+000   5.4081E+000   7.4967E-002   5.6092E-002  -5.6210E-001   3.4263E-001   1.1035E-001  -5.0921E-001   7.9125E-002  -1.2796E-001   1.3413E+000  -6.7052E-002   2.1312E-001   9.7882E-002  -3.5215E-003  -1.3280E-001  -1.2940E-002   1.6710E-001  -6.8097E-002   4.9065E-002   2.1652E-002   4.1624E-001   2.0716E+000  
 1.4445E+000   5.2669E-001   4.0775E+000   1.2179E-001  -8.3467E-002  -8.4031E-001   2.8456E-001   9.8897E-002  -4.7231E-001   1.3493E-001  -5.9008E-002   1.3983E+000  -7.1157E-002   1.7317E-001   9.2123E-002   7.1229E-003  -1.1766E-001  -4.3048E-002   1.8948E-001  -4.2270E-002   1.9710E-002   2.4884E-002   4.3851E-001   2.0524E+000  
 1.3798E+000  -9.6729E-002   3.0833E+000   1.1841E-001  -1.5168E-001  -9.5636E-001   2.2719E-001   9.0025E-002  -4.0964E-001   1.7951E-001  -4.1210E-003   1.4561E+000  -6.5252E-002   1.3262E-001   7.8897E-002   1.4326E-002  -7.9866E-002  -6.5693E-002   1.8081E-001  -2.0359E-002   3.3390E-003   1.2215E-002   4.6199E-001   1.9902E+000  
 1.1265E+000  -1.5974E-001   2.4505E+000   9.6050E-002  -1.6128E-001  -9.7659E-001   1.7343E-001   8.3893E-002  -3.2556E-001   2.1314E-001   3.7129E-002   1.4998E+000  -5.2562E-002   9.9435E-002   6.1294E-002   1.7409E-002  -4.1775E-002  -8.2298E-002   1.5253E-001  -4.3300E-003  -4.7289E-003  -6.7257E-003   4.8031E-001   1.9628E+000  
 9.1392E-001  -2.0258E-001   1.7138E+000   7.5440E-002  -1.2714E-001  -9.5298E-001   1.2827E-001   8.0133E-002  -2.2541E-001   2.3653E-001   6.0891E-002   1.5237E+000  -3.8367E-002   7.4433E-002   4.2323E-002   1.8707E-002  -1.9731E-002  -9.3548E-002   1.0860E-001   7.0264E-003  -6.4488E-003  -1.9991E-002   4.8737E-001   2.1186E+000  
 7.7671E-001  -2.2772E-001   9.0763E-001   6.3031E-002  -6.1780E-002  -9.2384E-001   8.9446E-002   7.7320E-002  -1.1495E-001   2.4992E-001   7.0887E-002   1.5338E+000  -2.5410E-002   5.9070E-002   2.1238E-002   1.9551E-002  -1.2617E-002  -9.7808E-002   5.5683E-002   1.4243E-002  -3.2438E-003  -2.5788E-002   4.8646E-001   2.1756E+000  
 7.4047E-001  -2.3655E-001   7.6741E-002   5.8935E-002   1.8174E-002  -9.1535E-001   5.1280E-002   7.6225E-002  -8.2760E-004   2.5570E-001   7.3449E-002   1.5386E+000  -1.2322E-002   5.3567E-002  -5.1546E-004   1.9890E-002  -1.0516E-002  -9.9551E-002   1.3032E-003   1.6770E-002   2.3584E-003  -2.8126E-002   4.8629E-001   2.1921E+000  
 8.1169E-001  -2.2980E-001  -7.5342E-001   6.5296E-002   9.7881E-002  -9.3521E-001   1.2612E-002   7.6381E-002   1.1381E-001   2.5377E-001   6.9776E-002   1.5389E+000   8.9519E-004   5.9048E-002  -2.2471E-002   1.9835E-002  -8.0549E-003  -9.9528E-002  -5.3422E-002   1.4280E-002   8.0257E-003  -2.5211E-002   4.8803E-001   2.1732E+000  
 9.8390E-001  -2.0673E-001  -1.5574E+000   8.0142E-002   1.6246E-001  -9.7557E-001  -2.7758E-002   7.8214E-002   2.2576E-001   2.4418E-001   5.8664E-002   1.5335E+000   1.4218E-002   7.4538E-002  -4.4199E-002   1.9275E-002   6.0750E-005  -9.6911E-002  -1.0738E-001   7.1113E-003   1.1396E-002  -1.9054E-002   4.9035E-001   2.1265E+000  
 1.2307E+000  -1.6579E-001  -2.2903E+000   1.0381E-001   1.9520E-001  -1.0099E+000  -7.5718E-002   8.0805E-002   3.2834E-001   2.2432E-001   3.3476E-002   1.5137E+000   2.9303E-002   9.9972E-002  -6.4173E-002   1.8489E-002   2.3913E-002  -8.6975E-002  -1.5290E-001  -4.2204E-003   9.8892E-003  -5.3001E-003   4.8420E-001   1.9704E+000  
 1.5177E+000  -1.0457E-001  -2.9175E+000   1.2988E-001   1.8366E-001  -9.9956E-001  -1.3347E-001   8.5747E-002   4.1562E-001   1.9396E-001  -9.2137E-003   1.4730E+000   4.3269E-002   1.3394E-001  -8.3096E-002   1.5885E-002   6.4144E-002  -7.1362E-002  -1.8303E-001  -2.0262E-002   2.0494E-003   1.4133E-002   4.6636E-001   2.0231E+000  
 1.6354E+000   4.8849E-001  -3.9176E+000   1.3737E-001   1.1287E-001  -8.9246E-001  -1.9601E-001   9.3383E-002   4.8208E-001   1.5231E-001  -6.5491E-002   1.4174E+000   5.0606E-002   1.7572E-001  -9.7806E-002   9.0574E-003   1.0412E-001  -4.9295E-002  -1.9362E-001  -4.2226E-002  -1.4185E-002   2.7069E-002   4.4311E-001   2.0874E+000  
 7.1902E-001   3.0863E+000  -5.4199E+000   9.4876E-002  -2.9867E-002  -6.2186E-001  -2.6022E-001   1.0355E-001   5.2302E-001   9.9010E-002  -1.3568E-001   1.3613E+000   4.8013E-002   2.1738E-001  -1.0518E-001  -1.3272E-003   1.2132E-001  -1.9301E-002  -1.7312E-001  -6.8134E-002  -4.3442E-002   2.3907E-002   4.2098E-001   2.1092E+000  
 7.5095E-001   2.3146E+000  -3.8674E+000  -4.8907E-002  -2.6273E-001  -9.4938E-002  -3.3385E-001   1.1286E-001   5.3797E-001   3.9114E-002  -2.3209E-001   1.3357E+000   2.4945E-002   2.4721E-001  -9.9132E-002  -1.8026E-002   9.1321E-002   2.2580E-002  -1.1149E-001  -9.6124E-002  -8.6585E-002   2.8661E-003   4.0260E-001   2.0912E+000  
 8.8581E-001   3.5038E+000   4.0718E+000  -1.8704E-001   5.8223E-001   1.5045E-001   4.3885E-001   1.7683E-001  -6.0773E-001   7.1950E-002  -2.6038E-001   1.3574E+000  -7.6390E-003   2.2321E-001   1.0494E-001  -5.0500E-002  -4.8083E-002   7.1330E-002   9.3719E-002  -1.4767E-001   5.7255E-002  -9.8842E-003   4.0021E-001   1.9060E+000  
 1.0186E+000   3.9279E+000   5.9897E+000   3.8535E-002   1.8703E-001  -4.2367E-001   3.2192E-001   1.8205E-001  -5.6524E-001   1.2674E-001  -1.3732E-001   1.3476E+000  -7.4173E-002   1.9602E-001   1.4347E-001  -2.0366E-002  -1.0645E-001  -1.3088E-002   1.6675E-001  -9.5598E-002   1.8936E-002   6.3914E-003   4.1128E-001   1.9250E+000  
 1.1317E+000   4.2499E+000   7.2402E+000   1.1545E-001  -4.1009E-002  -7.0341E-001   2.6630E-001   1.6682E-001  -5.1704E-001   2.0701E-001  -6.2839E-002   1.3994E+000  -8.6321E-002   1.5304E-001   1.3793E-001  -6.3046E-003  -1.0138E-001  -6.0974E-002   1.8819E-001  -5.7300E-002  -4.0306E-003   1.1835E-002   4.3128E-001   1.8894E+000  
 1.7830E+000  -9.2588E-002   2.9893E+000   1.3422E-001  -1.6028E-001  -8.1897E-001   2.1464E-001   1.5382E-001  -4.4377E-001   2.7338E-001  -6.2849E-003   1.4555E+000  -8.0029E-002   1.1096E-001   1.1798E-001   1.6637E-003  -7.1058E-002  -9.5138E-002   1.7907E-001  -2.5303E-002  -1.5267E-002   1.8160E-003   4.5246E-001   1.8426E+000  
 1.5648E+000  -1.9052E-001   2.3833E+000   1.2868E-001  -1.9200E-001  -8.3870E-001   1.6592E-001   1.4414E-001  -3.5032E-001   3.2387E-001   3.4017E-002   1.4998E+000  -6.4818E-002   7.6453E-002   9.1602E-002   5.0827E-003  -3.8320E-002  -1.1917E-001   1.5015E-001  -1.8747E-003  -1.8562E-002  -1.4798E-002   4.6990E-001   2.0262E+000  
 1.3796E+000  -2.5667E-001   1.6710E+000   1.1902E-001  -1.5815E-001  -8.1600E-001   1.2300E-001   1.3699E-001  -2.4185E-001   3.5876E-001   5.8615E-002   1.5271E+000  -4.7200E-002   5.0871E-002   6.2806E-002   7.2539E-003  -1.7372E-002  -1.3570E-001   1.0725E-001   1.5276E-002  -1.5625E-002  -2.7747E-002   4.7978E-001   2.2316E+000  
 1.2588E+000  -2.9430E-001   8.8678E-001   1.1390E-001  -7.8360E-002  -7.8846E-001   8.5757E-002   1.3072E-001  -1.2383E-001   3.7974E-001   6.8251E-002   1.5413E+000  -3.0480E-002   3.4746E-002   3.1977E-002   1.0918E-002  -1.0509E-002  -1.4435E-001   5.5739E-002   2.5943E-002  -8.1194E-003  -3.2749E-002   4.8319E-001   2.3179E+000  
 1.2273E+000  -3.0665E-001   7.5760E-002   1.1363E-001   2.3717E-002  -7.8048E-001   5.0709E-002   1.2738E-001  -2.3051E-003   3.8806E-001   6.9437E-002   1.5476E+000  -1.4817E-002   2.9202E-002  -1.1574E-005   1.3245E-002  -1.0296E-002  -1.4740E-001   2.2753E-003   2.9300E-002   2.2306E-003  -3.2824E-002   4.8455E-001   2.3184E+000  
 1.2932E+000  -2.9576E-001  -7.3451E-001   1.1622E-001   1.2547E-001  -7.9975E-001   1.5122E-002   1.2930E-001   1.1974E-001   3.8474E-001   6.7086E-002   1.5464E+000   1.0968E-003   3.4279E-002  -3.2286E-002   1.1557E-002  -9.7040E-003  -1.4671E-001  -5.1599E-002   2.6046E-002   1.2713E-002  -3.2245E-002   4.8496E-001   2.3195E+000  
 1.4484E+000  -2.5951E-001  -1.5164E+000   1.2401E-001   2.0420E-001  -8.3840E-001  -2.3829E-002   1.3403E-001   2.3934E-001   3.6863E-001   5.6111E-002   1.5369E+000   1.8657E-002   5.0127E-002  -6.3959E-002   8.6288E-003  -1.6334E-003  -1.4017E-001  -1.0428E-001   1.5441E-002   2.0567E-002  -2.6720E-002   4.8301E-001   2.2399E+000  
 1.6673E+000  -1.9466E-001  -2.2247E+000   1.3686E-001   2.3628E-001  -8.7167E-001  -6.9616E-002   1.3958E-001   3.5026E-001   3.3831E-001   3.0008E-002   1.5136E+000   3.7687E-002   7.5744E-002  -9.4106E-002   7.0898E-003   2.1066E-002  -1.2537E-001  -1.4892E-001  -1.6745E-003   2.4008E-002  -1.3244E-002   4.7405E-001   2.0383E+000  
 1.9186E+000  -9.7879E-002  -2.8251E+000   1.4615E-001   2.0209E-001  -8.6177E-001  -1.2240E-001   1.4765E-001   4.4696E-001   2.9196E-001  -1.1738E-002   1.4724E+000   5.4757E-002   1.1070E-001  -1.2225E-001   4.2147E-003   5.5888E-002  -1.0262E-001  -1.7988E-001  -2.5164E-002   2.1304E-002   3.8824E-003   4.5709E-001   1.8753E+000  
 1.4168E+000   4.0184E+000  -7.1364E+000   1.3144E-001   7.9555E-002  -7.5503E-001  -1.7929E-001   1.5904E-001   5.2415E-001   2.2927E-001  -6.9692E-002   1.4183E+000   6.3108E-002   1.5375E-001  -1.4412E-001  -3.3664E-003   8.8327E-002  -6.9183E-002  -1.9108E-001  -5.7378E-002   1.0615E-002   1.4081E-002   4.3609E-001   1.9310E+000  
 1.3237E+000   3.7060E+000  -5.9838E+000   5.8668E-002  -1.5255E-001  -4.8280E-001  -2.4114E-001   1.7265E-001   5.7655E-001   1.5212E-001  -1.4539E-001   1.3676E+000   5.3071E-002   1.9830E-001  -1.5172E-001  -1.7247E-002   9.5392E-002  -2.1447E-002  -1.7170E-001  -9.6036E-002  -1.1884E-002   8.5697E-003   4.1630E-001   1.9686E+000  
 1.2033E+000   3.2966E+000  -4.1546E+000  -1.6129E-001  -5.5181E-001   8.4260E-002  -3.6364E-001   1.6626E-001   6.2261E-001   9.9021E-002  -2.6871E-001   1.3763E+000  -1.0415E-002   2.2801E-001  -1.1575E-001  -4.6977E-002   3.9894E-002   6.2747E-002  -1.0104E-001  -1.4861E-001  -4.9515E-002  -7.6777E-003   4.0599E-001   1.9514E+000  
 2.0065E+000   4.4708E+000   3.4617E+000   5.5983E-002   6.4047E-001  -2.7000E-001   1.2972E-002   3.6070E-001  -3.8579E-001  -3.0331E-001  -3.2643E-001   1.1246E+000  -1.1497E-001   2.9054E-001   4.3511E-001  -8.8997E-002   1.0029E-001  -4.8202E-002   2.1151E-001  -6.7012E-002   2.7856E-002  -1.2564E-002   3.7466E-001   1.7083E+000  
 1.7598E+000   4.2254E+000   6.0508E+000  -2.7489E-002   4.3890E-001  -2.7807E-001   2.9204E-001   2.7409E-001  -6.4684E-001   1.7925E-001  -1.5355E-001   1.3468E+000  -6.2872E-002   1.7389E-001   1.8553E-001  -4.7712E-002  -7.5242E-002  -7.7191E-003   1.6469E-001  -1.1516E-001  -2.1766E-002  -7.5109E-003   4.0420E-001   1.7457E+000  
 1.9811E+000   4.2949E+000   7.5358E+000   8.5056E-002   1.0570E-001  -5.5923E-001   2.4200E-001   2.5489E-001  -5.8207E-001   2.8595E-001  -7.2674E-002   1.3920E+000  -8.3964E-002   1.2783E-001   1.7874E-001  -3.2642E-002  -7.9812E-002  -7.0003E-002   1.8509E-001  -6.6529E-002  -3.8743E-002  -3.3297E-003   4.2039E-001   1.7065E+000  
 2.2480E+000   4.6271E+000   7.9373E+000   1.3234E-001  -8.4698E-002  -6.7473E-001   1.9631E-001   2.3854E-001  -4.9435E-001   3.7316E-001  -1.1809E-002   1.4446E+000  -8.1888E-002   8.2414E-002   1.5447E-001  -2.5996E-002  -5.8811E-002  -1.1614E-001   1.7503E-001  -2.5966E-002  -4.2199E-002  -1.1695E-002   4.3680E-001   1.8231E+000  
 2.1372E+000  -1.5401E-001   2.2852E+000   1.4773E-001  -1.5907E-001  -6.9487E-001   1.5341E-001   2.2634E-001  -3.8731E-001   4.3913E-001   3.2037E-002   1.4866E+000  -6.8316E-002   4.5830E-002   1.2138E-001  -2.4492E-002  -3.3570E-002  -1.4774E-001   1.4574E-001   5.2501E-003  -3.7600E-002  -2.6574E-002   4.5056E-001   2.0568E+000  
 1.9896E+000  -2.4856E-001   1.6083E+000   1.5066E-001  -1.4607E-001  -6.7211E-001   1.1509E-001   2.1761E-001  -2.6669E-001   4.8545E-001   6.1050E-002   1.5145E+000  -5.0124E-002   1.9689E-002   8.3109E-002  -2.5722E-002  -1.5111E-002  -1.6795E-001   1.0403E-001   2.7791E-002  -2.8652E-002  -4.1203E-002   4.5889E-001   2.2732E+000  
 1.8933E+000  -3.0327E-001   8.5618E-001   1.5107E-001  -7.3385E-002  -6.4472E-001   8.0877E-002   2.1191E-001  -1.3692E-001   5.1353E-001   7.5620E-002   1.5297E+000  -3.2745E-002   3.0191E-003   4.2486E-002  -2.6042E-002  -9.0431E-003  -1.7927E-001   5.4896E-002   4.1633E-002  -1.4928E-002  -5.0562E-002   4.6244E-001   2.4077E+000  
 1.8705E+000  -3.2130E-001   7.5090E-002   1.5171E-001   2.9013E-002  -6.3669E-001   4.9850E-002   2.0932E-001  -4.2329E-003   5.2462E-001   7.9951E-002   1.5355E+000  -1.7016E-002  -2.8345E-003   6.8374E-004  -2.5957E-002  -9.8473E-003  -1.8330E-001   3.3426E-003   4.6105E-002   1.9526E-003  -5.3658E-002   4.6352E-001   2.4145E+000  
 1.9270E+000  -3.0403E-001  -7.0521E-001   1.5364E-001   1.3097E-001  -6.5591E-001   1.8236E-002   2.0990E-001   1.2900E-001   5.1961E-001   7.4314E-002   1.5347E+000  -8.7225E-004   1.9989E-003  -4.1479E-002  -2.5032E-002  -1.0235E-002  -1.8211E-001  -4.8657E-002   4.1839E-002   1.9029E-002  -5.0050E-002   4.6432E-001   2.4080E+000  
 2.0571E+000  -2.5002E-001  -1.4549E+000   1.5612E-001   2.0237E-001  -6.9431E-001  -1.7726E-002   2.1357E-001   2.6038E-001   4.9746E-001   5.8328E-002   1.5243E+000   1.7741E-002   1.7829E-002  -8.3131E-002  -2.3771E-002  -3.0142E-003  -1.7338E-001  -9.9037E-002   2.8152E-002   3.3317E-002  -4.0142E-002   4.6228E-001   2.2798E+000  
 2.2377E+000  -1.5609E-001  -2.1277E+000   1.5652E-001   2.1320E-001  -7.2754E-001  -5.8998E-002   2.2023E-001   3.8352E-001   4.5668E-001   2.7828E-002   1.5003E+000   3.7797E-002   4.3483E-002  -1.2308E-001  -2.1775E-002   1.7057E-002  -1.5528E-001  -1.4268E-001   5.6902E-003   4.3097E-002  -2.4952E-002   4.5489E-001   2.0591E+000  
 2.4761E+000   4.3674E+000  -7.7128E+000   1.4477E-001   1.3574E-001  -7.1713E-001  -1.0600E-001   2.3036E-001   4.9389E-001   3.9570E-001  -1.7560E-002   1.4614E+000   5.3635E-002   8.0143E-002  -1.5835E-001  -2.2767E-002   4.4197E-002  -1.2522E-001  -1.7425E-001  -2.5584E-002   4.8643E-002  -9.7522E-003   4.4160E-001   1.8266E+000  
 2.2410E+000   4.0385E+000  -7.4222E+000   1.0139E-001  -5.8657E-002  -6.1038E-001  -1.5696E-001   2.4472E-001   5.8571E-001   3.1286E-001  -7.9848E-002   1.4110E+000   5.8285E-002   1.2617E-001  -1.8507E-001  -2.9045E-002   6.7163E-002  -7.9981E-002  -1.8665E-001  -6.6515E-002   4.6101E-002  -1.3586E-003   4.2538E-001   1.7503E+000  
 2.0407E+000   3.9851E+000  -6.0428E+000  -7.3308E-003  -3.9689E-001  -3.3674E-001  -2.1328E-001   2.6180E-001   6.5476E-001   2.0972E-001  -1.6201E-001   1.3667E+000   3.9734E-002   1.7354E-001  -1.9463E-001  -4.4159E-002   6.4368E-002  -1.8003E-002  -1.6869E-001  -1.1567E-001   2.9811E-002  -5.7819E-003   4.0941E-001   1.7863E+000  
 2.3778E+000   4.2986E+000  -3.4396E+000   1.3411E-001  -5.2814E-001  -3.8477E-001   1.0860E-001   3.7300E-001   3.9264E-001  -3.3083E-001  -3.2894E-001   1.1260E+000   1.2128E-001   2.7989E-001  -4.7580E-001  -8.3895E-002  -1.0722E-001  -7.1087E-002  -2.2043E-001  -6.1930E-002  -2.8149E-002  -1.1480E-002   3.7958E-001   1.7201E+000  
 3.2587E+000   4.3152E+000   7.9973E+000   9.8578E-002   1.0176E-001  -5.7105E-001   1.7216E-001   3.5048E-001  -5.6495E-001   4.8367E-001  -2.4871E-002   1.4183E+000  -6.9855E-002   4.9505E-002   1.8784E-001  -6.3155E-002  -4.4520E-002  -1.2508E-001   1.6854E-001  -1.7807E-002  -7.7354E-002  -2.1370E-002   4.1859E-001   1.8622E+000  
 3.5966E+000   3.8741E+000   6.8087E+000   1.3875E-001  -4.1745E-002  -5.9213E-001   1.3639E-001   3.3537E-001  -4.3986E-001   5.6584E-001   2.4354E-002   1.4578E+000  -6.2494E-002   1.0111E-002   1.4887E-001  -6.3516E-002  -2.8091E-002  -1.6448E-001   1.3989E-001   1.9688E-002  -6.4255E-002  -3.4378E-002   4.2755E-001   2.1090E+000  
 2.8915E+000   2.8440E-001   2.1454E+000   1.5755E-001  -7.7575E-002  -5.7036E-001   1.0400E-001   3.2523E-001  -3.0221E-001   6.2315E-001   5.8006E-002   1.4849E+000  -4.8473E-002  -1.8153E-002   1.0213E-001  -6.7660E-002  -1.4428E-002  -1.8977E-001   9.9797E-002   4.6596E-002  -4.6233E-002  -4.8677E-002   4.3302E-001   2.3046E+000  
 2.6368E+000  -2.1492E-001   8.1357E-001   1.6599E-001  -4.0044E-002  -5.4392E-001   7.5266E-002   3.1841E-001  -1.5575E-001   6.5830E-001   7.6551E-002   1.5000E+000  -3.3388E-002  -3.5755E-002   5.2416E-002  -7.1989E-002  -9.0756E-003  -2.0377E-001   5.3476E-002   6.3038E-002  -2.3993E-002  -5.9599E-002   4.3538E-001   2.4402E+000  
 2.6236E+000  -2.3977E-001   7.4763E-002   1.6917E-001   3.3994E-002  -5.3651E-001   4.8670E-002   3.1514E-001  -6.5949E-003   6.7221E-001   8.2516E-002   1.5061E+000  -1.8782E-002  -4.2343E-002   1.6274E-003  -7.4010E-002  -9.2133E-003  -2.0915E-001   4.4145E-003   6.8474E-002   1.4303E-003  -6.3519E-002   4.3672E-001   2.4215E+000  
 2.6698E+000  -2.1493E-001  -6.6321E-001   1.6890E-001   1.0753E-001  -5.5500E-001   2.1490E-002   3.1585E-001   1.4314E-001   6.6542E-001   7.5172E-002   1.5051E+000  -3.6218E-003  -3.7462E-002  -4.9546E-002  -7.0794E-002  -8.9688E-003  -2.0702E-001  -4.5091E-002   6.3430E-002   2.7153E-002  -5.9043E-002   4.3727E-001   2.4387E+000  
 2.9642E+000   2.6032E-001  -1.9624E+000   1.6352E-001   1.4348E-001  -5.9235E-001  -9.0357E-003   3.2011E-001   2.9123E-001   6.3724E-001   5.5200E-002   1.4947E+000   1.2889E-002  -2.1305E-002  -1.0053E-001  -6.5425E-002  -2.6743E-003  -1.9593E-001  -9.2791E-002   4.7392E-002   5.0241E-002  -4.7653E-002   4.3645E-001   2.3118E+000  
 3.7593E+000   3.6513E+000  -6.5288E+000   1.4810E-001   1.0502E-001  -6.2450E-001  -4.4374E-002   3.2773E-001   4.3150E-001   5.8640E-001   2.0057E-002   1.4715E+000   2.9046E-002   5.9678E-003  -1.4930E-001  -6.0413E-002   1.2406E-002  -1.7304E-001  -1.3497E-001   2.0727E-002   6.9479E-002  -3.2868E-002   4.3196E-001   2.1116E+000  
 3.4612E+000   4.0722E+000  -7.7790E+000   1.1142E-001  -4.2267E-002  -6.1311E-001  -8.4276E-002   3.4029E-001   5.6000E-001   5.1002E-001  -3.0769E-002   1.4350E+000   3.8952E-002   4.5001E-002  -1.9100E-001  -5.9528E-002   3.0496E-002  -1.3542E-001  -1.6621E-001  -1.6707E-002   8.3856E-002  -1.9688E-002   4.2348E-001   1.8735E+000  
 4.2033E+000   2.9820E+000   7.2255E+000   2.6238E-002   4.1533E-001  -5.5928E-001   1.3911E-001   5.0311E-001  -6.6231E-001   6.1503E-001  -4.6870E-002   1.3820E+000  -4.8384E-002   1.9286E-002   2.1157E-001  -9.3293E-002  -3.1482E-002  -1.1407E-001   1.5825E-001   3.2300E-003  -1.1971E-001  -1.9681E-002   4.0101E-001   1.8604E+000  
 4.5704E+000   2.0893E+000   6.3050E+000   9.2121E-002   1.7305E-001  -5.8588E-001   1.1327E-001   4.8224E-001  -5.1159E-001   7.1224E-001   6.5822E-003   1.4153E+000  -4.9547E-002  -2.4440E-002   1.6949E-001  -9.7075E-002  -2.2233E-002  -1.6223E-001   1.3131E-001   4.6129E-002  -9.6120E-002  -3.0504E-002   4.0604E-001   2.0893E+000  
 4.8825E+000   1.3447E+000   4.9138E+000   1.2716E-001   5.7683E-002  -5.6828E-001   8.9258E-002   4.6765E-001  -3.4956E-001   7.8071E-001   4.3557E-002   1.4393E+000  -4.0842E-002  -5.6074E-002   1.1834E-001  -1.0427E-001  -1.3067E-002  -1.9316E-001   9.4640E-002   7.6349E-002  -6.7114E-002  -4.3601E-002   4.0859E-001   2.2692E+000  
 5.1167E+000   1.1276E+000   2.6252E+000   1.4522E-001   2.6861E-002  -5.4424E-001   6.7536E-002   4.5825E-001  -1.8036E-001   8.2225E-001   6.5266E-002   1.4533E+000  -3.0378E-002  -7.6028E-002   6.1801E-002  -1.1072E-001  -8.9067E-003  -2.1073E-001   5.1380E-002   9.3842E-002  -3.4220E-002  -5.3394E-002   4.0955E-001   2.3782E+000  
 5.2179E+000   9.2611E-001   1.7780E-001   1.5149E-001   3.8568E-002  -5.3765E-001   4.7248E-002   4.5381E-001  -9.2350E-003   8.3852E-001   7.1884E-002   1.4592E+000  -1.9986E-002  -8.3884E-002   2.8749E-003  -1.1265E-001  -8.4872E-003  -2.1760E-001   5.4564E-003   9.9536E-002   6.6672E-004  -5.7189E-002   4.1070E-001   2.3382E+000  
 5.1670E+000   1.0602E+000  -2.2796E+000   1.4832E-001   4.9589E-002  -5.5522E-001   2.6283E-002   4.5522E-001   1.6237E-001   8.3042E-001   6.3850E-002   1.4583E+000  -9.1849E-003  -7.8416E-002  -5.6604E-002  -1.0953E-001  -7.8546E-003  -2.1418E-001  -4.1085E-002   9.4586E-002   3.5980E-002  -5.2952E-002   4.1147E-001   2.3751E+000  
 4.9812E+000   1.2219E+000  -4.6086E+000   1.3351E-001   1.6865E-002  -5.9004E-001   2.7604E-003   4.6161E-001   3.3327E-001   7.9685E-001   4.0724E-002   1.4489E+000   2.7466E-003  -6.0556E-002  -1.1460E-001  -1.0194E-001  -2.9622E-003  -1.9975E-001  -8.5816E-002   7.7785E-002   7.0108E-002  -4.2714E-002   4.1208E-001   2.2761E+000  
 4.7128E+000   1.9042E+000  -6.0708E+000   1.0174E-001  -1.0170E-001  -6.1800E-001  -2.4180E-002   4.7310E-001   4.9797E-001   7.3570E-001   2.2013E-003   1.4288E+000   1.3688E-002  -3.0418E-002  -1.6820E-001  -9.3923E-002   7.4034E-003  -1.7148E-001  -1.2475E-001   4.8145E-002   1.0071E-001  -2.9322E-002   4.1057E-001   2.0932E+000  
 4.3818E+000   2.7598E+000  -7.0343E+000   3.9403E-002  -3.4831E-001  -6.0102E-001  -5.4023E-002   4.9105E-001   6.5235E-001   6.4495E-001  -5.2695E-002   1.3985E+000   1.5497E-002   1.2316E-002  -2.1346E-001  -8.9429E-002   1.8190E-002  -1.2537E-001  -1.5434E-001   5.3954E-003   1.2601E-001  -1.8266E-002   4.0607E-001   1.8741E+000  
 3.9255E+000   8.1358E-001   6.7779E+000  -8.7772E-001   1.9498E+000  -1.4265E+000   4.6104E-001  -2.5964E-002   5.6046E-002   6.9808E-001  -1.2280E-001   1.0499E+000   3.6456E-001   1.7243E-001   6.0653E-001  -5.0307E-002   1.2088E-002  -1.4656E-001   3.5785E-001   1.5163E-001  -1.0391E-001  -2.0507E-002   3.7178E-001   1.6607E+000  
 5.4667E+000   1.9299E+000   5.8902E+000   4.3645E-002   4.6777E-001  -6.8746E-001   6.4820E-002   7.3351E-001  -6.4191E-001   9.2039E-001  -2.1827E-003   1.3972E+000  -5.3448E-002  -3.7232E-002   1.5539E-001  -9.5290E-002  -2.4402E-002  -1.2192E-001   9.9952E-002   9.1179E-002  -1.4591E-001  -1.8122E-002   3.9398E-001   2.0150E+000  
 5.7501E+000   9.5310E-001   4.4715E+000   6.1611E-002   2.6405E-001  -7.1404E-001   6.7245E-002   6.6877E-001  -4.1709E-001   9.7762E-001   2.1220E-002   1.3914E+000  -3.2477E-002  -8.3116E-002   1.2635E-001  -1.1741E-001  -1.3083E-002  -1.7069E-001   8.6036E-002   1.1900E-001  -9.1375E-002  -2.4924E-002   3.8893E-001   2.1901E+000  
 5.9723E+000   4.1924E-001   2.8406E+000   9.0859E-002   1.2929E-001  -6.9330E-001   5.6400E-002   6.5666E-001  -2.1503E-001   1.0284E+000   4.5152E-002   1.4058E+000  -2.7008E-002  -1.0323E-001   6.6621E-002  -1.2245E-001  -9.1885E-003  -1.8964E-001   4.7679E-002   1.3872E-001  -4.7125E-002  -3.1861E-002   3.8942E-001   2.2657E+000  
 6.0953E+000   2.7057E-001   1.4172E-001   1.0128E-001   4.2640E-002  -6.8741E-001   4.5563E-002   6.5162E-001  -1.2032E-002   1.0481E+000   5.2510E-002   1.4125E+000  -2.0799E-002  -1.1106E-001   4.4096E-003  -1.2372E-001  -7.8249E-003  -1.9698E-001   6.3869E-003   1.4563E-001  -1.2168E-004  -3.4403E-002   3.9045E-001   2.2620E+000  
 6.0159E+000   3.5150E-001  -2.5561E+000   9.4007E-002  -4.4884E-002  -7.0411E-001   3.4043E-002   6.5320E-001   1.9138E-001   1.0377E+000   4.3673E-002   1.4106E+000  -1.4246E-002  -1.0618E-001  -5.8528E-002  -1.2148E-001  -6.3040E-003  -1.9304E-001  -3.5623E-002   1.3999E-001   4.7313E-002  -3.1691E-002   3.9143E-001   2.2609E+000  
 5.8356E+000   8.2012E-001  -4.2081E+000   6.8062E-002  -1.8203E-001  -7.3557E-001   2.1319E-002   6.6188E-001   3.9501E-001   9.9572E-001   1.8363E-002   1.4008E+000  -7.4610E-003  -8.8893E-002  -1.2013E-001  -1.1524E-001  -1.8228E-003  -1.7748E-001  -7.5708E-002   1.2127E-001   9.2898E-002  -2.4331E-002   3.9259E-001   2.1972E+000  
 5.5892E+000   1.7574E+000  -5.6807E+000   5.2360E-002  -3.9077E-001  -7.1995E-001   2.0279E-002   7.2196E-001   6.2134E-001   9.4678E-001  -6.8635E-003   1.4098E+000   1.5140E-002  -4.4441E-002  -1.5268E-001  -9.2490E-002   1.0415E-002  -1.3175E-001  -9.2552E-002   9.5194E-002   1.4944E-001  -1.7158E-002   3.9902E-001   2.0179E+000  
 4.0950E+000   6.4479E-001  -6.6102E+000  -8.4858E-001  -1.8707E+000  -1.4544E+000  -3.7088E-001  -2.3613E-002  -6.8675E-002   7.4038E-001  -1.2718E-001   1.0718E+000  -3.8959E-001   1.7020E-001  -6.0670E-001  -4.6847E-002  -2.5825E-002  -1.5965E-001  -3.4685E-001   1.6139E-001   1.0964E-001  -1.9871E-002   3.7956E-001   1.6774E+000  
