 2.9794E+000   5.8530E-001   5.9523E-001  -1.5799E-001  -3.7878E+000   4.9711E-002  -1.2558E-001  -1.7494E-001  -3.7864E-001  -1.2662E-002  -1.7919E-001  -3.5010E-002   9.6192E-002   9.8199E-003  -2.1455E-002   6.3076E-002   3.3199E-002   1.0053E-002   9.1598E-002  -3.9165E-003  -1.2080E-003  -1.8172E-002   1.8381E-002   1.3442E-001  
 2.8344E+000   8.3339E-001   5.3908E-001  -7.7650E-003  -3.3737E+000   1.3010E-001  -1.0607E-001  -1.9302E-001  -3.1236E-001  -1.1572E-001  -1.1828E-001   3.4966E-004   1.4278E-001  -4.4438E-003  -1.5872E-002   2.6429E-002   1.0927E-002   3.1976E-002   6.3914E-002  -3.4672E-003   3.3805E-003  -1.4641E-002   2.3737E-002   1.6371E-001  
 2.6665E+000   1.0214E+000   3.9486E-001   4.5537E-002  -3.1466E+000   2.0652E-001  -6.8855E-002  -1.6813E-001  -2.1490E-001  -1.8939E-001  -9.3803E-002   1.5597E-002   1.4487E-001  -1.0778E-002  -7.9350E-003   1.6829E-002   3.9795E-003   4.7196E-002   4.1046E-002   1.6979E-004   2.2207E-003  -1.4414E-002   2.4898E-002   1.5354E-001  
 2.5479E+000   1.1293E+000   2.0152E-001   7.0833E-002  -3.0131E+000   2.6632E-001  -3.9328E-002  -1.5156E-001  -1.1215E-001  -2.3192E-001  -8.0740E-002   2.5538E-002   1.3682E-001  -1.3802E-002  -1.7601E-004   1.1200E-002   1.9808E-004   5.6324E-002   1.7518E-002   2.4648E-003   4.5124E-004  -1.4147E-002   2.7173E-002   1.7050E-001  
 2.4950E+000   1.1501E+000  -7.5193E-003   7.5340E-002  -2.9267E+000   2.8842E-001  -1.4370E-002  -1.4407E-001  -9.0846E-003  -2.4573E-001  -7.7788E-002   2.8885E-002   1.2430E-001  -1.3765E-002   8.0086E-003   9.2432E-003  -1.9410E-003   5.9154E-002  -6.6692E-003   3.3553E-003  -2.2042E-003  -1.4040E-002   2.9541E-002   1.6657E-001  
 2.5123E+000   1.0901E+000  -2.0641E-001   6.1435E-002  -2.8386E+000   2.6596E-001   9.9399E-003  -1.4498E-001   9.3212E-002  -2.3216E-001  -8.4557E-002   2.4952E-002   1.1211E-001  -1.0739E-002   1.5994E-002   1.1072E-002  -3.9223E-003   5.5730E-002  -3.1338E-002   2.4729E-003  -4.7481E-003  -1.4028E-002   3.1753E-002   1.5925E-001  
 2.5967E+000   9.5252E-001  -3.5917E-001   2.6202E-002  -2.6997E+000   2.0563E-001   3.7217E-002  -1.5432E-001   1.9351E-001  -1.9057E-001  -1.0167E-001   1.3976E-002   1.0529E-001  -4.3107E-003   2.3175E-002   1.7389E-002  -7.5595E-003   4.5376E-002  -5.6295E-002  -2.7955E-005  -5.9081E-003  -1.4489E-002   3.3457E-002   1.6981E-001  
 2.7252E+000   7.7012E-001  -4.4611E-001  -4.8158E-002  -2.4544E+000   1.2004E-001   6.5470E-002  -1.5972E-001   2.7783E-001  -1.1565E-001  -1.3509E-001  -9.0792E-003   1.1691E-001   5.9880E-003   3.6103E-002   3.3379E-002  -1.6992E-002   2.9579E-002  -8.6405E-002  -4.7490E-003  -8.6318E-003  -1.5433E-002   3.4193E-002   1.8638E-001  
 2.7841E+000   6.0043E-001  -5.1743E-001  -2.4231E-001  -1.9696E+000  -2.2363E-003   6.1595E-002  -1.0602E-001   2.8935E-001  -9.0170E-003  -2.1605E-001  -5.0523E-002   1.8440E-001   3.2863E-002   6.6463E-002   8.5016E-002  -5.2977E-002   6.6310E-004  -1.1845E-001  -1.2688E-002  -1.0819E-002  -1.8627E-002   2.6428E-002   1.5675E-001  
 2.6847E+000   8.8836E-001   8.6874E-001   6.5071E-002  -3.2819E+000   4.1129E-001  -1.1952E-001  -1.4197E-001  -2.7497E-001   4.8334E-002  -8.6456E-002   1.9723E-003   1.6358E-001   4.0096E-003  -1.0707E-002   1.1300E-002   9.0571E-003  -4.7556E-003   5.6258E-002  -4.8780E-003   6.8910E-004  -1.4277E-002   1.9139E-002   1.3596E-001  
 2.4225E+000   1.1303E+000   7.5902E-001   1.2271E-001  -3.0536E+000   4.7144E-001  -7.9233E-002  -1.1302E-001  -2.1550E-001  -4.1817E-002  -5.4730E-002   1.7409E-002   1.6672E-001  -1.7252E-003  -8.1962E-003   6.7638E-004   1.0233E-003   1.3812E-002   4.2950E-002  -3.4394E-003   1.6757E-003  -1.4113E-002   2.0225E-002   1.5911E-001  
 2.2050E+000   1.2832E+000   5.3744E-001   1.5203E-001  -2.9461E+000   5.5058E-001  -5.0848E-002  -9.3312E-002  -1.4918E-001  -1.0293E-001  -3.3935E-002   3.1949E-002   1.5840E-001  -5.4157E-003  -3.7193E-003  -7.1891E-003  -2.6356E-003   2.6087E-002   2.7381E-002  -1.2642E-003   1.6025E-003  -1.3893E-002   2.2414E-002   1.6261E-001  
 2.0554E+000   1.3727E+000   2.5962E-001   1.6360E-001  -2.9209E+000   6.1326E-001  -2.9604E-002  -8.1240E-002  -7.7998E-002  -1.3855E-001  -2.2553E-002   4.2243E-002   1.4195E-001  -6.6090E-003   1.2544E-003  -1.2388E-002  -3.1964E-003   3.2830E-002   1.1060E-002   3.0780E-004   5.8028E-004  -1.3423E-002   2.5338E-002   1.5210E-001  
 1.9915E+000   1.3821E+000  -2.4702E-002   1.6407E-001  -2.9370E+000   6.3672E-001  -1.2029E-002  -7.5910E-002  -5.2389E-003  -1.5008E-001  -1.9797E-002   4.5916E-002   1.2152E-001  -5.8602E-003   5.8351E-003  -1.4481E-002  -1.8882E-003   3.4677E-002  -5.2823E-003   9.9802E-004  -6.7205E-004  -1.2880E-002   2.8277E-002   1.4361E-001  
 2.0191E+000   1.3442E+000  -3.0669E-001   1.5602E-001  -2.9519E+000   6.1406E-001   5.1334E-003  -7.6926E-002   6.6991E-002  -1.3860E-001  -2.5201E-002   4.2286E-002   1.0120E-001  -3.5650E-003   1.0065E-002  -1.3505E-002  -1.1952E-004   3.1831E-002  -2.1856E-002   8.7987E-004  -1.9733E-003  -1.2384E-002   3.0921E-002   1.4438E-001  
 2.1349E+000   1.2276E+000  -5.3247E-001   1.3683E-001  -2.9225E+000   5.5200E-001   2.5067E-002  -8.4180E-002   1.3648E-001  -1.0344E-001  -3.9483E-002   3.1551E-002   8.5291E-002   6.3410E-004   1.4131E-002  -8.8082E-003   4.0312E-004   2.3817E-002  -3.8839E-002  -4.3816E-004  -3.1146E-003  -1.2295E-002   3.2948E-002   1.4834E-001  
 2.3231E+000   1.0504E+000  -6.7802E-001   9.9339E-002  -2.8073E+000   4.7317E-001   5.0668E-002  -9.7989E-002   1.9957E-001  -4.3966E-002  -6.3577E-002   1.5737E-002   7.8825E-002   7.7089E-003   1.7390E-002   1.9841E-005  -2.5109E-003   9.3880E-003  -5.5642E-002  -3.0005E-003  -2.7783E-003  -1.2974E-002   3.4244E-002   1.5026E-001  
 2.5611E+000   8.0841E-001  -7.3203E-001   3.2333E-002  -2.5668E+000   4.1333E-001   8.6229E-002  -1.1949E-001   2.5417E-001   4.2507E-002  -9.9180E-002  -1.2603E-003   8.6020E-002   1.7542E-002   1.7998E-002   1.2909E-002  -1.0865E-002  -1.2567E-002  -7.0587E-002  -5.0768E-003  -5.5372E-004  -1.4272E-002   3.5146E-002   1.4157E-001  
 2.2979E+000   1.0102E+000   1.1255E+000   1.5325E-001  -2.9810E+000   5.5053E-001  -9.0047E-002  -8.0019E-002  -1.7244E-001   7.5915E-002  -3.7108E-002   9.1923E-005   1.8227E-001   3.0268E-003  -5.0294E-003  -5.7170E-003  -1.7384E-003  -1.1618E-002   3.4311E-002  -3.6102E-003  -9.3950E-004  -1.4437E-002   1.5999E-002   1.1161E-001  
 1.9748E+000   1.2012E+000   9.3909E-001   1.8267E-001  -2.8503E+000   6.1269E-001  -5.8537E-002  -5.8309E-002  -1.4000E-001   2.7161E-003  -9.4895E-003   1.5376E-002   1.7793E-001  -9.5095E-004  -3.4866E-003  -1.4180E-002  -6.9459E-003   3.4700E-003   2.6034E-002  -2.5651E-003  -4.3554E-005  -1.4794E-002   1.6956E-002   1.0879E-001  
 1.7336E+000   1.2714E+000   7.4924E-001   1.9045E-001  -2.8236E+000   6.9341E-001  -3.7173E-002  -4.3100E-002  -9.8518E-002  -4.6874E-002   7.9351E-003   2.9251E-002   1.6349E-001  -2.8334E-003  -9.2524E-004  -1.9681E-002  -7.7124E-003   1.3076E-002   1.6410E-002  -1.5558E-003   2.6129E-004  -1.5519E-002   1.8989E-002   1.2887E-001  
 1.5701E+000   1.3389E+000   4.3828E-001   1.8884E-001  -2.8672E+000   7.5720E-001  -2.2215E-002  -3.3820E-002  -5.1786E-002  -7.5550E-002   1.7468E-002   3.8903E-002   1.4288E-001  -3.0327E-003   1.9998E-003  -2.3192E-002  -5.7918E-003   1.8200E-002   5.8410E-003  -8.2531E-004   8.1132E-005  -1.5675E-002   2.1962E-002   1.5221E-001  
 1.5074E+000   1.3651E+000   8.1003E-002   1.8512E-001  -2.9455E+000   7.8114E-001  -1.0441E-002  -2.9755E-002  -3.0950E-003  -8.4692E-002   1.9834E-002   4.2272E-002   1.1943E-001  -2.0009E-003   4.5342E-003  -2.4690E-002  -2.2248E-003   1.9363E-002  -4.8414E-003  -3.9984E-004  -1.2072E-004  -1.5207E-002   2.5128E-002   1.5106E-001  
 1.5547E+000   1.3440E+000  -2.7655E-001   1.8203E-001  -3.0225E+000   7.5832E-001   1.0927E-003  -3.0609E-002   4.5199E-002  -7.5282E-002   1.5556E-002   3.8769E-002   9.6088E-002  -1.0374E-004   6.6358E-003  -2.4244E-002   2.0713E-003   1.6743E-002  -1.5531E-002  -9.4578E-005  -4.8816E-004  -1.4059E-002   2.8241E-002   1.4932E-001  
 1.6968E+000   1.2717E+000  -6.1288E-001   1.7713E-001  -3.0623E+000   6.9564E-001   1.5261E-002  -3.6434E-002   9.0671E-002  -4.6733E-002   4.0317E-003   2.8659E-002   7.6032E-002   2.8781E-003   8.4234E-003  -2.1458E-002   5.7125E-003   1.0059E-002  -2.6104E-002  -4.8633E-004  -9.3226E-004  -1.2750E-002   3.1056E-002   1.5063E-001  
 1.8750E+000   1.1499E+000  -8.5332E-001   1.6346E-001  -3.0291E+000   6.1596E-001   3.5104E-002  -4.7735E-002   1.3008E-001   1.8427E-003  -1.5492E-002   1.3884E-002   6.2753E-002   7.2739E-003   9.2134E-003  -1.6129E-002   6.9486E-003  -1.4492E-003  -3.5659E-002  -1.5045E-003  -5.4500E-004  -1.1570E-002   3.3428E-002   1.4580E-001  
 2.1773E+000   9.6906E-001  -9.8263E-001   1.2780E-001  -2.8886E+000   5.5458E-001   6.3851E-002  -6.4296E-002   1.5903E-001   7.2503E-002  -4.5723E-002  -2.9034E-003   6.1252E-002   1.4046E-002   8.8543E-003  -6.5320E-003   2.7558E-003  -1.9117E-002  -4.4354E-002  -3.2581E-003   1.0740E-003  -1.2023E-002   3.4597E-002   1.3535E-001  
 3.0372E+000   1.9054E-001   1.1392E+000  -1.5716E-001  -3.8228E+000   1.0666E+000  -1.9243E-001  -9.6369E-002  -7.3324E-003   3.6028E-001  -1.7962E-001   9.7667E-003   1.0459E-001   2.4498E-002   2.1207E-002   2.8840E-002   6.3320E-002  -8.8510E-002   1.7806E-004  -6.9772E-004  -7.4767E-003  -1.7845E-002   1.7066E-002   1.2874E-001  
 2.7384E+000   4.5453E-001   1.3693E+000   6.9365E-002  -3.2936E+000   7.0126E-001  -1.6651E-001  -9.1369E-002  -6.8121E-002   2.6809E-001  -8.7290E-002  -2.6850E-002   1.7035E-001   7.9185E-003   4.2547E-003   4.7558E-003   1.3900E-002  -5.2898E-002   1.3320E-002   1.0049E-003  -2.6695E-003  -1.3986E-002   1.8531E-002   1.6648E-001  
 2.3266E+000   7.1732E-001   1.4454E+000   1.5516E-001  -2.9870E+000   5.6694E-001  -1.0698E-001  -6.1111E-002  -9.1532E-002   1.6297E-001  -3.7719E-002  -2.4333E-002   1.8578E-001   4.7843E-003  -5.4129E-004  -6.2741E-003  -1.9104E-003  -3.0318E-002   1.8171E-002  -8.7716E-004  -2.3547E-003  -1.4360E-002   1.5458E-002   1.0219E-001  
 1.9093E+000   9.2334E-001   1.3264E+000   1.9085E-001  -2.8120E+000   5.6140E-001  -6.7683E-002  -3.8476E-002  -9.4129E-002   8.3249E-002  -2.3558E-003  -1.2337E-002   1.8755E-001   1.3473E-003  -2.2105E-003  -1.4774E-002  -1.0075E-002  -1.3075E-002   1.7664E-002  -1.5536E-003  -1.2465E-003  -1.5483E-002   1.3701E-002   1.0785E-001  
 1.5409E+000   9.9048E-001   1.1691E+000   1.9518E-001  -2.7483E+000   6.2416E-001  -4.2564E-002  -2.2047E-002  -8.1873E-002   2.5551E-002   2.1334E-002   2.7138E-003   1.7839E-001  -8.5895E-004  -1.4788E-003  -2.0556E-002  -1.2479E-002  -1.4041E-003   1.3978E-002  -1.3196E-003  -6.8421E-004  -1.7216E-002   1.3387E-002   1.0566E-001  
 1.2432E+000   1.0848E+000   8.5517E-001   1.8475E-001  -2.7690E+000   7.0562E-001  -2.6685E-002  -1.0540E-002  -5.9713E-002  -1.3262E-002   3.6076E-002   1.6157E-002   1.6162E-001  -1.6370E-003   8.0589E-005  -2.4018E-002  -1.1118E-002   5.9475E-003   8.7356E-003  -1.1085E-003  -4.2059E-004  -1.9003E-002   1.4723E-002   9.1751E-002  
 1.0485E+000   1.1407E+000   4.8197E-001   1.7208E-001  -2.8470E+000   7.6991E-001  -1.6533E-002  -3.4860E-003  -3.1885E-002  -3.5447E-002   4.4181E-002   2.5291E-002   1.4044E-001  -1.4291E-003   1.8302E-003  -2.6063E-002  -7.4984E-003   9.8214E-003   2.3186E-003  -8.8704E-004  -2.2170E-004  -1.9746E-002   1.7559E-002   1.1368E-001  
 9.7760E-001   1.1604E+000   8.3492E-002   1.6489E-001  -2.9525E+000   7.9410E-001  -9.1864E-003  -3.9545E-004  -1.8780E-003  -4.2409E-002   4.6453E-002   2.8380E-002   1.1747E-001  -4.4192E-004   3.4032E-003  -2.6789E-002  -2.4489E-003   1.0428E-002  -4.5610E-003  -6.5343E-004  -1.2935E-004  -1.9410E-002   2.0798E-002   1.2621E-001  
 1.0354E+000   1.1456E+000  -3.1528E-001   1.6586E-001  -3.0567E+000   7.7120E-001  -1.9884E-003  -9.6091E-004   2.7832E-002  -3.5006E-002   4.3129E-002   2.4800E-002   9.4825E-002   1.2126E-003   4.5589E-003  -2.6211E-002   3.3631E-003   7.8913E-003  -1.1334E-002  -4.6327E-004  -1.0656E-004  -1.8095E-002   2.4054E-002   1.2136E-001  
 1.2167E+000   1.0946E+000  -6.8944E-001   1.7286E-001  -3.1309E+000   7.0820E-001   7.7498E-003  -5.3391E-003   5.4738E-002  -1.2691E-002   3.3679E-002   1.4911E-002   7.4642E-002   3.4411E-003   5.1095E-003  -2.4398E-002   8.9264E-003   2.1784E-003  -1.7286E-002  -3.8065E-004  -7.2464E-005  -1.5935E-002   2.7351E-002   1.4081E-001  
 1.5009E+000   1.0050E+000  -1.0050E+000   1.7849E-001  -3.1454E+000   6.2796E-001   2.2860E-002  -1.3790E-002   7.5293E-002   2.5604E-002   1.7347E-002   3.5390E-004   5.9563E-002   6.2251E-003   4.8757E-003  -2.1208E-002   1.2867E-002  -6.8280E-003  -2.1803E-002  -6.0786E-004   6.0544E-005  -1.3335E-002   3.0607E-002   1.5308E-001  
 1.7937E+000   9.1960E-001  -1.1696E+000   1.6991E-001  -3.0729E+000   5.6621E-001   4.6506E-002  -2.6373E-002   8.5054E-002   8.1477E-002  -8.1835E-003  -1.6175E-002   5.3016E-002   1.0149E-002   3.5981E-003  -1.5053E-002   1.2352E-002  -2.0355E-002  -2.4827E-002  -1.2746E-003   1.0690E-003  -1.1796E-002   3.2904E-002   1.4785E-001  
 2.1988E+000   7.2216E-001  -1.2199E+000   1.2953E-001  -2.8855E+000   5.7274E-001   8.3241E-002  -4.3970E-002   7.9071E-002   1.5749E-001  -4.5771E-002  -2.9539E-002   5.8944E-002   1.5398E-002  -3.9694E-004  -5.4192E-003   4.4413E-003  -3.9982E-002  -2.4815E-002  -1.4155E-003   3.4279E-003  -1.2042E-002   3.4090E-002   1.5771E-001  
 2.6008E+000   4.6122E-001  -1.1070E+000   3.6317E-002  -2.5612E+000   7.0881E-001   1.3760E-001  -6.6961E-002   5.1458E-002   2.5573E-001  -9.8927E-002  -3.2202E-002   8.1440E-002   2.0589E-002  -8.1561E-003   8.2406E-003  -1.4102E-002  -6.6167E-002  -1.9620E-002  -2.9201E-004   5.4548E-003  -1.4206E-002   3.4224E-002   1.5358E-001  
 2.8685E+000   2.2161E-001  -8.9926E-001  -2.2496E-001  -1.9944E+000   1.1018E+000   1.3203E-001  -4.8063E-002   2.5476E-003   3.2430E-001  -2.1341E-001   1.2554E-002   1.7372E-001   2.7356E-002  -3.8082E-002   5.0080E-002  -8.3395E-002  -1.1294E-001  -8.4567E-003   4.2687E-003   3.5233E-003  -1.8688E-002   2.6022E-002   1.6513E-001  
 2.9393E+000   1.1641E-001   1.3540E+000   3.2417E-003  -3.3943E+000   9.8151E-001  -2.1644E-001  -7.9650E-002   9.5499E-002   3.1643E-001  -1.1873E-001  -3.0205E-002   1.5656E-001   3.3891E-003   1.1072E-002   6.2572E-003   2.6334E-002  -6.2506E-002  -2.1065E-002   3.8202E-003  -1.0224E-003  -1.4228E-002   2.2603E-002   1.8855E-001  
 2.5062E+000   3.5851E-001   1.6161E+000   1.2858E-001  -3.0709E+000   6.4689E-001  -1.3649E-001  -5.0381E-002   2.2891E-002   2.1415E-001  -5.6330E-002  -4.3894E-002   1.7677E-001   3.1675E-003   4.6365E-003  -3.7308E-003   3.0588E-003  -4.1848E-002  -5.4569E-003   2.7078E-003  -1.2587E-003  -1.3886E-002   1.9316E-002   1.5814E-001  
 2.0346E+000   5.4802E-001   1.6362E+000   1.8616E-001  -2.8622E+000   5.1044E-001  -8.4602E-002  -2.8460E-002  -1.7982E-002   1.3576E-001  -1.0947E-002  -4.1170E-002   1.8499E-001   1.9988E-003   6.2056E-005  -1.2064E-002  -1.0563E-002  -2.4207E-002   3.2047E-003   7.0460E-004  -1.1475E-003  -1.4727E-002   1.6023E-002   1.2473E-001  
 1.5587E+000   6.2396E-001   1.5290E+000   1.9675E-001  -2.7543E+000   5.0430E-001  -5.1030E-002  -1.1767E-002  -3.6662E-002   7.5758E-002   2.0444E-002  -2.8780E-002   1.8210E-001   3.9428E-004  -1.4671E-003  -1.7938E-002  -1.5926E-002  -1.1395E-002   6.3657E-003  -3.0508E-004  -6.9235E-004  -1.7149E-002   1.2756E-002   1.1441E-001  
 1.1386E+000   7.2120E-001   1.2667E+000   1.8114E-001  -2.7308E+000   5.6709E-001  -3.0583E-002   4.5457E-004  -3.9275E-002   3.2369E-002   4.0993E-002  -1.3633E-002   1.7103E-001  -5.2206E-004  -1.0192E-003  -2.1630E-002  -1.6039E-002  -3.0001E-003   6.1732E-003  -5.9126E-004  -5.5486E-004  -2.0134E-002   1.0690E-002   7.2267E-002  
 8.0512E-001   7.8761E-001   9.1818E-001   1.5669E-001  -2.7709E+000   6.4885E-001  -1.8900E-002   8.7755E-003  -3.1514E-002   3.4982E-003   5.4090E-002  -2.1583E-004   1.5503E-001  -8.0135E-004   6.0973E-005  -2.4101E-002  -1.3355E-002   2.3465E-003   3.8392E-003  -7.1780E-004  -4.0888E-004  -2.2069E-002   1.1868E-002   6.4270E-002  
 5.8841E-001   8.2709E-001   5.1367E-001   1.3556E-001  -2.8543E+000   7.1348E-001  -1.2306E-002   1.3907E-002  -1.7614E-002  -1.2904E-002   6.1469E-002   8.8617E-003   1.3587E-001  -4.8489E-004   1.2781E-003  -2.5383E-002  -8.4950E-003   4.9623E-003   2.3974E-004  -7.1094E-004  -2.5396E-004  -2.2955E-002   1.4545E-002   8.1720E-002  
 5.1088E-001   8.4152E-001   8.5896E-002   1.2577E-001  -2.9581E+000   7.3784E-001  -8.1317E-003   1.6166E-002  -1.1007E-003  -1.7979E-002   6.3897E-002   1.1757E-002   1.1558E-001   3.2922E-004   2.3127E-003  -2.5331E-002  -2.1432E-003   5.0575E-003  -3.9199E-003  -6.6929E-004  -1.6404E-004  -2.2890E-002   1.7356E-002   9.2407E-002  
 5.7750E-001   8.3190E-001  -3.4225E-001   1.3015E-001  -3.0608E+000   7.1492E-001  -3.9487E-003   1.5903E-002   1.5143E-002  -1.2366E-002   6.1361E-002   7.9489E-003   9.5953E-002   1.5984E-003   2.9725E-003  -2.4207E-002   4.7341E-003   2.7280E-003  -7.9128E-003  -6.3357E-004  -1.0348E-004  -2.1776E-002   2.0238E-002   9.8787E-002  
 7.8294E-001   7.9709E-001  -7.4778E-001   1.4653E-001  -3.1404E+000   6.5171E-001   2.5018E-003   1.3099E-002   2.8266E-002   4.3062E-003   5.3250E-002  -2.1463E-003   7.8534E-002   3.2727E-003   3.0827E-003  -2.2312E-002   1.1302E-002  -1.9888E-003  -1.1011E-002  -6.3472E-004  -7.9749E-005  -1.9659E-002   2.3247E-002   1.1582E-001  
 1.1049E+000   7.3523E-001  -1.0980E+000   1.6719E-001  -3.1742E+000   5.7129E-001   1.3894E-002   7.4091E-003   3.4698E-002   3.2798E-002   3.8916E-002  -1.6801E-002   6.5090E-002   5.1675E-003   2.4814E-003  -1.9627E-002   1.6311E-002  -8.9995E-003  -1.2397E-002  -7.1834E-004  -2.3588E-005  -1.6766E-002   2.6460E-002   1.3484E-001  
 1.5133E+000   6.4241E-001  -1.3627E+000   1.7985E-001  -3.1421E+000   5.0964E-001   3.3824E-002  -1.7108E-003   3.0263E-002   7.4777E-002   1.6977E-002  -3.3342E-002   5.7241E-002   7.2216E-003   9.8138E-004  -1.6109E-002   1.8464E-002  -1.8658E-002  -1.1376E-002  -8.3004E-004   3.0221E-004  -1.3483E-002   2.9886E-002   1.5520E-001  
 1.9190E+000   6.2135E-001  -1.4313E+000   1.6651E-001  -3.0227E+000   5.1677E-001   6.6244E-002  -1.4411E-002   9.1913E-003   1.3171E-001  -1.5917E-002  -4.6972E-002   5.8264E-002   9.5983E-003  -2.5735E-003  -1.0094E-002   1.3918E-002  -3.2891E-002  -7.0128E-003  -4.2584E-004   1.5683E-003  -1.1710E-002   3.2195E-002   1.4793E-001  
 2.3845E+000   4.2888E-001  -1.3739E+000   1.0467E-001  -2.7985E+000   6.5473E-001   1.1537E-001  -3.0862E-002  -3.4431E-002   2.0431E-001  -6.3632E-002  -4.9808E-002   7.2119E-002   1.1549E-002  -9.8559E-003  -6.6803E-004  -1.2532E-003  -5.3009E-002   2.7629E-003   1.2945E-003   3.2804E-003  -1.2811E-002   3.2861E-002   1.6110E-001  
 2.8043E+000   1.8811E-001  -1.1011E+000  -3.6647E-002  -2.4472E+000   1.0003E+000   1.8015E-001  -4.8617E-002  -1.0530E-001   2.8996E-001  -1.3308E-001  -2.8785E-002   1.0576E-001   1.0804E-002  -2.5286E-002   1.3251E-002  -3.2024E-002  -8.2031E-002   2.1278E-002   5.6271E-003   4.0470E-003  -1.5006E-002   3.3149E-002   2.0859E-001  
 2.7985E+000  -1.0498E-002   1.5783E+000   5.5839E-002  -3.1735E+000   9.1314E-001  -1.8746E-001  -4.2061E-002   1.7067E-001   2.2246E-001  -9.5847E-002  -4.6410E-002   1.6005E-001  -3.4033E-003   7.8308E-003  -7.0872E-004   1.7239E-002  -4.2871E-002  -3.7735E-002   3.6445E-003   2.2862E-003  -1.3945E-002   2.4131E-002   1.8709E-001  
 2.3199E+000   1.4352E-001   1.7948E+000   1.5918E-001  -2.9687E+000   5.7363E-001  -1.1529E-001  -2.2035E-002   8.6221E-002   1.5291E-001  -3.6420E-002  -6.0872E-002   1.7139E-001  -1.7536E-004   2.9949E-003  -7.6960E-003  -5.1247E-003  -2.8569E-002  -1.8257E-002   2.8811E-003   6.4667E-004  -1.3712E-002   2.1533E-002   1.7105E-001  
 1.7931E+000   2.2702E-001   1.7887E+000   1.9524E-001  -2.8410E+000   4.3556E-001  -6.8275E-002  -6.7909E-003   3.3194E-002   9.9146E-002   5.5496E-003  -5.7435E-002   1.7398E-001   6.2510E-004  -2.2883E-004  -1.3269E-002  -1.6431E-002  -1.6750E-002  -6.6552E-003   1.3166E-003  -1.3681E-004  -1.5418E-002   1.8021E-002   1.6074E-001  
 1.2785E+000   3.0642E-001   1.6219E+000   1.8756E-001  -2.7808E+000   4.2872E-001  -3.8810E-002   4.8540E-003   3.1155E-003   5.8031E-002   3.4123E-002  -4.4482E-002   1.6904E-001   2.7015E-004  -1.3050E-003  -1.7200E-002  -1.9698E-002  -8.1866E-003  -9.4913E-004   2.9708E-004  -2.7251E-004  -1.8837E-002   1.3827E-002   1.1651E-001  
 8.2267E-001   3.6818E-001   1.3326E+000   1.5789E-001  -2.7768E+000   4.9126E-001  -2.2014E-002   1.3327E-002  -1.0091E-002   2.8492E-002   5.2926E-002  -2.9182E-002   1.5888E-001  -7.1366E-005  -9.3178E-004  -1.9851E-002  -1.8650E-002  -2.5106E-003   1.1020E-003  -1.0932E-004  -3.4863E-004  -2.1886E-002   1.1407E-002   8.3153E-002  
 4.6241E-001   4.1039E-001   9.6076E-001   1.2329E-001  -2.8151E+000   5.7304E-001  -1.3254E-002   1.9204E-002  -1.2287E-002   8.9205E-003   6.4968E-002  -1.5708E-002   1.4548E-001  -1.4202E-004  -1.1573E-004  -2.1536E-002  -1.4891E-002   9.3574E-004   9.0166E-004  -3.6930E-004  -2.9036E-004  -2.3852E-002   1.1729E-002   7.0746E-002  
 2.2949E-001   4.3583E-001   5.3548E-001   9.5976E-002  -2.8821E+000   6.3779E-001  -9.2716E-003   2.2751E-002  -7.8792E-003  -2.1829E-003   7.2116E-002  -6.6659E-003   1.2989E-001   8.4659E-005   7.6654E-004  -2.1849E-002  -8.6448E-003   2.4583E-003  -7.5040E-004  -5.3658E-004  -2.0942E-004  -2.5176E-002   1.3049E-002   7.1143E-002  
 1.4710E-001   4.4559E-001   8.8226E-002   8.4708E-002  -2.9624E+000   6.6227E-001  -7.2403E-003   2.4483E-002  -5.7180E-004  -5.5198E-003   7.4524E-002  -3.8906E-003   1.1401E-001   6.6194E-004   1.4640E-003  -2.1190E-002  -1.2455E-003   2.0428E-003  -2.9578E-003  -6.4320E-004  -1.3621E-004  -2.5304E-002   1.4929E-002   6.9406E-002  
 2.2049E-001   4.4039E-001  -3.5942E-001   9.2057E-002  -3.0416E+000   6.3939E-001  -5.0855E-003   2.4566E-002   6.4919E-003  -1.6085E-003   7.2438E-002  -7.8431E-003   9.9041E-002   1.5324E-003   1.7881E-003  -1.9722E-002   6.4591E-003  -8.2325E-005  -4.9496E-003  -7.5015E-004  -1.0117E-004  -2.4380E-002   1.7079E-002   7.6495E-002  
 4.4432E-001   4.1952E-001  -7.8595E-001   1.1564E-001  -3.1049E+000   5.7619E-001  -7.4920E-004   2.2939E-002   1.0178E-002   9.7051E-003   6.5487E-002  -1.8054E-002   8.6068E-002   2.6125E-003   1.6198E-003  -1.7611E-002   1.3500E-002  -3.7437E-003  -5.9762E-003  -9.0560E-004  -8.8415E-005  -2.2566E-002   1.9586E-002   9.2358E-002  
 7.9507E-001   3.8158E-001  -1.1596E+000   1.4758E-001  -3.1369E+000   4.9584E-001   8.0748E-003   1.9557E-002   6.9088E-003   2.8922E-002   5.2594E-002  -3.2765E-002   7.6083E-002   3.8269E-003   8.5802E-004  -1.5326E-002   1.9047E-002  -8.8667E-003  -5.3418E-003  -1.0966E-003  -1.1442E-004  -1.9724E-002   2.2448E-002   1.0926E-001  
 1.2413E+000   3.2400E-001  -1.4514E+000   1.7529E-001  -3.1241E+000   4.3452E-001   2.5006E-002   1.3916E-002  -7.7563E-003   5.7123E-002   3.2678E-002  -4.9304E-002   6.9964E-002   4.9214E-003  -5.9429E-004  -1.2752E-002   2.1754E-002  -1.5509E-002  -2.2032E-003  -1.3315E-003  -1.2232E-004  -1.6189E-002   2.5814E-002   1.2790E-001  
 1.7386E+000   2.6589E-001  -1.6140E+000   1.8126E-001  -3.0525E+000   4.4238E-001   5.4322E-002   5.7375E-003  -3.9514E-002   9.5402E-002   3.0043E-003  -6.3198E-002   6.9352E-002   5.5440E-003  -3.4829E-003  -9.3200E-003   1.9311E-002  -2.4837E-002   4.8083E-003  -8.0860E-004   2.1152E-004  -1.3015E-002   2.9016E-002   1.5219E-001  
 2.2174E+000   2.7275E-001  -1.5546E+000   1.4302E-001  -2.9103E+000   5.8153E-001   1.0047E-001  -5.0441E-003  -9.4391E-002   1.4417E-001  -4.0209E-002  -6.6914E-002   7.6789E-002   4.6720E-003  -8.7907E-003  -3.8327E-003   7.4028E-003  -3.8018E-002   1.7669E-002   8.3079E-004   4.4627E-004  -1.2295E-002   3.0712E-002   1.5511E-001  
 2.6928E+000   9.7736E-002  -1.3200E+000   3.5468E-002  -2.6861E+000   9.2298E-001   1.7006E-001  -1.8661E-002  -1.8061E-001   2.0509E-001  -1.0146E-001  -5.1369E-002   9.4789E-002   1.4050E-003  -1.7097E-002   4.1306E-003  -1.7227E-002  -5.5564E-002   3.8085E-002   2.7980E-003   2.9675E-004  -1.3904E-002   3.1531E-002   1.7580E-001  
 2.7080E+000  -2.1715E-001   1.6995E+000   8.2038E-002  -3.0442E+000   8.5929E-001  -1.6868E-001  -1.3682E-002   2.1713E-001   1.2412E-001  -8.3655E-002  -5.9355E-002   1.5389E-001  -7.1940E-003   2.9939E-003  -4.4063E-003   1.1363E-002  -2.1431E-002  -4.8028E-002   1.6526E-003   3.8802E-003  -1.3755E-002   2.6575E-002   1.4163E-001  
 2.2005E+000  -1.4695E-001   1.8894E+000   1.7179E-001  -2.9481E+000   5.1681E-001  -1.0133E-001  -1.7604E-003   1.2520E-001   8.6194E-002  -2.5946E-002  -7.4266E-002   1.5753E-001  -1.9236E-003   5.8620E-004  -8.3572E-003  -1.0717E-002  -1.4260E-002  -2.5962E-002   1.8042E-003   1.7905E-003  -1.3262E-002   2.4665E-002   1.6823E-001  
 1.6407E+000  -1.0854E-001   1.8622E+000   1.9464E-001  -2.8897E+000   3.7760E-001  -5.7457E-002   7.5094E-003   6.4607E-002   5.6668E-002   1.4079E-002  -7.0223E-002   1.5647E-001   1.5238E-004  -9.8185E-004  -1.1591E-002  -2.0468E-002  -8.1725E-003  -1.2500E-002   1.1571E-003   4.3204E-004  -1.5513E-002   2.1288E-002   1.5493E-001  
 1.1011E+000  -6.7870E-002   1.6755E+000   1.7575E-001  -2.8642E+000   3.7028E-001  -3.0613E-002   1.4707E-002   2.7379E-002   3.4066E-002   4.1050E-002  -5.6690E-002   1.5135E-001   4.7500E-004  -1.3362E-003  -1.3992E-002  -2.2325E-002  -3.6578E-003  -5.2466E-003   5.6136E-004  -4.7182E-006  -1.9460E-002   1.6976E-002   1.2686E-001  
 6.2329E-001  -3.8291E-002   1.3707E+000   1.3753E-001  -2.8659E+000   4.3255E-001  -1.6160E-002   2.0046E-002   7.6902E-003   1.7915E-002   5.8962E-002  -4.1263E-002   1.4352E-001   4.1676E-004  -9.2285E-004  -1.5639E-002  -2.0376E-002  -6.5271E-004  -1.6600E-003   1.5461E-004  -1.3200E-004  -2.2459E-002   1.4260E-002   9.3728E-002  
 2.4687E-001  -1.7744E-002   9.8572E-001   9.6692E-002  -2.8879E+000   5.1427E-001  -9.4590E-003   2.3777E-002  -5.3482E-004   7.1779E-003   7.0718E-002  -2.7684E-002   1.3383E-001   3.5123E-004  -2.4899E-004  -1.6242E-002  -1.5358E-002   1.0518E-003  -4.7317E-004  -1.6849E-004  -1.4996E-004  -2.4767E-002   1.3065E-002   6.9504E-002  
 4.0834E-003  -4.9870E-003   5.4864E-001   6.6138E-002  -2.9236E+000   5.7906E-001  -7.0192E-003   2.6256E-002  -1.9386E-003   1.1514E-003   7.7492E-002  -1.8629E-002   1.2337E-001   4.4223E-004   4.2764E-004  -1.5938E-002  -8.1783E-003   1.4397E-003  -7.1635E-004  -4.1559E-004  -1.1606E-004  -2.6176E-002   1.3021E-002   6.7865E-002  
-8.1035E-002   5.7404E-004   9.0437E-002   5.4442E-002  -2.9654E+000   6.0360E-001  -6.3322E-003   2.7669E-002  -2.2562E-004  -5.9451E-004   7.9826E-002  -1.5885E-002   1.1321E-001   7.1331E-004   8.9907E-004  -1.4881E-002   1.5894E-005   5.9592E-004  -1.5913E-003  -6.1940E-004  -7.5923E-005  -2.6506E-002   1.3663E-002   6.4719E-002  
-3.1327E-003  -7.2649E-004  -3.6818E-001   6.4136E-002  -3.0059E+000   5.8078E-001  -5.4686E-003   2.8122E-002   1.2995E-003   1.6113E-003   7.7962E-002  -1.9884E-002   1.0404E-001   1.1512E-003   1.0308E-003  -1.3287E-002   8.2749E-003  -1.2441E-003  -2.3168E-003  -8.3036E-004  -5.2063E-005  -2.5818E-002   1.4742E-002   6.0232E-002  
 2.3237E-001  -9.2307E-003  -8.0651E-001   9.2746E-002  -3.0379E+000   5.1764E-001  -2.5164E-003   2.7602E-002  -6.4242E-004   7.7650E-003   7.1534E-002  -3.0126E-002   9.6470E-002   1.7020E-003   7.1972E-004  -1.1384E-002   1.5691E-002  -3.8477E-003  -2.1242E-003  -1.0966E-003  -5.7798E-005  -2.4188E-002   1.6339E-002   6.8232E-002  
 6.0148E-001  -2.5614E-002  -1.1935E+000   1.3196E-001  -3.0537E+000   4.3745E-001   4.8578E-003   2.6062E-002  -9.7519E-003   1.7965E-002   5.9798E-002  -4.4827E-002   9.1027E-002   2.2389E-003  -7.6834E-005  -9.4071E-003   2.1183E-002  -7.0353E-003  -2.5977E-004  -1.4349E-003  -9.6586E-005  -2.1655E-002   1.8674E-002   8.6891E-002  
 1.0717E+000  -5.1275E-002  -1.5010E+000   1.6909E-001  -3.0465E+000   3.7647E-001   1.9997E-002   2.3451E-002  -3.0529E-002   3.2722E-002   4.1298E-002  -6.1233E-002   8.7844E-002   2.6210E-003  -1.3922E-003  -7.6965E-003   2.3858E-002  -1.0906E-002   4.0261E-003  -1.8286E-003  -2.0677E-004  -1.8225E-002   2.1752E-002   1.1631E-001  
 1.6038E+000  -8.8149E-002  -1.6915E+000   1.8698E-001  -3.0095E+000   3.8481E-001   4.7613E-002   1.9501E-002  -6.8975E-002   5.2613E-002   1.3734E-002  -7.5364E-002   8.7378E-002   2.3002E-003  -3.3550E-003  -6.0167E-003   2.2345E-002  -1.5716E-002   1.2129E-002  -1.9166E-003  -4.7935E-004  -1.4316E-002   2.5416E-002   1.3555E-001  
 2.1224E+000   3.4942E-002  -1.6768E+000   1.6297E-001  -2.9366E+000   5.2479E-001   9.2040E-002   1.4351E-002  -1.3086E-001   7.7349E-002  -2.6710E-002  -7.9603E-002   9.1007E-002  -6.8894E-005  -6.7010E-003  -3.4665E-003   1.2224E-002  -2.2629E-002   2.6446E-002  -1.0191E-003  -1.2820E-003  -1.2471E-002   2.7892E-002   1.3462E-001  
 2.6271E+000  -7.4010E-002  -1.4702E+000   7.1325E-002  -2.8219E+000   8.6828E-001   1.5918E-001   8.1329E-003  -2.2388E-001   1.0707E-001  -8.5153E-002  -6.4148E-002   1.0046E-001  -5.8181E-003  -1.2318E-002   6.0456E-004  -1.0823E-002  -3.2534E-002   4.9261E-002   9.3358E-004  -2.6686E-003  -1.3442E-002   2.9168E-002   1.5893E-001  
 2.6811E+000  -4.5014E-001   1.7398E+000   8.7768E-002  -2.9612E+000   8.4253E-001  -1.5914E-001   9.2308E-003   2.3579E-001   2.4341E-002  -8.1223E-002  -6.6416E-002   1.4267E-001  -8.8388E-003  -2.6841E-003  -6.1920E-003   8.4781E-003   9.5796E-004  -5.2329E-002  -1.2033E-003   4.0988E-003  -1.3238E-002   2.9722E-002   1.8150E-001  
 2.1645E+000  -4.5750E-001   1.9177E+000   1.7316E-001  -2.9682E+000   4.9884E-001  -9.3922E-002   1.3858E-002   1.4103E-001   1.6909E-002  -2.4004E-002  -8.1517E-002   1.3907E-001  -2.4762E-003  -1.8527E-003  -6.8699E-003  -1.3472E-002   4.0510E-004  -2.9163E-002   3.6127E-004   1.8636E-003  -1.2552E-002   2.8038E-002   1.6156E-001  
 1.5947E+000  -4.6347E-001   1.8843E+000   1.9165E-001  -2.9725E+000   3.5915E-001  -5.1531E-002   1.7569E-002   7.7462E-002   1.1326E-002   1.5428E-002  -7.7209E-002   1.3546E-001   2.6836E-004  -1.6616E-003  -7.9204E-003  -2.2621E-002   8.5624E-004  -1.4795E-002   7.8629E-004   4.6487E-004  -1.4948E-002   2.4913E-002   1.7549E-001  
 1.0470E+000  -4.6491E-001   1.6922E+000   1.6911E-001  -2.9747E+000   3.5162E-001  -2.6018E-002   2.0640E-002   3.7408E-002   7.0892E-003   4.2151E-002  -6.3410E-002   1.3136E-001   8.6275E-004  -1.4233E-003  -8.9301E-003  -2.3781E-002   1.6269E-003  -6.7156E-003   5.2604E-004   1.1348E-004  -1.8952E-002   2.0780E-002   1.4069E-001  
 5.6266E-001  -4.6550E-001   1.3829E+000   1.2814E-001  -2.9751E+000   4.1377E-001  -1.2752E-002   2.3169E-002   1.5125E-002   3.9199E-003   6.0068E-002  -4.7776E-002   1.2664E-001   8.8430E-004  -8.6544E-004  -9.4226E-003  -2.1000E-002   2.0185E-003  -2.3290E-003   1.8672E-004   1.8593E-006  -2.2058E-002   1.7578E-002   1.0771E-001  
 1.8145E-001  -4.6530E-001   9.9416E-001   8.5691E-002  -2.9739E+000   4.9546E-001  -7.0257E-003   2.5171E-002   4.4199E-003   1.7584E-003   7.1695E-002  -3.4070E-002   1.2169E-001   7.6464E-004  -2.3357E-004  -9.2060E-003  -1.5141E-002   1.9546E-003  -3.1678E-004  -1.0217E-004  -2.5353E-005  -2.4378E-002   1.5337E-002   8.1115E-002  
-6.4033E-002  -4.6436E-001   5.5375E-001   5.4651E-002  -2.9711E+000   5.6027E-001  -5.3717E-003   2.6752E-002   6.5335E-004   5.9812E-004   7.8329E-002  -2.4995E-002   1.1713E-001   6.4709E-004   3.4702E-004  -8.3951E-003  -7.2737E-003   1.2653E-003   1.9130E-004  -3.6816E-004  -1.6166E-005  -2.5875E-002   1.4040E-002   6.3882E-002  
-1.4950E-001  -4.6272E-001   9.2490E-002   4.3489E-002  -2.9670E+000   5.8487E-001  -5.3775E-003   2.7931E-002   1.0064E-004   3.4126E-004   8.0616E-002  -2.2261E-002   1.1337E-001   5.9362E-004   6.9926E-004  -7.1438E-003   1.4191E-003   7.2788E-005  -1.6105E-005  -6.0352E-004   4.7927E-006  -2.6467E-002   1.3416E-002   5.8815E-002  
-6.9527E-002  -4.6039E-001  -3.6919E-001   5.4671E-002  -2.9616E+000   5.6211E-001  -5.1614E-003   2.8741E-002  -5.8137E-004   8.3323E-004   7.8838E-002  -2.6278E-002   1.1061E-001   6.0330E-004   7.3171E-004  -5.6438E-003   9.9595E-003  -1.3966E-003  -1.6475E-004  -8.5753E-004   2.2705E-005  -2.6126E-002   1.3261E-002   6.2373E-002  
 1.7046E-001  -4.5736E-001  -8.1087E-001   8.5671E-002  -2.9551E+000   4.9905E-001  -2.8518E-003   2.9226E-002  -4.7287E-003   1.9033E-003   7.2662E-002  -3.6512E-002   1.0895E-001   6.4594E-004   3.7019E-004  -4.1201E-003   1.7403E-002  -2.8909E-003   5.0796E-004  -1.1844E-003   2.3549E-005  -2.4776E-002   1.3728E-002   6.6484E-002  
 5.4628E-001  -4.5367E-001  -1.2017E+000   1.2796E-001  -2.9475E+000   4.1895E-001   3.9156E-003   2.9460E-002  -1.6028E-002   3.3186E-003   6.1392E-002  -5.1124E-002   1.0836E-001   6.3542E-004  -3.6161E-004  -2.8399E-003   2.2678E-002  -4.1887E-003   2.7579E-003  -1.5945E-003  -1.0693E-005  -2.2455E-002   1.5198E-002   7.8656E-002  
 1.0253E+000  -4.4937E-001  -1.5140E+000   1.6860E-001  -2.9390E+000   3.5814E-001   1.8538E-002   2.9627E-002  -3.9068E-002   4.9077E-003   4.3746E-002  -6.7323E-002   1.0844E-001   4.0937E-004  -1.4482E-003  -2.0914E-003   2.4866E-002  -5.3388E-003   7.4055E-003  -2.1386E-003  -1.2009E-004  -1.9300E-002   1.7862E-002   1.0672E-001  
 1.5678E+000  -4.4443E-001  -1.7100E+000   1.9064E-001  -2.9295E+000   3.6670E-001   4.5655E-002   2.9803E-002  -7.9963E-002   6.3883E-003   1.7201E-002  -8.1347E-002   1.0898E-001  -4.5868E-004  -2.7013E-003  -1.8315E-003   2.3213E-002  -6.2583E-003   1.5728E-002  -2.6951E-003  -4.5715E-004  -1.5297E-002   2.1754E-002   1.4063E-001  
 2.1134E+000  -2.5826E-001  -1.7407E+000   1.7165E-001  -2.9191E+000   5.0698E-001   8.9761E-002   3.0190E-002  -1.4433E-001   7.1393E-003  -2.2111E-002  -8.5640E-002   1.1000E-001  -3.5112E-003  -4.1751E-003  -1.6569E-003   1.3626E-002  -7.4256E-003   3.0337E-002  -2.7516E-003  -1.8413E-003  -1.2885E-002   2.4770E-002   1.2888E-001  
 2.6264E+000  -2.9869E-001  -1.5434E+000   8.5792E-002  -2.9074E+000   8.5083E-001   1.5676E-001   3.1170E-002  -2.3981E-001   6.3788E-003  -7.9253E-002  -7.0322E-002   1.1189E-001  -1.0249E-002  -6.4885E-003  -1.1266E-003  -8.6813E-003  -9.5433E-003   5.3715E-002  -1.8903E-003  -4.0748E-003  -1.3516E-002   2.6432E-002   1.3976E-001  
 2.7211E+000  -6.8770E-001   1.6970E+000   7.5008E-002  -2.8757E+000   8.6963E-001  -1.5798E-001   3.0678E-002   2.2775E-001  -7.6153E-002  -8.8444E-002  -6.6358E-002   1.3088E-001  -8.0359E-003  -8.5023E-003  -7.5145E-003   9.2566E-003   2.4038E-002  -5.0570E-002  -3.7156E-003   2.4850E-003  -1.2799E-002   3.2648E-002   2.0012E-001  
 2.2163E+000  -7.6189E-001   1.8805E+000   1.6590E-001  -2.9861E+000   5.2636E-001  -9.2708E-002   2.8125E-002   1.3459E-001  -5.3050E-002  -3.0167E-002  -8.1632E-002   1.1984E-001  -1.9919E-003  -4.4673E-003  -4.5150E-003  -1.3289E-002   1.5662E-002  -2.7904E-002  -1.1945E-003   1.0242E-003  -1.1800E-002   3.1255E-002   1.7730E-001  
 1.6582E+000  -8.1614E-001   1.8584E+000   1.8915E-001  -3.0532E+000   3.8690E-001  -5.0297E-002   2.6303E-002   7.2579E-002  -3.4632E-002   1.0209E-002  -7.7531E-002   1.1381E-001   7.3617E-004  -2.4327E-003  -3.1026E-003  -2.2955E-002   1.0386E-002  -1.3585E-002   9.3834E-005   2.5410E-004  -1.3606E-002   2.8600E-002   1.6919E-001  
 1.1211E+000  -8.5972E-001   1.6734E+000   1.7047E-001  -3.0833E+000   3.7949E-001  -2.4755E-002   2.5292E-002   3.3913E-002  -2.0543E-002   3.7764E-002  -6.3726E-002   1.1098E-001   1.4322E-003  -1.4848E-003  -2.6010E-003  -2.4005E-002   7.2402E-003  -5.3829E-003   2.8197E-004   7.9062E-005  -1.7453E-002   2.4683E-002   1.4434E-001  
 6.4575E-001  -8.9057E-001   1.3703E+000   1.3265E-001  -3.0827E+000   4.4174E-001  -1.1521E-002   2.5109E-002   1.2746E-002  -1.0705E-002   5.6366E-002  -4.7884E-002   1.0986E-001   1.3884E-003  -7.1499E-004  -2.0526E-003  -2.0666E-002   4.9230E-003  -9.3851E-004   7.4647E-005   4.9115E-005  -2.0709E-002   2.1160E-002   1.1053E-001  
 2.7141E-001  -9.1073E-001   9.8681E-001   9.3031E-002  -3.0582E+000   5.2347E-001  -5.8302E-003   2.5433E-002   3.0172E-003  -4.2968E-003   6.8271E-002  -3.4082E-002   1.1006E-001   1.1396E-003  -1.8410E-005  -1.1131E-003  -1.4337E-002   3.0112E-003   1.1747E-003  -1.6310E-004   5.6348E-005  -2.2980E-002   1.8188E-002   9.0468E-002  
 3.0500E-002  -9.2162E-001   5.5118E-001   6.4220E-002  -3.0171E+000   5.8834E-001  -4.2485E-003   2.6134E-002   1.8845E-004  -6.3049E-004   7.5017E-002  -2.4989E-002   1.1166E-001   7.8107E-004   5.3922E-004   4.6295E-005  -6.1099E-003   1.2879E-003   1.7350E-003  -3.8664E-004   6.3391E-005  -2.4530E-002   1.5890E-002   6.6035E-002  
-5.2861E-002  -9.2390E-001   9.4407E-002   5.4485E-002  -2.9672E+000   6.1298E-001  -4.3493E-003   2.7096E-002   5.5671E-004   5.4418E-004   7.7336E-002  -2.2269E-002   1.1450E-001   4.0168E-004   8.5307E-004   1.3117E-003   2.7714E-003  -1.7771E-004   1.5019E-003  -5.9055E-004   7.5570E-005  -2.5369E-002   1.4128E-002   6.2187E-002  
 2.6740E-002  -9.1792E-001  -3.6278E-001   6.6242E-002  -2.9161E+000   5.9028E-001  -4.1870E-003   2.8295E-002   8.5206E-004  -7.4742E-004   7.5548E-002  -2.6299E-002   1.1827E-001   1.6116E-005   8.6211E-004   2.5015E-003   1.1290E-002  -1.1897E-003   1.2390E-003  -8.1435E-004   9.5069E-005  -2.5353E-002   1.2757E-002   6.4947E-002  
 2.6395E-001  -9.0335E-001  -7.9970E-001   9.6895E-002  -2.8711E+000   5.2728E-001  -1.8156E-003   2.9840E-002  -2.2068E-003  -4.8368E-003   6.9354E-002  -3.6524E-002   1.2256E-001  -3.8753E-004   5.3314E-004   3.3842E-003   1.8456E-002  -1.4992E-003   1.6990E-003  -1.1112E-003   1.2027E-004  -2.4298E-002   1.1927E-002   6.6864E-002  
 6.3485E-001  -8.7959E-001  -1.1854E+000   1.3781E-001  -2.8402E+000   4.4720E-001   5.2682E-003   3.1967E-002  -1.2252E-002  -1.2272E-002   5.8137E-002  -5.1017E-002   1.2669E-001  -8.4629E-004  -8.4780E-005   3.7096E-003   2.3175E-002  -9.3625E-004   3.6187E-003  -1.5302E-003   1.2740E-004  -2.2254E-002   1.2226E-002   6.7810E-002  
 1.1072E+000  -8.4539E-001  -1.4916E+000   1.7602E-001  -2.8304E+000   3.8633E-001   2.0512E-002   3.5093E-002  -3.3860E-002  -2.3914E-002   4.0668E-002  -6.7013E-002   1.2980E-001  -1.5142E-003  -8.5475E-004   3.2023E-003   2.4642E-002   6.0401E-004   7.9051E-003  -2.1047E-003   7.8178E-005  -1.9366E-002   1.4342E-002   9.8336E-002  
 1.6413E+000  -7.9862E-001  -1.6808E+000   1.9475E-001  -2.8485E+000   3.9477E-001   4.8469E-002   3.9535E-002  -7.3006E-002  -4.0993E-002   1.4056E-002  -8.0695E-002   1.3120E-001  -2.7442E-003  -1.3309E-003   1.9871E-003   2.2266E-002   3.4726E-003   1.5770E-002  -2.9707E-003  -2.3606E-004  -1.5485E-002   1.8453E-002   1.3388E-001  
 2.1931E+000  -5.6928E-001  -1.7381E+000   1.7164E-001  -2.9007E+000   5.3466E-001   9.3733E-002   4.5611E-002  -1.3538E-001  -6.4346E-002  -2.5660E-002  -8.4584E-002   1.2951E-001  -5.7895E-003  -9.4546E-004  -9.6517E-005   1.2090E-002   7.9185E-003   2.9711E-002  -3.9967E-003  -1.5154E-003  -1.3250E-002   2.1769E-002   1.3056E-001  
 2.6933E+000  -5.3162E-001  -1.5331E+000   8.1700E-002  -2.9919E+000   8.7725E-001   1.6273E-001   5.3963E-002  -2.2893E-001  -9.5720E-002  -8.3069E-002  -6.9409E-002   1.2395E-001  -1.2081E-002  -4.0140E-005  -2.9665E-003  -1.0255E-002   1.3510E-002   5.2042E-002  -4.3270E-003  -3.6550E-003  -1.3712E-002   2.3794E-002   1.4793E-001  
 2.8238E+000  -8.8166E-001   1.5739E+000   4.0564E-002  -2.7385E+000   9.3375E-001  -1.6506E-001   5.4265E-002   1.9209E-001  -1.7599E-001  -1.0618E-001  -5.8924E-002   1.2369E-001  -4.0294E-003  -1.4121E-002  -1.0162E-002   1.4835E-002   4.7813E-002  -4.1967E-002  -4.7541E-003  -8.3598E-004  -1.3177E-002   3.4681E-002   1.7826E-001  
 2.3522E+000  -1.0227E+000   1.7831E+000   1.4746E-001  -2.9590E+000   5.9238E-001  -9.7694E-002   4.4255E-002   1.0502E-001  -1.2158E-001  -4.5144E-002  -7.4561E-002   1.0413E-001   1.0428E-004  -7.4343E-003  -3.0263E-003  -9.5067E-003   3.1704E-002  -2.1511E-002  -2.4953E-003  -9.3264E-004  -1.1431E-002   3.3950E-002   1.8129E-001  
 1.8283E+000  -1.1388E+000   1.7809E+000   1.8480E-001  -3.0960E+000   4.5371E-001  -5.3860E-002   3.6675E-002   4.9139E-002  -7.8947E-002  -2.1308E-003  -7.1086E-002   9.4546E-002   1.9045E-003  -3.4517E-003   1.4969E-003  -2.1000E-002   2.0226E-002  -8.4539E-003  -6.8972E-004  -5.7724E-004  -1.2027E-002   3.2112E-002   1.7274E-001  
 1.3183E+000  -1.2273E+000   1.6175E+000   1.7783E-001  -3.1611E+000   4.4668E-001  -2.7022E-002   3.1368E-002   1.6172E-002  -4.6404E-002   2.7389E-002  -5.7610E-002   9.2182E-002   2.2329E-003  -1.4282E-003   3.9680E-003  -2.2968E-002   1.2547E-002  -1.0616E-003  -2.1867E-005  -8.7681E-005  -1.5077E-002   2.8688E-002   1.6033E-001  
 8.6719E-001  -1.2904E+000   1.3316E+000   1.4915E-001  -3.1665E+000   5.0922E-001  -1.2525E-002   2.8140E-002   4.2870E-005  -2.3185E-002   4.7228E-002  -4.1650E-002   9.4519E-002   2.0114E-003  -3.9267E-004   5.6275E-003  -1.9558E-002   7.4025E-003   2.6021E-003  -1.4700E-004   4.6390E-005  -1.8421E-002   2.4971E-002   1.3158E-001  
 5.1138E-001  -1.3325E+000   9.6293E-001   1.1652E-001  -3.1263E+000   5.9105E-001  -5.9879E-003   2.6652E-002  -4.9887E-003  -7.9087E-003   6.0171E-002  -2.7809E-002   9.9836E-002   1.5003E-003   4.1951E-004   7.0508E-003  -1.3002E-002   3.5563E-003   3.9025E-003  -2.9954E-004   9.1409E-005  -2.0921E-002   2.1666E-002   1.0498E-001  
 2.8225E-001  -1.3560E+000   5.4057E-001   9.2574E-002  -3.0542E+000   6.5595E-001  -3.6963E-003   2.6322E-002  -3.3931E-003   6.9985E-004   6.7307E-002  -1.8730E-002   1.0738E-001   8.9886E-004   1.0097E-003   8.4990E-003  -4.8354E-003   8.1525E-004   3.7124E-003  -4.6110E-004   1.0957E-004  -2.2478E-002   1.8640E-002   8.1490E-002  
 2.0344E-001  -1.3625E+000   9.6203E-002   8.5108E-002  -2.9661E+000   6.8063E-001  -3.2226E-003   2.7038E-002   1.2887E-003   3.3121E-003   6.9782E-002  -1.6048E-002   1.1653E-001   2.1443E-004   1.3376E-003   9.6082E-003   3.8856E-003  -8.5318E-004   2.7031E-003  -5.8447E-004   1.0745E-004  -2.3448E-002   1.5998E-002   8.0131E-002  
 2.8030E-001  -1.3526E+000  -3.4860E-001   9.6452E-002  -2.8766E+000   6.5800E-001  -2.4425E-003   2.8719E-002   5.9463E-003   1.2740E-004   6.7930E-002  -2.0115E-002   1.2645E-001  -5.1271E-004   1.3618E-003   1.0264E-002   1.2026E-002  -1.3184E-003   1.6025E-003  -7.0674E-004   1.2885E-004  -2.3645E-002   1.3599E-002   7.1237E-002  
 5.0758E-001  -1.3256E+000  -7.7226E-001   1.2397E-001  -2.8006E+000   5.9507E-001   7.6828E-004   3.1531E-002   7.4750E-003  -9.3671E-003   6.1451E-002  -3.0345E-002   1.3623E-001  -1.2500E-003   1.1046E-003   1.0310E-002   1.8637E-002  -3.5692E-004   1.1389E-003  -8.8795E-004   1.7841E-004  -2.2787E-002   1.1581E-002   6.6643E-002  
 8.6218E-001  -1.2804E+000  -1.1433E+000   1.5886E-001  -2.7536E+000   5.1497E-001   9.2564E-003   3.6023E-002   2.2808E-003  -2.5974E-002   5.0066E-002  -4.4760E-002   1.4435E-001  -2.0436E-003   6.4885E-004   9.2879E-003   2.2375E-002   2.0856E-003   2.1208E-003  -1.1795E-003   2.6610E-004  -2.1208E-002   1.0390E-002   6.6182E-002  
 1.3124E+000  -1.2143E+000  -1.4326E+000   1.8879E-001  -2.7496E+000   4.5390E-001   2.6263E-002   4.2520E-002  -1.3965E-002  -5.1337E-002   3.1876E-002  -6.0638E-002   1.4994E-001  -2.9022E-003   2.4390E-004   7.4904E-003   2.3080E-002   6.4174E-003   5.2808E-003  -1.6627E-003   3.0859E-004  -1.8366E-002   1.2128E-002   9.3531E-002  
 1.8239E+000  -1.1019E+000  -1.6115E+000   1.9658E-001  -2.8025E+000   4.6192E-001   5.6380E-002   5.1638E-002  -4.7032E-002  -8.7272E-002   3.8216E-003  -7.3733E-002   1.5111E-001  -3.9817E-003   7.9421E-004   4.5281E-003   1.9337E-002   1.3393E-002   1.1914E-002  -2.7875E-003   3.6814E-004  -1.5061E-002   1.5990E-002   1.2561E-001  
 2.3553E+000  -8.7355E-001  -1.6658E+000   1.6045E-001  -2.9240E+000   6.0073E-001   1.0443E-001   6.3934E-002  -1.0282E-001  -1.3519E-001  -3.7711E-002  -7.6947E-002   1.4566E-001  -6.3119E-003   2.9903E-003  -6.7858E-005   7.5750E-003   2.3523E-002   2.4209E-002  -4.4805E-003  -2.3045E-004  -1.3459E-002   1.9248E-002   1.3239E-001  
 2.8231E+000  -7.5026E-001  -1.4375E+000   5.6788E-002  -3.1241E+000   9.4052E-001   1.7778E-001   8.0510E-002  -1.8972E-001  -1.9828E-001  -9.6830E-002  -6.1924E-002   1.3205E-001  -1.1070E-002   6.4776E-003  -6.2242E-003  -1.5350E-002   3.6365E-002   4.4156E-002  -5.4247E-003  -1.7174E-003  -1.3831E-002   2.1722E-002   1.4936E-001  
 2.9675E+000  -1.0134E+000   1.3889E+000  -3.0668E-002  -2.4964E+000   1.0200E+000  -1.7087E-001   7.9388E-002   1.2348E-001  -2.6409E-001  -1.3932E-001  -4.0339E-002   1.3244E-001   2.7843E-003  -2.4066E-002  -1.8068E-002   2.9222E-002   7.5835E-002  -2.7497E-002  -6.4708E-003  -4.7257E-003  -1.4170E-002   3.5864E-002   2.1839E-001  
 2.5556E+000  -1.2203E+000   1.6315E+000   1.1073E-001  -2.8450E+000   6.7389E-001  -1.0934E-001   6.5268E-002   5.1371E-002  -1.8498E-001  -6.9858E-002  -6.2035E-002   9.7086E-002   5.0418E-003  -1.0170E-002  -4.7209E-003  -1.6708E-003   4.7980E-002  -8.5391E-003  -2.2799E-003  -3.9546E-003  -1.1862E-002   3.5862E-002   1.7287E-001  
 2.0944E+000  -1.3832E+000   1.6586E+000   1.7169E-001  -3.0647E+000   5.3636E-001  -6.2829E-002   5.1846E-002   5.9569E-003  -1.1834E-001  -2.2421E-002  -5.9478E-002   8.1283E-002   4.4541E-003  -4.0667E-003   3.9875E-003  -1.6480E-002   2.9496E-002   1.6129E-003  -6.2475E-004  -1.9642E-003  -1.0546E-002   3.5142E-002   1.6148E-001  
 1.6175E+000  -1.5337E+000   1.5222E+000   1.8397E-001  -3.1784E+000   5.3002E-001  -3.3199E-002   4.1844E-002  -1.7185E-002  -6.6983E-002   1.0209E-002  -4.6251E-002   7.7646E-002   3.4534E-003  -1.1564E-003   9.2919E-003  -2.0458E-002   1.6891E-002   6.5632E-003  -2.6200E-004  -4.8450E-004  -1.2148E-002   3.2674E-002   1.6565E-001  
 1.2044E+000  -1.6324E+000   1.2649E+000   1.7020E-001  -3.2038E+000   5.9280E-001  -1.6177E-002   3.5049E-002  -2.3999E-002  -2.9945E-002   3.1939E-002  -3.0286E-002   8.2266E-002   2.7130E-003   2.0055E-004   1.2200E-002  -1.7556E-002   8.6398E-003   8.3784E-003  -3.7132E-004   5.6895E-006  -1.5277E-002   2.9019E-002   1.4624E-001  
 8.7748E-001  -1.6987E+000   9.2115E-001   1.4862E-001  -3.1624E+000   6.7465E-001  -7.6092E-003   3.1210E-002  -2.0325E-002  -5.4685E-003   4.6225E-002  -1.6462E-002   9.1805E-002   1.9178E-003   1.1198E-003   1.4328E-002  -1.1485E-002   2.8560E-003   7.9723E-003  -5.1407E-004   1.2782E-004  -1.7930E-002   2.5539E-002   1.1930E-001  
 6.6687E-001  -1.7365E+000   5.2125E-001   1.3169E-001  -3.0747E+000   7.3953E-001  -3.8245E-003   2.9743E-002  -1.0346E-002   8.3328E-003   5.4460E-002  -7.4730E-003   1.0462E-001   9.9673E-004   1.7248E-003   1.5717E-002  -3.6006E-003  -9.3517E-004   6.0562E-003  -5.9079E-004   1.2459E-004  -1.9813E-002   2.2246E-002   1.0504E-001  
 5.9489E-001  -1.7477E+000   9.7843E-002   1.2710E-001  -2.9635E+000   7.6425E-001  -1.9781E-003   3.0219E-002   2.4350E-003   1.2403E-002   5.7327E-002  -4.9242E-003   1.1920E-001   5.6735E-005   2.0420E-003   1.6493E-002   4.5633E-003  -2.7412E-003   3.4118E-003  -6.0950E-004   9.5932E-005  -2.0912E-002   1.9099E-002   1.0932E-001  
 6.6688E-001  -1.7334E+000  -3.2604E-001   1.3696E-001  -2.8510E+000   7.4174E-001   2.7436E-004   3.2586E-002   1.5207E-002   7.1748E-003   5.5434E-002  -9.1150E-003   1.3425E-001  -9.0199E-004   2.0888E-003   1.6419E-002   1.1960E-002  -2.5784E-003   7.3379E-004  -5.7857E-004   7.3172E-005  -2.1241E-002   1.6063E-002   9.8600E-002  
 8.7790E-001  -1.6927E+000  -7.2745E-001   1.5840E-001  -2.7590E+000   6.7895E-001   5.4305E-003   3.7196E-002   2.5139E-002  -7.9760E-003   4.8728E-002  -1.9405E-002   1.4824E-001  -1.8655E-003   1.8911E-003   1.5244E-002   1.7476E-002  -3.6382E-004  -1.3052E-003  -5.3737E-004   1.4229E-004  -2.0747E-002   1.3156E-002   8.6188E-002  
 1.2056E+000  -1.6235E+000  -1.0737E+000   1.8327E-001  -2.7107E+000   5.9892E-001   1.6226E-002   4.4404E-002   2.8850E-002  -3.4271E-002   3.6363E-002  -3.3804E-002   1.5945E-001  -2.7248E-003   1.5948E-003   1.3083E-002   2.0349E-002   4.1529E-003  -2.0971E-003  -6.0290E-004   2.8117E-004  -1.9152E-002   1.1458E-002   9.0944E-002  
 1.6199E+000  -1.5221E+000  -1.3345E+000   1.9927E-001  -2.7265E+000   5.3766E-001   3.6313E-002   5.4938E-002   2.2202E-002  -7.3884E-002   1.6538E-002  -4.9569E-002   1.6621E-001  -3.3612E-003   1.5755E-003   9.8840E-003   2.0047E-002   1.1379E-002  -8.5567E-004  -8.5125E-004   5.4137E-004  -1.6413E-002   1.2631E-002   1.0364E-001  
 2.1242E+000  -1.2843E+000  -1.5352E+000   1.8890E-001  -2.8275E+000   5.4502E-001   7.0100E-002   6.9429E-002  -4.3027E-004  -1.2912E-001  -1.4198E-002  -6.2176E-002   1.6540E-001  -3.5739E-003   2.9998E-003   4.6850E-003   1.4331E-002   2.2698E-002   3.5023E-003  -1.7670E-003   1.2562E-003  -1.4161E-002   1.5206E-002   1.2188E-001  
 2.5813E+000  -1.1184E+000  -1.5121E+000   1.3132E-001  -3.0303E+000   6.8224E-001   1.2263E-001   8.8677E-002  -4.5013E-002  -2.0198E-001  -5.9065E-002  -6.4701E-002   1.5419E-001  -4.3031E-003   6.8873E-003  -2.9166E-003   2.3687E-004   3.8748E-002   1.3067E-002  -3.6134E-003   1.7601E-003  -1.3499E-002   1.7962E-002   1.3359E-001  
 3.0000E+000  -9.0501E-001  -1.2444E+000   5.1235E-003  -3.3494E+000   1.0175E+000   2.0280E-001   1.1456E-001  -1.2084E-001  -2.9785E-001  -1.2132E-001  -5.0025E-002   1.3128E-001  -6.0196E-003   1.2145E-002  -1.2271E-002  -2.3907E-002   5.8194E-002   2.9535E-002  -4.2924E-003   1.8038E-003  -1.3901E-002   2.1095E-002   1.4202E-001  
 3.0410E+000  -1.0932E+000   1.2306E+000  -2.2524E-001  -2.0217E+000   1.1414E+000  -1.1383E-001   6.8524E-002   1.8426E-002  -2.8758E-001  -2.2182E-001  -2.0733E-003   2.0098E-001   1.9131E-002  -4.8815E-002  -5.5214E-002   8.0083E-002   1.0915E-001   1.5087E-003  -8.2962E-003  -6.2401E-003  -1.7797E-002   2.8326E-002   1.9763E-001  
 2.8032E+000  -1.3236E+000   1.4038E+000   4.4230E-002  -2.6045E+000   7.3495E-001  -1.2863E-001   9.5398E-002  -2.9208E-002  -2.4100E-001  -1.0614E-001  -4.7751E-002   1.0321E-001   1.2795E-002  -1.0692E-002  -1.1895E-002   1.0482E-002   6.2696E-002   1.2327E-002  -8.4887E-005  -6.1411E-003  -1.3160E-002   3.7131E-002   1.6444E-001  
 2.4084E+000  -1.5519E+000   1.4830E+000   1.3660E-001  -2.9250E+000   5.9928E-001  -7.7089E-002   7.5133E-002  -5.9224E-002  -1.4841E-001  -5.3402E-002  -4.5289E-002   7.9152E-002   9.4291E-003  -3.8762E-003   1.2280E-003  -7.6283E-003   3.8126E-002   1.8090E-002   7.7667E-004  -3.7722E-003  -1.0786E-002   3.6923E-002   1.5241E-001  
 2.0074E+000  -1.7214E+000   1.4013E+000   1.7598E-001  -3.1076E+000   5.9348E-001  -4.3456E-002   6.0008E-002  -6.7964E-002  -7.7789E-002  -1.6160E-002  -3.2239E-002   7.1039E-002   5.9139E-003  -2.0724E-004   1.0393E-002  -1.4892E-002   2.0010E-002   1.8862E-002   4.3652E-004  -1.1055E-003  -1.0345E-002   3.5621E-002   1.5446E-001  
 1.6273E+000  -1.8861E+000   1.1664E+000   1.8351E-001  -3.1743E+000   6.5630E-001  -2.3075E-002   4.9548E-002  -6.1295E-002  -2.6717E-002   9.1382E-003  -1.6203E-002   7.4887E-002   3.6099E-003   1.2720E-003   1.6170E-002  -1.4562E-002   7.8091E-003   1.6837E-002  -3.5702E-004   5.4886E-005  -1.1696E-002   3.3226E-002   1.5992E-001  
 1.3383E+000  -1.9805E+000   8.5887E-001   1.7691E-001  -3.1530E+000   7.3792E-001  -1.1266E-002   4.2844E-002  -4.4251E-002   7.5754E-003   2.5318E-002  -2.3667E-003   8.6857E-002   2.2441E-003   2.1497E-003   1.9036E-002  -9.5129E-003  -6.4561E-005   1.3516E-002  -7.3244E-004   2.1434E-004  -1.4181E-002   2.9813E-002   1.4248E-001  
 1.1518E+000  -2.0348E+000   4.9183E-001   1.6924E-001  -3.0715E+000   8.0255E-001  -4.7299E-003   3.9785E-002  -2.1338E-002   2.6905E-002   3.4823E-002   6.4984E-003   1.0341E-001   1.0280E-003   2.6846E-003   2.0557E-002  -2.5986E-003  -4.8779E-003   8.9412E-003  -8.1051E-004   1.6619E-004  -1.6230E-002   2.6407E-002   1.3778E-001  
 1.0888E+000  -2.0515E+000   9.9276E-002   1.6796E-001  -2.9595E+000   8.2722E-001  -4.4849E-004   4.0032E-002   4.0306E-003   3.2551E-002   3.8426E-002   8.8536E-003   1.2201E-001  -1.4523E-004   2.9015E-003   2.0850E-002   4.6080E-003  -6.8491E-003   3.7390E-003  -7.2149E-004   2.1037E-005  -1.7544E-002   2.3116E-002   1.4261E-001  
 1.1541E+000  -2.0322E+000  -2.9383E-001   1.7519E-001  -2.8460E+000   8.0489E-001   4.3736E-003   4.3391E-002   2.9403E-002   2.5128E-002   3.6656E-002   4.4494E-003   1.4070E-001  -1.2343E-003   2.8399E-003   1.9895E-002   1.0856E-002  -6.0532E-003  -1.4269E-003  -5.0044E-004  -8.7756E-005  -1.8042E-002   1.9917E-002   1.3039E-001  
 1.3431E+000  -1.9752E+000  -6.6247E-001   1.8816E-001  -2.7601E+000   7.4247E-001   1.2488E-002   5.0163E-002   5.2369E-002   3.8102E-003   2.9224E-002  -5.9630E-003   1.5754E-001  -2.1636E-003   2.5804E-003   1.7710E-002   1.5293E-002  -2.4060E-003  -6.0543E-003  -1.9298E-004  -5.9056E-005  -1.7547E-002   1.7102E-002   1.1878E-001  
 1.6350E+000  -1.8784E+000  -9.7267E-001   1.9902E-001  -2.7318E+000   6.6278E-001   2.6915E-002   6.0870E-002   6.9641E-002  -3.2875E-002   1.5268E-002  -2.0495E-002   1.7014E-001  -2.6956E-003   2.2928E-003   1.4279E-002   1.7044E-002   4.3152E-003  -9.4917E-003   1.5814E-004   1.1913E-004  -1.6001E-002   1.5503E-002   1.2368E-001  
 2.0535E+000  -1.6954E+000  -1.2457E+000   1.9503E-001  -2.7883E+000   6.0160E-001   5.1177E-002   7.5980E-002   7.7041E-002  -8.7268E-002  -7.6591E-003  -3.6300E-002   1.7534E-001  -2.2572E-003   2.5041E-003   8.6907E-003   1.4651E-002   1.5006E-002  -1.1487E-002   5.5110E-004   7.7901E-004  -1.4542E-002   1.5054E-002   1.2350E-001  
 2.4543E+000  -1.5089E+000  -1.3728E+000   1.5955E-001  -2.9569E+000   6.0842E-001   9.0235E-002   9.6784E-002   6.9674E-002  -1.6266E-001  -4.2285E-002  -4.8662E-002   1.7004E-001  -9.1232E-004   4.6133E-003   5.6920E-004   6.2858E-003   3.0938E-002  -1.0560E-002   1.3645E-004   2.2370E-003  -1.3627E-002   1.5991E-002   1.2158E-001  
 2.8494E+000  -1.2719E+000  -1.2966E+000   7.3810E-002  -3.2579E+000   7.4355E-001   1.5010E-001   1.2480E-001   4.1783E-002  -2.6272E-001  -9.1177E-002  -5.1130E-002   1.5175E-001  -8.3529E-005   9.1908E-003  -9.9268E-003  -9.8502E-003   5.1964E-002  -4.5527E-003  -1.3767E-003   3.0271E-003  -1.3436E-002   1.8393E-002   1.2800E-001  
 3.1276E+000  -1.0080E+000  -1.0518E+000  -1.5391E-001  -3.7864E+000   1.1130E+000   1.7681E-001   1.2528E-001  -2.0606E-002  -3.4476E-001  -1.8326E-001  -1.5863E-002   8.2006E-002   1.2833E-002   2.9617E-002  -3.5297E-002  -5.9235E-002   8.6219E-002   8.3462E-003  -2.1556E-003   8.3306E-003  -1.7452E-002   1.7129E-002   1.1168E-001  
 2.4211E+000  -1.8131E+000   1.2274E+000   1.3607E-001  -2.9208E+000   5.8707E-001  -5.8648E-002   9.0396E-002  -1.3885E-001  -7.3691E-002  -5.4554E-002  -2.0648E-002   7.6509E-002   9.8506E-003   3.1565E-003   4.0504E-003  -5.6426E-003   2.0230E-002   3.7529E-002   2.4951E-003  -8.9922E-004  -1.0545E-002   3.7268E-002   1.4459E-001  
 2.1218E+000  -1.9823E+000   1.0735E+000   1.7080E-001  -3.0565E+000   6.4941E-001  -3.3449E-002   7.5681E-002  -1.1344E-001  -7.6356E-003  -2.4614E-002  -4.2584E-003   7.6004E-002   5.0044E-003   4.1683E-003   1.3406E-002  -8.8953E-003   3.7563E-003   3.0000E-002   5.4691E-004   8.5192E-004  -9.9253E-003   3.6028E-002   1.5642E-001  
 1.8597E+000  -2.1346E+000   7.8237E-001   1.8361E-001  -3.0839E+000   7.3039E-001  -1.7265E-002   6.5943E-002  -7.8048E-002   3.7045E-002  -5.2607E-003   9.9218E-003   8.6964E-002   2.2693E-003   4.4225E-003   1.8534E-002  -6.5260E-003  -6.7130E-003   2.1801E-002  -6.6893E-004   1.1846E-003  -1.0997E-002   3.3613E-002   1.4555E-001  
 1.6979E+000  -2.2131E+000   4.5032E-001   1.8788E-001  -3.0377E+000   7.9468E-001  -6.7346E-003   6.1372E-002  -3.7120E-002   6.2571E-002   6.2792E-003   1.9171E-002   1.0434E-001   5.1453E-004   4.0571E-003   2.1132E-002  -1.5543E-003  -1.2549E-002   1.2727E-002  -1.2649E-003   5.9001E-004  -1.2216E-002   3.0826E-002   1.5364E-001  
 1.6454E+000  -2.2363E+000   1.0050E-001   1.9062E-001  -2.9539E+000   8.1927E-001   1.3933E-003   6.1370E-002   6.2373E-003   7.0037E-002   1.0795E-002   2.1526E-002   1.2469E-001  -7.4229E-004   3.7149E-003   2.1350E-002   4.1212E-003  -1.4574E-002   3.6896E-003  -1.1016E-003  -1.4679E-006  -1.3378E-002   2.7829E-002   1.6695E-001  
 1.7026E+000  -2.2109E+000  -2.4989E-001   1.9430E-001  -2.8686E+000   7.9719E-001   1.0119E-002   6.5849E-002   4.9649E-002   6.0128E-002   8.8781E-003   1.6810E-002   1.4488E-001  -1.8019E-003   3.0811E-003   1.9570E-002   8.8984E-003  -1.3117E-002  -5.2216E-003  -7.0257E-004  -5.1772E-004  -1.3952E-002   2.4791E-002   1.6812E-001  
 1.8731E+000  -2.1368E+000  -5.6872E-001   1.9607E-001  -2.8179E+000   7.3526E-001   2.2530E-002   7.5100E-002   9.0901E-002   3.1892E-002  -2.1190E-005   5.7568E-003   1.6203E-001  -2.3337E-003   2.0899E-003   1.5804E-002   1.1730E-002  -8.0533E-003  -1.3861E-002   1.1144E-004  -9.7605E-004  -1.3998E-002   2.1881E-002   1.4670E-001  
 2.1702E+000  -2.0077E+000  -8.5324E-001   1.8856E-001  -2.8378E+000   6.5635E-001   4.1966E-002   8.9852E-002   1.2690E-001  -1.6086E-002  -1.6685E-002  -9.3492E-003   1.7300E-001  -1.8711E-003   1.3345E-003   1.0163E-002   1.1505E-002   1.1117E-003  -2.1488E-002   1.2616E-003  -8.8485E-004  -1.3502E-002   1.9704E-002   1.2905E-001  
 2.4764E+000  -1.8207E+000  -1.0527E+000   1.5938E-001  -2.9620E+000   5.9586E-001   7.2195E-002   1.1067E-001   1.5391E-001  -8.6522E-002  -4.3496E-002  -2.5543E-002   1.7396E-001   1.3424E-004   1.3635E-003   1.6916E-003   6.5148E-003   1.5431E-002  -2.7851E-002   2.4866E-003   4.5676E-005  -1.3392E-002   1.8232E-002   1.3685E-001  
 2.8264E+000  -1.7442E+000   1.0022E+000   4.2661E-002  -2.5958E+000   4.4892E-001  -7.9125E-002   1.3737E-001  -2.3191E-001  -4.8819E-002  -1.0865E-001  -1.9425E-002   9.8487E-002   1.3722E-002   1.0293E-002  -1.3537E-002   7.8986E-003   1.5041E-002   6.3236E-002   4.1415E-003   9.4115E-004  -1.2987E-002   3.7595E-002   1.3917E-001  
 2.5934E+000  -1.9662E+000   9.1410E-001   1.0910E-001  -2.8326E+000   5.0958E-001  -4.7445E-002   1.1757E-001  -1.8111E-001   3.3232E-002  -7.3271E-002  -2.6922E-003   8.9850E-002   6.0196E-003   1.0883E-002  -5.9257E-004   3.8337E-004  -5.9404E-003   4.9500E-002   1.8897E-003   3.3711E-003  -1.1412E-002   3.6871E-002   1.8373E-001  
 2.4063E+000  -2.1280E+000   7.2926E-001   1.4590E-001  -2.9432E+000   5.8962E-001  -2.5723E-002   1.0512E-001  -1.2222E-001   8.9055E-002  -4.9363E-002   1.2652E-002   9.4847E-002   8.8666E-004   9.1107E-003   8.1188E-003  -1.3816E-003  -1.9358E-002   3.4175E-002  -8.1402E-004   3.5544E-003  -1.0575E-002   3.5579E-002   1.5230E-001  
 2.2876E+000  -2.2244E+000   4.7374E-001   1.6451E-001  -2.9672E+000   6.5324E-001  -9.7366E-003   9.9021E-002  -5.7543E-002   1.2129E-001  -3.5117E-002   2.2646E-002   1.0902E-001  -1.8778E-003   6.7996E-003   1.2667E-002   4.5215E-004  -2.6517E-002   1.8718E-002  -2.3144E-003   2.1518E-003  -1.0637E-002   3.3590E-002   1.4399E-001  
 2.2534E+000  -2.2709E+000   1.7071E-001   1.7220E-001  -2.9467E+000   6.7765E-001   3.6490E-003   9.8874E-002   9.4488E-003   1.3070E-001  -2.9527E-002   2.5204E-002   1.2730E-001  -3.3778E-003   4.6145E-003   1.3435E-002   3.5263E-003  -2.8737E-002   3.7903E-003  -2.5684E-003   5.3759E-004  -1.1151E-002   3.1100E-002   1.5460E-001  
 2.3071E+000  -2.2448E+000  -1.3486E-001   1.7161E-001  -2.9246E+000   6.5605E-001   1.7794E-002   1.0475E-001   7.6631E-002   1.1809E-001  -3.1870E-002   2.0198E-002   1.4542E-001  -4.0557E-003   2.2779E-003   1.1074E-002   6.0213E-003  -2.6521E-002  -1.0751E-002  -1.9485E-003  -1.0956E-003  -1.1767E-002   2.8340E-002   1.6648E-001  
 2.4435E+000  -2.1665E+000  -4.3188E-001   1.6006E-001  -2.9438E+000   5.9524E-001   3.6100E-002   1.1702E-001   1.4198E-001   8.2393E-002  -4.2647E-002   8.4190E-003   1.5933E-001  -3.5975E-003  -3.9985E-004   5.5907E-003   6.4473E-003  -1.9770E-002  -2.5129E-002  -3.5462E-004  -2.5953E-003  -1.2355E-002   2.5556E-002   1.7797E-001  
 2.6450E+000  -2.0176E+000  -6.7669E-001   1.3085E-001  -3.0453E+000   5.1796E-001   6.2203E-002   1.3662E-001   2.0251E-001   2.2267E-002  -6.2682E-002  -7.4692E-003   1.6502E-001  -1.4713E-003  -2.5625E-003  -2.4982E-003   3.4422E-003  -7.8121E-003  -3.8586E-002   1.8363E-003  -3.0870E-003  -1.2792E-002   2.3304E-002   1.7956E-001  
 2.8893E+000  -1.7836E+000  -8.1004E-001   7.3061E-002  -3.2681E+000   4.5958E-001   1.0068E-001   1.6492E-001   2.5614E-001  -6.5622E-002  -9.3736E-002  -2.4007E-002   1.5892E-001   2.2382E-003  -2.8092E-003  -1.3510E-002  -4.4164E-003   1.0302E-002  -4.9949E-002   3.3817E-003  -2.0553E-003  -1.3325E-002   2.1617E-002   1.5260E-001  
 3.0274E+000  -1.6477E+000   8.1557E-001  -2.5036E-001  -1.9613E+000   1.2993E-002  -4.3870E-002   9.7675E-002  -2.4005E-001  -3.7228E-003  -2.3062E-001  -7.4236E-002   2.0225E-001   3.5761E-002   6.8231E-002  -8.7874E-002   5.1584E-002   2.3028E-003   1.1346E-001   1.5096E-002   1.3411E-002  -1.7743E-002   2.7901E-002   1.5965E-001  
 3.0105E+000  -1.7405E+000   6.9596E-001  -3.5891E-002  -2.4775E+000   1.5690E-001  -6.1156E-002   1.7077E-001  -2.5874E-001   9.9517E-002  -1.4497E-001  -2.6659E-002   1.2539E-001   4.3177E-003   2.8074E-002  -3.1882E-002   1.4760E-002  -2.5319E-002   7.9837E-002   2.6696E-003   9.8634E-003  -1.3944E-002   3.6949E-002   1.9347E-001  
 2.8844E+000  -1.9409E+000   5.8759E-001   3.7893E-002  -2.7190E+000   2.4392E-001  -3.6743E-002   1.6655E-001  -1.7816E-001   1.7177E-001  -1.1173E-001  -3.8149E-003   1.1334E-001  -2.9046E-003   1.7122E-002  -1.5905E-002   6.3818E-003  -3.9928E-002   5.1365E-002  -1.3409E-003   6.6550E-003  -1.2766E-002   3.6260E-002   1.8307E-001  
 2.7981E+000  -2.0655E+000   3.9480E-001   7.2468E-002  -2.8537E+000   3.0565E-001  -1.3543E-002   1.5811E-001  -8.2582E-002   2.1054E-001  -9.4786E-002   6.3750E-003   1.1938E-001  -7.6832E-003   1.2048E-002  -9.9308E-003   4.0848E-003  -4.9432E-002   2.7979E-002  -3.9424E-003   5.1184E-003  -1.2410E-002   3.4468E-002   1.7003E-001  
 2.7749E+000  -2.1161E+000   1.5877E-001   8.5973E-002  -2.9374E+000   3.2980E-001   6.7455E-003   1.5802E-001   1.4436E-002   2.2195E-001  -8.7913E-002   9.2415E-003   1.3043E-001  -9.7800E-003   6.3571E-003  -8.3535E-003   3.3505E-003  -5.2242E-002   4.8907E-003  -4.9602E-003   2.1297E-003  -1.2504E-002   3.2329E-002   1.6823E-001  
 2.8182E+000  -2.0914E+000  -8.5985E-002   8.1252E-002  -3.0191E+000   3.0954E-001   2.7991E-002   1.6616E-001   1.1184E-001   2.0675E-001  -9.0502E-002   4.5842E-003   1.4153E-001  -9.6510E-003   6.5117E-004  -1.0560E-002   2.3606E-003  -4.9008E-002  -1.7587E-002  -4.1621E-003  -1.0798E-003  -1.2660E-002   3.0128E-002   1.7401E-001  
 2.9238E+000  -1.9827E+000  -3.1026E-001   5.6061E-002  -3.1475E+000   2.5171E-001   5.4380E-002   1.8329E-001   2.0878E-001   1.6366E-001  -1.0287E-001  -6.7361E-003   1.4806E-001  -7.3790E-003  -4.4379E-003  -1.6254E-002  -3.2319E-004  -3.9797E-002  -3.9123E-002  -1.9453E-003  -3.5083E-003  -1.2867E-002   2.8122E-002   1.6880E-001  
 3.0764E+000  -1.7705E+000  -4.6339E-001   3.3349E-003  -3.3688E+000   1.7743E-001   8.9454E-002   2.0902E-001   3.0117E-001   8.9956E-002  -1.2639E-001  -2.3154E-002   1.4470E-001  -3.4067E-003  -9.3277E-003  -2.5940E-002  -6.5416E-003  -2.4796E-002  -5.9449E-002   9.5223E-004  -5.5212E-003  -1.3440E-002   2.6780E-002   1.8330E-001  
 3.1730E+000  -1.5857E+000  -5.5084E-001  -1.6439E-001  -3.8076E+000   8.1958E-002   9.9546E-002   1.7550E-001   3.3907E-001  -1.0691E-002  -1.9075E-001  -6.5705E-002   8.9102E-002   1.6104E-002  -2.0956E-002  -6.6902E-002  -2.9391E-002  -4.0521E-003  -8.7566E-002   5.7565E-003  -1.0295E-003  -1.7448E-002   2.0467E-002   1.6496E-001  
