 2.1375E+000   2.5209E+000   3.5684E+000  -6.9082E-001  -1.6065E+000  -7.9924E-001   3.8727E-001   4.0435E-001   3.6947E-001  -3.2557E-001  -4.3486E-001  -6.9677E-003  -9.9380E-001   7.2205E-002  -1.4900E-001   1.9369E-001   9.2336E-002   9.7376E-002   7.5023E-002  -4.4089E-002   1.1981E-002  -1.2227E-002   1.7067E-001   1.0136E+000  
 2.6968E+000   1.7356E+000   3.0104E+000  -4.1796E-002  -5.8191E-001  -4.4501E-001   8.8761E-002  -8.7470E-002   5.9073E-002  -3.2177E-001  -1.8089E-001   1.3489E-001  -6.6625E-001  -3.3960E-002  -2.5349E-002   3.3875E-002  -4.1153E-002   1.3361E-001  -4.4041E-002  -2.0982E-002   1.5208E-002  -8.9281E-003   1.9194E-001   8.2969E-001  
 2.6741E+000   1.5863E+000   2.8053E+000   5.2203E-002  -3.0325E-001  -3.3636E-001   8.6025E-002  -1.4281E-001   1.2382E-001  -3.5455E-001  -1.2062E-001   1.7669E-001  -6.3616E-001  -3.7189E-002   1.2135E-002   1.3575E-002  -5.4940E-002   1.2523E-001  -9.8125E-002  -9.1935E-003   9.6152E-003  -9.6648E-003   1.8898E-001   8.3996E-001  
 2.6648E+000   1.3990E+000   2.5438E+000   7.6784E-002  -1.6149E-001  -2.7200E-001   1.0133E-001  -1.6350E-001   2.3108E-001  -3.4906E-001  -8.9594E-002   1.9051E-001  -6.4357E-001  -3.1402E-002   2.5704E-002   1.6533E-002  -5.6417E-002   1.1134E-001  -1.3154E-001  -3.0688E-003   1.0569E-002  -1.2762E-002   1.8585E-001   8.0183E-001  
 2.7155E+000   1.1329E+000   2.2436E+000   7.9003E-002  -7.5693E-002  -2.4442E-001   1.1870E-001  -1.9080E-001   3.4259E-001  -3.1666E-001  -6.9885E-002   1.9657E-001  -6.5615E-001  -2.0966E-002   3.6429E-002   2.4497E-002  -5.6010E-002   8.9208E-002  -1.6106E-001   1.7809E-003   9.2302E-003  -1.6438E-002   1.8006E-001   8.1113E-001  
 2.8318E+000   7.8720E-001   1.9370E+000   6.3786E-002   3.7892E-003  -2.6040E-001   1.4121E-001  -2.2619E-001   4.5676E-001  -2.5710E-001  -6.0002E-002   1.9510E-001  -6.6779E-001  -7.4449E-003   4.3516E-002   3.5580E-002  -5.6483E-002   6.0904E-002  -1.8663E-001   5.1089E-003   7.1018E-003  -1.9732E-002   1.7185E-001   7.9932E-001  
 3.0121E+000   3.5663E-001   1.6586E+000   3.0929E-002   1.2472E-001  -3.1305E-001   1.7276E-001  -2.7176E-001   5.7313E-001  -1.6810E-001  -5.9459E-002   1.8726E-001  -6.7539E-001   7.8933E-003   4.6556E-002   4.8592E-002  -5.7905E-002   2.7766E-002  -2.0788E-001   7.2279E-003   4.6308E-003  -2.2141E-002   1.6198E-001   7.9408E-001  
 3.2804E+000  -2.1246E-001   1.4736E+000   2.0346E-002   2.9219E-001  -3.4497E-001   2.3804E-001  -3.7566E-001   7.2822E-001  -6.0605E-002  -5.0349E-002   2.0117E-001  -7.0410E-001   2.1282E-002   1.8603E-002   4.3984E-002  -5.2740E-002  -1.5738E-002  -2.0365E-001   1.5000E-002   1.3933E-002  -2.2675E-002   1.5205E-001   7.6982E-001  
 4.1720E+000  -1.5835E+000   1.8361E+000   4.6344E-001   2.2380E-002  -7.8179E-002   5.9453E-001  -9.2097E-001   1.2343E+000   1.2776E-001   1.0527E-001   3.2106E-001  -9.7428E-001  -5.2727E-002  -1.0311E-001  -7.5348E-002   3.5133E-002  -4.0291E-002  -1.3075E-001   3.5791E-002   1.5292E-002  -2.4650E-002   1.1983E-001   6.4141E-001  
 2.4875E+000   2.1045E+000   3.0608E+000   7.2996E-002  -4.4275E-001  -1.3262E-001   5.1534E-002  -5.6647E-002   2.6085E-003  -2.1454E-001  -1.4340E-001   1.6158E-001  -6.2777E-001  -2.8599E-002  -8.5181E-003  -9.6438E-003  -4.7810E-002   1.0799E-001  -4.7183E-002  -1.4282E-002  -3.9794E-003  -3.8021E-003   1.9389E-001   8.9319E-001  
 2.3297E+000   2.0275E+000   2.9038E+000   1.3716E-001  -1.8965E-001  -7.4325E-002   6.4471E-002  -6.6780E-002   6.2257E-002  -2.4855E-001  -9.1964E-002   1.8153E-001  -6.2069E-001  -3.2541E-002   1.2398E-003  -1.8232E-002  -5.6392E-002   1.1236E-001  -7.4565E-002  -1.0899E-002   2.4230E-003  -2.2746E-003   1.9665E-001   9.0400E-001  
 2.2109E+000   1.8801E+000   2.6420E+000   1.6441E-001  -6.9352E-002   4.9409E-003   7.4994E-002  -7.9749E-002   1.3266E-001  -2.5904E-001  -5.5437E-002   1.9969E-001  -6.3076E-001  -3.0565E-002   1.3065E-002  -1.7936E-002  -5.5803E-002   1.0451E-001  -1.0206E-001  -5.4806E-003   5.0013E-003  -4.7158E-003   1.9677E-001   8.7546E-001  
 2.1560E+000   1.6655E+000   2.3077E+000   1.7004E-001  -3.9718E-002   6.8405E-002   8.5009E-002  -9.6427E-002   2.1112E-001  -2.4585E-001  -3.0964E-002   2.1087E-001  -6.4980E-001  -2.3251E-002   2.3262E-002  -1.0129E-002  -5.1471E-002   8.7380E-002  -1.2703E-001  -1.5378E-003   4.7293E-003  -1.0456E-002   1.9363E-001   8.4047E-001  
 2.1817E+000   1.3887E+000   1.9367E+000   1.6410E-001  -5.7199E-002   9.3037E-002   9.5835E-002  -1.1746E-001   2.9262E-001  -2.0921E-001  -1.6791E-002   2.1343E-001  -6.7024E-001  -1.3136E-002   3.0351E-002   2.1055E-003  -4.7416E-002   6.4284E-002  -1.4907E-001   9.1522E-004   3.9809E-003  -1.6994E-002   1.8783E-001   8.2690E-001  
 2.2939E+000   1.0496E+000   1.5590E+000   1.5024E-001  -7.8707E-002   7.2453E-002   1.1031E-001  -1.4449E-001   3.7467E-001  -1.5001E-001  -1.0878E-002   2.0846E-001  -6.8763E-001  -1.0707E-003   3.4713E-002   1.6843E-002  -4.5300E-002   3.6366E-002  -1.6831E-001   2.4429E-003   2.7196E-003  -2.2972E-002   1.7969E-001   8.3378E-001  
 2.4899E+000   6.4397E-001   1.2051E+000   1.2724E-001  -6.2003E-002   1.3936E-002   1.3152E-001  -1.7955E-001   4.5595E-001  -6.7389E-002  -1.2225E-002   1.9796E-001  -6.9882E-001   1.2455E-002   3.5774E-002   3.2433E-002  -4.5867E-002   4.2033E-003  -1.8461E-001   3.6663E-003   1.8652E-003  -2.7126E-002   1.7016E-001   8.2759E-001  
 2.7535E+000   1.7148E-001   9.1533E-001   9.1171E-002   3.2201E-002  -6.0112E-002   1.6380E-001  -2.2399E-001   5.3426E-001   4.0654E-002  -2.1406E-002   1.8423E-001  -7.0243E-001   2.6105E-002   3.3288E-002   4.6831E-002  -4.8365E-002  -3.0860E-002  -1.9685E-001   5.2641E-003   8.4474E-004  -2.7936E-002   1.5998E-001   8.1314E-001  
 3.0647E+000  -3.7806E-001   7.2955E-001   3.4482E-002   2.4044E-001  -1.1520E-001   2.1272E-001  -2.8072E-001   6.0766E-001   1.7969E-001  -3.9498E-002   1.6930E-001  -6.9774E-001   3.9319E-002   2.7848E-002   5.9698E-002  -5.1641E-002  -6.8347E-002  -2.0508E-001   6.5457E-003  -7.6044E-004  -2.5787E-002   1.5028E-001   7.9628E-001  
 2.1278E+000   2.2719E+000   2.9911E+000   1.7354E-001  -1.0406E-001   5.5228E-003   4.5458E-002  -1.7820E-002   4.4651E-002  -1.7475E-001  -7.9401E-002   1.6572E-001  -6.0902E-001  -2.8751E-002  -7.0931E-003  -3.7460E-002  -5.9164E-002   1.0482E-001  -5.8778E-002  -8.3370E-003  -4.9842E-003   3.7170E-003   2.0092E-001   9.4464E-001  
 1.8914E+000   2.1431E+000   2.7675E+000   2.0095E-001   4.2428E-002   6.4428E-002   5.7053E-002  -2.5961E-002   8.2382E-002  -1.9507E-001  -3.7434E-002   1.8514E-001  -6.1688E-001  -2.9407E-002   1.7344E-003  -3.9409E-002  -5.9569E-002   1.0248E-001  -7.8160E-002  -4.9919E-003  -4.5907E-004   2.8730E-003   2.0368E-001   9.2998E-001  
 1.7101E+000   1.9575E+000   2.4444E+000   2.0248E-001   7.6679E-002   1.4306E-001   6.4911E-002  -3.5921E-002   1.3215E-001  -1.9471E-001  -9.3147E-003   2.0136E-001  -6.3777E-001  -2.4883E-002   9.9431E-003  -3.3230E-002  -5.1970E-002   9.0217E-002  -9.6476E-002  -2.4259E-003   1.6597E-003  -3.3447E-003   2.0360E-001   9.0543E-001  
 1.6120E+000   1.7164E+000   2.0517E+000   1.9489E-001   3.5717E-002   2.0617E-001   7.0217E-002  -5.0429E-002   1.8777E-001  -1.7410E-001   9.4869E-003   2.1137E-001  -6.6245E-001  -1.7485E-002   1.7330E-002  -2.3406E-002  -4.3290E-002   7.0621E-002  -1.1478E-001  -3.0484E-004   1.4338E-003  -1.0864E-002   2.0096E-001   8.6592E-001  
 1.6153E+000   1.4272E+000   1.6254E+000   1.8542E-001  -4.4576E-002   2.3034E-001   7.6004E-002  -6.9016E-002   2.4573E-001  -1.3462E-001   2.0236E-002   2.1312E-001  -6.8616E-001  -7.9671E-003   2.2177E-002  -1.0418E-002  -3.6343E-002   4.5849E-002  -1.3111E-001   1.8490E-004   8.0526E-004  -1.8791E-002   1.9546E-001   8.5416E-001  
 1.7256E+000   1.0900E+000   1.1928E+000   1.7691E-001  -1.2782E-001   2.0844E-001   8.4599E-002  -9.2057E-002   3.0329E-001  -7.6992E-002   2.4188E-002   2.0767E-001  -7.0529E-001   2.6578E-003   2.4464E-002   4.0821E-003  -3.2652E-002   1.7430E-002  -1.4553E-001   4.1134E-004   7.4788E-004  -2.5606E-002   1.8775E-001   8.6378E-001  
 1.9389E+000   7.0182E-001   7.8144E-001   1.6712E-001  -1.7840E-001   1.4723E-001   9.8879E-002  -1.2041E-001   3.5860E-001  -4.1258E-004   2.1636E-002   1.9664E-001  -7.1793E-001   1.3961E-002   2.4162E-002   1.9108E-002  -3.2332E-002  -1.3903E-002  -1.5766E-001   1.2739E-003   6.0708E-004  -3.0263E-002   1.7853E-001   8.5603E-001  
 2.2361E+000   2.6483E-001   4.2896E-001   1.4912E-001  -1.6026E-001   6.9114E-002   1.2136E-001  -1.5437E-001   4.0810E-001   9.6024E-002   1.1577E-002   1.8160E-001  -7.2207E-001   2.5898E-002   2.1660E-002   3.4698E-002  -3.5004E-002  -4.7424E-002  -1.6767E-001   1.9803E-003  -1.9482E-004  -3.2526E-002   1.6924E-001   8.5567E-001  
 2.5932E+000  -2.2992E-001   1.7158E-001   1.1447E-001  -4.2575E-002   1.0153E-002   1.5701E-001  -1.9724E-001   4.5052E-001   2.1627E-001  -6.4021E-003   1.6554E-001  -7.1802E-001   3.7323E-002   1.5479E-002   4.9051E-002  -3.8843E-002  -8.3258E-002  -1.7336E-001   3.7706E-003  -1.0521E-003  -3.0911E-002   1.6056E-001   8.3568E-001  
 1.8757E+000   3.0779E+000   3.7549E+000  -8.3105E-001  -1.7593E+000   9.7008E-001   6.1865E-001   4.2285E-001   1.3969E-001  -5.7225E-001  -5.0406E-001   3.7027E-001  -1.0601E+000   9.3473E-002   1.7100E-001   1.1895E-001   2.2166E-001  -6.4308E-002  -4.2302E-002   2.3946E-002  -5.0437E-002  -1.0485E-002   1.5389E-001   8.8930E-001  
 2.4319E+000   2.4654E+000   2.9833E+000   7.6793E-002  -4.4647E-001   1.7125E-001  -7.0079E-004   2.5263E-002   8.0696E-002  -9.2904E-002  -1.5334E-001   1.4061E-001  -6.2936E-001  -2.1032E-002  -1.3506E-002  -3.3375E-002  -3.2445E-002   8.6741E-002  -4.5459E-002   1.4725E-003  -1.5520E-002  -1.6859E-003   1.9441E-001   9.2964E-001  
 2.1036E+000   2.3944E+000   3.0108E+000   1.7681E-001  -1.0495E-001   2.3939E-002   2.2331E-002   1.7302E-002   6.4009E-002  -1.3313E-001  -8.3084E-002   1.4058E-001  -6.0882E-001  -2.4852E-002  -1.4393E-002  -4.5347E-002  -5.7437E-002   1.0253E-001  -4.9045E-002  -1.9083E-003  -1.0181E-002   5.6997E-003   2.0150E-001   9.5654E-001  
 1.7610E+000   2.2681E+000   2.8648E+000   2.1175E-001   8.9412E-002   1.2076E-002   3.9851E-002   1.0870E-002   6.8674E-002  -1.5734E-001  -3.3919E-002   1.5595E-001  -6.1137E-001  -2.6516E-002  -9.6864E-003  -4.8451E-002  -6.2766E-002   1.0487E-001  -5.8431E-002  -2.7152E-003  -4.1522E-003   6.8921E-003   2.0635E-001   9.5780E-001  
 1.4534E+000   2.0916E+000   2.5869E+000   2.1057E-001   1.6421E-001   7.0984E-002   4.9498E-002   2.7029E-003   8.9327E-002  -1.6401E-001   4.6463E-004   1.7544E-001  -6.2781E-001  -2.4421E-002  -2.3462E-003  -4.5148E-002  -5.6546E-002   9.6511E-002  -7.0375E-002  -1.9574E-003  -9.2337E-004   2.2396E-003   2.0871E-001   9.4716E-001  
 1.2162E+000   1.8696E+000   2.2140E+000   1.9389E-001   1.4915E-001   1.5009E-001   5.4081E-002  -7.7855E-003   1.2088E-001  -1.5358E-001   2.3383E-002   1.9208E-001  -6.5188E-001  -1.9382E-002   4.9793E-003  -3.7058E-002  -4.4908E-002   8.0250E-002  -8.3314E-002  -6.2721E-004  -3.8737E-005  -6.3823E-003   2.0871E-001   9.1306E-001  
 1.0782E+000   1.6049E+000   1.7759E+000   1.7634E-001   7.2674E-002   2.1299E-001   5.5872E-002  -2.1216E-002   1.5920E-001  -1.2619E-001   3.7736E-002   2.0163E-001  -6.7793E-001  -1.2551E-002   1.0189E-002  -2.6701E-002  -3.3360E-002   5.8619E-002  -9.6583E-002  -3.2773E-004   2.5016E-004  -1.4805E-002   2.0688E-001   8.7863E-001  
 1.0600E+000   1.3038E+000   1.3071E+000   1.6619E-001  -3.5318E-002   2.3690E-001   5.7860E-002  -3.7629E-002   1.9914E-001  -8.3593E-002   4.5016E-002   2.0332E-001  -7.0079E-001  -4.8845E-003   1.3544E-002  -1.5953E-002  -2.4980E-002   3.2546E-002  -1.0918E-001  -5.1179E-005   3.2173E-004  -2.0952E-002   2.0230E-001   8.8730E-001  
 1.1674E+000   9.6712E-001   8.3306E-001   1.6430E-001  -1.4589E-001   2.1434E-001   6.2106E-002  -5.7351E-002   2.3811E-001  -2.7081E-002   4.6769E-002   1.9800E-001  -7.1884E-001   3.6032E-003   1.4838E-002  -4.0582E-003  -1.9809E-002   3.6337E-003  -1.2007E-001   1.6909E-004   2.2021E-004  -2.5994E-002   1.9540E-001   8.8529E-001  
 1.3964E+000   5.9317E-001   3.7861E-001   1.6698E-001  -2.3005E-001   1.5188E-001   7.1262E-002  -8.1084E-002   2.7377E-001   4.3559E-002   4.3554E-002   1.8707E-001  -7.3021E-001   1.2948E-002   1.3982E-002   9.6962E-003  -1.8735E-002  -2.7055E-002  -1.2930E-001   2.9453E-004   2.4389E-006  -3.0797E-002   1.8694E-001   8.8378E-001  
 1.7256E+000   1.8397E-001  -2.0040E-002   1.6772E-001  -2.5799E-001   7.2595E-002   8.7426E-002  -1.0921E-001   3.0351E-001   1.2903E-001   3.4323E-002   1.7250E-001  -7.3472E-001   2.2655E-002   1.0442E-002   2.3952E-002  -2.0493E-002  -5.9382E-002  -1.3640E-001   8.8640E-004  -3.4875E-004  -3.3595E-002   1.7879E-001   8.8127E-001  
 2.1275E+000  -2.6672E-001  -3.3007E-001   1.5601E-001  -2.0359E-001   1.2294E-002   1.1423E-001  -1.4319E-001   3.2362E-001   2.3252E-001   1.7378E-002   1.5611E-001  -7.3121E-001   3.2451E-002   4.2395E-003   3.8255E-002  -2.3998E-002  -9.3422E-002  -1.4030E-001   1.5642E-003  -1.0380E-003  -3.2900E-002   1.7126E-001   8.6445E-001  
 2.5690E+000  -7.6831E-001  -5.0905E-001   1.1773E-001  -4.1491E-002   1.9891E-002   1.5707E-001  -1.8511E-001   3.2945E-001   3.5886E-001  -1.0113E-002   1.4116E-001  -7.1809E-001   4.1319E-002  -4.9868E-003   5.2615E-002  -2.9136E-002  -1.2915E-001  -1.3950E-001   3.1168E-003  -2.6849E-003  -2.8877E-002   1.6444E-001   8.3144E-001  
 3.0092E+000  -1.3250E+000  -5.0065E-001   3.8363E-002   2.4455E-001   1.5451E-001   2.2477E-001  -2.3896E-001   3.1593E-001   5.1345E-001  -4.9424E-002   1.3329E-001  -6.9597E-001   4.7191E-002  -1.6893E-002   6.5946E-002  -3.6827E-002  -1.6499E-001  -1.3141E-001   5.0531E-003  -5.7586E-003  -2.3486E-002   1.5829E-001   7.9841E-001  
 3.8753E+000  -2.3058E+000   3.0386E-001   2.8901E-001   2.0548E-001   2.7630E-001   6.7263E-001  -5.4304E-001   3.2407E-001   1.0041E+000   2.8288E-002   5.7311E-002  -8.9038E-001  -3.1266E-002   5.9704E-002  -6.0135E-003   4.2252E-002  -1.2793E-001  -9.3082E-002  -2.1968E-003  -2.9401E-002  -2.3364E-002   1.4903E-001   7.6718E-001  
 2.5697E+000   2.5710E+000   2.7726E+000  -5.4323E-002  -6.0359E-001   5.0841E-001   8.5157E-003   8.0702E-002   1.5573E-001  -1.4465E-001  -2.0897E-001   1.7899E-001  -6.8066E-001  -2.0872E-002   1.8226E-002  -2.6892E-002   1.6129E-002   6.2055E-002  -6.8337E-002   2.6189E-002  -2.0730E-002  -5.9385E-003   1.9152E-001   8.9302E-001  
 2.2564E+000   2.4531E+000   2.9045E+000   1.4506E-001  -1.9262E-001   1.0876E-001  -1.0765E-002   4.6359E-002   1.1423E-001  -1.2955E-001  -1.0414E-001   1.2347E-001  -6.2113E-001  -2.2071E-002  -1.9670E-002  -4.6689E-002  -4.3365E-002   1.0489E-001  -4.7792E-002   6.8429E-003  -1.0611E-002   2.0492E-003   1.9848E-001   9.3192E-001  
 1.8489E+000   2.3159E+000   2.8814E+000   2.0748E-001   4.1515E-002  -3.8693E-002   1.4666E-002   3.7625E-002   8.3741E-002  -1.4849E-001  -4.3444E-002   1.2485E-001  -6.1592E-001  -2.2395E-002  -1.9927E-002  -5.0759E-002  -6.1086E-002   1.1195E-001  -4.4715E-002   1.7887E-003  -5.5749E-003   7.3803E-003   2.0537E-001   9.5782E-001  
 1.4352E+000   2.1351E+000   2.6881E+000   2.1346E-001   1.6393E-001  -5.0359E-002   3.2082E-002   2.9539E-002   7.4546E-002  -1.5591E-001  -1.7802E-003   1.4110E-001  -6.2707E-001  -2.1163E-002  -1.4107E-002  -4.7766E-002  -6.0325E-002   1.0624E-001  -4.8241E-002  -6.6269E-005  -2.6022E-003   4.6390E-003   2.0949E-001   9.6276E-001  
 1.0670E+000   1.9164E+000   2.3683E+000   1.9079E-001   1.9600E-001   8.6538E-003   4.0441E-002   2.0158E-002   8.1561E-002  -1.4920E-001   2.6856E-002   1.6100E-001  -6.4667E-001  -1.8329E-002  -6.9223E-003  -4.0423E-002  -4.9486E-002   9.2246E-002  -5.5020E-002  -2.5677E-004  -8.1691E-004  -4.4744E-003   2.1102E-001   9.3433E-001  
 7.8166E-001   1.6633E+000   1.9577E+000   1.6046E-001   1.6054E-001   8.7652E-002   4.2347E-002   8.4329E-003   9.9708E-002  -1.2867E-001   4.6619E-002   1.7766E-001  -6.6953E-001  -1.3998E-002  -6.8210E-004  -3.1508E-002  -3.6208E-002   7.3349E-002  -6.3971E-002  -3.7597E-004  -3.5027E-004  -1.4254E-002   2.1150E-001   8.9876E-001  
 6.0895E-001   1.3776E+000   1.4852E+000   1.3697E-001   7.8171E-002   1.5073E-001   4.1988E-002  -4.9007E-003   1.2431E-001  -9.4925E-002   5.7854E-002   1.8759E-001  -6.9157E-001  -9.0069E-003   4.0795E-003  -2.3409E-002  -2.5027E-002   4.9907E-002  -7.4870E-002  -3.8650E-004   3.6475E-005  -2.0402E-002   2.1021E-001   8.8336E-001  
 5.7059E-001   1.0659E+000   9.8537E-001   1.2788E-001  -2.8602E-002   1.7431E-001   4.1650E-002  -1.8581E-002   1.5109E-001  -5.0001E-002   6.0963E-002   1.9055E-001  -7.1059E-001  -2.9726E-003   6.8688E-003  -1.7098E-002  -1.6254E-002   2.2600E-002  -8.5049E-002  -8.1648E-005   3.0311E-004  -2.2216E-002   2.0660E-001   8.5747E-001  
 6.7351E-001   7.2932E-001   4.8204E-001   1.3266E-001  -1.3748E-001   1.5128E-001   4.2342E-002  -3.4797E-002   1.7719E-001   5.0912E-003   5.9653E-002   1.8630E-001  -7.2632E-001   3.7140E-003   7.2648E-003  -9.4544E-003  -8.9604E-003  -6.8798E-003  -9.3689E-002   2.2190E-004   1.3704E-004  -2.3438E-002   2.0180E-001   8.8604E-001  
 9.1397E-001   3.6707E-001  -2.3457E-003   1.4654E-001  -2.2703E-001   8.8504E-002   4.7545E-002  -5.5488E-002   1.9974E-001   7.0394E-002   5.6162E-002   1.7565E-001  -7.3615E-001   1.0701E-002   5.4509E-003   1.8913E-003  -5.5576E-003  -3.7076E-002  -1.0032E-001   2.4775E-004  -1.1640E-004  -2.6882E-002   1.9507E-001   8.8245E-001  
 1.2688E+000  -1.8237E-002  -4.3362E-001   1.6254E-001  -2.7380E-001   8.7688E-003   5.9323E-002  -7.9588E-002   2.1542E-001   1.4602E-001   4.8070E-002   1.6107E-001  -7.3924E-001   1.8246E-002   1.4864E-003   1.5265E-002  -6.2056E-003  -6.7963E-002  -1.0553E-001   1.8977E-004  -3.6586E-004  -3.0497E-002   1.8826E-001   8.8208E-001  
 1.7074E+000  -4.3181E-001  -7.8056E-001   1.7057E-001  -2.5760E-001  -5.1664E-002   7.9855E-002  -1.0736E-001   2.2026E-001   2.3453E-001   3.2086E-002   1.4424E-001  -7.3538E-001   2.5924E-002  -4.8427E-003   2.9296E-002  -8.8392E-003  -1.0009E-001  -1.0802E-001   2.7616E-004  -9.9964E-004  -3.1227E-002   1.8207E-001   8.7317E-001  
 2.1936E+000  -8.8066E-001  -1.0031E+000   1.5565E-001  -1.5909E-001  -4.3002E-002   1.1378E-001  -1.4076E-001   2.0911E-001   3.3895E-001   5.5811E-003   1.2863E-001  -7.2286E-001   3.2982E-002  -1.4330E-002   4.3831E-002  -1.3049E-002  -1.3334E-001  -1.0560E-001   1.3646E-003  -2.0846E-003  -2.7986E-002   1.7591E-001   8.5575E-001  
 2.6801E+000  -1.3659E+000  -1.0485E+000   9.9006E-002   3.5673E-002   9.5007E-002   1.6793E-001  -1.8183E-001   1.7664E-001   4.6317E-001  -3.3638E-002   1.2104E-001  -7.0165E-001   3.6874E-002  -2.5727E-002   5.8122E-002  -2.1763E-002  -1.6594E-001  -9.5944E-002   2.2756E-003  -5.9785E-003  -2.3564E-002   1.7014E-001   8.1546E-001  
 3.1519E+000  -1.9122E+000  -8.2631E-001   6.3539E-003   3.1613E-001   4.1001E-001   2.7804E-001  -2.4529E-001   1.0719E-001   6.3657E-001  -7.9081E-002   1.1383E-001  -6.8829E-001   3.5413E-002  -2.3339E-002   6.7175E-002  -2.6796E-002  -1.8562E-001  -8.1369E-002  -4.1864E-003  -1.4681E-002  -1.9573E-002   1.6789E-001   7.8039E-001  
 2.5490E+000   2.5044E+000   2.6006E+000   6.0114E-002  -3.0821E-001   3.8263E-001  -6.5113E-002   7.6388E-002   1.9376E-001  -1.7049E-001  -1.4309E-001   1.2836E-001  -6.3833E-001  -2.2296E-002  -2.5617E-002  -4.7922E-002  -1.3431E-002   1.1531E-001  -5.5690E-002   1.4241E-002  -5.9101E-003  -5.0354E-003   1.9286E-001   8.8804E-001  
 2.1252E+000   2.3392E+000   2.7554E+000   1.7579E-001  -7.1164E-002   2.6567E-002  -2.4097E-002   6.3561E-002   1.2426E-001  -1.7680E-001  -6.8666E-002   1.0694E-001  -6.3020E-001  -1.7796E-002  -2.7561E-002  -5.0354E-002  -4.5670E-002   1.2265E-001  -3.8507E-002   8.0898E-003  -4.2482E-003   2.1031E-003   2.0059E-001   9.2501E-001  
 1.6548E+000   2.1411E+000   2.6953E+000   2.1121E-001   7.5895E-002  -1.1952E-001   5.2012E-003   5.2826E-002   8.2620E-002  -1.7599E-001  -1.6761E-002   1.1128E-001  -6.3654E-001  -1.5449E-002  -2.4005E-002  -4.7191E-002  -5.6297E-002   1.1916E-001  -3.1318E-002   3.3446E-003  -2.5122E-003   3.3444E-003   2.0663E-001   9.3960E-001  
 1.1851E+000   1.9105E+000   2.4661E+000   1.9853E-001   1.4884E-001  -1.3156E-001   2.1924E-002   4.1640E-002   6.3171E-002  -1.6510E-001   1.9916E-002   1.2762E-001  -6.5067E-001  -1.3814E-002  -1.7902E-002  -4.0407E-002  -5.2921E-002   1.0754E-001  -3.1016E-002   6.8507E-004  -9.0118E-004  -2.1901E-003   2.1037E-001   9.4012E-001  
 7.6896E-001   1.6542E+000   2.1152E+000   1.6183E-001   1.6040E-001  -7.2549E-002   2.8772E-002   2.9720E-002   6.0140E-002  -1.4486E-001   4.5665E-002   1.4776E-001  -6.6904E-001  -1.1608E-002  -1.0491E-002  -3.1443E-002  -4.0646E-002   8.9242E-002  -3.5013E-002   2.2365E-004  -6.9515E-004  -1.2992E-002   2.1208E-001   9.0707E-001  
 4.4490E-001   1.3739E+000   1.6773E+000   1.2267E-001   1.2629E-001   6.4921E-003   2.9177E-002   1.6381E-002   6.8467E-002  -1.1432E-001   6.3541E-002   1.6425E-001  -6.8710E-001  -9.1120E-003  -4.7113E-003  -2.3005E-002  -2.8006E-002   6.7878E-002  -4.1748E-002  -8.4368E-005  -4.6767E-004  -2.2174E-002   2.1288E-001   8.7836E-001  
 2.4246E-001   1.0702E+000   1.1802E+000   9.6378E-002   5.8852E-002   6.9601E-002   2.9469E-002   4.4227E-003   8.3329E-002  -7.4423E-002   7.0293E-002   1.7432E-001  -7.0147E-001  -5.6856E-003  -5.2483E-004  -1.8258E-002  -1.9725E-002   4.1729E-002  -4.9163E-002  -1.5365E-004  -1.1671E-004  -2.3950E-002   2.0983E-001   8.3251E-001  
 1.8724E-001   7.5089E-001   6.5928E-001   8.6421E-002  -2.4826E-002   9.2999E-002   2.7792E-002  -8.7233E-003   1.0114E-001  -2.7633E-002   7.2111E-002   1.7783E-001  -7.1490E-001  -1.6731E-003   1.5702E-003  -1.3190E-002  -1.0813E-002   1.4065E-002  -5.7023E-002  -4.7179E-005   4.4892E-005  -2.4384E-002   2.0694E-001   8.2004E-001  
 2.8475E-001   4.1576E-001   1.3639E-001   9.5038E-002  -1.0998E-001   6.9630E-002   2.6057E-002  -2.3203E-002   1.1884E-001   2.5785E-002   6.9611E-002   1.7433E-001  -7.2666E-001   2.8999E-003   1.5241E-003  -7.5211E-003  -1.8618E-003  -1.4991E-002  -6.4812E-002   9.3207E-005  -1.0249E-005  -2.3809E-002   2.0453E-001   8.5042E-001  
 5.2989E-001   6.3334E-002  -3.6683E-001   1.1951E-001  -1.8205E-001   6.5497E-003   2.6582E-002  -3.9385E-002   1.3326E-001   8.6242E-002   6.2775E-002   1.6427E-001  -7.3547E-001   7.9949E-003  -7.4841E-004  -9.4001E-004   5.9703E-003  -4.5402E-002  -7.1730E-002   1.5327E-004  -2.5717E-004  -2.2579E-002   2.0245E-001   8.8391E-001  
 9.0128E-001  -3.0118E-001  -8.1900E-001   1.4790E-001  -2.2681E-001  -7.3241E-002   3.5169E-002  -6.0186E-002   1.4009E-001   1.5283E-001   5.5236E-002   1.4986E-001  -7.3661E-001   1.3089E-002  -5.1784E-003   1.0364E-002   7.2344E-003  -7.4730E-002  -7.5627E-002  -1.1045E-005  -4.3767E-004  -2.5644E-002   1.9753E-001   8.7814E-001  
 1.3653E+000  -6.8221E-001  -1.1896E+000   1.7160E-001  -2.2958E-001  -1.3315E-001   5.1419E-002  -8.3720E-002   1.3514E-001   2.2720E-001   4.0129E-002   1.3276E-001  -7.3133E-001   1.8508E-002  -1.1929E-002   2.3284E-002   6.1334E-003  -1.0462E-001  -7.6525E-002  -1.6571E-004  -5.6217E-004  -2.6623E-002   1.9234E-001   8.7293E-001  
 1.8836E+000  -1.0848E+000  -1.4396E+000   1.7583E-001  -1.7731E-001  -1.2345E-001   7.9332E-002  -1.1096E-001   1.1282E-001   3.1176E-001   1.4210E-002   1.1613E-001  -7.1896E-001   2.3447E-002  -2.0934E-002   3.7190E-002   3.9337E-003  -1.3440E-001  -7.3108E-002   7.9275E-006  -1.6880E-003  -2.3569E-002   1.8675E-001   8.5558E-001  
 2.4042E+000  -1.5079E+000  -1.5193E+000   1.3861E-001  -5.9727E-002   1.7828E-002   1.2391E-001  -1.4294E-001   6.8454E-002   4.0818E-001  -2.5493E-002   1.0880E-001  -6.9907E-001   2.5408E-002  -3.2018E-002   5.1411E-002  -4.7215E-003  -1.6330E-001  -6.2200E-002  -9.7030E-005  -5.2678E-003  -2.0288E-002   1.8094E-001   8.3491E-001  
 2.8869E+000  -1.9594E+000  -1.3711E+000   3.8564E-002   1.3043E-001   3.5975E-001   1.9382E-001  -1.8231E-001  -6.2849E-003   5.2212E-001  -8.2158E-002   1.1812E-001  -6.7271E-001   2.3187E-002  -4.3691E-002   6.5060E-002  -2.1900E-002  -1.8988E-001  -4.2192E-002  -1.6961E-003  -1.0618E-002  -1.7631E-002   1.7517E-001   8.0445E-001  
 2.5327E+000   2.3933E+000   2.4115E+000   8.7443E-002  -1.6383E-001   3.1648E-001  -8.6335E-002   9.6733E-002   1.8755E-001  -2.5340E-001  -1.1261E-001   1.1532E-001  -6.4439E-001  -1.5567E-002  -3.4939E-002  -5.3181E-002  -1.2262E-002   1.3978E-001  -4.1347E-002   1.3480E-002   1.1237E-003  -6.8143E-003   1.9241E-001   8.6647E-001  
 2.0629E+000   2.1561E+000   2.5397E+000   1.8354E-001  -4.0418E-002  -3.8620E-002  -4.1085E-002   7.9477E-002   1.1083E-001  -2.3208E-001  -4.4609E-002   9.6418E-002  -6.4907E-001  -8.8847E-003  -3.3433E-002  -4.9188E-002  -3.9772E-002   1.3732E-001  -2.0434E-002   6.4105E-003   1.6698E-004  -1.8141E-003   1.9980E-001   8.9565E-001  
 1.5490E+000   1.8999E+000   2.4539E+000   2.0481E-001   3.5360E-002  -1.8385E-001  -9.1551E-003   6.4453E-002   6.1424E-002  -2.0890E-001   1.4821E-003   1.0258E-001  -6.6150E-001  -6.6231E-003  -2.7104E-002  -4.1349E-002  -4.7483E-002   1.2601E-001  -1.1122E-002   2.5904E-003   9.1269E-005  -2.7678E-003   2.0578E-001   9.1874E-001  
 1.0395E+000   1.6241E+000   2.2014E+000   1.8156E-001   7.2477E-002  -1.9555E-001   8.6715E-003   4.9967E-002   3.5183E-002  -1.8069E-001   3.3831E-002   1.1965E-001  -6.7702E-001  -5.5149E-003  -1.9392E-002  -3.1545E-002  -4.2773E-002   1.0854E-001  -8.9326E-003   8.6753E-004  -3.0920E-004  -9.9686E-003   2.0979E-001   9.0991E-001  
 5.8901E-001   1.3335E+000   1.8298E+000   1.3837E-001   7.8111E-002  -1.3679E-001   1.5095E-002   3.5793E-002   2.5864E-002  -1.4644E-001   5.7228E-002   1.3947E-001  -6.9123E-001  -5.1181E-003  -1.2417E-002  -2.2811E-002  -3.2085E-002   8.7452E-002  -1.1137E-002   5.3112E-004  -4.1939E-004  -1.9376E-002   2.1197E-001   8.8662E-001  
 2.3510E-001   1.0286E+000   1.3737E+000   9.6612E-002   5.8875E-002  -5.7622E-002   1.7220E-002   2.3079E-002   2.8195E-002  -1.0594E-001   7.0410E-002   1.5536E-001  -7.0146E-001  -4.1940E-003  -6.9174E-003  -1.7235E-002  -2.3265E-002   6.2164E-002  -1.5501E-002   2.1399E-004  -2.6956E-004  -2.3970E-002   2.1075E-001   8.4512E-001  
 1.1135E-002   7.1072E-001   8.6240E-001   6.6833E-002   2.2562E-002   5.4795E-003   1.6541E-002   1.0150E-002   3.7742E-002  -6.0683E-002   7.6634E-002   1.6543E-001  -7.1005E-001  -2.7953E-003  -3.2270E-003  -1.2276E-002  -1.4773E-002   3.4746E-002  -2.1670E-002   3.3110E-005  -1.0764E-004  -2.5463E-002   2.0874E-001   8.0490E-001  
-5.8288E-002   3.8584E-001   3.2917E-001   5.5849E-002  -2.2576E-002   2.8878E-002   1.3869E-002  -3.3967E-003   5.0507E-002  -1.2122E-002   7.8490E-002   1.6894E-001  -7.1744E-001  -9.0565E-004  -1.6622E-003  -7.0233E-003  -5.3991E-003   6.6774E-003  -2.8480E-002  -1.3414E-005  -3.3052E-005  -2.5947E-002   2.0717E-001   7.8646E-001  
 3.2253E-002   5.3321E-002  -2.0504E-001   6.6155E-002  -6.9188E-002   5.4935E-003   1.1167E-002  -1.7562E-002   6.3215E-002   3.9700E-002   7.6293E-002   1.6543E-001  -7.2314E-001   1.4920E-003  -2.2386E-003  -1.4748E-003   3.9914E-003  -2.2081E-002  -3.5256E-002  -3.6053E-005  -6.4260E-005  -2.5403E-002   2.0605E-001   8.1345E-001  
 2.7740E-001  -2.8809E-001  -7.1929E-001   9.5272E-002  -1.0995E-001  -5.7594E-002   1.0401E-002  -3.2454E-002   7.2589E-002   9.5076E-002   6.9728E-002   1.5536E-001  -7.2665E-001   4.3907E-003  -5.0089E-003   4.3851E-003   1.2545E-002  -5.1612E-002  -4.1319E-002  -1.3145E-004  -2.2566E-004  -2.3829E-002   2.0547E-001   8.3986E-001  
 6.5358E-001  -6.3381E-001  -1.1815E+000   1.3404E-001  -1.3731E-001  -1.3726E-001   1.4815E-002  -4.8552E-002   7.4732E-002   1.5331E-001   5.9051E-002   1.4080E-001  -7.2660E-001   7.6005E-003  -9.8441E-003   1.1229E-002   1.8121E-002  -8.0801E-002  -4.5754E-002  -3.2401E-004  -4.4873E-004  -2.2434E-002   2.0489E-001   8.9093E-001  
 1.1288E+000  -9.8497E-001  -1.5636E+000   1.6949E-001  -1.4549E-001  -1.9680E-001   2.7498E-002  -6.8042E-002   6.4508E-002   2.1427E-001   4.2906E-002   1.2334E-001  -7.1963E-001   1.0633E-002  -1.6527E-002   2.1701E-002   2.0101E-002  -1.0767E-001  -4.6165E-002  -4.6010E-004  -4.6310E-004  -2.1185E-002   2.0124E-001   8.8354E-001  
 1.6626E+000  -1.3446E+000  -1.8274E+000   1.8685E-001  -1.2717E-001  -1.8601E-001   5.0825E-002  -9.0421E-002   3.6253E-002   2.7920E-001   1.6220E-002   1.0632E-001  -7.0605E-001   1.3527E-002  -2.5522E-002   3.4686E-002   2.0015E-002  -1.3368E-001  -4.2210E-002  -6.2523E-004  -1.0878E-003  -1.7480E-002   1.9584E-001   8.5070E-001  
 2.2008E+000  -1.7107E+000  -1.9239E+000   1.6373E-001  -7.7572E-002  -4.2550E-002   8.9170E-002  -1.1589E-001  -1.4472E-002   3.5017E-001  -2.4526E-002   9.8874E-002  -6.8808E-001   1.3383E-002  -3.5246E-002   4.7681E-002   1.2781E-002  -1.5720E-001  -3.0786E-002  -2.3304E-003  -4.3512E-003  -1.4341E-002   1.8974E-001   8.2574E-001  
 2.6997E+000  -2.0877E+000  -1.7998E+000   7.4281E-002   6.7434E-003   3.0507E-001   1.4889E-001  -1.4582E-001  -9.5098E-002   4.3032E-001  -8.3166E-002   1.1090E-001  -6.6658E-001   8.5980E-003  -4.4730E-002   5.9859E-002  -7.0079E-003  -1.7740E-001  -9.3219E-003  -5.9301E-003  -9.3646E-003  -1.3917E-002   1.8358E-001   8.0901E-001  
 2.5810E+000   2.2438E+000   2.1448E+000   9.0531E-002  -7.5426E-002   2.8841E-001  -1.1366E-001   1.1875E-001   1.5475E-001  -3.4059E-001  -9.3231E-002   1.0956E-001  -6.5599E-001  -4.7423E-003  -4.1619E-002  -5.6083E-002  -4.8548E-003   1.6051E-001  -1.9000E-002   1.0106E-002   6.3019E-003  -1.0064E-002   1.8936E-001   8.2987E-001  
 2.0861E+000   1.9369E+000   2.2626E+000   1.7820E-001  -5.6988E-002  -6.3734E-002  -6.2187E-002   9.5880E-002   7.3923E-002  -2.9086E-001  -3.0574E-002   9.4107E-002  -6.7011E-001   1.8320E-003  -3.5701E-002  -4.7469E-002  -2.8117E-002   1.4865E-001   3.0358E-003   4.6122E-003   2.7715E-003  -7.7518E-003   1.9619E-001   8.6672E-001  
 1.5498E+000   1.6256E+000   2.1644E+000   1.9579E-001  -4.4416E-002  -2.0839E-001  -2.7685E-002   7.6033E-002   2.1625E-002  -2.4426E-001   1.2077E-002   1.0111E-001  -6.8605E-001   3.3885E-003  -2.7597E-002  -3.6400E-002  -3.4976E-002   1.3080E-001   1.3875E-002   1.3140E-003   8.6518E-004  -1.0142E-002   2.0219E-001   8.7874E-001  
 1.0189E+000   1.3073E+000   1.9002E+000   1.7150E-001  -3.5208E-002  -2.1975E-001  -7.7115E-003   5.7879E-002  -7.7615E-003  -1.9797E-001   4.1075E-002   1.1838E-001  -7.0072E-001   2.6362E-003  -1.8993E-002  -2.5034E-002  -3.2057E-002   1.0896E-001   1.7220E-002   7.4353E-004   1.7875E-004  -1.6014E-002   2.0693E-001   8.8389E-001  
 5.4838E-001   9.8552E-001   1.5182E+000   1.2907E-001  -2.8533E-002  -1.6075E-001   1.1160E-003   4.1655E-002  -1.9414E-002  -1.5022E-001   6.0712E-002   1.3711E-001  -7.1056E-001   1.4041E-003  -1.2330E-002  -1.6286E-002  -2.5369E-002   8.4901E-002   1.6311E-002   6.3866E-004   7.1287E-005  -2.1577E-002   2.0932E-001   8.4816E-001  
 1.7746E-001   6.5943E-001   1.0544E+000   8.6733E-002  -2.4795E-002  -8.1333E-002   4.0768E-003   2.7796E-002  -1.8910E-002  -1.0056E-001   7.2266E-002   1.5224E-001  -7.1488E-001   3.1300E-004  -7.0351E-003  -1.0839E-002  -1.8204E-002   5.6924E-002   1.2229E-002   2.7725E-004   9.8798E-006  -2.4410E-002   2.0819E-001   8.1353E-001  
-6.0722E-002   3.2932E-001   5.3752E-001   5.5927E-002  -2.2568E-002  -1.8247E-002   2.9969E-003   1.3872E-002  -1.1119E-002  -5.0221E-002   7.8529E-002   1.6231E-001  -7.1744E-001  -4.1072E-004  -3.8051E-003  -5.4173E-003  -9.5287E-003   2.8431E-002   6.4559E-003   8.4780E-005  -9.2934E-006  -2.5952E-002   2.0748E-001   7.8302E-001  
-1.4192E-001   1.2841E-004  -2.7414E-005   4.4830E-002  -2.1832E-002   5.1446E-003   1.7036E-007   2.2424E-007  -3.8992E-008  -2.8663E-007   8.0512E-002   1.6582E-001  -7.1828E-001  -6.5669E-004  -2.7341E-003  -7.8979E-006   1.4252E-006   4.8265E-007  -6.0529E-008  -1.5965E-006  -9.1267E-009  -2.6469E-002   2.0726E-001   7.5338E-001  
-6.0723E-002  -3.2906E-001  -5.3757E-001   5.5928E-002  -2.2569E-002  -1.8247E-002  -2.9965E-003  -1.3872E-002   1.1119E-002   5.0220E-002   7.8529E-002   1.6231E-001  -7.1744E-001  -4.1085E-004  -3.8047E-003   5.4016E-003   9.5316E-003  -2.8430E-002  -6.4560E-003  -8.7999E-005   9.1751E-006  -2.5952E-002   2.0748E-001   7.8302E-001  
 1.7745E-001  -6.5917E-001  -1.0544E+000   8.6734E-002  -2.4797E-002  -8.1334E-002  -4.0761E-003  -2.7796E-002   1.8910E-002   1.0056E-001   7.2267E-002   1.5224E-001  -7.1489E-001   3.1284E-004  -7.0344E-003   1.0823E-002   1.8207E-002  -5.6923E-002  -1.2229E-002  -2.8054E-004  -1.0048E-005  -2.4409E-002   2.0819E-001   8.1352E-001  
 5.4837E-001  -9.8527E-001  -1.5182E+000   1.2907E-001  -2.8537E-002  -1.6075E-001  -1.1148E-003  -4.1655E-002   1.9414E-002   1.5022E-001   6.0713E-002   1.3711E-001  -7.1057E-001   1.4040E-003  -1.2329E-002   1.6270E-002   2.5372E-002  -8.4900E-002  -1.6311E-002  -6.4205E-004  -7.1475E-005  -2.1576E-002   2.0932E-001   8.4815E-001  
 1.0189E+000  -1.3070E+000  -1.9003E+000   1.7150E-001  -3.5213E-002  -2.1975E-001   7.7132E-003  -5.7880E-002   7.7611E-003   1.9797E-001   4.1077E-002   1.1838E-001  -7.0073E-001   2.6360E-003  -1.8992E-002   2.5019E-002   3.2060E-002  -1.0895E-001  -1.7220E-002  -7.4702E-004  -1.7895E-004  -1.6013E-002   2.0693E-001   8.8388E-001  
 1.5498E+000  -1.6253E+000  -2.1645E+000   1.9579E-001  -4.4423E-002  -2.0839E-001   2.7688E-002  -7.6034E-002  -2.1626E-002   2.4426E-001   1.2079E-002   1.0111E-001  -6.8607E-001   3.3883E-003  -2.7595E-002   3.6384E-002   3.4979E-002  -1.3080E-001  -1.3876E-002  -1.3176E-003  -8.6535E-004  -1.0142E-002   2.0219E-001   8.7874E-001  
 2.0861E+000  -1.9366E+000  -2.2627E+000   1.7820E-001  -5.6996E-002  -6.3737E-002   6.2190E-002  -9.5883E-002  -7.3924E-002   2.9087E-001  -3.0571E-002   9.4103E-002  -6.7013E-001   1.8318E-003  -3.5699E-002   4.7453E-002   2.8120E-002  -1.4864E-001  -3.0362E-003  -4.6157E-003  -2.7716E-003  -7.7512E-003   1.9619E-001   8.6671E-001  
 2.5810E+000  -2.2436E+000  -2.1448E+000   9.0537E-002  -7.5437E-002   2.8840E-001   1.1367E-001  -1.1875E-001  -1.5475E-001   3.4059E-001  -9.3228E-002   1.0955E-001  -6.5600E-001  -4.7427E-003  -4.1617E-002   5.6067E-002   4.8587E-003  -1.6051E-001   1.9000E-002  -1.0109E-002  -6.3020E-003  -1.0063E-002   1.8936E-001   8.2987E-001  
 2.6997E+000   2.0879E+000   1.7998E+000   7.4271E-002   6.7544E-003   3.0507E-001  -1.4889E-001   1.4581E-001   9.5099E-002  -4.3031E-001  -8.3171E-002   1.1090E-001  -6.6656E-001   8.5985E-003  -4.4733E-002  -5.9875E-002   7.0122E-003   1.7740E-001   9.3221E-003   5.9273E-003   9.3645E-003  -1.3918E-002   1.8358E-001   8.0902E-001  
 2.2008E+000   1.7109E+000   1.9238E+000   1.6372E-001  -7.7563E-002  -4.2548E-002  -8.9166E-002   1.1589E-001   1.4473E-002  -3.5017E-001  -2.4531E-002   9.8874E-002  -6.8807E-001   1.3383E-002  -3.5248E-002  -4.7698E-002  -1.2776E-002   1.5721E-001   3.0786E-002   2.3271E-003   4.3511E-003  -1.4341E-002   1.8974E-001   8.2575E-001  
 1.6626E+000   1.3449E+000   1.8274E+000   1.8684E-001  -1.2716E-001  -1.8601E-001  -5.0821E-002   9.0419E-002  -3.6252E-002  -2.7920E-001   1.6216E-002   1.0632E-001  -7.0603E-001   1.3527E-002  -2.5524E-002  -3.4701E-002  -2.0011E-002   1.3369E-001   4.2210E-002   6.2179E-004   1.0877E-003  -1.7481E-002   1.9584E-001   8.5071E-001  
 1.1288E+000   9.8522E-001   1.5636E+000   1.6948E-001  -1.4548E-001  -1.9680E-001  -2.7495E-002   6.8040E-002  -6.4508E-002  -2.1426E-001   4.2902E-002   1.2334E-001  -7.1962E-001   1.0633E-002  -1.6529E-002  -2.1717E-002  -2.0098E-002   1.0768E-001   4.6165E-002   4.5671E-004   4.6290E-004  -2.1185E-002   2.0125E-001   8.8355E-001  
 6.5359E-001   6.3407E-001   1.1815E+000   1.3403E-001  -1.3730E-001  -1.3726E-001  -1.4813E-002   4.8551E-002  -7.4731E-002  -1.5331E-001   5.9047E-002   1.4080E-001  -7.2659E-001   7.6005E-003  -9.8453E-003  -1.1245E-002  -1.8118E-002   8.0802E-002   4.5754E-002   3.2072E-004   4.4848E-004  -2.2434E-002   2.0489E-001   8.9094E-001  
 2.7741E-001   2.8834E-001   7.1924E-001   9.5267E-002  -1.0995E-001  -5.7594E-002  -1.0400E-002   3.2454E-002  -7.2589E-002  -9.5076E-002   6.9725E-002   1.5536E-001  -7.2664E-001   4.3907E-003  -5.0097E-003  -4.4007E-003  -1.2543E-002   5.1613E-002   4.1319E-002   1.2822E-004   2.2547E-004  -2.3829E-002   2.0547E-001   8.3986E-001  
 3.2260E-002  -5.3066E-002   2.0499E-001   6.6151E-002  -6.9186E-002   5.4926E-003  -1.1166E-002   1.7562E-002  -6.3215E-002  -3.9700E-002   7.6291E-002   1.6543E-001  -7.2314E-001   1.4920E-003  -2.2390E-003   1.4591E-003  -3.9885E-003   2.2082E-002   3.5256E-002   3.2803E-005   6.4106E-005  -2.5403E-002   2.0605E-001   8.1346E-001  
-5.8281E-002  -3.8558E-001  -3.2922E-001   5.5846E-002  -2.2576E-002   2.8877E-002  -1.3869E-002   3.3970E-003  -5.0507E-002   1.2122E-002   7.8488E-002   1.6893E-001  -7.1744E-001  -9.0578E-004  -1.6622E-003   7.0076E-003   5.4019E-003  -6.6764E-003   2.8480E-002   1.0153E-005   3.3030E-005  -2.5947E-002   2.0717E-001   7.8646E-001  
 1.1140E-002  -7.1047E-001  -8.6245E-001   6.6830E-002   2.2561E-002   5.4781E-003  -1.6541E-002  -1.0150E-002  -3.7742E-002   6.0682E-002   7.6632E-002   1.6542E-001  -7.1005E-001  -2.7955E-003  -3.2267E-003   1.2260E-002   1.4776E-002  -3.4745E-002   2.1670E-002  -3.6418E-005   1.0752E-004  -2.5463E-002   2.0874E-001   8.0489E-001  
 2.3511E-001  -1.0283E+000  -1.3737E+000   9.6610E-002   5.8873E-002  -5.7624E-002  -1.7219E-002  -2.3080E-002  -2.8195E-002   1.0594E-001   7.0409E-002   1.5536E-001  -7.0146E-001  -4.1943E-003  -6.9167E-003   1.7219E-002   2.3268E-002  -6.2163E-002   1.5501E-002  -2.1731E-004   2.6937E-004  -2.3970E-002   2.1075E-001   8.4511E-001  
 5.8901E-001  -1.3332E+000  -1.8298E+000   1.3837E-001   7.8107E-002  -1.3680E-001  -1.5094E-002  -3.5793E-002  -2.5865E-002   1.4644E-001   5.7228E-002   1.3947E-001  -6.9124E-001  -5.1184E-003  -1.2415E-002   2.2795E-002   3.2088E-002  -8.7451E-002   1.1137E-002  -5.3447E-004   4.1917E-004  -1.9376E-002   2.1197E-001   8.8661E-001  
 1.0395E+000  -1.6238E+000  -2.2015E+000   1.8156E-001   7.2472E-002  -1.9556E-001  -8.6707E-003  -4.9968E-002  -3.5185E-002   1.8069E-001   3.3831E-002   1.1964E-001  -6.7703E-001  -5.5152E-003  -1.9390E-002   3.1529E-002   4.2776E-002  -1.0854E-001   8.9323E-003  -8.7098E-004   3.0900E-004  -9.9682E-003   2.0979E-001   9.0990E-001  
 1.5490E+000  -1.8997E+000  -2.4539E+000   2.0482E-001   3.5354E-002  -1.8385E-001   9.1564E-003  -6.4455E-002  -6.1426E-002   2.0891E-001   1.4827E-003   1.0257E-001  -6.6151E-001  -6.6234E-003  -2.7101E-002   4.1333E-002   4.7486E-002  -1.2601E-001   1.1122E-002  -2.5940E-003  -9.1441E-005  -2.7672E-003   2.0577E-001   9.1874E-001  
 2.0628E+000  -2.1559E+000  -2.5397E+000   1.8354E-001  -4.0426E-002  -3.8623E-002   4.1087E-002  -7.9480E-002  -1.1084E-001   2.3209E-001  -4.4608E-002   9.6413E-002  -6.4908E-001  -8.8850E-003  -3.3430E-002   4.9172E-002   3.9776E-002  -1.3732E-001   2.0433E-002  -6.4141E-003  -1.6710E-004  -1.8135E-003   1.9980E-001   8.9565E-001  
 2.5327E+000  -2.3931E+000  -2.4115E+000   8.7446E-002  -1.6384E-001   3.1647E-001   8.6337E-002  -9.6737E-002  -1.8756E-001   2.5340E-001  -1.1261E-001   1.1532E-001  -6.4441E-001  -1.5567E-002  -3.4937E-002   5.3165E-002   1.2266E-002  -1.3978E-001   4.1346E-002  -1.3483E-002  -1.1239E-003  -6.8138E-003   1.9240E-001   8.6646E-001  
 2.8869E+000   1.9596E+000   1.3711E+000   3.8550E-002   1.3045E-001   3.5975E-001  -1.9381E-001   1.8230E-001   6.2873E-003  -5.2211E-001  -8.2164E-002   1.1812E-001  -6.7269E-001   2.3187E-002  -4.3693E-002  -6.5076E-002   2.1904E-002   1.8988E-001   4.2192E-002   1.6931E-003   1.0618E-002  -1.7632E-002   1.7517E-001   8.0445E-001  
 2.4042E+000   1.5082E+000   1.5192E+000   1.3860E-001  -5.9717E-002   1.7828E-002  -1.2390E-001   1.4293E-001  -6.8452E-002  -4.0817E-001  -2.5500E-002   1.0880E-001  -6.9906E-001   2.5408E-002  -3.2020E-002  -5.1427E-002   4.7258E-003   1.6330E-001   6.2201E-002   9.3934E-005   5.2678E-003  -2.0289E-002   1.8094E-001   8.3492E-001  
 1.8836E+000   1.0851E+000   1.4396E+000   1.7582E-001  -1.7730E-001  -1.2345E-001  -7.9328E-002   1.1096E-001  -1.1282E-001  -3.1176E-001   1.4204E-002   1.1612E-001  -7.1894E-001   2.3447E-002  -2.0936E-002  -3.7206E-002  -3.9297E-003   1.3440E-001   7.3109E-002  -1.1107E-005   1.6879E-003  -2.3570E-002   1.8675E-001   8.5559E-001  
 1.3653E+000   6.8245E-001   1.1896E+000   1.7158E-001  -2.2957E-001  -1.3316E-001  -5.1415E-002   8.3717E-002  -1.3514E-001  -2.2720E-001   4.0123E-002   1.3275E-001  -7.3132E-001   1.8508E-002  -1.1930E-002  -2.3300E-002  -6.1298E-003   1.0462E-001   7.6525E-002   1.6254E-004   5.6204E-004  -2.6624E-002   1.9234E-001   8.7294E-001  
 9.0129E-001   3.0143E-001   8.1895E-001   1.4789E-001  -2.2681E-001  -7.3242E-002  -3.5166E-002   6.0184E-002  -1.4009E-001  -1.5283E-001   5.5230E-002   1.4985E-001  -7.3660E-001   1.3089E-002  -5.1796E-003  -1.0380E-002  -7.2313E-003   7.4732E-002   7.5627E-002   7.9155E-006   4.3749E-004  -2.5644E-002   1.9754E-001   8.7815E-001  
 5.2991E-001  -6.3083E-002   3.6677E-001   1.1951E-001  -1.8205E-001   6.5480E-003  -2.6580E-002   3.9384E-002  -1.3326E-001  -8.6242E-002   6.2770E-002   1.6427E-001  -7.3547E-001   7.9947E-003  -7.4916E-004   9.2432E-004  -5.9674E-003   4.5404E-002   7.1730E-002  -1.5646E-004   2.5700E-004  -2.2580E-002   2.0245E-001   8.8392E-001  
 2.8477E-001  -4.1551E-001  -1.3644E-001   9.5030E-002  -1.0997E-001   6.9628E-002  -2.6056E-002   2.3202E-002  -1.1884E-001  -2.5786E-002   6.9607E-002   1.7433E-001  -7.2665E-001   2.8997E-003   1.5237E-003   7.5054E-003   1.8646E-003   1.4992E-002   6.4812E-002  -9.6514E-005   1.0076E-005  -2.3809E-002   2.0453E-001   8.5042E-001  
 1.8726E-001  -7.5063E-001  -6.5933E-001   8.6414E-002  -2.4825E-002   9.2997E-002  -2.7791E-002   8.7227E-003  -1.0114E-001   2.7631E-002   7.2108E-002   1.7783E-001  -7.1490E-001  -1.6734E-003   1.5702E-003   1.3174E-002   1.0816E-002  -1.4065E-002   5.7023E-002   4.3831E-005  -4.5050E-005  -2.4384E-002   2.0694E-001   8.2004E-001  
 2.4247E-001  -1.0700E+000  -1.1803E+000   9.6371E-002   5.8851E-002   6.9599E-002  -2.9469E-002  -4.4233E-003  -8.3330E-002   7.4422E-002   7.0290E-002   1.7431E-001  -7.0147E-001  -5.6859E-003  -5.2445E-004   1.8243E-002   1.9728E-002  -4.1729E-002   4.9163E-002   1.5030E-004   1.1646E-004  -2.3950E-002   2.0983E-001   8.3250E-001  
 4.4491E-001  -1.3736E+000  -1.6774E+000   1.2266E-001   1.2628E-001   6.4892E-003  -2.9177E-002  -1.6382E-002  -6.8468E-002   1.1432E-001   6.3539E-002   1.6425E-001  -6.8710E-001  -9.1124E-003  -4.7105E-003   2.2990E-002   2.8009E-002  -6.7877E-002   4.1748E-002   8.0999E-005   4.6737E-004  -2.2174E-002   2.1288E-001   8.7835E-001  
 7.6897E-001  -1.6539E+000  -2.1153E+000   1.6182E-001   1.6040E-001  -7.2552E-002  -2.8772E-002  -2.9721E-002  -6.0141E-002   1.4486E-001   4.5662E-002   1.4776E-001  -6.6904E-001  -1.1608E-002  -1.0490E-002   3.1427E-002   4.0648E-002  -8.9241E-002   3.5012E-002  -2.2699E-004   6.9488E-004  -1.2992E-002   2.1208E-001   9.0706E-001  
 1.1851E+000  -1.9102E+000  -2.4661E+000   1.9852E-001   1.4883E-001  -1.3157E-001  -2.1924E-002  -4.1641E-002  -6.3173E-002   1.6510E-001   1.9914E-002   1.2761E-001  -6.5068E-001  -1.3814E-002  -1.7901E-002   4.0391E-002   5.2924E-002  -1.0753E-001   3.1015E-002  -6.8846E-004   9.0095E-004  -2.1897E-003   2.1037E-001   9.4011E-001  
 1.6548E+000  -2.1408E+000  -2.6953E+000   2.1121E-001   7.5889E-002  -1.1952E-001  -5.2008E-003  -5.2828E-002  -8.2622E-002   1.7599E-001  -1.6763E-002   1.1127E-001  -6.3655E-001  -1.5450E-002  -2.4003E-002   4.7175E-002   5.6300E-002  -1.1916E-001   3.1318E-002  -3.3483E-003   2.5120E-003   3.3449E-003   2.0662E-001   9.3959E-001  
 2.1252E+000  -2.3390E+000  -2.7555E+000   1.7579E-001  -7.1172E-002   2.6562E-002   2.4098E-002  -6.3564E-002  -1.2427E-001   1.7681E-001  -6.8667E-002   1.0693E-001  -6.3021E-001  -1.7797E-002  -2.7558E-002   5.0338E-002   4.5674E-002  -1.2265E-001   3.8507E-002  -8.0935E-003   4.2480E-003   2.1038E-003   2.0059E-001   9.2501E-001  
 2.5490E+000  -2.5042E+000  -2.6006E+000   6.0112E-002  -3.0821E-001   3.8263E-001   6.5115E-002  -7.6392E-002  -1.9376E-001   1.7049E-001  -1.4309E-001   1.2836E-001  -6.3835E-001  -2.2297E-002  -2.5615E-002   4.7906E-002   1.3435E-002  -1.1531E-001   5.5690E-002  -1.4244E-002   5.9097E-003  -5.0349E-003   1.9286E-001   8.8804E-001  
 3.1519E+000   1.9124E+000   8.2628E-001   6.3365E-003   3.1614E-001   4.1001E-001  -2.7803E-001   2.4529E-001  -1.0719E-001  -6.3656E-001  -7.9089E-002   1.1383E-001  -6.8827E-001   3.5412E-002  -2.3341E-002  -6.7191E-002   2.6800E-002   1.8562E-001   8.1370E-002   4.1832E-003   1.4681E-002  -1.9574E-002   1.6789E-001   7.8040E-001  
 2.6801E+000   1.3662E+000   1.0485E+000   9.8988E-002   3.5684E-002   9.5005E-002  -1.6792E-001   1.8182E-001  -1.7663E-001  -4.6317E-001  -3.3646E-002   1.2104E-001  -7.0163E-001   3.6874E-002  -2.5729E-002  -5.8139E-002   2.1768E-002   1.6594E-001   9.5944E-002  -2.2788E-003   5.9786E-003  -2.3565E-002   1.7014E-001   8.1547E-001  
 2.1936E+000   8.8090E-001   1.0030E+000   1.5563E-001  -1.5908E-001  -4.3004E-002  -1.1377E-001   1.4076E-001  -2.0911E-001  -3.3895E-001   5.5731E-003   1.2862E-001  -7.2285E-001   3.2982E-002  -1.4331E-002  -4.3848E-002   1.3053E-002   1.3334E-001   1.0560E-001  -1.3677E-003   2.0846E-003  -2.7988E-002   1.7591E-001   8.5576E-001  
 1.7074E+000   4.3206E-001   7.8052E-001   1.7056E-001  -2.5760E-001  -5.1666E-002  -7.9851E-002   1.0736E-001  -2.2026E-001  -2.3453E-001   3.2079E-002   1.4424E-001  -7.3536E-001   2.5924E-002  -4.8440E-003  -2.9312E-002   8.8430E-003   1.0009E-001   1.0802E-001  -2.7916E-004   9.9966E-004  -3.1229E-002   1.8207E-001   8.7317E-001  
 1.2688E+000   1.8481E-002   4.3357E-001   1.6253E-001  -2.7380E-001   8.7661E-003  -5.9320E-002   7.9584E-002  -2.1542E-001  -1.4602E-001   4.8063E-002   1.6106E-001  -7.3923E-001   1.8246E-002   1.4854E-003  -1.5281E-002   6.2090E-003   6.7964E-002   1.0553E-001  -1.9279E-004   3.6579E-004  -3.0498E-002   1.8826E-001   8.8208E-001  
 9.1399E-001  -3.6682E-001   2.2965E-003   1.4653E-001  -2.2702E-001   8.8500E-002  -4.7543E-002   5.5485E-002  -1.9973E-001  -7.0395E-002   5.6155E-002   1.7564E-001  -7.3614E-001   1.0701E-002   5.4502E-003  -1.9073E-003   5.5607E-003   3.7077E-002   1.0032E-001  -2.5088E-004   1.1624E-004  -2.6883E-002   1.9507E-001   8.8246E-001  
 6.7353E-001  -7.2907E-001  -4.8209E-001   1.3265E-001  -1.3748E-001   1.5128E-001  -4.2340E-002   3.4794E-002  -1.7719E-001  -5.0926E-003   5.9647E-002   1.8629E-001  -7.2632E-001   3.7136E-003   7.2644E-003   9.4385E-003   8.9634E-003   6.8807E-003   9.3690E-002  -2.2521E-004  -1.3726E-004  -2.3439E-002   2.0180E-001   8.8604E-001  
 5.7061E-001  -1.0656E+000  -9.8543E-001   1.2787E-001  -2.8601E-002   1.7431E-001  -4.1649E-002   1.8579E-002  -1.5109E-001   5.0000E-002   6.0957E-002   1.9054E-001  -7.1059E-001  -2.9731E-003   6.8688E-003   1.7082E-002   1.6256E-002  -2.2599E-002   8.5049E-002   7.8257E-005  -3.0335E-004  -2.2216E-002   2.0660E-001   8.5747E-001  
 6.0897E-001  -1.3774E+000  -1.4853E+000   1.3696E-001   7.8171E-002   1.5073E-001  -4.1988E-002   4.8986E-003  -1.2431E-001   9.4923E-002   5.7849E-002   1.8758E-001  -6.9157E-001  -9.0075E-003   4.0799E-003   2.3393E-002   2.5030E-002  -4.9907E-002   7.4870E-002   3.8313E-004  -3.6857E-005  -2.0403E-002   2.1021E-001   8.8335E-001  
 7.8168E-001  -1.6631E+000  -1.9577E+000   1.6045E-001   1.6054E-001   8.7647E-002  -4.2347E-002  -8.4351E-003  -9.9709E-002   1.2867E-001   4.6615E-002   1.7765E-001  -6.6954E-001  -1.3999E-002  -6.8130E-004   3.1492E-002   3.6211E-002  -7.3349E-002   6.3971E-002   3.7255E-004   3.4987E-004  -1.4254E-002   2.1150E-001   8.9875E-001  
 1.0670E+000  -1.9162E+000  -2.3683E+000   1.9078E-001   1.9600E-001   8.6493E-003  -4.0441E-002  -2.0161E-002  -8.1563E-002   1.4920E-001   2.6852E-002   1.6099E-001  -6.4668E-001  -1.8330E-002  -6.9212E-003   4.0407E-002   4.9489E-002  -9.2245E-002   5.5020E-002   2.5332E-004   8.1658E-004  -4.4744E-003   2.1102E-001   9.3432E-001  
 1.4352E+000  -2.1348E+000  -2.6882E+000   2.1345E-001   1.6393E-001  -5.0364E-002  -3.2083E-002  -2.9542E-002  -7.4548E-002   1.5591E-001  -1.7837E-003   1.4109E-001  -6.2708E-001  -2.1163E-002  -1.4106E-002   4.7750E-002   6.0328E-002  -1.0624E-001   4.8241E-002   6.2712E-005   2.6019E-003   4.6392E-003   2.0949E-001   9.6275E-001  
 1.8490E+000  -2.3156E+000  -2.8814E+000   2.0747E-001   4.1509E-002  -3.8699E-002  -1.4667E-002  -3.7629E-002  -8.3744E-002   1.4849E-001  -4.3447E-002   1.2484E-001  -6.1593E-001  -2.2396E-002  -1.9925E-002   5.0742E-002   6.1089E-002  -1.1195E-001   4.4714E-002  -1.7924E-003   5.5745E-003   7.3807E-003   2.0536E-001   9.5781E-001  
 2.2564E+000  -2.4529E+000  -2.9046E+000   1.4505E-001  -1.9263E-001   1.0876E-001   1.0765E-002  -4.6364E-002  -1.1423E-001   1.2955E-001  -1.0414E-001   1.2346E-001  -6.2114E-001  -2.2072E-002  -1.9668E-002   4.6673E-002   4.3369E-002  -1.0489E-001   4.7792E-002  -6.8467E-003   1.0611E-002   2.0498E-003   1.9848E-001   9.3191E-001  
 2.5697E+000  -2.5707E+000  -2.7727E+000  -5.4329E-002  -6.0360E-001   5.0840E-001  -8.5154E-003  -8.0708E-002  -1.5573E-001   1.4465E-001  -2.0897E-001   1.7898E-001  -6.8068E-001  -2.0872E-002   1.8228E-002   2.6876E-002  -1.6125E-002  -6.2054E-002   6.8336E-002  -2.6192E-002   2.0730E-002  -5.9381E-003   1.9152E-001   8.9301E-001  
 3.8754E+000   2.3060E+000  -3.0390E-001   2.8899E-001   2.0548E-001   2.7630E-001  -6.7262E-001   5.4304E-001  -3.2407E-001  -1.0041E+000   2.8281E-002   5.7305E-002  -8.9036E-001  -3.1271E-002   5.9704E-002   5.9992E-003  -4.2250E-002   1.2793E-001   9.3081E-002   2.1935E-003   2.9402E-002  -2.3364E-002   1.4903E-001   7.6720E-001  
 3.0092E+000   1.3252E+000   5.0062E-001   3.8342E-002   2.4456E-001   1.5451E-001  -2.2476E-001   2.3895E-001  -3.1592E-001  -5.1345E-001  -4.9433E-002   1.3328E-001  -6.9595E-001   4.7191E-002  -1.6895E-002  -6.5963E-002   3.6831E-002   1.6500E-001   1.3141E-001  -5.0565E-003   5.7588E-003  -2.3487E-002   1.5829E-001   7.9842E-001  
 2.5690E+000   7.6854E-001   5.0901E-001   1.1771E-001  -4.1481E-002   1.9888E-002  -1.5706E-001   1.8510E-001  -3.2945E-001  -3.5886E-001  -1.0122E-002   1.4115E-001  -7.1808E-001   4.1319E-002  -4.9886E-003  -5.2632E-002   2.9140E-002   1.2915E-001   1.3950E-001  -3.1201E-003   2.6849E-003  -2.8878E-002   1.6444E-001   8.3145E-001  
 2.1275E+000   2.6696E-001   3.3004E-001   1.5599E-001  -2.0358E-001   1.2290E-002  -1.1423E-001   1.4318E-001  -3.2361E-001  -2.3252E-001   1.7369E-002   1.5610E-001  -7.3120E-001   3.2451E-002   4.2382E-003  -3.8272E-002   2.4002E-002   9.3424E-002   1.4030E-001  -1.5673E-003   1.0381E-003  -3.2902E-002   1.7126E-001   8.6446E-001  
 1.7257E+000  -1.8373E-001   1.9997E-002   1.6770E-001  -2.5799E-001   7.2591E-002  -8.7421E-002   1.0920E-001  -3.0350E-001  -1.2903E-001   3.4314E-002   1.7249E-001  -7.3471E-001   2.2655E-002   1.0442E-002  -2.3969E-002   2.0497E-002   5.9383E-002   1.3640E-001  -8.8943E-004   3.4880E-004  -3.3596E-002   1.7879E-001   8.8128E-001  
 1.3964E+000  -5.9294E-001  -3.7866E-001   1.6697E-001  -2.3004E-001   1.5187E-001  -7.1259E-002   8.1078E-002  -2.7377E-001  -4.3560E-002   4.3545E-002   1.8706E-001  -7.3020E-001   1.2948E-002   1.3982E-002  -9.7129E-003   1.8739E-002   2.7055E-002   1.2930E-001  -2.9758E-004  -2.5864E-006  -3.0799E-002   1.8695E-001   8.8379E-001  
 1.1675E+000  -9.6688E-001  -8.3311E-001   1.6428E-001  -1.4588E-001   2.1433E-001  -6.2104E-002   5.7346E-002  -2.3811E-001   2.7078E-002   4.6761E-002   1.9799E-001  -7.1884E-001   3.6026E-003   1.4838E-002   4.0417E-003   1.9812E-002  -3.6332E-003   1.2007E-001  -1.7233E-004  -2.2049E-004  -2.5995E-002   1.9540E-001   8.8530E-001  
 1.0600E+000  -1.3035E+000  -1.3072E+000   1.6617E-001  -3.5316E-002   2.3689E-001  -5.7859E-002   3.7625E-002  -1.9914E-001   8.3590E-002   4.5008E-002   2.0331E-001  -7.0079E-001  -4.8854E-003   1.3544E-002   1.5936E-002   2.4983E-002  -3.2545E-002   1.0918E-001   4.7777E-005  -3.2202E-004  -2.0953E-002   2.0230E-001   8.8731E-001  
 1.0782E+000  -1.6047E+000  -1.7760E+000   1.7633E-001   7.2674E-002   2.1298E-001  -5.5872E-002   2.1211E-002  -1.5920E-001   1.2619E-001   3.7729E-002   2.0162E-001  -6.7793E-001  -1.2552E-002   1.0190E-002   2.6685E-002   3.3363E-002  -5.8618E-002   9.6583E-002   3.2426E-004  -2.5061E-004  -1.4806E-002   2.0688E-001   8.7862E-001  
 1.2162E+000  -1.8694E+000  -2.2141E+000   1.9388E-001   1.4915E-001   1.5008E-001  -5.4081E-002   7.7812E-003  -1.2088E-001   1.5357E-001   2.3377E-002   1.9207E-001  -6.5189E-001  -1.9383E-002   4.9801E-003   3.7042E-002   4.4911E-002  -8.0250E-002   8.3313E-002   6.2364E-004   3.8309E-005  -6.3825E-003   2.0871E-001   9.1305E-001  
 1.4535E+000  -2.0913E+000  -2.5870E+000   2.1056E-001   1.6421E-001   7.0978E-002  -4.9499E-002  -2.7074E-003  -8.9329E-002   1.6401E-001   4.5871E-004   1.7543E-001  -6.2781E-001  -2.4422E-002  -2.3450E-003   4.5132E-002   5.6549E-002  -9.6510E-002   7.0374E-002   1.9536E-003   9.2301E-004   2.2393E-003   2.0871E-001   9.4715E-001  
 1.7610E+000  -2.2678E+000  -2.8649E+000   2.1174E-001   8.9408E-002   1.2070E-002  -3.9852E-002  -1.0875E-002  -6.8677E-002   1.5734E-001  -3.3924E-002   1.5594E-001  -6.1138E-001  -2.6517E-002  -9.6848E-003   4.8435E-002   6.2768E-002  -1.0487E-001   5.8430E-002   2.7114E-003   4.1518E-003   6.8919E-003   2.0635E-001   9.5779E-001  
 2.1036E+000  -2.3941E+000  -3.0109E+000   1.7680E-001  -1.0496E-001   2.3932E-002  -2.2332E-002  -1.7308E-002  -6.4014E-002   1.3313E-001  -8.3089E-002   1.4057E-001  -6.0883E-001  -2.4853E-002  -1.4391E-002   4.5331E-002   5.7440E-002  -1.0253E-001   4.9044E-002   1.9045E-003   1.0180E-002   5.6995E-003   2.0150E-001   9.5654E-001  
 2.4319E+000  -2.4652E+000  -2.9834E+000   7.6782E-002  -4.4648E-001   1.7124E-001   6.9967E-004  -2.5270E-002  -8.0702E-002   9.2905E-002  -1.5334E-001   1.4059E-001  -6.2938E-001  -2.1033E-002  -1.3503E-002   3.3358E-002   3.2448E-002  -8.6741E-002   4.5458E-002  -1.4763E-003   1.5520E-002  -1.6858E-003   1.9440E-001   9.2963E-001  
 1.8757E+000  -3.0776E+000  -3.7550E+000  -8.3106E-001  -1.7593E+000   9.7007E-001  -6.1865E-001  -4.2286E-001  -1.3970E-001   5.7225E-001  -5.0406E-001   3.7026E-001  -1.0601E+000   9.3473E-002   1.7101E-001  -1.1897E-001  -2.2165E-001   6.4309E-002   4.2301E-002  -2.3950E-002   5.0438E-002  -1.0485E-002   1.5389E-001   8.8928E-001  
 2.5933E+000   2.3014E-001  -1.7162E-001   1.1445E-001  -4.2566E-002   1.0148E-002  -1.5700E-001   1.9723E-001  -4.5052E-001  -2.1627E-001  -6.4131E-003   1.6553E-001  -7.1800E-001   3.7322E-002   1.5478E-002  -4.9068E-002   3.8847E-002   8.3259E-002   1.7336E-001  -3.7740E-003   1.0520E-003  -3.0912E-002   1.6056E-001   8.3569E-001  
 2.2361E+000  -2.6461E-001  -4.2900E-001   1.4910E-001  -1.6025E-001   6.9108E-002  -1.2136E-001   1.5436E-001  -4.0810E-001  -9.6026E-002   1.1566E-002   1.8159E-001  -7.2206E-001   2.5897E-002   2.1659E-002  -3.4715E-002   3.5007E-002   4.7425E-002   1.6767E-001  -1.9834E-003   1.9470E-004  -3.2528E-002   1.6924E-001   8.5568E-001  
 1.9390E+000  -7.0159E-001  -7.8148E-001   1.6710E-001  -1.7839E-001   1.4722E-001  -9.8876E-002   1.2040E-001  -3.5860E-001   4.0971E-004   2.1626E-002   1.9663E-001  -7.1792E-001   1.3960E-002   2.4161E-002  -1.9125E-002   3.2336E-002   1.3903E-002   1.5766E-001  -1.2769E-003  -6.0737E-004  -3.0264E-002   1.7853E-001   8.5604E-001  
 1.7256E+000  -1.0897E+000  -1.1928E+000   1.7689E-001  -1.2782E-001   2.0843E-001  -8.4596E-002   9.2049E-002  -3.0328E-001   7.6988E-002   2.4178E-002   2.0766E-001  -7.0528E-001   2.6569E-003   2.4464E-002  -4.0993E-003   3.2655E-002  -1.7429E-002   1.4553E-001  -4.1447E-004  -7.4831E-004  -2.5608E-002   1.8775E-001   8.6379E-001  
 1.6153E+000  -1.4269E+000  -1.6255E+000   1.8540E-001  -4.4574E-002   2.3033E-001  -7.6002E-002   6.9008E-002  -2.4573E-001   1.3462E-001   2.0227E-002   2.1311E-001  -6.8616E-001  -7.9682E-003   2.2177E-002   1.0401E-002   3.6347E-002  -4.5848E-002   1.3111E-001  -1.8825E-004  -8.0562E-004  -1.8792E-002   1.9546E-001   8.5417E-001  
 1.6120E+000  -1.7162E+000  -2.0518E+000   1.9487E-001   3.5718E-002   2.0616E-001  -7.0217E-002   5.0422E-002  -1.8777E-001   1.7409E-001   9.4780E-003   2.1135E-001  -6.6245E-001  -1.7486E-002   1.7331E-002   2.3390E-002   4.3293E-002  -7.0621E-002   1.1478E-001   3.0129E-004  -1.4342E-003  -1.0865E-002   2.0096E-001   8.6592E-001  
 1.7102E+000  -1.9572E+000  -2.4445E+000   2.0247E-001   7.6677E-002   1.4305E-001  -6.4911E-002   3.5914E-002  -1.3215E-001   1.9471E-001  -9.3231E-003   2.0135E-001  -6.3777E-001  -2.4884E-002   9.9439E-003   3.3213E-002   5.1973E-002  -9.0217E-002   9.6476E-002   2.4222E-003  -1.6601E-003  -3.3453E-003   2.0360E-001   9.0542E-001  
 1.8914E+000  -2.1429E+000  -2.7676E+000   2.0093E-001   4.2425E-002   6.4420E-002  -5.7054E-002   2.5953E-002  -8.2384E-002   1.9507E-001  -3.7442E-002   1.8513E-001  -6.1688E-001  -2.9409E-002   1.7356E-003   3.9392E-002   5.9571E-002  -1.0248E-001   7.8159E-002   4.9881E-003   4.5873E-004   2.8724E-003   2.0368E-001   9.2997E-001  
 2.1278E+000  -2.2717E+000  -2.9911E+000   1.7353E-001  -1.0406E-001   5.5145E-003  -4.5459E-002   1.7813E-002  -4.4655E-002   1.7475E-001  -7.9408E-002   1.6571E-001  -6.0903E-001  -2.8752E-002  -7.0915E-003   3.7443E-002   5.9167E-002  -1.0482E-001   5.8777E-002   8.3331E-003   4.9839E-003   3.7166E-003   2.0092E-001   9.4463E-001  
 3.0648E+000   3.7827E-001  -7.2959E-001   3.4455E-002   2.4045E-001  -1.1521E-001  -2.1272E-001   2.8071E-001  -6.0766E-001  -1.7969E-001  -3.9510E-002   1.6929E-001  -6.9772E-001   3.9318E-002   2.7846E-002  -5.9715E-002   5.1644E-002   6.8348E-002   2.0508E-001  -6.5494E-003   7.6002E-004  -2.5788E-002   1.5028E-001   7.9628E-001  
 2.7535E+000  -1.7126E-001  -9.1536E-001   9.1145E-002   3.2208E-002  -6.0120E-002  -1.6379E-001   2.2398E-001  -5.3426E-001  -4.0657E-002  -2.1418E-002   1.8421E-001  -7.0242E-001   2.6104E-002   3.3287E-002  -4.6848E-002   4.8368E-002   3.0860E-002   1.9685E-001  -5.2675E-003  -8.4514E-004  -2.7937E-002   1.5998E-001   8.1314E-001  
 2.4900E+000  -6.4375E-001  -1.2051E+000   1.2721E-001  -6.1997E-002   1.3927E-002  -1.3151E-001   1.7954E-001  -4.5594E-001   6.7385E-002  -1.2237E-002   1.9794E-001  -6.9881E-001   1.2454E-002   3.5774E-002  -3.2450E-002   4.5870E-002  -4.2029E-003   1.8462E-001  -3.6694E-003  -1.8656E-003  -2.7127E-002   1.7016E-001   8.2760E-001  
 2.2940E+000  -1.0494E+000  -1.5591E+000   1.5022E-001  -7.8702E-002   7.2444E-002  -1.1031E-001   1.4448E-001  -3.7467E-001   1.5001E-001  -1.0889E-002   2.0845E-001  -6.8762E-001  -1.0719E-003   3.4713E-002  -1.6860E-002   4.5303E-002  -3.6365E-002   1.6831E-001  -2.4460E-003  -2.7200E-003  -2.2974E-002   1.7969E-001   8.3379E-001  
 2.1818E+000  -1.3885E+000  -1.9368E+000   1.6408E-001  -5.7196E-002   9.3028E-002  -9.5833E-002   1.1745E-001  -2.9262E-001   2.0920E-001  -1.6802E-002   2.1341E-001  -6.7024E-001  -1.3138E-002   3.0351E-002  -2.1229E-003   4.7419E-002  -6.4284E-002   1.4907E-001  -9.1841E-004  -3.9814E-003  -1.6996E-002   1.8783E-001   8.2691E-001  
 2.1560E+000  -1.6652E+000  -2.3077E+000   1.7001E-001  -3.9718E-002   6.8396E-002  -8.5009E-002   9.6417E-002  -2.1112E-001   2.4585E-001  -3.0975E-002   2.1085E-001  -6.4980E-001  -2.3252E-002   2.3262E-002   1.0112E-002   5.1474E-002  -8.7380E-002   1.2703E-001   1.5345E-003  -4.7297E-003  -1.0457E-002   1.9363E-001   8.4047E-001  
 2.2110E+000  -1.8798E+000  -2.6421E+000   1.6439E-001  -6.9353E-002   4.9312E-003  -7.4995E-002   7.9739E-002  -1.3267E-001   2.5903E-001  -5.5447E-002   1.9968E-001  -6.3076E-001  -3.0566E-002   1.3066E-002   1.7919E-002   5.5806E-002  -1.0451E-001   1.0206E-001   5.4771E-003  -5.0015E-003  -4.7168E-003   1.9677E-001   8.7546E-001  
 2.3297E+000  -2.0273E+000  -2.9038E+000   1.3714E-001  -1.8965E-001  -7.4335E-002  -6.4473E-002   6.6770E-002  -6.2260E-002   2.4855E-001  -9.1974E-002   1.8151E-001  -6.2070E-001  -3.2543E-002   1.2412E-003   1.8215E-002   5.6395E-002  -1.1236E-001   7.4565E-002   1.0896E-002  -2.4232E-003  -2.2754E-003   1.9665E-001   9.0400E-001  
 2.4875E+000  -2.1043E+000  -3.0609E+000   7.2975E-002  -4.4275E-001  -1.3263E-001  -5.1536E-002   5.6637E-002  -2.6131E-003   2.1454E-001  -1.4340E-001   1.6156E-001  -6.2778E-001  -2.8601E-002  -8.5163E-003   9.6270E-003   4.7812E-002  -1.0799E-001   4.7182E-002   1.4278E-002   3.9793E-003  -3.8026E-003   1.9389E-001   8.9318E-001  
 4.1720E+000   1.5837E+000  -1.8361E+000   4.6342E-001   2.2377E-002  -7.8178E-002  -5.9453E-001   9.2097E-001  -1.2343E+000  -1.2776E-001   1.0526E-001   3.2105E-001  -9.7427E-001  -5.2729E-002  -1.0312E-001   7.5336E-002  -3.5133E-002   4.0293E-002   1.3074E-001  -3.5795E-002  -1.5294E-002  -2.4650E-002   1.1983E-001   6.4140E-001  
 3.2805E+000   2.1266E-001  -1.4736E+000   2.0318E-002   2.9220E-001  -3.4497E-001  -2.3804E-001   3.7565E-001  -7.2822E-001   6.0601E-002  -5.0361E-002   2.0115E-001  -7.0409E-001   2.1280E-002   1.8600E-002  -4.4000E-002   5.2743E-002   1.5739E-002   2.0365E-001  -1.5004E-002  -1.3934E-002  -2.2676E-002   1.5205E-001   7.6983E-001  
 3.0122E+000  -3.5642E-001  -1.6586E+000   3.0901E-002   1.2473E-001  -3.1306E-001  -1.7276E-001   2.7174E-001  -5.7313E-001   1.6810E-001  -5.9471E-002   1.8724E-001  -6.7539E-001   7.8919E-003   4.6555E-002  -4.8608E-002   5.7908E-002  -2.7765E-002   2.0788E-001  -7.2312E-003  -4.6314E-003  -2.2142E-002   1.6198E-001   7.9408E-001  
 2.8319E+000  -7.8699E-001  -1.9371E+000   6.3758E-002   3.7938E-003  -2.6041E-001  -1.4120E-001   2.2617E-001  -4.5676E-001   2.5710E-001  -6.0014E-002   1.9508E-001  -6.6778E-001  -7.4460E-003   4.3516E-002  -3.5597E-002   5.6486E-002  -6.0904E-002   1.8663E-001  -5.1119E-003  -7.1023E-003  -1.9732E-002   1.7185E-001   7.9932E-001  
 2.7155E+000  -1.1326E+000  -2.2436E+000   7.8975E-002  -7.5690E-002  -2.4443E-001  -1.1870E-001   1.9079E-001  -3.4259E-001   3.1665E-001  -6.9897E-002   1.9655E-001  -6.5615E-001  -2.0967E-002   3.6429E-002  -2.4514E-002   5.6013E-002  -8.9207E-002   1.6106E-001  -1.7837E-003  -9.2306E-003  -1.6439E-002   1.8006E-001   8.1114E-001  
 2.6648E+000  -1.3988E+000  -2.5439E+000   7.6757E-002  -1.6149E-001  -2.7201E-001  -1.0133E-001   1.6348E-001  -2.3108E-001   3.4906E-001  -8.9606E-002   1.9049E-001  -6.4357E-001  -3.1403E-002   2.5704E-002  -1.6550E-002   5.6420E-002  -1.1134E-001   1.3154E-001   3.0660E-003  -1.0569E-002  -1.2763E-002   1.8585E-001   8.0183E-001  
 2.6741E+000  -1.5861E+000  -2.8053E+000   5.2176E-002  -3.0325E-001  -3.3637E-001  -8.6026E-002   1.4280E-001  -1.2382E-001   3.5455E-001  -1.2063E-001   1.7667E-001  -6.3616E-001  -3.7191E-002   1.2136E-002  -1.3592E-002   5.4943E-002  -1.2523E-001   9.8125E-002   9.1905E-003  -9.6155E-003  -9.6659E-003   1.8898E-001   8.3995E-001  
 2.6969E+000  -1.7354E+000  -3.0105E+000  -4.1821E-002  -5.8192E-001  -4.4502E-001  -8.8763E-002   8.7457E-002  -5.9076E-002   3.2176E-001  -1.8090E-001   1.3487E-001  -6.6625E-001  -3.3962E-002  -2.5348E-002  -3.3891E-002   4.1155E-002  -1.3361E-001   4.4041E-002   2.0979E-002  -1.5208E-002  -8.9287E-003   1.9194E-001   8.2969E-001  
 2.1375E+000  -2.5207E+000  -3.5685E+000  -6.9085E-001  -1.6065E+000  -7.9925E-001  -3.8728E-001  -4.0437E-001  -3.6947E-001   3.2557E-001  -4.3487E-001  -6.9881E-003  -9.9381E-001   7.2203E-002  -1.4900E-001  -1.9370E-001  -9.2334E-002  -9.7376E-002  -7.5024E-002   4.4085E-002  -1.1981E-002  -1.2227E-002   1.7067E-001   1.0136E+000  
