 4.6508E+000  -3.5824E+000  -9.1587E-001  -1.8630E-001  -7.0422E-001  -3.3355E-001  -2.4153E-001  -6.8109E-001  -1.9930E-001   1.0493E-002  -2.9449E-001  -1.6811E-001  -2.2258E-001   3.3602E-002  -6.6298E-002   2.3313E-001   1.0380E-001   1.6975E-003   1.1183E-001  -1.2063E-002   8.7019E-003  -1.9347E-002   3.6580E-002   3.0178E-001  
 4.5928E+000  -3.5532E+000  -1.1157E+000   7.7298E-002  -2.0516E-001  -1.5854E-001  -2.9330E-001  -8.1045E-001  -2.3636E-001  -8.4320E-002  -1.8361E-001  -1.0650E-001  -9.6991E-002   8.5607E-004  -3.0151E-002   1.5539E-001   5.6898E-002   2.5418E-002   7.0015E-002  -4.2689E-003   1.0486E-002  -9.5850E-003   4.9102E-002   2.3183E-001  
 4.3902E+000  -3.3942E+000  -1.2947E+000   1.4790E-001  -7.9142E-003  -5.3366E-002  -2.7543E-001  -8.1244E-001  -1.6591E-001  -1.5287E-001  -1.4620E-001  -8.7147E-002  -6.3554E-002  -7.9422E-003  -1.5357E-002   1.3689E-001   4.6825E-002   3.7731E-002   4.0791E-002   1.6453E-003   6.6615E-003  -8.1652E-003   4.9426E-002   2.3141E-001  
 4.2224E+000  -3.2950E+000  -1.5320E+000   1.7493E-001   8.0248E-002   2.4478E-002  -2.5598E-001  -8.0495E-001  -7.7526E-002  -1.8888E-001  -1.2763E-001  -8.2068E-002  -5.1109E-002  -1.2840E-002  -8.0571E-003   1.3014E-001   4.3858E-002   4.5666E-002   1.8594E-002   5.2015E-003   4.3857E-003  -7.6370E-003   4.9432E-002   2.3149E-001  
 4.1165E+000  -3.2705E+000  -1.7965E+000   1.7985E-001   1.1883E-001   6.4269E-002  -2.3899E-001  -8.0354E-001   1.2104E-002  -1.9839E-001  -1.2043E-001  -8.4351E-002  -4.4178E-002  -1.4462E-002  -1.9523E-004   1.2816E-001   4.2769E-002   4.7417E-002  -3.3308E-003   6.8048E-003   5.5653E-004  -7.7164E-003   4.9529E-002   2.2883E-001  
 4.0763E+000  -3.3187E+000  -2.0558E+000   1.6554E-001   1.5693E-001   5.9317E-002  -2.2119E-001  -8.0835E-001   1.0144E-001  -1.8217E-001  -1.2370E-001  -9.4491E-002  -3.7276E-002  -1.3152E-002   7.6123E-003   1.3049E-001   4.1536E-002   4.3505E-002  -2.4885E-002   6.1137E-003  -3.4502E-003  -8.1467E-003   4.9820E-002   2.2587E-001  
 4.0980E+000  -3.4419E+000  -2.2770E+000   1.2927E-001   2.4350E-001   1.6264E-002  -1.9922E-001  -8.1945E-001   1.8902E-001  -1.3911E-001  -1.3807E-001  -1.1206E-001  -2.5204E-002  -8.7978E-003   1.4778E-002   1.3749E-001   3.8386E-002   3.3788E-002  -4.5949E-002   3.3625E-003  -6.3196E-003  -9.1698E-003   5.0161E-002   2.3263E-001  
 4.1586E+000  -3.6280E+000  -2.4277E+000   5.2634E-002   4.3553E-001  -5.3162E-002  -1.7549E-001  -8.2413E-001   2.6032E-001  -6.3248E-002  -1.6957E-001  -1.4254E-001   5.4369E-003  -1.3979E-003   2.8321E-002   1.5467E-001   2.8895E-002   2.0322E-002  -7.2240E-002  -1.5764E-003  -1.0765E-002  -1.0799E-002   5.0825E-002   2.7937E-001  
 4.1068E+000  -3.7182E+000  -2.5593E+000  -1.8888E-001   8.9353E-001  -1.8840E-001  -1.9832E-001  -7.2240E-001   2.4116E-001   5.1836E-002  -2.6360E-001  -2.1693E-001   1.0859E-001   2.1410E-002   6.1955E-002   2.2459E-001  -6.4417E-003   2.2592E-003  -1.0790E-001  -8.4735E-003  -1.0658E-002  -1.8899E-002   4.3423E-002   3.7832E-001  
 4.2961E+000  -3.6197E+000  -7.8182E-001   1.5457E-001  -5.8827E-002   7.5452E-002  -3.1121E-001  -7.9240E-001  -2.1351E-001   5.1601E-002  -1.3913E-001  -7.0018E-002  -7.8369E-002   1.1011E-002  -1.1583E-002   1.3317E-001   4.9986E-002  -1.2708E-002   5.2093E-002  -5.7754E-003   1.8404E-003  -8.3545E-003   4.9519E-002   2.3069E-001  
 3.9878E+000  -3.4159E+000  -9.2972E-001   2.1555E-001   1.2955E-001   1.5223E-001  -2.8467E-001  -7.7648E-001  -1.6779E-001  -2.6082E-002  -1.0003E-001  -5.9213E-002  -5.1490E-002   2.6861E-003  -1.0422E-002   1.1959E-001   4.1246E-002   5.8334E-003   3.8602E-002  -2.9027E-003   4.0240E-003  -6.6577E-003   4.9215E-002   2.3051E-001  
 3.7222E+000  -3.2790E+000  -1.1739E+000   2.4553E-001   1.9229E-001   2.4840E-001  -2.6623E-001  -7.6607E-001  -1.1365E-001  -7.8885E-002  -7.3570E-002  -4.9416E-002  -3.9085E-002  -2.4014E-003  -6.9518E-003   1.1042E-001   3.8725E-002   1.6916E-002   2.4128E-002   4.1849E-004   3.8827E-003  -5.7236E-003   4.8986E-002   2.2876E-001  
 3.5217E+000  -3.2027E+000  -1.4792E+000   2.5649E-001   1.6924E-001   3.2819E-001  -2.5252E-001  -7.6037E-001  -5.3698E-002  -1.0889E-001  -5.7870E-002  -4.4675E-002  -3.6153E-002  -4.6645E-003  -3.0692E-003   1.0540E-001   4.0069E-002   2.2188E-002   1.0023E-002   2.5353E-003   2.0726E-003  -5.5326E-003   4.8759E-002   2.2675E-001  
 3.4044E+000  -3.1844E+000  -1.8089E+000   2.5594E-001   1.0292E-001   3.6857E-001  -2.4092E-001  -7.5923E-001   8.4450E-003  -1.1672E-001  -5.1790E-002  -4.7249E-002  -3.7819E-002  -5.2810E-003   2.6702E-004   1.0410E-001   4.3088E-002   2.3073E-002  -3.1849E-003   3.3086E-003   6.9531E-005  -5.7506E-003   4.8654E-002   2.2593E-001  
 3.3743E+000  -3.2227E+000  -2.1333E+000   2.4668E-001   3.6276E-002   3.6291E-001  -2.2865E-001  -7.6280E-001   7.0209E-002  -1.0326E-001  -5.4583E-002  -5.7407E-002  -3.9424E-002  -4.6160E-003   3.5302E-003   1.0609E-001   4.5934E-002   1.9947E-002  -1.6022E-002   2.9342E-003  -2.0251E-003  -6.2560E-003   4.8802E-002   2.2488E-001  
 3.4271E+000  -3.3191E+000  -2.4229E+000   2.2590E-001   1.2216E-002   3.1790E-001  -2.1286E-001  -7.7117E-001   1.2904E-001  -6.7508E-002  -6.6653E-002  -7.4806E-002  -3.6375E-002  -2.4592E-003   7.1961E-003   1.1170E-001   4.6786E-002   1.2709E-002  -2.9068E-002   1.2354E-003  -4.0739E-003  -7.1583E-003   4.9152E-002   2.2121E-001  
 3.5471E+000  -3.4764E+000  -2.6407E+000   1.8655E-001   7.2998E-002   2.5587E-001  -1.9054E-001  -7.8461E-001   1.8142E-001  -8.5917E-003  -8.8954E-002  -9.6999E-002  -2.4127E-002   2.1573E-003   1.0500E-002   1.2107E-001   4.3669E-002   3.2965E-004  -4.1917E-002  -1.7128E-003  -4.7858E-003  -8.5558E-003   4.9585E-002   2.1740E-001  
 3.7120E+000  -3.7012E+000  -2.7511E+000   1.1728E-001   2.5793E-001   2.1242E-001  -1.5780E-001  -8.0429E-001   2.2474E-001   7.6125E-002  -1.2299E-001  -1.2024E-001   1.6586E-003   9.5647E-003   1.1920E-002   1.3419E-001   3.4773E-002  -1.8544E-002  -5.3493E-002  -4.6142E-003  -3.5663E-003  -1.0339E-002   5.0248E-002   2.5811E-001  
 3.6984E+000  -3.6247E+000  -5.7024E-001   2.3524E-001   2.4394E-001   1.6819E-001  -2.9438E-001  -7.5605E-001  -1.2712E-001   7.2602E-002  -7.6790E-002  -5.2470E-002  -4.8364E-002   7.1825E-003  -3.2146E-003   1.1415E-001   3.6028E-002  -1.6902E-002   2.7056E-002  -3.7147E-003  -6.1587E-004  -6.2164E-003   4.9249E-002   2.2972E-001  
 3.3249E+000  -3.4699E+000  -7.8079E-001   2.6387E-001   3.3044E-001   2.4632E-001  -2.7273E-001  -7.4361E-001  -1.0449E-001   1.0099E-002  -4.3619E-002  -4.2387E-002  -3.1355E-002   2.2102E-003  -3.1563E-003   1.0487E-001   3.1979E-002  -2.9297E-003   1.9896E-002  -1.5440E-003   1.0411E-003  -5.7174E-003   4.8224E-002   2.2666E-001  
 3.0091E+000  -3.3663E+000  -1.0813E+000   2.6972E-001   3.0962E-001   3.4316E-001  -2.5863E-001  -7.3486E-001  -7.1945E-002  -3.1887E-002  -2.2030E-002  -3.4134E-002  -2.6172E-002  -2.5850E-004  -2.3389E-003   9.9948E-002   3.3711E-002   5.2869E-003   1.2614E-002  -2.9536E-006   1.4849E-003  -6.8618E-003   4.6655E-002   2.1973E-001  
 2.7772E+000  -3.3094E+000  -1.4393E+000   2.6635E-001   2.1606E-001   4.2355E-001  -2.4945E-001  -7.3036E-001  -3.4155E-002  -5.5384E-002  -9.0983E-003  -3.0466E-002  -2.7383E-002  -1.4076E-003  -9.0906E-004   9.7306E-002   3.8081E-002   9.1808E-003   4.8131E-003   1.1957E-003   8.2245E-004  -7.9656E-003   4.5574E-002   2.1903E-001  
 2.6489E+000  -3.2965E+000  -1.8192E+000   2.6113E-001   8.6337E-002   4.6424E-001  -2.4228E-001  -7.2950E-001   5.7489E-003  -6.1515E-002  -4.0442E-003  -3.3337E-002  -3.1790E-002  -1.5566E-003   3.6131E-004   9.6710E-002   4.3587E-002   9.5653E-003  -2.6308E-003   1.5112E-003  -1.8348E-004  -8.6523E-003   4.5113E-002   2.1752E-001  
 2.6288E+000  -3.3260E+000  -2.1939E+000   2.5651E-001  -4.3608E-002   4.5830E-001  -2.3453E-001  -7.3221E-001   4.5221E-002  -5.0770E-002  -6.2163E-003  -4.3353E-002  -3.6048E-002  -1.1926E-003   1.5303E-003   9.8055E-002   4.8855E-002   6.9896E-003  -9.7156E-003   1.2578E-003  -1.1592E-003  -8.7848E-003   4.5448E-002   2.1603E-001  
 2.7119E+000  -3.3996E+000  -2.5362E+000   2.5000E-001  -1.3789E-001   4.1270E-001  -2.2349E-001  -7.3867E-001   8.1736E-002  -2.2585E-002  -1.6017E-002  -5.9778E-002  -3.6890E-002   2.9943E-006   2.7139E-003   1.0132E-001   5.2532E-002   1.1833E-003  -1.6471E-002   2.5880E-004  -1.8637E-003  -8.4493E-003   4.6400E-002   2.1554E-001  
 2.8809E+000  -3.5199E+000  -2.8107E+000   2.3428E-001  -1.5996E-001   3.5002E-001  -2.0608E-001  -7.4958E-001   1.1215E-001   2.4250E-002  -3.4018E-002  -8.0486E-002  -3.1282E-002   2.3049E-003   3.3754E-003   1.0675E-001   5.3216E-002  -8.3946E-003  -2.2325E-002  -1.1322E-003  -1.7362E-003  -8.0428E-003   4.7802E-002   2.1507E-001  
 3.1094E+000  -3.6916E+000  -2.9846E+000   1.9620E-001  -7.5582E-002   3.0539E-001  -1.7923E-001  -7.6463E-001   1.3188E-001   9.2086E-002  -6.2773E-002  -1.0288E-001  -1.4347E-002   6.8183E-003   3.4718E-003   1.1609E-001   4.8252E-002  -2.2997E-002  -2.7782E-002  -3.3248E-003  -6.1694E-004  -8.9309E-003   4.8884E-002   2.3445E-001  
 4.2676E+000  -4.2811E+000  -3.6223E-001  -1.8935E-001  -5.9546E-001   6.4592E-001  -2.7653E-001  -6.8959E-001   5.0789E-002   2.2575E-001  -2.7317E-001   1.6431E-002  -2.5309E-001   4.1065E-002   5.5841E-002   1.8652E-001   1.4087E-001  -1.0926E-001  -9.4947E-004   4.9606E-003  -1.3937E-002  -1.8879E-002   4.1944E-002   3.6747E-001  
 4.0233E+000  -4.1518E+000  -3.1310E-001   1.3710E-001   6.1967E-003   2.3935E-001  -3.5323E-001  -7.5957E-001  -1.9848E-002   2.2694E-001  -1.3162E-001  -4.8001E-002  -1.0165E-001   1.1872E-002   1.1169E-002   1.2998E-001   5.4050E-002  -5.4881E-002   4.6088E-003   3.5105E-004  -6.6702E-003  -9.3062E-003   5.0129E-002   2.2933E-001  
 3.5604E+000  -3.9470E+000  -2.7601E-001   2.2600E-001   2.7653E-001   1.1851E-001  -3.1003E-001  -7.4393E-001  -5.0880E-002   1.4090E-001  -7.3572E-002  -5.3134E-002  -6.0267E-002   7.1916E-003   3.8802E-003   1.1647E-001   3.4705E-002  -3.1517E-002   9.4156E-003  -8.9158E-004  -4.0709E-003  -6.9510E-003   4.9297E-002   2.2207E-001  
 3.0890E+000  -3.7909E+000  -4.1081E-001   2.6011E-001   4.0850E-001   1.2815E-001  -2.8106E-001  -7.3129E-001  -6.0710E-002   7.4556E-002  -3.2392E-002  -4.7111E-002  -3.6239E-002   3.3062E-003   5.3768E-004   1.0761E-001   2.6950E-002  -1.5463E-002   9.8936E-003  -9.4769E-004  -1.4237E-003  -6.8919E-003   4.7560E-002   2.2206E-001  
 2.6560E+000  -3.6795E+000  -6.6963E-001   2.6167E-001   4.2592E-001   2.0661E-001  -2.6342E-001  -7.2227E-001  -5.5516E-002   2.6576E-002  -4.0591E-003  -3.7607E-002  -2.4570E-002   1.0295E-003  -2.3972E-004   1.0235E-001   2.6696E-002  -5.5459E-003   7.9606E-003  -2.7043E-004  -2.3660E-004  -8.6562E-003   4.5190E-002   2.1354E-001  
 2.2951E+000  -3.6059E+000  -1.0132E+000   2.4836E-001   3.5643E-001   3.0416E-001  -2.5312E-001  -7.1621E-001  -4.0415E-002  -5.3905E-003   1.4307E-002  -2.9792E-002  -2.1175E-002  -3.3561E-005  -7.9911E-005   9.9892E-002   3.0958E-002   6.8541E-005   5.0090E-003   4.9842E-004  -4.4116E-006  -1.1520E-002   4.2482E-002   2.0300E-001  
 2.0346E+000  -3.5658E+000  -1.4106E+000   2.3309E-001   2.2731E-001   3.8488E-001  -2.4723E-001  -7.1292E-001  -1.9394E-002  -2.3028E-002   2.5038E-002  -2.6817E-002  -2.2537E-002  -3.4501E-004   7.4515E-005   9.9087E-002   3.7277E-002   2.7249E-003   1.6517E-003   7.2090E-004  -6.2117E-005  -1.3972E-002   4.0396E-002   1.9915E-001  
 1.8965E+000  -3.5574E+000  -1.8277E+000   2.2403E-001   6.9290E-002   4.2568E-001  -2.4323E-001  -7.1228E-001   3.7033E-003  -2.7430E-002   2.9252E-002  -3.0039E-002  -2.5741E-002  -3.7082E-004   2.8183E-004   9.8997E-002   4.4064E-002   2.8851E-003  -1.9092E-003   7.9354E-004  -2.2480E-004  -1.4978E-002   3.9577E-002   1.9635E-001  
 1.8854E+000  -3.5791E+000  -2.2396E+000   2.2344E-001  -8.8876E-002   4.1962E-001  -2.3873E-001  -7.1420E-001   2.6311E-002  -1.9267E-002   2.7492E-002  -3.9862E-002  -2.8776E-002  -1.7397E-004   4.1495E-004   9.9671E-002   5.0630E-002   7.7828E-004  -5.1191E-003   7.1614E-004  -3.7326E-004  -1.4622E-002   4.0116E-002   1.9700E-001  
 1.9963E+000  -3.6325E+000  -2.6213E+000   2.2883E-001  -2.1849E-001   3.7369E-001  -2.3120E-001  -7.1890E-001   4.5888E-002   2.0859E-003   1.9508E-002  -5.5733E-002  -2.9596E-002   2.2462E-004   3.8666E-004   1.0114E-001   5.6152E-002  -3.5578E-003  -7.4969E-003   5.2793E-004  -4.1215E-004  -1.3013E-002   4.1855E-002   2.0221E-001  
 2.2095E+000  -3.7194E+000  -2.9389E+000   2.3214E-001  -2.8887E-001   3.1041E-001  -2.1792E-001  -7.2660E-001   5.8756E-002   3.7757E-002   4.4000E-003  -7.5959E-002  -2.5568E-002   1.2093E-003   3.0508E-004   1.0417E-001   5.9131E-002  -1.0435E-002  -9.0544E-003  -1.1676E-004  -2.5410E-004  -1.1093E-002   4.4163E-002   2.0747E-001  
 2.4966E+000  -3.8442E+000  -3.1613E+000   2.2065E-001  -2.7289E-001   2.6557E-001  -1.9560E-001  -7.3753E-001   6.0842E-002   8.9765E-002  -1.9910E-002  -9.7642E-002  -1.3519E-002   3.2205E-003  -4.7326E-004   1.0972E-001   5.7461E-002  -2.0979E-002  -9.4451E-003  -8.9069E-004   5.8882E-004  -1.0054E-002   4.6244E-002   2.1925E-001  
 2.8235E+000  -4.0139E+000  -3.2486E+000   1.7707E-001  -1.4316E-001   2.8870E-001  -1.5974E-001  -7.5249E-001   4.6838E-002   1.6079E-001  -5.6097E-002  -1.1602E-001   1.0298E-002   6.7168E-003  -3.4213E-003   1.1847E-001   4.8587E-002  -3.6985E-002  -7.4921E-003  -1.2694E-003   2.7800E-003  -1.0452E-002   4.7866E-002   2.5394E-001  
 3.1466E+000  -4.2333E+000  -3.1518E+000   8.1061E-002   1.2309E-001   4.3990E-001  -1.0589E-001  -7.7145E-001   1.0104E-002   2.5307E-001  -1.0744E-001  -1.2438E-001   4.9879E-002   1.1086E-002  -9.4662E-003   1.3103E-001   2.9780E-002  -5.9191E-002  -1.7586E-003  -8.6952E-004   5.1487E-003  -1.2339E-002   4.9037E-002   2.9441E-001  
 3.3161E+000  -4.4177E+000  -2.9513E+000  -1.9260E-001   6.6484E-001   8.3353E-001  -1.1372E-001  -7.3148E-001  -7.5634E-002   2.9872E-001  -2.1893E-001  -9.8327E-002   1.7070E-001   3.6285E-002  -3.7788E-002   1.7773E-001  -3.3063E-002  -1.0205E-001   5.6959E-004   1.3879E-003   1.0974E-002  -1.7850E-002   4.7088E-002   3.5787E-001  
 4.0531E+000  -4.4890E+000  -3.1268E-001   4.6626E-002  -7.3961E-002   4.6599E-001  -3.8485E-001  -7.4306E-001   1.2608E-001   2.4079E-001  -1.6627E-001  -1.5168E-002  -1.4171E-001   3.8278E-003   2.7993E-002   1.3625E-001   7.4825E-002  -6.7791E-002  -3.2353E-002   8.5171E-003  -7.2407E-003  -1.1111E-002   5.1106E-002   2.8591E-001  
 3.5768E+000  -4.3151E+000  -1.1524E-001   1.8858E-001   2.2665E-001   1.3228E-001  -3.3722E-001  -7.3530E-001   5.4793E-002   1.7220E-001  -8.9719E-002  -4.6607E-002  -8.6718E-002   3.2752E-003   1.0755E-002   1.2179E-001   4.1023E-002  -3.9150E-002  -1.4388E-002   3.5251E-003  -4.5078E-003  -8.3562E-003   4.9704E-002   2.1602E-001  
 3.0486E+000  -4.1760E+000  -1.2444E-001   2.4538E-001   3.9536E-001   9.4627E-003  -2.9754E-001  -7.2471E-001   9.9708E-003   1.1060E-001  -3.7670E-002  -5.1568E-002  -5.5229E-002   2.0572E-003   4.0466E-003   1.1322E-001   2.5659E-002  -2.1930E-002  -4.9188E-003   1.2857E-003  -2.4291E-003  -7.2544E-003   4.8098E-002   2.1969E-001  
 2.5175E+000  -4.0713E+000  -2.9951E-001   2.5252E-001   4.5834E-001   1.8500E-002  -2.7179E-001  -7.1623E-001  -1.3269E-002   6.2773E-002  -1.4619E-003  -4.5310E-002  -3.6627E-002   8.4004E-004   1.3436E-003   1.0842E-001   2.1618E-002  -1.1130E-002  -5.4382E-004   5.4931E-004  -1.0551E-003  -9.3932E-003   4.5021E-002   2.1181E-001  
 2.0344E+000  -3.9974E+000  -5.9285E-001   2.3289E-001   4.3435E-001   9.6839E-002  -2.5695E-001  -7.1013E-001  -2.0694E-002   2.8459E-002   2.2935E-002  -3.5918E-002  -2.6755E-002   1.2288E-004   4.8782E-004   1.0624E-001   2.4268E-002  -4.8594E-003   1.0308E-003   5.6948E-004  -3.0065E-004  -1.3519E-002   4.0994E-002   1.9765E-001  
 1.6358E+000  -3.9494E+000  -9.6675E-001   2.0464E-001   3.4454E-001   1.9455E-001  -2.4936E-001  -7.0635E-001  -1.7824E-002   5.9008E-003   3.8999E-002  -2.8380E-002  -2.2116E-002  -8.1894E-005   2.8331E-004   1.0537E-001   3.0025E-002  -1.3920E-003   9.6986E-004   6.2825E-004  -1.7879E-004  -1.7429E-002   3.7442E-002   1.8580E-001  
 1.3517E+000  -3.9240E+000  -1.3916E+000   1.8056E-001   2.0928E-001   2.7559E-001  -2.4583E-001  -7.0451E-001  -9.0288E-003  -6.3370E-003   4.8506E-002  -2.5570E-002  -2.0255E-002  -1.5442E-004   2.5042E-004   1.0504E-001   3.7039E-002   1.0210E-004  -8.2594E-005   6.8232E-004  -1.7632E-004  -2.0000E-002   3.5113E-002   1.7819E-001  
 1.2054E+000  -3.9192E+000  -1.8343E+000   1.6866E-001   5.2130E-002   3.1651E-001  -2.4384E-001  -7.0416E-001   2.1184E-003  -9.2664E-003   5.2178E-002  -2.8883E-002  -1.9502E-002  -1.0409E-004   2.0284E-004   1.0499E-001   4.4328E-002  -6.0297E-005  -1.2100E-003   7.0875E-004  -2.1319E-004  -2.0903E-002   3.4132E-002   1.7765E-001  
 1.2018E+000  -3.9341E+000  -2.2717E+000   1.7119E-001  -1.0510E-001   3.1031E-001  -2.4144E-001  -7.0526E-001   1.2770E-002  -3.4674E-003   5.0569E-002  -3.8606E-002  -1.8657E-002  -3.5257E-005   8.4301E-005   1.0526E-001   5.1495E-002  -1.4924E-003  -2.0061E-003   6.9019E-004  -2.5509E-004  -2.0287E-002   3.4625E-002   1.8171E-001  
 1.3357E+000  -3.9696E+000  -2.6808E+000   1.8558E-001  -2.4069E-001   2.6410E-001  -2.3651E-001  -7.0808E-001   2.0082E-002   1.1580E-002   4.3499E-002  -5.4417E-002  -1.6378E-002   5.4516E-005  -1.1654E-004   1.0607E-001   5.7905E-002  -4.3510E-003  -2.0693E-003   6.3730E-004  -2.4019E-004  -1.8374E-002   3.6569E-002   1.8844E-001  
 1.5860E+000  -4.0274E+000  -3.0287E+000   2.0379E-001  -3.3112E-001   2.0068E-001  -2.2618E-001  -7.1306E-001   2.0617E-002   3.6847E-002   3.0457E-002  -7.4434E-002  -1.1043E-002   1.9017E-004  -4.8652E-004   1.0758E-001   6.2312E-002  -8.7740E-003  -8.3265E-004   6.0967E-004  -1.2904E-004  -1.5575E-002   3.9545E-002   1.9778E-001  
 1.9224E+000  -4.1112E+000  -3.2858E+000   2.1319E-001  -3.5606E-001   1.5609E-001  -2.0705E-001  -7.2056E-001   1.0044E-002   7.4012E-002   9.7842E-003  -9.5878E-002  -5.8813E-004   7.1008E-004  -1.4327E-003   1.1023E-001   6.3159E-002  -1.5626E-002   2.1935E-003   5.6155E-004   4.6150E-004  -1.2612E-002   4.2887E-002   2.1047E-001  
 2.3083E+000  -4.2259E+000  -3.4137E+000   1.9596E-001  -2.9454E-001   1.8004E-001  -1.7492E-001  -7.3067E-001  -1.7464E-002   1.2512E-001  -2.1689E-002  -1.1423E-001   1.8178E-002   1.7684E-003  -3.9323E-003   1.1514E-001   5.7420E-002  -2.6528E-002   7.8829E-003   9.0588E-004   1.7085E-003  -1.1221E-002   4.5465E-002   2.5069E-001  
 2.6954E+000  -4.3756E+000  -3.3644E+000   1.3068E-001  -1.2835E-001   3.3373E-001  -1.2576E-001  -7.4344E-001  -6.8174E-002   1.9101E-001  -6.7573E-002  -1.2232E-001   4.8824E-002   3.0066E-003  -9.7471E-003   1.2322E-001   4.1779E-002  -4.2996E-002   1.8095E-002   2.3916E-003   3.7518E-003  -1.2069E-002   4.7177E-002   2.8011E-001  
 3.0402E+000  -4.5639E+000  -3.0880E+000  -1.0794E-002   1.6329E-001   6.9022E-001  -5.7801E-002  -7.5678E-001  -1.4982E-001   2.7027E-001  -1.3360E-001  -1.0967E-001   9.7940E-002   4.1554E-003  -2.2107E-002   1.3552E-001   1.2327E-002  -6.7464E-002   3.4754E-002   5.2343E-003   6.3056E-003  -1.3991E-002   4.9492E-002   3.0059E-001  
 3.7100E+000  -4.6692E+000  -1.6242E-001   1.0462E-001   1.5244E-001   3.3270E-001  -3.8437E-001  -7.2449E-001   1.8842E-001   1.5880E-001  -1.2724E-001  -2.0061E-002  -1.2189E-001  -5.8246E-003   1.5731E-002   1.2683E-001   5.8563E-002  -3.7755E-002  -4.5204E-002   6.9635E-003  -1.5091E-003  -1.0472E-002   5.0426E-002   2.6447E-001  
 3.1726E+000  -4.5648E+000   1.2211E-002   2.0901E-001   3.2124E-001   4.8546E-003  -3.2729E-001  -7.1764E-001   1.0413E-001   1.1028E-001  -6.0715E-002  -4.4318E-002  -8.6297E-002  -2.0609E-003   7.5158E-003   1.1966E-001   3.2628E-002  -2.2254E-002  -2.5033E-002   4.2788E-003  -1.3411E-003  -8.3368E-003   4.8975E-002   2.2022E-001  
 2.5938E+000  -4.4852E+000  -2.7559E-002   2.4209E-001   4.0676E-001  -1.1908E-001  -2.8922E-001  -7.1169E-001   4.9711E-002   7.1520E-002  -1.3665E-002  -4.8120E-002  -6.2008E-002  -5.3232E-004   3.0154E-003   1.1544E-001   2.1061E-002  -1.1976E-002  -1.2640E-002   2.1001E-003  -9.8054E-004  -9.1610E-003   4.6158E-002   2.1138E-001  
 2.0173E+000  -4.4267E+000  -2.2957E-001   2.3022E-001   4.2118E-001  -1.1091E-001  -2.6588E-001  -7.0719E-001   1.7492E-002   4.2048E-002   1.9119E-002  -4.1571E-002  -4.5379E-002  -2.9241E-004   8.7502E-004   1.1334E-001   1.9240E-002  -5.6130E-003  -5.8532E-003   8.7843E-004  -3.2123E-004  -1.2884E-002   4.1950E-002   2.0105E-001  
 1.4963E+000  -4.3863E+000  -5.4547E-001   1.9577E-001   3.7695E-001  -3.2799E-002  -2.5308E-001  -7.0398E-001   1.5546E-003   2.0837E-002   4.1101E-002  -3.1916E-002  -3.4300E-002  -1.9635E-004   4.5510E-004   1.1267E-001   2.3289E-002  -2.4966E-003  -2.5402E-003   7.2186E-004  -2.3437E-004  -1.7880E-002   3.7118E-002   1.8505E-001  
 1.0692E+000  -4.3609E+000  -9.3873E-001   1.5712E-001   2.8842E-001   6.4865E-002  -2.4726E-001  -7.0208E-001  -3.6774E-003   7.2220E-003   5.5553E-002  -2.4289E-002  -2.6019E-002  -1.8929E-004   3.0215E-004   1.1224E-001   2.9563E-002  -7.7399E-004  -1.1901E-003   6.7493E-004  -2.0646E-004  -2.1702E-002   3.3181E-002   1.7348E-001  
 7.6696E-001  -4.3481E+000  -1.3807E+000   1.2717E-001   1.6886E-001   1.4590E-001  -2.4485E-001  -7.0078E-001  -2.7074E-003  -1.7985E-007   6.3437E-002  -2.1332E-002  -1.9008E-002  -1.2213E-004   2.2518E-004   1.1149E-001   3.6590E-002  -3.2969E-004  -6.7869E-004   6.8606E-004  -1.9627E-004  -2.3373E-002   3.0064E-002   1.5777E-001  
 6.1442E-001  -4.3463E+000  -1.8391E+000   1.1328E-001   3.4822E-002   1.8682E-001  -2.4417E-001  -7.0052E-001   9.3789E-004  -1.6590E-003   6.6589E-002  -2.4519E-002  -1.3031E-002  -8.2036E-005   1.2474E-004   1.1125E-001   4.4383E-002  -5.5587E-004  -5.5059E-004   6.9866E-004  -2.1328E-004  -2.3960E-002   2.8913E-002   1.5277E-001  
 6.1666E-001  -4.3549E+000  -2.2921E+000   1.1788E-001  -9.9247E-002   1.8061E-001  -2.4313E-001  -7.0122E-001   4.1081E-003   1.9200E-003   6.5387E-002  -3.4330E-002  -7.0414E-003  -8.8823E-005  -1.4829E-005   1.1156E-001   5.2123E-002  -1.3967E-003  -1.5756E-004   6.9335E-004  -2.3100E-004  -2.3526E-002   2.9651E-002   1.5169E-001  
 7.6815E-001  -4.3745E+000  -2.7181E+000   1.3847E-001  -2.1892E-001   1.3442E-001  -2.3965E-001  -7.0298E-001   3.6407E-003   1.1065E-002   5.9490E-002  -5.0333E-002   3.3715E-005  -1.6740E-004  -2.1015E-004   1.1240E-001   5.8962E-002  -2.9023E-003   1.1733E-003   6.8443E-004  -2.2196E-004  -2.2052E-002   3.2021E-002   1.5691E-001  
 1.0465E+000  -4.4064E+000  -3.0853E+000   1.6719E-001  -3.0786E-001   7.1103E-002  -2.3133E-001  -7.0572E-001  -3.9433E-003   2.6462E-002   4.7857E-002  -7.0533E-002   8.8738E-003  -2.9180E-004  -4.7078E-004   1.1338E-001   6.4042E-002  -5.2409E-003   3.8026E-003   7.4535E-004  -1.8195E-004  -1.9309E-002   3.5343E-002   1.7909E-001  
 1.4204E+000  -4.4533E+000  -3.3650E+000   1.9122E-001  -3.5270E-001   2.6788E-002  -2.1442E-001  -7.0988E-001  -2.3054E-002   4.9473E-002   2.9481E-002  -9.2154E-002   2.0568E-002  -5.2548E-004  -9.7883E-004   1.1458E-001   6.6016E-002  -8.7582E-003   8.4357E-003   8.7694E-004  -1.2133E-004  -1.5841E-002   3.9140E-002   2.0899E-001  
 1.8512E+000  -4.5185E+000  -3.5201E+000   1.9273E-001  -3.3924E-001   5.1680E-002  -1.8493E-001  -7.1550E-001  -5.9556E-002   8.1142E-002   1.3251E-003  -1.1068E-001   3.7369E-002  -8.9358E-004  -2.9381E-003   1.1684E-001   6.2178E-002  -1.5150E-002   1.6440E-002   1.7634E-003   5.0271E-004  -1.3209E-002   4.2492E-002   2.4583E-001  
 2.2880E+000  -4.6050E+000  -3.5020E+000   1.5023E-001  -2.5509E-001   2.0697E-001  -1.3823E-001  -7.2274E-001  -1.1981E-001   1.2244E-001  -4.0006E-002  -1.1943E-001   6.1439E-002  -2.2185E-003  -7.0548E-003   1.2092E-001   4.9525E-002  -2.5168E-002   2.9576E-002   3.5058E-003   1.1440E-003  -1.2572E-002   4.4933E-002   2.7021E-001  
 2.6883E+000  -4.7169E+000  -3.2562E+000   3.9597E-002  -8.8959E-002   5.6265E-001  -6.7731E-002  -7.3153E-001  -2.1267E-001   1.7481E-001  -9.8752E-002  -1.1010E-001   9.5630E-002  -5.0615E-003  -1.4097E-002   1.2739E-001   2.4887E-002  -3.9612E-002   4.9365E-002   5.5475E-003   1.8440E-003  -1.3931E-002   4.6585E-002   3.0159E-001  
 3.4035E+000  -4.8991E+000  -7.9369E-002   1.2205E-001   2.7161E-001   2.2303E-001  -3.7841E-001  -7.0403E-001   2.1922E-001   6.2181E-002  -1.0571E-001  -1.2947E-002  -1.2147E-001  -1.0948E-002   8.9049E-003   1.2384E-001   5.2652E-002  -1.3644E-002  -5.1888E-002   5.8535E-003   2.3280E-003  -1.0720E-002   4.9767E-002   2.6722E-001  
 2.8328E+000  -4.8660E+000   7.5307E-002   2.1051E-001   3.2991E-001  -1.0703E-001  -3.2278E-001  -7.0342E-001   1.3004E-001   4.3555E-002  -4.2393E-002  -3.6910E-002  -9.5181E-002  -4.3920E-003   3.5871E-003   1.2093E-001   2.8465E-002  -5.8902E-003  -2.9023E-002   3.1384E-003   9.1837E-004  -9.0916E-003   4.7941E-002   2.3098E-001  
 2.2219E+000  -4.8423E+000   1.8996E-002   2.2959E-001   3.4536E-001  -2.3179E-001  -2.8558E-001  -7.0240E-001   7.0188E-002   2.8047E-002   1.5603E-003  -3.9789E-002  -7.5120E-002  -1.5776E-003   1.2648E-003   1.1984E-001   1.8892E-002  -1.7534E-003  -1.5249E-002   1.6504E-003   1.9897E-004  -1.0975E-002   4.4400E-002   2.0552E-001  
 1.6163E+000  -4.8262E+000  -1.9679E-001   2.0606E-001   3.2447E-001  -2.2403E-001  -2.6310E-001  -7.0151E-001   3.3001E-002   1.6229E-002   3.1889E-002  -3.2549E-002  -5.8815E-002  -5.1794E-004   3.5982E-004   1.1979E-001   1.8619E-002   1.1288E-004  -7.4889E-003   8.3981E-004  -1.1562E-004  -1.5768E-002   3.9341E-002   1.9962E-001  
 1.0714E+000  -4.8165E+000  -5.2420E-001   1.6302E-001   2.7421E-001  -1.4625E-001  -2.5139E-001  -7.0085E-001   1.2527E-002   8.0682E-003   5.2379E-002  -2.2714E-002  -4.4598E-002  -2.5101E-004   1.8993E-004   1.1979E-001   2.2874E-002   6.8364E-004  -3.4212E-003   7.3643E-004  -1.9077E-004  -2.0556E-002   3.4221E-002   1.7482E-001  
 6.2599E-001  -4.8114E+000  -9.2693E-001   1.1845E-001   2.0142E-001  -4.8665E-002  -2.4602E-001  -7.0023E-001   3.1235E-003   3.1273E-003   6.5262E-002  -1.5081E-002  -3.1194E-002  -1.2913E-004   1.6912E-004   1.1936E-001   2.8820E-002   4.6506E-004  -1.3832E-003   7.0472E-004  -2.0535E-004  -2.3515E-002   2.9692E-002   1.4965E-001  
 3.1254E-001  -4.8096E+000  -1.3766E+000   8.4466E-002   1.1295E-001   3.2375E-002  -2.4438E-001  -6.9992E-001   2.5670E-004   6.3324E-004   7.2691E-002  -1.2124E-002  -1.8559E-002  -8.0696E-005   1.4574E-004   1.1901E-001   3.6217E-002   8.9118E-005  -5.5303E-004   6.9575E-004  -2.0668E-004  -2.5143E-002   2.6810E-002   1.3497E-001  
 1.5619E-001  -4.8102E+000  -1.8419E+000   6.9215E-002   1.7374E-002   7.3295E-002  -2.4436E-001  -6.9991E-001   2.2462E-004   1.7254E-004   7.5713E-002  -1.5311E-002  -6.5018E-003  -7.1880E-005   8.3319E-005   1.1890E-001   4.4413E-002  -2.1641E-004  -1.4932E-004   6.9689E-004  -2.1336E-004  -2.5736E-002   2.5861E-002   1.2742E-001  
 1.6205E-001  -4.8130E+000  -2.3019E+000   7.5165E-002  -7.8223E-002   6.7087E-002  -2.4399E-001  -7.0014E-001  -2.8190E-004   1.5950E-003   7.4643E-002  -2.5122E-002   5.5618E-003  -1.0521E-004   1.4104E-006   1.1904E-001   5.2557E-002  -4.4330E-004   5.1966E-004   6.9928E-004  -2.1941E-004  -2.5293E-002   2.6613E-002   1.3022E-001  
 3.2450E-001  -4.8182E+000  -2.7357E+000   9.9813E-002  -1.6675E-001   2.0895E-002  -2.4130E-001  -7.0067E-001  -4.5800E-003   5.0538E-003   6.9171E-002  -4.1127E-002   1.8217E-002  -2.1754E-004  -8.1373E-005   1.1942E-001   5.9792E-002  -6.0497E-004   2.1551E-003   7.1003E-004  -2.1903E-004  -2.3824E-002   2.8814E-002   1.5704E-001  
 6.2071E-001  -4.8266E+000  -3.1121E+000   1.3484E-001  -2.3968E-001  -4.2288E-002  -2.3384E-001  -7.0160E-001  -1.6310E-002   1.0904E-002   5.8601E-002  -6.1451E-002   3.1795E-002  -4.5962E-004  -1.6081E-004   1.2001E-001   6.5034E-002  -7.6814E-004   5.3882E-003   7.5462E-004  -2.2891E-004  -2.1445E-002   3.2174E-002   1.8307E-001  
 1.0183E+000  -4.8395E+000  -3.4033E+000   1.6742E-001  -2.9027E-001  -8.6275E-002  -2.1808E-001  -7.0279E-001  -3.9931E-002   1.9936E-002   4.1697E-002  -8.3163E-002   4.6411E-002  -8.6286E-004  -3.6133E-004   1.2037E-001   6.7106E-002  -1.4730E-003   1.0654E-002   8.3987E-004  -2.9747E-004  -1.8345E-002   3.5903E-002   2.1505E-001  
 1.4779E+000  -4.8589E+000  -3.5723E+000   1.8032E-001  -3.1161E-001  -6.0889E-002  -1.8963E-001  -7.0424E-001  -8.1410E-002   3.2813E-002   1.5876E-002  -1.0223E-001   6.2888E-002  -1.9857E-003  -1.1941E-003   1.2058E-001   6.4455E-002  -3.3887E-003   1.9578E-002   1.4577E-003  -4.7432E-004  -1.5032E-002   3.9573E-002   2.4165E-001  
 1.9464E+000  -4.8860E+000  -3.5711E+000   1.5137E-001  -2.9678E-001   9.5453E-002  -1.4414E-001  -7.0587E-001  -1.4700E-001   4.9517E-002  -2.2506E-002  -1.1164E-001   8.2904E-002  -4.6262E-003  -3.4108E-003   1.2164E-001   5.3358E-002  -7.4701E-003   3.4153E-002   2.8093E-003  -8.6063E-004  -1.3634E-002   4.2344E-002   2.6771E-001  
 2.3793E+000  -4.9228E+000  -3.3459E+000   5.5953E-002  -2.3976E-001   4.5369E-001  -7.5692E-002  -7.0742E-001  -2.4484E-001   7.0062E-002  -7.8248E-002  -1.0239E-001   1.0853E-001  -9.9854E-003  -8.0582E-003   1.2420E-001   3.0150E-002  -1.4635E-002   5.6485E-002   5.0760E-003  -1.4891E-003  -1.4497E-002   4.4284E-002   2.8795E-001  
 3.1608E+000  -5.1465E+000  -7.4918E-002   1.1796E-001   3.4037E-001   1.5094E-001  -3.7960E-001  -6.8465E-001   2.2294E-001  -3.4923E-002  -9.5126E-002   1.0895E-003  -1.2653E-001  -1.2718E-002   1.5395E-003   1.2253E-001   5.1132E-002   9.5911E-003  -5.1774E-002   2.9389E-003   4.6135E-003  -1.1326E-002   4.9128E-002   2.8023E-001  
 2.5774E+000  -5.1819E+000   7.6746E-002   2.0075E-001   2.9479E-001  -1.7970E-001  -3.2350E-001  -6.9018E-001   1.3309E-001  -2.4400E-002  -3.3497E-002  -2.2364E-002  -1.0832E-001  -4.8881E-003   1.3231E-004   1.2343E-001   2.7872E-002   9.1520E-003  -2.8006E-002   1.5702E-003   1.9804E-003  -1.0061E-002   4.6899E-002   2.3865E-001  
 1.9548E+000  -5.2115E+000   1.8157E-002   2.1523E-001   2.4730E-001  -3.0485E-001  -2.8612E-001  -6.9407E-001   7.2476E-002  -1.6633E-002   9.1022E-003  -2.4836E-002  -9.1061E-002  -1.4419E-003  -2.4109E-004   1.2487E-001   1.8982E-002   7.5471E-003  -1.3766E-002   8.3729E-004   4.8853E-004  -1.2432E-002   4.3009E-002   2.0867E-001  
 1.3386E+000  -5.2358E+000  -1.9903E-001   1.8811E-001   1.9846E-001  -2.9721E-001  -2.6339E-001  -6.9678E-001   3.4367E-002  -1.0726E-002   3.8224E-002  -1.7170E-002  -7.3731E-002  -3.0484E-004  -1.2913E-004   1.2623E-001   1.8932E-002   5.4749E-003  -6.0130E-003   6.9846E-004  -8.0596E-005  -1.7255E-002   3.7719E-002   1.8966E-001  
 7.8498E-001  -5.2547E+000  -5.2712E-001   1.4250E-001   1.4931E-001  -2.1953E-001  -2.5149E-001  -6.9852E-001   1.3268E-002  -6.1455E-003   5.7809E-002  -7.3198E-003  -5.5859E-002  -2.4992E-005  -1.6361E-005   1.2699E-001   2.2829E-002   3.4700E-003  -2.0386E-003   7.1341E-004  -1.7308E-004  -2.1546E-002   3.2575E-002   1.6420E-001  
 3.3319E-001  -5.2684E+000  -9.2967E-001   9.5901E-002   9.9733E-002  -1.2194E-001  -2.4605E-001  -6.9946E-001   3.4673E-003  -2.7318E-003   7.0229E-002   2.2275E-004  -3.7321E-002   1.4632E-005   9.6925E-005   1.2714E-001   2.8622E-002   1.5792E-003  -4.1237E-004   7.0159E-004  -2.0095E-004  -2.4242E-002   2.8266E-002   1.4276E-001  
 1.5809E-002  -5.2766E+000  -1.3786E+000   6.0542E-002   4.9750E-002  -4.0909E-002  -2.4445E-001  -7.0003E-001   2.8888E-004  -6.6388E-004   7.7529E-002   3.1814E-003  -1.8617E-002  -4.7916E-006   1.0673E-004   1.2722E-001   3.6124E-002   4.2751E-004  -1.2446E-006   6.9568E-004  -2.0977E-004  -2.5873E-002   2.5761E-002   1.2598E-001  
-1.4189E-001  -5.2794E+000  -1.8429E+000   4.4831E-002   1.0057E-005   1.0988E-005  -2.4443E-001  -7.0022E-001  -9.2513E-006   2.3266E-005   8.0507E-002  -5.1380E-006  -4.1893E-006  -2.4959E-005   6.1652E-005   1.2725E-001   4.4423E-002   4.7001E-005  -1.7321E-005   6.9482E-004  -2.1386E-004  -2.6467E-002   2.4986E-002   1.2416E-001  
-1.3475E-001  -5.2766E+000  -2.3019E+000   5.1237E-002  -4.9730E-002  -6.1964E-003  -2.4405E-001  -7.0003E-001  -7.8146E-004  -6.5568E-004   7.9481E-002  -9.8169E-003   1.8609E-002  -4.8239E-005   1.6482E-005   1.2722E-001   5.2669E-002   4.2587E-004   2.3209E-004   6.9737E-004  -2.1700E-004  -2.6022E-002   2.5632E-002   1.3660E-001  
 3.1570E-002  -5.2684E+000  -2.7348E+000   7.7254E-002  -9.9713E-002  -5.2377E-002  -2.4140E-001  -6.9946E-001  -5.3906E-003  -2.7154E-003   7.4140E-002  -2.5824E-002   3.7313E-002  -1.1243E-004   2.5916E-005   1.2714E-001   6.0010E-002   1.5759E-003   1.4490E-003   7.0500E-004  -2.2243E-004  -2.4548E-002   2.7481E-002   1.5803E-001  
 3.3405E-001  -5.2547E+000  -3.1110E+000   1.1444E-001  -1.4929E-001  -1.1552E-001  -2.3403E-001  -6.9852E-001  -1.7522E-002  -6.1210E-003   6.3858E-002  -4.6136E-002   5.5851E-002  -2.8293E-004   1.3858E-004   1.2699E-001   6.5293E-002   3.4651E-003   4.2884E-003   7.1850E-004  -2.5103E-004  -2.2241E-002   3.0371E-002   1.8508E-001  
 7.4029E-001  -5.2358E+000  -3.4029E+000   1.4958E-001  -1.9845E-001  -1.5944E-001  -2.1806E-001  -6.9678E-001  -4.1739E-002  -1.0693E-002   4.7858E-002  -6.7789E-002   7.3723E-002  -6.8690E-004   2.5044E-004   1.2623E-001   6.6943E-002   5.4683E-003   9.3684E-003   7.0515E-004  -3.2573E-004  -1.9704E-002   3.3474E-002   2.1957E-001  
 1.2104E+000  -5.2115E+000  -3.5733E+000   1.6598E-001  -2.4728E-001  -1.3390E-001  -1.8943E-001  -6.9407E-001  -8.4122E-002  -1.6592E-002   2.3206E-002  -8.7208E-002   9.1053E-002  -1.8842E-003   3.6129E-004   1.2487E-001   6.4379E-002   7.5390E-003   1.8279E-002   8.4547E-004  -7.0695E-004  -1.6496E-002   3.6907E-002   2.4892E-001  
 1.6905E+000  -5.1819E+000  -3.5745E+000   1.4154E-001  -2.9478E-001   2.2892E-002  -1.4386E-001  -6.9019E-001  -1.5047E-001  -2.4351E-002  -1.3872E-002  -9.6998E-002   1.0831E-001  -5.1573E-003  -1.3130E-005   1.2343E-001   5.3882E-002   9.1427E-003   3.3323E-002   1.5795E-003  -1.8611E-003  -1.4689E-002   3.9800E-002   2.5204E-001  
 2.1358E+000  -5.1465E+000  -3.3525E+000   5.1564E-002  -3.4036E-001   3.8182E-001  -7.5124E-002  -6.8465E-001  -2.4900E-001  -3.4865E-002  -6.7987E-002  -8.8156E-002   1.2652E-001  -1.1705E-002  -1.4210E-003   1.2252E-001   3.1480E-002   9.5812E-003   5.6515E-002   2.9487E-003  -3.6055E-003  -1.5192E-002   4.1989E-002   2.7672E-001  
 2.9852E+000  -5.3789E+000  -1.4724E-001   9.5186E-002   4.0774E-001   1.2321E-001  -3.8816E-001  -6.6294E-001   2.0010E-001  -1.3121E-001  -9.4432E-002   2.2634E-002  -1.3171E-001  -1.1640E-002  -5.6515E-003   1.2082E-001   5.3583E-002   3.1735E-002  -4.5733E-002  -4.8403E-004   4.9111E-003  -1.2125E-002   4.8466E-002   2.8930E-001  
 2.4105E+000  -5.4829E+000   1.8091E-002   1.8240E-001   2.5874E-001  -2.0650E-001  -3.2972E-001  -6.7501E-001   1.1403E-001  -9.1272E-002  -3.2983E-002  -4.1768E-004  -1.2131E-001  -4.0289E-003  -3.1114E-003   1.2546E-001   3.0439E-002   2.3115E-002  -2.2628E-002  -2.7107E-004   2.0046E-003  -1.1159E-002   4.5956E-002   2.6034E-001  
 1.7967E+000  -5.5659E+000  -2.8569E-002   2.0141E-001   1.4861E-001  -3.3135E-001  -2.9086E-001  -6.8406E-001   5.7076E-002  -6.0062E-002   9.8050E-003  -2.8661E-003  -1.0657E-001  -7.2304E-004  -1.4647E-003   1.2922E-001   2.1046E-002   1.5822E-002  -8.9783E-003   1.0199E-004   3.0873E-004  -1.3326E-002   4.2137E-002   2.2929E-001  
 1.1887E+000  -5.6304E+000  -2.3492E-001   1.7842E-001   7.2039E-002  -3.2356E-001  -2.6677E-001  -6.9063E-001   2.2323E-002  -3.6270E-002   3.8915E-002   4.8205E-003  -8.8166E-002   2.0456E-004  -4.0984E-004   1.3205E-001   2.0292E-002   9.8342E-003  -1.9141E-003   5.9127E-004  -1.8594E-004  -1.7626E-002   3.7106E-002   2.0492E-001  
 6.4188E-001  -5.6778E+000  -5.5312E-001   1.3618E-001   2.4179E-002  -2.4574E-001  -2.5355E-001  -6.9505E-001   4.3834E-003  -1.8930E-002   5.8283E-002   1.4632E-002  -6.6857E-002   3.1503E-004  -2.3649E-005   1.3383E-001   2.3505E-002   5.3091E-003   1.1430E-003   6.7022E-004  -2.1181E-004  -2.1377E-002   3.2268E-002   1.8023E-001  
 1.9543E-001  -5.7102E+000  -9.4633E-001   9.1836E-002  -2.0555E-003  -1.4810E-001  -2.4728E-001  -6.9769E-001  -2.3166E-003  -7.2214E-003   7.0841E-002   2.2153E-002  -4.3410E-002   1.8542E-004   1.3359E-004   1.3477E-001   2.9004E-002   1.9354E-003   1.6689E-003   6.9039E-004  -2.1540E-004  -2.3951E-002   2.8404E-002   1.6142E-001  
-1.1859E-001  -5.7286E+000  -1.3863E+000   5.7823E-002  -1.3502E-002  -6.7065E-002  -2.4501E-001  -6.9913E-001  -2.4532E-003  -5.9294E-004   7.8275E-002   2.5112E-002  -1.8658E-002   6.5267E-005   1.2168E-004   1.3529E-001   3.6308E-002   7.3117E-006   9.6691E-004   6.9156E-004  -2.1517E-004  -2.5569E-002   2.6197E-002   1.5171E-001  
-2.7513E-001  -5.7334E+000  -1.8419E+000   4.2564E-002  -1.7353E-002  -2.6146E-002  -2.4436E-001  -6.9951E-001   2.3141E-004   1.2412E-003   8.1297E-002   2.1926E-002   6.4934E-003   1.8875E-005   3.9901E-005   1.3545E-001   4.4414E-002  -4.4910E-004  -1.5033E-004   6.8972E-004  -2.1514E-004  -2.6159E-002   2.5489E-002   1.4896E-001  
-2.6909E-001  -5.7252E+000  -2.2923E+000   4.8522E-002  -2.1187E-002  -3.2353E-002  -2.4336E-001  -6.9891E-001   2.4416E-003  -1.5383E-003   8.0227E-002   1.2114E-002   3.1638E-002   4.0699E-005  -2.2625E-005   1.3526E-001   5.2466E-002   5.3647E-004  -1.0023E-003   6.9145E-004  -2.1449E-004  -2.5719E-002   2.5947E-002   1.5642E-001  
-1.0607E-001  -5.7034E+000  -2.7163E+000   7.3194E-002  -3.2582E-002  -7.8540E-002  -2.4004E-001  -6.9725E-001   8.7366E-004  -9.1151E-003   7.4751E-002  -3.8933E-003   5.6371E-002   9.6900E-005   2.4102E-005   1.3471E-001   5.9608E-002   2.9989E-003  -8.9916E-004   6.9193E-004  -2.1255E-004  -2.4259E-002   2.7401E-002   1.7126E-001  
 1.9124E-001  -5.6678E+000  -3.0832E+000   1.0799E-001  -5.8668E-002  -1.4177E-001  -2.3168E-001  -6.9429E-001  -8.1529E-003  -2.1717E-002   6.4506E-002  -2.4105E-002   7.9644E-002   1.0624E-004   2.3867E-004   1.3361E-001   6.4402E-002   6.7511E-003   8.2176E-004   6.6222E-004  -2.1141E-004  -2.2265E-002   2.9501E-002   1.9815E-001  
 5.9074E-001  -5.6171E+000  -3.3652E+000   1.3978E-001  -1.0621E-001  -1.8581E-001  -2.1441E-001  -6.8936E-001  -2.9239E-002  -3.9912E-002   4.8723E-002  -4.5794E-002   1.0055E-001  -1.4063E-004   6.5368E-004   1.3147E-001   6.5432E-002   1.1407E-002   5.0766E-003   6.0459E-004  -2.3063E-004  -2.0204E-002   3.1684E-002   2.2058E-001  
 1.0527E+000  -5.5493E+000  -3.5247E+000   1.5214E-001  -1.8233E-001  -1.6045E-001  -1.8435E-001  -6.8223E-001  -6.8284E-002  -6.4746E-002   2.4121E-002  -6.5310E-002   1.1879E-001  -1.1314E-003   1.6342E-003   1.2847E-001   6.2301E-002   1.7441E-002   1.3305E-002   3.1091E-004  -5.8752E-004  -1.7383E-002   3.4584E-002   2.3177E-001  
 1.5241E+000  -5.4629E+000  -3.5139E+000   1.2326E-001  -2.9185E-001  -4.0082E-003  -1.3720E-001  -6.7257E-001  -1.3097E-001  -9.7136E-002  -1.3097E-002  -7.5150E-002   1.3357E-001  -4.2633E-003   3.1733E-003   1.2476E-001   5.1383E-002   2.4676E-002   2.7756E-002   7.6515E-005  -1.9501E-003  -1.5702E-002   3.7317E-002   2.5251E-001  
 1.9610E+000  -5.3552E+000  -3.2780E+000   2.9092E-002  -4.3957E-001   3.5388E-001  -6.5949E-002  -6.5956E-001  -2.2571E-001  -1.3897E-001  -6.6973E-002  -6.6805E-002   1.4464E-001  -1.0678E-002   5.0419E-003   1.2046E-001   2.9216E-002   3.2706E-002   5.0328E-002   3.1285E-004  -4.0750E-003  -1.5904E-002   3.9650E-002   2.6869E-001  
 2.8729E+000  -5.5627E+000  -2.9899E-001   5.1317E-002   5.2233E-001   1.3318E-001  -4.0449E-001  -6.3521E-001   1.4921E-001  -2.2555E-001  -1.0390E-001   5.1302E-002  -1.3241E-001  -7.8749E-003  -1.2077E-002   1.1733E-001   6.0184E-002   5.2555E-002  -3.3980E-002  -3.3102E-003   3.3514E-003  -1.3292E-002   4.7743E-002   2.9085E-001  
 2.3272E+000  -5.7390E+000  -1.0277E-001   1.5279E-001   2.6455E-001  -1.9424E-001  -3.4187E-001  -6.5479E-001   7.1748E-002  -1.5477E-001  -4.0909E-002   2.8443E-002  -1.2987E-001  -1.7804E-003  -6.4332E-003   1.2534E-001   3.6300E-002   3.6434E-002  -1.3030E-002  -2.1271E-003   8.9177E-004  -1.2437E-002   4.5143E-002   2.7096E-001  
 1.7425E+000  -5.8780E+000  -1.2308E-001   1.8558E-001   8.5151E-002  -3.1832E-001  -3.0015E-001  -6.6945E-001   2.3267E-002  -9.9866E-002   3.5519E-003   2.5355E-002  -1.1864E-001   6.8074E-004  -2.5218E-003   1.3164E-001   2.5010E-002   2.3043E-002  -9.0401E-004  -4.9265E-004  -3.5231E-004  -1.3708E-002   4.1622E-002   2.4843E-001  
 1.1612E+000  -5.9850E+000  -3.0588E-001   1.7427E-001  -2.6059E-002  -3.1013E-001  -2.7360E-001  -6.8025E-001  -3.7408E-003  -5.7924E-002   3.4005E-002   3.2746E-002  -1.0005E-001   9.1147E-004  -4.1490E-004   1.3621E-001   2.2815E-002   1.2755E-002   4.5314E-003   5.8631E-004  -3.5057E-004  -1.7155E-002   3.7086E-002   2.2554E-001  
 6.3648E-001  -6.0628E+000  -6.0313E-001   1.4116E-001  -7.9489E-002  -2.3206E-001  -2.5805E-001  -6.8789E-001  -1.4562E-002  -2.7426E-002   5.3980E-002   4.2676E-002  -7.5957E-002   6.4391E-004   1.8202E-004   1.3923E-001   2.5304E-002   5.6581E-003   5.9305E-003   7.0042E-004  -2.9626E-004  -2.0578E-002   3.2731E-002   2.0347E-001  
 2.0671E-001  -6.1150E+000  -9.7760E-001   1.0370E-001  -8.9378E-002  -1.3440E-001  -2.4985E-001  -6.9278E-001  -1.4564E-002  -7.1731E-003   6.6819E-002   5.0323E-002  -4.8404E-002   3.1227E-004   3.3239E-004   1.4135E-001   3.0009E-002   8.3023E-004   4.8989E-003   6.9686E-004  -2.4137E-004  -2.2698E-002   2.9499E-002   1.8195E-001  
-9.6737E-002  -6.1442E+000  -1.4001E+000   7.3772E-002  -6.9554E-002  -5.3366E-002  -2.4611E-001  -6.9524E-001  -8.1355E-003   4.1651E-003   7.4626E-002   5.3284E-002  -1.8152E-002   5.6761E-005   2.0795E-004   1.4235E-001   3.6774E-002  -1.8786E-003   2.3767E-003   6.8625E-004  -2.1838E-004  -2.4249E-002   2.7428E-002   1.7619E-001  
-2.4966E-001  -6.1515E+000  -1.8391E+000   5.9871E-002  -3.4801E-002  -1.2456E-002  -2.4417E-001  -6.9588E-001   9.5152E-004   7.1956E-003   7.7780E-002   5.0099E-002   1.3023E-002  -1.5709E-005  -1.8923E-006   1.4264E-001   4.4383E-002  -2.4158E-003  -5.5271E-004   6.7726E-004  -2.1687E-004  -2.4829E-002   2.6657E-002   1.7350E-001  
-2.4704E-001  -6.1375E+000  -2.2727E+000   6.4479E-002  -1.4352E-005  -1.8655E-002  -2.4187E-001  -6.9480E-001   9.5634E-003   2.2613E-003   7.6575E-002   4.0287E-002   4.4184E-002   8.9950E-005  -1.7283E-004   1.4228E-001   5.1939E-002  -8.1492E-004  -3.2172E-003   6.8240E-004  -2.1604E-004  -2.4402E-002   2.6890E-002   1.7658E-001  
-9.4371E-002  -6.1014E+000  -2.6793E+000   8.5055E-002   1.9925E-002  -6.4842E-002  -2.3706E-001  -6.9187E-001   1.4554E-002  -1.0983E-002   7.0755E-002   2.4278E-002   7.4373E-002   3.3391E-004  -1.7967E-004   1.4119E-001   5.8516E-002   2.9521E-003  -4.9200E-003   6.9422E-004  -1.9418E-004  -2.3048E-002   2.7916E-002   1.9078E-001  
 1.8669E-001  -6.0427E+000  -3.0277E+000   1.1259E-001   1.0443E-002  -1.2816E-001  -2.2636E-001  -6.8615E-001   1.2201E-002  -3.3002E-002   6.0736E-002   4.0575E-003   1.0137E-001   5.4812E-004   7.7027E-005   1.3852E-001   6.2026E-002   8.3926E-003  -4.6725E-003   6.8707E-004  -1.2713E-004  -2.2007E-002   2.8503E-002   2.0622E-001  
 5.6429E-001  -5.9584E+000  -3.2887E+000   1.3527E-001  -4.2385E-002  -1.7242E-001  -2.0670E-001  -6.7756E-001  -1.7939E-003  -6.5284E-002   4.4368E-002  -1.7838E-002   1.2484E-001   6.7796E-004   7.6023E-004   1.3497E-001   6.2441E-002   1.5887E-002  -1.9534E-003   6.0107E-004  -9.8957E-005  -2.0111E-002   2.9962E-002   2.1243E-001  
 9.9994E-001  -5.8447E+000  -3.4245E+000   1.3622E-001  -1.5263E-001  -1.4755E-001  -1.7400E-001  -6.6564E-001  -3.3084E-002  -1.0941E-001   1.8541E-002  -3.7206E-002   1.4326E-001   3.1899E-004   2.6840E-003   1.3024E-001   5.8229E-002   2.6200E-002   4.6994E-003  -1.4005E-004  -1.3224E-004  -1.7757E-002   3.2438E-002   2.2252E-001  
 1.4426E+000  -5.6988E+000  -3.3871E+000   9.3997E-002  -3.3067E-001   7.8894E-003  -1.2365E-001  -6.4970E-001  -8.7398E-002  -1.6684E-001  -2.0201E-002  -4.6671E-002   1.5471E-001  -1.9386E-003   6.2102E-003   1.2408E-001   4.5850E-002   3.9330E-002   1.7570E-002  -1.3362E-003  -1.0952E-003  -1.6673E-002   3.4925E-002   2.3908E-001  
 1.8511E+000  -5.5150E+000  -3.1196E+000  -1.3709E-002  -5.8579E-001   3.6315E-001  -4.7615E-002  -6.2817E-001  -1.7344E-001  -2.4145E-001  -7.5412E-002  -3.8732E-002   1.5865E-001  -7.1124E-003   1.0681E-002   1.1677E-001   2.3262E-002   5.4393E-002   3.8138E-002  -1.8753E-003  -3.0221E-003  -1.6753E-002   3.7301E-002   2.5388E-001  
 2.8095E+000  -5.6614E+000  -5.2734E-001  -2.3681E-002   7.3349E-001   1.6381E-001  -4.2436E-001  -5.9972E-001   6.6139E-002  -3.1025E-001  -1.2593E-001   8.7901E-002  -1.2081E-001  -2.0572E-003  -2.0543E-002   1.0962E-001   7.2590E-002   7.4004E-002  -1.7788E-002  -6.5857E-003   4.6145E-004  -1.4549E-002   4.8106E-002   3.0303E-001  
 2.3145E+000  -5.9133E+000  -2.8851E-001   1.0553E-001   3.5348E-001  -1.6466E-001  -3.6051E-001  -6.2603E-001   5.0050E-003  -2.1166E-001  -5.7986E-002   6.1652E-002  -1.2994E-001   2.3980E-003  -9.1923E-003   1.2152E-001   4.5250E-002   4.8627E-002   1.3138E-003  -3.0468E-003  -1.2195E-003  -1.3774E-002   4.4333E-002   2.8313E-001  
 1.7768E+000  -6.1127E+000  -2.6768E-001   1.6062E-001   9.2960E-002  -2.8766E-001  -3.1463E-001  -6.4695E-001  -3.0263E-002  -1.3280E-001  -1.0177E-002   5.7587E-002  -1.2421E-001   3.0116E-003  -3.1222E-003   1.3087E-001   3.1055E-002   2.8891E-002   1.0708E-002  -6.2040E-004  -1.4177E-003  -1.3907E-002   4.1229E-002   2.5955E-001  
 1.2385E+000  -6.2661E+000  -4.1379E-001   1.6796E-001  -6.5750E-002  -2.7888E-001  -2.8418E-001  -6.6268E-001  -4.5026E-002  -7.2217E-002   2.2760E-002   6.4563E-002  -1.0700E-001   2.0400E-003  -2.0974E-004   1.3747E-001   2.6827E-002   1.4275E-002   1.3454E-002   6.6747E-004  -7.7756E-004  -1.6359E-002   3.7245E-002   2.4106E-001  
 7.4985E-001  -6.3773E+000  -6.7879E-001   1.4953E-001  -1.3864E-001  -2.0066E-001  -2.6534E-001  -6.7390E-001  -4.4497E-002  -2.8316E-002   4.4468E-002   7.4424E-002  -8.1508E-002   9.8491E-004   6.0743E-004   1.4179E-001   2.8106E-002   4.3057E-003   1.2237E-002   7.8807E-004  -3.1760E-004  -1.9400E-002   3.3190E-002   2.2556E-001  
 3.4732E-001  -6.4518E+000  -1.0244E+000   1.2278E-001  -1.4666E-001  -1.0311E-001  -2.5434E-001  -6.8136E-001  -3.3757E-002   9.2644E-004   5.8337E-002   8.2255E-002  -5.0705E-002   2.9768E-004   6.4845E-004   1.4481E-001   3.2052E-002  -2.2153E-003   8.8200E-003   7.4470E-004  -2.0560E-004  -2.1513E-002   3.0198E-002   2.1210E-001  
 6.0761E-002  -6.4931E+000  -1.4205E+000   9.9824E-002  -1.1040E-001  -2.2245E-002  -2.4800E-001  -6.8556E-001  -1.7018E-002   1.7207E-002   6.6315E-002   8.5405E-002  -1.6405E-002  -1.0918E-004   3.4421E-004   1.4679E-001   3.7679E-002  -5.7325E-003   4.0623E-003   6.6965E-004  -1.8114E-004  -2.2534E-002   2.8475E-002   2.0025E-001  
-8.6377E-002  -6.5031E+000  -1.8343E+000   8.8289E-002  -5.2109E-002   1.8581E-002  -2.4384E-001  -6.8670E-001   2.1388E-003   2.1519E-002   6.9489E-002   8.2318E-002   1.9494E-002  -2.0368E-004  -8.0584E-005   1.4745E-001   4.4328E-002  -6.3851E-003  -1.2132E-003   6.3088E-004  -2.1855E-004  -2.2884E-002   2.7704E-002   1.9103E-001  
-8.9156E-002  -6.4830E+000  -2.2428E+000   9.0454E-002   6.2651E-003   1.2482E-002  -2.3928E-001  -6.8480E-001   2.0799E-002   1.4353E-002   6.8378E-002   7.2368E-002   5.5301E-002   9.7965E-006  -4.3470E-004   1.4657E-001   5.0855E-002  -4.1414E-003  -6.1574E-003   6.6520E-004  -2.6098E-004  -2.2821E-002   2.7239E-002   1.8286E-001  
 4.7171E-002  -6.4316E+000  -2.6231E+000   1.0372E-001   4.2853E-002  -3.3549E-002  -2.3153E-001  -6.7962E-001   3.6056E-002  -4.7203E-003   6.2837E-002   5.6217E-002   8.9182E-002   4.3378E-004  -5.7181E-004   1.4411E-001   5.5878E-002   7.3717E-004  -9.9261E-003   7.4245E-004  -2.2401E-004  -2.2457E-002   2.6778E-002   1.8039E-001  
 3.0146E-001  -6.3473E+000  -2.9428E+000   1.2043E-001   3.5439E-002  -9.6815E-002  -2.1779E-001  -6.7097E-001   4.4461E-002  -3.6656E-002   5.1990E-002   3.5908E-002   1.1929E-001   1.0518E-003  -3.6664E-004   1.4045E-001   5.8473E-002   8.2104E-003  -1.2045E-002   7.5793E-004  -1.2263E-004  -2.1456E-002   2.6877E-002   1.8531E-001  
 6.4343E-001  -6.2262E+000  -3.1715E+000   1.2863E-001  -3.6489E-002  -1.4128E-001  -1.9465E-001  -6.5836E-001   4.1843E-002  -8.3391E-002   3.4006E-002   1.3994E-002   1.4420E-001   1.9095E-003   5.3928E-004   1.3566E-001   5.7949E-002   1.8757E-002  -1.1811E-002   6.6838E-004   1.7363E-004  -1.9577E-002   2.8179E-002   1.9236E-001  
 1.0365E+000  -6.0627E+000  -3.2705E+000   1.1120E-001  -1.9375E-001  -1.1707E-001  -1.5783E-001  -6.4099E-001   2.2811E-002  -1.4724E-001   5.8037E-003  -5.0769E-003   1.6125E-001   2.7221E-003   3.2465E-003   1.2895E-001   5.2022E-002   3.3474E-002  -7.7502E-003  -2.2487E-004   6.8725E-004  -1.7874E-002   3.0307E-002   2.0557E-001  
 1.4331E+000  -5.8527E+000  -3.1911E+000   4.7633E-002  -4.5175E-001   3.6808E-002  -1.0247E-001  -6.1789E-001  -1.8345E-002  -2.3037E-001  -3.5842E-002  -1.4056E-002   1.6782E-001   2.1290E-003   8.4220E-003   1.2008E-001   3.7548E-002   5.2456E-002   2.3868E-003  -1.8962E-003   4.5481E-004  -1.7487E-002   3.2583E-002   2.2340E-001  
 1.7966E+000  -5.5865E+000  -2.8734E+000  -8.1112E-002  -8.2281E-001   3.8807E-001  -1.8302E-002  -5.8600E-001  -8.9821E-002  -3.3961E-001  -9.3263E-002  -6.5903E-003   1.6456E-001  -1.7380E-003   1.4904E-002   1.1035E-001   1.4555E-002   7.3660E-002   2.0189E-002  -3.2938E-003  -1.4063E-003  -1.7430E-002   3.5940E-002   2.3735E-001  
 2.7093E+000  -5.6742E+000  -7.5182E-001  -1.9581E-001   1.1377E+000   2.2931E-001  -3.9603E-001  -5.7032E-001  -6.6464E-002  -3.4621E-001  -1.8440E-001   1.5535E-001  -7.3717E-002   7.5438E-003  -4.1214E-002   9.2399E-002   1.1612E-001   9.7692E-002  -2.0954E-003  -7.7050E-003  -4.0191E-003  -1.7534E-002   4.5388E-002   3.1103E-001  
 2.3501E+000  -5.9690E+000  -5.4669E-001   3.0234E-002   5.6411E-001  -1.5311E-001  -3.8729E-001  -5.8402E-001  -8.9656E-002  -2.5949E-001  -8.5400E-002   9.5874E-002  -1.1812E-001   8.5587E-003  -1.0328E-002   1.1281E-001   5.7005E-002   5.8840E-002   2.1276E-002  -2.6717E-003  -3.4489E-003  -1.5037E-002   4.3682E-002   2.9001E-001  
 1.8733E+000  -6.2366E+000  -4.6779E-001   1.1418E-001   2.0571E-001  -2.7462E-001  -3.3463E-001  -6.1281E-001  -1.0628E-001  -1.5478E-001  -3.3415E-002   9.1249E-002  -1.1940E-001   7.0246E-003  -3.0553E-003   1.2498E-001   4.0246E-002   3.3561E-002   2.6851E-002  -2.8405E-005  -3.1251E-003  -1.4734E-002   4.0689E-002   2.6581E-001  
 1.3919E+000  -6.4422E+000  -5.6331E-001   1.4709E-001  -2.0036E-002  -2.6555E-001  -2.9894E-001  -6.3419E-001  -1.0391E-001  -7.5054E-002   3.3606E-003   9.7633E-002  -1.0629E-001   3.9558E-003   5.9268E-004   1.3419E-001   3.2991E-002   1.4175E-002   2.5696E-002   1.1349E-003  -1.4496E-003  -1.5952E-002   3.7144E-002   2.4292E-001  
 9.5138E-001  -6.5914E+000  -7.8392E-001   1.4900E-001  -1.3295E-001  -1.8758E-001  -2.7580E-001  -6.4947E-001  -8.7408E-002  -1.7365E-002   2.8144E-002   1.0726E-001  -8.2018E-002   1.5409E-003   1.5775E-003   1.4050E-001   3.1884E-002   8.3630E-004   2.0833E-002   1.1122E-003  -3.7325E-004  -1.7878E-002   3.3552E-002   2.3069E-001  
 5.8528E-001  -6.6916E+000  -1.0895E+000   1.3666E-001  -1.6027E-001  -9.0315E-002  -2.6083E-001  -6.5973E-001  -6.1445E-002   2.1362E-002   4.3978E-002   1.1512E-001  -4.9884E-002   1.6152E-004   1.2485E-003   1.4434E-001   3.4520E-002  -7.4538E-003   1.4004E-002   7.5031E-004  -1.3502E-004  -1.9983E-002   3.0316E-002   2.1154E-001  
 3.2163E-001  -6.7476E+000  -1.4487E+000   1.2240E-001  -1.2935E-001  -9.7409E-003  -2.5089E-001  -6.6551E-001  -2.9834E-002   4.2965E-002   5.3119E-002   1.1818E-001  -1.2981E-002  -4.8414E-004   5.9849E-004   1.4649E-001   3.8945E-002  -1.1784E-002   6.1765E-003   6.0118E-004  -1.3834E-004  -2.1350E-002   2.8002E-002   2.0211E-001  
 1.8243E-001  -6.7613E+000  -1.8277E+000   1.1366E-001  -6.9268E-002   3.1011E-002  -2.4323E-001  -6.6695E-001   3.7305E-003   4.8669E-002   5.6830E-002   1.1498E-001   2.5732E-002  -6.2064E-004  -1.6044E-004   1.4701E-001   4.4064E-002  -1.2494E-002  -1.9136E-003   5.4844E-004  -2.3185E-004  -2.1981E-002   2.6465E-002   1.7644E-001  
 1.7237E-001  -6.7342E+000  -2.2014E+000   1.1275E-001  -9.0403E-003   2.5003E-002  -2.3507E-001  -6.6423E-001   3.6805E-002   3.9221E-002   5.5573E-002   1.0514E-001   6.4277E-002  -3.1330E-004  -8.4546E-004   1.4590E-001   4.8963E-002  -9.8405E-003  -9.6528E-003   6.0932E-004  -3.1113E-004  -2.1999E-002   2.5444E-002   1.6638E-001  
 2.8643E-001  -6.6650E+000  -2.5449E+000   1.1713E-001   2.2369E-002  -2.0776E-002  -2.2349E-001  -6.5703E-001   6.6972E-002   1.3919E-002   4.9179E-002   8.9180E-002   1.0064E-001   4.1935E-004  -1.3135E-003   1.4309E-001   5.2590E-002  -3.8340E-003  -1.6501E-002   7.2753E-004  -2.9556E-004  -2.1475E-002   2.4826E-002   1.6228E-001  
 5.0491E-001  -6.5515E+000  -2.8246E+000   1.1948E-001  -4.0710E-003  -8.3775E-002  -2.0555E-001  -6.4514E-001   9.0703E-002  -2.8497E-002   3.6603E-002   6.8903E-002   1.3214E-001   1.7201E-003  -1.4024E-003   1.3868E-001   5.3943E-002   5.7159E-003  -2.1936E-002   9.6852E-004  -1.3132E-004  -2.0314E-002   2.5080E-002   1.6313E-001  
 7.9951E-001  -6.3890E+000  -3.0088E+000   1.0764E-001  -1.1554E-001  -1.2813E-001  -1.7771E-001  -6.2795E-001   1.0410E-001  -9.0199E-002   1.5842E-002   4.7101E-002   1.5604E-001   3.8694E-003  -4.1793E-004   1.3209E-001   5.1419E-002   1.9679E-002  -2.5257E-002   1.0906E-003   6.0138E-004  -1.9114E-002   2.6254E-002   1.7202E-001  
 1.1364E+000  -6.1696E+000  -3.0568E+000   6.5251E-002  -3.3905E-001  -1.0441E-001  -1.3514E-001  -6.0426E-001   1.0229E-001  -1.7458E-001  -1.5941E-002   2.8368E-002   1.6936E-001   6.5492E-003   2.8343E-003   1.2298E-001   4.3045E-002   3.9014E-002  -2.4936E-002   3.6449E-004   1.8218E-003  -1.8235E-002   2.8202E-002   1.8771E-001  
 1.4734E+000  -5.8875E+000  -2.9182E+000  -2.5808E-002  -6.9337E-001   4.7458E-002  -7.1834E-002  -5.7214E-001   7.9968E-002  -2.8552E-001  -6.1224E-002   1.9493E-002   1.6987E-001   7.7716E-003   8.8623E-003   1.1176E-001   2.6821E-002   6.3134E-002  -1.8434E-002  -1.4349E-003   1.9162E-003  -1.8071E-002   3.0464E-002   2.0514E-001  
 1.7576E+000  -5.5378E+000  -2.5621E+000  -1.9930E-001  -1.2072E+000   4.1717E-001   5.5343E-003  -5.2854E-001   4.1751E-002  -4.1886E-001  -1.3021E-001   4.0715E-002   1.5597E-001   2.7702E-003   2.3504E-002   1.0118E-001  -8.3420E-003   9.0542E-002   1.7369E-003  -4.1415E-003   1.0607E-003  -1.6506E-002   3.3804E-002   1.9680E-001  
 1.5874E+000  -6.4724E+000  -7.6192E-001   9.5057E-002   1.3814E-001  -3.1945E-001  -3.1891E-001  -5.8975E-001  -1.8361E-001  -6.1101E-002  -2.6740E-002   1.2762E-001  -9.4757E-002   6.9233E-003   3.2423E-003   1.2443E-001   4.1739E-002   1.1359E-002   4.2748E-002   2.5683E-003  -1.8731E-003  -1.6256E-002   3.6793E-002   2.4606E-001  
 1.2042E+000  -6.6660E+000  -9.2396E-001   1.2230E-001  -4.1613E-002  -2.4237E-001  -2.8981E-001  -6.0987E-001  -1.4569E-001   1.1398E-002   2.1514E-003   1.3711E-001  -7.4756E-002   2.4752E-003   3.9176E-003   1.3311E-001   3.7485E-002  -5.5588E-003   3.3079E-002   1.9844E-003  -2.2583E-004  -1.7086E-002   3.3457E-002   2.2653E-001  
 8.8182E-001  -6.7966E+000  -1.1768E+000   1.2831E-001  -1.1620E-001  -1.4603E-001  -2.6954E-001  -6.2346E-001  -9.9194E-002   6.0200E-002   2.0893E-002   1.4508E-001  -4.4378E-002  -2.1557E-004   2.9854E-003   1.3849E-001   3.7731E-002  -1.6152E-002   2.1707E-002   1.1072E-003   3.7614E-004  -1.8469E-002   3.0210E-002   2.0310E-001  
 6.4586E-001  -6.8698E+000  -1.4869E+000   1.2522E-001  -1.1938E-001  -6.6018E-002  -2.5470E-001  -6.3099E-001  -4.7577E-002   8.7692E-002   3.1896E-002   1.4843E-001  -7.6342E-003  -1.5158E-003   1.3687E-003   1.4146E-001   4.0219E-002  -2.1561E-002   9.4804E-003   4.7136E-004   1.7991E-004  -1.9573E-002   2.7454E-002   1.8454E-001  
 5.1627E-001  -6.8880E+000  -1.8192E+000   1.2007E-001  -8.6314E-002  -2.5457E-002  -2.4228E-001  -6.3281E-001   5.7830E-003   9.5075E-002   3.6352E-002   1.4536E-001   3.1781E-002  -1.7691E-003  -2.4098E-004   1.4211E-001   4.3588E-002  -2.2477E-002  -2.6365E-003   3.1576E-004  -1.9210E-004  -2.0276E-002   2.5283E-002   1.6511E-001  
 4.9744E-001  -6.8532E+000  -2.1463E+000   1.1538E-001  -5.3026E-002  -3.1264E-002  -2.2928E-001  -6.2914E-001   5.8711E-002   8.3094E-002   3.4778E-002   1.3555E-001   7.1049E-002  -1.3010E-003  -1.7495E-003   1.4072E-001   4.6718E-002  -1.9373E-002  -1.4394E-002   4.1259E-004  -5.3385E-004  -2.0392E-002   2.3836E-002   1.5088E-001  
 5.8465E-001  -6.7633E+000  -2.4408E+000   1.0859E-001  -5.5492E-002  -7.6483E-002  -2.1258E-001  -6.1964E-001   1.0905E-001   5.0930E-002   2.6906E-002   1.1944E-001   1.0742E-001   4.5540E-005  -3.1206E-003   1.3712E-001   4.8512E-002  -1.2055E-002  -2.5575E-002   8.5201E-004  -7.7182E-004  -2.0055E-002   2.3120E-002   1.4136E-001  
 7.6021E-001  -6.6160E+000  -2.6676E+000   9.2707E-002  -1.2883E-001  -1.3866E-001  -1.8901E-001  -6.0391E-001   1.5341E-001  -2.7041E-003   1.1752E-002   9.9012E-002   1.3738E-001   2.5695E-003  -3.8977E-003   1.3123E-001   4.7710E-002  -1.0335E-004  -3.5519E-002   1.5822E-003  -4.8588E-004  -1.9410E-002   2.3329E-002   1.4543E-001  
 9.9846E-001  -6.4055E+000  -2.7929E+000   5.6019E-002  -3.0646E-001  -1.8223E-001  -1.5470E-001  -5.8116E-001   1.8843E-001  -8.0519E-002  -1.2724E-002   7.7217E-002   1.5745E-001   6.5583E-003  -3.2614E-003   1.2250E-001   4.2541E-002   1.7442E-002  -4.3486E-002   2.1904E-003   6.2459E-004  -1.8969E-002   2.4420E-002   1.5834E-001  
 1.7847E+000  -6.3064E+000  -1.0153E+000  -5.9847E-003   4.2928E-001  -4.9919E-001  -3.4524E-001  -5.2290E-001  -2.8772E-001  -2.3704E-002  -6.9860E-002   1.4873E-001  -6.9895E-002   1.0080E-002   8.1107E-003   1.0696E-001   5.2997E-002   4.5035E-003   6.4522E-002   3.9726E-003  -1.7807E-003  -1.7038E-002   3.6435E-002   2.4404E-001  
 1.4628E+000  -6.5523E+000  -1.1031E+000   4.9663E-002   1.5213E-001  -4.2492E-001  -3.0796E-001  -5.4987E-001  -2.2115E-001   6.4532E-002  -3.6608E-002   1.5764E-001  -5.6988E-002   3.2483E-003   8.6782E-003   1.1759E-001   4.5376E-002  -1.6440E-002   4.9691E-002   3.2505E-003   6.3545E-004  -1.7288E-002   3.3219E-002   2.2557E-001  
 1.1881E+000  -6.7184E+000  -1.2889E+000   7.7111E-002  -2.7489E-003  -3.3060E-001  -2.8080E-001  -5.6753E-001  -1.4809E-001   1.2401E-001  -1.4264E-002   1.6578E-001  -3.2056E-002  -1.5392E-003   6.5297E-003   1.2492E-001   4.2367E-002  -2.9889E-002   3.2517E-002   1.4814E-003   1.5406E-003  -1.7852E-002   3.0028E-002   2.0409E-001  
 9.8255E-001  -6.8119E+000  -1.5364E+000   8.7084E-002  -7.4297E-002  -2.5183E-001  -2.5951E-001  -5.7722E-001  -7.0488E-002   1.5774E-001  -9.0773E-004   1.6945E-001   1.0191E-003  -4.0385E-003   3.2301E-003   1.2901E-001   4.2112E-002  -3.6829E-002   1.4547E-002   6.5750E-005   1.0363E-003  -1.8538E-002   2.7031E-002   1.8212E-001  
 8.6354E-001  -6.8357E+000  -1.8089E+000   8.6350E-002  -1.0289E-001  -2.1173E-001  -2.4092E-001  -5.7960E-001   8.4861E-003   1.6683E-001   4.4195E-003   1.6659E-001   3.7811E-002  -4.7638E-003  -1.4764E-004   1.3011E-001   4.3089E-002  -3.8253E-002  -3.1916E-003  -5.3302E-004   5.9718E-005  -1.9000E-002   2.4611E-002   1.5834E-001  
 8.3513E-001  -6.7919E+000  -2.0761E+000   7.7275E-002  -1.3117E-001  -2.1711E-001  -2.2167E-001  -5.7480E-001   8.7082E-002   1.5213E-001   2.3793E-003   1.5672E-001   7.4543E-002  -3.9903E-003  -3.4526E-003   1.2832E-001   4.3893E-002  -3.4591E-002  -2.0558E-002  -3.3007E-004  -1.0084E-003  -1.9261E-002   2.2847E-002   1.4022E-001  
 8.9303E-001  -6.6783E+000  -2.3079E+000   5.7486E-002  -2.0171E-001  -2.6110E-001  -1.9828E-001  -5.6244E-001   1.6356E-001   1.1266E-001  -7.3459E-003   1.4039E-001   1.0750E-001  -1.5974E-003  -6.5356E-003   1.2364E-001   4.3147E-002  -2.5688E-002  -3.7471E-002   6.7058E-004  -1.7508E-003  -1.9285E-002   2.1921E-002   1.2774E-001  
 1.0221E+000  -6.4918E+000  -2.4674E+000   2.0669E-002  -3.5463E-001  -3.2127E-001  -1.6726E-001  -5.4173E-001   2.3487E-001   4.7092E-002  -2.5529E-002   1.1986E-001   1.3259E-001   2.7175E-003  -8.5149E-003   1.1612E-001   3.9543E-002  -1.0945E-002  -5.3015E-002   2.0672E-003  -1.4137E-003  -1.9183E-002   2.1980E-002   1.2989E-001  
 1.2006E+000  -6.2248E+000  -2.5176E+000  -4.3278E-002  -6.2834E-001  -3.6220E-001  -1.2378E-001  -5.1101E-001   2.9904E-001  -4.8162E-002  -5.3719E-002   9.8510E-002   1.4659E-001   8.6333E-003  -8.2095E-003   1.0594E-001   3.1763E-002   1.0328E-002  -6.5933E-002   2.8222E-003   3.7811E-005  -1.9021E-002   2.3001E-002   1.4138E-001  
 1.9192E+000  -5.9171E+000  -1.3032E+000  -1.9944E-001   9.0848E-001  -8.7425E-001  -3.5954E-001  -4.4009E-001  -4.0398E-001   6.0846E-002  -1.3975E-001   1.5981E-001  -1.1612E-002   2.2296E-002   1.7168E-002   7.5383E-002   7.8904E-002  -4.4322E-004   9.1869E-002   6.4578E-003  -1.6012E-003  -1.6488E-002   3.6933E-002   2.1277E-001  
 1.6910E+000  -6.1887E+000  -1.3301E+000  -8.7137E-002   4.6129E-001  -8.0088E-001  -3.3255E-001  -4.5761E-001  -3.2006E-001   1.5263E-001  -8.9970E-002   1.6427E-001  -2.8293E-002   3.4883E-003   1.4587E-002   9.4396E-002   5.4793E-002  -3.2217E-002   6.9221E-002   4.2590E-003   1.0511E-003  -1.7741E-002   3.3857E-002   2.2407E-001  
 1.4631E+000  -6.3991E+000  -1.4313E+000  -3.8358E-002   1.8988E-001  -7.1207E-001  -2.9554E-001  -4.8270E-001  -2.1123E-001   2.2273E-001  -6.4585E-002   1.7084E-001  -1.1573E-002  -4.1380E-003   1.1634E-002   1.0219E-001   4.8446E-002  -4.9550E-002   4.6201E-002   1.8496E-003   2.5188E-003  -1.8055E-002   2.9900E-002   2.0383E-001  
 1.2882E+000  -6.5174E+000  -1.5997E+000  -1.4399E-002   1.1068E-002  -6.3619E-001  -2.6567E-001  -4.9590E-001  -9.9720E-002   2.6274E-001  -4.8979E-002   1.7423E-001   1.4095E-002  -8.4736E-003   6.3349E-003   1.0706E-001   4.4924E-002  -5.8707E-002   2.1467E-002  -2.8929E-004   2.0900E-003  -1.8477E-002   2.6870E-002   1.7952E-001  
 1.1801E+000  -6.5481E+000  -1.7965E+000  -1.0327E-002  -1.1880E-001  -5.9699E-001  -2.3899E-001  -4.9907E-001   1.2153E-002   2.7353E-001  -4.2689E-002   1.7140E-001   4.4171E-002  -9.9598E-003   3.1424E-004   1.0851E-001   4.2771E-002  -6.0868E-002  -3.3377E-003  -1.4142E-003   5.4623E-004  -1.8802E-002   2.4311E-002   1.5823E-001  
 1.1422E+000  -6.4937E+000  -1.9880E+000  -2.3788E-002  -2.4819E-001  -6.0134E-001  -2.1151E-001  -4.9250E-001   1.2373E-001   2.5605E-001  -4.5048E-002   1.6180E-001   7.4276E-002  -8.7856E-003  -5.6519E-003   1.0671E-001   4.0473E-002  -5.6548E-002  -2.7771E-002  -1.1988E-003  -1.1749E-003  -1.8985E-002   2.2395E-002   1.3512E-001  
 1.1709E+000  -6.3514E+000  -2.1404E+000  -5.6983E-002  -4.2542E-001  -6.4243E-001  -1.7910E-001  -4.7568E-001   2.3444E-001   2.0900E-001  -5.6450E-002   1.4593E-001   1.0032E-001  -4.9939E-003  -1.0816E-002   1.0160E-001   3.6769E-002  -4.5611E-002  -5.1372E-002   1.3766E-004  -2.1966E-003  -1.9058E-002   2.1326E-002   1.1746E-001  
 1.2569E+000  -6.1139E+000  -2.2132E+000  -1.1176E-001  -6.9157E-001  -6.9546E-001  -1.3622E-001  -4.4389E-001   3.4415E-001   1.3161E-001  -7.5915E-002   1.2825E-001   1.1986E-001   1.2261E-003  -1.2498E-002   9.5134E-002   3.1010E-002  -2.7126E-002  -7.1441E-002   1.5664E-003  -1.3425E-003  -1.8955E-002   2.1499E-002   1.1120E-001  
 1.3748E+000  -5.7817E+000  -2.1722E+000  -2.0199E-001  -1.0980E+000  -7.2924E-001  -8.0286E-002  -3.9870E-001   4.4575E-001   1.9552E-002  -1.0884E-001   1.1107E-001   1.2566E-001   1.0141E-002  -1.2685E-002   8.3941E-002   1.8469E-002  -9.8460E-004  -8.7880E-002   2.9079E-003  -4.0460E-004  -1.6038E-002   2.3375E-002   1.2122E-001  
