 2.1825E+000   6.7719E+000   2.2359E+000   1.4904E+000   4.4975E-002   1.3418E-001  -5.6231E-001  -1.1382E+000  -9.3166E-001  -6.4166E-002   1.8818E-001   6.0892E-001   7.7041E-001  -4.9020E-002   1.1872E-001  -6.1610E-001  -2.2737E-001   1.3673E-003   5.2368E-002   2.1983E-002  -2.0384E-002  -6.2714E-002   1.2556E-001   1.1522E+000  
 1.5606E+000   7.8004E+000   2.7758E+000   1.0627E+000  -9.0900E-002  -5.3624E-002  -2.6462E-001  -6.7093E-001  -5.3042E-001  -2.0739E-001  -9.0961E-003   4.9912E-001   4.6969E-001  -2.6576E-003   6.1863E-002  -4.0312E-001  -1.3656E-001   3.2615E-002   7.6354E-002   1.7230E-002  -3.9785E-002  -1.1432E-001   1.8168E-001   8.6753E-001  
 1.3800E+000   8.2175E+000   2.8826E+000   9.7803E-001  -1.4420E-003  -4.1195E-002  -1.7315E-001  -5.3302E-001  -3.1682E-001  -2.7524E-001  -4.2937E-002   4.7606E-001   3.3604E-001   2.5730E-004   9.8308E-003  -3.6434E-001  -1.3742E-001   7.6428E-002   9.3923E-002  -2.5844E-004  -1.9972E-002  -1.2189E-001   1.9758E-001   7.1172E-001  
 1.3301E+000   8.4256E+000   2.8504E+000   9.5625E-001   7.2726E-002   2.3827E-002  -1.3469E-001  -5.0243E-001  -1.7445E-001  -3.3094E-001  -4.2330E-002   5.0306E-001   2.5463E-001  -2.4582E-004   6.3096E-003  -3.6714E-001  -1.5610E-001   9.9162E-002   6.4208E-002  -8.0238E-003  -1.5720E-002  -1.2327E-001   2.0641E-001   7.3052E-001  
 1.3564E+000   8.5234E+000   2.7606E+000   9.2095E-001   1.0511E-001   5.7079E-002  -1.0479E-001  -4.9154E-001  -3.5718E-002  -3.5483E-001  -4.3246E-002   5.2911E-001   1.7376E-001   2.6022E-004   5.0847E-003  -3.7224E-001  -1.7411E-001   1.1295E-001   2.9010E-002  -1.3929E-002  -9.0285E-003  -1.1993E-001   2.1705E-001   8.0502E-001  
 1.4601E+000   8.5167E+000   2.6510E+000   8.7138E-001   1.3930E-001   5.1165E-002  -7.6399E-002  -4.9743E-001   1.0261E-001  -3.4957E-001  -4.6784E-002   5.5300E-001   9.3020E-002   3.0621E-003   4.1610E-003  -3.7773E-001  -1.8975E-001   1.1685E-001  -9.3917E-003  -1.7620E-002  -2.5133E-004  -1.1287E-001   2.2935E-001   8.6947E-001  
 1.6381E+000   8.4016E+000   2.5574E+000   8.0676E-001   2.2024E-001   1.4470E-002  -4.3447E-002  -5.2149E-001   2.4315E-001  -3.1536E-001  -5.3601E-002   5.7623E-001   1.4064E-002   8.7615E-003   1.2231E-003  -3.8453E-001  -2.0316E-001   1.0870E-001  -4.8873E-002  -1.8046E-002   1.0581E-002  -1.0171E-001   2.4258E-001   9.2322E-001  
 1.9209E+000   8.1076E+000   2.5465E+000   7.7822E-001   3.4466E-001   1.6671E-002   2.3652E-002  -6.2489E-001   4.3392E-001  -2.7186E-001  -4.1118E-002   6.3717E-001  -9.5642E-002   1.8671E-002  -4.0328E-002  -4.1797E-001  -2.0359E-001   7.4201E-002  -5.7566E-002  -9.8012E-003   3.7719E-002  -8.7911E-002   2.5684E-001   1.1083E+000  
 2.4612E+000   7.4023E+000   2.7542E+000   9.2233E-001   4.4468E-001   1.9811E-001   1.6001E-001  -9.3808E-001   7.2357E-001  -2.2886E-001   5.6474E-002   8.0820E-001  -2.5011E-001   2.0795E-002  -9.0823E-002  -5.7769E-001  -2.0303E-001   4.2772E-003  -6.8236E-002   1.2614E-003   2.9997E-002  -4.7134E-002   2.4438E-001   1.9248E+000  
 1.3953E+000   8.2305E+000   3.0690E+000   9.4952E-001  -4.6919E-002   6.8021E-002  -2.3308E-001  -4.8983E-001  -3.9949E-001   4.7960E-002  -4.3588E-002   3.3723E-001   4.6593E-001  -3.3263E-003   9.9412E-003  -3.8418E-001  -1.0375E-001  -2.8223E-003   1.2108E-001   1.7466E-002  -1.0679E-002  -1.2040E-001   2.0686E-001   7.5527E-001  
 1.1828E+000   8.5936E+000   3.1609E+000   9.5254E-001   1.1483E-001   1.3183E-001  -1.7535E-001  -4.3528E-001  -3.0325E-001  -6.6491E-002  -3.8011E-002   3.6666E-001   3.8714E-001  -9.0015E-004   1.9355E-003  -3.8515E-001  -1.2073E-001   3.0002E-002   1.1035E-001   8.4477E-003  -1.1818E-002  -1.3135E-001   2.0886E-001   7.7207E-001  
 1.0323E+000   8.8513E+000   3.1193E+000   9.3906E-001   1.6909E-001   2.1696E-001  -1.4027E-001  -4.0210E-001  -2.0869E-001  -1.4181E-001  -3.3475E-002   3.9747E-001   3.0925E-001  -3.4770E-003  -2.5267E-003  -3.9030E-001  -1.4069E-001   5.9166E-002   8.9828E-002   2.0960E-003  -9.5032E-003  -1.3725E-001   2.1235E-001   7.8321E-001  
 9.6111E-001   9.0167E+000   2.9878E+000   9.1229E-001   1.4690E-001   2.8912E-001  -1.1776E-001  -3.8469E-001  -1.1474E-001  -1.8717E-001  -2.9959E-002   4.2816E-001   2.2927E-001  -7.0807E-003  -2.6200E-003  -3.9773E-001  -1.6081E-001   8.1717E-002   6.1364E-002  -1.3157E-003  -6.5335E-003  -1.3739E-001   2.1810E-001   7.9569E-001  
 9.8166E-001   9.0955E+000   2.8050E+000   8.7549E-001   8.5503E-002   3.2504E-001  -1.0106E-001  -3.7939E-001  -2.1486E-002  -2.0646E-001  -2.8335E-002   4.5617E-001   1.4750E-001  -8.7999E-003   3.2627E-004  -4.0519E-001  -1.7859E-001   9.5680E-002   2.7682E-002  -3.6103E-003  -4.2558E-003  -1.3239E-001   2.2643E-001   8.5415E-001  
 1.0967E+000   9.0919E+000   2.6029E+000   8.2924E-001   2.4900E-002   3.1715E-001  -8.4904E-002  -3.8402E-001   7.2023E-002  -2.0099E-001  -2.9691E-002   4.7958E-001   6.5111E-002  -7.7651E-003   3.7908E-003  -4.1071E-001  -1.9348E-001   1.0053E-001  -9.1720E-003  -5.6509E-003  -7.3937E-004  -1.2349E-001   2.3734E-001   9.1531E-001  
 1.3022E+000   9.0029E+000   2.4132E+000   7.7267E-001   5.1950E-003   2.7323E-001  -6.4151E-002  -3.9925E-001   1.6688E-001  -1.7068E-001  -3.5040E-002   4.9944E-001  -1.6547E-002  -3.5348E-003   5.0879E-003  -4.1505E-001  -2.0504E-001   9.4556E-002  -4.6466E-002  -6.3711E-003   5.5015E-003  -1.1055E-001   2.5054E-001   9.7972E-001  
 1.5811E+000   8.8238E+000   2.2730E+000   7.0155E-001   6.6159E-002   2.1720E-001  -3.5086E-002  -4.2731E-001   2.6228E-001  -1.1427E-001  -4.5489E-002   5.1749E-001  -9.4154E-002   2.8983E-003   1.4058E-003  -4.1784E-001  -2.1340E-001   7.6373E-002  -8.0703E-002  -3.3372E-003   1.4283E-002  -9.5364E-002   2.6428E-001   1.0388E+000  
 1.9124E+000   8.5456E+000   2.2206E+000   6.0724E-001   2.4330E-001   1.8556E-001   7.6235E-003  -4.7074E-001   3.5960E-001  -2.7191E-002  -6.4004E-002   5.3732E-001  -1.6554E-001   8.1482E-003  -9.6884E-003  -4.1871E-001  -2.2057E-001   4.6252E-002  -1.0773E-001   6.2901E-003   2.2996E-002  -7.9989E-002   2.7765E-001   1.1125E+000  
 1.1317E+000   8.6768E+000   3.4414E+000   8.9925E-001   2.1455E-001   1.4166E-001  -1.8185E-001  -3.8729E-001  -2.4414E-001   8.9690E-002  -3.5059E-002   2.5717E-001   4.3836E-001   2.2329E-003   1.3520E-003  -4.1152E-001  -1.0809E-001  -2.0909E-002   1.0731E-001   1.1631E-002  -3.1663E-003  -1.3009E-001   2.2314E-001   8.3603E-001  
 8.7273E-001   8.9626E+000   3.4336E+000   8.9152E-001   2.9591E-001   2.1368E-001  -1.4421E-001  -3.5632E-001  -1.9282E-001  -1.9912E-003  -2.4699E-002   2.9212E-001   3.6668E-001   9.9426E-004  -3.1950E-003  -4.2240E-001  -1.2951E-001   1.0848E-002   9.5517E-002   5.5427E-003  -4.2351E-003  -1.3805E-001   2.2063E-001   8.3283E-001  
 6.8349E-001   9.1668E+000   3.3062E+000   8.6660E-001   2.7904E-001   3.0600E-001  -1.2261E-001  -3.3832E-001  -1.3739E-001  -6.4337E-002  -1.6684E-002   3.2847E-001   2.9133E-001  -2.4954E-003  -3.2799E-003  -4.3566E-001  -1.5120E-001   3.6917E-002   7.4877E-002   2.9330E-003  -4.7153E-003  -1.3900E-001   2.2054E-001   8.3047E-001  
 5.8639E-001   9.3001E+000   3.0972E+000   8.2983E-001   1.9170E-001   3.8162E-001  -1.0938E-001  -3.2775E-001  -7.6279E-002  -1.0216E-001  -1.2025E-002   3.6177E-001   2.0930E-001  -5.0742E-003  -2.6613E-003  -4.4631E-001  -1.6977E-001   5.6859E-002   5.0548E-002   3.5342E-004  -3.6812E-003  -1.3602E-001   2.2409E-001   8.5758E-001  
 5.9901E-001   9.3646E+000   2.8408E+000   7.8851E-001   6.9967E-002   4.1828E-001  -1.0045E-001  -3.2474E-001  -1.3395E-002  -1.1754E-001  -9.2324E-003   3.9023E-001   1.2454E-001  -7.0883E-003  -9.4006E-004  -4.5401E-001  -1.8494E-001   7.0011E-002   2.2461E-002  -6.5410E-004  -1.6581E-003  -1.2954E-001   2.3062E-001   8.7424E-001  
 7.2519E-001   9.3623E+000   2.5657E+000   7.4544E-001  -5.1571E-002   4.0933E-001  -9.1267E-002  -3.2837E-001   5.0193E-002  -1.1233E-001  -8.9321E-003   4.1357E-001   3.8411E-002  -7.6021E-003   1.5878E-003  -4.5891E-001  -1.9632E-001   7.5277E-002  -8.5261E-003  -5.5140E-004   4.0184E-004  -1.1980E-001   2.4026E-001   9.2047E-001  
 9.6016E-001   9.2920E+000   2.2994E+000   6.9800E-001  -1.3785E-001   3.6168E-001  -7.8028E-002  -3.3871E-001   1.1321E-001  -8.5587E-002  -1.2148E-002   4.3082E-001  -4.6978E-002  -6.0059E-003   4.1382E-003  -4.5956E-001  -2.0413E-001   7.1555E-002  -4.1451E-002   1.6919E-004   2.6046E-003  -1.0796E-001   2.5270E-001   1.0014E+000  
 1.2830E+000   9.1508E+000   2.0767E+000   6.4097E-001  -1.5250E-001   2.9809E-001  -5.7909E-002  -3.5532E-001   1.7247E-001  -3.6391E-002  -2.1807E-002   4.4307E-001  -1.2662E-001  -1.6895E-003   5.0743E-003  -4.5602E-001  -2.0951E-001   5.7323E-002  -7.4013E-002   1.8220E-003   5.8012E-003  -9.4398E-002   2.6719E-001   1.0631E+000  
 1.6690E+000   8.9305E+000   1.9324E+000   5.6559E-001  -6.5008E-002   2.5655E-001  -2.6725E-002  -3.8155E-001   2.2902E-001   3.7564E-002  -3.9685E-002   4.5554E-001  -1.9926E-001   2.7909E-003  -2.7020E-004  -4.5050E-001  -2.1369E-001   3.1311E-002  -1.0018E-001   8.7540E-003   1.0231E-002  -7.8966E-002   2.8227E-001   1.1190E+000  
 2.1939E+000   7.4706E+000   2.5470E+000   1.0114E+000  -1.2653E-001   4.6557E-001  -6.6751E-001  -7.0221E-001  -1.7544E-001   6.8302E-001   8.7606E-002   6.3992E-002   8.4876E-001  -6.6250E-002  -7.5554E-003  -5.8110E-001  -2.1448E-001  -6.8375E-002   7.0733E-003   1.4063E-002   2.0979E-002  -5.2210E-002   2.1728E-001   1.8023E+000  
 1.6312E+000   8.1654E+000   3.3712E+000   7.9535E-001   3.8128E-003   2.1257E-001  -2.8851E-001  -4.2098E-001  -1.4257E-001   3.5544E-001  -5.2415E-002   1.1691E-001   5.5781E-001  -1.0205E-002   7.7841E-003  -4.3066E-001  -8.6162E-002  -9.5930E-002   7.0733E-002   1.5193E-002   1.6783E-002  -1.0070E-001   2.4555E-001   9.1210E-001  
 1.2546E+000   8.5585E+000   3.6627E+000   8.2413E-001   2.4006E-001   9.5708E-002  -2.0090E-001  -3.6648E-001  -1.4658E-001   2.0621E-001  -3.5669E-002   1.4513E-001   4.8526E-001   2.7958E-003   5.4104E-003  -4.3675E-001  -1.0091E-001  -6.8869E-002   8.4228E-002   1.0845E-002   5.2027E-003  -1.1713E-001   2.4082E-001   9.2121E-001  
 8.9528E-001   8.8611E+000   3.7353E+000   8.2322E-001   3.6611E-001   1.0299E-001  -1.5283E-001  -3.3584E-001  -1.3719E-001   1.0317E-001  -1.9960E-002   1.7968E-001   4.1885E-001   4.1211E-003   7.8006E-004  -4.5124E-001  -1.2242E-001  -3.6214E-002   8.3353E-002   6.6389E-003   4.5718E-004  -1.2744E-001   2.3401E-001   9.1271E-001  
 5.8496E-001   9.0890E+000   3.6519E+000   7.9581E-001   3.8636E-001   1.7759E-001  -1.2535E-001  -3.1611E-001  -1.1523E-001   3.0464E-002  -9.4428E-003   2.1703E-001   3.4747E-001   1.7899E-003  -2.0849E-003  -4.6689E-001  -1.4407E-001  -6.8015E-003   7.4134E-002   4.1568E-003  -8.4093E-004  -1.3099E-001   2.2937E-001   8.9549E-001  
 3.5530E-001   9.2531E+000   3.4577E+000   7.5370E-001   3.2380E-001   2.7118E-001  -1.1085E-001  -3.0410E-001  -8.4272E-002  -1.9100E-002  -1.9227E-003   2.5418E-001   2.7024E-001  -7.9829E-004  -2.9878E-003  -4.8198E-001  -1.6384E-001   1.7155E-002   5.9041E-002   2.1509E-003  -1.3696E-003  -1.2824E-001   2.2748E-001   8.7797E-001  
 2.3356E-001   9.3594E+000   3.1858E+000   7.0673E-001   2.0394E-001   3.4818E-001  -1.0432E-001  -2.9806E-001  -4.7946E-002  -4.9063E-002   3.8486E-003   2.8902E-001   1.8796E-001  -3.4159E-003  -2.1682E-003  -4.9510E-001  -1.8016E-001   3.5361E-002   3.9012E-002   1.4792E-003  -1.3192E-003  -1.2113E-001   2.2836E-001   8.6711E-001  
 2.3873E-001   9.4109E+000   2.8700E+000   6.6104E-001   5.5807E-002   3.8547E-001  -1.0120E-001  -2.9695E-001  -8.4725E-003  -6.1555E-002   8.0072E-003   3.1854E-001   1.0188E-001  -5.0727E-003  -5.2861E-004  -5.0298E-001  -1.9126E-001   4.6933E-002   1.5747E-002   1.2461E-003  -1.0462E-003  -1.1317E-001   2.3236E-001   8.8082E-001  
 3.7503E-001   9.4091E+000   2.5352E+000   6.1989E-001  -9.2388E-002   3.7617E-001  -9.7323E-002  -2.9986E-001   3.2099E-002  -5.7409E-002   9.7416E-003   3.4166E-001   1.4300E-002  -5.4721E-003   1.6777E-003  -5.0576E-001  -1.9838E-001   5.1134E-002  -1.0213E-002   1.3386E-003  -7.1834E-004  -1.0430E-001   2.4016E-001   9.3123E-001  
 6.3738E-001   9.3526E+000   2.2066E+000   5.8150E-001  -2.1221E-001   3.2723E-001  -8.9220E-002  -3.0691E-001   7.1594E-002  -3.5723E-002   8.1528E-003   3.5801E-001  -7.2526E-002  -4.3056E-003   3.9567E-003  -5.0335E-001  -2.0231E-001   4.7078E-002  -3.7913E-002   1.7686E-003  -3.7324E-004  -9.4440E-002   2.5175E-001   9.7675E-001  
 1.0034E+000   9.2384E+000   1.9180E+000   5.4132E-001  -2.7396E-001   2.6151E-001  -7.3786E-002  -3.1836E-001   1.0695E-001   4.9486E-003   1.2864E-003   3.6854E-001  -1.5530E-001  -1.7338E-003   5.0420E-003  -4.9739E-001  -2.0294E-001   3.4283E-002  -6.4585E-002   3.1002E-003   2.5341E-004  -8.1982E-002   2.6638E-001   1.0473E+000  
 1.4445E+000   9.0612E+000   1.7012E+000   4.8824E-001  -2.5101E-001   2.1630E-001  -4.8685E-002  -3.3564E-001   1.3575E-001   6.5611E-002  -1.3757E-002   3.7712E-001  -2.3088E-001   2.0938E-003   2.0036E-003  -4.8810E-001  -2.0230E-001   1.0892E-002  -8.6894E-002   7.0611E-003   2.3022E-003  -6.7649E-002   2.8224E-001   1.1097E+000  
 1.9271E+000   8.8120E+000   1.5969E+000   4.0732E-001  -1.1847E-001   2.4199E-001  -9.7808E-003  -3.6102E-001   1.5585E-001   1.5115E-001  -4.0777E-002   3.8918E-001  -2.9758E-001   3.1541E-003  -6.0811E-003  -4.7615E-001  -2.0240E-001  -2.1365E-002  -1.0048E-001   1.5647E-002   1.6002E-003  -5.2318E-002   2.9791E-001   1.1600E+000  
 2.4075E+000   8.4809E+000   1.6554E+000   2.8148E-001   1.3769E-001   4.0436E-001   4.7320E-002  -4.0186E-001   1.7073E-001   2.6859E-001  -8.2687E-002   4.1723E-001  -3.5726E-001  -7.7989E-003  -1.9797E-002  -4.6488E-001  -2.0929E-001  -5.8141E-002  -9.5093E-002   2.8221E-002  -7.3581E-003  -3.9998E-002   3.1011E-001   1.2686E+000  
 2.8286E+000   8.0049E+000   1.8730E+000   9.1167E-002   4.9652E-001   8.8067E-001   9.2045E-002  -5.3604E-001   2.7165E-001   4.1424E-001  -1.3334E-001   5.6948E-001  -4.7731E-001  -5.9134E-002  -6.0186E-002  -5.4350E-001  -2.5917E-001  -9.2222E-002  -1.1150E-002   3.1311E-002  -1.4313E-002  -2.6355E-002   3.0247E-001   1.9435E+000  
 2.0015E+000   7.8928E+000   3.2069E+000   7.2293E-001  -3.5232E-003   3.7550E-001  -4.1906E-001  -4.4381E-001   6.5781E-002   4.9877E-001  -4.5633E-002  -1.8308E-002   6.3893E-001  -2.6774E-002  -3.3512E-002  -4.6061E-001  -1.0876E-001  -9.0878E-002   2.5271E-002  -1.1887E-002   3.8125E-002  -8.1411E-002   2.6764E-001   1.1689E+000  
 1.5450E+000   8.3119E+000   3.7567E+000   7.2430E-001   1.9129E-001   1.1252E-001  -2.4015E-001  -3.5929E-001  -1.2219E-002   2.8694E-001  -4.4932E-002   3.5642E-002   5.2482E-001  -3.8812E-003   6.6448E-003  -4.5431E-001  -9.6400E-002  -1.0355E-001   4.2313E-002   4.3751E-003   1.5389E-002  -9.8427E-002   2.6079E-001   9.9773E-001  
 1.1218E+000   8.6155E+000   3.9626E+000   7.4032E-001   3.4667E-001  -6.6464E-003  -1.7267E-001  -3.2705E-001  -4.6613E-002   1.7574E-001  -2.2835E-002   6.4082E-002   4.6009E-001   4.1386E-003   6.1304E-003  -4.6885E-001  -1.1733E-001  -7.7290E-002   5.5253E-002   4.9858E-003   4.8928E-003  -1.1043E-001   2.5224E-001   9.9083E-001  
 7.1158E-001   8.8530E+000   3.9670E+000   7.1885E-001   4.1157E-001   6.9321E-004  -1.3432E-001  -3.0838E-001  -6.0845E-002   9.7646E-002  -6.1435E-003   9.9811E-002   3.9475E-001   4.4515E-003   1.9952E-003  -4.8753E-001  -1.3973E-001  -4.7167E-002   5.7422E-002   2.9923E-003   1.5682E-003  -1.1610E-001   2.4311E-001   9.6293E-001  
 3.5723E-001   9.0325E+000   3.8245E+000   6.7308E-001   3.9443E-001   7.6301E-002  -1.1343E-001  -2.9698E-001  -5.9575E-002   4.1700E-002   5.3145E-003   1.3850E-001   3.2395E-001   2.6829E-003   1.6346E-005  -5.0628E-001  -1.6097E-001  -2.0817E-002   5.2073E-002   2.2449E-003  -3.4750E-004  -1.1408E-001   2.3570E-001   9.2400E-001  
 9.3902E-002   9.1616E+000   3.5766E+000   6.1684E-001   3.1364E-001   1.7052E-001  -1.0399E-001  -2.9006E-001  -4.7484E-002   3.9288E-003   1.3379E-002   1.7669E-001   2.4775E-001   2.4262E-004  -9.8407E-004  -5.2351E-001  -1.7907E-001   1.1690E-003   4.1869E-002   1.8180E-003  -7.9197E-004  -1.0652E-001   2.3067E-001   8.8113E-001  
-4.8726E-002   9.2454E+000   3.2555E+000   5.5961E-001   1.8838E-001   2.4770E-001  -1.0165E-001  -2.8654E-001  -2.8220E-002  -1.9276E-002   1.9618E-002   2.1259E-001   1.6501E-001  -1.7523E-003  -1.0190E-003  -5.3651E-001  -1.9072E-001   1.7893E-002   2.7833E-002   1.6641E-003  -8.7888E-004  -9.7590E-002   2.2861E-001   8.5799E-001  
-4.9928E-002   9.2855E+000   2.8927E+000   5.0952E-001   4.1996E-002   2.8508E-001  -1.0247E-001  -2.8641E-001  -4.8435E-003  -2.9087E-002   2.4723E-002   2.4267E-001   7.7869E-002  -3.1057E-003  -1.2256E-004  -5.4326E-001  -1.9594E-001   2.8188E-002   9.6076E-003   1.6127E-003  -9.4955E-004  -8.9350E-002   2.3003E-001   8.8465E-001  
 9.4793E-002   9.2832E+000   2.5107E+000   4.7003E-001  -1.0461E-001   2.7588E-001  -1.0201E-001  -2.8903E-001   1.9691E-002  -2.5694E-002   2.7858E-002   2.6519E-001  -1.0266E-002  -3.2401E-003   1.2571E-003  -5.4377E-001  -1.9748E-001   3.0415E-002  -1.1118E-002   1.6178E-003  -9.2670E-004  -8.1548E-002   2.3602E-001   9.2322E-001  
 3.7999E-001   9.2369E+000   2.1324E+000   4.3971E-001  -2.3010E-001   2.2668E-001  -9.6787E-002  -2.9385E-001   4.2398E-002  -8.7016E-003   2.7750E-002   2.8092E-001  -9.6647E-002  -2.0976E-003   2.4493E-003  -5.3908E-001  -1.9713E-001   2.4870E-002  -3.2635E-002   1.8139E-003  -8.5366E-004  -7.3356E-002   2.4717E-001   9.7299E-001  
 7.8164E-001   9.1446E+000   1.7905E+000   4.1311E-001  -3.1083E-001   1.6026E-001  -8.4774E-002  -3.0075E-001   5.9737E-002   2.2980E-002   2.2138E-002   2.9063E-001  -1.7860E-001   2.0143E-004   2.8382E-003  -5.3030E-001  -1.9455E-001   1.1525E-002  -5.3400E-002   2.3064E-003  -8.8646E-004  -6.3450E-002   2.6239E-001   1.0289E+000  
 1.2693E+000   9.0024E+000   1.5160E+000   3.7961E-001  -3.2689E-001   1.1291E-001  -6.3350E-002  -3.1067E-001   6.8005E-002   7.1340E-002   8.3899E-003   2.9641E-001  -2.5467E-001   2.9802E-003   1.6973E-003  -5.1801E-001  -1.8955E-001  -9.1516E-003  -7.1354E-002   3.7473E-003  -1.3214E-003  -5.0932E-002   2.7989E-001   1.1024E+000  
 1.8061E+000   8.8036E+000   1.3472E+000   3.2291E-001  -2.5900E-001   1.3671E-001  -3.0106E-002  -3.2619E-001   6.5140E-002   1.3841E-001  -1.7482E-002   3.0482E-001  -3.2276E-001   3.1788E-003  -4.0113E-003  -5.0262E-001  -1.8519E-001  -3.7547E-002  -8.0885E-002   9.5272E-003  -3.7320E-003  -3.7157E-002   2.9689E-001   1.1681E+000  
 2.3416E+000   8.5427E+000   1.3310E+000   2.2083E-001  -9.3906E-002   2.9629E-001   1.7457E-002  -3.5116E-001   5.0893E-002   2.2990E-001  -5.9768E-002   3.2785E-001  -3.8266E-001  -5.8652E-003  -1.1969E-002  -4.8614E-001  -1.9014E-001  -6.9235E-002  -7.4892E-002   1.5974E-002  -1.4022E-002  -2.7575E-002   3.1093E-001   1.2207E+000  
 2.8392E+000   8.2031E+000   1.5251E+000   5.4626E-002   1.7039E-001   6.6680E-001   8.6864E-002  -3.9572E-001   2.8036E-002   3.6055E-001  -1.2090E-001   3.7816E-001  -4.4405E-001  -3.3828E-002  -1.8017E-002  -4.7402E-001  -2.0529E-001  -9.5979E-002  -4.5784E-002   2.0531E-002  -3.3931E-002  -2.0242E-002   3.2801E-001   1.4018E+000  
 1.9658E+000   7.9973E+000   3.6413E+000   5.8840E-001   1.2986E-001   3.0697E-001  -3.1251E-001  -3.5952E-001   1.6513E-001   3.3141E-001  -6.7379E-002  -6.5267E-002   5.6317E-001  -1.4049E-002  -3.4087E-003  -4.6575E-001  -9.4104E-002  -1.1598E-001  -1.3359E-002  -1.2195E-002   2.1755E-002  -7.6362E-002   2.8069E-001   1.0946E+000  
 1.5225E+000   8.2884E+000   4.0495E+000   6.3656E-001   2.7181E-001  -3.8002E-003  -2.1192E-001  -3.2351E-001   7.6339E-002   2.1381E-001  -3.6214E-002  -4.5119E-002   4.9256E-001  -2.3184E-003   7.4144E-003  -4.7757E-001  -1.1310E-001  -1.0349E-001   9.5667E-003  -2.3022E-003   1.0396E-002  -8.8989E-002   2.7301E-001   1.0782E+000  
 1.0607E+000   8.5177E+000   4.1935E+000   6.3749E-001   3.5493E-001  -1.2605E-001  -1.5664E-001  -3.0548E-001   2.2941E-002   1.3592E-001  -1.0144E-002  -1.7993E-002   4.3054E-001   3.1260E-003   6.7488E-003  -4.9628E-001  -1.3748E-001  -7.9006E-002   2.4496E-002   8.1217E-004   3.3612E-003  -9.5803E-002   2.6182E-001   1.0533E+000  
 6.1116E-001   8.6993E+000   4.1469E+000   5.9748E-001   3.7452E-001  -1.1861E-001  -1.2354E-001  -2.9534E-001  -7.9483E-003   7.9494E-002   7.3264E-003   1.8721E-002   3.6504E-001   3.5962E-003   4.4785E-003  -5.1625E-001  -1.5858E-001  -5.3290E-002   2.9935E-002   1.7390E-003   2.1076E-004  -9.7662E-002   2.5006E-001   1.0113E+000  
 2.2364E-001   8.8368E+000   3.9583E+000   5.3650E-001   3.3912E-001  -4.3279E-002  -1.0694E-001  -2.9000E-001  -2.0786E-002   4.0149E-002   1.9942E-002   5.6857E-002   2.9569E-001   2.2350E-003   1.9900E-003  -5.3538E-001  -1.7893E-001  -2.9461E-002   2.9805E-002   1.8451E-003  -5.0049E-004  -9.1528E-002   2.3920E-001   9.2868E-001  
-6.4559E-002   8.9362E+000   3.6691E+000   4.6706E-001   2.6018E-001   5.1143E-002  -1.0049E-001  -2.8738E-001  -2.1421E-002   1.3160E-002   2.9367E-002   9.4786E-002   2.2038E-001   8.2735E-004   5.3030E-004  -5.5074E-001  -1.9337E-001  -1.0369E-002   2.5541E-002   1.8125E-003  -7.2283E-004  -8.2804E-002   2.3027E-001   8.9263E-001  
-2.2121E-001   9.0012E+000   3.3098E+000   3.9866E-001   1.5168E-001   1.2876E-001  -1.0178E-001  -2.8842E-001  -1.3871E-002  -3.7907E-003   3.9780E-002   1.3015E-001   1.3729E-001  -6.6275E-004  -3.7014E-005  -5.5877E-001  -1.9826E-001   4.5550E-003   1.6468E-002   1.7363E-003  -8.5671E-004  -7.7277E-002   2.2299E-001   8.8106E-001  
-2.2696E-001   9.0311E+000   2.9092E+000   3.4451E-001   2.8242E-002   1.6647E-001  -1.0389E-001  -2.8954E-001  -2.1008E-003  -1.0740E-002   4.6315E-002   1.5968E-001   5.2351E-002  -1.5118E-003   1.4915E-004  -5.6293E-001  -1.9882E-001   1.2389E-002   4.4131E-003   1.6941E-003  -8.9564E-004  -7.0078E-002   2.2186E-001   8.9140E-001  
-7.6688E-002   9.0266E+000   2.4893E+000   3.0764E-001  -9.5442E-002   1.5704E-001  -1.0442E-001  -2.9042E-001   1.0748E-002  -8.0658E-003   4.8859E-002   1.8260E-001  -3.3051E-002  -1.4972E-003   6.1990E-004  -5.6338E-001  -1.9592E-001   1.2981E-002  -9.8043E-003   1.7381E-003  -8.8514E-004  -6.1209E-002   2.2755E-001   9.1366E-001  
 2.2436E-001   8.9871E+000   2.0719E+000   2.8588E-001  -2.0462E-001   1.0737E-001  -1.0112E-001  -2.9123E-001   2.1590E-002   4.5650E-003   4.7049E-002   1.9904E-001  -1.1764E-001  -5.1004E-004   8.9635E-004  -5.5997E-001  -1.9040E-001   6.2674E-003  -2.5422E-002   1.8875E-003  -8.9075E-004  -5.1104E-002   2.3974E-001   9.6346E-001  
 6.5232E-001   8.9121E+000   1.6883E+000   2.7114E-001  -2.8358E-001   4.0530E-002  -9.0742E-002  -2.9374E-001   2.6376E-002   2.7693E-002   4.1387E-002   2.0933E-001  -1.9742E-001   1.1379E-003   3.4567E-004  -5.5103E-001  -1.8422E-001  -7.1447E-003  -3.9916E-002   2.0480E-003  -9.9710E-004  -4.1716E-002   2.5647E-001   1.0196E+000  
 1.1746E+000   8.7989E+000   1.3685E+000   2.5348E-001  -3.1866E-001  -6.8525E-003  -7.2179E-002  -2.9814E-001   2.0870E-002   6.2734E-002   2.7628E-002   2.1489E-001  -2.7180E-001   3.1021E-003  -1.3368E-003  -5.3765E-001  -1.7566E-001  -2.6905E-002  -5.1643E-002   2.4722E-003  -1.4328E-003  -3.0320E-002   2.7534E-001   1.0850E+000  
 1.7524E+000   8.6429E+000   1.1499E+000   2.1660E-001  -2.9711E-001   1.6181E-002  -4.2565E-002  -3.0599E-001   1.4078E-003   1.1177E-001   1.8650E-003   2.2121E-001  -3.3953E-001   3.1110E-003  -4.9239E-003  -5.2033E-001  -1.6699E-001  -5.1766E-002  -5.7348E-002   4.5256E-003  -4.4688E-003  -1.7775E-002   2.9401E-001   1.1574E+000  
 2.3314E+000   8.4404E+000   1.0786E+000   1.3672E-001  -2.1022E-001   1.7463E-001  -1.5130E-004  -3.2062E-001  -3.2622E-002   1.7953E-001  -4.0672E-002   2.4092E-001  -4.0133E-001  -4.6775E-003  -8.4137E-003  -5.0182E-001  -1.6799E-001  -7.7547E-002  -4.9730E-002   5.3429E-003  -1.4150E-002  -1.0003E-002   3.0918E-001   1.2114E+000  
 2.8678E+000   8.1822E+000   1.2057E+000  -1.2389E-002  -5.4569E-002   5.4407E-001   5.8001E-002  -3.4765E-001  -8.3285E-002   2.7539E-001  -1.0503E-001   2.8692E-001  -4.6186E-001  -2.5300E-002  -7.8735E-003  -4.8515E-001  -1.8383E-001  -9.8689E-002  -2.4058E-002   2.0170E-003  -3.0600E-002  -6.6278E-003   3.1997E-001   1.3366E+000  
 2.0422E+000   7.9358E+000   3.9084E+000   4.9296E-001   2.3334E-001   2.1105E-001  -2.8543E-001  -3.2229E-001   2.3837E-001   2.1431E-001  -6.5225E-002  -1.4300E-001   5.2674E-001  -9.9173E-003  -5.4922E-003  -4.8099E-001  -1.1000E-001  -1.0280E-001  -4.6212E-002  -1.9551E-002   1.0247E-002  -6.4983E-002   2.9294E-001   1.1497E+000  
 1.5793E+000   8.1403E+000   4.2639E+000   5.3384E-001   2.7616E-001  -1.0395E-001  -1.9719E-001  -3.0138E-001   1.3369E-001   1.3752E-001  -2.8917E-002  -1.2485E-001   4.5643E-001  -3.5580E-003   6.8533E-003  -4.9500E-001  -1.3278E-001  -9.4369E-002  -2.4046E-002  -5.7607E-003   4.8970E-003  -7.3634E-002   2.8322E-001   1.1270E+000  
 1.0933E+000   8.3036E+000   4.3658E+000   5.2165E-001   2.9328E-001  -2.2782E-001  -1.4814E-001  -2.9256E-001   6.8348E-002   8.8156E-002   1.3626E-004  -9.8526E-002   3.9333E-001   1.0602E-003   7.8192E-003  -5.1401E-001  -1.5703E-001  -7.4848E-002  -6.6078E-003  -3.3238E-004   4.9550E-004  -7.7170E-002   2.7029E-001   1.0558E+000  
 6.2040E-001   8.4339E+000   4.2813E+000   4.6925E-001   2.8021E-001  -2.2127E-001  -1.1925E-001  -2.8943E-001   2.7094E-002   5.3988E-002   2.0125E-002  -6.2939E-002   3.2915E-001   1.4408E-003   5.5443E-003  -5.3394E-001  -1.7761E-001  -5.2327E-002   2.9112E-003   1.5380E-003  -3.8521E-004  -7.5289E-002   2.5569E-001   9.9019E-001  
 2.1308E-001   8.5337E+000   4.0590E+000   3.9622E-001   2.3955E-001  -1.4610E-001  -1.0501E-001  -2.8915E-001   5.4787E-003   2.9775E-002   3.4626E-002  -2.5682E-002   2.6042E-001   1.2100E-003   3.2213E-003  -5.5033E-001  -1.9469E-001  -3.2146E-002   7.7915E-003   1.7695E-003  -5.8881E-004  -6.8299E-002   2.4113E-001   9.1989E-001  
-8.8986E-002   8.6065E+000   3.7393E+000   3.1538E-001   1.7752E-001  -5.1866E-002  -1.0177E-001  -2.9118E-001  -3.3067E-003   1.2557E-002   4.8114E-002   1.2286E-002   1.8524E-001   5.2113E-004   1.4954E-003  -5.6089E-001  -2.0249E-001  -1.4789E-002   8.6528E-003   1.7570E-003  -7.3569E-004  -6.2612E-002   2.2727E-001   8.8735E-001  
-2.5540E-001   8.6527E+000   3.3494E+000   2.4152E-001   9.9637E-002   2.5741E-002  -1.0306E-001  -2.9315E-001  -4.0689E-003   1.8759E-003   5.8768E-002   4.7662E-002   1.0619E-001  -1.3913E-004   5.3557E-004  -5.6737E-001  -2.0365E-001  -2.7688E-003   6.3473E-003   1.7446E-003  -8.3693E-004  -5.6739E-002   2.1781E-001   8.5059E-001  
-2.6433E-001   8.6721E+000   2.9191E+000   1.8538E-001   1.4158E-002   6.3459E-002  -1.0476E-001  -2.9417E-001  -4.5300E-004  -2.3135E-003   6.5353E-002   7.7192E-002   2.6205E-002  -5.4726E-004   1.5445E-004  -5.7032E-001  -2.0058E-001   2.6464E-003   1.2127E-003   1.7359E-003  -8.7680E-004  -4.9213E-002   2.1524E-001   8.5149E-001  
-1.1042E-001   8.6653E+000   2.4696E+000   1.4984E-001  -7.1446E-002   5.4041E-002  -1.0487E-001  -2.9416E-001   4.2453E-003  -2.4791E-004   6.8039E-002   1.0010E-001  -5.4020E-002  -5.4428E-004  -8.4917E-005  -5.6971E-001  -1.9400E-001   1.4478E-003  -6.0613E-003   1.7609E-003  -8.9146E-004  -4.0320E-002   2.2021E-001   8.7710E-001  
 2.0092E-001   8.6319E+000   2.0216E+000   1.3280E-001  -1.4970E-001   4.3889E-003  -1.0139E-001  -2.9318E-001   6.7680E-003   8.2771E-003   6.6336E-002   1.1653E-001  -1.3377E-001   3.7233E-006  -6.2302E-004  -5.6550E-001  -1.8471E-001  -6.4241E-003  -1.4764E-002   1.8213E-003  -9.2856E-004  -3.0373E-002   2.3240E-001   9.3607E-001  
 6.4442E-001   8.5715E+000   1.6065E+000   1.2712E-001  -2.1202E-001  -6.2547E-002  -9.2131E-002  -2.9160E-001   3.3185E-003   2.3516E-002   5.9228E-002   1.2725E-001  -2.1073E-001   1.0446E-003  -1.8711E-003  -5.5765E-001  -1.7383E-001  -2.0583E-002  -2.3577E-002   1.8825E-003  -1.0317E-003  -1.9858E-002   2.5027E-001   1.0100E+000  
 1.1872E+000   8.4836E+000   1.2531E+000   1.2132E-001  -2.5243E-001  -1.0973E-001  -7.5522E-002  -2.9121E-001  -1.1018E-002   4.5757E-002   4.3883E-002   1.3313E-001  -2.8250E-001   1.9176E-003  -3.8700E-003  -5.4464E-001  -1.6088E-001  -3.9071E-002  -2.9506E-002   1.9747E-003  -1.2940E-003  -7.9929E-003   2.7043E-001   1.0949E+000  
 1.7894E+000   8.3659E+000   9.9781E-001   9.8330E-002  -2.6474E-001  -8.6406E-002  -4.8704E-002  -2.9325E-001  -4.0751E-002   7.6527E-002   1.6578E-002   1.3939E-001  -3.4837E-001   1.6274E-003  -6.6831E-003  -5.2658E-001  -1.4863E-001  -6.0931E-002  -3.0732E-002   1.7552E-003  -3.3205E-003   3.7076E-003   2.8988E-001   1.1582E+000  
 2.3946E+000   8.2156E+000   8.8728E-001   3.4664E-002  -2.4632E-001   7.1658E-002  -9.7028E-003  -3.0067E-001  -8.7745E-002   1.2155E-001  -2.7590E-002   1.5745E-001  -4.1195E-001  -4.7522E-003  -6.3324E-003  -5.0796E-001  -1.4558E-001  -8.0443E-002  -2.1347E-002  -2.4561E-003  -1.0630E-002   1.0445E-002   3.0553E-001   1.2206E+000  
 2.9553E+000   8.0270E+000   9.6792E-001  -1.0127E-001  -1.9739E-001   4.4208E-001   4.1616E-002  -3.1747E-001  -1.5389E-001   1.8789E-001  -9.4999E-002   2.0307E-001  -4.7776E-001  -2.2222E-002   5.0655E-004  -4.9166E-001  -1.6189E-001  -9.3332E-002   4.5675E-003  -1.2032E-002  -2.3499E-002   9.7865E-003   3.1699E-001   1.2795E+000  
 2.1898E+000   7.7813E+000   4.0815E+000   3.8090E-001   2.9678E-001   1.5184E-001  -2.7254E-001  -2.9553E-001   2.7854E-001   9.9801E-002  -6.7898E-002  -2.1552E-001   4.9035E-001  -5.9898E-003  -9.3441E-003  -4.9130E-001  -1.2513E-001  -7.9389E-002  -7.5737E-002  -2.1368E-002  -3.2297E-003  -5.1490E-002   3.0311E-001   1.2029E+000  
 1.7250E+000   7.9066E+000   4.4048E+000   4.2081E-001   2.4114E-001  -1.6587E-001  -1.9261E-001  -2.8489E-001   1.6517E-001   5.9473E-002  -2.5194E-002  -2.0037E-001   4.1580E-001  -4.6478E-003   4.0739E-003  -5.0360E-001  -1.5192E-001  -7.6552E-002  -5.4192E-002  -7.3134E-003  -1.1627E-003  -5.5179E-002   2.9258E-001   1.1293E+000  
 1.2335E+000   8.0078E+000   4.4809E+000   4.0262E-001   1.9724E-001  -2.8993E-001  -1.4643E-001  -2.8316E-001   9.2552E-002   3.6843E-002   7.2472E-003  -1.7467E-001   3.5087E-001  -2.0910E-003   7.0637E-003  -5.2126E-001  -1.7566E-001  -6.2371E-002  -3.5486E-002   4.5011E-005  -1.0763E-003  -5.5397E-002   2.7832E-001   1.1027E+000  
 7.5520E-001   8.0899E+000   4.3722E+000   3.4341E-001   1.5733E-001  -2.8406E-001  -1.1995E-001  -2.8537E-001   4.6596E-002   2.3274E-002   3.0645E-002  -1.4049E-001   2.8695E-001  -8.8366E-004   5.0927E-003  -5.3898E-001  -1.9395E-001  -4.3780E-002  -2.1805E-002   1.5896E-003  -7.8986E-004  -5.2108E-002   2.6145E-001   1.0333E+000  
 3.4312E-001   8.1539E+000   4.1277E+000   2.6362E-001   1.1834E-001  -2.0923E-001  -1.0721E-001  -2.8890E-001   2.0357E-002   1.3338E-002   4.8049E-002  -1.0338E-001   2.1945E-001  -2.4471E-004   3.1068E-003  -5.5227E-001  -2.0645E-001  -2.6850E-002  -1.2130E-002   1.6900E-003  -7.8419E-004  -4.5845E-002   2.4401E-001   9.4609E-001  
 3.6976E-002   8.2003E+000   3.7863E+000   1.7803E-001   7.9569E-002  -1.1529E-001  -1.0420E-001  -2.9290E-001   6.7084E-003   5.7697E-003   6.3044E-002  -6.4935E-002   1.4755E-001   8.0225E-005   1.4465E-003  -5.6039E-001  -2.0984E-001  -1.2362E-002  -5.0402E-003   1.7519E-003  -8.3318E-004  -4.0633E-002   2.2781E-001   8.7773E-001  
-1.3234E-001   8.2283E+000   3.3744E+000   1.0179E-001   3.9865E-002  -3.7706E-002  -1.0446E-001  -2.9539E-001   1.1686E-003   1.2174E-003   7.3871E-002  -2.9554E-002   7.3871E-002   1.1864E-004   5.2917E-004  -5.6537E-001  -2.0767E-001  -3.4260E-003  -1.0373E-003   1.7544E-003  -8.6021E-004  -3.4219E-002   2.1680E-001   8.0857E-001  
-1.4219E-001   8.2376E+000   2.9224E+000   4.4788E-002   2.4646E-005   1.0235E-005  -1.0506E-001  -2.9622E-001   9.0070E-005  -2.8065E-004   8.0542E-002  -2.0932E-005  -2.0179E-005  -1.1585E-005   1.7998E-005  -5.6703E-001  -2.0117E-001  -4.5048E-004   1.4661E-004   1.7466E-003  -8.7260E-004  -2.6469E-002   2.1297E-001   7.8109E-001  
 1.2786E-002   8.2284E+000   2.4512E+000   9.9025E-003  -3.9816E-002  -9.4017E-003  -1.0405E-001  -2.9539E-001   9.5321E-005   1.2243E-003   8.3209E-002   2.2886E-002  -7.3912E-002  -1.4438E-004  -4.9296E-004  -5.6537E-001  -1.9113E-001  -3.4252E-003  -8.0126E-004   1.7530E-003  -8.6815E-004  -1.7680E-002   2.1713E-001   8.2040E-001  
 3.2718E-001   8.2003E+000   1.9812E+000  -4.9655E-003  -7.9521E-002  -5.9029E-002  -9.9528E-002  -2.9291E-001  -2.1548E-003   5.7833E-003   8.1393E-002   3.9302E-002  -1.4759E-001  -1.5119E-004  -1.4101E-003  -5.6039E-001  -1.7845E-001  -1.2361E-002  -3.1722E-003   1.7496E-003  -8.5648E-004  -8.1598E-003   2.2899E-001   9.0356E-001  
 7.7532E-001   8.1539E+000   1.5439E+000  -6.7540E-003  -1.1830E-001  -1.2583E-001  -8.9719E-002  -2.8891E-001  -1.0441E-002   1.3358E-002   7.3684E-002   4.9894E-002  -2.1949E-001  -3.6907E-005  -3.0704E-003  -5.5226E-001  -1.6399E-001  -2.6849E-002  -5.7927E-003   1.6871E-003  -8.6459E-004   2.0553E-003   2.4683E-001   9.8403E-001  
 1.3231E+000   8.0900E+000   1.1685E+000  -5.8063E-003  -1.5729E-001  -1.7259E-001  -7.4567E-002  -2.8538E-001  -2.9520E-002   2.3301E-002   5.5502E-002   5.5506E-002  -2.8699E-001  -8.1530E-005  -5.0565E-003  -5.3898E-001  -1.4595E-001  -4.3777E-002  -6.4125E-003   1.5858E-003  -1.0366E-003   1.5148E-002   2.6663E-001   1.0679E+000  
 1.9311E+000   8.0079E+000   8.8956E-001  -2.1495E-002  -1.9720E-001  -1.4883E-001  -4.9680E-002  -2.8318E-001  -6.4060E-002   3.6877E-002   2.5125E-002   6.2602E-002  -3.5091E-001  -1.2075E-003  -7.0259E-003  -5.2126E-001  -1.3027E-001  -6.2367E-002  -3.4293E-003   3.9473E-005  -2.2728E-003   2.6467E-002   2.8580E-001   1.1589E+000  
 2.5423E+000   7.9067E+000   7.5372E-001  -7.8597E-002  -2.4110E-001   9.0475E-003  -1.2903E-002  -2.8492E-001  -1.1841E-001   5.9514E-002  -2.2114E-002   8.0979E-002  -4.1583E-001  -5.3675E-003  -4.0336E-003  -5.0360E-001  -1.2593E-001  -7.6546E-002   7.1485E-003  -7.3229E-003  -5.0033E-003   3.0425E-002   3.0140E-001   1.2105E+000  
 3.1062E+000   7.7815E+000   8.0420E-001  -2.1145E-001  -2.9674E-001   3.8090E-001   3.2014E-002  -2.9555E-001  -1.9342E-001   9.9850E-002  -9.5158E-002   1.2844E-001  -4.9039E-001  -1.8402E-002   9.3901E-003  -4.9129E-001  -1.4481E-001  -7.9382E-002   3.2565E-002  -2.1387E-002  -1.1447E-002   2.4963E-002   3.1204E-001   1.2518E+000  
 2.4086E+000   7.5708E+000   4.1665E+000   2.5218E-001   3.6533E-001   1.3491E-001  -2.7079E-001  -2.7292E-001   2.9099E-001  -1.3436E-002  -7.7719E-002  -2.8270E-001   4.5450E-001   6.1024E-004  -1.4209E-002  -4.9503E-001  -1.3827E-001  -4.7056E-002  -9.7724E-002  -1.7497E-002  -1.7132E-002  -3.6509E-002   3.1175E-001   1.2577E+000  
 1.9617E+000   7.6186E+000   4.4763E+000   2.9902E-001   2.0831E-001  -1.8272E-001  -1.9536E-001  -2.6978E-001   1.7329E-001  -1.9229E-002  -2.7841E-002  -2.6954E-001   3.7353E-001  -3.8694E-003  -2.6853E-004  -5.0414E-001  -1.6848E-001  -4.9871E-002  -7.8137E-002  -5.5170E-003  -7.7668E-003  -3.5243E-002   3.0096E-001   1.1875E+000  
 1.4846E+000   7.6589E+000   4.5414E+000   2.8332E-001   1.0176E-001  -3.0585E-001  -1.4999E-001  -2.7304E-001   9.7742E-002  -1.6340E-002   9.1650E-003  -2.4452E-001   3.0466E-001  -4.3066E-003   3.9416E-003  -5.1795E-001  -1.9203E-001  -4.1731E-002  -5.9299E-002   4.1321E-004  -2.5357E-003  -3.2067E-002   2.8665E-001   1.1337E+000  
 1.0192E+000   7.6927E+000   4.4214E+000   2.2444E-001   3.4223E-002  -3.0011E-001  -1.2426E-001  -2.7903E-001   5.1239E-002  -1.0442E-002   3.6793E-002  -2.1150E-001   2.4071E-001  -2.5480E-003   3.0137E-003  -5.3296E-001  -2.0769E-001  -2.7772E-002  -4.2085E-002   1.7358E-003  -1.1797E-003  -2.7980E-002   2.6890E-001   1.0717E+000  
 6.1757E-001   7.7202E+000   4.1654E+000   1.4381E-001  -3.4555E-003  -2.2548E-001  -1.1187E-001  -2.8502E-001   2.4012E-002  -6.3135E-003   5.7723E-002  -1.7410E-001   1.7564E-001  -1.1627E-003   1.6001E-003  -5.4384E-001  -2.1536E-001  -1.4511E-002  -2.7833E-002   1.8046E-003  -1.0114E-003  -2.2966E-002   2.5012E-001   1.0185E+000  
 3.1840E-001   7.7399E+000   3.8109E+000   5.8759E-002  -1.9076E-002  -1.3160E-001  -1.0740E-001  -2.9018E-001   9.0287E-003  -3.9958E-003   7.3745E-002  -1.3554E-001   1.0854E-001  -8.8889E-006   5.8824E-004  -5.5016E-001  -2.1549E-001  -3.8864E-003  -1.5258E-002   1.8057E-003  -9.2218E-004  -1.7404E-002   2.3296E-001   9.5156E-001  
 1.5327E-001   7.7498E+000   3.3852E+000  -1.6941E-002  -2.0252E-002  -5.4022E-002  -1.0590E-001  -2.9313E-001   2.0694E-003  -2.4353E-003   8.4949E-002  -1.0015E-001   4.0892E-002   5.3181E-004   1.2106E-004  -5.5346E-001  -2.1024E-001   1.8977E-003  -5.6178E-003   1.7550E-003  -8.8555E-004  -1.0544E-002   2.2099E-001   9.1199E-001  
 1.4477E-001   7.7489E+000   2.9191E+000  -7.3688E-002  -1.4109E-002  -1.6312E-002  -1.0477E-001  -2.9376E-001  -4.5368E-004  -1.2457E-003   9.1726E-002  -7.0608E-002  -2.6245E-002   5.2127E-004  -1.1864E-004  -5.5378E-001  -2.0058E-001   2.4155E-003   1.2109E-003   1.7277E-003  -8.7751E-004  -2.6853E-003   2.1619E-001   8.8958E-001  
 2.9825E-001   7.7371E+000   2.4339E+000  -1.0861E-001  -7.8422E-003  -2.5721E-002  -1.0204E-001  -2.9213E-001  -1.8943E-003  -2.9746E-004   9.4219E-002  -4.7704E-002  -9.3147E-002   1.2665E-004  -4.9995E-004  -5.5112E-001  -1.8740E-001  -2.3169E-003   5.9001E-003   1.7359E-003  -8.4419E-004   5.8738E-003   2.1945E-001   8.9658E-001  
 6.0831E-001   7.7146E+000   1.9500E+000  -1.2381E-001  -8.6480E-003  -7.5342E-002  -9.5773E-002  -2.8819E-001  -5.5690E-003   3.1128E-004   9.1966E-002  -3.1293E-002  -1.6010E-001  -5.2643E-004  -1.3887E-003  -5.4554E-001  -1.7170E-001  -1.2248E-002   9.1426E-003   1.7370E-003  -7.4365E-004   1.4834E-002   2.3055E-001   9.4310E-001  
 1.0489E+000   7.6826E+000   1.5001E+000  -1.2529E-001  -2.3984E-002  -1.4193E-001  -8.5279E-002  -2.8259E-001  -1.5217E-002  -1.5137E-005   8.2323E-002  -2.1167E-002  -2.2541E-001  -1.3286E-003  -2.8784E-003  -5.3651E-001  -1.5316E-001  -2.6070E-002   1.2043E-002   1.6858E-003  -6.1081E-004   2.5474E-002   2.4710E-001   9.9860E-001  
 1.5860E+000   7.6431E+000   1.1130E+000  -1.2349E-001  -6.1913E-002  -1.8857E-001  -7.0515E-002  -2.7728E-001  -3.5165E-002  -2.1585E-003   6.0551E-002  -1.5433E-002  -2.8744E-001  -2.0732E-003  -4.6156E-003  -5.2225E-001  -1.3081E-001  -4.1021E-002   1.5487E-002   1.2915E-003  -5.0042E-004   3.9314E-002   2.6500E-001   1.0478E+000  
 2.1808E+000   7.5968E+000   8.2233E-001  -1.4001E-001  -1.3022E-001  -1.6443E-001  -4.6859E-002  -2.7239E-001  -7.0145E-002  -4.6443E-003   2.5607E-002  -6.6007E-003  -3.4970E-001  -3.7428E-003  -5.0028E-003  -5.0537E-001  -1.1364E-001  -5.5639E-002   2.1958E-002  -1.6858E-003  -2.9079E-004   4.8808E-002   2.8230E-001   1.1310E+000  
 2.7770E+000   7.5436E+000   6.7496E-001  -2.0015E-001  -2.3807E-001  -7.1106E-003  -1.1540E-002  -2.7054E-001  -1.2734E-001  -3.1823E-003  -2.6511E-002   1.2764E-002  -4.1807E-001  -5.0707E-003  -1.7182E-004  -4.9117E-001  -1.0987E-001  -6.3785E-002   3.2747E-002  -8.8417E-003   2.0285E-003   4.8836E-002   2.9644E-001   1.1786E+000  
 3.3217E+000   7.4799E+000   7.1000E-001  -3.4190E-001  -4.0126E-001   3.6584E-001   2.7115E-002  -2.7783E-001  -2.0658E-001   1.3152E-002  -1.0740E-001   6.3230E-002  -5.0360E-001  -1.1683E-002   1.9367E-002  -4.8438E-001  -1.3345E-001  -5.6430E-002   5.6019E-002  -2.5121E-002   3.8425E-003   3.8355E-002   3.0560E-001   1.2671E+000  
 2.6928E+000   7.3364E+000   4.1627E+000   1.0322E-001   4.8796E-001   1.5174E-001  -2.7884E-001  -2.5128E-001   2.7861E-001  -1.2496E-001  -9.7567E-002  -3.4574E-001   4.2506E-001   1.2401E-002  -1.8379E-002  -4.9522E-001  -1.4851E-001  -6.5356E-003  -1.0741E-001  -6.8196E-003  -2.9100E-002  -2.0602E-002   3.1842E-001   1.3511E+000  
 2.2832E+000   7.3063E+000   4.4777E+000   1.6615E-001   2.1971E-001  -1.6185E-001  -2.0380E-001  -2.5263E-001   1.5888E-001  -9.7673E-002  -4.0232E-002  -3.3186E-001   3.3290E-001   6.5925E-004  -5.1571E-003  -4.9742E-001  -1.8112E-001  -1.5951E-002  -9.2403E-002  -2.6926E-004  -1.4354E-002  -1.5059E-002   3.0875E-001   1.2059E+000  
 1.8408E+000   7.2834E+000   4.5467E+000   1.6163E-001   4.3036E-002  -2.8283E-001  -1.5785E-001  -2.5989E-001   8.4234E-002  -6.9225E-002   3.0689E-003  -3.0656E-001   2.5824E-001  -3.2918E-003  -6.1867E-004  -5.0554E-001  -2.0414E-001  -1.3580E-002  -7.4701E-002   2.2839E-003  -5.3218E-003  -9.1463E-003   2.9491E-001   1.1544E+000  
 1.4064E+000   7.2671E+000   4.4275E+000   1.1192E-001  -6.0075E-002  -2.7649E-001  -1.3141E-001  -2.6847E-001   4.0180E-002  -4.4656E-002   3.5919E-002  -2.7433E-001   1.9230E-001  -2.6873E-003  -1.4132E-004  -5.1602E-001  -2.1885E-001  -5.3972E-003  -5.5557E-002   2.1924E-003  -1.6582E-003  -2.6792E-003   2.7771E-001   1.1150E+000  
 1.0301E+000   7.2557E+000   4.1704E+000   3.7128E-002  -1.0375E-001  -2.0149E-001  -1.1751E-001  -2.7587E-001   1.5750E-002  -2.6190E-002   6.0512E-002  -2.3721E-001   1.3030E-001  -7.5845E-004  -7.2069E-004  -5.2518E-001  -2.2295E-001   3.7514E-003  -3.7799E-002   2.0094E-003  -1.1073E-003   1.8264E-003   2.5958E-001   1.0630E+000  
 7.4990E-001   7.2466E+000   3.8124E+000  -4.3783E-002  -1.0365E-001  -1.0736E-001  -1.1135E-001  -2.8099E-001   3.3752E-003  -1.3670E-002   7.9324E-002  -1.9908E-001   6.9238E-002   6.8205E-004  -8.6169E-004  -5.3102E-001  -2.1935E-001   9.9995E-003  -2.1705E-002   1.9028E-003  -9.0634E-004   6.3522E-003   2.4298E-001   1.0177E+000  
 5.9601E-001   7.2374E+000   3.3813E+000  -1.1608E-001  -7.3333E-002  -2.9797E-002  -1.0742E-001  -2.8441E-001  -1.5078E-003  -5.8205E-003   9.1220E-002  -1.6367E-001   7.8254E-003   1.4925E-003  -5.1456E-004  -5.3260E-001  -2.1126E-001   1.2500E-002  -7.2748E-003   1.7311E-003  -8.6959E-004   1.3433E-002   2.3071E-001   9.7678E-001  
 5.9111E-001   7.2260E+000   2.9092E+000  -1.7144E-001  -2.8194E-002   7.8943E-003  -1.0389E-001  -2.8487E-001  -2.1022E-003  -1.8862E-003   9.8119E-002  -1.3413E-001  -5.2392E-002   1.4409E-003  -1.1452E-004  -5.3154E-001  -1.9881E-001   1.0532E-002   4.4091E-003   1.6704E-003  -8.9672E-004   2.1286E-002   2.2529E-001   9.6483E-001  
 7.4053E-001   7.2120E+000   2.4178E+000  -2.0710E-001   1.7193E-002  -1.5101E-003  -9.8800E-002  -2.8242E-001  -1.6179E-003  -1.5318E-003   1.0030E-001  -1.1123E-001  -1.1214E-001   6.5781E-004   1.4692E-006  -5.2798E-001  -1.8291E-001   4.0758E-003   1.3931E-002   1.7271E-003  -8.7474E-004   2.9500E-002   2.2759E-001   9.6576E-001  
 1.0388E+000   7.1958E+000   1.9287E+000  -2.2497E-001   4.8191E-002  -5.1123E-002  -9.0268E-002  -2.7716E-001  -3.2096E-003  -5.0483E-003   9.7005E-002  -9.4827E-002  -1.7205E-001  -6.5595E-004  -4.9436E-004  -5.2179E-001  -1.6442E-001  -6.6347E-003   2.1816E-002   1.8233E-003  -7.1010E-004   3.8052E-002   2.3727E-001   9.8945E-001  
 1.4588E+000   7.1806E+000   1.4763E+000  -2.2822E-001   4.8304E-002  -1.1768E-001  -8.0195E-002  -2.7216E-001  -1.0162E-002  -1.3694E-002   8.1958E-002  -8.4745E-002  -2.2866E-001  -1.8572E-003  -1.5438E-003  -5.0952E-001  -1.4020E-001  -1.8561E-002   2.7681E-002   1.7995E-003  -3.9307E-004   5.1638E-002   2.4985E-001   9.7550E-001  
 1.9698E+000   7.1677E+000   1.0880E+000  -2.3207E-001   4.3052E-003  -1.6473E-001  -6.4328E-002  -2.6569E-001  -2.7260E-002  -2.7843E-002   5.6222E-002  -7.8158E-002  -2.8561E-001  -3.1842E-003  -2.9284E-003  -4.9462E-001  -1.1539E-001  -3.1777E-002   3.3845E-002   1.4489E-003   4.3452E-004   6.4662E-002   2.6468E-001   1.0388E+000  
 2.5325E+000   7.1584E+000   7.9680E-001  -2.5926E-001  -1.0078E-001  -1.4059E-001  -4.1374E-002  -2.5942E-001  -5.9882E-002  -4.5013E-002   1.5082E-002  -6.7360E-002  -3.4932E-001  -3.3141E-003  -1.1325E-003  -4.8148E-001  -1.0033E-001  -4.0815E-002   4.1848E-002  -1.4433E-003   4.2102E-003   6.8881E-002   2.7876E-001   1.1259E+000  
 3.0921E+000   7.1547E+000   6.5052E-001  -3.3364E-001  -2.8121E-001   1.6536E-002  -8.2248E-003  -2.5556E-001  -1.1521E-001  -6.3314E-002  -4.4646E-002  -4.5884E-002  -4.2418E-001  -1.6664E-003   6.2331E-003  -4.7315E-001  -9.9898E-002  -4.1889E-002   5.2193E-002  -7.9380E-003   1.0633E-002   6.3969E-002   2.9059E-001   1.1689E+000  
 3.5948E+000   7.1518E+000   6.8444E-001  -4.9756E-001  -5.6317E-001   3.8885E-001   2.4330E-002  -2.6319E-001  -1.9676E-001  -6.8841E-002  -1.3521E-001   6.4485E-003  -5.2644E-001   1.1300E-003   2.9746E-002  -4.7581E-001  -1.2941E-001  -2.3811E-002   7.0000E-002  -2.1063E-002   2.0235E-002   4.9137E-002   2.9723E-001   1.2109E+000  
 3.0097E+000   7.1054E+000   4.0858E+000  -8.9394E-002   7.2657E-001   1.8736E-001  -2.7956E-001  -2.3869E-001   2.4396E-001  -2.1981E-001  -1.3870E-001  -3.9981E-001   4.2129E-001   3.5995E-002  -2.4777E-002  -4.9996E-001  -1.4487E-001   4.5550E-002  -9.8383E-002   8.7438E-003  -3.9818E-002  -8.3248E-003   3.2958E-001   1.5073E+000  
 2.6677E+000   7.0050E+000   4.4067E+000   1.5315E-002   3.1904E-001  -1.2723E-001  -2.1736E-001  -2.3370E-001   1.2407E-001  -1.7275E-001  -6.5741E-002  -3.8854E-001   3.0153E-001   1.1304E-002  -7.0554E-003  -4.8786E-001  -1.8665E-001   2.2382E-002  -9.1683E-002   1.0547E-002  -1.8995E-002   1.7320E-003   3.1424E-001   1.2534E+000  
 2.2784E+000   6.9169E+000   4.4931E+000   3.3596E-002   5.7437E-002  -2.4433E-001  -1.6988E-001  -2.4241E-001   5.2338E-002  -1.1950E-001  -1.4332E-002  -3.6149E-001   2.1670E-001   1.6325E-003  -3.1263E-003  -4.8690E-001  -2.1154E-001   1.7867E-002  -7.8069E-002   8.0136E-003  -6.8547E-003   1.2026E-002   3.0191E-001   1.1699E+000  
 1.8910E+000   6.8475E+000   4.3879E+000   1.4589E-003  -9.4903E-002  -2.3571E-001  -1.4054E-001  -2.5275E-001   1.2928E-002  -7.4882E-002   2.4208E-002  -3.2775E-001   1.4706E-001  -2.0011E-004  -3.4230E-003  -4.9077E-001  -2.2587E-001   2.0745E-002  -6.0100E-002   3.8656E-003  -2.5554E-003   2.1957E-002   2.8659E-001   1.1334E+000  
 1.5536E+000   6.7948E+000   4.1404E+000  -5.9872E-002  -1.5891E-001  -1.6024E-001  -1.2397E-001  -2.6155E-001  -5.3891E-003  -4.2178E-002   5.2843E-002  -2.9067E-001   8.6021E-002   1.0022E-003  -2.8029E-003  -4.9610E-001  -2.2875E-001   2.4603E-002  -4.0339E-002   2.4928E-003  -1.0696E-003   2.8471E-002   2.6996E-001   1.0707E+000  
 1.3024E+000   6.7548E+000   3.7888E+000  -1.3144E-001  -1.5723E-001  -6.5684E-002  -1.1465E-001  -2.6709E-001  -1.1457E-002  -1.9353E-002   7.4144E-002  -2.5312E-001   2.9535E-002   2.4776E-003  -2.0047E-003  -5.0035E-001  -2.2297E-001   2.7007E-002  -2.1753E-002   1.9245E-003  -8.1446E-004   3.3466E-002   2.5491E-001   1.0423E+000  
 1.1672E+000   6.7243E+000   3.3621E+000  -1.9909E-001  -1.1087E-001   1.2191E-002  -1.0859E-001  -2.6929E-001  -1.0116E-002  -5.0191E-003   8.9087E-002  -2.1843E-001  -2.4827E-002   3.1227E-003  -9.1653E-004  -5.0224E-001  -2.1129E-001   2.6178E-002  -5.0550E-003   1.5967E-003  -8.4910E-004   3.8725E-002   2.4380E-001   1.0148E+000  
 1.1684E+000   6.7017E+000   2.8927E+000  -2.5266E-001  -4.1949E-002   5.0017E-002  -1.0249E-001  -2.6891E-001  -4.8457E-003   1.6971E-003   9.7005E-002  -1.8927E-001  -7.7909E-002   2.8239E-003   1.5647E-004  -5.0079E-001  -1.9594E-001   2.1868E-002   9.6016E-003   1.5316E-003  -9.5153E-004   4.5562E-002   2.3840E-001   1.0061E+000  
 1.3107E+000   6.6865E+000   2.4044E+000  -2.8867E-001   2.7187E-002   4.0368E-002  -9.5090E-002  -2.6680E-001   1.5831E-003   1.4111E-003   9.7327E-002  -1.6582E-001  -1.2999E-001   1.6341E-003   7.4662E-004  -4.9498E-001  -1.7691E-001   1.3657E-002   2.1759E-002   1.6401E-003  -9.6097E-004   5.4767E-002   2.3874E-001   9.7701E-001  
 1.5885E+000   6.6796E+000   1.9204E+000  -3.0857E-001   7.3784E-002  -9.5205E-003  -8.6146E-002  -2.6331E-001   6.3687E-003  -6.6962E-003   8.8518E-002  -1.4889E-001  -1.8072E-001   1.3545E-004   6.0884E-004  -4.8477E-001  -1.5322E-001   3.3087E-003   3.0977E-002   1.9222E-003  -8.3514E-004   6.6629E-002   2.4394E-001   9.3936E-001  
 1.9780E+000   6.6828E+000   1.4747E+000  -3.1984E-001   7.5398E-002  -7.6280E-002  -7.4247E-002  -2.5780E-001   5.5493E-003  -2.3419E-002   6.9671E-002  -1.3854E-001  -2.3145E-001  -1.4824E-003   1.9107E-005  -4.7208E-001  -1.2677E-001  -7.7339E-003   3.9005E-002   2.4209E-003  -1.6757E-004   7.9097E-002   2.5299E-001   9.2996E-001  
 2.4487E+000   6.6982E+000   1.0952E+000  -3.3778E-001   1.0312E-002  -1.2348E-001  -5.7147E-002  -2.5048E-001  -5.7670E-003  -4.8525E-002   3.8747E-002  -1.3116E-001  -2.8722E-001  -1.6764E-003  -1.9709E-004  -4.6029E-001  -1.0340E-001  -1.7265E-002   4.6165E-002   3.0973E-003   2.7998E-003   8.7122E-002   2.6393E-001   1.0289E+000  
 2.9627E+000   6.7290E+000   8.1680E-001  -3.8381E-001  -1.4502E-001  -1.0097E-001  -3.2913E-002  -2.4330E-001  -3.3809E-002  -8.2104E-002  -8.9718E-003  -1.2075E-001  -3.5410E-001   6.6446E-004   1.0795E-003  -4.5312E-001  -9.0977E-002  -2.1871E-002   5.2434E-002   3.4587E-003   8.0101E-003   8.5300E-002   2.7457E-001   1.0996E+000  
 3.4643E+000   6.7745E+000   6.8105E-001  -4.8823E-001  -4.1640E-001   5.6592E-002  -5.4063E-003  -2.4189E-001  -8.5385E-002  -1.1557E-001  -8.0607E-002  -9.6288E-002  -4.4381E-001   9.3274E-003   1.2511E-002  -4.5604E-001  -9.9942E-002  -1.1870E-002   5.9110E-002  -1.1028E-003   2.0390E-002   7.2558E-002   2.8247E-001   1.1150E+000  
 3.8475E+000   6.7954E+000   6.4631E-001  -7.5770E-001  -8.9342E-001   4.7862E-001  -5.2641E-002  -2.8687E-001  -1.5020E-001  -8.1477E-002  -2.1394E-001  -3.4052E-003  -6.1629E-001   2.8965E-002   7.6380E-002  -4.8656E-001  -1.6913E-001   5.0706E-002   7.7790E-002  -2.3691E-002   4.3979E-002   5.2875E-002   2.8694E-001   1.4454E+000  
 3.2142E+000   6.7615E+000   4.0515E+000  -4.6958E-001   1.2887E+000   1.7391E-001  -1.9867E-001  -3.6953E-001   2.7938E-001  -2.4224E-001  -2.6877E-001  -5.1452E-001   5.6985E-001   9.9676E-002  -1.4964E-002  -6.2861E-001  -1.1034E-001   1.0603E-001  -1.4068E-002   2.2586E-002  -2.8035E-002  -9.0843E-003   3.0443E-001   2.1711E+000  
 3.0887E+000   6.7452E+000   4.2605E+000  -1.7031E-001   5.4959E-001  -1.1758E-001  -2.3411E-001  -2.1442E-001   7.1009E-002  -2.4391E-001  -1.1014E-001  -4.4576E-001   2.8907E-001   2.7529E-002  -7.7349E-005  -4.8314E-001  -1.8201E-001   5.9917E-002  -7.2035E-002   2.6465E-002  -1.5975E-002   1.2612E-002   3.1651E-001   1.3506E+000  
 2.7691E+000   6.5895E+000   4.3777E+000  -1.1614E-001   1.8103E-001  -2.2790E-001  -1.8474E-001  -2.2129E-001   2.7160E-003  -1.6441E-001  -4.8687E-002  -4.1397E-001   1.8846E-001   1.0616E-002  -4.8363E-004  -4.6964E-001  -2.1073E-001   4.9177E-002  -6.6146E-002   1.6895E-002  -4.3002E-003   2.7132E-002   3.0661E-001   1.1936E+000  
 2.4434E+000   6.4633E+000   4.2991E+000  -1.2058E-001  -4.1901E-002  -2.1628E-001  -1.5209E-001  -2.3223E-001  -2.9020E-002  -9.9201E-002  -2.7430E-003  -3.7716E-001   1.1105E-001   5.1125E-003  -1.9690E-003  -4.6363E-001  -2.2675E-001   4.6046E-002  -5.1761E-002   9.0975E-003   2.7021E-004   4.1640E-002   2.9329E-001   1.1699E+000  
 2.1569E+000   6.3665E+000   4.0730E+000  -1.6026E-001  -1.4783E-001  -1.3869E-001  -1.3171E-001  -2.4117E-001  -3.9228E-002  -5.0168E-002   3.1307E-002  -3.3727E-001   4.7694E-002   4.5138E-003  -3.2444E-003  -4.6107E-001  -2.3018E-001   4.5555E-002  -3.4703E-002   4.3384E-003   1.4119E-004   5.3006E-002   2.7921E-001   1.1277E+000  
 1.9436E+000   6.2936E+000   3.7384E+000  -2.1609E-001  -1.6653E-001  -4.3856E-002  -1.1889E-001  -2.4768E-001  -3.5760E-002  -1.6443E-002   5.5384E-002  -2.9865E-001  -6.9794E-003   4.7213E-003  -2.4081E-003  -4.6016E-001  -2.2393E-001   4.3186E-002  -1.6417E-002   1.9961E-003  -9.0383E-005   6.1439E-002   2.6568E-001   1.0533E+000  
 1.8314E+000   6.2409E+000   3.3261E+000  -2.7413E-001  -1.2581E-001   3.3715E-002  -1.0950E-001  -2.5112E-001  -2.4071E-002   4.8244E-003   7.0924E-002  -2.6337E-001  -5.6084E-002   4.8419E-003  -7.5167E-004  -4.5895E-001  -2.1006E-001   3.8577E-002   1.0789E-003   1.2240E-003  -4.7859E-004   6.8327E-002   2.5488E-001   9.7122E-001  
 1.8396E+000   6.2072E+000   2.8701E+000  -3.2343E-001  -5.5761E-002   7.1219E-002  -1.0122E-001  -2.5157E-001  -8.4746E-003   1.4543E-002   7.8130E-002  -2.3364E-001  -1.0192E-001   4.1075E-003   5.6271E-004  -4.5497E-001  -1.9126E-001   3.1562E-002   1.5741E-002   9.9752E-004  -1.0486E-003   7.6213E-002   2.4841E-001   9.0598E-001  
 1.9729E+000   6.1912E+000   2.3951E+000  -3.6096E-001   1.4355E-002   6.1702E-002  -9.2169E-002  -2.4933E-001   8.2203E-003   1.3182E-002   7.6819E-002  -2.1073E-001  -1.4625E-001   2.7835E-003   1.3104E-003  -4.4829E-001  -1.6847E-001   2.2805E-002   2.7709E-002   1.3600E-003  -1.5640E-003   8.5157E-002   2.4671E-001   9.0019E-001  
 2.2257E+000   6.1942E+000   1.9261E+000  -3.8829E-001   5.5034E-002   1.2200E-002  -8.1210E-002  -2.4488E-001   2.3081E-002   2.0549E-004   6.5466E-002  -1.9483E-001  -1.9081E-001   1.2101E-003   1.5086E-003  -4.3878E-001  -1.4221E-001   1.3265E-002   3.7536E-002   2.3689E-003  -1.6571E-003   9.5237E-002   2.4920E-001   9.1784E-001  
 2.5753E+000   6.2172E+000   1.4972E+000  -4.1474E-001   3.5525E-002  -5.4761E-002  -6.7459E-002  -2.3894E-001   3.0954E-002  -2.4613E-002   4.2043E-002  -1.8576E-001  -2.3993E-001   9.8582E-004   3.5825E-004  -4.3056E-001  -1.1683E-001   4.4764E-003   4.4246E-002   5.3822E-003  -7.3244E-004   1.0201E-001   2.5437E-001   9.3933E-001  
 2.9927E+000   6.2633E+000   1.1375E+000  -4.5555E-001  -7.3114E-002  -1.0297E-001  -4.9450E-002  -2.3245E-001   2.7571E-002  -6.1591E-002   3.4676E-003  -1.7972E-001  -2.9909E-001   3.0797E-003  -7.4593E-004  -4.2677E-001  -9.7962E-002  -1.0561E-003   4.8212E-002   8.6629E-003   2.4843E-003   1.0143E-001   2.6092E-001   1.0062E+000  
 3.4417E+000   6.3362E+000   8.8221E-001  -5.3295E-001  -3.0254E-001  -8.1618E-002  -2.5965E-002  -2.2677E-001   6.5531E-003  -1.0928E-001  -5.3786E-002  -1.6993E-001  -3.7621E-001   1.0966E-002   1.2168E-003  -4.3024E-001  -9.2577E-002   1.6764E-003   4.9888E-002   1.2086E-002   1.1093E-002   9.1936E-002   2.6780E-001   1.0628E+000  
 3.8649E+000   6.4299E+000   7.6630E-001  -6.8425E-001  -6.9107E-001   7.4216E-002  -7.1371E-003  -2.3361E-001  -4.2886E-002  -1.5696E-001  -1.4044E-001  -1.4544E-001  -4.8975E-001   2.9956E-002   1.2141E-002  -4.4895E-001  -1.1348E-001   2.2155E-002   4.7642E-002   1.3459E-002   2.5387E-002   7.3288E-002   2.7093E-001   1.0729E+000  
 3.8418E+000   6.2230E+000   3.5995E-001  -1.3937E+000  -1.6649E+000   5.9347E-001  -3.8007E-001  -5.3745E-001  -1.8251E-001   3.1405E-002  -4.9011E-001  -7.9950E-003  -9.4289E-001   1.0750E-001   8.4874E-002  -6.6630E-001  -3.6344E-001   1.3042E-001   1.0036E-002   4.8727E-003   3.5117E-002   1.6766E-002   2.2834E-001   2.0426E+000  
 3.0273E+000   6.1498E+000   4.1551E+000  -2.7440E-001   1.2757E-001  -2.7061E-001  -1.6646E-001  -2.0659E-001  -8.6486E-002  -1.1562E-001  -4.9781E-002  -4.3082E-001   9.0129E-002   1.0976E-002   6.8951E-003  -4.4217E-001  -2.2019E-001   6.5665E-002  -2.9664E-002   1.4651E-002   8.9842E-003   5.3779E-002   2.9718E-001   1.1907E+000  
 2.8015E+000   6.0049E+000   3.9635E+000  -2.8447E-001  -4.9060E-002  -1.9044E-001  -1.4168E-001  -2.1554E-001  -8.5393E-002  -4.9238E-002  -1.0015E-002  -3.8647E-001   2.0557E-002   6.4992E-003   2.1332E-003  -4.2966E-001  -2.2523E-001   6.0160E-002  -1.8614E-002   4.9467E-003   7.3206E-003   6.9266E-002   2.8487E-001   1.1555E+000  
 2.6330E+000   5.8952E+000   3.6589E+000  -3.1976E-001  -1.1622E-001  -9.5002E-002  -1.2412E-001  -2.2343E-001  -6.7743E-002  -2.7989E-003   1.7070E-002  -3.4555E-001  -3.4312E-002   5.8236E-003   1.4755E-003  -4.2240E-001  -2.1892E-001   5.4225E-002  -3.2754E-003   1.0229E-003   4.8519E-003   8.1036E-002   2.7262E-001   1.1126E+000  
 2.5488E+000   5.8188E+000   3.2727E+000  -3.6378E-001  -1.1140E-001  -1.7046E-002  -1.1147E-001  -2.2708E-001  -4.2635E-002   2.6129E-002   3.4659E-002  -3.0852E-001  -8.2117E-002   4.9239E-003   1.2260E-003  -4.1550E-001  -2.0495E-001   4.6735E-002   1.0671E-002  -1.3361E-003   1.7475E-003   9.1433E-002   2.6242E-001   1.0484E+000  
 2.5656E+000   5.7733E+000   2.8410E+000  -4.0738E-001  -6.9919E-002   2.0510E-002  -1.0046E-001  -2.2799E-001  -1.3395E-002   3.9053E-002   4.1590E-002  -2.7824E-001  -1.2458E-001   3.7910E-003   9.7579E-004  -4.0862E-001  -1.8493E-001   3.7979E-002   2.2458E-002  -1.8523E-003  -1.6594E-003   1.0060E-001   2.5513E-001   9.7186E-001  
 2.6876E+000   5.7566E+000   2.3904E+000  -4.4818E-001  -2.8634E-002   1.0669E-002  -8.9212E-002  -2.2647E-001   1.6549E-002   3.6318E-002   3.7757E-002  -2.5672E-001  -1.6567E-001   2.3934E-003  -8.1741E-005  -4.0290E-001  -1.6114E-001   2.8318E-002   3.1344E-002  -4.3629E-004  -5.0306E-003   1.0766E-001   2.5113E-001   9.2789E-001  
 2.9097E+000   5.7701E+000   1.9469E+000  -4.8836E-001  -2.4881E-002  -3.9311E-002  -7.6550E-002  -2.2304E-001   4.3563E-002   1.8478E-002   2.1612E-002  -2.4319E-001  -2.1011E-001   2.3104E-003  -2.2642E-003  -3.9849E-001  -1.3640E-001   1.9591E-002   3.6693E-002   3.7783E-003  -6.9661E-003   1.1207E-001   2.5012E-001   9.0688E-001  
 3.2118E+000   5.8169E+000   1.5471E+000  -5.3501E-001  -9.4262E-002  -1.0601E-001  -6.0472E-002  -2.1656E-001   6.5044E-002  -1.4798E-002  -7.1144E-003  -2.3553E-001  -2.6069E-001   3.8134E-003  -3.9443E-003  -3.9604E-001  -1.1379E-001   1.3693E-002   4.0109E-002   8.6576E-003  -5.7580E-003   1.1292E-001   2.5237E-001   9.2000E-001  
 3.5646E+000   5.8963E+000   1.2190E+000  -6.0807E-001  -2.7703E-001  -1.5570E-001  -4.2144E-002  -2.1235E-001   7.1356E-002  -6.3438E-002  -5.4401E-002  -2.3245E-001  -3.2930E-001   1.1535E-002  -7.9168E-003  -4.0319E-001  -1.0159E-001   1.3452E-002   3.6775E-002   1.7526E-002  -1.9252E-003   1.0490E-001   2.5525E-001   9.7177E-001  
 3.5838E+000   5.9407E+000   3.9563E+000  -4.9601E-001   4.4390E-001  -4.7232E-001  -1.7988E-001  -1.8925E-001  -1.5290E-001  -1.2702E-001  -1.2880E-001  -5.0885E-001   9.7271E-002   1.1511E-002   2.9624E-002  -4.4594E-001  -2.0234E-001   6.9295E-002   1.0264E-002   1.4869E-002   2.4794E-002   5.2613E-002   2.9494E-001   1.2016E+000  
 3.4282E+000   5.7481E+000   3.8107E+000  -4.6545E-001   1.5903E-001  -3.8627E-001  -1.5252E-001  -1.9254E-001  -1.4026E-001  -4.1152E-002  -8.0061E-002  -4.5691E-001   1.3063E-002   2.5493E-003   1.7734E-002  -4.2137E-001  -2.1166E-001   5.9596E-002   1.0942E-002   1.6620E-003   1.9747E-002   6.9504E-002   2.8481E-001   1.1586E+000  
 3.3124E+000   5.6037E+000   3.5473E+000  -4.6986E-001   4.3138E-003  -2.8605E-001  -1.3212E-001  -1.9568E-001  -1.1024E-001   2.0715E-002  -4.5928E-002  -4.0866E-001  -5.1864E-002  -5.4390E-004   8.5948E-003  -4.0200E-001  -2.0942E-001   5.1844E-002   1.5153E-002  -6.2170E-003   1.1163E-002   8.5442E-002   2.7456E-001   1.1261E+000  
 3.2596E+000   5.5030E+000   3.1999E+000  -4.9555E-001  -6.2899E-002  -2.0605E-001  -1.1579E-001  -1.9837E-001  -6.8709E-002   6.0008E-002  -2.5758E-002  -3.6757E-001  -1.0354E-001  -8.5918E-004   2.8871E-003  -3.8780E-001  -1.9729E-001   4.3759E-002   2.1401E-002  -8.5192E-003   2.3326E-003   9.8692E-002   2.6483E-001   1.0671E+000  
 3.2857E+000   5.4445E+000   2.8051E+000  -5.3327E-001  -8.5454E-002  -1.6818E-001  -1.0108E-001  -1.9968E-001  -2.1484E-002   7.7086E-002  -1.8992E-002  -3.3685E-001  -1.4753E-001  -1.2139E-003  -2.8917E-004  -3.7919E-001  -1.7859E-001   3.4367E-002   2.7681E-002  -7.4533E-003  -4.2552E-003   1.0763E-001   2.5694E-001   1.0185E+000  
 3.3952E+000   5.4278E+000   2.3911E+000  -5.7859E-001  -1.0881E-001  -1.7802E-001  -8.6906E-002  -1.9904E-001   2.5998E-002   7.3839E-002  -2.5487E-002  -3.1615E-001  -1.9091E-001  -1.5428E-003  -3.9838E-003  -3.7482E-001  -1.5698E-001   2.4955E-002   3.0789E-002  -4.1847E-003  -9.6039E-003   1.1259E-001   2.5127E-001   9.4566E-001  
 3.5822E+000   5.4522E+000   1.9855E+000  -6.3624E-001  -1.7851E-001  -2.2975E-001  -7.2335E-002  -1.9852E-001   6.8426E-002   4.9621E-002  -4.7479E-002  -3.0667E-001  -2.4092E-001  -5.8606E-004  -1.1089E-002  -3.7724E-001  -1.3630E-001   1.6474E-002   2.8200E-002   2.2610E-003  -1.5169E-002   1.1214E-001   2.4734E-001   8.8538E-001  
 3.8265E+000   5.5180E+000   1.6235E+000  -7.1647E-001  -3.3996E-001  -3.0090E-001  -5.7963E-002  -2.0055E-001   9.9262E-002   6.6707E-003  -8.7551E-002  -3.0610E-001  -3.0615E-001   6.3686E-003  -2.1034E-002  -3.8870E-001  -1.2248E-001   1.3236E-002   1.8664E-002   1.3468E-002  -1.7294E-002   1.0548E-001   2.4463E-001   8.8245E-001  
 4.1008E+000   5.6256E+000   1.3335E+000  -8.3838E-001  -6.4031E-001  -3.5477E-001  -4.5699E-002  -2.0845E-001   1.1294E-001  -5.1740E-002  -1.4926E-001  -3.0878E-001  -3.9784E-001   2.3079E-002  -2.9810E-002  -4.1146E-001  -1.2203E-001   2.0286E-002   3.0081E-003   2.6084E-002  -1.2423E-002   9.3004E-002   2.4246E-001   8.9693E-001  
 3.5749E+000   5.2171E+000   4.0041E+000  -1.3047E+000   1.3485E+000  -1.2531E+000  -3.7134E-003  -6.5040E-001   7.1470E-002  -2.1773E-001  -4.5909E-001  -8.6346E-001   3.4485E-001   2.2620E-002   1.6654E-001  -7.2665E-001  -1.1781E-001   1.8315E-003   1.3065E-001   1.5788E-002   3.8212E-002   1.1742E-002   2.5292E-001   2.1740E+000  
 3.9279E+000   5.5468E+000   3.6443E+000  -8.1317E-001   5.5235E-001  -8.7094E-001  -1.3333E-001  -2.5868E-001  -1.4636E-001  -5.6092E-002  -2.1860E-001  -6.1575E-001   7.2953E-002  -1.6594E-002   8.3171E-002  -4.7853E-001  -1.7760E-001   2.1537E-002   8.3997E-002  -4.0094E-003   4.9474E-002   5.9323E-002   2.7855E-001   1.3804E+000  
 3.9224E+000   5.4448E+000   3.4032E+000  -7.1590E-001   2.1315E-001  -7.1025E-001  -1.3982E-001  -1.8464E-001  -1.5714E-001   4.6475E-002  -1.4901E-001  -5.1748E-001  -5.0870E-002  -2.1676E-002   2.5105E-002  -4.1982E-001  -1.9309E-001   2.5365E-002   4.3273E-002  -1.9565E-002   1.9440E-002   7.4489E-002   2.6867E-001   1.0822E+000  
 3.9037E+000   5.3182E+000   3.1072E+000  -7.2052E-001   2.8670E-002  -6.2820E-001  -1.2093E-001  -1.8511E-001  -9.8635E-002   9.5196E-002  -1.2599E-001  -4.7352E-001  -1.1626E-001  -2.4742E-002   9.6557E-003  -4.0140E-001  -1.8638E-001   1.4527E-002   3.6906E-002  -2.4043E-002   5.2693E-003   8.6133E-002   2.5902E-001   1.0301E+000  
 3.9396E+000   5.2462E+000   2.7608E+000  -7.5149E-001  -1.0506E-001  -5.8978E-001  -1.0481E-001  -1.8700E-001  -3.5713E-002   1.1710E-001  -1.1983E-001  -4.4209E-001  -1.7379E-001  -2.4649E-002  -5.0442E-003  -3.9191E-001  -1.7410E-001   4.6835E-003   2.9010E-002  -2.2147E-002  -9.0216E-003   9.3408E-002   2.5000E-001   9.8825E-001  
 4.0338E+000   5.2271E+000   2.3945E+000  -8.0535E-001  -2.4063E-001  -6.0082E-001  -9.0216E-002  -1.9006E-001   2.6772E-002   1.1386E-001  -1.3041E-001  -4.2352E-001  -2.3148E-001  -2.1422E-002  -2.0088E-002  -3.9075E-001  -1.5948E-001  -3.1282E-003   1.7871E-002  -1.4457E-002  -2.1262E-002   9.6568E-002   2.4219E-001   9.1232E-001  
 4.1805E+000   5.2607E+000   2.0371E+000  -8.8719E-001  -4.3187E-001  -6.5458E-001  -7.6830E-002  -1.9619E-001   8.3469E-002   8.6636E-002  -1.5968E-001  -4.1732E-001  -2.9931E-001  -1.3154E-002  -3.6087E-002  -3.9966E-001  -1.4748E-001  -6.8933E-003   1.7650E-003  -1.7645E-003  -2.8816E-002   9.4655E-002   2.3552E-001   8.3585E-001  
 4.2882E+000   5.2395E+000   1.6783E+000  -1.0977E+000  -8.0620E-001  -8.0071E-001  -1.0778E-001  -3.0487E-001   4.9703E-002   8.4533E-003  -2.5067E-001  -4.7775E-001  -4.4720E-001   4.8339E-003  -1.0470E-001  -4.6373E-001  -1.6258E-001  -2.0009E-002  -6.5309E-002   2.3093E-002  -5.1520E-002   8.5735E-002   2.2105E-001   1.0745E+000  
 3.8538E+000   4.5867E+000   9.8712E-001  -1.8731E+000  -1.8371E+000  -1.1901E+000  -3.9849E-001  -8.5086E-001  -2.7911E-001  -5.4225E-002  -5.9087E-001  -6.6453E-001  -8.6524E-001   9.1522E-002  -1.9446E-001  -7.6516E-001  -3.1264E-001  -1.2110E-003  -1.4655E-001   3.6201E-002  -2.8807E-002   2.7305E-002   1.4911E-001   1.4017E+000  
