 2.6834E+000   1.3878E+000   1.0695E+000  -4.7129E-001  -1.4973E+000  -3.2238E-001   2.4463E-001   1.9120E-002   3.3841E-002  -8.9755E-001  -2.5335E-001   1.0351E-001  -3.3663E-001   1.2067E+000   2.6639E-001   8.6249E-002   9.1820E-002  -1.1485E-001   1.6479E-001  -2.6458E-002  -3.4376E-003  -1.8374E-002   9.9741E-002   3.7279E-001  
 2.9447E+000   1.2542E+000   5.3694E-001   8.3331E-003  -4.7092E-001  -3.5428E-001  -7.8762E-002  -2.1343E-001  -2.5381E-001  -5.9407E-001  -1.1889E-001   4.0239E-002   1.4169E-002   9.1315E-001   2.6674E-001   1.1573E-002   2.0437E-002   7.9239E-002   5.7138E-002   4.9741E-002   4.5099E-002  -1.2328E-002   1.4546E-001   4.7335E-001  
 2.7876E+000   1.4739E+000   4.1515E-001   6.1588E-002  -2.2322E-001  -2.9939E-001  -4.9495E-002  -1.8177E-001  -2.1083E-001  -6.2469E-001  -9.2311E-002   4.2431E-002   2.0588E-002   8.8982E-001   2.6112E-001  -1.1698E-003   7.8327E-003   1.0672E-001   4.5780E-002   6.7743E-002   4.7870E-002  -7.5297E-003   1.4836E-001   4.8220E-001  
 2.6897E+000   1.5939E+000   2.2426E-001   9.4215E-002  -7.1741E-002  -2.4180E-001  -2.3736E-002  -1.7072E-001  -1.6800E-001  -6.4772E-001  -7.5700E-002   5.3236E-002   1.3810E-002   8.8606E-001   2.6714E-001  -9.9278E-003   1.1909E-003   1.1463E-001   3.2319E-002   7.5401E-002   3.6509E-002  -5.1438E-003   1.5017E-001   4.8878E-001  
 2.6549E+000   1.6344E+000   1.0412E-003   1.0194E-001   2.8620E-002  -2.2493E-001  -3.8376E-004  -1.6536E-001  -1.2264E-001  -6.4307E-001  -7.1701E-002   5.5803E-002   6.1430E-004   8.8489E-001   2.7324E-001  -1.0402E-002  -2.7750E-003   1.1544E-001   1.9380E-002   8.0184E-002   2.3296E-002  -5.3775E-003   1.5024E-001   4.9501E-001  
 2.6872E+000   1.5972E+000  -2.2316E-001   8.8039E-002   1.2928E-001  -2.5559E-001   2.2226E-002  -1.6615E-001  -7.8376E-002  -6.1116E-001  -7.9105E-002   4.9672E-002  -1.1484E-002   8.8567E-001   2.7962E-001  -3.4322E-003  -6.9983E-003   1.0996E-001   5.6522E-003   8.1896E-002   9.6171E-003  -7.7887E-003   1.4873E-001   4.8786E-001  
 2.7822E+000   1.4807E+000  -4.1696E-001   4.9377E-002   2.8149E-001  -3.2703E-001   4.5964E-002  -1.7240E-001  -3.8668E-002  -5.5186E-001  -9.8961E-002   3.5684E-002  -1.5146E-002   8.8953E-001   2.8638E-001   1.0917E-002  -1.4291E-002   9.7079E-002  -9.9740E-003   8.0413E-002  -3.0503E-003  -1.1871E-002   1.4549E-001   4.7738E-001  
 2.8961E+000   1.3215E+000  -5.6700E-001  -5.2924E-002   5.7096E-001  -4.3594E-001   5.2537E-002  -1.5136E-001  -4.4315E-002  -4.6849E-001  -1.4460E-001   3.4067E-003   2.3194E-002   9.1460E-001   3.1465E-001   4.2797E-002  -3.3417E-002   7.3232E-002  -4.5908E-002   6.0068E-002  -1.8988E-002  -1.5730E-002   1.4022E-001   4.6542E-001  
 1.8806E+000   2.4159E+000  -1.5768E+000  -1.1513E+000   2.2815E+000  -9.4643E-001  -5.5953E-001   6.8867E-001  -8.7233E-001  -6.2631E-001  -3.8067E-001  -1.8767E-001   6.8224E-001   1.2702E+000   5.5591E-001   1.6544E-001  -1.2478E-001  -7.8800E-002  -3.2048E-001  -4.8579E-002  -1.5747E-002  -2.0602E-002   8.3373E-002   4.5698E-001  
 2.7441E+000   1.3110E+000   8.6423E-001   4.6064E-002  -3.9461E-001  -1.2837E-001  -8.7049E-002  -1.3529E-001  -1.2876E-001  -3.6831E-001  -1.0183E-001   1.6707E-002   2.5557E-002   9.0603E-001   2.6276E-001   1.7772E-002   2.2945E-002   5.1954E-002   4.1224E-002   4.6259E-002   6.2575E-002  -1.6982E-002   1.4244E-001   4.6417E-001  
 2.5051E+000   1.5422E+000   7.6142E-001   1.1885E-001  -1.3810E-001  -6.6546E-002  -5.8892E-002  -1.1760E-001  -1.3484E-001  -4.3159E-001  -6.2382E-002   3.1949E-002   4.0160E-002   8.9829E-001   2.6371E-001  -2.1011E-003   7.4540E-003   7.4489E-002   3.4577E-002   5.5004E-002   5.7402E-002  -1.2222E-002   1.4757E-001   4.6984E-001  
 2.3085E+000   1.7035E+000   5.6101E-001   1.5619E-001  -1.1752E-002   1.2565E-002  -3.5731E-002  -1.0329E-001  -1.2985E-001  -4.7130E-001  -3.7939E-002   4.6489E-002   3.5736E-002   8.9465E-001   2.6719E-001  -1.4350E-002   3.7731E-004   8.7077E-002   2.8371E-002   6.3831E-002   4.8007E-002  -8.9879E-003   1.5073E-001   4.7206E-001  
 2.1788E+000   1.7994E+000   2.9590E-001   1.7213E-001   2.7104E-002   7.2911E-002  -1.6199E-002  -9.3637E-002  -1.1776E-001  -4.8773E-001  -2.5260E-002   5.6071E-002   1.9521E-002   8.9355E-001   2.7070E-001  -1.9696E-002  -1.5061E-003   9.2333E-002   2.3461E-002   7.0628E-002   3.5843E-002  -8.0953E-003   1.5210E-001   4.7372E-001  
 2.1341E+000   1.8306E+000   9.7605E-004   1.7599E-001   2.2113E-002   9.2265E-002   5.9672E-004  -9.0366E-002  -1.0329E-001  -4.8136E-001  -2.1470E-002   5.9402E-002  -1.1365E-003   8.9316E-001   2.7412E-001  -2.0567E-002  -1.4190E-003   9.1997E-002   1.8681E-002   7.5529E-002   2.2338E-002  -8.2346E-003   1.5234E-001   4.7637E-001  
 2.1786E+000   1.7990E+000  -2.9443E-001   1.7022E-001   1.6699E-002   6.3726E-002   1.7037E-002  -9.3201E-002  -8.9088E-002  -4.5305E-001  -2.6079E-002   5.5969E-002  -2.1373E-002   8.9354E-001   2.7721E-001  -1.7001E-002  -1.3583E-003   8.6307E-002   1.3608E-002   7.8002E-002   8.6110E-003  -9.6000E-003   1.5135E-001   4.7659E-001  
 2.3075E+000   1.7037E+000  -5.6121E-001   1.5170E-001   5.4657E-002  -6.4762E-003   3.5351E-002  -1.0141E-001  -7.8417E-002  -4.0141E-001  -4.0272E-002   4.5460E-002  -3.5851E-002   8.9459E-001   2.8043E-001  -8.2736E-003  -3.5183E-003   7.5309E-002   7.3141E-003   7.8240E-002  -4.8406E-003  -1.2132E-002   1.4910E-001   4.7274E-001  
 2.5026E+000   1.5438E+000  -7.6439E-001   1.1145E-001   1.7960E-001  -9.6000E-002   5.6724E-002  -1.1334E-001  -7.5970E-002  -3.2667E-001  -6.6505E-002   2.9443E-002  -3.7528E-002   8.9858E-001   2.8364E-001   7.1827E-003  -1.0757E-002   5.7226E-002  -1.1509E-003   7.5510E-002  -1.6156E-002  -1.6276E-002   1.4504E-001   4.7591E-001  
 2.7401E+000   1.3140E+000  -8.6987E-001   3.7126E-002   4.3282E-001  -1.6916E-001   8.4019E-002  -1.2871E-001  -8.5027E-002  -2.2751E-001  -1.0673E-001   1.2248E-002  -2.1045E-002   9.0657E-001   2.8446E-001   2.8495E-002  -2.4930E-002   3.0254E-002  -1.0347E-002   7.1969E-002  -2.3939E-002  -2.0253E-002   1.3987E-001   4.6387E-001  
 2.3470E+000   1.3941E+000   1.1059E+000   1.3947E-001  -6.9833E-002  -1.1757E-002  -6.8399E-002  -8.4293E-002  -1.6290E-002  -2.7724E-001  -4.8226E-002   1.1825E-002   5.2522E-002   9.0360E-001   2.6980E-001   8.1517E-004   5.8174E-003   4.4286E-002   1.1904E-002   4.1312E-002   6.4260E-002  -1.6612E-002   1.4631E-001   4.8507E-001  
 2.0426E+000   1.5763E+000   9.3702E-001   1.7735E-001   8.0320E-002   5.3097E-002  -4.3641E-002  -6.8689E-002  -4.5873E-002  -3.2749E-001  -1.6265E-002   2.6756E-002   5.4693E-002   9.0182E-001   2.7093E-001  -1.3295E-002  -3.4053E-003   6.0188E-002   1.2568E-002   4.9030E-002   5.6407E-002  -1.3276E-002   1.5049E-001   4.7915E-001  
 1.7967E+000   1.7025E+000   6.7506E-001   1.9034E-001   1.2087E-001   1.3462E-001  -2.4982E-002  -5.6305E-002  -6.4020E-002  -3.5746E-001   2.6455E-003   4.0440E-002   4.2248E-002   9.0267E-001   2.7285E-001  -2.1057E-002  -5.3319E-003   6.8224E-002   1.3739E-002   5.5277E-002   4.5610E-002  -1.2256E-002   1.5280E-001   4.5880E-001  
 1.6366E+000   1.7764E+000   3.5133E-001   1.9297E-001   8.7948E-002   1.9741E-001  -1.0923E-002  -4.8875E-002  -7.6398E-002  -3.6800E-001   1.2630E-002   5.0055E-002   2.2133E-002   9.0386E-001   2.7508E-001  -2.5094E-002  -3.8442E-003   7.0600E-002   1.4693E-002   6.0792E-002   3.2832E-002  -1.2041E-002   1.5379E-001   4.5682E-001  
 1.5817E+000   1.8003E+000   5.0874E-004   1.9260E-001   1.7793E-002   2.1822E-001   6.7909E-004  -4.6456E-002  -8.5702E-002  -3.5990E-001   1.5656E-002   5.3589E-002  -1.4475E-003   9.0446E-001   2.7641E-001  -2.5745E-002  -7.2162E-004   6.9103E-002   1.6252E-002   6.5037E-002   1.9695E-002  -1.2467E-002   1.5395E-001   4.5548E-001  
 1.6369E+000   1.7757E+000  -3.5065E-001   1.9206E-001  -5.2892E-002   1.9021E-001   1.2015E-002  -4.9359E-002  -9.5158E-002  -3.3355E-001   1.2786E-002   5.0688E-002  -2.4755E-002   9.0373E-001   2.7738E-001  -2.3696E-002   2.4446E-003   6.4408E-002   1.7535E-002   6.8694E-002   6.2651E-003  -1.2898E-002   1.5359E-001   4.6156E-001  
 1.7969E+000   1.7014E+000  -6.7541E-001   1.8858E-001  -8.7460E-002   1.2017E-001   2.5271E-002  -5.6835E-002  -1.0794E-001  -2.8848E-001   2.4085E-003   4.1503E-002  -4.4011E-002   9.0267E-001   2.7834E-001  -1.8211E-002   4.0403E-003   5.5525E-002   1.7897E-002   7.0728E-002  -7.0650E-003  -1.3894E-002   1.5212E-001   4.7159E-001  
 2.0425E+000   1.5747E+000  -9.3880E-001   1.7528E-001  -5.0085E-002   3.1401E-002   4.3055E-002  -6.9099E-002  -1.2641E-001  -2.2412E-001  -1.7006E-002   2.8081E-002  -5.5595E-002   9.0179E-001   2.7802E-001  -9.5749E-003   2.7404E-003   4.1214E-002   1.8634E-002   7.1759E-002  -1.8759E-002  -1.5020E-002   1.4955E-001   4.8646E-001  
 2.3463E+000   1.3928E+000  -1.1095E+000   1.3719E-001   9.5687E-002  -4.1681E-002   6.7229E-002  -8.3851E-002  -1.5734E-001  -1.3888E-001  -4.9425E-002   1.2302E-002  -5.2212E-002   9.0387E-001   2.7736E-001   5.4773E-003  -5.3269E-003   1.9949E-002   1.7724E-002   6.9831E-002  -2.8437E-002  -1.8096E-002   1.4527E-001   4.8572E-001  
 1.8933E+000   1.5672E+000   2.3974E+000  -1.1448E+000  -2.2492E+000   8.8391E-001   6.8439E-001   5.5489E-001   6.2164E-001  -8.6432E-001  -3.8040E-001   1.8956E-001  -6.7909E-001   1.2663E+000   5.5346E-001   1.2471E-001   1.6558E-001  -3.1900E-001   7.8023E-002   1.5737E-002  -4.7565E-002  -2.0713E-002   8.4035E-002   4.6100E-001  
 2.7403E+000   8.7141E-001   1.3094E+000   3.7129E-002  -4.1469E-001   1.0958E-001  -1.2833E-001  -8.4032E-002   2.2701E-001  -8.5736E-002  -1.0683E-001  -1.0313E-002   2.0343E-002   9.0655E-001   2.8434E-001   2.5053E-002   2.8365E-002  -1.0129E-002  -2.9976E-002   2.3961E-002   7.2151E-002  -2.0272E-002   1.3985E-001   4.6552E-001  
 2.3465E+000   1.1112E+000   1.3887E+000   1.3723E-001  -7.7433E-002  -1.8005E-002  -8.3604E-002  -6.7325E-002   1.3847E-001  -1.5792E-001  -4.9476E-002  -1.0348E-002   5.1606E-002   9.0382E-001   2.7720E-001   5.4103E-003   5.3445E-003   1.8049E-002  -1.9747E-002   2.8377E-002   6.9959E-002  -1.8139E-002   1.4531E-001   4.8753E-001  
 1.9446E+000   1.2988E+000   1.2941E+000   1.8083E-001   1.1748E-001  -1.8563E-002  -5.2339E-002  -5.1513E-002   7.4286E-002  -2.1222E-001  -9.1183E-003  -3.6440E-006   6.1820E-002   9.0460E-001   2.7485E-001  -8.7691E-003  -7.3077E-003   3.6591E-002  -1.0929E-002   3.3682E-002   6.4080E-002  -1.5566E-002   1.5001E-001   4.8872E-001  
 1.5810E+000   1.4372E+000   1.0726E+000   1.8971E-001   1.9498E-001   4.7541E-002  -3.1010E-002  -3.8470E-002   2.7039E-002  -2.4885E-001   1.6877E-002   1.4411E-002   5.6525E-002   9.0751E-001   2.7531E-001  -1.7416E-002  -1.0944E-002   4.6919E-002  -3.5436E-003   3.8968E-002   5.4443E-002  -1.5153E-002   1.5303E-001   4.7504E-001  
 1.2908E+000   1.5319E+000   7.6240E-001   1.8306E-001   1.8456E-001   1.3084E-001  -1.6368E-002  -2.8784E-002  -9.7809E-003  -2.6907E-001   3.1943E-002   2.7928E-002   4.1461E-002   9.1082E-001   2.7706E-001  -2.2329E-002  -9.2891E-003   5.1180E-002   2.4353E-003   4.4124E-002   4.2217E-002  -1.6041E-002   1.5456E-001   4.5236E-001  
 1.1028E+000   1.5871E+000   3.9371E-001   1.7416E-001   1.1439E-001   1.9483E-001  -6.5170E-003  -2.2666E-002  -4.0556E-002  -2.7347E-001   3.9407E-002   3.7106E-002   2.1151E-002   9.1336E-001   2.7834E-001  -2.5059E-002  -5.4136E-003   5.1757E-002   7.8795E-003   4.8448E-002   2.9186E-002  -1.6499E-002   1.5540E-001   4.3746E-001  
 1.0387E+000   1.6049E+000   1.0240E-004   1.7022E-001   1.4736E-002   2.1662E-001   3.4050E-004  -2.0949E-002  -6.8628E-002  -2.6329E-001   4.1967E-002   4.0627E-002  -1.2052E-003   9.1422E-001   2.7907E-001  -2.5735E-002  -3.7153E-004   4.9782E-002   1.2784E-002   5.2571E-002   1.6002E-002  -1.6791E-002   1.5566E-001   4.3452E-001  
 1.1033E+000   1.5867E+000  -3.9375E-001   1.7356E-001  -8.5651E-002   1.8929E-001   7.1592E-003  -2.3497E-002  -9.6641E-002  -2.3918E-001   4.0100E-002   3.7977E-002  -2.3405E-002   9.1336E-001   2.7922E-001  -2.4212E-002   4.7081E-003   4.5374E-002   1.7707E-002   5.6429E-002   2.7894E-003  -1.7150E-002   1.5523E-001   4.4290E-001  
 1.2913E+000   1.5309E+000  -7.6309E-001   1.8234E-001  -1.5796E-001   1.1977E-001   1.6671E-002  -3.0088E-002  -1.2727E-001  -2.0029E-001   3.2765E-002   2.9604E-002  -4.3369E-002   9.1084E-001   2.7864E-001  -2.1103E-002   8.9609E-003   3.8163E-002   2.3309E-002   6.0083E-002  -1.0349E-002  -1.6716E-002   1.5441E-001   4.5924E-001  
 1.5812E+000   1.4359E+000  -1.0744E+000   1.8908E-001  -1.7170E-001   3.0968E-002   3.0455E-002  -3.9708E-002  -1.6411E-001  -1.4593E-001   1.7134E-002   1.6603E-002  -5.7666E-002   9.0764E-001   2.7752E-001  -1.5848E-002   1.1179E-002   2.7183E-002   2.9330E-002   6.2539E-002  -2.2889E-002  -1.5708E-002   1.5273E-001   4.7669E-001  
 1.9445E+000   1.2976E+000  -1.2970E+000   1.8078E-001  -9.9199E-002  -4.1204E-002   5.1397E-002  -5.2496E-002  -2.1166E-001  -7.4573E-002  -9.1135E-003   1.9589E-003  -6.2420E-002   9.0461E-001   2.7496E-001  -7.1422E-003   8.8464E-003   1.1109E-002   3.6272E-002   6.4067E-002  -3.3726E-002  -1.5572E-002   1.5000E-001   4.8734E-001  
 2.3469E+000   1.1097E+000  -1.3916E+000   1.3941E-001   8.8096E-002  -4.7921E-002   8.4104E-002  -6.8572E-002  -2.7654E-001   1.6041E-002  -4.8250E-002  -9.8675E-003  -5.3101E-002   9.0357E-001   2.6991E-001   5.9993E-003  -7.5786E-004  -1.1751E-002   4.3961E-002   6.4293E-002  -4.1464E-002  -1.6654E-002   1.4635E-001   4.8513E-001  
 2.7440E+000   8.6819E-001  -1.3079E+000   4.5988E-002   4.1293E-001   6.8755E-002   1.3503E-001  -8.7170E-002  -3.6757E-001   1.2849E-001  -1.0188E-001  -1.4833E-002  -2.6038E-002   9.0606E-001   2.6285E-001   2.3180E-002  -1.7667E-002  -4.1161E-002   5.1507E-002   6.2700E-002  -4.6441E-002  -1.6986E-002   1.4244E-001   4.6495E-001  
 2.6865E+000   1.0681E+000  -1.3826E+000  -4.6973E-001   1.5094E+000   2.6662E-001  -1.9224E-002   2.4166E-001  -8.9091E-001  -3.1848E-002  -2.5332E-001  -9.9750E-002   3.3406E-001   1.2035E+000   2.6577E-001   9.1702E-002  -8.6372E-002  -1.6440E-001  -1.1376E-001  -2.9276E-003   2.5902E-002  -1.8407E-002   1.0045E-001   3.7383E-001  
 2.8966E+000   5.6768E-001   1.3162E+000  -5.2644E-002  -5.5277E-001   3.7598E-001  -1.5127E-001  -5.2480E-002   4.6820E-001  -4.4806E-002  -1.4464E-001  -1.8410E-003  -2.3863E-002   9.1485E-001   3.1444E-001   3.3544E-002   4.2553E-002  -4.5634E-002  -7.2584E-002   1.9101E-002   6.0129E-002  -1.5829E-002   1.4011E-001   4.7841E-001  
 2.5029E+000   7.6521E-001   1.5393E+000   1.1155E-001  -1.6137E-001   3.6341E-002  -1.1305E-001  -5.6747E-002   3.2609E-001  -7.6502E-002  -6.6571E-002  -2.7530E-002   3.6913E-002   8.9852E-001   2.8357E-001   1.0822E-002   6.9857E-003  -8.9651E-004  -5.6953E-002   1.6290E-002   7.5669E-002  -1.6292E-002   1.4511E-001   4.7850E-001  
 2.0427E+000   9.3981E-001   1.5708E+000   1.7532E-001   6.8344E-002  -9.1130E-002  -6.8858E-002  -4.3101E-002   2.2365E-001  -1.2690E-001  -1.7071E-002  -2.6101E-002   5.4975E-002   9.0176E-001   2.7793E-001  -2.6753E-003  -9.7064E-003   1.8902E-002  -4.1001E-002   1.8790E-002   7.1843E-002  -1.5066E-002   1.4961E-001   4.8926E-001  
 1.5814E+000   1.0756E+000   1.4326E+000   1.8915E-001   1.9000E-001  -9.0786E-002  -3.9572E-002  -3.0532E-002   1.4559E-001  -1.6456E-001   1.7130E-002  -1.4623E-002   5.7070E-002   9.0763E-001   2.7744E-001  -1.1137E-002  -1.6021E-002   2.9606E-002  -2.6990E-002   2.2891E-002   6.2547E-002  -1.5691E-002   1.5276E-001   4.7947E-001  
 1.1689E+000   1.1748E+000   1.1718E+000   1.7586E-001   2.2358E-001  -2.3686E-002  -2.1206E-002  -2.0664E-002   8.4543E-002  -1.8790E-001   3.9001E-002   5.2028E-005   4.9123E-002   9.1328E-001   2.7842E-001  -1.5983E-002  -1.5477E-002   3.4932E-002  -1.5375E-002   2.7192E-002   5.1149E-002  -1.8220E-002   1.5480E-001   4.6272E-001  
 8.4187E-001   1.2422E+000   8.2577E-001   1.5406E-001   1.9077E-001   6.0552E-002  -9.7758E-003  -1.3547E-002   3.4188E-002  -1.9827E-001   5.1655E-002   1.3124E-002   3.5302E-002   9.1787E-001   2.7976E-001  -1.9076E-002  -1.2031E-002   3.6613E-002  -5.8262E-003   3.1404E-002   3.8423E-002  -2.0045E-002   1.5600E-001   4.4137E-001  
 6.3116E-001   1.2812E+000   4.2423E-001   1.3611E-001   1.1273E-001   1.2553E-001  -3.3574E-003  -9.3860E-003  -1.0293E-002  -1.9675E-001   5.8294E-002   2.2152E-002   1.8169E-002   9.2064E-001   2.8074E-001  -2.1216E-002  -6.9053E-003   3.6164E-002   2.2467E-003   3.5647E-002   2.5337E-002  -2.0543E-002   1.5685E-001   4.1918E-001  
 5.5935E-001   1.2938E+000  -7.0173E-005   1.2908E-001   1.2399E-002   1.4809E-001   3.3330E-005  -8.2837E-003  -5.1554E-002  -1.8467E-001   6.0678E-002   2.5630E-002  -1.0337E-003   9.2153E-001   2.8121E-001  -2.1661E-002  -3.8498E-005   3.4022E-002   9.3013E-003   3.9755E-002   1.2122E-002  -2.1005E-002   1.5707E-001   4.1507E-001  
 6.3131E-001   1.2810E+000  -4.2461E-001   1.3584E-001  -8.8710E-002   1.2130E-001   3.4949E-003  -9.7457E-003  -9.2815E-002  -1.6237E-001   5.8609E-002   2.2948E-002  -1.9932E-002   9.2065E-001   2.8107E-001  -2.0817E-002   6.7081E-003   2.9864E-002   1.6488E-002   4.3702E-002  -1.1287E-003  -2.0907E-002   1.5679E-001   4.2480E-001  
 8.4208E-001   1.2419E+000  -8.2672E-001   1.5366E-001  -1.6897E-001   5.2100E-002   9.8239E-003  -1.4186E-002  -1.3723E-001  -1.2937E-001   5.2107E-002   1.4633E-002  -3.6490E-002   9.1789E-001   2.8022E-001  -1.8394E-002   1.1886E-002   2.3885E-002   2.4772E-002   4.7495E-002  -1.4318E-002  -2.0529E-002   1.5596E-001   4.4219E-001  
 1.1688E+000   1.1745E+000  -1.1734E+000   1.7582E-001  -2.0528E-001  -3.6171E-002   2.0577E-002  -2.1302E-002  -1.8747E-001  -8.4770E-002   3.9000E-002   1.9655E-003  -4.9740E-002   9.1329E-001   2.7847E-001  -1.5350E-002   1.6043E-002   1.5510E-002   3.4676E-002   5.1153E-002  -2.7186E-002  -1.8223E-002   1.5480E-001   4.6010E-001  
 1.5810E+000   1.0755E+000  -1.4351E+000   1.8970E-001  -1.7670E-001  -1.0735E-001   3.8349E-002  -3.1128E-002  -2.4831E-001  -2.7221E-002   1.6883E-002  -1.2425E-002  -5.7150E-002   9.0753E-001   2.7537E-001  -1.0824E-002   1.7522E-002   3.6649E-003   4.6620E-002   5.4459E-002  -3.8980E-002  -1.5138E-002   1.5305E-001   4.7427E-001  
 2.0426E+000   9.4012E-001  -1.5736E+000   1.7731E-001  -6.2032E-002  -1.1282E-001   6.8481E-002  -4.3758E-002  -3.2682E-001   4.5710E-002  -1.6304E-002  -2.4776E-002  -5.5278E-002   9.0182E-001   2.7098E-001  -3.2507E-003   1.3380E-002  -1.2484E-002   5.9870E-002   5.6475E-002  -4.9102E-002  -1.3308E-002   1.5055E-001   4.7996E-001  
 2.5052E+000   7.6471E-001  -1.5389E+000   1.1887E-001   1.5637E-001   6.8903E-003   1.1737E-001  -5.9027E-002  -4.3081E-001   1.3472E-001  -6.2404E-002  -3.0049E-002  -4.0748E-002   8.9829E-001   2.6371E-001   7.6091E-003   2.2768E-003  -3.4514E-002   7.4114E-002   5.7600E-002  -5.5102E-002  -1.2211E-002   1.4766E-001   4.7177E-001  
 2.9455E+000   5.4010E-001  -1.2495E+000   8.9945E-003   4.8861E-001   2.9399E-001   2.1392E-001  -7.9150E-002  -5.9361E-001   2.5433E-001  -1.1872E-001  -3.8901E-002  -1.5083E-002   9.1332E-001   2.6721E-001   2.0578E-002  -1.1245E-002  -5.6731E-002   7.8511E-002   4.5167E-002  -4.9827E-002  -1.2489E-002   1.4535E-001   4.8370E-001  
 2.7825E+000   4.1691E-001   1.4759E+000   4.9510E-002  -2.6324E-001   2.6742E-001  -1.7207E-001  -4.5969E-002   5.5116E-001  -3.9103E-002  -9.9053E-002  -3.3806E-002   1.4597E-002   8.8957E-001   2.8635E-001   1.4275E-002   1.0710E-002  -9.7085E-003  -9.6723E-002   3.2773E-003   8.0455E-002  -1.1916E-002   1.4558E-001   4.7383E-001  
 2.3078E+000   5.6134E-001   1.6993E+000   1.5181E-001  -3.6411E-002  -5.3209E-002  -1.0114E-001  -3.5357E-002   4.0079E-001  -7.8856E-002  -4.0329E-002  -4.3516E-002   3.5256E-002   8.9458E-001   2.8042E-001   3.5171E-003  -8.4801E-003   7.5124E-003  -7.5035E-002   4.9943E-003   7.8301E-002  -1.2123E-002   1.4919E-001   4.7572E-001  
 1.7971E+000   6.7574E-001   1.6976E+000   1.8866E-001   1.0574E-001  -1.7993E-001  -5.6621E-002  -2.5297E-002   2.8797E-001  -1.0834E-001   2.3619E-003  -3.9503E-002   4.3406E-002   9.0266E-001   2.7830E-001  -4.0329E-003  -1.8367E-002   1.8101E-002  -5.5302E-002   7.1247E-003   7.0772E-002  -1.3902E-002   1.5219E-001   4.7518E-001  
 1.2915E+000   7.6362E-001   1.5278E+000   1.8241E-001   1.7626E-001  -1.7962E-001  -2.9957E-002  -1.6708E-002   1.9993E-001  -1.2763E-001   3.2753E-002  -2.7599E-002   4.2754E-002   9.1086E-001   2.7859E-001  -8.9429E-003  -2.1259E-002   2.3512E-002  -3.7945E-002   1.0357E-002   6.0079E-002  -1.6705E-002   1.5445E-001   4.6336E-001  
 8.4217E-001   8.2745E-001   1.2394E+000   1.5370E-001   1.8728E-001  -1.1199E-001  -1.4103E-002  -9.8750E-003   1.2911E-001  -1.3755E-001   5.2108E-002  -1.2593E-002   3.5866E-002   9.1789E-001   2.8018E-001  -1.1858E-002  -1.8514E-002   2.4967E-002  -2.3725E-002   1.4322E-002   4.7493E-002  -2.0524E-002   1.5598E-001   4.4677E-001  
 4.8759E-001   8.7042E-001   8.6863E-001   1.2133E-001   1.5388E-001  -2.7073E-002  -5.2229E-003  -5.2132E-003   6.9231E-002  -1.3834E-001   6.3469E-002   3.7436E-004   2.5940E-002   9.2274E-001   2.8149E-001  -1.4342E-002  -1.4404E-002   2.4864E-002  -1.2296E-002   1.8432E-002   3.4628E-002  -2.2040E-002   1.5716E-001   4.2953E-001  
 2.6003E-001   8.9548E-001   4.4505E-001   9.6141E-002   8.9935E-002   3.8646E-002  -1.5249E-003  -2.9731E-003   1.5689E-002  -1.3145E-001   7.0224E-002   9.3800E-003   1.3105E-002   9.2554E-001   2.8233E-001  -1.5355E-002  -7.6914E-003   2.3833E-002  -2.6675E-003   2.2571E-002   2.1397E-002  -2.3427E-002   1.5781E-001   4.1255E-001  
 1.8244E-001   9.0358E-001  -1.6750E-004   8.6891E-002   1.0610E-002   6.1938E-002  -7.8003E-006  -2.3003E-003  -3.4474E-002  -1.1759E-001   7.2403E-002   1.2755E-002  -6.4938E-004   9.2645E-001   2.8267E-001  -1.5653E-002  -1.5306E-005   2.1417E-002   6.2069E-003   2.6651E-002   8.1282E-003  -2.3931E-002   1.5802E-001   3.9749E-001  
 2.6002E-001   8.9545E-001  -4.4551E-001   9.6132E-002  -6.9436E-002   3.5768E-002   1.4951E-003  -3.0067E-003  -8.4605E-002  -9.7025E-002   7.0219E-002   1.0039E-002  -1.4238E-002   9.2554E-001   2.8242E-001  -1.5345E-002   7.6629E-003   1.7604E-002   1.5075E-002   3.0667E-002  -5.1548E-003  -2.3428E-002   1.5780E-001   4.0970E-001  
 4.8755E-001   8.7048E-001  -8.6949E-001   1.2131E-001  -1.3556E-001  -3.2844E-002   5.1497E-003  -5.2664E-003  -1.3805E-001  -6.9383E-002   6.3464E-002   1.6929E-003  -2.6573E-002   9.2275E-001   2.8151E-001  -1.4321E-002   1.4381E-002   1.2390E-002   2.4684E-002   3.4630E-002  -1.8429E-002  -2.2039E-002   1.5715E-001   4.2513E-001  
 8.4186E-001   8.2782E-001  -1.2406E+000   1.5405E-001  -1.7246E-001  -1.2044E-001   1.3447E-002  -9.8315E-003  -1.9788E-001  -3.4307E-002   5.1649E-002  -1.1082E-002  -3.5927E-002   9.1790E-001   2.7979E-001  -1.1939E-002   1.9147E-002   5.8966E-003   3.6369E-002   3.8425E-002  -3.1400E-002  -2.0044E-002   1.5601E-001   4.3953E-001  
 1.2908E+000   7.6465E-001  -1.5297E+000   1.8307E-001  -1.6625E-001  -1.9068E-001   2.8640E-002  -1.6435E-002  -2.6857E-001   9.6944E-003   3.1929E-002  -2.5918E-002  -4.2077E-002   9.1087E-001   2.7709E-001  -9.1887E-003   2.2434E-002  -2.3903E-003   5.0880E-002   4.2221E-002  -4.4122E-002  -1.6036E-002   1.5458E-001   4.5265E-001  
 1.7967E+000   6.7750E-001  -1.6997E+000   1.9035E-001  -1.0258E-001  -1.9437E-001   5.6085E-002  -2.5064E-002  -3.5682E-001   6.3951E-002   2.6059E-003  -3.8439E-002  -4.2847E-002   9.0271E-001   2.7285E-001  -5.2246E-003   2.1170E-002  -1.3730E-002   6.7916E-002   4.5670E-002  -5.5298E-002  -1.2262E-002   1.5286E-001   4.6146E-001  
 2.3086E+000   5.6365E-001  -1.7001E+000   1.5623E-001   3.0034E-002  -7.2228E-002   1.0302E-001  -3.5829E-002  -4.7055E-001   1.2979E-001  -3.7987E-002  -4.4533E-002  -3.6329E-002   8.9472E-001   2.6714E-001   4.7763E-004   1.4508E-002  -2.8390E-002   8.6728E-002   4.8154E-002  -6.3811E-002  -8.9762E-003   1.5082E-001   4.7948E-001  
 2.7878E+000   4.1793E-001  -1.4699E+000   6.1639E-002   2.4140E-001   2.3983E-001   1.8143E-001  -4.9660E-002  -6.2382E-001   2.1090E-001  -9.2383E-002  -4.0509E-002  -2.1256E-002   8.8991E-001   2.6112E-001   7.8965E-003   1.3267E-003  -4.5705E-002   1.0635E-001   4.8060E-002  -6.7681E-002  -7.5643E-003   1.4845E-001   4.9414E-001  
 2.6875E+000   2.2240E-001   1.5926E+000   8.8140E-002  -1.1101E-001   1.9601E-001  -1.6578E-001  -2.2227E-002   6.1039E-001  -7.8702E-002  -7.9207E-002  -4.7716E-002   1.0962E-002   8.8575E-001   2.7962E-001   6.9144E-003  -3.6011E-003   5.8686E-003  -1.0965E-001  -9.4285E-003   8.1830E-002  -7.8139E-003   1.4883E-001   4.8602E-001  
 2.1789E+000   2.9388E-001   1.7949E+000   1.7032E-001   1.5597E-003  -1.2344E-001  -9.2937E-002  -1.7020E-002   4.5241E-001  -8.9412E-002  -2.6145E-002  -5.4008E-002   2.0779E-002   8.9361E-001   2.7720E-001   1.3225E-003  -1.7177E-002   1.3760E-002  -8.5997E-002  -8.5110E-003   7.7981E-002  -9.6106E-003   1.5142E-001   4.7363E-001  
 1.6371E+000   3.5030E-001   1.7722E+000   1.9214E-001   7.1161E-002  -2.5000E-001  -4.9159E-002  -1.1997E-002   3.3303E-001  -9.5456E-002   1.2738E-002  -4.8687E-002   2.4128E-002   9.0377E-001   2.7737E-001  -2.4537E-003  -2.3842E-002   1.7662E-002  -6.4137E-002  -6.2198E-003   6.8700E-002  -1.2913E-002   1.5364E-001   4.5648E-001  
 1.1034E+000   3.9359E-001   1.5837E+000   1.7363E-001   1.0395E-001  -2.4916E-001  -2.3380E-002  -7.1639E-003   2.3878E-001  -9.6884E-002   4.0089E-002  -3.5962E-002   2.2786E-002   9.1339E-001   2.7918E-001  -4.7196E-003  -2.4363E-002   1.7850E-002  -4.5133E-002  -2.7842E-003   5.6428E-002  -1.7136E-002   1.5527E-001   4.4096E-001  
 6.3140E-001   4.2465E-001   1.2787E+000   1.3588E-001   1.0702E-001  -1.8121E-001  -9.6784E-003  -3.5139E-003   1.6208E-001  -9.3026E-002   5.8614E-002  -2.0895E-002   1.9302E-002   9.2067E-001   2.8105E-001  -6.7086E-003  -2.0927E-002   1.6618E-002  -2.9681E-002   1.1311E-003   4.3700E-002  -2.0903E-002   1.5682E-001   4.2804E-001  
 2.6007E-001   4.4576E-001   8.9380E-001   9.6151E-002   8.7758E-002  -9.5705E-002  -2.9744E-003  -1.5258E-003   9.6838E-002  -8.4783E-002   7.0225E-002  -7.9597E-003   1.3600E-002   9.2555E-001   2.8240E-001  -7.6541E-003  -1.5419E-002   1.5187E-002  -1.7487E-002   5.1565E-003   3.0665E-002  -2.3429E-002   1.5781E-001   4.1671E-001  
 2.1811E-002   4.5803E-001   4.5723E-001   6.6816E-002   5.2679E-002  -2.9258E-002  -5.2014E-004  -5.0881E-004   3.8061E-002  -7.2608E-002   7.6677E-002   8.8197E-004   6.7623E-003   9.2842E-001   2.8325E-001  -8.1050E-003  -8.1410E-003   1.3119E-002  -6.8336E-003   9.2475E-003   1.7365E-002  -2.4969E-002   1.5841E-001   4.0528E-001  
-5.9401E-002   4.6204E-001  -1.4002E-004   5.6207E-002   9.5235E-003  -5.2359E-003  -2.2862E-005  -1.9430E-004  -1.7209E-002  -5.7023E-002   7.8723E-002   4.0919E-003  -4.0390E-004   9.2936E-001   2.8354E-001  -8.2496E-003  -1.0067E-005   1.0346E-002   3.0991E-003   1.3318E-002   4.0629E-003  -2.5484E-002   1.5861E-001   3.9344E-001  
 2.1797E-002   4.5819E-001  -4.5757E-001   6.6808E-002  -3.4353E-002  -3.0690E-002   4.6735E-004  -5.2150E-004  -7.2464E-002  -3.8139E-002   7.6675E-002   1.2130E-003  -7.4043E-003   9.2842E-001   2.8325E-001  -8.0964E-003   8.1220E-003   6.8804E-003   1.3029E-002   1.7365E-002  -9.2463E-003  -2.4969E-002   1.5841E-001   3.9877E-001  
 2.6004E-001   4.4622E-001  -8.9434E-001   9.6137E-002  -7.1611E-002  -9.8576E-002   2.8996E-003  -1.5373E-003  -1.3119E-001  -1.5732E-002   7.0222E-002  -7.2981E-003  -1.3742E-002   9.2555E-001   2.8234E-001  -7.6388E-003   1.5403E-002   2.6927E-003   2.3673E-002   2.1397E-002  -2.2568E-002  -2.3427E-002   1.5782E-001   4.0933E-001  
 6.3118E-001   4.2560E-001  -1.2794E+000   1.3612E-001  -9.4411E-002  -1.8543E-001   9.2762E-003  -3.3798E-003  -1.9639E-001   1.0284E-002   5.8290E-002  -2.0094E-002  -1.8800E-002   9.2067E-001   2.8075E-001  -6.8448E-003   2.1297E-002  -2.2439E-003   3.5939E-002   2.5336E-002  -3.5644E-002  -2.0540E-002   1.5687E-001   4.1809E-001  
 1.1029E+000   3.9528E-001  -1.5847E+000   1.7418E-001  -9.6082E-002  -2.5468E-001   2.2508E-002  -6.5491E-003  -2.7301E-001   4.0580E-002   3.9390E-002  -3.5084E-002  -2.1773E-002   9.1341E-001   2.7834E-001  -5.3447E-003   2.5178E-002  -7.8987E-003   5.1474E-002   2.9186E-002  -4.8447E-002  -1.6489E-002   1.5543E-001   4.2783E-001  
 1.6367E+000   3.5311E-001  -1.7734E+000   1.9299E-001  -6.9638E-002  -2.5718E-001   4.8639E-002  -1.0960E-002  -3.6742E-001   7.6435E-002   1.2580E-002  -4.8052E-002  -2.2723E-002   9.0392E-001   2.7506E-001  -3.7544E-003   2.5214E-002  -1.4753E-002   7.0281E-002   3.2857E-002  -6.0787E-002  -1.2056E-002   1.5384E-001   4.4743E-001  
 2.1789E+000   2.9786E-001  -1.7958E+000   1.7216E-001  -8.8306E-003  -1.3259E-001   9.3331E-002  -1.6267E-002  -4.8704E-001   1.1785E-001  -2.5334E-002  -5.4099E-002  -2.0124E-002   8.9367E-001   2.7068E-001  -1.4301E-003   1.9828E-002  -2.3512E-002   9.1974E-002   3.5882E-002  -7.0564E-002  -8.1214E-003   1.5215E-001   4.6699E-001  
 2.6899E+000   2.2640E-001  -1.5898E+000   9.4202E-002   8.9967E-002   1.8229E-001   1.7026E-001  -2.3844E-002  -6.4686E-001   1.6813E-001  -7.5828E-002  -5.1218E-002  -1.4436E-002   8.8619E-001   2.6712E-001   1.2437E-003   1.0017E-002  -3.2348E-002   1.1431E-001   3.6581E-002  -7.5256E-002  -5.1843E-003   1.5026E-001   4.8734E-001  
 2.6552E+000  -2.4641E-003   1.6300E+000   1.0195E-001  -1.0376E-002   1.6539E-001  -1.6494E-001   4.4171E-004   6.4224E-001  -1.2287E-001  -7.1845E-002  -5.3772E-002  -1.1809E-003   8.8502E-001   2.7323E-001   2.6963E-003  -1.0475E-002   1.9511E-002  -1.1514E-001  -2.3225E-002   8.0043E-002  -5.4371E-003   1.5032E-001   4.9129E-001  
 2.1343E+000  -2.2084E-003   1.8266E+000   1.7606E-001  -3.8510E-003  -1.5199E-001  -9.0106E-002  -5.4534E-004   4.8071E-001  -1.0350E-001  -2.1550E-002  -5.7433E-002   5.4000E-004   8.9328E-001   2.7411E-001   1.3591E-003  -2.0706E-002   1.8786E-002  -9.1645E-002  -2.2305E-002   7.5459E-002  -8.2732E-003   1.5238E-001   4.7164E-001  
 1.5819E+000  -1.5468E-003   1.7970E+000   1.9268E-001   4.8778E-004  -2.7803E-001  -4.6285E-002  -6.3886E-004   3.5935E-001  -8.5873E-002   1.5620E-002  -5.1601E-002   8.3150E-004   9.0452E-001   2.7639E-001   6.7647E-004  -2.5905E-002   1.6343E-002  -6.8798E-002  -1.9683E-002   6.5038E-002  -1.2464E-002   1.5401E-001   4.4891E-001  
 1.0388E+000  -9.4330E-004   1.6021E+000   1.7028E-001   3.5644E-003  -2.7650E-001  -2.0847E-002  -3.1508E-004   2.6286E-001  -6.8762E-002   4.1961E-002  -3.8609E-002   5.8062E-004   9.1426E-001   2.7906E-001   3.3345E-004  -2.5877E-002   1.2865E-002  -4.9520E-002  -1.6000E-002   5.2570E-002  -1.6778E-002   1.5570E-001   4.2566E-001  
 5.5944E-001  -5.6925E-004   1.2917E+000   1.2911E-001   5.9129E-003  -2.0801E-001  -8.2298E-003  -1.9807E-005   1.8434E-001  -5.1656E-002   6.0685E-002  -2.3572E-002   3.9899E-004   9.2156E-001   2.8120E-001   9.7996E-006  -2.1760E-002   9.3649E-003  -3.3817E-002  -1.2121E-002   3.9753E-002  -2.1003E-002   1.5710E-001   4.0821E-001  
 1.8248E-001  -2.6803E-004   9.0215E-001   8.6907E-002   7.7097E-003  -1.2188E-001  -2.2793E-003   1.0099E-005   1.1737E-001  -3.4542E-002   7.2408E-002  -1.0671E-002   8.8964E-006   9.2647E-001   2.8266E-001  -5.5726E-006  -1.5720E-002   6.2502E-003  -2.1279E-002  -8.1274E-003   2.6648E-002  -2.3931E-002   1.5803E-001   4.0212E-001  
-5.9387E-002  -8.8243E-005   4.6128E-001   5.6213E-002   8.8003E-003  -5.4720E-002  -2.0403E-004   1.4027E-005   5.6912E-002  -1.7243E-002   7.8724E-002  -1.9932E-003  -2.4032E-004   9.2937E-001   2.8354E-001  -2.6174E-006  -8.2860E-003   3.1210E-003  -1.0277E-002  -4.0625E-003   1.3318E-002  -2.5484E-002   1.5862E-001   3.9648E-001  
-1.4181E-001   2.6184E-005  -4.7232E-005   4.5152E-002   9.1619E-003  -2.9979E-002  -3.0740E-005   1.1118E-005  -1.1315E-007  -1.0029E-007   8.0725E-002   1.0524E-003  -3.2294E-004   9.3032E-001   2.8383E-001   1.3767E-006  -5.4387E-006   3.0093E-008  -1.5853E-007  -2.9223E-007   4.2757E-007  -2.6003E-002   1.5882E-001   3.9062E-001  
-5.9397E-002   1.4066E-004  -4.6137E-001   5.6207E-002   8.8024E-003  -5.4714E-002   1.4205E-004   8.2450E-006  -5.6912E-002   1.7243E-002   7.8722E-002  -1.9911E-003  -2.3979E-004   9.2937E-001   2.8354E-001   5.3615E-006   8.2750E-003  -3.1210E-003   1.0277E-002   4.0620E-003  -1.3317E-002  -2.5484E-002   1.5862E-001   3.9649E-001  
 1.8246E-001   3.2064E-004  -9.0224E-001   8.6894E-002   7.7140E-003  -1.2187E-001   2.2160E-003   1.2279E-005  -1.1737E-001   3.4541E-002   7.2403E-002  -1.0667E-002   9.9717E-006   9.2647E-001   2.8266E-001   8.3042E-006   1.5708E-002  -6.2502E-003   2.1279E-002   8.1269E-003  -2.6648E-002  -2.3932E-002   1.5803E-001   4.0214E-001  
 5.5941E-001   6.2216E-004  -1.2918E+000   1.2909E-001   5.9193E-003  -2.0799E-001   8.1645E-003   4.2382E-005  -1.8434E-001   5.1655E-002   6.0677E-002  -2.3566E-002   4.0065E-004   9.2156E-001   2.8120E-001  -7.0507E-006   2.1749E-002  -9.3650E-003   3.3817E-002   1.2120E-002  -3.9752E-002  -2.1004E-002   1.5710E-001   4.0820E-001  
 1.0388E+000   9.9668E-004  -1.6022E+000   1.7025E-001   3.5730E-003  -2.7647E-001   2.0779E-002   3.3791E-004  -2.6286E-001   6.8761E-002   4.1951E-002  -3.8600E-002   5.8287E-004   9.1426E-001   2.7906E-001  -3.3065E-004   2.5864E-002  -1.2866E-002   4.9521E-002   1.5999E-002  -5.2569E-002  -1.6780E-002   1.5570E-001   4.2565E-001  
 1.5819E+000   1.6008E-003  -1.7971E+000   1.9265E-001   4.9867E-004  -2.7800E-001   4.6213E-002   6.6199E-004  -3.5935E-001   8.5872E-002   1.5608E-002  -5.1589E-002   8.3442E-004   9.0452E-001   2.7639E-001  -6.7358E-004   2.5892E-002  -1.6343E-002   6.8800E-002   1.9682E-002  -6.5037E-002  -1.2466E-002   1.5401E-001   4.4889E-001  
 2.1343E+000   2.2632E-003  -1.8268E+000   1.7602E-001  -3.8379E-003  -1.5195E-001   9.0031E-002   5.6886E-004  -4.8071E-001   1.0349E-001  -2.1564E-002  -5.7419E-002   5.4352E-004   8.9328E-001   2.7411E-001  -1.3561E-003   2.0691E-002  -1.8787E-002   9.1647E-002   2.2304E-002  -7.5457E-002  -8.2755E-003   1.5238E-001   4.7162E-001  
 2.6551E+000   2.5198E-003  -1.6301E+000   1.0190E-001  -1.0360E-002   1.6544E-001   1.6486E-001  -4.1776E-004  -6.4224E-001   1.2287E-001  -7.1859E-002  -5.3757E-002  -1.1768E-003   8.8502E-001   2.7323E-001  -2.6931E-003   1.0461E-002  -1.9511E-002   1.1514E-001   2.3224E-002  -8.0041E-002  -5.4391E-003   1.5032E-001   4.9127E-001  
 2.6900E+000  -2.2634E-001   1.5897E+000   9.4253E-002   8.9945E-002   1.8225E-001  -1.7034E-001   2.3869E-002   6.4686E-001  -1.6814E-001  -7.5814E-002  -5.1233E-002  -1.4442E-002   8.8619E-001   2.6712E-001  -1.2403E-003  -1.0031E-002   3.2347E-002  -1.1431E-001  -3.6582E-002   7.5257E-002  -5.1822E-003   1.5027E-001   4.8735E-001  
 2.1790E+000  -2.9781E-001   1.7957E+000   1.7221E-001  -8.8506E-003  -1.3263E-001  -9.3407E-002   1.6292E-002   4.8704E-001  -1.1785E-001  -2.5320E-002  -5.4112E-002  -2.0130E-002   8.9367E-001   2.7068E-001   1.4336E-003  -1.9843E-002   2.3510E-002  -9.1973E-002  -3.5883E-002   7.0565E-002  -8.1189E-003   1.5215E-001   4.6701E-001  
 1.6368E+000  -3.5305E-001   1.7733E+000   1.9303E-001  -6.9655E-002  -2.5721E-001  -4.8711E-002   1.0985E-002   3.6742E-001  -7.6437E-002   1.2593E-002  -4.8063E-002  -2.2728E-002   9.0392E-001   2.7506E-001   3.7578E-003  -2.5228E-002   1.4752E-002  -7.0280E-002  -3.2858E-002   6.0788E-002  -1.2054E-002   1.5384E-001   4.4746E-001  
 1.1030E+000  -3.9523E-001   1.5846E+000   1.7421E-001  -9.6097E-002  -2.5470E-001  -2.2576E-002   6.5732E-003   2.7301E-001  -4.0581E-002   3.9400E-002  -3.5092E-002  -2.1777E-002   9.1341E-001   2.7834E-001   5.3479E-003  -2.5191E-002   7.8979E-003  -5.1473E-002  -2.9187E-002   4.8447E-002  -1.6487E-002   1.5543E-001   4.2785E-001  
 6.3122E-001  -4.2555E-001   1.2793E+000   1.3614E-001  -9.4424E-002  -1.8545E-001  -9.3419E-003   3.4034E-003   1.9639E-001  -1.0285E-002   5.8298E-002  -2.0100E-002  -1.8804E-002   9.2067E-001   2.8075E-001   6.8478E-003  -2.1309E-002   2.2433E-003  -3.5939E-002  -2.5337E-002   3.5645E-002  -2.0539E-002   1.5687E-001   4.1807E-001  
 2.6006E-001  -4.4617E-001   8.9425E-001   9.6152E-002  -7.1621E-002  -9.8587E-002  -2.9631E-003   1.5603E-003   1.3119E-001   1.5731E-002   7.0227E-002  -7.3018E-003  -1.3746E-002   9.2555E-001   2.8234E-001   7.6416E-003  -1.5414E-002  -2.6930E-003  -2.3673E-002  -2.1397E-002   2.2569E-002  -2.3426E-002   1.5782E-001   4.0932E-001  
 2.1811E-002  -4.5814E-001   4.5748E-001   6.6817E-002  -3.4361E-002  -3.0694E-002  -5.2955E-004   5.4416E-004   7.2464E-002   3.8138E-002   7.6678E-002   1.2114E-003  -7.4068E-003   9.2842E-001   2.8325E-001   8.0992E-003  -8.1331E-003  -6.8805E-003  -1.3029E-002  -1.7366E-002   9.2470E-003  -2.4968E-002   1.5841E-001   3.9877E-001  
-5.9397E-002  -4.6198E-001   4.5282E-005   5.6209E-002   9.5173E-003  -5.2338E-003  -3.8777E-005   2.1665E-004   1.7209E-002   5.7023E-002   7.8723E-002   4.0925E-003  -4.0591E-004   9.2936E-001   2.8354E-001   8.2523E-003  -8.6873E-007  -1.0346E-002  -3.0995E-003  -1.3319E-002  -4.0621E-003  -2.5484E-002   1.5861E-001   3.9345E-001  
 2.1805E-002  -4.5798E-001  -4.5732E-001   6.6811E-002   5.2675E-002  -2.9250E-002   4.5812E-004   5.3093E-004  -3.8062E-002   7.2608E-002   7.6675E-002   8.8462E-004   6.7607E-003   9.2842E-001   2.8325E-001   8.1077E-003   8.1300E-003  -1.3119E-002   6.8333E-003  -9.2480E-003  -1.7364E-002  -2.4969E-002   1.5841E-001   4.0527E-001  
 2.6005E-001  -4.4571E-001  -8.9390E-001   9.6140E-002   8.7756E-002  -9.5690E-002   2.9112E-003   1.5477E-003  -9.6838E-002   8.4783E-002   7.0221E-002  -7.9550E-003   1.3599E-002   9.2555E-001   2.8240E-001   7.6568E-003   1.5408E-002  -1.5187E-002   1.7487E-002  -5.1571E-003  -3.0665E-002  -2.3429E-002   1.5781E-001   4.1671E-001  
 6.3137E-001  -4.2460E-001  -1.2788E+000   1.3586E-001   1.0702E-001  -1.8119E-001   9.6131E-003   3.5358E-003  -1.6208E-001   9.3026E-002   5.8607E-002  -2.0888E-002   1.9301E-002   9.2067E-001   2.8105E-001   6.7112E-003   2.0915E-002  -1.6618E-002   2.9682E-002  -1.1317E-003  -4.3699E-002  -2.0904E-002   1.5682E-001   4.2805E-001  
 1.1034E+000  -3.9354E-001  -1.5838E+000   1.7361E-001   1.0395E-001  -2.4913E-001   2.3312E-002   7.1858E-003  -2.3878E-001   9.6885E-002   4.0081E-002  -3.5953E-002   2.2785E-002   9.1339E-001   2.7918E-001   4.7222E-003   2.4351E-002  -1.7850E-002   4.5134E-002   2.7835E-003  -5.6427E-002  -1.7137E-002   1.5527E-001   4.4097E-001  
 1.6370E+000  -3.5025E-001  -1.7723E+000   1.9210E-001   7.1165E-002  -2.4997E-001   4.9088E-002   1.2019E-002  -3.3303E-001   9.5457E-002   1.2727E-002  -4.8675E-002   2.4128E-002   9.0377E-001   2.7737E-001   2.4563E-003   2.3828E-002  -1.7662E-002   6.4139E-002   6.2190E-003  -6.8699E-002  -1.2915E-002   1.5364E-001   4.5646E-001  
 2.1788E+000  -2.9383E-001  -1.7950E+000   1.7028E-001   1.5661E-003  -1.2339E-001   9.2863E-002   1.7042E-002  -4.5241E-001   8.9412E-002  -2.6158E-002  -5.3993E-002   2.0780E-002   8.9361E-001   2.7720E-001  -1.3196E-003   1.7162E-002  -1.3760E-002   8.5998E-002   8.5103E-003  -7.7980E-002  -9.6128E-003   1.5142E-001   4.7362E-001  
 2.6875E+000  -2.2235E-001  -1.5927E+000   8.8094E-002  -1.1100E-001   1.9606E-001   1.6571E-001   2.2250E-002  -6.1038E-001   7.8701E-002  -7.9221E-002  -4.7700E-002   1.0964E-002   8.8575E-001   2.7962E-001  -6.9111E-003   3.5868E-003  -5.8691E-003   1.0965E-001   9.4281E-003  -8.1829E-002  -7.8157E-003   1.4883E-001   4.8601E-001  
 2.7879E+000  -4.1787E-001   1.4698E+000   6.1692E-002   2.4137E-001   2.3979E-001  -1.8151E-001   4.9687E-002   6.2382E-001  -2.1090E-001  -9.2368E-002  -4.0523E-002  -2.1265E-002   8.8991E-001   2.6112E-001  -7.8929E-003  -1.3410E-003   4.5704E-002  -1.0635E-001  -4.8061E-002   6.7682E-002  -7.5624E-003   1.4845E-001   4.9415E-001  
 2.3086E+000  -5.6358E-001   1.7000E+000   1.5627E-001   3.0007E-002  -7.2263E-002  -1.0309E-001   3.5856E-002   4.7055E-001  -1.2980E-001  -3.7973E-002  -4.4545E-002  -3.6337E-002   8.9472E-001   2.6714E-001  -4.7368E-004  -1.4523E-002   2.8389E-002  -8.6727E-002  -4.8155E-002   6.3812E-002  -8.9739E-003   1.5082E-001   4.7950E-001  
 1.7968E+000  -6.7744E-001   1.6996E+000   1.9039E-001  -1.0260E-001  -1.9440E-001  -5.6158E-002   2.5090E-002   3.5683E-001  -6.3955E-002   2.6186E-003  -3.8449E-002  -4.2855E-002   9.0271E-001   2.7285E-001   5.2285E-003  -2.1184E-002   1.3729E-002  -6.7915E-002  -4.5671E-002   5.5299E-002  -1.2260E-002   1.5286E-001   4.6147E-001  
 1.2909E+000  -7.6459E-001   1.5296E+000   1.8310E-001  -1.6628E-001  -1.9070E-001  -2.8709E-002   1.6461E-002   2.6857E-001  -9.6972E-003   3.1940E-002  -2.5926E-002  -4.2084E-002   9.1087E-001   2.7709E-001   9.1924E-003  -2.2447E-002   2.3891E-003  -5.0880E-002  -4.2221E-002   4.4123E-002  -1.6035E-002   1.5458E-001   4.5265E-001  
 8.4190E-001  -8.2777E-001   1.2405E+000   1.5407E-001  -1.7248E-001  -1.2045E-001  -1.3513E-002   9.8563E-003   1.9788E-001   3.4305E-002   5.1658E-002  -1.1087E-002  -3.5934E-002   9.1790E-001   2.7979E-001   1.1942E-002  -1.9159E-002  -5.8976E-003  -3.6369E-002  -3.8425E-002   3.1401E-002  -2.0043E-002   1.5601E-001   4.3952E-001  
 4.8758E-001  -8.7043E-001   8.6939E-001   1.2133E-001  -1.3558E-001  -3.2852E-002  -5.2139E-003   5.2905E-003   1.3805E-001   6.9382E-002   6.3470E-002   1.6897E-003  -2.6579E-002   9.2275E-001   2.8151E-001   1.4324E-002  -1.4392E-002  -1.2391E-002  -2.4684E-002  -3.4630E-002   1.8430E-002  -2.2039E-002   1.5715E-001   4.2511E-001  
 2.6004E-001  -8.9539E-001   4.4542E-001   9.6143E-002  -6.9450E-002   3.5766E-002  -1.5578E-003   3.0301E-003   8.4605E-002   9.7024E-002   7.0223E-002   1.0038E-002  -1.4242E-002   9.2554E-001   2.8242E-001   1.5347E-002  -7.6740E-003  -1.7604E-002  -1.5076E-002  -3.0668E-002   5.1555E-003  -2.3427E-002   1.5780E-001   4.0971E-001  
 1.8244E-001  -9.0353E-001   7.2028E-005   8.6895E-002   1.0598E-002   6.1942E-002  -5.4220E-005   2.3231E-003   3.4473E-002   1.1759E-001   7.2405E-002   1.2756E-002  -6.5349E-004   9.2645E-001   2.8267E-001   1.5656E-002   4.3543E-006  -2.1417E-002  -6.2075E-003  -2.6651E-002  -8.1274E-003  -2.3931E-002   1.5802E-001   3.9751E-001  
 2.6003E-001  -8.9543E-001  -4.4515E-001   9.6139E-002   8.9925E-002   3.8657E-002   1.4626E-003   2.9954E-003  -1.5689E-002   1.3145E-001   7.0222E-002   9.3832E-003   1.3101E-002   9.2554E-001   2.8233E-001   1.5358E-002   7.6804E-003  -2.3832E-002   2.6672E-003  -2.2571E-002  -2.1396E-002  -2.3427E-002   1.5781E-001   4.1254E-001  
 4.8758E-001  -8.7037E-001  -8.6873E-001   1.2132E-001   1.5387E-001  -2.7057E-002   5.1594E-003   5.2350E-003  -6.9230E-002   1.3834E-001   6.3465E-002   3.7964E-004   2.5937E-002   9.2274E-001   2.8149E-001   1.4344E-002   1.4393E-002  -2.4864E-002   1.2296E-002  -1.8432E-002  -3.4628E-002  -2.2040E-002   1.5716E-001   4.2955E-001  
 8.4214E-001  -8.2740E-001  -1.2395E+000   1.5369E-001   1.8728E-001  -1.1197E-001   1.4038E-002   9.8965E-003  -1.2911E-001   1.3755E-001   5.2102E-002  -1.2586E-002   3.5863E-002   9.1789E-001   2.8019E-001   1.1861E-002   1.8502E-002  -2.4966E-002   2.3725E-002  -1.4322E-002  -4.7492E-002  -2.0525E-002   1.5598E-001   4.4678E-001  
 1.2914E+000  -7.6357E-001  -1.5279E+000   1.8239E-001   1.7625E-001  -1.7959E-001   2.9889E-002   1.6729E-002  -1.9993E-001   1.2763E-001   3.2745E-002  -2.7589E-002   4.2752E-002   9.1086E-001   2.7859E-001   8.9454E-003   2.1246E-002  -2.3511E-002   3.7946E-002  -1.0358E-002  -6.0079E-002  -1.6706E-002   1.5445E-001   4.6336E-001  
 1.7970E+000  -6.7569E-001  -1.6977E+000   1.8863E-001   1.0573E-001  -1.7990E-001   5.6551E-002   2.5318E-002  -2.8797E-001   1.0834E-001   2.3521E-003  -3.9490E-002   4.3404E-002   9.0266E-001   2.7830E-001   4.0354E-003   1.8354E-002  -1.8100E-002   5.5304E-002  -7.1255E-003  -7.0771E-002  -1.3904E-002   1.5219E-001   4.7517E-001  
 2.3077E+000  -5.6129E-001  -1.6995E+000   1.5177E-001  -3.6411E-002  -5.3165E-002   1.0106E-001   3.5378E-002  -4.0079E-001   7.8858E-002  -4.0341E-002  -4.3501E-002   3.5255E-002   8.9458E-001   2.8042E-001  -3.5143E-003   8.4661E-003  -7.5119E-003   7.5037E-002  -4.9949E-003  -7.8300E-002  -1.2125E-002   1.4919E-001   4.7572E-001  
 2.7824E+000  -4.1686E-001  -1.4760E+000   4.9466E-002  -2.6324E-001   2.6747E-001   1.7199E-001   4.5990E-002  -5.5115E-001   3.9104E-002  -9.9065E-002  -3.3789E-002   1.4597E-002   8.8957E-001   2.8635E-001  -1.4272E-002  -1.0724E-002   9.7082E-003   9.6725E-002  -3.2774E-003  -8.0453E-002  -1.1917E-002   1.4558E-001   4.7382E-001  
 2.9456E+000  -5.4004E-001   1.2493E+000   9.0470E-003   4.8858E-001   2.9395E-001  -2.1399E-001   7.9178E-002   5.9362E-001  -2.5434E-001  -1.1870E-001  -3.8912E-002  -1.5092E-002   9.1332E-001   2.6721E-001  -2.0575E-002   1.1232E-002   5.6731E-002  -7.8511E-002  -4.5169E-002   4.9827E-002  -1.2488E-002   1.4535E-001   4.8371E-001  
 2.5052E+000  -7.6464E-001   1.5388E+000   1.1892E-001   1.5633E-001   6.8577E-003  -1.1744E-001   5.9056E-002   4.3081E-001  -1.3472E-001  -6.2390E-002  -3.0061E-002  -4.0758E-002   8.9829E-001   2.6371E-001  -7.6049E-003  -2.2912E-003   3.4513E-002  -7.4114E-002  -5.7601E-002   5.5102E-002  -1.2208E-002   1.4766E-001   4.7178E-001  
 2.0426E+000  -9.4006E-001   1.5735E+000   1.7735E-001  -6.2064E-002  -1.1284E-001  -6.8554E-002   4.3786E-002   3.2682E-001  -4.5714E-002  -1.6291E-002  -2.4786E-002  -5.5289E-002   9.0182E-001   2.7098E-001   3.2551E-003  -1.3394E-002   1.2483E-002  -5.9870E-002  -5.6476E-002   4.9103E-002  -1.3305E-002   1.5055E-001   4.7996E-001  
 1.5811E+000  -1.0755E+000   1.4350E+000   1.8973E-001  -1.7673E-001  -1.0737E-001  -3.8419E-002   3.1155E-002   2.4831E-001   2.7218E-002   1.6894E-002  -1.2432E-002  -5.7159E-002   9.0753E-001   2.7537E-001   1.0829E-002  -1.7535E-002  -3.6663E-003  -4.6620E-002  -5.4459E-002   3.8981E-002  -1.5136E-002   1.5305E-001   4.7427E-001  
 1.1688E+000  -1.1744E+000   1.1733E+000   1.7585E-001  -2.0530E-001  -3.6183E-002  -2.0644E-002   2.1328E-002   1.8747E-001   8.4767E-002   3.9009E-002   1.9608E-003  -4.9748E-002   9.1329E-001   2.7847E-001   1.5354E-002  -1.6055E-002  -1.5511E-002  -3.4677E-002  -5.1154E-002   2.7187E-002  -1.8222E-002   1.5480E-001   4.6010E-001  
 8.4211E-001  -1.2418E+000   8.2662E-001   1.5368E-001  -1.6899E-001   5.2094E-002  -9.8888E-003   1.4211E-002   1.3723E-001   1.2937E-001   5.2114E-002   1.4631E-002  -3.6498E-002   9.1789E-001   2.8022E-001   1.8398E-002  -1.1898E-002  -2.3886E-002  -2.4773E-002  -4.7496E-002   1.4318E-002  -2.0528E-002   1.5596E-001   4.4220E-001  
 6.3133E-001  -1.2809E+000   4.2451E-001   1.3586E-001  -8.8731E-002   1.2130E-001  -3.5583E-003   9.7701E-003   9.2814E-002   1.6237E-001   5.8614E-002   2.2947E-002  -1.9939E-002   9.2065E-001   2.8107E-001   2.0821E-002  -6.7195E-003  -2.9864E-002  -1.6489E-002  -4.3702E-002   1.1295E-003  -2.0906E-002   1.5679E-001   4.2480E-001  
 5.5937E-001  -1.2937E+000  -2.6553E-005   1.2908E-001   1.2381E-002   1.4810E-001  -9.6008E-005   8.3072E-003   5.1553E-002   1.8467E-001   6.0681E-002   2.5631E-002  -1.0400E-003   9.2153E-001   2.8121E-001   2.1664E-002   2.7476E-005  -3.4022E-002  -9.3022E-003  -3.9756E-002  -1.2122E-002  -2.1005E-002   1.5707E-001   4.1509E-001  
 6.3116E-001  -1.2811E+000  -4.2433E-001   1.3611E-001   1.1271E-001   1.2554E-001   3.2945E-003   9.4087E-003   1.0292E-002   1.9675E-001   5.8294E-002   2.2155E-002   1.8163E-002   9.2064E-001   2.8074E-001   2.1219E-002   6.8942E-003  -3.6164E-002  -2.2473E-003  -3.5648E-002  -2.5336E-002  -2.0543E-002   1.5685E-001   4.1920E-001  
 8.4186E-001  -1.2422E+000  -8.2587E-001   1.5405E-001   1.9076E-001   6.0570E-002   9.7118E-003   1.3569E-002  -3.4188E-002   1.9827E-001   5.1652E-002   1.3130E-002   3.5297E-002   9.1787E-001   2.7976E-001   1.9079E-002   1.2019E-002  -3.6612E-002   5.8261E-003  -3.1404E-002  -3.8423E-002  -2.0046E-002   1.5600E-001   4.4137E-001  
 1.1689E+000  -1.1748E+000  -1.1719E+000   1.7584E-001   2.2357E-001  -2.3661E-002   2.1141E-002   2.0685E-002  -8.4542E-002   1.8790E-001   3.8996E-002   6.0240E-005   4.9118E-002   9.1328E-001   2.7843E-001   1.5986E-002   1.5465E-002  -3.4931E-002   1.5376E-002  -2.7192E-002  -5.1148E-002  -1.8221E-002   1.5480E-001   4.6273E-001  
 1.5813E+000  -1.0756E+000  -1.4327E+000   1.8913E-001   1.8999E-001  -9.0755E-002   3.9504E-002   3.0553E-002  -1.4559E-001   1.6456E-001   1.7123E-002  -1.4613E-002   5.7065E-002   9.0763E-001   2.7744E-001   1.1139E-002   1.6008E-002  -2.9604E-002   2.6991E-002  -2.2892E-002  -6.2547E-002  -1.5692E-002   1.5276E-001   4.7948E-001  
 2.0426E+000  -9.3976E-001  -1.5709E+000   1.7530E-001   6.8335E-002  -9.1091E-002   6.8787E-002   4.3121E-002  -2.2365E-001   1.2690E-001  -1.7080E-002  -2.6088E-002   5.4971E-002   9.0176E-001   2.7793E-001   2.6778E-003   9.6930E-003  -1.8900E-002   4.1002E-002  -1.8791E-002  -7.1843E-002  -1.5068E-002   1.4961E-001   4.8926E-001  
 2.5028E+000  -7.6516E-001  -1.5394E+000   1.1151E-001  -1.6137E-001   3.6386E-002   1.1297E-001   5.6767E-002  -3.2608E-001   7.6505E-002  -6.6581E-002  -2.7515E-002   3.6910E-002   8.9852E-001   2.8357E-001  -1.0819E-002  -6.9991E-003   8.9745E-004   5.6954E-002  -1.6290E-002  -7.5668E-002  -1.6293E-002   1.4511E-001   4.7850E-001  
 2.8965E+000  -5.6763E-001  -1.3163E+000  -5.2684E-002  -5.5277E-001   3.7603E-001   1.5120E-001   5.2501E-002  -4.6820E-001   4.4807E-002  -1.4465E-001  -1.8256E-003  -2.3863E-002   9.1485E-001   3.1443E-001  -3.3540E-002  -4.2566E-002   4.5633E-002   7.2585E-002  -1.9100E-002  -6.0128E-002  -1.5831E-002   1.4011E-001   4.7840E-001  
 2.6866E+000  -1.0680E+000   1.3824E+000  -4.6969E-001   1.5094E+000   2.6659E-001   1.9158E-002  -2.4164E-001   8.9091E-001   3.1852E-002  -2.5331E-001  -9.9757E-002   3.3406E-001   1.2035E+000   2.6577E-001  -9.1702E-002   8.6366E-002   1.6440E-001   1.1376E-001   2.9265E-003  -2.5902E-002  -1.8407E-002   1.0045E-001   3.7383E-001  
 2.7441E+000  -8.6812E-001   1.3078E+000   4.6038E-002   4.1289E-001   6.8725E-002  -1.3511E-001   8.7200E-002   3.6757E-001  -1.2849E-001  -1.0186E-001  -1.4843E-002  -2.6050E-002   9.0606E-001   2.6285E-001  -2.3175E-002   1.7653E-002   4.1160E-002  -5.1507E-002  -6.2701E-002   4.6442E-002  -1.6984E-002   1.4244E-001   4.6496E-001  
 2.3470E+000  -1.1096E+000   1.3915E+000   1.3945E-001   8.8058E-002  -4.7944E-002  -8.4178E-002   6.8602E-002   2.7654E-001  -1.6046E-002  -4.8237E-002  -9.8760E-003  -5.3113E-002   9.0357E-001   2.6991E-001  -5.9945E-003   7.4375E-004   1.1750E-002  -4.3961E-002  -6.4293E-002   4.1464E-002  -1.6651E-002   1.4635E-001   4.8512E-001  
 1.9445E+000  -1.2975E+000   1.2969E+000   1.8082E-001  -9.9234E-002  -4.1221E-002  -5.1468E-002   5.2525E-002   2.1166E-001   7.4569E-002  -9.1018E-003   1.9526E-003  -6.2432E-002   9.0461E-001   2.7496E-001   7.1471E-003  -8.8598E-003  -1.1110E-002  -3.6273E-002  -6.4067E-002   3.3727E-002  -1.5570E-002   1.5000E-001   4.8734E-001  
 1.5813E+000  -1.4359E+000   1.0743E+000   1.8911E-001  -1.7173E-001   3.0958E-002  -3.0523E-002   3.9736E-002   1.6411E-001   1.4592E-001   1.7143E-002   1.6599E-002  -5.7677E-002   9.0764E-001   2.7752E-001   1.5853E-002  -1.1191E-002  -2.7184E-002  -2.9331E-002  -6.2539E-002   2.2890E-002  -1.5706E-002   1.5273E-001   4.7670E-001  
 1.2914E+000  -1.5309E+000   7.6299E-001   1.8236E-001  -1.5799E-001   1.1977E-001  -1.6737E-002   3.0115E-002   1.2727E-001   2.0029E-001   3.2773E-002   2.9602E-002  -4.3379E-002   9.1084E-001   2.7864E-001   2.1107E-002  -8.9730E-003  -3.8163E-002  -2.3310E-002  -6.0083E-002   1.0350E-002  -1.6714E-002   1.5441E-001   4.5924E-001  
 1.1033E+000  -1.5866E+000   3.9365E-001   1.7358E-001  -8.5678E-002   1.8929E-001  -7.2236E-003   2.3522E-002   9.6639E-002   2.3918E-001   4.0105E-002   3.7977E-002  -2.3415E-002   9.1336E-001   2.7922E-001   2.4216E-002  -4.7198E-003  -4.5374E-002  -1.7709E-002  -5.6429E-002  -2.7886E-003  -1.7149E-002   1.5523E-001   4.4289E-001  
 1.0387E+000  -1.6048E+000  -2.0095E-004   1.7023E-001   1.4711E-002   2.1663E-001  -4.0409E-004   2.0973E-002   6.8626E-002   2.6329E-001   4.1970E-002   4.0629E-002  -1.2137E-003   9.1422E-001   2.7907E-001   2.5738E-002   3.6025E-004  -4.9781E-002  -1.2785E-002  -5.2571E-002  -1.6001E-002  -1.6790E-002   1.5566E-001   4.3452E-001  
 1.1029E+000  -1.5871E+000  -3.9380E-001   1.7416E-001   1.1437E-001   1.9484E-001   6.4533E-003   2.2689E-002   4.0554E-002   2.7347E-001   3.9408E-002   3.7110E-002   2.1143E-002   9.1336E-001   2.7834E-001   2.5062E-002   5.4023E-003  -5.1755E-002  -7.8805E-003  -4.8449E-002  -2.9186E-002  -1.6499E-002   1.5540E-001   4.3746E-001  
 1.2908E+000  -1.5319E+000  -7.6250E-001   1.8306E-001   1.8454E-001   1.3086E-001   1.6304E-002   2.8807E-002   9.7800E-003   2.6907E-001   3.1941E-002   2.7935E-002   4.1454E-002   9.1082E-001   2.7706E-001   2.2333E-002   9.2775E-003  -5.1178E-002  -2.4357E-003  -4.4125E-002  -4.2217E-002  -1.6041E-002   1.5456E-001   4.5235E-001  
 1.5810E+000  -1.4371E+000  -1.0727E+000   1.8970E-001   1.9496E-001   4.7568E-002   3.0944E-002   3.8491E-002  -2.7039E-002   2.4885E-001   1.6873E-002   1.4420E-002   5.6518E-002   9.0751E-001   2.7531E-001   1.7419E-002   1.0932E-002  -4.6917E-002   3.5437E-003  -3.8969E-002  -5.4442E-002  -1.5153E-002   1.5303E-001   4.7504E-001  
 1.9445E+000  -1.2988E+000  -1.2942E+000   1.8082E-001   1.1746E-001  -1.8529E-002   5.2271E-002   5.1533E-002  -7.4285E-002   2.1223E-001  -9.1245E-003   7.7317E-006   6.1814E-002   9.0460E-001   2.7485E-001   8.7718E-003   7.2949E-003  -3.6589E-002   1.0929E-002  -3.3683E-002  -6.4080E-002  -1.5567E-002   1.5001E-001   4.8872E-001  
 2.3465E+000  -1.1111E+000  -1.3888E+000   1.3720E-001  -7.7448E-002  -1.7965E-002   8.3533E-002   6.7345E-002  -1.3846E-001   1.5793E-001  -4.9485E-002  -1.0334E-002   5.1600E-002   9.0382E-001   2.7720E-001  -5.4077E-003  -5.3578E-003  -1.8047E-002   1.9748E-002  -2.8378E-002  -6.9958E-002  -1.8140E-002   1.4531E-001   4.8753E-001  
 2.7402E+000  -8.7136E-001  -1.3095E+000   3.7097E-002  -4.1471E-001   1.0963E-001   1.2825E-001   8.4052E-002  -2.2701E-001   8.5741E-002  -1.0684E-001  -1.0298E-002   2.0338E-002   9.0655E-001   2.8434E-001  -2.5050E-002  -2.8378E-002   1.0130E-002   2.9977E-002  -2.3961E-002  -7.2151E-002  -2.0273E-002   1.3985E-001   4.6553E-001  
 1.8932E+000  -1.5671E+000  -2.3975E+000  -1.1448E+000  -2.2492E+000   8.8395E-001  -6.8445E-001  -5.5487E-001  -6.2164E-001   8.6431E-001  -3.8041E-001   1.8957E-001  -6.7909E-001   1.2663E+000   5.5346E-001  -1.2471E-001  -1.6558E-001   3.1900E-001  -7.8023E-002  -1.5736E-002   4.7565E-002  -2.0713E-002   8.4034E-002   4.6101E-001  
 2.3464E+000  -1.3927E+000   1.1094E+000   1.3723E-001   9.5645E-002  -4.1695E-002  -6.7301E-002   8.3881E-002   1.5734E-001   1.3888E-001  -4.9413E-002   1.2297E-002  -5.2226E-002   9.0387E-001   2.7736E-001  -5.4722E-003   5.3134E-003  -1.9950E-002  -1.7725E-002  -6.9831E-002   2.8438E-002  -1.8094E-002   1.4527E-001   4.8573E-001  
 2.0426E+000  -1.5746E+000   9.3869E-001   1.7531E-001  -5.0125E-002   3.1393E-002  -4.3124E-002   6.9129E-002   1.2640E-001   2.2412E-001  -1.6996E-002   2.8078E-002  -5.5608E-002   9.0179E-001   2.7802E-001   9.5800E-003  -2.7534E-003  -4.1215E-002  -1.8636E-002  -7.1759E-002   1.8760E-002  -1.5018E-002   1.4955E-001   4.8647E-001  
 1.7969E+000  -1.7013E+000   6.7530E-001   1.8861E-001  -8.7497E-002   1.2017E-001  -2.5338E-002   5.6863E-002   1.0794E-001   2.8848E-001   2.4166E-003   4.1501E-002  -4.4024E-002   9.0267E-001   2.7834E-001   1.8215E-002  -4.0528E-003  -5.5526E-002  -1.7899E-002  -7.0728E-002   7.0658E-003  -1.3892E-002   1.5212E-001   4.7158E-001  
 1.6369E+000  -1.7757E+000   3.5055E-001   1.9208E-001  -5.2926E-002   1.9022E-001  -1.2081E-002   4.9385E-002   9.5154E-002   3.3355E-001   1.2792E-002   5.0689E-002  -2.4767E-002   9.0373E-001   2.7738E-001   2.3700E-002  -2.4566E-003  -6.4408E-002  -1.7537E-002  -6.8695E-002  -6.2644E-003  -1.2897E-002   1.5359E-001   4.6156E-001  
 1.5818E+000  -1.8003E+000  -6.0967E-004   1.9261E-001   1.7762E-002   2.1823E-001  -7.4377E-004   4.6482E-002   8.5698E-002   3.5990E-001   1.5660E-002   5.3592E-002  -1.4583E-003   9.0446E-001   2.7641E-001   2.5749E-002   7.0998E-004  -6.9103E-002  -1.6254E-002  -6.5037E-002  -1.9694E-002  -1.2466E-002   1.5395E-001   4.5548E-001  
 1.6366E+000  -1.7764E+000  -3.5143E-001   1.9298E-001   8.7919E-002   1.9743E-001   1.0859E-002   4.8899E-002   7.6395E-002   3.6801E-001   1.2631E-002   5.0060E-002   2.2122E-002   9.0386E-001   2.7508E-001   2.5098E-002   3.8326E-003  -7.0599E-002  -1.4694E-002  -6.0792E-002  -3.2831E-002  -1.2040E-002   1.5379E-001   4.5680E-001  
 1.7967E+000  -1.7025E+000  -6.7516E-001   1.9034E-001   1.2085E-001   1.3464E-001   2.4916E-002   5.6328E-002   6.4018E-002   3.5747E-001   2.6445E-003   4.0447E-002   4.2239E-002   9.0267E-001   2.7285E-001   2.1060E-002   5.3199E-003  -6.8222E-002  -1.3739E-002  -5.5277E-002  -4.5609E-002  -1.2256E-002   1.5279E-001   4.5879E-001  
 2.0426E+000  -1.5762E+000  -9.3712E-001   1.7734E-001   8.0295E-002   5.3127E-002   4.3574E-002   6.8711E-002   4.5872E-002   3.2749E-001  -1.6268E-002   2.6765E-002   5.4683E-002   9.0182E-001   2.7093E-001   1.3298E-002   3.3930E-003  -6.0186E-002  -1.2568E-002  -4.9031E-002  -5.6407E-002  -1.3276E-002   1.5049E-001   4.7915E-001  
 2.3469E+000  -1.3940E+000  -1.1060E+000   1.3946E-001  -6.9857E-002  -1.1721E-002   6.8330E-002   8.4314E-002   1.6290E-002   2.7724E-001  -4.8231E-002   1.1837E-002   5.2513E-002   9.0360E-001   2.6980E-001  -8.1231E-004  -5.8303E-003  -4.4284E-002  -1.1903E-002  -4.1312E-002  -6.4260E-002  -1.6612E-002   1.4631E-001   4.8507E-001  
 2.7402E+000  -1.3139E+000   8.6975E-001   3.7167E-002   4.3278E-001  -1.6917E-001  -8.4091E-002   1.2874E-001   8.5024E-002   2.2751E-001  -1.0672E-001   1.2243E-002  -2.1060E-002   9.0657E-001   2.8446E-001  -2.8490E-002   2.4917E-002  -3.0255E-002   1.0346E-002  -7.1969E-002   2.3940E-002  -2.0251E-002   1.3987E-001   4.6387E-001  
 2.5027E+000  -1.5437E+000   7.6427E-001   1.1149E-001   1.7955E-001  -9.6005E-002  -5.6795E-002   1.1337E-001   7.5965E-002   3.2666E-001  -6.6495E-002   2.9440E-002  -3.7543E-002   8.9857E-001   2.8364E-001  -7.1777E-003   1.0744E-002  -5.7227E-002   1.1491E-003  -7.5509E-002   1.6157E-002  -1.6275E-002   1.4504E-001   4.7592E-001  
 2.3076E+000  -1.7036E+000   5.6110E-001   1.5172E-001   5.4614E-002  -6.4751E-003  -3.5419E-002   1.0144E-001   7.8412E-002   4.0141E-001  -4.0264E-002   4.5459E-002  -3.5866E-002   8.9459E-001   2.8043E-001   8.2786E-003   3.5055E-003  -7.5309E-002  -7.3161E-003  -7.8240E-002   4.8415E-003  -1.2131E-002   1.4910E-001   4.7273E-001  
 2.1787E+000  -1.7990E+000   2.9432E-001   1.7024E-001   1.6658E-002   6.3733E-002  -1.7104E-002   9.3230E-002   8.9083E-002   4.5305E-001  -2.6073E-002   5.5971E-002  -2.1387E-002   8.9354E-001   2.7721E-001   1.7006E-002   1.3461E-003  -8.6307E-002  -1.3610E-002  -7.8002E-002  -8.6101E-003  -9.5986E-003   1.5135E-001   4.7660E-001  
 2.1341E+000  -1.8305E+000  -1.0798E-003   1.7600E-001   2.2075E-002   9.2279E-002  -6.6256E-004   9.0393E-002   1.0329E-001   4.8136E-001  -2.1466E-002   5.9407E-002  -1.1496E-003   8.9316E-001   2.7412E-001   2.0571E-002   1.4070E-003  -9.1996E-002  -1.8683E-002  -7.5529E-002  -2.2337E-002  -8.2336E-003   1.5234E-001   4.7639E-001  
 2.1788E+000  -1.7994E+000  -2.9601E-001   1.7214E-001   2.7068E-002   7.2931E-002   1.6133E-002   9.3663E-002   1.1776E-001   4.8773E-001  -2.5258E-002   5.6077E-002   1.9509E-002   8.9355E-001   2.7070E-001   1.9700E-002   1.4941E-003  -9.2332E-002  -2.3463E-002  -7.0628E-002  -3.5842E-002  -8.0949E-003   1.5210E-001   4.7373E-001  
 2.3085E+000  -1.7035E+000  -5.6112E-001   1.5619E-001  -1.1786E-002   1.2591E-002   3.5664E-002   1.0332E-001   1.2984E-001   4.7130E-001  -3.7940E-002   4.6497E-002   3.5724E-002   8.9465E-001   2.6719E-001   1.4354E-002  -3.8959E-004  -8.7075E-002  -2.8373E-002  -6.3831E-002  -4.8006E-002  -8.9880E-003   1.5073E-001   4.7204E-001  
 2.5051E+000  -1.5421E+000  -7.6153E-001   1.1884E-001  -1.3814E-001  -6.6514E-002   5.8824E-002   1.1762E-001   1.3484E-001   4.3159E-001  -6.2384E-002   3.1959E-002   4.0148E-002   8.9829E-001   2.6371E-001   2.1042E-003  -7.4665E-003  -7.4486E-002  -3.4578E-002  -5.5005E-002  -5.7402E-002  -1.2222E-002   1.4757E-001   4.6984E-001  
 2.7440E+000  -1.3109E+000  -8.6434E-001   4.6050E-002  -3.9464E-001  -1.2834E-001   8.6979E-002   1.3532E-001   1.2876E-001   3.6832E-001  -1.0183E-001   1.6720E-002   2.5546E-002   9.0603E-001   2.6276E-001  -1.7769E-002  -2.2957E-002  -5.1952E-002  -4.1224E-002  -4.6260E-002  -6.2575E-002  -1.6982E-002   1.4244E-001   4.6417E-001  
 1.8806E+000  -2.4158E+000   1.5767E+000  -1.1513E+000   2.2815E+000  -9.4644E-001   5.5947E-001  -6.8865E-001   8.7233E-001   6.2631E-001  -3.8066E-001  -1.8768E-001   6.8223E-001   1.2702E+000   5.5591E-001  -1.6544E-001   1.2477E-001   7.8800E-002   3.2048E-001   4.8579E-002   1.5748E-002  -2.0602E-002   8.3372E-002   4.5697E-001  
 2.8961E+000  -1.3214E+000   5.6688E-001  -5.2889E-002   5.7090E-001  -4.3594E-001  -5.2607E-002   1.5139E-001   4.4311E-002   4.6848E-001  -1.4459E-001   3.4037E-003   2.3178E-002   9.1460E-001   3.1465E-001  -4.2792E-002   3.3405E-002  -7.3233E-002   4.5907E-002  -6.0068E-002   1.8990E-002  -1.5728E-002   1.4022E-001   4.6549E-001  
 2.7822E+000  -1.4807E+000   4.1685E-001   4.9407E-002   2.8144E-001  -3.2703E-001  -4.6033E-002   1.7243E-001   3.8662E-002   5.5186E-001  -9.8952E-002   3.5683E-002  -1.5162E-002   8.8953E-001   2.8639E-001  -1.0911E-002   1.4278E-002  -9.7080E-002   9.9723E-003  -8.0412E-002   3.0518E-003  -1.1869E-002   1.4549E-001   4.7738E-001  
 2.6873E+000  -1.5971E+000   2.2305E-001   8.8062E-002   1.2923E-001  -2.5558E-001  -2.2294E-002   1.6618E-001   7.8370E-002   6.1116E-001  -7.9099E-002   4.9674E-002  -1.1500E-002   8.8567E-001   2.7962E-001   3.4370E-003   6.9858E-003  -1.0996E-001  -5.6541E-003  -8.1896E-002  -9.6156E-003  -7.7873E-003   1.4873E-001   4.8787E-001  
 2.6549E+000  -1.6343E+000  -1.1482E-003   1.0195E-001   2.8576E-002  -2.2492E-001   3.1665E-004   1.6539E-001   1.2263E-001   6.4307E-001  -7.1697E-002   5.5807E-002   5.9903E-004   8.8489E-001   2.7324E-001   1.0406E-002   2.7627E-003  -1.1544E-001  -1.9383E-002  -8.0185E-002  -2.3295E-002  -5.3768E-003   1.5024E-001   4.9501E-001  
 2.6898E+000  -1.5938E+000  -2.2437E-001   9.4224E-002  -7.1784E-002  -2.4178E-001   2.3669E-002   1.7074E-001   1.6799E-001   6.4772E-001  -7.5698E-002   5.3242E-002   1.3795E-002   8.8606E-001   2.6715E-001   9.9315E-003  -1.2034E-003  -1.1463E-001  -3.2322E-002  -7.5402E-002  -3.6507E-002  -5.1437E-003   1.5017E-001   4.8878E-001  
 2.7876E+000  -1.4739E+000  -4.1526E-001   6.1590E-002  -2.2326E-001  -2.9936E-001   4.9427E-002   1.8179E-001   2.1083E-001   6.2469E-001  -9.2311E-002   4.2440E-002   2.0573E-002   8.8982E-001   2.6113E-001   1.1730E-003  -7.8453E-003  -1.0672E-001  -4.5782E-002  -6.7744E-002  -4.7870E-002  -7.5299E-003   1.4836E-001   4.8217E-001  
 2.9447E+000  -1.2541E+000  -5.3705E-001   8.3274E-003  -4.7096E-001  -3.5425E-001   7.8693E-002   2.1345E-001   2.5380E-001   5.9407E-001  -1.1889E-001   4.0249E-002   1.4156E-002   9.1315E-001   2.6674E-001  -1.1570E-002  -2.0449E-002  -7.9237E-002  -5.7139E-002  -4.9742E-002  -4.5098E-002  -1.2329E-002   1.4546E-001   4.7333E-001  
 2.6834E+000  -1.3878E+000  -1.0697E+000  -4.7130E-001  -1.4974E+000  -3.2234E-001  -2.4469E-001  -1.9097E-002  -3.3842E-002   8.9756E-001  -2.5335E-001   1.0352E-001  -3.3664E-001   1.2067E+000   2.6639E-001  -8.6246E-002  -9.1830E-002   1.1485E-001  -1.6479E-001   2.6458E-002   3.4378E-003  -1.8375E-002   9.9742E-002   3.7280E-001  
