 3.3165E+000   2.9507E+000  -4.4179E+000  -1.9228E-001  -6.6462E-001  -8.3303E-001  -7.3145E-001   1.1332E-001  -2.9897E-001  -7.6211E-002  -2.1885E-001   9.8689E-002  -1.7071E-001   3.7219E-002  -3.7024E-002   3.2970E-002   1.7777E-001   3.4190E-004   1.0199E-001  -1.1560E-002  -1.6048E-004  -1.7841E-002   4.7010E-002   3.5800E-001  
 3.0403E+000   3.0878E+000  -4.5640E+000  -1.0632E-002  -1.6317E-001  -6.9009E-001  -7.5685E-001   5.7658E-002  -2.7045E-001  -1.5002E-001  -1.3354E-001   1.0975E-001  -9.7840E-002   4.7145E-003  -2.1465E-002  -1.2422E-002   1.3547E-001   3.4754E-002   6.7403E-002  -6.7667E-003   3.8383E-003  -1.3955E-002   4.9514E-002   3.0625E-001  
 2.6883E+000   3.2562E+000  -4.7169E+000   3.9628E-002   8.8967E-002  -5.6263E-001  -7.3154E-001   6.7715E-002  -1.7489E-001  -2.1280E-001  -9.8732E-002   1.1011E-001  -9.5623E-002  -4.5992E-003  -1.3490E-002  -2.4923E-002   1.2737E-001   4.9378E-002   3.9626E-002  -2.3080E-003   4.1620E-003  -1.3900E-002   4.6600E-002   2.9734E-001  
 2.3793E+000   3.3459E+000  -4.9228E+000   5.5974E-002   2.3976E-001  -4.5367E-001  -7.0741E-001   7.5685E-002  -7.0161E-002  -2.4495E-001  -7.8243E-002   1.0240E-001  -1.0854E-001  -9.6259E-003  -7.4143E-003  -3.0176E-002   1.2420E-001   5.6477E-002   1.4661E-002   1.0417E-003   3.6855E-003  -1.4474E-002   4.4287E-002   2.8683E-001  
 2.1358E+000   3.3525E+000  -5.1465E+000   5.1569E-002   3.4036E-001  -3.8180E-001  -6.8464E-001   7.5117E-002   3.4750E-002  -2.4907E-001  -6.7988E-002   8.8172E-002  -1.2654E-001  -1.1448E-002  -7.4390E-004  -3.1483E-002   1.2252E-001   5.6491E-002  -9.5535E-003   3.1714E-003   1.5637E-003  -1.5194E-002   4.1991E-002   2.8086E-001  
 1.9610E+000   3.2780E+000  -5.3552E+000   2.9074E-002   4.3959E-001  -3.5386E-001  -6.5955E-001   6.5946E-002   1.3882E-001  -2.2575E-001  -6.6981E-002   6.6816E-002  -1.4463E-001  -1.0521E-002   5.7705E-003  -2.9191E-002   1.2044E-001   5.0290E-002  -3.2704E-002   3.6503E-003  -1.0665E-003  -1.5933E-002   3.9638E-002   2.6422E-001  
 1.8511E+000   3.1196E+000  -5.5150E+000  -1.3733E-002   5.8584E-001  -3.6314E-001  -6.2819E-001   4.7625E-002   2.4125E-001  -1.7343E-001  -7.5430E-002   3.8741E-002  -1.5862E-001  -7.0547E-003   1.1461E-002  -2.3236E-002   1.1675E-001   3.8089E-002  -5.4423E-002   2.6029E-003  -3.2425E-003  -1.6776E-002   3.7297E-002   2.5432E-001  
 1.7965E+000   2.8735E+000  -5.5866E+000  -8.1237E-002   8.2299E-001  -3.8817E-001  -5.8607E-001   1.8422E-002   3.3927E-001  -8.9742E-002  -9.3301E-002   6.5365E-003  -1.6444E-001  -1.7548E-003   1.5826E-002  -1.4511E-002   1.1032E-001   2.0161E-002  -7.3776E-002   9.4110E-004  -4.6856E-003  -1.7432E-002   3.5930E-002   2.3747E-001  
 1.7554E+000   2.5648E+000  -5.5392E+000  -2.0071E-001   1.2091E+000  -4.1853E-001  -5.2910E-001  -4.2562E-003   4.1741E-001   4.2171E-002  -1.3047E-001  -4.1260E-002  -1.5547E-001   2.6145E-003   2.4892E-002   8.5293E-003   1.0114E-001   1.8920E-003  -9.0780E-002  -1.4668E-003  -5.6466E-003  -1.6545E-002   3.3767E-002   1.9531E-001  
 3.1466E+000   3.1518E+000  -4.2333E+000   8.1042E-002  -1.2309E-001  -4.3990E-001  -7.7145E-001   1.0590E-001  -2.5307E-001   9.9513E-003  -1.0745E-001   1.2438E-001  -4.9873E-002   1.1714E-002  -9.0312E-003  -2.9758E-002   1.3104E-001  -1.7380E-003   5.9168E-002  -5.6341E-003  -2.2345E-003  -1.2362E-002   4.9024E-002   2.8907E-001  
 2.6954E+000   3.3644E+000  -4.3756E+000   1.3069E-001   1.2836E-001  -3.3372E-001  -7.4345E-001   1.2577E-001  -1.9104E-001  -6.8300E-002  -6.7577E-002   1.2230E-001  -4.8810E-002   3.5392E-003  -9.2775E-003  -4.1781E-002   1.2320E-001   1.8116E-002   4.2986E-002  -4.2394E-003   1.0044E-003  -1.2059E-002   4.7180E-002   2.7784E-001  
 2.2880E+000   3.5020E+000  -4.6050E+000   1.5022E-001   2.5509E-001  -2.0697E-001  -7.2274E-001   1.3824E-001  -1.2250E-001  -1.1991E-001  -4.0015E-002   1.1942E-001  -6.1444E-002  -1.7864E-003  -6.5444E-003  -4.9519E-002   1.2091E-001   2.9586E-002   2.5174E-002  -1.6187E-003   2.1011E-003  -1.2567E-002   4.4934E-002   2.7600E-001  
 1.9464E+000   3.5711E+000  -4.8860E+000   1.5137E-001   2.9678E-001  -9.5444E-002  -7.0586E-001   1.4414E-001  -4.9597E-002  -1.4707E-001  -2.2511E-002   1.1164E-001  -8.2909E-002  -4.3092E-003  -2.8533E-003  -5.3355E-002   1.2163E-001   3.4152E-002   7.4754E-003   4.1339E-004   1.3943E-003  -1.3631E-002   4.2335E-002   2.6360E-001  
 1.6905E+000   3.5745E+000  -5.1819E+000   1.4155E-001   2.9478E-001  -2.2881E-002  -6.9018E-001   1.4386E-001   2.4255E-002  -1.5052E-001  -1.3874E-002   9.7004E-002  -1.0832E-001  -4.9549E-003   5.7868E-004  -5.3884E-002   1.2344E-001   3.3313E-002  -9.1351E-003   1.4394E-003   1.6922E-004  -1.4687E-002   3.9801E-002   2.5483E-001  
 1.5241E+000   3.5139E+000  -5.4629E+000   1.2326E-001   2.9187E-001   4.0182E-003  -6.7257E-001   1.3720E-001   9.7022E-002  -1.3098E-001  -1.3094E-002   7.5165E-002  -1.3357E-001  -4.1726E-003   3.8019E-003  -5.1390E-002   1.2475E-001   2.7737E-002  -2.4682E-002   1.5511E-003  -1.3180E-003  -1.5703E-002   3.7322E-002   2.5105E-001  
 1.4426E+000   3.3870E+000  -5.6988E+000   9.3998E-002   3.3069E-001  -7.8840E-003  -6.4970E-001   1.2364E-001   1.6672E-001  -8.7371E-002  -2.0198E-002   4.6687E-002  -1.5470E-001  -1.9567E-003   6.8722E-003  -4.5855E-002   1.2406E-001   1.7546E-002  -3.9350E-002   7.1143E-004  -2.7074E-003  -1.6676E-002   3.4935E-002   2.3939E-001  
 1.4331E+000   3.1911E+000  -5.8528E+000   4.7618E-002   4.5179E-001  -3.6819E-002  -6.1791E-001   1.0248E-001   2.3023E-001  -1.8274E-002  -3.5843E-002   1.4060E-002  -1.6778E-001   2.0166E-003   9.1280E-003  -3.7540E-002   1.2006E-001   2.3636E-003  -5.2502E-002  -8.4419E-004  -3.2436E-003  -1.7494E-002   3.2578E-002   2.2360E-001  
 1.4734E+000   2.9182E+000  -5.8875E+000  -2.5796E-002   6.9340E-001  -4.7491E-002  -5.7215E-001   7.1838E-002   2.8537E-001   8.0102E-002  -6.1215E-002  -1.9505E-002  -1.6986E-001   7.5606E-003   9.6247E-003  -2.6838E-002   1.1177E-001  -1.8437E-002  -6.3197E-002  -2.3246E-003  -2.7652E-003  -1.8045E-002   3.0467E-002   2.0315E-001  
 2.8235E+000   3.2486E+000  -4.0139E+000   1.7708E-001   1.4316E-001  -2.8869E-001  -7.5250E-001   1.5974E-001  -1.6077E-001   4.6710E-002  -5.6098E-002   1.1602E-001  -1.0284E-002   7.3298E-003  -3.0991E-003  -4.8588E-002   1.1846E-001  -7.4869E-003   3.6961E-002  -3.2959E-003  -2.6357E-003  -1.0457E-002   4.7873E-002   2.5541E-001  
 2.3083E+000   3.4137E+000  -4.2260E+000   1.9597E-001   2.9454E-001  -1.8003E-001  -7.3067E-001   1.7493E-001  -1.2512E-001  -1.7571E-002  -2.1696E-002   1.1422E-001  -1.8170E-002   2.2816E-003  -3.5719E-003  -5.7416E-002   1.1513E-001   7.8872E-003   2.6520E-002  -2.2171E-003  -4.8409E-004  -1.1217E-002   4.5468E-002   2.4852E-001  
 1.8512E+000   3.5201E+000  -4.5185E+000   1.9273E-001   3.3924E-001  -5.1672E-002  -7.1550E-001   1.8493E-001  -8.1172E-002  -5.9641E-002   1.3167E-003   1.1068E-001  -3.7368E-002  -4.9351E-004  -2.5325E-003  -6.2170E-002   1.1683E-001   1.6439E-002   1.5146E-002  -9.8524E-004   3.6148E-004  -1.3211E-002   4.2490E-002   2.4182E-001  
 1.4779E+000   3.5723E+000  -4.8589E+000   1.8032E-001   3.1161E-001   6.0897E-002  -7.0424E-001   1.8964E-001  -3.2865E-002  -8.1469E-002   1.5868E-002   1.0223E-001  -6.2893E-002  -1.7025E-003  -7.4753E-004  -6.4450E-002   1.2058E-001   1.9573E-002   3.3853E-003   1.8294E-005   5.2691E-005  -1.5032E-002   3.9573E-002   2.4742E-001  
 1.2104E+000   3.5733E+000  -5.2115E+000   1.6598E-001   2.4729E-001   1.3390E-001  -6.9406E-001   1.8942E-001   1.6521E-002  -8.4150E-002   2.3205E-002   8.7212E-002  -9.1053E-002  -1.7223E-003   8.4597E-004  -6.4381E-002   1.2487E-001   1.8275E-002  -7.5459E-003   2.8195E-004  -5.5373E-004  -1.6493E-002   3.6906E-002   2.4366E-001  
 1.0527E+000   3.5247E+000  -5.5493E+000   1.5214E-001   1.8234E-001   1.6045E-001  -6.8223E-001   1.8435E-001   6.4669E-002  -6.8277E-002   2.4124E-002   6.5316E-002  -1.1879E-001  -1.0887E-003   2.1493E-003  -6.2306E-002   1.2847E-001   1.3302E-002  -1.7449E-002   1.9029E-004  -1.0731E-003  -1.7378E-002   3.4593E-002   2.3665E-001  
 9.9994E-001   3.4245E+000  -5.8447E+000   1.3622E-001   1.5265E-001   1.4755E-001  -6.6564E-001   1.7400E-001   1.0933E-001  -3.3044E-002   1.8544E-002   3.7211E-002  -1.4325E-001   2.5094E-004   3.2297E-003  -5.8231E-002   1.3023E-001   4.6943E-003  -2.6215E-002  -2.4666E-004  -1.5014E-003  -1.7758E-002   3.2442E-002   2.2137E-001  
 1.0365E+000   3.2705E+000  -6.0627E+000   1.1119E-001   1.9376E-001   1.1706E-001  -6.4099E-001   1.5783E-001   1.4716E-001   2.2890E-002   5.8069E-003   5.0792E-003  -1.6124E-001   2.5463E-003   3.8239E-003  -5.2021E-002   1.2893E-001  -7.7525E-003  -3.3497E-002  -1.0532E-003  -1.5616E-003  -1.7879E-002   3.0299E-002   2.0582E-001  
 1.1364E+000   3.0568E+000  -6.1696E+000   6.5244E-002   3.3906E-001   1.0438E-001  -6.0426E-001   1.3516E-001   1.7450E-001   1.0242E-001  -1.5944E-002  -2.8385E-002  -1.6934E-001   6.2767E-003   3.4619E-003  -4.3038E-002   1.2298E-001  -2.4925E-002  -3.9059E-002  -2.1986E-003  -9.4900E-004  -1.8233E-002   2.8192E-002   1.8636E-001  
 4.1049E+000   2.5607E+000  -3.7161E+000  -1.8997E-001  -8.9532E-001   1.8914E-001  -7.2158E-001   1.9900E-001  -5.1349E-002   2.3993E-001  -2.6378E-001   2.1697E-001  -1.0918E-001   2.2753E-002   6.2301E-002   6.5637E-003   2.2466E-001  -1.0808E-001  -2.0764E-003   1.0065E-002  -9.9435E-003  -1.8934E-002   4.3479E-002   3.7815E-001  
 3.7120E+000   2.7511E+000  -3.7012E+000   1.1726E-001  -2.5797E-001  -2.1239E-001  -8.0428E-001   1.5780E-001  -7.6008E-002   2.2458E-001  -1.2299E-001   1.2027E-001  -1.6709E-003   1.0357E-002   1.2084E-002  -3.4770E-002   1.3420E-001  -5.3541E-002   1.8508E-002   3.0660E-003  -5.9370E-003  -1.0343E-002   5.0236E-002   2.5391E-001  
 3.1094E+000   2.9846E+000  -3.6916E+000   1.9620E-001   7.5568E-002  -3.0537E-001  -7.6462E-001   1.7922E-001  -9.2005E-002   1.3175E-001  -6.2777E-002   1.0290E-001   1.4347E-002   7.5059E-003   3.6455E-003  -4.8254E-002   1.1610E-001  -2.7805E-002   2.2968E-002   9.2106E-005  -4.6579E-003  -8.9352E-003   4.8869E-002   2.3125E-001  
 2.4966E+000   3.1613E+000  -3.8442E+000   2.2065E-001   2.7288E-001  -2.6556E-001  -7.3753E-001   1.9559E-001  -8.9713E-002   6.0743E-002  -1.9913E-002   9.7648E-002   1.3522E-002   3.8071E-003  -2.7183E-004  -5.7462E-002   1.0973E-001  -9.4569E-003   2.0969E-002  -1.1174E-003  -2.2408E-003  -1.0055E-002   4.6242E-002   2.2141E-001  
 1.9224E+000   3.2858E+000  -4.1112E+000   2.1320E-001   3.5606E-001  -1.5608E-001  -7.2055E-001   2.0705E-001  -7.3990E-002   9.9621E-003   9.7768E-003   9.5878E-002   5.9004E-004   1.1882E-003  -1.1894E-003  -6.3160E-002   1.1022E-001   2.1851E-003   1.5621E-002  -9.7320E-004  -8.0748E-004  -1.2604E-002   4.2887E-002   2.1271E-001  
 1.4204E+000   3.3650E+000  -4.4533E+000   1.9123E-001   3.5270E-001  -2.6780E-002  -7.0988E-001   2.1443E-001  -4.9479E-002  -2.3118E-002   2.9473E-002   9.2155E-002  -2.0569E-002  -1.6243E-004  -6.9127E-004  -6.6016E-002   1.1458E-001   8.4283E-003   8.7536E-003  -3.6454E-004  -5.0195E-004  -1.5836E-002   3.9143E-002   2.1125E-001  
 1.0183E+000   3.4033E+000  -4.8395E+000   1.6742E-001   2.9027E-001   8.6281E-002  -7.0279E-001   2.1808E-001  -1.9965E-002  -3.9973E-002   4.1692E-002   8.3165E-002  -4.6411E-002  -6.1924E-004  -3.3078E-005  -6.7104E-002   1.2036E-001   1.0649E-002   1.4673E-003  -1.6131E-004  -5.4037E-004  -1.8343E-002   3.5906E-002   2.1123E-001  
 7.4029E-001   3.4029E+000  -5.2358E+000   1.4958E-001   1.9845E-001   1.5944E-001  -6.9678E-001   2.1806E-001   1.0651E-002  -4.1755E-002   4.7855E-002   6.7791E-002  -7.3724E-002  -5.6133E-004   6.1524E-004  -6.6942E-002   1.2623E-001   9.3668E-003  -5.4764E-003  -1.0844E-004  -6.6945E-004  -1.9702E-002   3.3479E-002   2.2501E-001  
 5.9073E-001   3.3652E+000  -5.6171E+000   1.3978E-001   1.0621E-001   1.8581E-001  -6.8936E-001   2.1441E-001   3.9865E-002  -2.9227E-002   4.8723E-002   4.5796E-002  -1.0055E-001  -1.3152E-004   1.0513E-003  -6.5432E-002   1.3147E-001   5.0783E-003  -1.1415E-002  -1.8100E-004  -7.5758E-004  -2.0203E-002   3.1687E-002   2.1983E-001  
 5.6429E-001   3.2887E+000  -5.9584E+000   1.3527E-001   4.2390E-002   1.7242E-001  -6.7756E-001   2.0670E-001   6.5241E-002  -1.7524E-003   4.4372E-002   1.7839E-002  -1.2484E-001   5.7253E-004   1.1877E-003  -6.2441E-002   1.3497E-001  -1.9490E-003  -1.5896E-002  -2.9170E-004  -7.4169E-004  -2.0113E-002   2.9962E-002   2.1004E-001  
 6.4343E-001   3.1715E+000  -6.2263E+000   1.2862E-001   3.6492E-002   1.4128E-001  -6.5836E-001   1.9465E-001   8.3357E-002   4.1914E-002   3.4009E-002  -1.3993E-002  -1.4419E-001   1.6965E-003   9.9636E-004  -5.7946E-002   1.3565E-001  -1.1805E-002  -1.8770E-002  -5.4960E-004  -6.4813E-004  -1.9585E-002   2.8172E-002   1.9249E-001  
 7.9951E-001   3.0088E+000  -6.3890E+000   1.0764E-001   1.1553E-001   1.2811E-001  -6.2794E-001   1.7771E-001   9.0176E-002   1.0421E-001   1.5844E-002  -4.7111E-002  -1.5604E-001   3.5520E-003   7.8482E-005  -5.1417E-002   1.3209E-001  -2.5239E-002  -1.9699E-002  -9.7521E-004  -2.0007E-004  -1.9113E-002   2.6249E-002   1.7087E-001  
 9.9846E-001   2.7929E+000  -6.4055E+000   5.6025E-002   3.0643E-001   1.8220E-001  -5.8115E-001   1.5471E-001   8.0512E-002   1.8860E-001  -1.2718E-002  -7.7242E-002  -1.5746E-001   6.1336E-003  -2.7066E-003  -4.2542E-002   1.2251E-001  -4.3443E-002  -1.7472E-002  -1.0151E-003   9.1142E-004  -1.8968E-002   2.4417E-002   1.5654E-001  
 1.2006E+000   2.5176E+000  -6.2248E+000  -4.3276E-002   6.2829E-001   3.6217E-001  -5.1099E-001   1.2378E-001   4.8184E-002   2.9928E-001  -5.3724E-002  -9.8540E-002  -1.4661E-001   8.0883E-003  -7.5798E-003  -3.1760E-002   1.0594E-001  -6.5860E-002  -1.0355E-002  -4.5797E-004   1.5318E-003  -1.9034E-002   2.2998E-002   1.4247E-001  
 1.3777E+000   2.1702E+000  -5.7783E+000  -2.0018E-001   1.0953E+000   7.2776E-001  -3.9719E-001   7.9359E-002  -1.9410E-002   4.4771E-001  -1.0852E-001  -1.1146E-001  -1.2648E-001   9.1116E-003  -1.1499E-002  -1.8597E-002   8.4118E-002  -8.7575E-002   1.0365E-003  -5.5615E-005   1.4971E-003  -1.5987E-002   2.3347E-002   1.2339E-001  
 4.1587E+000   2.4276E+000  -3.6281E+000   5.2745E-002  -4.3556E-001   5.3077E-002  -8.2422E-001   1.7548E-001   6.3516E-002   2.6022E-001  -1.6952E-001   1.4247E-001  -5.4251E-003  -4.6637E-004   2.8347E-002  -2.8927E-002   1.5457E-001  -7.2292E-002  -2.0291E-002   1.0290E-002  -2.9317E-003  -1.0743E-002   5.0879E-002   2.8192E-001  
 3.5471E+000   2.6407E+000  -3.4764E+000   1.8655E-001  -7.3032E-002  -2.5586E-001  -7.8459E-001   1.9055E-001   8.7393E-003   1.8132E-001  -8.8960E-002   9.7015E-002   2.4106E-002   2.9202E-003   1.0535E-002  -4.3670E-002   1.2107E-001  -4.1966E-002  -3.4020E-004   4.2714E-003  -3.0144E-003  -8.5473E-003   4.9580E-002   2.1803E-001  
 2.8809E+000   2.8107E+000  -3.5199E+000   2.3428E-001   1.5995E-001  -3.5002E-001  -7.4957E-001   2.0608E-001  -2.4147E-002   1.1208E-001  -3.4025E-002   8.0497E-002   3.1277E-002   2.9550E-003   3.4220E-003  -5.3221E-002   1.0676E-001  -2.2346E-002   8.3847E-003   1.2024E-003  -2.4388E-003  -8.0417E-003   4.7793E-002   2.1312E-001  
 2.2095E+000   2.9389E+000  -3.7194E+000   2.3215E-001   2.8886E-001  -3.1040E-001  -7.2660E-001   2.1792E-001  -3.7687E-002   5.8696E-002   4.3917E-003   7.5962E-002   2.5566E-002   1.7538E-003   3.8665E-004  -5.9133E-002   1.0417E-001  -9.0657E-003   1.0435E-002  -2.7289E-004  -1.4412E-003  -1.1090E-002   4.4162E-002   2.0693E-001  
 1.5860E+000   3.0287E+000  -4.0274E+000   2.0379E-001   3.3111E-001  -2.0068E-001  -7.1306E-001   2.2618E-001  -3.6811E-002   2.0565E-002   3.0447E-002   7.4434E-002   1.1041E-002   6.2349E-004  -3.5991E-004  -6.2312E-002   1.0758E-001  -8.4085E-004   8.7725E-003  -3.7531E-004  -7.3238E-004  -1.5568E-002   3.9544E-002   1.9731E-001  
 1.0465E+000   3.0853E+000  -4.4064E+000   1.6719E-001   3.0787E-001  -7.1098E-002  -7.0572E-001   2.3133E-001  -2.6452E-002  -3.9834E-003   4.7848E-002   7.0534E-002  -8.8756E-003   2.7652E-005  -3.0087E-004  -6.4041E-002   1.1338E-001   3.7969E-003   5.2379E-003  -2.9939E-004  -6.0693E-004  -1.9303E-002   3.5346E-002   1.8227E-001  
 6.2071E-001   3.1121E+000  -4.8266E+000   1.3484E-001   2.3969E-001   4.2292E-002  -7.0160E-001   2.3384E-001  -1.0914E-002  -1.6336E-002   5.8596E-002   6.1452E-002  -3.1797E-002  -2.5543E-004   4.9379E-005  -6.5032E-002   1.2002E-001   5.3851E-003   7.6342E-004  -2.3172E-004  -6.0108E-004  -2.1442E-002   3.2179E-002   1.8036E-001  
 3.3405E-001   3.1110E+000  -5.2547E+000   1.1445E-001   1.4930E-001   1.1553E-001  -6.9852E-001   2.3403E-001   6.1002E-003  -1.7530E-002   6.3855E-002   4.6137E-002  -5.5853E-002  -1.9288E-004   3.8609E-004  -6.5292E-002   1.2699E-001   4.2876E-003  -3.4712E-003  -1.9145E-004  -6.3339E-004  -2.2239E-002   3.0377E-002   1.8824E-001  
 1.9124E-001   3.0832E+000  -5.6678E+000   1.0800E-001   5.8673E-002   1.4177E-001  -6.9429E-001   2.3168E-001   2.1694E-002  -8.1412E-003   6.4506E-002   2.4106E-002  -7.9645E-002   8.3434E-005   5.2021E-004  -6.4402E-002   1.3361E-001   8.2331E-004  -6.7574E-003  -2.1515E-004  -6.7986E-004  -2.2264E-002   2.9506E-002   2.0006E-001  
 1.8669E-001   3.0277E+000  -6.0427E+000   1.1258E-001  -1.0440E-002   1.2816E-001  -6.8615E-001   2.2636E-001   3.2985E-002   1.2234E-002   6.0739E-002  -4.0560E-003  -1.0137E-001   4.1375E-004   3.9107E-004  -6.2027E-002   1.3852E-001  -4.6684E-003  -8.3985E-003  -2.8494E-004  -6.3801E-004  -2.2009E-002   2.8504E-002   2.0506E-001  
 3.0146E-001   2.9428E+000  -6.3473E+000   1.2042E-001  -3.5441E-002   9.6813E-002  -6.7097E-001   2.1779E-001   3.6653E-002   4.4517E-002   5.1995E-002  -3.5905E-002  -1.1929E-001   8.0931E-004  -2.1686E-005  -5.8474E-002   1.4045E-001  -1.2038E-002  -8.2165E-003  -2.7667E-004  -5.4307E-004  -2.1459E-002   2.6873E-002   1.8533E-001  
 5.0492E-001   2.8246E+000  -6.5515E+000   1.1948E-001   4.0624E-003   8.3772E-002  -6.4514E-001   2.0555E-001   2.8514E-002   9.0788E-002   3.6608E-002  -6.8904E-002  -1.3215E-001   1.3720E-003  -1.0247E-003  -5.3947E-002   1.3869E-001  -2.1923E-002  -5.7209E-003  -2.5936E-004  -3.0363E-004  -2.0312E-002   2.5082E-002   1.6312E-001  
 7.6021E-001   2.6676E+000  -6.6160E+000   9.2710E-002   1.2881E-001   1.3865E-001  -6.0390E-001   1.8901E-001   2.7466E-003   1.5354E-001   1.1756E-002  -9.9018E-002  -1.3739E-001   2.1153E-003  -3.4740E-003  -4.7716E-002   1.3124E-001  -3.5492E-002   9.5823E-005   8.8352E-005   3.3047E-004  -1.9409E-002   2.3337E-002   1.4432E-001  
 1.0221E+000   2.4674E+000  -6.4918E+000   2.0681E-002   3.5458E-001   3.2126E-001  -5.4172E-001   1.6724E-001  -4.7006E-002   2.3506E-001  -2.5522E-002  -1.1987E-001  -1.3263E-001   2.1354E-003  -8.0215E-003  -3.9557E-002   1.1613E-001  -5.2952E-002   1.0950E-002   9.9448E-004   8.0496E-004  -1.9186E-002   2.1987E-002   1.2752E-001  
 1.2569E+000   2.2131E+000  -6.1139E+000  -1.1177E-001   6.9144E-001   6.9547E-001  -4.4388E-001   1.3619E-001  -1.3143E-001   3.4447E-001  -7.5932E-002  -1.2823E-001  -1.1993E-001   4.5176E-004  -1.1878E-002  -3.1007E-002   9.5083E-002  -7.1332E-002   2.7165E-002   8.6511E-004   2.1458E-004  -1.8998E-002   2.1487E-002   1.1241E-001  
 4.0980E+000   2.2770E+000  -3.4419E+000   1.2929E-001  -2.4355E-001  -1.6309E-002  -8.1946E-001   1.9923E-001   1.3936E-001   1.8895E-001  -1.3806E-001   1.1203E-001   2.5170E-002  -7.9310E-003   1.4682E-002  -3.8386E-002   1.3746E-001  -4.6016E-002  -3.3751E-002   5.8324E-003   2.0635E-003  -9.1474E-003   5.0180E-002   2.3657E-001  
 3.4271E+000   2.4229E+000  -3.3191E+000   2.2590E-001  -1.2241E-002  -3.1791E-001  -7.7116E-001   2.1287E-001   6.7669E-002   1.2900E-001  -6.6662E-002   7.4805E-002   3.6349E-002  -1.7381E-003   7.1073E-003  -4.6779E-002   1.1170E-001  -2.9111E-002  -1.2700E-002   3.5607E-003  -3.7039E-005  -7.1521E-003   4.9148E-002   2.1805E-001  
 2.7119E+000   2.5362E+000  -3.3996E+000   2.5000E-001   1.3788E-001  -4.1270E-001  -7.3867E-001   2.2349E-001   2.2696E-002   8.1709E-002  -1.6027E-002   5.9781E-002   3.6881E-002   6.0782E-004   2.6452E-003  -5.2530E-002   1.0133E-001  -1.6490E-002  -1.1801E-003   1.3413E-003  -1.0207E-003  -8.4523E-003   4.6394E-002   2.1365E-001  
 1.9963E+000   2.6213E+000  -3.6325E+000   2.2883E-001   2.1848E-001  -3.7369E-001  -7.1890E-001   2.3120E-001  -2.0126E-003   4.5866E-002   1.9498E-002   5.5732E-002   2.9593E-002   7.2063E-004   3.5708E-004  -5.6152E-002   1.0114E-001  -7.5047E-003   3.5596E-003  -9.8057E-005  -7.7190E-004  -1.3007E-002   4.1853E-002   2.0176E-001  
 1.3357E+000   2.6808E+000  -3.9696E+000   1.8558E-001   2.4069E-001  -2.6410E-001  -7.0808E-001   2.3651E-001  -1.1539E-002   2.0060E-002   4.3489E-002   5.4416E-002   1.6376E-002   4.4171E-004  -1.0128E-004  -5.7905E-002   1.0607E-001  -2.0754E-003   4.3503E-003  -2.5083E-004  -6.8227E-004  -1.8366E-002   3.6568E-002   1.8802E-001  
 7.6815E-001   2.7181E+000  -4.3745E+000   1.3848E-001   2.1893E-001  -1.3442E-001  -7.0298E-001   2.3965E-001  -1.1047E-002   3.6224E-003   5.9482E-002   5.0334E-002  -3.5511E-005   1.0968E-004  -1.5305E-004  -5.8961E-002   1.1240E-001   1.1691E-003   2.9007E-003  -2.5220E-004  -6.4714E-004  -2.2047E-002   3.2024E-002   1.5813E-001  
 3.2450E-001   2.7357E+000  -4.8182E+000   9.9814E-002   1.6675E-001  -2.0892E-002  -7.0067E-001   2.4130E-001  -5.0532E-003  -4.5915E-003   6.9166E-002   4.1128E-002  -1.8219E-002  -5.2593E-005   1.5415E-005  -5.9790E-002   1.1943E-001   2.1530E-003   6.0138E-004  -2.4100E-004  -6.2691E-004  -2.3820E-002   2.8817E-002   1.5467E-001  
 3.1568E-002   2.7348E+000  -5.2684E+000   7.7255E-002   9.9717E-002   5.2380E-002  -6.9946E-001   2.4140E-001   2.7079E-003  -5.3929E-003   7.4138E-002   2.5825E-002  -3.7315E-002  -5.8654E-005   1.6008E-004  -6.0008E-002   1.2715E-001   1.4488E-003  -1.5804E-003  -2.2572E-004  -6.3047E-004  -2.4546E-002   2.7485E-002   1.6284E-001  
-1.0607E-001   2.7163E+000  -5.7034E+000   7.3194E-002   3.2585E-002   7.8542E-002  -6.9725E-001   2.4004E-001   9.1078E-003   8.8297E-004   7.4752E-002   3.8941E-003  -5.6372E-002   4.0244E-005   1.9370E-004  -5.9606E-002   1.3471E-001  -8.9757E-004  -3.0036E-003  -2.2588E-004  -6.3600E-004  -2.4260E-002   2.7404E-002   1.7250E-001  
-9.4371E-002   2.6793E+000  -6.1014E+000   8.5054E-002  -1.9924E-002   6.4843E-002  -6.9187E-001   2.3706E-001   1.0984E-002   1.4577E-002   7.0759E-002  -2.4277E-002  -7.4374E-002   1.6766E-004   2.4558E-005  -5.8514E-002   1.4120E-001  -4.9166E-003  -2.9559E-003  -2.3628E-004  -6.1904E-004  -2.3050E-002   2.7918E-002   1.9085E-001  
 4.7173E-002   2.6231E+000  -6.4316E+000   1.0371E-001  -4.2854E-002   3.3550E-002  -6.7962E-001   2.3153E-001   4.7380E-003   3.6095E-002   6.2844E-002  -5.6214E-002  -8.9183E-002   1.6132E-004  -3.3357E-004  -5.5878E-002   1.4411E-001  -9.9203E-003  -7.4118E-004  -2.0011E-004  -5.4919E-004  -2.2462E-002   2.6775E-002   1.8164E-001  
 2.8644E-001   2.5449E+000  -6.6650E+000   1.1712E-001  -2.2375E-002   2.0779E-002  -6.5703E-001   2.2349E-001  -1.3878E-002   6.7030E-002   4.9185E-002  -8.9177E-002  -1.0064E-001   4.3338E-005  -1.0415E-003  -5.2592E-002   1.4309E-001  -1.6493E-002   3.8314E-003  -1.2399E-004  -5.3475E-004  -2.1479E-002   2.4824E-002   1.6029E-001  
 5.8465E-001   2.4408E+000  -6.7633E+000   1.0859E-001   5.5475E-002   7.6490E-002  -6.1964E-001   2.1257E-001  -5.0855E-002   1.0914E-001   2.6913E-002  -1.1944E-001  -1.0744E-001  -4.3916E-004  -2.8072E-003  -4.8521E-002   1.3712E-001  -2.5555E-002   1.2059E-002   3.5065E-004  -3.8671E-004  -2.0052E-002   2.3126E-002   1.4447E-001  
 8.9303E-001   2.3079E+000  -6.6783E+000   5.7485E-002   2.0168E-001   2.6112E-001  -5.6243E-001   1.9827E-001  -1.1254E-001   1.6369E-001  -7.3399E-003  -1.4038E-001  -1.0753E-001  -2.2043E-003  -6.1671E-003  -4.3163E-002   1.2364E-001  -3.7429E-002   2.5709E-002   1.3166E-003  -5.6533E-004  -1.9289E-002   2.1924E-002   1.2599E-001  
 1.1709E+000   2.1404E+000  -6.3514E+000  -5.6986E-002   4.2535E-001   6.4247E-001  -4.7569E-001   1.7908E-001  -2.0879E-001   2.3463E-001  -5.6446E-002  -1.4590E-001  -1.0037E-001  -5.7621E-003  -1.0381E-002  -3.6784E-002   1.0159E-001  -5.1305E-002   4.5667E-002   1.7449E-003  -1.1410E-003  -1.9061E-002   2.1321E-002   1.1433E-001  
 4.0764E+000   2.0558E+000  -3.3187E+000   1.6555E-001  -1.5695E-001  -5.9374E-002  -8.0837E-001   2.2121E-001   1.8242E-001   1.0145E-001  -1.2370E-001   9.4454E-002   3.7245E-002  -1.2325E-002   7.3914E-003  -4.1528E-002   1.3048E-001  -2.4933E-002  -4.3448E-002   2.9700E-003   4.8360E-003  -8.1444E-003   4.9836E-002   2.2161E-001  
 3.3743E+000   2.1333E+000  -3.2227E+000   2.4669E-001  -3.6283E-002  -3.6294E-001  -7.6280E-001   2.2865E-001   1.0342E-001   7.0230E-002  -5.4588E-002   5.7393E-002   3.9412E-002  -3.9420E-003   3.3212E-003  -4.5932E-002   1.0608E-001  -1.6045E-002  -1.9924E-002   1.5243E-003   1.6881E-003  -6.2488E-003   4.8814E-002   2.2181E-001  
 2.6288E+000   2.1939E+000  -3.3260E+000   2.5652E-001   4.3607E-002  -4.5831E-001  -7.3221E-001   2.3453E-001   5.0876E-002   4.5239E-002  -6.2260E-003   4.3347E-002   3.6042E-002  -6.3529E-004   1.3547E-003  -4.8854E-002   9.8053E-002  -9.7263E-003  -6.9811E-003   6.5999E-004  -5.1901E-007  -8.7774E-003   4.5450E-002   2.1271E-001  
 1.8854E+000   2.2396E+000  -3.5791E+000   2.2345E-001   8.8878E-002  -4.1962E-001  -7.1420E-001   2.3873E-001   1.9335E-002   2.6323E-002   2.7483E-002   3.9860E-002   2.8774E-002   2.7502E-004   2.7983E-004  -5.0631E-002   9.9674E-002  -5.1246E-003  -7.7642E-004  -1.1507E-004  -5.6483E-004  -1.4617E-002   4.0117E-002   1.9573E-001  
 1.2018E+000   2.2717E+000  -3.9341E+000   1.7120E-001   1.0510E-001  -3.1031E-001  -7.0526E-001   2.4144E-001   3.5063E-003   1.2774E-002   5.0559E-002   3.8605E-002   1.8656E-002   3.0800E-004  -8.6280E-006  -5.1494E-002   1.0526E-001  -2.0101E-003   1.4923E-003  -2.2046E-004  -6.1264E-004  -2.0280E-002   3.4624E-002   1.7896E-001  
 6.1666E-001   2.2921E+000  -4.3549E+000   1.1788E-001   9.9249E-002  -1.8061E-001  -7.0122E-001   2.4313E-001  -1.9027E-003   4.1086E-003   6.5380E-002   3.4330E-002   7.0398E-003   1.4678E-004  -6.7754E-005  -5.2121E-002   1.1156E-001  -1.5993E-004   1.3954E-003  -2.3403E-004  -6.2373E-004  -2.3522E-002   2.9654E-002   1.4836E-001  
 1.6204E-001   2.3019E+000  -4.8129E+000   7.5166E-002   7.8226E-002  -6.7084E-002  -7.0014E-001   2.4399E-001  -1.5912E-003  -2.8263E-004   7.4638E-002   2.5123E-002  -5.5630E-003   2.0605E-005  -1.2632E-005  -5.2555E-002   1.1905E-001   5.1870E-004   4.4081E-004  -2.3770E-004  -6.2524E-004  -2.5291E-002   2.6615E-002   1.2884E-001  
-1.3476E-001   2.3019E+000  -5.2766E+000   5.1238E-002   4.9733E-002   6.1984E-003  -7.0003E-001   2.4405E-001   6.5379E-004  -7.8082E-004   7.9480E-002   9.8176E-003  -1.8610E-002  -3.1780E-005   3.9745E-005  -5.2667E-002   1.2723E-001   2.3247E-004  -4.2925E-004  -2.3446E-004  -6.2767E-004  -2.6022E-002   2.5634E-002   1.3833E-001  
-2.6909E-001   2.2923E+000  -5.7252E+000   4.8521E-002   2.1189E-002   3.2355E-002  -6.9891E-001   2.4336E-001   1.5396E-003   2.4460E-003   8.0230E-002  -1.2113E-002  -3.1639E-002  -5.1749E-005   3.7193E-005  -5.2464E-002   1.3527E-001  -1.0008E-003  -5.3961E-004  -2.3327E-004  -6.2826E-004  -2.5720E-002   2.5950E-002   1.5769E-001  
-2.4704E-001   2.2727E+000  -6.1375E+000   6.4477E-002   1.5066E-005   1.8658E-002  -6.9480E-001   2.4187E-001  -2.2493E-003   9.5740E-003   7.6580E-002  -4.0285E-002  -4.4185E-002  -1.1106E-004  -7.6527E-005  -5.1937E-002   1.4229E-001  -3.2140E-003   8.1216E-004  -2.3003E-004  -6.2494E-004  -2.4405E-002   2.6892E-002   1.7964E-001  
-8.9153E-002   2.2428E+000  -6.4830E+000   9.0450E-002  -6.2661E-003  -1.2478E-002  -6.8480E-001   2.3927E-001  -1.4323E-002   2.0818E-002   6.8387E-002  -7.2366E-002  -5.5301E-002  -2.9671E-004  -3.0153E-004  -5.0854E-002   1.4657E-001  -6.1525E-003   4.1390E-003  -1.8511E-004  -6.2289E-004  -2.2827E-002   2.7236E-002   1.8481E-001  
 1.7237E-001   2.2014E+000  -6.7342E+000   1.1275E-001   9.0372E-003  -2.4997E-002  -6.6423E-001   2.3507E-001  -3.9164E-002   3.6835E-002   5.5581E-002  -1.0514E-001  -6.4278E-002  -7.2258E-004  -6.7477E-004  -4.8965E-002   1.4590E-001  -9.6461E-003   9.8391E-003  -1.3683E-004  -6.5182E-004  -2.2003E-002   2.5445E-002   1.6546E-001  
 4.9744E-001   2.1463E+000  -6.8532E+000   1.1537E-001   5.3018E-002   3.1278E-002  -6.2914E-001   2.2928E-001  -8.3001E-002   5.8757E-002   3.4784E-002  -1.3554E-001  -7.1052E-002  -1.8162E-003  -1.5392E-003  -4.6721E-002   1.4071E-001  -1.4384E-002   1.9379E-002   8.1323E-005  -8.2143E-004  -2.0401E-002   2.3831E-002   1.5129E-001  
 8.3513E-001   2.0761E+000  -6.7919E+000   7.7266E-002   1.3115E-001   2.1714E-001  -5.7480E-001   2.2166E-001  -1.5198E-001   8.7149E-002   2.3820E-003  -1.5669E-001  -7.4553E-002  -4.6269E-003  -3.1996E-003  -4.3902E-002   1.2831E-001  -2.0540E-002   3.4618E-002   5.5099E-004  -1.5554E-003  -1.9267E-002   2.2835E-002   1.3861E-001  
 1.1422E+000   1.9880E+000  -6.4937E+000  -2.3789E-002   2.4815E-001   6.0141E-001  -4.9251E-001   2.1149E-001  -2.5581E-001   1.2384E-001  -4.5042E-002  -1.6177E-001  -7.4306E-002  -9.5830E-003  -5.3474E-003  -4.0490E-002   1.0672E-001  -2.7738E-002   5.6613E-002   7.1091E-004  -2.4645E-003  -1.8969E-002   2.2398E-002   1.3334E-001  
 4.1165E+000   1.7965E+000  -3.2705E+000   1.7987E-001  -1.1882E-001  -6.4330E-002  -8.0355E-001   2.3899E-001   1.9863E-001   1.2192E-002  -1.2043E-001   8.4308E-002   4.4170E-002  -1.3674E-002  -5.3639E-004  -4.2770E-002   1.2815E-001  -3.3488E-003  -4.7351E-002  -1.0213E-003   5.5382E-003  -7.7199E-003   4.9541E-002   2.2589E-001  
 3.4044E+000   1.8089E+000  -3.1844E+000   2.5595E-001  -1.0291E-001  -3.6859E-001  -7.5924E-001   2.4093E-001   1.1686E-001   8.5185E-003  -5.1794E-002   4.7232E-002   3.7814E-002  -4.6501E-003  -4.5609E-005  -4.3088E-002   1.0410E-001  -3.1955E-003  -2.3046E-002  -5.4353E-004   2.0764E-003  -5.7440E-003   4.8668E-002   2.2704E-001  
 2.6489E+000   1.8192E+000  -3.2965E+000   2.6114E-001  -8.6330E-002  -4.6425E-001  -7.2950E-001   2.4228E-001   6.1607E-002   5.8071E-003  -4.0482E-003   3.3328E-002   3.1789E-002  -1.0439E-003   8.4248E-005  -4.3590E-002   9.6704E-002  -2.6352E-003  -9.5554E-003  -2.8776E-004   2.6967E-004  -8.6422E-003   4.5124E-002   2.1515E-001  
 1.8965E+000   1.8277E+000  -3.5574E+000   2.2403E-001  -6.9284E-002  -4.2568E-001  -7.1228E-001   2.4323E-001   2.7485E-002   3.7450E-003   2.9242E-002   3.0036E-002   2.5740E-002   3.5753E-005   4.4676E-005  -4.4065E-002   9.8999E-002  -1.9118E-003  -2.8822E-003  -2.3936E-004  -4.7453E-004  -1.4970E-002   3.9576E-002   1.9548E-001  
 1.2054E+000   1.8343E+000  -3.9192E+000   1.6866E-001  -5.2127E-002  -3.1651E-001  -7.0416E-001   2.4384E-001   9.2954E-003   2.1459E-003   5.2169E-002   2.8882E-002   1.9502E-002   1.9855E-004   4.9074E-006  -4.4327E-002   1.0499E-001  -1.2119E-003   6.0844E-005  -2.4463E-004  -5.8336E-004  -2.0896E-002   3.4132E-002   1.7878E-001  
 6.1442E-001   1.8391E+000  -4.3463E+000   1.1329E-001  -3.4820E-002  -1.8681E-001  -7.0052E-001   2.4417E-001   1.6693E-003   9.5401E-004   6.6583E-002   2.4519E-002   1.3030E-002   1.1458E-004  -3.5064E-005  -4.4381E-002   1.1126E-001  -5.5167E-004   5.5525E-004  -2.4057E-004  -6.0990E-004  -2.3956E-002   2.8915E-002   1.5209E-001  
 1.5619E-001   1.8419E+000  -4.8102E+000   6.9216E-002  -1.7372E-002  -7.3293E-002  -6.9991E-001   2.4436E-001  -1.7305E-004   2.3189E-004   7.5709E-002   1.5311E-002   6.5013E-003   1.5927E-005  -3.8851E-005  -4.4410E-002   1.1891E-001  -1.4949E-004   2.1454E-004  -2.3857E-004  -6.2148E-004  -2.5734E-002   2.5863E-002   1.2820E-001  
-1.4189E-001   1.8429E+000  -5.2794E+000   4.4831E-002  -8.9298E-006  -8.8740E-006  -7.0022E-001   2.4443E-001  -2.6926E-005  -8.2688E-006   8.0507E-002   5.8012E-006   4.0937E-006  -4.5763E-005  -2.3412E-005  -4.4420E-002   1.2726E-001  -1.6520E-005  -4.9529E-005  -2.3834E-004  -6.2618E-004  -2.6467E-002   2.4989E-002   1.2578E-001  
-2.7513E-001   1.8419E+000  -5.7334E+000   4.2563E-002   1.7354E-002   2.6148E-002  -6.9951E-001   2.4436E-001  -1.2391E-003   2.2844E-004   8.1301E-002  -2.1925E-002  -6.4931E-003  -1.1051E-004  -7.8700E-006  -4.4410E-002   1.3546E-001  -1.4866E-004   4.4665E-004  -2.3928E-004  -6.2805E-004  -2.6161E-002   2.5492E-002   1.4973E-001  
-2.4965E-001   1.8391E+000  -6.1515E+000   5.9868E-002   3.4802E-002   1.2459E-002  -6.9587E-001   2.4417E-001  -7.1801E-003   9.4707E-004   7.7787E-002  -5.0098E-002  -1.3022E-002  -2.5368E-004  -1.1443E-005  -4.4381E-002   1.4265E-001  -5.4996E-004   2.4141E-003  -2.4196E-004  -6.3008E-004  -2.4833E-002   2.6659E-002   1.7363E-001  
-8.6374E-002   1.8343E+000  -6.5031E+000   8.8285E-002   5.2110E-002  -1.8576E-002  -6.8670E-001   2.4384E-001  -2.1483E-002   2.1355E-003   6.9498E-002  -8.2316E-002  -1.9494E-002  -5.4736E-004  -5.1120E-005  -4.4328E-002   1.4746E-001  -1.2094E-003   6.3840E-003  -2.4668E-004  -6.5935E-004  -2.2891E-002   2.7704E-002   1.9623E-001  
 1.8244E-001   1.8277E+000  -6.7613E+000   1.1365E-001   6.9268E-002  -3.1003E-002  -6.6695E-001   2.4323E-001  -4.8604E-002   3.7312E-003   5.6840E-002  -1.1497E-001  -2.5732E-002  -1.0680E-003  -9.0442E-005  -4.4065E-002   1.4701E-001  -1.9084E-003   1.2494E-002  -2.4204E-004  -7.1720E-004  -2.1988E-002   2.6463E-002   1.7853E-001  
 5.1627E-001   1.8192E+000  -6.8881E+000   1.2007E-001   8.6314E-002   2.5474E-002  -6.3281E-001   2.4228E-001  -9.4969E-002   5.7899E-003   3.6356E-002  -1.4535E-001  -3.1782E-002  -2.3223E-003  -1.2944E-004  -4.3590E-002   1.4210E-001  -2.6311E-003   2.2484E-002  -2.9103E-004  -9.2289E-004  -2.0286E-002   2.5280E-002   1.6742E-001  
 8.6354E-001   1.8089E+000  -6.8357E+000   8.6342E-002   1.0289E-001   2.1176E-001  -5.7961E-001   2.4093E-001  -1.6667E-001   8.4979E-003   4.4246E-003  -1.6657E-001  -3.7807E-002  -5.4350E-003   9.1311E-007  -4.3088E-002   1.3011E-001  -3.1908E-003   3.8277E-002  -5.4728E-004  -1.7620E-003  -1.9006E-002   2.4604E-002   1.6023E-001  
 1.1801E+000   1.7965E+000  -6.5481E+000  -1.0344E-002   1.1881E-001   5.9706E-001  -4.9909E-001   2.3899E-001  -2.7328E-001   1.2168E-002  -4.2684E-002  -1.7136E-001  -4.4163E-002  -1.0788E-002   4.9190E-004  -4.2770E-002   1.0850E-001  -3.3440E-003   6.0932E-002  -1.0252E-003  -2.6774E-003  -1.8798E-002   2.4308E-002   1.5322E-001  
 4.2224E+000   1.5319E+000  -3.2950E+000   1.7493E-001  -8.0199E-002  -2.4528E-002  -8.0496E-001   2.5597E-001   1.8909E-001  -7.7350E-002  -1.2764E-001   8.2033E-002   5.1139E-002  -1.2082E-002  -8.5252E-003  -4.3877E-002   1.3015E-001   1.8617E-002  -4.5597E-002  -4.8351E-003   3.9342E-003  -7.6540E-003   4.9429E-002   2.3028E-001  
 3.5217E+000   1.4792E+000  -3.2027E+000   2.5650E-001  -1.6921E-001  -3.2822E-001  -7.6038E-001   2.5252E-001   1.0901E-001  -5.3571E-002  -5.7873E-002   4.4654E-002   3.6163E-002  -4.0680E-003  -3.4861E-003  -4.0078E-002   1.0540E-001   1.0031E-002  -2.2156E-002  -2.5160E-003   1.3089E-003  -5.5273E-003   4.8767E-002   2.3006E-001  
 2.7772E+000   1.4393E+000  -3.3094E+000   2.6635E-001  -2.1605E-001  -4.2355E-001  -7.3036E-001   2.4945E-001   5.5454E-002  -3.4061E-002  -9.1042E-003   3.0458E-002   2.7386E-002  -9.3282E-004  -1.2848E-003  -3.8084E-002   9.7302E-002   4.8141E-003  -9.1700E-003  -1.2626E-003  -3.8897E-005  -7.9570E-003   4.5578E-002   2.1909E-001  
 2.0346E+000   1.4106E+000  -3.5658E+000   2.3310E-001  -2.2730E-001  -3.8488E-001  -7.1292E-001   2.4723E-001   2.3063E-002  -1.9325E-002   2.5031E-002   2.6815E-002   2.2538E-002   2.3593E-005  -2.6315E-004  -3.7278E-002   9.9090E-002   1.6511E-003  -2.7224E-003  -3.7552E-004  -5.4032E-004  -1.3968E-002   4.0396E-002   1.9818E-001  
 1.3517E+000   1.3916E+000  -3.9240E+000   1.8057E-001  -2.0927E-001  -2.7558E-001  -7.0450E-001   2.4583E-001   6.3496E-003  -8.9814E-003   4.8498E-002   2.5568E-002   2.0255E-002   1.1110E-004  -5.1056E-005  -3.7038E-002   1.0504E-001  -8.2888E-005  -1.0104E-004  -2.6177E-004  -6.0529E-004  -1.9994E-002   3.5111E-002   1.8169E-001  
 7.6696E-001   1.3807E+000  -4.3481E+000   1.2717E-001  -1.6885E-001  -1.4590E-001  -7.0078E-001   2.4485E-001  -3.4222E-006  -2.6786E-003   6.3433E-002   2.1332E-002   1.9008E-002   3.7605E-005  -4.0329E-005  -3.6589E-002   1.1150E-001  -6.7882E-004   3.2986E-004  -2.4423E-004  -6.2016E-004  -2.3370E-002   3.0065E-002   1.6066E-001  
 3.1254E-001   1.3766E+000  -4.8096E+000   8.4466E-002  -1.1295E-001  -3.2372E-002  -6.9992E-001   2.4438E-001  -6.4494E-004   2.6890E-004   7.2689E-002   1.2125E-002   1.8560E-002  -2.9739E-005  -8.3820E-005  -3.6214E-002   1.1902E-001  -5.5292E-004  -8.9866E-005  -2.3800E-004  -6.2219E-004  -2.5142E-002   2.6812E-002   1.3559E-001  
 1.5808E-002   1.3786E+000  -5.2766E+000   6.0541E-002  -4.9751E-002   4.0911E-002  -7.0003E-001   2.4445E-001   6.5162E-004   2.8707E-004   7.7531E-002  -3.1807E-003   1.8618E-002  -6.2828E-005  -8.6478E-005  -3.6121E-002   1.2723E-001  -4.6648E-007  -4.2905E-004  -2.4107E-004  -6.2699E-004  -2.5874E-002   2.5764E-002   1.2219E-001  
-1.1859E-001   1.3863E+000  -5.7286E+000   5.7822E-002   1.3502E-002   6.7067E-002  -6.9913E-001   2.4501E-001   5.8900E-004  -2.4666E-003   7.8280E-002  -2.5111E-002   1.8659E-002  -1.0208E-004  -3.4062E-005  -3.6305E-002   1.3530E-001   9.6825E-004  -8.5025E-006  -2.4381E-004  -6.2994E-004  -2.5571E-002   2.6200E-002   1.4575E-001  
-9.6735E-002   1.4001E+000  -6.1442E+000   7.3769E-002   6.9555E-002   5.3368E-002  -6.9524E-001   2.4611E-001  -4.1530E-003  -8.1579E-003   7.4633E-002  -5.3283E-002   1.8153E-002  -2.2017E-004   9.1640E-005  -3.6773E-002   1.4235E-001   2.3786E-003   1.8781E-003  -2.5101E-004  -6.2715E-004  -2.4253E-002   2.7430E-002   1.6861E-001  
 6.0765E-002   1.4205E+000  -6.4931E+000   9.9819E-002   1.1040E-001   2.2248E-002  -6.8555E-001   2.4800E-001  -1.7170E-002  -1.7046E-002   6.6325E-002  -8.5402E-002   1.6406E-002  -4.9350E-004   2.6882E-004  -3.7679E-002   1.4679E-001   4.0646E-003   5.7327E-003  -3.0119E-004  -6.2891E-004  -2.2541E-002   2.8474E-002   1.9683E-001  
 3.2163E-001   1.4487E+000  -6.7476E+000   1.2239E-001   1.2935E-001   9.7479E-003  -6.6551E-001   2.5089E-001  -4.2897E-002  -2.9865E-002   5.3128E-002  -1.1818E-001   1.2981E-002  -9.7392E-004   5.6664E-004  -3.8945E-002   1.4649E-001   6.1793E-003   1.1786E-002  -3.5911E-004  -6.7500E-004  -2.1355E-002   2.8002E-002   1.9705E-001  
 6.4586E-001   1.4869E+000  -6.8698E+000   1.2521E-001   1.1939E-001   6.6032E-002  -6.3099E-001   2.5471E-001  -8.7583E-002  -4.7613E-002   3.1906E-002  -1.4843E-001   7.6394E-003  -2.1137E-003   1.3789E-003  -4.0218E-002   1.4146E-001   9.4799E-003   2.1569E-002  -6.9047E-004  -7.8176E-004  -1.9580E-002   2.7454E-002   1.8874E-001  
 9.8255E-001   1.5364E+000  -6.8119E+000   8.7077E-002   7.4315E-002   2.5186E-001  -5.7723E-001   2.5951E-001  -1.5757E-001  -7.0531E-002  -9.0256E-004  -1.6943E-001  -1.0074E-003  -4.7529E-003   3.2752E-003  -4.2109E-002   1.2900E-001   1.4535E-002   3.6851E-002  -1.5502E-003  -1.1750E-003  -1.8545E-002   2.7034E-002   1.8043E-001  
 1.2882E+000   1.5997E+000  -6.5174E+000  -1.4412E-002  -1.1026E-002   6.3625E-001  -4.9591E-001   2.6568E-001  -2.6249E-001  -9.9788E-002  -4.8977E-002  -1.7419E-001  -1.4063E-002  -9.3403E-003   6.3921E-003  -4.4915E-002   1.0705E-001   2.1431E-002   5.8762E-002  -2.5838E-003  -1.5616E-003  -1.8478E-002   2.6878E-002   1.7701E-001  
 4.3902E+000   1.2947E+000  -3.3942E+000   1.4790E-001   7.9966E-003   5.3337E-002  -8.1244E-001   2.7540E-001   1.5304E-001  -1.6565E-001  -1.4621E-001   8.7121E-002   6.3604E-002  -7.2138E-003  -1.5956E-002  -4.6842E-002   1.3689E-001   4.0848E-002  -3.7669E-002  -7.0986E-003   3.6682E-004  -8.1633E-003   4.9419E-002   2.3018E-001  
 3.7222E+000   1.1739E+000  -3.2790E+000   2.4553E-001  -1.9225E-001  -2.4841E-001  -7.6607E-001   2.6622E-001   7.8973E-002  -1.1346E-001  -7.3577E-002   4.9407E-002   3.9114E-002  -1.8345E-003  -7.4841E-003  -3.8742E-002   1.1042E-001   2.4159E-002  -1.6889E-002  -4.3026E-003  -8.1639E-004  -5.7211E-003   4.8977E-002   2.2870E-001  
 3.0091E+000   1.0813E+000  -3.3663E+000   2.6972E-001  -3.0960E-001  -3.4316E-001  -7.3485E-001   2.5863E-001   3.1928E-002  -7.1812E-002  -2.2037E-002   3.4133E-002   2.6183E-002   1.8587E-004  -2.8173E-003  -3.3720E-002   9.9955E-002   1.2625E-002  -5.2766E-003  -1.8932E-003  -1.2399E-003  -6.8653E-003   4.6645E-002   2.2387E-001  
 2.2951E+000   1.0132E+000  -3.6059E+000   2.4836E-001  -3.5642E-001  -3.0415E-001  -7.1621E-001   2.5312E-001   5.4002E-003  -4.0322E-002   1.4301E-002   2.9789E-002   2.1177E-002   3.0188E-004  -5.1838E-004  -3.0960E-002   9.9893E-002   5.0103E-003  -6.5306E-005  -4.0423E-004  -7.6158E-004  -1.1517E-002   4.2480E-002   2.0620E-001  
 1.6358E+000   9.6675E-001  -3.9494E+000   2.0464E-001  -3.4453E-001  -1.9455E-001  -7.0634E-001   2.4936E-001  -5.9117E-003  -1.7759E-002   3.8993E-002   2.8378E-002   2.2116E-002   1.4975E-004  -1.2268E-004  -3.0025E-002   1.0537E-001   9.7076E-004   1.3933E-003  -2.3677E-004  -6.6055E-004  -1.7425E-002   3.7440E-002   1.9103E-001  
 1.0692E+000   9.3873E-001  -4.3609E+000   1.5712E-001  -2.8842E-001  -6.4860E-002  -7.0208E-001   2.4726E-001  -7.2467E-003  -3.6384E-003   5.5549E-002   2.4289E-002   2.6020E-002  -6.4126E-005  -7.0778E-005  -2.9561E-002   1.1225E-001  -1.1896E-003   7.7493E-004  -2.1781E-004  -6.3484E-004  -2.1700E-002   3.3184E-002   1.7286E-001  
 6.2599E-001   9.2693E-001  -4.8114E+000   1.1845E-001  -2.0142E-001   4.8668E-002  -7.0023E-001   2.4602E-001  -3.1579E-003   3.1382E-003   6.5261E-002   1.5082E-002   3.1195E-002  -1.1382E-004  -1.6970E-004  -2.8818E-002   1.1936E-001  -1.3826E-003  -4.6548E-004  -2.2936E-004  -6.1907E-004  -2.3515E-002   2.9696E-002   1.5015E-001  
 3.3319E-001   9.2968E-001  -5.2684E+000   9.5900E-002  -9.9735E-002   1.2194E-001  -6.9946E-001   2.4605E-001   2.7035E-003   3.4602E-003   7.0231E-002  -2.2233E-004   3.7323E-002  -8.0580E-005  -2.0669E-004  -2.8619E-002   1.2715E-001  -4.1171E-004  -1.5800E-003  -2.4595E-004  -6.2906E-004  -2.4243E-002   2.8270E-002   1.4177E-001  
 1.9543E-001   9.4634E-001  -5.7102E+000   9.1834E-002   2.0540E-003   1.4810E-001  -6.9769E-001   2.4728E-001   7.2038E-003  -2.3432E-003   7.0846E-002  -2.2152E-002   4.3412E-002  -2.0900E-005  -1.3247E-004  -2.9002E-002   1.3478E-001   1.6696E-003  -1.9358E-003  -2.4584E-004  -6.4106E-004  -2.3954E-002   2.8408E-002   1.5993E-001  
 2.0671E-001   9.7760E-001  -6.1150E+000   1.0370E-001   8.9379E-002   1.3440E-001  -6.9278E-001   2.4985E-001   7.1747E-003  -1.4607E-002   6.6827E-002  -5.0322E-002   4.8405E-002  -6.0238E-006   1.0654E-004  -3.0008E-002   1.4135E-001   4.8995E-003  -8.2933E-004  -2.3649E-004  -6.2861E-004  -2.2703E-002   2.9501E-002   1.8139E-001  
 3.4732E-001   1.0244E+000  -6.4518E+000   1.2277E-001   1.4667E-001   1.0311E-001  -6.8136E-001   2.5434E-001  -8.9755E-004  -3.3814E-002   5.8348E-002  -8.2252E-002   5.0706E-002  -1.3055E-004   4.6541E-004  -3.2052E-002   1.4481E-001   8.8207E-003   2.2168E-003  -2.9158E-004  -5.6825E-004  -2.1520E-002   3.0195E-002   2.0874E-001  
 5.8528E-001   1.0895E+000  -6.6916E+000   1.3665E-001   1.6028E-001   9.0319E-002  -6.5973E-001   2.6083E-001  -2.1299E-002  -6.1513E-002   4.3988E-002  -1.1512E-001   4.9886E-002  -3.7534E-004   1.1116E-003  -3.4520E-002   1.4434E-001   1.4005E-002   7.4575E-003  -3.8377E-004  -5.4247E-004  -1.9988E-002   3.0314E-002   2.1524E-001  
 8.8183E-001   1.1768E+000  -6.7966E+000   1.2832E-001   1.1622E-001   1.4604E-001  -6.2345E-001   2.6955E-001  -6.0096E-002  -9.9277E-002   2.0904E-002  -1.4509E-001   4.4387E-002  -8.6102E-004   2.8891E-003  -3.7729E-002   1.3850E-001   2.1699E-002   1.6157E-002  -9.0926E-004  -1.6497E-004  -1.8465E-002   3.0221E-002   2.0832E-001  
 1.1881E+000   1.2889E+000  -6.7184E+000   7.7113E-002   2.7856E-003   3.3061E-001  -5.6752E-001   2.8081E-001  -1.2385E-001  -1.4820E-001  -1.4253E-002  -1.6577E-001   3.2082E-002  -2.3007E-003   6.4546E-003  -4.2358E-002   1.2492E-001   3.2486E-002   2.9900E-002  -2.0659E-003   2.1631E-004  -1.7857E-002   3.0038E-002   2.0590E-001  
 1.4631E+000   1.4313E+000  -6.3991E+000  -3.8378E-002  -1.8982E-001   7.1211E-001  -4.8271E-001   2.9556E-001  -2.2248E-001  -2.1137E-001  -6.4593E-002  -1.7081E-001   1.1609E-002  -5.0447E-003   1.1566E-002  -4.8444E-002   1.0216E-001   4.6146E-002   4.9586E-002  -3.0186E-003   5.5774E-004  -1.8076E-002   2.9901E-002   1.9944E-001  
 4.5928E+000   1.1156E+000  -3.5532E+000   7.7285E-002   2.0532E-001   1.5856E-001  -8.1042E-001   2.9325E-001   8.4441E-002  -2.3596E-001  -1.8360E-001   1.0649E-001   9.7071E-002   1.5911E-003  -3.0948E-002  -5.6899E-002   1.5535E-001   7.0123E-002  -2.5375E-002  -1.0955E-002  -5.6213E-003  -9.5427E-003   4.9122E-002   2.3164E-001  
 3.9877E+000   9.2971E-001  -3.4159E+000   2.1554E-001  -1.2949E-001  -1.5221E-001  -7.7646E-001   2.8466E-001   2.6121E-002  -1.6754E-001  -1.0004E-001   5.9225E-002   5.1528E-002   3.2285E-003  -1.1079E-002  -4.1261E-002   1.1960E-001   3.8657E-002  -5.8211E-003  -4.4292E-003  -4.1621E-003  -6.6563E-003   4.9195E-002   2.3207E-001  
 3.3249E+000   7.8078E-001  -3.4699E+000   2.6387E-001  -3.3042E-001  -2.4630E-001  -7.4361E-001   2.7273E-001  -1.0101E-002  -1.0433E-001  -4.3623E-002   4.2394E-002   3.1367E-002   2.6241E-003  -3.7443E-003  -3.1984E-002   1.0487E-001   1.9915E-002   2.9302E-003  -1.4254E-003  -2.7917E-003  -5.7197E-003   4.8211E-002   2.2847E-001  
 2.6560E+000   6.6963E-001  -3.6795E+000   2.6167E-001  -4.2591E-001  -2.0659E-001  -7.2227E-001   2.6342E-001  -2.6600E-002  -5.5397E-002  -4.0639E-003   3.7608E-002   2.4575E-002   1.3372E-003  -7.8298E-004  -2.6699E-002   1.0236E-001   7.9669E-003   5.5489E-003  -1.4261E-004  -1.5380E-003  -8.6585E-003   4.5184E-002   2.1439E-001  
 2.0344E+000   5.9285E-001  -3.9974E+000   2.3289E-001  -4.3435E-001  -9.6828E-002  -7.1013E-001   2.5695E-001  -2.8500E-002  -2.0613E-002   2.2930E-002   3.5916E-002   2.6756E-002   3.2470E-004  -2.3911E-005  -2.4269E-002   1.0624E-001   1.0332E-003   4.8608E-003  -8.9485E-005  -7.2632E-004  -1.3516E-002   4.0993E-002   1.9749E-001  
 1.4963E+000   5.4548E-001  -4.3863E+000   1.9577E-001  -3.7695E-001   3.2806E-002  -7.0398E-001   2.5308E-001  -2.0889E-002   1.6013E-003   4.1097E-002   3.1915E-002   3.4301E-002  -1.0286E-004  -2.6699E-005  -2.3289E-002   1.1267E-001  -2.5385E-003   2.4974E-003  -1.7097E-004  -5.9740E-004  -1.7878E-002   3.7121E-002   1.8967E-001  
 1.0714E+000   5.2421E-001  -4.8165E+000   1.6302E-001  -2.7421E-001   1.4626E-001  -7.0085E-001   2.5139E-001  -8.1248E-003   1.2542E-002   5.2379E-002   2.2714E-002   4.4599E-002  -2.6932E-004  -2.5999E-004  -2.2874E-002   1.1979E-001  -3.4202E-003  -6.8378E-004  -2.3149E-004  -5.9916E-004  -2.0557E-002   3.4226E-002   1.7961E-001  
 7.8498E-001   5.2712E-001  -5.2547E+000   1.4250E-001  -1.4932E-001   2.1953E-001  -6.9852E-001   2.5149E-001   6.0936E-003   1.3253E-002   5.7812E-002   7.3198E-003   5.5861E-002  -1.5626E-004  -4.3252E-004  -2.2828E-002   1.2699E-001  -2.0381E-003  -3.4705E-003  -2.6754E-004  -6.3130E-004  -2.1548E-002   3.2580E-002   1.6559E-001  
 6.4189E-001   5.5312E-001  -5.6778E+000   1.3618E-001  -2.4182E-002   2.4574E-001  -6.9505E-001   2.5355E-001   1.8891E-002   4.3406E-003   5.8289E-002  -1.4632E-002   6.6859E-002   6.9616E-005  -4.0229E-004  -2.3504E-002   1.3383E-001   1.1432E-003  -5.3088E-003  -2.4944E-004  -6.7766E-004  -2.1380E-002   3.2272E-002   1.7790E-001  
 6.3648E-001   6.0313E-001  -6.0628E+000   1.4116E-001   7.9490E-002   2.3206E-001  -6.8788E-001   2.5806E-001   2.7409E-002  -1.4630E-002   5.3989E-002  -4.2675E-002   7.5958E-002   2.8332E-004  -1.5579E-004  -2.5304E-002   1.3923E-001   5.9301E-003  -5.6565E-003  -1.8824E-004  -6.4351E-004  -2.0583E-002   3.2732E-002   2.0428E-001  
 7.4986E-001   6.7879E-001  -6.3773E+000   1.4952E-001   1.3864E-001   2.0066E-001  -6.7390E-001   2.6534E-001   2.8330E-002  -4.4586E-002   4.4479E-002  -7.4422E-002   8.1509E-002   5.1058E-004   3.1394E-004  -2.8107E-002   1.4179E-001   1.2236E-002  -4.3030E-003  -1.9241E-004  -5.4518E-004  -1.9407E-002   3.3186E-002   2.2511E-001  
 9.5138E-001   7.8392E-001  -6.5914E+000   1.4900E-001   1.3296E-001   1.8758E-001  -6.4946E-001   2.7580E-001   1.7414E-002  -8.7517E-002   2.8153E-002  -1.0726E-001   8.2020E-002   9.5546E-004   1.3304E-003  -3.1886E-002   1.4051E-001   2.0831E-002  -8.3267E-004  -1.6185E-004  -2.0303E-004  -1.7881E-002   3.3555E-002   2.3567E-001  
 1.2042E+000   9.2397E-001  -6.6660E+000   1.2230E-001   4.1634E-002   2.4237E-001  -6.0987E-001   2.8981E-001  -1.1312E-002  -1.4582E-001   2.1594E-003  -1.3712E-001   7.4760E-002   1.7846E-003   3.7065E-003  -3.7490E-002   1.3312E-001   3.3068E-002   5.5523E-003  -3.1802E-004   6.8709E-004  -1.7086E-002   3.3460E-002   2.2627E-001  
 1.4628E+000   1.1031E+000  -6.5523E+000   4.9670E-002  -1.5209E-001   4.2491E-001  -5.4985E-001   3.0797E-001  -6.4400E-002  -2.2132E-001  -3.6600E-002  -1.5766E-001   5.7010E-002   2.4449E-003   8.4791E-003  -4.5376E-002   1.1760E-001   4.9653E-002   1.6432E-002  -1.1609E-003   1.9578E-003  -1.7295E-002   3.3228E-002   2.3042E-001  
 1.6910E+000   1.3301E+000  -6.1888E+000  -8.7233E-002  -4.6124E-001   8.0095E-001  -4.5767E-001   3.3254E-001  -1.5238E-001  -3.2027E-001  -9.0016E-002  -1.6421E-001   2.8291E-002   2.5163E-003   1.4388E-002  -5.4821E-002   9.4302E-002   6.9174E-002   3.2247E-002  -1.5333E-003   2.9099E-003  -1.7797E-002   3.3847E-002   2.2119E-001  
 4.6477E+000   9.1374E-001  -3.5787E+000  -1.8827E-001   7.0706E-001   3.3520E-001  -6.7942E-001   2.4054E-001  -1.0464E-002  -1.9714E-001  -2.9483E-001   1.6858E-001   2.2348E-001   3.4593E-002  -6.7717E-002  -1.0394E-001   2.3333E-001   1.1218E-001  -1.6604E-003  -9.1657E-003  -1.3478E-002  -1.9399E-002   3.6573E-002   3.0067E-001  
 4.2961E+000   7.8182E-001  -3.6197E+000   1.5457E-001   5.8878E-002  -7.5395E-002  -7.9238E-001   3.1121E-001  -5.1638E-002  -2.1321E-001  -1.3912E-001   7.0051E-002   7.8391E-002   1.1516E-002  -1.2377E-002  -4.9983E-002   1.3317E-001   5.2157E-002   1.2690E-002  -2.2469E-003  -7.0611E-003  -8.3427E-003   4.9509E-002   2.2838E-001  
 3.6984E+000   5.7024E-001  -3.6246E+000   2.3523E-001  -2.4392E-001  -1.6814E-001  -7.5603E-001   2.9438E-001  -7.2664E-002  -1.2691E-001  -7.6795E-002   5.2496E-002   4.8375E-002   7.5672E-003  -3.9332E-003  -3.6029E-002   1.1417E-001   2.7091E-002   1.6882E-002   2.3832E-004  -4.9879E-003  -6.2187E-003   4.9233E-002   2.2814E-001  
 3.0890E+000   4.1082E-001  -3.7909E+000   2.6011E-001  -4.0850E-001  -1.2812E-001  -7.3129E-001   2.8106E-001  -7.4630E-002  -6.0567E-002  -3.2394E-002   4.7121E-002   3.6238E-002   3.5834E-003  -1.2336E-004  -2.6947E-002   1.0762E-001   9.9053E-003   1.5453E-002   1.0613E-003  -2.2317E-003  -6.8924E-003   4.7559E-002   2.1877E-001  
 2.5174E+000   2.9951E-001  -4.0713E+000   2.5252E-001  -4.5834E-001  -1.8484E-002  -7.1623E-001   2.7179E-001  -6.2856E-002  -1.3176E-002  -1.4648E-003   4.5310E-002   3.6622E-002   1.0126E-003   7.2090E-004  -2.1614E-002   1.0841E-001  -5.4194E-004   1.1127E-002   6.8857E-004  -7.5969E-004  -9.3855E-003   4.5026E-002   2.0948E-001  
 2.0173E+000   2.2957E-001  -4.4267E+000   2.3022E-001  -4.2119E-001   1.1092E-001  -7.0719E-001   2.6588E-001  -4.2137E-002   1.7544E-002   1.9115E-002   4.1570E-002   4.5379E-002  -2.2766E-004   2.8106E-004  -1.9240E-002   1.1333E-001  -5.8509E-003   5.6133E-003  -6.2265E-005  -4.5625E-004  -1.2882E-002   4.1953E-002   2.0264E-001  
 1.6163E+000   1.9680E-001  -4.8262E+000   2.0606E-001  -3.2448E-001   2.2403E-001  -7.0151E-001   2.6310E-001  -1.6320E-002   3.3014E-002   3.1889E-002   3.2548E-002   5.8814E-002  -5.6792E-004  -2.0492E-004  -1.8619E-002   1.1978E-001  -7.4874E-003  -1.1266E-004  -2.9126E-004  -5.1360E-004  -1.5768E-002   3.9345E-002   1.9438E-001  
 1.3386E+000   1.9903E-001  -5.2358E+000   1.8811E-001  -1.9847E-001   2.9721E-001  -6.9678E-001   2.6339E-001   1.0642E-002   3.4341E-002   3.8228E-002   1.7170E-002   7.3732E-002  -4.7146E-004  -6.6135E-004  -1.8932E-002   1.2623E-001  -6.0129E-003  -5.4755E-003  -3.5125E-004  -6.6677E-004  -1.7257E-002   3.7724E-002   1.9494E-001  
 1.1887E+000   2.3492E-001  -5.6304E+000   1.7842E-001  -7.2044E-002   3.2356E-001  -6.9063E-001   2.6677E-001   3.6202E-002   2.2261E-002   3.8920E-002  -4.8207E-003   8.8167E-002  -8.0246E-005  -9.0538E-004  -2.0291E-002   1.3205E-001  -1.9149E-003  -9.8329E-003  -2.7306E-004  -7.7901E-004  -1.7629E-002   3.7108E-002   2.0312E-001  
 1.1612E+000   3.0589E-001  -5.9850E+000   1.7426E-001   2.6059E-002   3.1012E-001  -6.8025E-001   2.7360E-001   5.7881E-002  -3.8355E-003   3.4014E-002  -3.2746E-002   1.0005E-001   5.0726E-004  -8.6919E-004  -2.2815E-002   1.3621E-001   4.5296E-003  -1.2753E-002  -1.3812E-004  -7.8215E-004  -1.7160E-002   3.7086E-002   2.2491E-001  
 1.2385E+000   4.1379E-001  -6.2661E+000   1.6795E-001   6.5754E-002   2.7888E-001  -6.6268E-001   2.8419E-001   7.2206E-002  -4.5149E-002   2.2768E-002  -6.4561E-002   1.0700E-001   1.5209E-003  -6.1886E-004  -2.6829E-002   1.3746E-001   1.3453E-002  -1.4274E-002   2.6055E-004  -6.9077E-004  -1.6366E-002   3.7239E-002   2.4056E-001  
 1.3919E+000   5.6331E-001  -6.4422E+000   1.4709E-001   2.0048E-002   2.6554E-001  -6.3419E-001   2.9894E-001   7.5076E-002  -1.0406E-001   3.3640E-003  -9.7637E-002   1.0629E-001   3.3283E-003   2.2647E-004  -3.2993E-002   1.3420E-001   2.5694E-002  -1.4180E-002   9.1356E-004  -2.0424E-004  -1.5951E-002   3.7139E-002   2.4919E-001  
 1.5874E+000   7.6192E-001  -6.4724E+000   9.5060E-002  -1.3812E-001   3.1943E-001  -5.8974E-001   3.1890E-001   6.1153E-002  -1.8379E-001  -2.6735E-002  -1.2764E-001   9.4756E-002   6.1951E-003   2.9046E-003  -4.1742E-002   1.2444E-001   4.2736E-002  -1.1383E-002   1.3392E-003   1.2461E-003  -1.6251E-002   3.6783E-002   2.4155E-001  
 1.7847E+000   1.0154E+000  -6.3063E+000  -5.9704E-003  -4.2923E-001   4.9916E-001  -5.2288E-001   3.4523E-001   2.3795E-002  -2.8795E-001  -6.9858E-002  -1.4876E-001   6.9908E-002   9.2481E-003   7.7828E-003  -5.2994E-002   1.0697E-001   6.4485E-002  -4.5354E-003   1.2706E-003   2.6601E-003  -1.7033E-002   3.6441E-002   2.4633E-001  
 1.9213E+000   1.3047E+000  -5.9146E+000  -1.9810E-001  -9.0637E-001   8.7329E-001  -4.3903E-001   3.6034E-001  -6.0416E-002  -4.0553E-001  -1.3952E-001  -1.5994E-001   1.2328E-002   2.0878E-002   1.6554E-002  -7.8769E-002   7.5478E-002   9.1635E-002   6.1890E-004   1.0197E-003   4.9770E-003  -1.6453E-002   3.6981E-002   2.1582E-001  
 3.5604E+000   2.7602E-001  -3.9470E+000   2.2601E-001  -2.7654E-001  -1.1847E-001  -7.4393E-001   3.1004E-001  -1.4105E-001  -5.0723E-002  -7.3569E-002   5.3152E-002   6.0248E-002   7.4238E-003   3.0887E-003  -3.4697E-002   1.1647E-001   9.4208E-003   3.1483E-002   3.7052E-003  -2.1967E-003  -6.9527E-003   4.9306E-002   2.2281E-001  
 3.0486E+000   1.2444E-001  -4.1760E+000   2.4539E-001  -3.9538E-001  -9.4433E-003  -7.2471E-001   2.9754E-001  -1.1074E-001   1.0069E-002  -3.7673E-002   5.1566E-002   5.5215E-002   2.1927E-003   3.3047E-003  -2.5656E-002   1.1320E-001  -4.9248E-003   2.1918E-002   2.0727E-003  -4.1737E-005  -7.2494E-003   4.8107E-002   2.1757E-001  
 2.5938E+000   2.7561E-002  -4.4852E+000   2.4209E-001  -4.0677E-001   1.1909E-001  -7.1169E-001   2.8922E-001  -7.1658E-002   4.9760E-002  -1.3667E-002   4.8115E-002   6.2001E-002  -5.0477E-004   2.3046E-003  -2.1063E-002   1.1543E-001  -1.2647E-002   1.1972E-002   6.0903E-004   7.4868E-004  -9.1595E-003   4.6165E-002   2.1279E-001  
 2.2219E+000  -1.8997E-002  -4.8423E+000   2.2958E-001  -3.4537E-001   2.3179E-001  -7.0240E-001   2.8557E-001  -2.8178E-002   7.0192E-002   1.5571E-003   3.9784E-002   7.5122E-002  -1.6610E-003   5.8404E-004  -1.8898E-002   1.1983E-001  -1.5252E-002   1.7557E-003  -5.9105E-004   2.7716E-004  -1.0980E-002   4.4399E-002   2.0729E-001  
 1.9548E+000  -1.8156E-002  -5.2115E+000   2.1522E-001  -2.4731E-001   3.0484E-001  -6.9406E-001   2.8612E-001   1.6510E-002   7.2435E-002   9.1035E-003   2.4833E-002   9.1061E-002  -1.6446E-003  -8.9172E-004  -1.8984E-002   1.2487E-001  -1.3768E-002  -7.5444E-003  -9.1085E-004  -5.5047E-004  -1.2436E-002   4.3005E-002   2.1209E-001  
 1.7967E+000   2.8574E-002  -5.5659E+000   2.0141E-001  -1.4862E-001   3.3135E-001  -6.8406E-001   2.9086E-001   5.9961E-002   5.6993E-002   9.8135E-003   2.8674E-003   1.0657E-001  -1.0474E-003  -2.0772E-003  -2.1042E-002   1.2922E-001  -8.9790E-003  -1.5816E-002  -7.6467E-004  -1.2912E-003  -1.3327E-002   4.2143E-002   2.2978E-001  
 1.7425E+000   1.2308E-001  -5.8780E+000   1.8559E-001  -8.5154E-002   3.1831E-001  -6.6945E-001   3.0015E-001   9.9790E-002   2.3148E-002   3.5605E-003  -2.5349E-002   1.1864E-001   2.3963E-004  -3.0928E-003  -2.5003E-002   1.3163E-001  -8.9903E-004  -2.3038E-002  -1.3258E-004  -1.8823E-003  -1.3707E-002   4.1627E-002   2.4811E-001  
 1.7768E+000   2.6768E-001  -6.1127E+000   1.6061E-001  -9.2960E-002   2.8765E-001  -6.4695E-001   3.1463E-001   1.3275E-001  -3.0413E-002  -1.0170E-002  -5.7578E-002   1.2421E-001   2.4575E-003  -3.6472E-003  -3.1053E-002   1.3086E-001   1.0719E-002  -2.8892E-002   9.0443E-004  -1.9978E-003  -1.3911E-002   4.1227E-002   2.5896E-001  
 1.8733E+000   4.6779E-001  -6.2366E+000   1.1418E-001  -2.0571E-001   2.7460E-001  -6.1282E-001   3.3463E-001   1.5476E-001  -1.0646E-001  -3.3415E-002  -9.1251E-002   1.1939E-001   6.3711E-003  -3.5416E-003  -4.0248E-002   1.2497E-001   2.6865E-002  -3.3578E-002   2.6028E-003  -1.3821E-003  -1.4730E-002   4.0690E-002   2.6998E-001  
 4.0233E+000   3.1311E-001  -4.1518E+000   1.3709E-001  -6.2307E-003  -2.3930E-001  -7.5957E-001   3.5324E-001  -2.2717E-001  -1.9687E-002  -1.3163E-001   4.8015E-002   1.0163E-001   1.2043E-002   1.0243E-002  -5.4064E-002   1.2999E-001   4.6009E-003   5.4829E-002   6.2723E-003  -9.7014E-004  -9.3310E-003   5.0123E-002   2.2889E-001  
 3.5768E+000   1.1525E-001  -4.3151E+000   1.8860E-001  -2.2670E-001  -1.3226E-001  -7.3532E-001   3.3723E-001  -1.7242E-001   5.4880E-002  -8.9717E-002   4.6604E-002   8.6682E-002   3.3473E-003   9.8850E-003  -4.1012E-002   1.2176E-001  -1.4414E-002   3.9115E-002   4.1273E-003   2.1878E-003  -8.3484E-003   4.9723E-002   2.1888E-001  
 3.1726E+000  -1.2213E-002  -4.5648E+000   2.0901E-001  -3.2127E-001  -4.8522E-003  -7.1765E-001   3.2728E-001  -1.1047E-001   1.0416E-001  -6.0718E-002   4.4303E-002   8.6283E-002  -2.0830E-003   6.6896E-003  -3.2631E-002   1.1964E-001  -2.5058E-002   2.2246E-002   9.6469E-004   2.9190E-003  -8.3339E-003   4.8984E-002   2.1999E-001  
 2.8328E+000  -7.5311E-002  -4.8660E+000   2.1050E-001  -3.2993E-001   1.0703E-001  -7.0342E-001   3.2278E-001  -4.3734E-002   1.3002E-001  -4.2396E-002   3.6896E-002   9.5179E-002  -4.5233E-003   2.7941E-003  -2.8472E-002   1.2092E-001  -2.9042E-002   5.8960E-003  -1.3122E-003   1.7563E-003  -9.0913E-003   4.7935E-002   2.2807E-001  
 2.5774E+000  -7.6746E-002  -5.1819E+000   2.0075E-001  -2.9480E-001   1.7969E-001  -6.9018E-001   3.2350E-001   2.4242E-002   1.3303E-001  -3.3495E-002   2.2358E-002   1.0833E-001  -5.1311E-003  -6.2408E-004  -2.7875E-002   1.2344E-001  -2.8014E-002  -9.1332E-003  -2.3992E-003   1.7289E-004  -1.0063E-002   4.6893E-002   2.4324E-001  
 2.4105E+000  -1.8086E-002  -5.4829E+000   1.8240E-001  -2.5875E-001   2.0649E-001  -6.7500E-001   3.2973E-001   9.1133E-002   1.1392E-001  -3.2979E-002   4.2020E-004   1.2131E-001  -4.3867E-003  -3.8334E-003  -3.0438E-002   1.2546E-001  -2.2625E-002  -2.3099E-002  -2.4513E-003  -1.6727E-003  -1.1164E-002   4.5950E-002   2.5598E-001  
 2.3272E+000   1.0278E-001  -5.7390E+000   1.5279E-001  -2.6455E-001   1.9423E-001  -6.5479E-001   3.4189E-001   1.5467E-001   7.1608E-002  -4.0900E-002  -2.8431E-002   1.2987E-001  -2.2532E-003  -7.1079E-003  -3.6296E-002   1.2533E-001  -1.3015E-002  -3.6418E-002  -1.3681E-003  -3.5181E-003  -1.2443E-002   4.5150E-002   2.7202E-001  
 2.3145E+000   2.8852E-001  -5.9133E+000   1.0552E-001  -3.5349E-001   1.6465E-001  -6.2604E-001   3.6051E-001   2.1157E-001   4.8333E-003  -5.7983E-002  -6.1639E-002   1.2993E-001   1.8251E-003  -9.8259E-003  -4.5255E-002   1.2150E-001   1.3425E-003  -4.8628E-002   7.2846E-004  -4.4201E-003  -1.3785E-002   4.4326E-002   2.8248E-001  
 2.3501E+000   5.4670E-001  -5.9690E+000   3.0250E-002  -5.6411E-001   1.5310E-001  -5.8402E-001   3.8730E-001   2.5943E-001  -8.9865E-002  -8.5394E-002  -9.5866E-002   1.1811E-001   7.8901E-003  -1.0927E-002  -5.6987E-002   1.1282E-001   2.1306E-002  -5.8855E-002   2.9585E-003  -4.0232E-003  -1.5015E-002   4.3687E-002   2.8963E-001  
 4.2700E+000   3.6523E-001  -4.2827E+000  -1.8772E-001   5.9335E-001  -6.4438E-001  -6.9025E-001   2.7802E-001  -2.2746E-001   5.1260E-002  -2.7287E-001  -1.5801E-002   2.5247E-001   4.1156E-002   5.4213E-002  -1.4066E-001   1.8646E-001  -7.8836E-004   1.0897E-001   1.3527E-002   3.4508E-003  -1.8839E-002   4.1912E-002   3.6832E-001  
 4.0532E+000   3.1286E-001  -4.4891E+000   4.6771E-002   7.3755E-002  -4.6587E-001  -7.4314E-001   3.8499E-001  -2.4123E-001   1.2618E-001  -1.6623E-001   1.5234E-002   1.4158E-001   3.8019E-003   2.6896E-002  -7.4771E-002   1.3621E-001  -3.2381E-002   6.7679E-002   6.7803E-003   7.1320E-003  -1.1109E-002   5.1130E-002   2.9011E-001  
 3.7100E+000   1.6244E-001  -4.6692E+000   1.0465E-001  -1.5250E-001  -3.3269E-001  -7.2451E-001   3.8438E-001  -1.5907E-001   1.8842E-001  -1.2722E-001   2.0054E-002   1.2185E-001  -5.9222E-003   1.4787E-002  -5.8534E-002   1.2680E-001  -4.5253E-002   3.7737E-002   1.0970E-003   5.6084E-003  -1.0448E-002   5.0452E-002   2.6129E-001  
 3.4035E+000   7.9378E-002  -4.8991E+000   1.2206E-001  -2.7164E-001  -2.2305E-001  -7.0403E-001   3.7841E-001  -6.2412E-002   2.1917E-001  -1.0570E-001   1.2938E-002   1.2146E-001  -1.1145E-002   8.0126E-003  -5.2625E-002   1.2382E-001  -5.1925E-002   1.3658E-002  -2.7474E-003   4.4873E-003  -1.0690E-002   4.9779E-002   2.6726E-001  
 3.1608E+000   7.4913E-002  -5.1465E+000   1.1796E-001  -3.4037E-001  -1.5097E-001  -6.8464E-001   3.7959E-001   3.4735E-002   2.2284E-001  -9.5125E-002  -1.1042E-003   1.2655E-001  -1.3015E-002   6.9870E-004  -5.1136E-002   1.2252E-001  -5.1796E-002  -9.5515E-003  -5.0442E-003   1.5676E-003  -1.1325E-002   4.9124E-002   2.8294E-001  
 2.9852E+000   1.4722E-001  -5.3789E+000   9.5162E-002  -4.0774E-001  -1.2324E-001  -6.6293E-001   3.8815E-001   1.3104E-001   1.9996E-001  -9.4438E-002  -2.2650E-002   1.3172E-001  -1.2040E-002  -6.4592E-003  -5.3612E-002   1.2081E-001  -4.5737E-002  -3.1697E-002  -5.3571E-003  -1.8604E-003  -1.2150E-002   4.8444E-002   2.8550E-001  
 2.8729E+000   2.9897E-001  -5.5627E+000   5.1282E-002  -5.2235E-001  -1.3321E-001  -6.3521E-001   4.0447E-001   2.2540E-001   1.4904E-001  -1.0392E-001  -5.1315E-002   1.3240E-001  -8.3773E-003  -1.2849E-002  -6.0224E-002   1.1731E-001  -3.3962E-002  -5.2531E-002  -3.8159E-003  -4.6814E-003  -1.3325E-002   4.7723E-002   2.9205E-001  
 2.8094E+000   5.2715E-001  -5.6615E+000  -2.3861E-002  -7.3363E-001  -1.6396E-001  -5.9979E-001   4.2420E-001   3.1000E-001   6.5881E-002  -1.2600E-001  -8.7995E-002   1.2070E-001  -2.6569E-003  -2.1359E-002  -7.2694E-002   1.0958E-001  -1.7783E-002  -7.4062E-002  -9.2330E-004  -7.9725E-003  -1.4586E-002   4.8066E-002   3.0235E-001  
 2.7087E+000   7.5093E-001  -5.6745E+000  -1.9632E-001  -1.1381E+000  -2.3000E-001  -5.7037E-001   3.9545E-001   3.4573E-001  -6.7150E-002  -1.8451E-001  -1.5580E-001   7.3640E-002   6.5822E-003  -4.2224E-002  -1.1624E-001   9.2437E-002  -2.3380E-003  -9.7790E-002   3.4426E-003  -9.2588E-003  -1.7543E-002   4.5300E-002   3.0987E-001  
