 2.9732E+000   1.1652E+000   7.8094E-001  -2.1423E-001   3.5854E-002  -7.5577E-001  -5.1606E-002  -1.1809E-001  -2.8425E-001  -2.8455E-002  -2.1018E-001  -2.0818E-002  -1.1404E-001   2.4137E-002  -4.3937E-002   7.9357E-002   4.4408E-002   4.4008E-003   9.9150E-002  -9.0350E-003   4.6463E-003  -1.7956E-002   2.4079E-002   1.5749E-001  
 2.9105E+000   1.3062E+000   6.8290E-001  -2.0020E-002   5.1054E-001  -6.4388E-001  -6.0754E-002  -1.7724E-001  -2.6373E-001  -1.2486E-001  -1.3174E-001   2.1799E-002  -4.4310E-002  -4.4855E-004  -2.2274E-002   3.0608E-002   1.0633E-002   3.0114E-002   6.6771E-002  -3.5920E-003   6.3158E-003  -1.4359E-002   2.9458E-002   1.6170E-001  
 2.7735E+000   1.4856E+000   5.5270E-001   4.4834E-002   7.4515E-001  -5.6364E-001  -3.2053E-002  -1.6672E-001  -1.7438E-001  -1.9444E-001  -1.0203E-001   4.1384E-002  -3.6277E-002  -7.7696E-003  -1.2796E-002   1.7636E-002   2.3399E-003   4.4635E-002   4.0891E-002   3.6699E-004   4.6240E-003  -1.3610E-002   2.7616E-002   1.4016E-001  
 2.6810E+000   1.5892E+000   3.5420E-001   7.5453E-002   8.7876E-001  -5.0407E-001  -6.8540E-003  -1.5730E-001  -7.4120E-002  -2.3223E-001  -8.6470E-002   5.2060E-002  -4.3063E-002  -1.1710E-002  -6.2757E-003   1.1960E-002  -9.7773E-004   5.3222E-002   1.7587E-002   2.9458E-003   3.0846E-003  -1.3311E-002   2.5848E-002   1.3138E-001  
 2.6525E+000   1.6117E+000   1.2230E-001   8.5049E-002   9.6300E-001  -4.8180E-001   1.4874E-002  -1.5595E-001   2.7337E-002  -2.4206E-001  -8.1172E-002   5.5873E-002  -5.4685E-002  -1.2624E-002   7.8580E-004   1.0383E-002  -2.5892E-003   5.5330E-002  -5.8235E-003   3.9900E-003   3.6815E-004  -1.3287E-002   2.4127E-002   1.3464E-001  
 2.6919E+000   1.5552E+000  -1.0980E-001   7.6279E-002   1.0466E+000  -5.0356E-001   3.6785E-002  -1.6261E-001   1.2891E-001  -2.2488E-001  -8.5444E-002   5.2361E-002  -6.6296E-002  -1.0733E-002   7.7001E-003   1.2560E-002  -4.1826E-003   5.1364E-002  -2.9072E-002   3.2313E-003  -2.3815E-003  -1.3350E-002   2.2717E-002   1.2486E-001  
 2.7955E+000   1.4173E+000  -3.0885E-001   4.6737E-002   1.1783E+000  -5.6260E-001   6.2588E-002  -1.7752E-001   2.2957E-001  -1.7958E-001  -9.9860E-002   4.2044E-002  -7.3186E-002  -5.9616E-003   1.3794E-002   1.8669E-002  -7.3397E-003   4.1072E-002  -5.1865E-002   9.6013E-004  -4.0673E-003  -1.3606E-002   2.1769E-002   1.2907E-001  
 2.9468E+000   1.1993E+000  -4.3789E-001  -1.3081E-002   1.4064E+000  -6.3948E-001   9.4049E-002  -1.9754E-001   3.2277E-001  -1.0342E-001  -1.2678E-001   2.4935E-002  -6.7811E-002   1.7991E-003   2.0542E-002   3.0292E-002  -1.4561E-002   2.4633E-002  -7.5267E-002  -2.3055E-003  -5.1044E-003  -1.4128E-002   2.1809E-002   1.3676E-001  
 3.0646E+000   9.7127E-001  -5.0302E-001  -1.6790E-001   1.8324E+000  -7.3128E-001   1.0830E-001  -1.7718E-001   3.7225E-001   5.8240E-003  -1.9058E-001  -9.1776E-003  -1.9730E-002   1.8779E-002   3.3846E-002   6.8766E-002  -3.9770E-002  -1.8605E-005  -1.0075E-001  -5.7459E-003  -3.8823E-003  -1.7346E-002   1.7450E-002   1.1213E-001  
 2.7313E+000   1.3478E+000   9.8757E-001   5.4196E-002   6.1792E-001  -3.5919E-001  -7.8023E-002  -1.3355E-001  -2.3585E-001   2.9370E-002  -9.8102E-002   2.6244E-002  -2.0988E-002   8.2619E-003  -1.0462E-002   1.2943E-002   6.7633E-003  -7.3270E-003   5.5208E-002  -4.6666E-003   6.3123E-004  -1.3710E-002   2.9743E-002   1.3460E-001  
 2.4933E+000   1.5659E+000   8.8510E-001   1.1744E-001   8.5115E-001  -3.0062E-001  -4.4186E-002  -1.1301E-001  -1.8034E-001  -5.3102E-002  -6.3787E-002   4.2485E-002  -1.4426E-002   1.2224E-003  -9.6849E-003   1.1064E-003  -1.6701E-003   1.2082E-002   4.1439E-002  -2.7977E-003   2.6504E-003  -1.2782E-002   2.8199E-002   1.3533E-001  
 2.3011E+000   1.7105E+000   6.7982E-001   1.5123E-001   9.6039E-001  -2.2259E-001  -2.0292E-002  -1.0001E-001  -1.1691E-001  -1.0848E-001  -4.0965E-002   5.7794E-002  -2.0873E-002  -3.2265E-003  -6.6045E-003  -6.9618E-003  -4.6876E-003   2.4263E-002   2.5949E-002  -3.2652E-004   2.8462E-003  -1.2351E-002   2.6432E-002   1.2702E-001  
 2.1768E+000   1.7883E+000   4.0764E-001   1.6682E-001   9.8491E-001  -1.6075E-001  -2.3785E-003  -9.3418E-002  -4.7866E-002  -1.3943E-001  -2.7860E-002   6.8394E-002  -3.6029E-002  -5.1700E-003  -2.8567E-003  -1.1359E-002  -4.2727E-003   3.0472E-002   1.0089E-002   1.3153E-003   1.6038E-003  -1.2352E-002   2.4432E-002   1.1755E-001  
 2.1370E+000   1.8023E+000   1.0533E-001   1.7123E-001   9.6613E-001  -1.3783E-001   1.2552E-002  -9.2802E-002   2.3366E-002  -1.4692E-001  -2.3475E-002   7.2035E-002  -5.5277E-002  -5.4309E-003   6.0963E-004  -1.2390E-002  -2.2734E-003   3.1824E-002  -5.4424E-003   1.8670E-003   9.9013E-005  -1.2484E-002   2.2411E-002   1.1353E-001  
 2.1860E+000   1.7543E+000  -1.9721E-001   1.6712E-001   9.4683E-001  -1.6058E-001   2.7601E-002  -9.8132E-002   9.4623E-002  -1.3188E-001  -2.7211E-002   6.8363E-002  -7.4413E-002  -4.2817E-003   3.9663E-003  -1.0353E-002  -3.0955E-004   2.8619E-002  -2.0864E-002   1.4466E-003  -1.4210E-003  -1.2637E-002   2.0684E-002   1.0989E-001  
 2.3195E+000   1.6421E+000  -4.7007E-001   1.5198E-001   9.6975E-001  -2.2220E-001   4.5888E-002  -1.0962E-001   1.6379E-001  -9.3350E-002  -3.9536E-002   5.7855E-002  -8.9298E-002  -1.5121E-003   7.3467E-003  -5.1293E-003   3.9858E-005   2.0624E-002  -3.6381E-002  -1.3262E-005  -2.6722E-003  -1.2791E-002   1.9515E-002   1.1259E-001  
 2.5212E+000   1.4632E+000  -6.7628E-001   1.1903E-001   1.0761E+000  -2.9998E-001   7.0561E-002  -1.2775E-001   2.2758E-001  -3.0328E-002  -6.1377E-002   4.2762E-002  -9.5588E-002   3.5210E-003   9.8602E-003   3.3960E-003  -2.8698E-003   6.9345E-003  -5.1246E-002  -2.2199E-003  -2.6182E-003  -1.3114E-002   1.9139E-002   1.1203E-001  
 2.7689E+000   1.2105E+000  -7.7958E-001   5.7375E-002   1.3049E+000  -3.5839E-001   1.0579E-001  -1.5387E-001   2.8372E-001   6.0159E-002  -9.4406E-002   2.6725E-002  -8.9319E-002   1.0821E-002   1.0061E-002   1.5229E-002  -1.0759E-002  -1.3543E-002  -6.4198E-002  -3.9075E-003  -9.5744E-004  -1.3667E-002   1.9661E-002   1.1387E-001  
 2.3338E+000   1.4396E+000   1.2137E+000   1.4498E-001   9.3336E-001  -2.2317E-001  -5.6794E-002  -8.0590E-002  -1.4161E-001   5.6973E-002  -4.5911E-002   2.4682E-002  -5.6732E-004   5.3925E-003  -3.9856E-003  -5.4150E-003  -5.6279E-003  -1.2870E-002   3.1831E-002  -3.1339E-003  -8.6896E-004  -1.2292E-002   2.8963E-002   1.2439E-001  
 2.0325E+000   1.6050E+000   1.0425E+000   1.7800E-001   1.0673E+000  -1.6267E-001  -2.9731E-002  -6.5445E-002  -1.1202E-001  -9.3099E-003  -1.6627E-002   4.0752E-002  -2.3215E-003   1.0425E-003  -3.9363E-003  -1.4174E-002  -1.0195E-002   2.2749E-003   2.3822E-002  -1.6775E-003   6.4742E-004  -1.2190E-002   2.7123E-002   1.1953E-001  
 1.7910E+000   1.7134E+000   7.7547E-001   1.8900E-001   1.0947E+000  -8.3394E-002  -1.1597E-002  -5.5499E-002  -7.2698E-002  -5.3322E-002   2.0614E-003   5.5172E-002  -1.5030E-002  -1.1844E-003  -2.8563E-003  -1.9124E-002  -9.5295E-003   1.1567E-002   1.4854E-002  -4.9508E-004   1.0808E-003  -1.3194E-002   2.4397E-002   1.2605E-001  
 1.6355E+000   1.7695E+000   4.4557E-001   1.9081E-001   1.0499E+000  -2.0698E-002   7.5096E-004  -5.0777E-002  -2.7749E-002  -7.7339E-002   1.2728E-002   6.5081E-002  -3.4051E-002  -2.0909E-003  -1.2233E-003  -2.1729E-002  -6.2638E-003   1.6267E-002   5.0450E-003   3.6434E-004   6.3591E-004  -1.4090E-002   2.1592E-002   1.2159E-001  
 1.5847E+000   1.7761E+000   8.8213E-002   1.9064E-001   9.6863E-001   2.5490E-003   1.0351E-002  -5.0757E-002   1.9547E-002  -8.2591E-002   1.6273E-002   6.8511E-002  -5.5962E-002  -2.0100E-003   3.0102E-004  -2.2172E-002  -1.8379E-003   1.7056E-002  -4.7973E-003   5.7271E-004  -3.7222E-005  -1.4583E-002   1.9043E-002   1.2512E-001  
 1.6431E+000   1.7350E+000  -2.6938E-001   1.9098E-001   8.8688E-001  -2.0607E-002   2.0037E-002  -5.5262E-002   6.6830E-002  -6.9721E-002   1.3186E-002   6.4980E-002  -7.7698E-002  -1.2930E-003   1.7202E-003  -2.0642E-002   2.4993E-003   1.4351E-002  -1.4566E-002   3.7437E-004  -6.8047E-004  -1.4488E-002   1.7195E-002   1.1282E-001  
 1.8062E+000   1.6444E+000  -5.9993E-001   1.8938E-001   8.4060E-001  -8.3222E-002   3.2660E-002  -6.4533E-002   1.1177E-001  -3.8054E-002   3.0337E-003   5.5050E-002  -9.6255E-002   3.4912E-004   3.0509E-003  -1.7044E-002   5.5505E-003   7.8217E-003  -2.4145E-002  -3.9011E-004  -1.1103E-003  -1.3899E-002   1.6436E-002   1.0898E-001  
 2.0553E+000   1.5018E+000  -8.6801E-001   1.7864E-001   8.6563E-001  -1.6247E-001   5.1268E-002  -7.9060E-002   1.5109E-001   1.3583E-002  -1.5060E-002   4.0670E-002  -1.0833E-001   3.2059E-003   3.7217E-003  -1.1241E-002   5.9984E-003  -3.0898E-003  -3.2795E-002  -1.4620E-003  -7.8755E-004  -1.3048E-002   1.6967E-002   1.0143E-001  
 2.3645E+000   1.3020E+000  -1.0404E+000   1.4633E-001   9.9585E-001  -2.2296E-001   7.9183E-002  -9.9085E-002   1.8088E-001   8.7642E-002  -4.3488E-002   2.4702E-002  -1.0966E-001   7.9306E-003   3.2133E-003  -2.0403E-003   1.5505E-003  -1.9532E-002  -4.0259E-002  -2.7299E-003   4.9744E-004  -1.2933E-002   1.7910E-002   9.9151E-002  
 2.9675E+000   7.4839E-001   1.2201E+000  -2.1657E-001   3.7117E-002   3.2792E-001  -1.0857E-001  -5.4944E-002   1.4695E-002   2.7868E-001  -2.1228E-001   4.6796E-002  -1.1473E-001   2.3114E-002   4.1675E-002   4.5472E-002   8.0222E-002  -9.8179E-002  -2.7502E-003   4.9878E-003  -8.5639E-003  -1.8046E-002   2.4641E-002   1.5338E-001  
 2.7278E+000   9.5604E-001   1.3945E+000   5.3977E-002   6.1780E-001  -7.1684E-002  -1.2756E-001  -8.1660E-002  -3.9405E-002   2.2930E-001  -9.8402E-002  -1.7836E-003  -2.1071E-002   8.6022E-003   8.5889E-003   7.4346E-003   1.1920E-002  -5.3984E-002   9.4402E-003   9.8468E-004  -4.8743E-003  -1.3663E-002   3.0571E-002   1.3159E-001  
 2.3323E+000   1.1822E+000   1.4788E+000   1.4493E-001   9.3332E-001  -2.0892E-001  -7.5795E-002  -6.0494E-002  -6.5280E-002   1.3507E-001  -4.6024E-002  -3.0626E-005  -5.8411E-004   5.5590E-003   2.0944E-003  -4.9585E-003  -6.3137E-003  -3.0432E-002   1.4738E-002  -6.2871E-004  -3.3155E-003  -1.2242E-002   2.9420E-002   1.2144E-001  
 1.9321E+000   1.3525E+000   1.3841E+000   1.8355E-001   1.1134E+000  -2.1651E-001  -4.1013E-002  -4.4749E-002  -7.0260E-002   6.3660E-002  -9.0882E-003   1.2441E-002   4.4743E-003   2.3123E-003  -9.2545E-004  -1.3721E-002  -1.4407E-002  -1.3237E-002   1.4771E-002  -1.0510E-003  -1.1952E-003  -1.2497E-002   2.7492E-002   1.2043E-001  
 1.5719E+000   1.4723E+000   1.1593E+000   1.9039E-001   1.1795E+000  -1.5548E-001  -1.9053E-002  -3.3915E-002  -6.0090E-002   1.2623E-002   1.5786E-002   2.8233E-002  -2.0498E-003   2.6059E-004  -1.5012E-003  -1.9278E-002  -1.5600E-002  -2.0079E-003   1.1805E-002  -6.4855E-004  -1.4357E-004  -1.4012E-002   2.4635E-002   1.2921E-001  
 1.2857E+000   1.5486E+000   8.4425E-001   1.8262E-001   1.1591E+000  -7.5450E-002  -5.5734E-003  -2.7136E-002  -3.9768E-002  -2.0792E-002   3.1486E-002   4.2380E-002  -1.6506E-002  -6.7910E-004  -1.1030E-003  -2.2230E-002  -1.2512E-002   4.7201E-003   7.3012E-003  -1.2104E-004   7.8645E-005  -1.6204E-002   2.0980E-002   1.1933E-001  
 1.1017E+000   1.5858E+000   4.7013E-001   1.7286E-001   1.0795E+000  -1.2335E-002   2.6019E-003  -2.4072E-002  -1.3244E-002  -3.8426E-002   4.0224E-002   5.1861E-002  -3.5651E-002  -9.1262E-004  -6.0508E-004  -2.3521E-002  -7.3134E-003   8.1219E-003   1.9150E-003   4.4359E-005   6.7912E-005  -1.7892E-002   1.7311E-002   1.0690E-001  
 1.0408E+000   1.5861E+000   7.0804E-002   1.6888E-001   9.7064E-001   1.1045E-002   8.1992E-003  -2.4548E-002   1.5736E-002  -4.1504E-002   4.3098E-002   5.5122E-002  -5.6606E-002  -7.7247E-004  -4.8702E-005  -2.3629E-002  -1.3624E-003   8.5516E-003  -3.9787E-003   1.0855E-004  -4.4717E-005  -1.8549E-002   1.4216E-002   9.5522E-002  
 1.1077E+000   1.5510E+000  -3.2871E-001   1.7305E-001   8.6129E-001  -1.2289E-002   1.3861E-002  -2.8377E-002   4.4678E-002  -3.0720E-002   4.0499E-002   5.1744E-002  -7.7371E-002  -2.8043E-004   4.2921E-004  -2.2542E-002   4.4956E-003   6.1654E-003  -9.8181E-003   4.2646E-005  -1.6100E-004  -1.8215E-002   1.2106E-002   9.1664E-002  
 1.2978E+000   1.4789E+000  -7.0341E-001   1.8291E-001   7.8033E-001  -7.5384E-002   2.2247E-002  -3.5794E-002   7.1098E-002  -5.3936E-003   3.2097E-002   4.2214E-002  -9.5936E-002   5.8664E-004   6.9553E-004  -2.0228E-002   9.3890E-003   8.9023E-004  -1.5073E-002  -1.2726E-004  -1.8225E-004  -1.6910E-002   1.1898E-002   9.8797E-002  
 1.5901E+000   1.3680E+000  -1.0194E+000   1.9077E-001   7.5765E-001  -1.5541E-001   3.6075E-002  -4.6961E-002   9.1343E-002   3.5608E-002   1.6821E-002   2.8128E-002  -1.0960E-001   2.0995E-003   6.8118E-004  -1.6336E-002   1.2107E-002  -7.5751E-003  -1.9370E-002  -5.9937E-004   2.0209E-006  -1.5023E-002   1.3703E-002   1.0242E-001  
 1.9564E+000   1.2138E+000  -1.2453E+000   1.8419E-001   8.2043E-001  -2.1648E-001   5.8602E-002  -6.2326E-002   1.0149E-001   9.4280E-002  -7.4644E-003   1.2418E-002  -1.1532E-001   4.5990E-003  -3.9702E-004  -1.0064E-002   1.0741E-002  -2.0289E-002  -2.2033E-002  -9.6537E-004   8.9683E-004  -1.3508E-002   1.6183E-002   1.0435E-001  
 2.3630E+000   1.0089E+000  -1.3411E+000   1.4626E-001   9.9589E-001  -2.0905E-001   9.4300E-002  -8.2878E-002   9.6569E-002   1.7360E-001  -4.3609E-002  -9.2435E-005  -1.0966E-001   8.0633E-003  -3.9048E-003  -8.8603E-004   2.9045E-003  -3.8585E-002  -2.1591E-002  -5.3183E-004   2.6636E-003  -1.2903E-002   1.8627E-002   1.0630E-001  
 2.7654E+000   7.4814E-001  -1.2573E+000   5.7024E-002   1.3051E+000  -7.2316E-002   1.4780E-001  -1.0939E-001   7.0860E-002   2.7625E-001  -9.4783E-002  -2.2395E-003  -8.9189E-002   1.1058E-002  -1.0738E-002   1.1487E-002  -1.4362E-002  -6.2688E-002  -1.5802E-002   1.0136E-003   3.7828E-003  -1.3707E-002   2.0750E-002   1.2067E-001  
 3.0474E+000   4.7929E-001  -1.0398E+000  -1.7706E-001   1.8437E+000   3.0938E-001   1.6171E-001  -1.0800E-001   1.9033E-002   3.5619E-001  -1.9354E-001   3.7027E-002  -1.5547E-002   2.0878E-002  -3.8049E-002   4.1001E-002  -7.0032E-002  -1.0120E-001  -1.8208E-003   4.4705E-003   6.5262E-003  -1.7429E-002   1.8625E-002   1.2760E-001  
 2.9030E+000   6.5950E-001   1.3611E+000  -2.1186E-002   5.0980E-001   2.1426E-001  -1.6924E-001  -6.3072E-002   1.1285E-001   2.5838E-001  -1.3265E-001   3.0228E-003  -4.4871E-002   2.6586E-004   2.0840E-002   1.1266E-002   2.9843E-002  -6.6289E-002  -2.7838E-002   6.7481E-003  -3.8379E-003  -1.4383E-002   3.0884E-002   1.6082E-001  
 2.4887E+000   8.6129E-001   1.6126E+000   1.1721E-001   8.5105E-001  -1.3098E-001  -1.0701E-001  -4.6851E-002   4.2997E-002   1.7554E-001  -6.4168E-002  -1.7900E-002  -1.4498E-002   1.6742E-003   7.8960E-003  -1.1744E-003   3.5595E-005  -4.0533E-002  -9.8565E-003   2.9410E-003  -2.8953E-003  -1.2700E-002   2.9465E-002   1.3010E-001  
 2.0297E+000   1.0187E+000   1.6442E+000   1.7794E-001   1.0672E+000  -2.7013E-001  -6.0644E-002  -3.2456E-002   9.2211E-004   1.0721E-001  -1.6805E-002  -1.5953E-002  -2.3168E-003   1.3241E-003   2.1303E-003  -9.7307E-003  -1.5137E-002  -2.2759E-002  -3.0330E-004   8.4824E-004  -1.7677E-003  -1.2068E-002   2.8095E-002   1.1825E-001  
 1.5707E+000   1.1355E+000   1.5039E+000   1.9036E-001   1.1795E+000  -2.7824E-001  -3.0165E-002  -2.1800E-002  -1.9312E-002   5.5202E-002   1.5717E-002  -3.1621E-003  -2.0394E-003   3.8701E-004  -2.6463E-004  -1.5131E-002  -1.9993E-002  -1.0641E-002   3.6363E-003  -2.1696E-005  -7.3107E-004  -1.3949E-002   2.5169E-002   1.2763E-001  
 1.1611E+000   1.2156E+000   1.2395E+000   1.7646E-001   1.2050E+000  -2.1721E-001  -1.1854E-002  -1.4617E-002  -2.3429E-002   1.8439E-002   3.7136E-002   1.2648E-002  -1.0062E-002  -2.6065E-004  -8.4252E-004  -1.8153E-002  -1.8630E-002  -3.0299E-003   4.2663E-003  -7.2281E-005  -1.5634E-004  -1.7109E-002   2.1108E-002   1.1900E-001  
 8.3740E-001   1.2643E+000   8.8918E-001   1.5399E-001   1.1650E+000  -1.3697E-001  -1.8066E-003  -1.0549E-002  -1.6870E-002  -5.0239E-003   5.0780E-002   2.6677E-002  -2.3215E-002  -4.8446E-004  -8.0298E-004  -1.9934E-002  -1.4154E-002   1.5629E-003   2.9018E-003  -5.1236E-005  -3.4085E-005  -1.9778E-002   1.7132E-002   9.6425E-002  
 6.2971E-001   1.2851E+000   4.8286E-001   1.3541E-001   1.0797E+000  -7.3578E-002   3.2945E-003  -9.1675E-003  -3.9208E-003  -1.6822E-002   5.8418E-002   3.6184E-002  -3.9475E-002  -5.2627E-004  -5.7459E-004  -2.0892E-002  -7.9502E-003   3.7978E-003   1.9954E-004   1.1432E-006  -2.5676E-006  -2.1381E-002   1.3596E-002   7.7321E-002  
 5.6023E-001   1.2800E+000   5.3304E-002   1.2852E-001   9.7219E-001  -5.0103E-002   6.1054E-003  -1.0105E-002   1.1878E-002  -1.8002E-002   6.0838E-002   3.9495E-002  -5.7069E-002  -3.7194E-004  -3.2355E-004  -2.1002E-002  -9.5330E-004   3.8344E-003  -3.0859E-003   2.8471E-005  -3.0989E-005  -2.1903E-002   1.0464E-002   6.6022E-002  
 6.3415E-001   1.2499E+000  -3.7638E-001   1.3568E-001   8.6420E-001  -7.3557E-002   8.9459E-003  -1.3294E-002   2.7650E-002  -9.0757E-003   5.8485E-002   3.6141E-002  -7.4517E-002  -3.5603E-005  -1.5989E-004  -2.0165E-002   5.9999E-003   1.7845E-003  -6.3231E-003  -1.9561E-006  -7.0711E-005  -2.1469E-002   7.9872E-003   5.8661E-002  
 8.4639E-001   1.1939E+000  -7.8312E-001   1.5439E-001   7.7759E-001  -1.3694E-001   1.4207E-002  -1.8939E-002   4.0519E-002   1.0456E-002   5.1082E-002   2.6607E-002  -9.0270E-002   4.7655E-004  -1.7669E-004  -1.8320E-002   1.1976E-002  -2.3676E-003  -8.8908E-003  -7.5351E-005  -5.4180E-005  -2.0144E-002   7.4619E-003   6.8858E-002  
 1.1747E+000   1.1104E+000  -1.1342E+000   1.7685E-001   7.3527E-001  -2.1719E-001   2.4541E-002  -2.7300E-002   4.6975E-002   4.1517E-002   3.7785E-002   1.2636E-002  -1.0260E-001   1.1684E-003  -5.2297E-004  -1.5574E-002   1.6044E-002  -8.7497E-003  -1.0133E-002  -1.2412E-004   5.2110E-005  -1.7865E-002   1.0207E-002   8.6101E-002  
 1.5889E+000   9.9559E-001  -1.3996E+000   1.9075E-001   7.5767E-001  -2.7826E-001   4.3224E-002  -3.8823E-002   4.2764E-002   8.5841E-002   1.6759E-002  -3.0890E-003  -1.0963E-001   2.2232E-003  -1.6076E-003  -1.1648E-002   1.7047E-002  -1.8001E-002  -9.3509E-003  -9.6632E-005   5.3610E-004  -1.4955E-002   1.4679E-002   1.1139E-001  
 2.0526E+000   8.4420E-001  -1.5409E+000   1.7856E-001   8.6568E-001  -2.7026E-001   7.4258E-002  -5.3992E-002   2.2452E-002   1.4551E-001  -1.5249E-002  -1.5890E-002  -1.0835E-001   3.4593E-003  -4.5655E-003  -5.5318E-003   1.2164E-002  -3.1476E-002  -5.1889E-003   7.2196E-004   1.3887E-003  -1.2951E-002   1.8474E-002   1.0663E-001  
 2.5165E+000   6.5251E-001  -1.5099E+000   1.1873E-001   1.0763E+000  -1.3148E-001   1.2171E-001  -7.3228E-002  -1.9684E-002   2.2185E-001  -6.1795E-002  -1.8153E-002  -9.5534E-002   3.8653E-003  -1.0698E-002   3.3865E-003  -2.4154E-003  -5.0047E-002   4.6359E-003   2.6406E-003   2.0828E-003  -1.3082E-002   2.0904E-002   1.1791E-001  
 2.9390E+000   4.1464E-001  -1.2546E+000  -1.4699E-002   1.4075E+000   2.1049E-001   1.8907E-001  -9.6248E-002  -9.0458E-002   3.1607E-001  -1.2790E-001   2.1816E-004  -6.7073E-002   2.0453E-003  -2.1982E-002   1.5317E-002  -2.9776E-002  -7.4633E-002   2.2453E-002   5.5280E-003   2.0332E-003  -1.4196E-002   2.3632E-002   1.4509E-001  
 2.7656E+000   5.3680E-001   1.5398E+000   4.4186E-002   7.4501E-001   1.3316E-001  -1.5925E-001  -3.3740E-002   1.8238E-001   1.7133E-001  -1.0279E-001  -1.6757E-002  -3.6426E-002  -7.1497E-003   1.1151E-002   2.7018E-003   1.6621E-002  -4.0436E-002  -4.2239E-002   4.8827E-003   3.9991E-004  -1.3623E-002   2.9415E-002   1.3755E-001  
 2.2956E+000   6.6383E-001   1.7571E+000   1.5104E-001   9.6035E-001  -2.0952E-001  -9.4031E-002  -2.2052E-002   9.8278E-002   1.1388E-001  -4.1374E-002  -3.3134E-002  -2.0901E-002  -2.7101E-003   4.9292E-003  -4.3824E-003  -8.1134E-003  -2.5361E-002  -2.1969E-002   3.0846E-003  -3.3777E-004  -1.2208E-002   2.8173E-002   1.2976E-001  
 1.7875E+000   7.5944E-001   1.7525E+000   1.8893E-001   1.0947E+000  -3.4990E-001  -5.0685E-002  -1.3387E-002   4.4839E-002   6.9611E-002   1.8416E-003  -3.0261E-002  -1.5021E-002  -8.1487E-004   1.1882E-003  -9.2452E-003  -2.0132E-002  -1.4174E-002  -9.5316E-003   1.2646E-003  -5.3820E-004  -1.3012E-002   2.5913E-002   1.2408E-001  
 1.2837E+000   8.2821E-001   1.5802E+000   1.8257E-001   1.1591E+000  -3.5876E-001  -2.3378E-002  -7.3831E-003   1.3999E-002   3.6604E-002   3.1385E-002  -1.7174E-002  -1.6482E-002  -4.6785E-004  -5.4137E-004  -1.2238E-002  -2.2973E-002  -6.5414E-003  -3.0387E-003   2.0312E-004  -1.6630E-004  -1.6083E-002   2.2124E-002   1.2604E-001  
 8.3657E-001   8.7313E-001   1.2882E+000   1.5396E-001   1.1650E+000  -2.9793E-001  -7.7833E-003  -3.6247E-003  -6.6572E-005   1.3606E-002   5.0751E-002  -1.2328E-003  -2.3206E-002  -3.9450E-004  -7.9059E-004  -1.3870E-002  -2.0415E-002  -2.0853E-003  -2.6912E-004   5.6853E-005  -1.0412E-004  -1.9741E-002   1.7757E-002   9.8607E-002  
 4.8445E-001   8.9768E-001   9.1373E-001   1.2086E-001   1.1266E+000  -2.1769E-001  -1.1177E-004  -1.9358E-003  -2.9529E-003  -4.0514E-004   6.3154E-002   1.2793E-002  -3.2940E-002  -3.9321E-004  -7.6892E-004  -1.4970E-002  -1.5262E-002   6.0034E-004   2.6631E-004   8.3701E-006  -5.0820E-005  -2.2369E-002   1.4157E-002   7.7112E-002  
 2.5871E-001   9.0432E-001   4.8560E-001   9.5725E-002   1.0575E+000  -1.5422E-001   3.0382E-003  -1.8715E-003   9.2889E-004  -6.7536E-003   7.0009E-002   2.2308E-002  -4.4685E-002  -3.4585E-004  -6.4630E-004  -1.5562E-002  -8.3801E-003   1.7051E-003  -5.7225E-004   4.8225E-006  -2.3695E-005  -2.3890E-002   1.1157E-002   5.8647E-002  
 1.8268E-001   8.9452E-001   3.5647E-002   8.6600E-002   9.7327E-001  -1.3071E-001   4.0745E-003  -3.2351E-003   7.9467E-003  -6.1741E-003   7.2183E-002   2.5631E-002  -5.7326E-002  -2.2311E-004  -5.3416E-004  -1.5546E-002  -6.3484E-004   1.3846E-003  -2.0745E-003   4.2159E-006  -2.4527E-005  -2.4394E-002   8.5497E-003   4.3645E-002  
 2.6165E-001   8.6891E-001  -4.1438E-001   9.5956E-002   8.8864E-001  -1.5422E-001   5.1095E-003  -5.9321E-003   1.4957E-002   1.0084E-003   7.0001E-002   2.2305E-002  -6.9868E-002  -1.5774E-005  -5.0200E-004  -1.4930E-002   7.1105E-003  -3.1330E-004  -3.5715E-003  -1.1244E-005  -3.0880E-005  -2.3885E-002   6.4218E-003   3.4905E-002  
 4.9035E-001   8.2674E-001  -8.4274E-001   1.2131E-001   8.1824E-001  -2.1768E-001   8.2673E-003  -1.0091E-002   1.8812E-002   1.5139E-002   6.3153E-002   1.2787E-002  -8.1297E-002   2.6576E-004  -6.2088E-004  -1.3687E-002   1.3976E-002  -3.4250E-003  -4.3865E-003  -3.2396E-005  -1.8565E-005  -2.2381E-002   6.0748E-003   4.0669E-002  
 8.4555E-001   7.6713E-001  -1.2177E+000   1.5436E-001   7.7761E-001  -2.9794E-001   1.6177E-002  -1.6026E-002   1.5861E-002   3.6785E-002   5.1055E-002  -1.1787E-003  -9.0287E-002   5.6705E-004  -9.8485E-004  -1.1695E-002   1.8795E-002  -7.9296E-003  -3.7576E-003  -2.3432E-005   2.6524E-005  -2.0110E-002   8.8288E-003   6.8835E-002  
 1.2958E+000   6.8741E-001  -1.5104E+000   1.8286E-001   7.8036E-001  -3.5879E-001   3.2044E-002  -2.4060E-002   1.7114E-003   6.7312E-002   3.1999E-002  -1.7028E-002  -9.5978E-002   7.9958E-004  -1.7713E-003  -9.1162E-003   2.0960E-002  -1.4118E-002  -8.8890E-004   7.5512E-005   8.2261E-005  -1.6794E-002   1.3847E-002   1.0291E-001  
 1.8027E+000   5.8394E-001  -1.6835E+000   1.8929E-001   8.4065E-001  -3.5001E-001   5.9716E-002  -3.4458E-002  -2.9241E-002   1.0791E-001   2.8076E-003  -3.0144E-002  -9.6294E-002   6.9828E-004  -4.0677E-003  -5.2663E-003   1.8020E-002  -2.3220E-002   5.7118E-003   1.0155E-003   3.3333E-004  -1.3734E-002   1.8615E-002   1.1355E-001  
 2.3140E+000   4.5410E-001  -1.6887E+000   1.5175E-001   9.6987E-001  -2.0981E-001   1.0361E-001  -4.7655E-002  -8.2782E-002   1.5981E-001  -3.9966E-002  -3.3169E-002  -8.9296E-002  -1.0647E-003  -8.3496E-003   2.7742E-004   6.2255E-003  -3.5525E-002   1.8296E-002   2.6329E-003  -1.1194E-004  -1.2669E-002   2.1790E-002   1.1714E-001  
 2.7876E+000   2.9297E-001  -1.4715E+000   4.6039E-002   1.1786E+000   1.3227E-001   1.7001E-001  -6.4266E-002  -1.6710E-001   2.2536E-001  -1.0064E-001  -1.7376E-002  -7.3037E-002  -5.4947E-003  -1.4878E-002   7.7355E-003  -1.7685E-002  -5.1155E-002   3.8678E-002   4.1322E-003  -1.2061E-003  -1.3605E-002   2.4036E-002   1.3478E-001  
 2.6726E+000   3.4619E-001   1.6434E+000   7.4847E-002   8.7875E-001   7.3307E-002  -1.4986E-001  -7.6966E-003   2.2005E-001   7.2907E-002  -8.7246E-002  -2.7384E-002  -4.3129E-002  -1.1100E-002   4.7493E-003  -8.0810E-004   1.0892E-002  -1.7410E-002  -5.0814E-002   3.2658E-003   3.0720E-003  -1.3291E-002   2.7994E-002   1.3193E-001  
 2.1708E+000   3.9959E-001   1.8349E+000   1.6664E-001   9.8492E-001  -2.7165E-001  -8.7450E-002  -3.2540E-003   1.2914E-001   4.6608E-002  -2.8280E-002  -4.3692E-002  -3.6036E-002  -4.6140E-003   1.3292E-003  -4.1372E-003  -1.2568E-002  -9.8444E-003  -2.8138E-002   1.7942E-003   1.3553E-003  -1.2157E-002   2.6601E-002   1.2051E-001  
 1.6315E+000   4.3751E-001   1.8086E+000   1.9074E-001   1.0499E+000  -4.1288E-001  -4.5963E-002  -1.3409E-004   6.8761E-002   2.6407E-002   1.2496E-002  -4.0110E-002  -3.4045E-002  -1.6757E-003  -2.9094E-004  -6.1355E-003  -2.2773E-002  -4.7604E-003  -1.4196E-002   8.0766E-004   3.6252E-004  -1.3862E-002   2.3629E-002   1.2741E-001  
 1.0992E+000   4.6205E-001   1.6174E+000   1.7279E-001   1.0795E+000  -4.2215E-001  -2.0309E-002   1.7091E-003   3.1542E-002   1.1820E-002   4.0109E-002  -2.6584E-002  -3.5640E-002  -6.4620E-004  -9.0400E-004  -7.1855E-003  -2.4270E-002  -1.5849E-003  -6.4034E-003   1.9433E-004   2.6793E-005  -1.7754E-002   1.9059E-002   1.1062E-001  
 6.2838E-001   4.7479E-001   1.3090E+000   1.3533E-001   1.0797E+000  -3.6161E-001  -6.4111E-003   2.3909E-003   1.1642E-002   2.4083E-003   5.8398E-002  -1.0664E-002  -3.9475E-002  -3.8046E-004  -9.1837E-004  -7.8092E-003  -2.1360E-002   1.7416E-004  -2.4671E-003   9.0053E-005  -2.1291E-005  -2.1352E-002   1.4858E-002   8.2115E-002  
 2.5821E-001   4.7753E-001   9.2037E-001   9.5688E-002   1.0575E+000  -2.8145E-001  -4.7319E-005   2.1282E-003   3.3117E-003  -2.5265E-003   7.0012E-002   3.3437E-003  -4.4689E-002  -2.9019E-004  -8.2449E-004  -8.2313E-003  -1.5853E-002   9.8210E-004  -8.1124E-004   3.6697E-005  -2.2185E-005  -2.3890E-002   1.1769E-002   6.1836E-002  
 2.0958E-002   4.7150E-001   4.7957E-001   6.6435E-002   1.0196E+000  -2.1798E-001   1.9773E-003   1.0670E-003   1.9897E-003  -3.6686E-003   7.6461E-002   1.2859E-002  -5.0887E-002  -2.4000E-004  -7.2049E-004  -8.3642E-003  -8.5130E-003   1.0157E-003  -5.8028E-004   1.3762E-005  -1.5261E-005  -2.5432E-002   9.6138E-003   4.6480E-002  
-5.9426E-002   4.5755E-001   1.7802E-002   5.5894E-002   9.7391E-001  -1.9446E-001   2.0318E-003  -6.5529E-004   3.9675E-003  -1.4065E-003   7.8505E-002   1.6183E-002  -5.7479E-002  -1.7364E-004  -6.6208E-004  -8.1961E-003  -3.1708E-004   3.4382E-004  -1.0379E-003   6.8248E-007  -1.3624E-005  -2.5947E-002   8.0636E-003   3.5474E-002  
 2.2427E-002   4.3597E-001  -4.4400E-001   6.6550E-002   9.2783E-001  -2.1798E-001   2.0856E-003  -2.9957E-003   5.9414E-003   4.1048E-003   7.6457E-002   1.2858E-002  -6.3972E-002  -7.5264E-005  -6.8363E-004  -7.7325E-003   7.8787E-003  -1.0103E-003  -1.4931E-003  -1.2976E-005  -1.4661E-005  -2.5430E-002   7.0709E-003   3.5674E-002  
 2.6115E-001   4.0635E-001  -8.8491E-001   9.5918E-002   8.8865E-001  -2.8144E-001   4.1082E-003  -6.0197E-003   4.6076E-003   1.3044E-002   7.0003E-002   3.3413E-003  -6.9870E-002   3.9982E-005  -8.2107E-004  -6.9644E-003   1.5219E-002  -3.0666E-003  -1.2545E-003  -2.3907E-005  -1.5904E-005  -2.3885E-002   7.4317E-003   4.0287E-002  
 6.3282E-001   3.6835E-001  -1.2738E+000   1.3560E-001   8.6422E-001  -3.6162E-001   1.0539E-002  -9.8512E-003  -3.7391E-003   2.5667E-002   5.8466E-002  -1.0628E-002  -7.4531E-002   1.1062E-004  -1.1165E-003  -5.8609E-003   2.0628E-002  -5.8060E-003   4.0618E-004  -1.2917E-005  -2.5614E-005  -2.1442E-002   1.0000E-002   6.6556E-002  
 1.1052E+000   3.2067E-001  -1.5825E+000   1.7297E-001   8.6131E-001  -4.2218E-001   2.4619E-002  -1.4759E-002  -2.3679E-002   4.2631E-002   4.0388E-002  -2.6476E-002  -7.7404E-002  -1.3015E-005  -1.6540E-003  -4.3671E-003   2.3283E-002  -9.2935E-003   4.3989E-003   4.6117E-005  -6.9316E-005  -1.8081E-002   1.4522E-002   9.8969E-002  
 1.6390E+000   2.6134E-001  -1.7742E+000   1.9089E-001   8.8693E-001  -4.1294E-001   5.0440E-002  -2.0928E-002  -6.0976E-002   6.4705E-002   1.2946E-002  -4.0006E-002  -7.7730E-002  -8.8477E-004  -2.9071E-003  -2.3626E-003   2.1658E-002  -1.4046E-002   1.2243E-002   5.5777E-004  -4.1631E-004  -1.4278E-002   1.9680E-002   1.1698E-001  
 2.1800E+000   1.8919E-001  -1.8008E+000   1.6693E-001   9.4691E-001  -2.7178E-001   9.2153E-002  -2.8478E-002  -1.2140E-001   9.2401E-002  -2.7639E-002  -4.3649E-002  -7.4426E-002  -3.7574E-003  -5.1362E-003   4.6561E-004   1.1538E-002  -2.0369E-002   2.6267E-002   1.3139E-003  -1.5509E-003  -1.2447E-002   2.3194E-002   1.1358E-001  
 2.6835E+000   1.0183E-001  -1.6094E+000   7.5654E-002   1.0468E+000   7.2872E-002   1.5514E-001  -3.7609E-002  -2.1248E-001   1.2649E-001  -8.6222E-002  -2.7666E-002  -6.6218E-002  -1.0201E-002  -8.9511E-003   4.3865E-003  -1.1493E-002  -2.8672E-002   4.8962E-002   2.3732E-003  -3.4614E-003  -1.3307E-002   2.5168E-002   1.3332E-001  
 2.6440E+000   1.2220E-001   1.6658E+000   8.4457E-002   9.6310E-001   5.0964E-002  -1.4851E-001   1.4863E-002   2.2976E-001  -2.6730E-002  -8.1951E-002  -3.1176E-002  -5.4680E-002  -1.2044E-002  -2.1827E-003  -2.6035E-003   9.2897E-003   5.7190E-003  -5.2922E-002   4.6257E-004   4.1819E-003  -1.3241E-002   2.6518E-002   1.4099E-001  
 2.1309E+000   1.0523E-001   1.8489E+000   1.7105E-001   9.6618E-001  -2.9465E-001  -8.6834E-002   1.2553E-002   1.3654E-001  -2.2885E-002  -2.3898E-002  -4.7315E-002  -5.5291E-002  -4.8700E-003  -1.9605E-003  -2.2800E-003  -1.3611E-002   5.3190E-003  -2.9472E-002   2.5243E-004   1.9411E-003  -1.2270E-002   2.4864E-002   1.1807E-001  
 1.5804E+000   8.8107E-002   1.8153E+000   1.9056E-001   9.6866E-001  -4.3621E-001  -4.5938E-002   1.0356E-002   7.3927E-002  -1.9157E-002   1.6034E-002  -4.3523E-002  -5.5982E-002  -1.5799E-003  -1.6522E-003  -1.8363E-003  -2.3220E-002   4.6781E-003  -1.4962E-002   1.1407E-004   5.9753E-004  -1.4346E-002   2.1446E-002   1.2843E-001  
 1.0381E+000   7.0694E-002   1.6177E+000   1.6880E-001   9.7066E-001  -4.4562E-001  -2.0786E-002   8.2019E-003   3.4538E-002  -1.5425E-002   4.2984E-002  -2.9827E-002  -5.6622E-002  -4.8746E-004  -1.3204E-003  -1.3572E-003  -2.4377E-002   3.8812E-003  -6.8080E-003   7.7634E-005   1.1518E-004  -1.8410E-002   1.6459E-002   1.0170E-001  
 5.5873E-001   5.3190E-002   1.3039E+000   1.2842E-001   9.7220E-001  -3.8517E-001  -7.3580E-003   6.1056E-003   1.2740E-002  -1.1643E-002   6.0829E-002  -1.3950E-002  -5.7081E-002  -2.0767E-004  -1.0635E-003  -9.4645E-004  -2.1458E-002   3.0144E-003  -2.4765E-003   5.8456E-005   3.2582E-005  -2.1884E-002   1.2258E-002   7.0654E-002  
 1.8201E-001   3.5531E-002   9.1057E-001   8.6552E-002   9.7327E-001  -3.0505E-001  -1.4111E-003   4.0740E-003   2.6516E-003  -7.7893E-003   7.2187E-002   4.0984E-005  -5.7332E-002  -1.4894E-004  -8.6508E-004  -6.2795E-004  -1.5838E-002   2.0268E-003  -4.6601E-004   3.3918E-005   5.6470E-006  -2.4395E-002   9.5846E-003   4.8711E-002  
-5.9593E-002   1.7685E-002   4.6563E-001   5.5883E-002   9.7392E-001  -2.4159E-001   2.5509E-004   2.0309E-003  -3.5229E-004  -3.8888E-003   7.8506E-002   9.5580E-003  -5.7481E-002  -1.5517E-004  -7.4443E-004  -3.1027E-004  -8.3448E-003   1.0142E-003   1.1583E-004   1.5126E-005   6.5789E-007  -2.5948E-002   8.3539E-003   3.6455E-002  
-1.4193E-001  -9.6234E-005   2.1583E-005   4.4831E-002   9.7413E-001  -2.1807E-001   2.2378E-007  -9.4071E-007  -1.0432E-007  -1.2913E-007   8.0508E-002   1.2882E-002  -5.7529E-002  -1.6309E-004  -7.0446E-004   5.4954E-006  -1.2308E-006  -2.1521E-008   8.1336E-009   2.5895E-008  -1.2257E-008  -2.6467E-002   8.0527E-003   3.2482E-002  
-5.9592E-002  -1.7877E-002  -4.6559E-001   5.5882E-002   9.7392E-001  -2.4159E-001  -2.5471E-004  -2.0327E-003   3.5211E-004   3.8884E-003   7.8506E-002   9.5584E-003  -5.7479E-002  -1.5518E-004  -7.4444E-004   3.2127E-004   8.3423E-003  -1.0143E-003  -1.1580E-004  -1.5072E-005  -6.8499E-007  -2.5948E-002   8.3542E-003   3.6458E-002  
 1.8202E-001  -3.5722E-002  -9.1053E-001   8.6550E-002   9.7327E-001  -3.0505E-001   1.4113E-003  -4.0755E-003  -2.6517E-003   7.7886E-003   7.2186E-002   4.1844E-005  -5.7328E-002  -1.4895E-004  -8.6511E-004   6.3900E-004   1.5835E-002  -2.0270E-003   4.6606E-004  -3.3859E-005  -5.6702E-006  -2.4395E-002   9.5850E-003   4.8713E-002  
 5.5874E-001  -5.3381E-002  -1.3038E+000   1.2842E-001   9.7220E-001  -3.8517E-001   7.3579E-003  -6.1067E-003  -1.2740E-002   1.1642E-002   6.0828E-002  -1.3949E-002  -5.7075E-002  -2.0768E-004  -1.0635E-003   9.5758E-004   2.1455E-002  -3.0147E-003   2.4766E-003  -5.8389E-005  -3.2601E-005  -2.1885E-002   1.2259E-002   7.0656E-002  
 1.0381E+000  -7.0882E-002  -1.6177E+000   1.6880E-001   9.7066E-001  -4.4562E-001   2.0786E-002  -8.2023E-003  -3.4537E-002   1.5423E-002   4.2982E-002  -2.9825E-002  -5.6615E-002  -4.8748E-004  -1.3205E-003   1.3685E-003   2.4375E-002  -3.8818E-003   6.8082E-003  -7.7557E-005  -1.1519E-004  -1.8410E-002   1.6459E-002   1.0170E-001  
 1.5804E+000  -8.8293E-002  -1.8153E+000   1.9056E-001   9.6866E-001  -4.3621E-001   4.5937E-002  -1.0355E-002  -7.3926E-002   1.9154E-002   1.6033E-002  -4.3521E-002  -5.5972E-002  -1.5799E-003  -1.6523E-003   1.8478E-003   2.3218E-002  -4.6789E-003   1.4962E-002  -1.1400E-004  -5.9754E-004  -1.4347E-002   2.1446E-002   1.2844E-001  
 2.1309E+000  -1.0541E-001  -1.8489E+000   1.7105E-001   9.6618E-001  -2.9465E-001   8.6832E-002  -1.2552E-002  -1.3654E-001   2.2881E-002  -2.3900E-002  -4.7313E-002  -5.5279E-002  -4.8700E-003  -1.9606E-003   2.2916E-003   1.3608E-002  -5.3199E-003   2.9472E-002  -2.5246E-004  -1.9411E-003  -1.2271E-002   2.4864E-002   1.1808E-001  
 2.6440E+000  -1.2238E-001  -1.6658E+000   8.4452E-002   9.6310E-001   5.0966E-002   1.4850E-001  -1.4861E-002  -2.2976E-001   2.6725E-002  -8.1954E-002  -3.1173E-002  -5.4666E-002  -1.2044E-002  -2.1827E-003   2.6153E-003  -9.2926E-003  -5.7199E-003   5.2922E-002  -4.6279E-004  -4.1819E-003  -1.3241E-002   2.6518E-002   1.4100E-001  
 2.6835E+000  -1.0201E-001   1.6094E+000   7.5662E-002   1.0468E+000   7.2871E-002  -1.5514E-001   3.7612E-002   2.1248E-001  -1.2650E-001  -8.6219E-002  -2.7667E-002  -6.6232E-002  -1.0201E-002  -8.9512E-003  -4.3746E-003   1.1490E-002   2.8671E-002  -4.8962E-002  -2.3734E-003   3.4613E-003  -1.3306E-002   2.5168E-002   1.3331E-001  
 2.1800E+000  -1.8937E-001   1.8009E+000   1.6693E-001   9.4691E-001  -2.7178E-001  -9.2156E-002   2.8480E-002   1.2140E-001  -9.2405E-002  -2.7635E-002  -4.3650E-002  -7.4439E-002  -3.7574E-003  -5.1361E-003  -4.5384E-004  -1.1541E-002   2.0368E-002  -2.6268E-002  -1.3139E-003   1.5508E-003  -1.2447E-002   2.3194E-002   1.1357E-001  
 1.6390E+000  -2.6152E-001   1.7742E+000   1.9090E-001   8.8692E-001  -4.1294E-001  -5.0442E-002   2.0929E-002   6.0976E-002  -6.4708E-002   1.2949E-002  -4.0006E-002  -7.7740E-002  -8.8482E-004  -2.9070E-003   2.3742E-003  -2.1662E-002   1.4045E-002  -1.2243E-002  -5.5772E-004   4.1629E-004  -1.4278E-002   1.9680E-002   1.1698E-001  
 1.1052E+000  -3.2086E-001   1.5826E+000   1.7298E-001   8.6131E-001  -4.2218E-001  -2.4620E-002   1.4759E-002   2.3678E-002  -4.2633E-002   4.0390E-002  -2.6476E-002  -7.7412E-002  -1.3043E-005  -1.6539E-003   4.3785E-003  -2.3286E-002   9.2929E-003  -4.3991E-003  -4.6047E-005   6.9302E-005  -1.8081E-002   1.4522E-002   9.8967E-002  
 6.3281E-001  -3.6854E-001   1.2738E+000   1.3561E-001   8.6421E-001  -3.6161E-001  -1.0540E-002   9.8505E-003   3.7385E-003  -2.5668E-002   5.8468E-002  -1.0627E-002  -7.4537E-002   1.1060E-004  -1.1165E-003   5.8722E-003  -2.0631E-002   5.8057E-003  -4.0631E-004   1.2980E-005   2.5597E-005  -2.1441E-002   1.0000E-002   6.6556E-002  
 2.6114E-001  -4.0654E-001   8.8495E-001   9.5922E-002   8.8864E-001  -2.8144E-001  -4.1084E-003   6.0185E-003  -4.6081E-003  -1.3045E-002   7.0005E-002   3.3424E-003  -6.9874E-002   3.9976E-005  -8.2104E-004   6.9755E-003  -1.5222E-002   3.0664E-003   1.2544E-003   2.3963E-005   1.5882E-005  -2.3885E-002   7.4312E-003   4.0288E-002  
 2.2421E-002  -4.3616E-001   4.4405E-001   6.6553E-002   9.2783E-001  -2.1798E-001  -2.0854E-003   2.9942E-003  -5.9418E-003  -4.1051E-003   7.6459E-002   1.2860E-002  -6.3974E-002  -7.5259E-005  -6.8362E-004   7.7436E-003  -7.8812E-003   1.0102E-003   1.4930E-003   1.3030E-005   1.4635E-005  -2.5429E-002   7.0705E-003   3.5668E-002  
-5.9431E-002  -4.5774E-001  -1.7759E-002   5.5897E-002   9.7391E-001  -1.9446E-001  -2.0314E-003   6.5368E-004  -3.9677E-003   1.4064E-003   7.8507E-002   1.6185E-002  -5.7479E-002  -1.7364E-004  -6.6208E-004   8.2072E-003   3.1461E-004  -3.4383E-004   1.0379E-003  -6.2899E-007   1.3600E-005  -2.5947E-002   8.0636E-003   3.5469E-002  
 2.0955E-002  -4.7169E-001  -4.7953E-001   6.6437E-002   1.0196E+000  -2.1798E-001  -1.9767E-003  -1.0685E-003  -1.9897E-003   3.6684E-003   7.6463E-002   1.2862E-002  -5.0885E-002  -2.4001E-004  -7.2050E-004   8.3753E-003   8.5105E-003  -1.0158E-003   5.8037E-004  -1.3705E-005   1.5235E-005  -2.5432E-002   9.6140E-003   4.6483E-002  
 2.5821E-001  -4.7772E-001  -9.2032E-001   9.5689E-002   1.0575E+000  -2.8145E-001   4.7864E-005  -2.1296E-003  -3.3114E-003   2.5260E-003   7.0012E-002   3.3465E-003  -4.4686E-002  -2.9020E-004  -8.2451E-004   8.2423E-003   1.5851E-002  -9.8221E-004   8.1141E-004  -3.6637E-005   2.2162E-005  -2.3890E-002   1.1769E-002   6.1839E-002  
 6.2838E-001  -4.7498E-001  -1.3090E+000   1.3533E-001   1.0797E+000  -3.6161E-001   6.4116E-003  -2.3918E-003  -1.1641E-002  -2.4092E-003   5.8398E-002  -1.0661E-002  -3.9470E-002  -3.8050E-004  -9.1842E-004   7.8204E-003   2.1357E-002  -1.7443E-004   2.4674E-003  -8.9987E-005   2.1273E-005  -2.1351E-002   1.4858E-002   8.2120E-002  
 1.0992E+000  -4.6224E-001  -1.6173E+000   1.7279E-001   1.0796E+000  -4.2215E-001   2.0309E-002  -1.7095E-003  -3.1541E-002  -1.1822E-002   4.0109E-002  -2.6580E-002  -3.5633E-002  -6.4625E-004  -9.0409E-004   7.1968E-003   2.4268E-002   1.5845E-003   6.4038E-003  -1.9426E-004  -2.6811E-005  -1.7754E-002   1.9060E-002   1.1062E-001  
 1.6315E+000  -4.3770E-001  -1.8086E+000   1.9074E-001   1.0499E+000  -4.1288E-001   4.5962E-002   1.3445E-004  -6.8759E-002  -2.6410E-002   1.2496E-002  -4.0106E-002  -3.4036E-002  -1.6757E-003  -2.9109E-004   6.1470E-003   2.2770E-002   4.7597E-003   1.4196E-002  -8.0758E-004  -3.6252E-004  -1.3862E-002   2.3630E-002   1.2742E-001  
 2.1709E+000  -3.9977E-001  -1.8349E+000   1.6664E-001   9.8493E-001  -2.7165E-001   8.7449E-002   3.2552E-003  -1.2913E-001  -4.6611E-002  -2.8280E-002  -4.3687E-002  -3.6024E-002  -4.6140E-003   1.3291E-003   4.1488E-003   1.2565E-002   9.8436E-003   2.8138E-002  -1.7942E-003  -1.3552E-003  -1.2157E-002   2.6601E-002   1.2052E-001  
 2.6726E+000  -3.4637E-001  -1.6433E+000   7.4845E-002   8.7875E-001   7.3309E-002   1.4985E-001   7.6987E-003  -2.2005E-001  -7.2912E-002  -8.7246E-002  -2.7379E-002  -4.3115E-002  -1.1100E-002   4.7493E-003   8.1989E-004  -1.0895E-002   1.7409E-002   5.0814E-002  -3.2659E-003  -3.0718E-003  -1.3291E-002   2.7995E-002   1.3194E-001  
 2.7876E+000  -2.9315E-001   1.4715E+000   4.6049E-002   1.1786E+000   1.3227E-001  -1.7001E-001   6.4269E-002   1.6710E-001  -2.2536E-001  -1.0064E-001  -1.7375E-002  -7.3051E-002  -5.4947E-003  -1.4878E-002  -7.7235E-003   1.7682E-002   5.1154E-002  -3.8678E-002  -4.1324E-003   1.2058E-003  -1.3605E-002   2.4037E-002   1.3477E-001  
 2.3140E+000  -4.5428E-001   1.6887E+000   1.5176E-001   9.6987E-001  -2.0981E-001  -1.0361E-001   4.7658E-002   8.2780E-002  -1.5981E-001  -3.9961E-002  -3.3168E-002  -8.9309E-002  -1.0647E-003  -8.3496E-003  -2.6546E-004  -6.2288E-003   3.5524E-002  -1.8296E-002  -2.6329E-003   1.1180E-004  -1.2668E-002   2.1791E-002   1.1713E-001  
 1.8027E+000  -5.8412E-001   1.6835E+000   1.8930E-001   8.4065E-001  -3.5001E-001  -5.9719E-002   3.4459E-002   2.9239E-002  -1.0791E-001   2.8122E-003  -3.0142E-002  -9.6305E-002   6.9820E-004  -4.0676E-003   5.2781E-003  -1.8023E-002   2.3220E-002  -5.7123E-003  -1.0155E-003  -3.3339E-004  -1.3733E-002   1.8615E-002   1.1354E-001  
 1.2958E+000  -6.8760E-001   1.5105E+000   1.8287E-001   7.8035E-001  -3.5879E-001  -3.2046E-002   2.4061E-002  -1.7130E-003  -6.7314E-002   3.2004E-002  -1.7026E-002  -9.5987E-002   7.9951E-004  -1.7712E-003   9.1278E-003  -2.0963E-002   1.4117E-002   8.8850E-004  -7.5452E-005  -8.2283E-005  -1.6794E-002   1.3847E-002   1.0292E-001  
 8.4554E-001  -7.6731E-001   1.2178E+000   1.5436E-001   7.7760E-001  -2.9793E-001  -1.6178E-002   1.6026E-002  -1.5862E-002  -3.6787E-002   5.1059E-002  -1.1762E-003  -9.0293E-002   5.6701E-004  -9.8481E-004   1.1706E-002  -1.8798E-002   7.9294E-003   3.7573E-003   2.3488E-005  -2.6542E-005  -2.0109E-002   8.8291E-003   6.8843E-002  
 4.9034E-001  -8.2693E-001   8.4278E-001   1.2132E-001   8.1824E-001  -2.1768E-001  -8.2679E-003   1.0091E-002  -1.8813E-002  -1.5140E-002   6.3157E-002   1.2790E-002  -8.1302E-002   2.6575E-004  -6.2087E-004   1.3698E-002  -1.3978E-002   3.4249E-003   4.3863E-003   3.2450E-005   1.8543E-005  -2.2381E-002   6.0747E-003   4.0676E-002  
 2.6164E-001  -8.6910E-001   4.1442E-001   9.5962E-002   8.8864E-001  -1.5422E-001  -5.1096E-003   5.9315E-003  -1.4957E-002  -1.0084E-003   7.0004E-002   2.2308E-002  -6.9870E-002  -1.5760E-005  -5.0200E-004   1.4942E-002  -7.1130E-003   3.1333E-004   3.5714E-003   1.1299E-005   3.0855E-005  -2.3884E-002   6.4217E-003   3.4898E-002  
 1.8267E-001  -8.9471E-001  -3.5604E-002   8.6605E-002   9.7326E-001  -1.3071E-001  -4.0741E-003   3.2343E-003  -7.9470E-003   6.1743E-003   7.2186E-002   2.5635E-002  -5.7327E-002  -2.2310E-004  -5.3416E-004   1.5557E-002   6.3236E-004  -1.3846E-003   2.0744E-003  -4.1591E-006   2.4507E-005  -2.4394E-002   8.5498E-003   4.3652E-002  
 2.5870E-001  -9.0451E-001  -4.8556E-001   9.5730E-002   1.0575E+000  -1.5422E-001  -3.0375E-003   1.8707E-003  -9.2877E-004   6.7538E-003   7.0012E-002   2.2312E-002  -4.4684E-002  -3.4585E-004  -6.4630E-004   1.5573E-002   8.3777E-003  -1.7050E-003   5.7238E-004  -4.7619E-006   2.3673E-005  -2.3889E-002   1.1158E-002   5.8652E-002  
 4.8444E-001  -8.9787E-001  -9.1368E-001   1.2087E-001   1.1266E+000  -2.1769E-001   1.1263E-004   1.9352E-003   2.9535E-003   4.0506E-004   6.3157E-002   1.2798E-002  -3.2937E-002  -3.9323E-004  -7.6892E-004   1.4981E-002   1.5259E-002  -6.0032E-004  -2.6603E-004  -8.3069E-006   5.0800E-005  -2.2369E-002   1.4158E-002   7.7117E-002  
 8.3656E-001  -8.7332E-001  -1.2882E+000   1.5396E-001   1.1650E+000  -2.9793E-001   7.7842E-003   3.6245E-003   6.7708E-005  -1.3606E-002   5.0753E-002  -1.2277E-003  -2.3201E-002  -3.9454E-004  -7.9061E-004   1.3881E-002   2.0413E-002   2.0852E-003   2.6955E-004  -5.6789E-005   1.0410E-004  -1.9741E-002   1.7757E-002   9.8611E-002  
 1.2837E+000  -8.2839E-001  -1.5801E+000   1.8258E-001   1.1591E+000  -3.5875E-001   2.3379E-002   7.3833E-003  -1.3997E-002  -3.6605E-002   3.1386E-002  -1.7169E-002  -1.6475E-002  -4.6793E-004  -5.4142E-004   1.2249E-002   2.2971E-002   6.5411E-003   3.0393E-003  -2.0305E-004   1.6629E-004  -1.6083E-002   2.2124E-002   1.2605E-001  
 1.7875E+000  -7.5963E-001  -1.7525E+000   1.8894E-001   1.0947E+000  -3.4990E-001   5.0685E-002   1.3388E-002  -4.4837E-002  -6.9613E-002   1.8429E-003  -3.0255E-002  -1.5012E-002  -8.1497E-004   1.1881E-003   9.2568E-003   2.0130E-002   1.4174E-002   9.5323E-003  -1.2646E-003   5.3822E-004  -1.3012E-002   2.5914E-002   1.2409E-001  
 2.2956E+000  -6.6401E-001  -1.7571E+000   1.5104E-001   9.6035E-001  -2.0951E-001   9.4031E-002   2.2054E-002  -9.8275E-002  -1.1388E-001  -4.1373E-002  -3.3128E-002  -2.0890E-002  -2.7102E-003   4.9291E-003   4.3941E-003   8.1109E-003   2.5361E-002   2.1969E-002  -3.0845E-003   3.3790E-004  -1.2208E-002   2.8173E-002   1.2976E-001  
 2.7656E+000  -5.3698E-001  -1.5398E+000   4.4187E-002   7.4501E-001   1.3317E-001   1.5925E-001   3.3743E-002  -1.8238E-001  -1.7133E-001  -1.0279E-001  -1.6750E-002  -3.6413E-002  -7.1496E-003   1.1151E-002  -2.6899E-003  -1.6623E-002   4.0436E-002   4.2240E-002  -4.8827E-003  -3.9959E-004  -1.3623E-002   2.9415E-002   1.3756E-001  
 2.9389E+000  -4.1481E-001   1.2546E+000  -1.4687E-002   1.4075E+000   2.1049E-001  -1.8907E-001   9.6253E-002   9.0455E-002  -3.1607E-001  -1.2789E-001   2.2125E-004  -6.7088E-002   2.0455E-003  -2.1982E-002  -1.5305E-002   2.9773E-002   7.4633E-002  -2.2453E-002  -5.5281E-003  -2.0336E-003  -1.4196E-002   2.3633E-002   1.4508E-001  
 2.5165E+000  -6.5269E-001   1.5100E+000   1.1875E-001   1.0763E+000  -1.3148E-001  -1.2172E-001   7.3232E-002   1.9681E-002  -2.2186E-001  -6.1789E-002  -1.8150E-002  -9.5547E-002   3.8654E-003  -1.0698E-002  -3.3744E-003   2.4120E-003   5.0047E-002  -4.6365E-003  -2.6405E-003  -2.0830E-003  -1.3082E-002   2.0904E-002   1.1790E-001  
 2.0526E+000  -8.4437E-001   1.5409E+000   1.7857E-001   8.6568E-001  -2.7026E-001  -7.4261E-002   5.3995E-002  -2.2455E-002  -1.4552E-001  -1.5243E-002  -1.5886E-002  -1.0836E-001   3.4593E-003  -4.5654E-003   5.5440E-003  -1.2168E-002   3.1476E-002   5.1882E-003  -7.2187E-004  -1.3888E-003  -1.2950E-002   1.8475E-002   1.0663E-001  
 1.5889E+000  -9.9577E-001   1.3996E+000   1.9076E-001   7.5766E-001  -2.7826E-001  -4.3227E-002   3.8825E-002  -4.2767E-002  -8.5842E-002   1.6764E-002  -3.0850E-003  -1.0964E-001   2.2231E-003  -1.6076E-003   1.1660E-002  -1.7050E-002   1.8000E-002   9.3503E-003   9.6697E-005  -5.3615E-004  -1.4954E-002   1.4680E-002   1.1139E-001  
 1.1746E+000  -1.1105E+000   1.1342E+000   1.7686E-001   7.3527E-001  -2.1718E-001  -2.4542E-002   2.7301E-002  -4.6977E-002  -4.1518E-002   3.7791E-002   1.2641E-002  -1.0260E-001   1.1684E-003  -5.2297E-004   1.5585E-002  -1.6047E-002   8.7495E-003   1.0132E-002   1.2417E-004  -5.2134E-005  -1.7864E-002   1.0208E-002   8.6108E-002  
 8.4637E-001  -1.1941E+000   7.8316E-001   1.5440E-001   7.7759E-001  -1.3693E-001  -1.4208E-002   1.8940E-002  -4.0521E-002  -1.0457E-002   5.1088E-002   2.6612E-002  -9.0275E-002   4.7654E-004  -1.7671E-004   1.8332E-002  -1.1979E-002   2.3676E-003   8.8904E-003   7.5401E-005   5.4157E-005  -2.0143E-002   7.4628E-003   6.8870E-002  
 6.3414E-001  -1.2501E+000   3.7642E-001   1.3569E-001   8.6420E-001  -7.3555E-002  -8.9463E-003   1.3294E-002  -2.7651E-002   9.0762E-003   5.8490E-002   3.6146E-002  -7.4520E-002  -3.5573E-005  -1.5991E-004   2.0177E-002  -6.0026E-003  -1.7844E-003   6.3228E-003   2.0106E-006   7.0689E-005  -2.1469E-002   7.9879E-003   5.8672E-002  
 5.6022E-001  -1.2802E+000  -5.3262E-002   1.2853E-001   9.7219E-001  -5.0101E-002  -6.1051E-003   1.0106E-002  -1.1878E-002   1.8003E-002   6.0843E-002   3.9500E-002  -5.7071E-002  -3.7190E-004  -3.2356E-004   2.1013E-002   9.5080E-004  -3.8341E-003   3.0858E-003  -2.8411E-005   3.0973E-005  -2.1902E-002   1.0465E-002   6.6031E-002  
 6.2970E-001  -1.2853E+000  -4.8282E-001   1.3541E-001   1.0797E+000  -7.3576E-002  -3.2937E-003   9.1680E-003   3.9210E-003   1.6822E-002   5.8423E-002   3.6191E-002  -3.9474E-002  -5.2624E-004  -5.7458E-004   2.0903E-002   7.9479E-003  -3.7976E-003  -1.9939E-004  -1.0806E-006   2.5523E-006  -2.1381E-002   1.3596E-002   7.7330E-002  
 8.3739E-001  -1.2645E+000  -8.8913E-001   1.5400E-001   1.1650E+000  -1.3697E-001   1.8077E-003   1.0550E-002   1.6871E-002   5.0244E-003   5.0784E-002   2.6683E-002  -2.3212E-002  -4.8445E-004  -8.0296E-004   1.9946E-002   1.4152E-002  -1.5627E-003  -2.9015E-003   5.1301E-005   3.4071E-005  -1.9777E-002   1.7133E-002   9.6428E-002  
 1.1611E+000  -1.2158E+000  -1.2394E+000   1.7647E-001   1.2051E+000  -2.1720E-001   1.1856E-002   1.4618E-002   2.3431E-002  -1.8439E-002   3.7140E-002   1.2655E-002  -1.0058E-002  -2.6067E-004  -8.4251E-004   1.8164E-002   1.8628E-002   3.0300E-003  -4.2657E-003   7.2349E-005   1.5633E-004  -1.7109E-002   2.1109E-002   1.1900E-001  
 1.5707E+000  -1.1356E+000  -1.5039E+000   1.9037E-001   1.1795E+000  -2.7824E-001   3.0166E-002   2.1802E-002   1.9314E-002  -5.5202E-002   1.5720E-002  -3.1545E-003  -2.0328E-003   3.8694E-004  -2.6462E-004   1.5143E-002   1.9991E-002   1.0641E-002  -3.6356E-003   2.1781E-005   7.3108E-004  -1.3948E-002   2.5170E-002   1.2763E-001  
 2.0297E+000  -1.0188E+000  -1.6442E+000   1.7794E-001   1.0673E+000  -2.7013E-001   6.0645E-002   3.2458E-002  -9.1889E-004  -1.0722E-001  -1.6802E-002  -1.5945E-002  -2.3082E-003   1.3240E-003   2.1303E-003   9.7426E-003   1.5134E-002   2.2759E-002   3.0418E-004  -8.4810E-004   1.7677E-003  -1.2068E-002   2.8095E-002   1.1825E-001  
 2.4887E+000  -8.6147E-001  -1.6125E+000   1.1722E-001   8.5106E-001  -1.3098E-001   1.0701E-001   4.6854E-002  -4.2993E-002  -1.7554E-001  -6.4166E-002  -1.7892E-002  -1.4488E-002   1.6743E-003   7.8960E-003   1.1864E-003  -3.7955E-005   4.0533E-002   9.8574E-003  -2.9409E-003   2.8955E-003  -1.2700E-002   2.9466E-002   1.3011E-001  
 2.9030E+000  -6.5967E-001  -1.3611E+000  -2.1182E-002   5.0981E-001   2.1427E-001   1.6924E-001   6.3075E-002  -1.1284E-001  -2.5838E-001  -1.3265E-001   3.0318E-003  -4.4859E-002   2.6611E-004   2.0840E-002  -1.1254E-002  -2.9845E-002   6.6289E-002   2.7839E-002  -6.7480E-003   3.8383E-003  -1.4383E-002   3.0885E-002   1.6084E-001  
 3.0474E+000  -4.7946E-001   1.0398E+000  -1.7705E-001   1.8436E+000   3.0938E-001  -1.6171E-001   1.0801E-001  -1.9036E-002  -3.5619E-001  -1.9353E-001   3.7032E-002  -1.5559E-002   2.0879E-002  -3.8050E-002  -4.0990E-002   7.0030E-002   1.0120E-001   1.8206E-003  -4.4704E-003  -6.5265E-003  -1.7428E-002   1.8625E-002   1.2760E-001  
 2.7654E+000  -7.4831E-001   1.2573E+000   5.7040E-002   1.3051E+000  -7.2314E-002  -1.4781E-001   1.0940E-001  -7.0864E-002  -2.7625E-001  -9.4775E-002  -2.2343E-003  -8.9202E-002   1.1058E-002  -1.0738E-002  -1.1475E-002   1.4359E-002   6.2688E-002   1.5801E-002  -1.0134E-003  -3.7831E-003  -1.3706E-002   2.0751E-002   1.2066E-001  
 2.3629E+000  -1.0090E+000   1.3411E+000   1.4627E-001   9.9588E-001  -2.0905E-001  -9.4304E-002   8.2883E-002  -9.6573E-002  -1.7360E-001  -4.3602E-002  -8.6844E-005  -1.0968E-001   8.0633E-003  -3.9048E-003   8.9845E-004  -2.9080E-003   3.8585E-002   2.1590E-002   5.3202E-004  -2.6637E-003  -1.2902E-002   1.8628E-002   1.0630E-001  
 1.9564E+000  -1.2140E+000   1.2454E+000   1.8420E-001   8.2042E-001  -2.1648E-001  -5.8605E-002   6.2330E-002  -1.0149E-001  -9.4281E-002  -7.4572E-003   1.2424E-002  -1.1533E-001   4.5990E-003  -3.9702E-004   1.0076E-002  -1.0744E-002   2.0289E-002   2.2032E-002   9.6550E-004  -8.9688E-004  -1.3506E-002   1.6184E-002   1.0435E-001  
 1.5901E+000  -1.3682E+000   1.0194E+000   1.9079E-001   7.5765E-001  -1.5541E-001  -3.6077E-002   4.6965E-002  -9.1346E-002  -3.5609E-002   1.6828E-002   2.8134E-002  -1.0961E-001   2.0995E-003   6.8114E-004   1.6349E-002  -1.2110E-002   7.5751E-003   1.9369E-002   5.9945E-004  -2.0466E-006  -1.5022E-002   1.3704E-002   1.0243E-001  
 1.2978E+000  -1.4791E+000   7.0345E-001   1.8292E-001   7.8033E-001  -7.5380E-002  -2.2249E-002   3.5797E-002  -7.1100E-002   5.3942E-003   3.2104E-002   4.2221E-002  -9.5942E-002   5.8665E-004   6.9548E-004   2.0240E-002  -9.3920E-003  -8.9003E-004   1.5073E-002   1.2731E-004   1.8224E-004  -1.6909E-002   1.1899E-002   9.8805E-002  
 1.1077E+000  -1.5512E+000   3.2875E-001   1.7306E-001   8.6129E-001  -1.2285E-002  -1.3861E-002   2.8380E-002  -4.4679E-002   3.0721E-002   4.0506E-002   5.1752E-002  -7.7374E-002  -2.8038E-004   4.2917E-004   2.2554E-002  -4.4983E-003  -6.1651E-003   9.8178E-003  -4.2598E-005   1.6099E-004  -1.8214E-002   1.2108E-002   9.1675E-002  
 1.0408E+000  -1.5863E+000  -7.0762E-002   1.6889E-001   9.7064E-001   1.1048E-002  -8.1991E-003   2.4550E-002  -1.5736E-002   4.1505E-002   4.3104E-002   5.5130E-002  -5.6608E-002  -7.7240E-004  -4.8717E-005   2.3641E-002   1.3599E-003  -8.5512E-003   3.9786E-003  -1.0849E-004   4.4703E-005  -1.8548E-002   1.4218E-002   9.5532E-002  
 1.1017E+000  -1.5860E+000  -4.7008E-001   1.7287E-001   1.0795E+000  -1.2331E-002  -2.6011E-003   2.4075E-002   1.3244E-002   3.8428E-002   4.0229E-002   5.1869E-002  -3.5650E-002  -9.1255E-004  -6.0507E-004   2.3533E-002   7.3110E-003  -8.1215E-003  -1.9148E-003  -4.4297E-005  -6.7928E-005  -1.7892E-002   1.7312E-002   1.0691E-001  
 1.2857E+000  -1.5488E+000  -8.4420E-001   1.8263E-001   1.1591E+000  -7.5446E-002   5.5747E-003   2.7139E-002   3.9769E-002   2.0793E-002   3.1492E-002   4.2389E-002  -1.6503E-002  -6.7906E-004  -1.1029E-003   2.2242E-002   1.2510E-002  -4.7197E-003  -7.3008E-003   1.2111E-004  -7.8661E-005  -1.6203E-002   2.0981E-002   1.1933E-001  
 1.5719E+000  -1.4725E+000  -1.1593E+000   1.9040E-001   1.1795E+000  -1.5548E-001   1.9055E-002   3.3918E-002   6.0092E-002  -1.2622E-002   1.5791E-002   2.8242E-002  -2.0455E-003   2.6060E-004  -1.5012E-003   1.9291E-002   1.5598E-002   2.0082E-003  -1.1805E-002   6.4864E-004   1.4356E-004  -1.4011E-002   2.4636E-002   1.2921E-001  
 1.9321E+000  -1.3527E+000  -1.3841E+000   1.8356E-001   1.1134E+000  -2.1651E-001   4.1015E-002   4.4751E-002   7.0263E-002  -6.3659E-002  -9.0836E-003   1.2451E-002   4.4806E-003   2.3123E-003  -9.2543E-004   1.3733E-002   1.4405E-002   1.3237E-002  -1.4771E-002   1.0511E-003   1.1952E-003  -1.2496E-002   2.7493E-002   1.2043E-001  
 2.3323E+000  -1.1823E+000  -1.4788E+000   1.4494E-001   9.3333E-001  -2.0892E-001   7.5797E-002   6.0497E-002   6.5283E-002  -1.3507E-001  -4.6020E-002  -2.0599E-005  -5.7590E-004   5.5590E-003   2.0944E-003   4.9706E-003   6.3116E-003   3.0432E-002  -1.4737E-002   6.2895E-004   3.3155E-003  -1.2241E-002   2.9421E-002   1.2145E-001  
 2.7278E+000  -9.5622E-001  -1.3945E+000   5.3984E-002   6.1780E-001  -7.1679E-002   1.2757E-001   8.1664E-002   3.9410E-002  -2.2930E-001  -9.8398E-002  -1.7732E-003  -2.1061E-002   8.6024E-003   8.5888E-003  -7.4226E-003  -1.1923E-002   5.3984E-002  -9.4393E-003  -9.8431E-004   4.8745E-003  -1.3662E-002   3.0572E-002   1.3160E-001  
 2.9675E+000  -7.4857E-001  -1.2200E+000  -2.1656E-001   3.7122E-002   3.2793E-001   1.0857E-001   5.4947E-002  -1.4691E-002  -2.7868E-001  -2.1228E-001   4.6806E-002  -1.1472E-001   2.3115E-002   4.1675E-002  -4.5462E-002  -8.0225E-002   9.8179E-002   2.7504E-003  -4.9876E-003   8.5641E-003  -1.8046E-002   2.4641E-002   1.5340E-001  
 2.3645E+000  -1.3021E+000   1.0404E+000   1.4634E-001   9.9584E-001  -2.2295E-001  -7.9188E-002   9.9091E-002  -1.8088E-001  -8.7642E-002  -4.3479E-002   2.4711E-002  -1.0967E-001   7.9307E-003   3.2134E-003   2.0530E-003  -1.5539E-003   1.9532E-002   4.0259E-002   2.7301E-003  -4.9743E-004  -1.2932E-002   1.7912E-002   9.9151E-002  
 2.0553E+000  -1.5019E+000   8.6804E-001   1.7866E-001   8.6562E-001  -1.6246E-001  -5.1271E-002   7.9066E-002  -1.5109E-001  -1.3583E-002  -1.5052E-002   4.0678E-002  -1.0833E-001   3.2059E-003   3.7217E-003   1.1254E-002  -6.0017E-003   3.0900E-003   3.2795E-002   1.4621E-003   7.8759E-004  -1.3047E-002   1.6968E-002   1.0144E-001  
 1.8062E+000  -1.6445E+000   5.9996E-001   1.8939E-001   8.4059E-001  -8.3217E-002  -3.2662E-002   6.4538E-002  -1.1177E-001   3.8055E-002   3.0418E-003   5.5060E-002  -9.6262E-002   3.4916E-004   3.0509E-003   1.7056E-002  -5.5536E-003  -7.8214E-003   2.4144E-002   3.9017E-004   1.1104E-003  -1.3897E-002   1.6438E-002   1.0899E-001  
 1.6431E+000  -1.7352E+000   2.6941E-001   1.9100E-001   8.8688E-001  -2.0602E-002  -2.0037E-002   5.5267E-002  -6.6832E-002   6.9723E-002   1.3194E-002   6.4989E-002  -7.7702E-002  -1.2930E-003   1.7201E-003   2.0654E-002  -2.5022E-003  -1.4350E-002   1.4566E-002  -3.7435E-004   6.8049E-004  -1.4487E-002   1.7197E-002   1.1283E-001  
 1.5847E+000  -1.7763E+000  -8.8171E-002   1.9065E-001   9.6863E-001   2.5541E-003  -1.0351E-002   5.0761E-002  -1.9548E-002   8.2593E-002   1.6280E-002   6.8521E-002  -5.5964E-002  -2.0099E-003   3.0099E-004   2.2184E-002   1.8353E-003  -1.7056E-002   4.7971E-003  -5.7269E-004   3.7215E-005  -1.4581E-002   1.9045E-002   1.2512E-001  
 1.6355E+000  -1.7696E+000  -4.4553E-001   1.9083E-001   1.0499E+000  -2.0692E-002  -7.5021E-004   5.0782E-002   2.7749E-002   7.7342E-002   1.2735E-002   6.5091E-002  -3.4051E-002  -2.0908E-003  -1.2233E-003   2.1742E-002   6.2614E-003  -1.6266E-002  -5.0449E-003  -3.6431E-004  -6.3595E-004  -1.4089E-002   2.1593E-002   1.2159E-001  
 1.7910E+000  -1.7135E+000  -7.7542E-001   1.8901E-001   1.0947E+000  -8.3388E-002   1.1598E-002   5.5504E-002   7.2699E-002   5.3324E-002   2.0682E-003   5.5183E-002  -1.5028E-002  -1.1844E-003  -2.8563E-003   1.9136E-002   9.5273E-003  -1.1567E-002  -1.4853E-002   4.9515E-004  -1.0809E-003  -1.3193E-002   2.4398E-002   1.2605E-001  
 2.0324E+000  -1.6052E+000  -1.0425E+000   1.7801E-001   1.0673E+000  -1.6267E-001   2.9733E-002   6.5450E-002   1.1203E-001   9.3120E-003  -1.6620E-002   4.0763E-002  -2.3176E-003   1.0425E-003  -3.9363E-003   1.4186E-002   1.0193E-002  -2.2743E-003  -2.3822E-002   1.6776E-003  -6.4751E-004  -1.2189E-002   2.7124E-002   1.1953E-001  
 2.3338E+000  -1.4398E+000  -1.2137E+000   1.4499E-001   9.3336E-001  -2.2317E-001   5.6797E-002   8.0595E-002   1.4162E-001  -5.6971E-002  -4.5905E-002   2.4694E-002  -5.6148E-004   5.3925E-003  -3.9857E-003   5.4274E-003   5.6258E-003   1.2870E-002  -3.1831E-002   3.1341E-003   8.6886E-004  -1.2292E-002   2.8964E-002   1.2439E-001  
 2.7689E+000  -1.2107E+000   7.7961E-001   5.7394E-002   1.3049E+000  -3.5839E-001  -1.0580E-001   1.5388E-001  -2.8373E-001  -6.0158E-002  -9.4397E-002   2.6735E-002  -8.9329E-002   1.0821E-002   1.0061E-002  -1.5216E-002   1.0756E-002   1.3543E-002   6.4197E-002   3.9078E-003   9.5759E-004  -1.3666E-002   1.9662E-002   1.1387E-001  
 2.5211E+000  -1.4634E+000   6.7631E-001   1.1905E-001   1.0761E+000  -2.9998E-001  -7.0564E-002   1.2776E-001  -2.2758E-001   3.0330E-002  -6.1368E-002   4.2773E-002  -9.5596E-002   3.5210E-003   9.8603E-003  -3.3831E-003   2.8666E-003  -6.9342E-003   5.1246E-002   2.2201E-003   2.6183E-003  -1.3113E-002   1.9141E-002   1.1204E-001  
 2.3195E+000  -1.6423E+000   4.7010E-001   1.5200E-001   9.6975E-001  -2.2219E-001  -4.5890E-002   1.0962E-001  -1.6379E-001   9.3352E-002  -3.9527E-002   5.7866E-002  -8.9305E-002  -1.5121E-003   7.3468E-003   5.1423E-003  -4.2944E-005  -2.0624E-002   3.6380E-002   1.3297E-005   2.6723E-003  -1.2790E-002   1.9516E-002   1.1260E-001  
 2.1859E+000  -1.7544E+000   1.9725E-001   1.6714E-001   9.4683E-001  -1.6057E-001  -2.7602E-002   9.8140E-002  -9.4625E-002   1.3188E-001  -2.7202E-002   6.8374E-002  -7.4418E-002  -4.2817E-003   3.9663E-003   1.0366E-002   3.0668E-004  -2.8618E-002   2.0864E-002  -1.4466E-003   1.4210E-003  -1.2635E-002   2.0685E-002   1.0990E-001  
 2.1370E+000  -1.8025E+000  -1.0529E-001   1.7125E-001   9.6613E-001  -1.3783E-001  -1.2552E-002   9.2809E-002  -2.3367E-002   1.4693E-001  -2.3466E-002   7.2047E-002  -5.5280E-002  -5.4309E-003   6.0961E-004   1.2403E-002   2.2707E-003  -3.1823E-002   5.4422E-003  -1.8671E-003  -9.8999E-005  -1.2482E-002   2.2413E-002   1.1354E-001  
 2.1768E+000  -1.7885E+000  -4.0760E-001   1.6683E-001   9.8491E-001  -1.6074E-001   2.3792E-003   9.3425E-002   4.7866E-002   1.3943E-001  -2.7851E-002   6.8407E-002  -3.6030E-002  -5.1699E-003  -2.8567E-003   1.1372E-002   4.2702E-003  -3.0471E-002  -1.0089E-002  -1.3153E-003  -1.6038E-003  -1.2350E-002   2.4434E-002   1.1755E-001  
 2.3011E+000  -1.7106E+000  -6.7977E-001   1.5125E-001   9.6039E-001  -2.2259E-001   2.0293E-002   1.0002E-001   1.1691E-001   1.0848E-001  -4.0957E-002   5.7807E-002  -2.0871E-002  -3.2265E-003  -6.6046E-003   6.9746E-003   4.6854E-003  -2.4262E-002  -2.5949E-002   3.2650E-004  -2.8463E-003  -1.2350E-002   2.6433E-002   1.2702E-001  
 2.4933E+000  -1.5660E+000  -8.8505E-001   1.1745E-001   8.5115E-001  -3.0061E-001   4.4188E-002   1.1302E-001   1.8034E-001   5.3105E-002  -6.3779E-002   4.2498E-002  -1.4423E-002   1.2224E-003  -9.6850E-003  -1.0938E-003   1.6679E-003  -1.2082E-002  -4.1438E-002   2.7978E-003  -2.6507E-003  -1.2781E-002   2.8200E-002   1.3533E-001  
 2.7313E+000  -1.3479E+000  -9.8752E-001   5.4211E-002   6.1792E-001  -3.5918E-001   7.8025E-002   1.3356E-001   2.3586E-001  -2.9367E-002  -9.8095E-002   2.6257E-002  -2.0983E-002   8.2620E-003  -1.0462E-002  -1.2931E-002  -6.7655E-003   7.3276E-003  -5.5207E-002   4.6668E-003  -6.3149E-004  -1.3709E-002   2.9744E-002   1.3460E-001  
 3.0646E+000  -9.7143E-001   5.0304E-001  -1.6788E-001   1.8324E+000  -7.3128E-001  -1.0830E-001   1.7719E-001  -3.7225E-001  -5.8229E-003  -1.9057E-001  -9.1682E-003  -1.9738E-002   1.8779E-002   3.3848E-002  -6.8756E-002   3.9768E-002   1.8576E-005   1.0075E-001   5.7462E-003   3.8826E-003  -1.7346E-002   1.7451E-002   1.1214E-001  
 2.9468E+000  -1.1994E+000   4.3792E-001  -1.3059E-002   1.4064E+000  -6.3947E-001  -9.4052E-002   1.9755E-001  -3.2277E-001   1.0343E-001  -1.2677E-001   2.4947E-002  -6.7819E-002   1.7991E-003   2.0543E-002  -3.0279E-002   1.4559E-002  -2.4633E-002   7.5267E-002   2.3057E-003   5.1049E-003  -1.4127E-002   2.1811E-002   1.3677E-001  
 2.7955E+000  -1.4174E+000   3.0888E-001   4.6759E-002   1.1783E+000  -5.6259E-001  -6.2591E-002   1.7754E-001  -2.2958E-001   1.7959E-001  -9.9850E-002   4.2056E-002  -7.3193E-002  -5.9617E-003   1.3795E-002  -1.8656E-002   7.3367E-003  -4.1072E-002   5.1865E-002  -9.6014E-004   4.0675E-003  -1.3605E-002   2.1770E-002   1.2908E-001  
 2.6919E+000  -1.5554E+000   1.0984E-001   7.6299E-002   1.0466E+000  -5.0355E-001  -3.6786E-002   1.6262E-001  -1.2891E-001   2.2488E-001  -8.5434E-002   5.2374E-002  -6.6301E-002  -1.0733E-002   7.7002E-003  -1.2547E-002   4.1798E-003  -5.1364E-002   2.9071E-002  -3.2314E-003   2.3817E-003  -1.3349E-002   2.2719E-002   1.2487E-001  
 2.6525E+000  -1.6119E+000  -1.2226E-001   8.5069E-002   9.6300E-001  -4.8179E-001  -1.4874E-002   1.5596E-001  -2.7338E-002   2.4207E-001  -8.1163E-002   5.5887E-002  -5.4688E-002  -1.2624E-002   7.8581E-004  -1.0370E-002   2.5865E-003  -5.5329E-002   5.8233E-003  -3.9903E-003  -3.6811E-004  -1.3286E-002   2.4128E-002   1.3464E-001  
 2.6810E+000  -1.5894E+000  -3.5415E-001   7.5473E-002   8.7876E-001  -5.0406E-001   6.8545E-003   1.5731E-001   7.4120E-002   2.3224E-001  -8.6461E-002   5.2074E-002  -4.3064E-002  -1.1710E-002  -6.2758E-003  -1.1947E-002   9.7523E-004  -5.3222E-002  -1.7587E-002  -2.9460E-003  -3.0847E-003  -1.3310E-002   2.5849E-002   1.3139E-001  
 2.7735E+000  -1.4858E+000  -5.5266E-001   4.4853E-002   7.4515E-001  -5.6363E-001   3.2054E-002   1.6673E-001   1.7438E-001   1.9444E-001  -1.0202E-001   4.1399E-002  -3.6276E-002  -7.7698E-003  -1.2797E-002  -1.7623E-002  -2.3422E-003  -4.4634E-002  -4.0891E-002  -3.6714E-004  -4.6243E-003  -1.3609E-002   2.7617E-002   1.4016E-001  
 2.9105E+000  -1.3064E+000  -6.8285E-001  -2.0003E-002   5.1054E-001  -6.4388E-001   6.0756E-002   1.7725E-001   2.6373E-001   1.2486E-001  -1.3173E-001   2.1814E-002  -4.4308E-002  -4.4868E-004  -2.2275E-002  -3.0596E-002  -1.0635E-002  -3.0114E-002  -6.6772E-002   3.5920E-003  -6.3163E-003  -1.4358E-002   2.9459E-002   1.6170E-001  
 2.9732E+000  -1.1654E+000  -7.8089E-001  -2.1422E-001   3.5854E-002  -7.5576E-001   5.1607E-002   1.1809E-001   2.8425E-001   2.8458E-002  -2.1017E-001  -2.0805E-002  -1.1404E-001   2.4137E-002  -4.3939E-002  -7.9347E-002  -4.4411E-002  -4.4007E-003  -9.9150E-002   9.0352E-003  -4.6466E-003  -1.7956E-002   2.4079E-002   1.5748E-001  
