 6.8979E+000   1.6136E+000   9.2186E-001   5.4632E-001  -9.2941E-001  -5.4804E-001  -3.7785E-002  -6.6268E-002  -3.3002E-001  -4.5497E-003  -2.5089E-001  -2.6159E-002  -4.4557E-002   2.5827E-002  -4.6391E-002   6.2273E-002   3.5634E-002   1.3368E-003   1.0309E-001  -9.5577E-003   5.7526E-003  -1.2055E-002   2.0700E-002   1.1396E-001  
 6.8344E+000   1.7814E+000   7.6400E-001   7.2957E-001  -4.5890E-001  -4.3976E-001  -4.8093E-002  -1.1252E-001  -3.0810E-001  -1.0864E-001  -1.7966E-001   1.5547E-002   1.5705E-002   1.7159E-003  -2.2626E-002   1.8771E-002   8.1260E-003   2.6157E-002   7.2832E-002  -2.5819E-003   5.7558E-003  -9.3932E-003   2.5486E-002   1.3175E-001  
 6.6992E+000   1.9803E+000   5.6708E-001   7.9335E-001  -2.2161E-001  -3.6312E-001  -2.7834E-002  -9.7651E-002  -2.1799E-001  -1.8209E-001  -1.5149E-001   3.4922E-002   2.1054E-002  -5.9897E-003  -1.4095E-002   6.3083E-003   1.8463E-003   4.1481E-002   4.8071E-002   1.2506E-003   4.1302E-003  -8.7843E-003   2.4560E-002   1.1531E-001  
 6.6062E+000   2.1016E+000   3.0054E-001   8.2396E-001  -8.3647E-002  -3.0566E-001  -1.2024E-002  -8.5337E-002  -1.1789E-001  -2.2387E-001  -1.3669E-001   4.5872E-002   1.2466E-002  -1.0423E-002  -8.0047E-003   3.7327E-004   1.4089E-004   5.0887E-002   2.5232E-002   3.6252E-003   2.5938E-003  -8.4741E-003   2.4107E-002   1.1441E-001  
 6.5741E+000   2.1410E+000   9.1986E-004   8.3338E-001   5.6082E-003  -2.8476E-001   1.0119E-004  -8.1340E-002  -1.6697E-002  -2.3747E-001  -1.3194E-001   4.9798E-002  -8.7867E-004  -1.1963E-002  -1.2636E-003  -1.5783E-003   6.2119E-005   5.3901E-002   2.1073E-003   4.4977E-003  -2.5416E-005  -8.3829E-003   2.3936E-002   1.1923E-001  
 6.6064E+000   2.1010E+000  -2.9871E-001   8.2412E-001   9.4832E-002  -3.0719E-001   1.2243E-002  -8.5501E-002   8.4548E-002  -2.2392E-001  -1.3661E-001   4.6208E-002  -1.4258E-002  -1.0766E-002   5.4592E-003   2.1565E-004   9.3470E-007   5.0857E-002  -2.1000E-002   3.6041E-003  -2.6363E-003  -8.3880E-003   2.4123E-002   1.1714E-001  
 6.6995E+000   1.9790E+000  -5.6530E-001   7.9370E-001   2.3269E-001  -3.6618E-001   2.8107E-002  -9.8008E-002   1.8481E-001  -1.8216E-001  -1.5131E-001   3.5596E-002  -2.2956E-002  -6.7025E-003   1.1498E-002   5.9827E-003  -1.6476E-003   4.1437E-002  -4.3785E-002   1.2225E-003  -4.1548E-003  -8.6168E-003   2.4611E-002   1.1781E-001  
 6.8354E+000   1.7786E+000  -7.6195E-001   7.3076E-001   4.6923E-001  -4.4382E-001   4.8761E-002  -1.1377E-001   2.7577E-001  -1.0888E-001  -1.7910E-001   1.6920E-002  -1.8207E-002   5.4332E-004   1.9557E-002   1.8020E-002  -7.7267E-003   2.6034E-002  -6.8157E-002  -2.4899E-003  -5.5892E-003  -9.1610E-003   2.5670E-002   1.2998E-001  
 6.9005E+000   1.6083E+000  -9.1877E-001   5.4966E-001   9.3791E-001  -5.5290E-001   3.9736E-002  -6.9639E-002   2.9911E-001  -4.5324E-003  -2.4968E-001  -2.3832E-002   4.0510E-002   2.3869E-002   4.3002E-002   6.1016E-002  -3.4908E-002   1.3361E-003  -9.7677E-002  -9.4139E-003  -5.6795E-003  -1.1884E-002   2.1227E-002   1.1497E-001  
 6.6687E+000   1.7334E+000   1.1547E+000   8.0362E-001  -3.5683E-001  -1.4773E-001  -5.3240E-002  -7.9896E-002  -2.7444E-001   5.0203E-002  -1.4668E-001   1.6270E-002   3.9439E-002   1.0319E-002  -1.0764E-002   3.9775E-003   2.6665E-003  -1.1472E-002   6.0976E-002  -3.7032E-003   5.6773E-004  -8.8824E-003   2.4383E-002   1.1219E-001  
 6.4376E+000   1.9703E+000   9.8516E-001   8.6715E-001  -1.2145E-001  -9.2398E-002  -2.8081E-002  -5.6149E-002  -2.1921E-001  -3.6801E-002  -1.1353E-001   3.3292E-002   4.4245E-002   3.1506E-003  -1.0330E-002  -7.8227E-003  -3.9126E-003   8.3604E-003   4.7844E-002  -1.9156E-003   2.3794E-003  -8.1437E-003   2.3388E-002   1.1214E-001  
 6.2491E+000   2.1329E+000   7.1200E-001   9.0139E-001  -9.1080E-003  -1.7023E-002  -1.3418E-002  -4.0331E-002  -1.5618E-001  -9.6308E-002  -9.1523E-002   4.9137E-002   3.6397E-002  -1.6494E-003  -7.6644E-003  -1.6160E-002  -5.3672E-003   2.1263E-002   3.2881E-002   3.8943E-004   2.5333E-003  -7.7161E-003   2.2671E-002   1.1033E-001  
 6.1253E+000   2.2284E+000   3.7120E-001   9.1731E-001   1.9255E-002   4.2846E-002  -5.1266E-003  -3.1164E-002  -8.7623E-002  -1.3122E-001  -7.8981E-002   6.0127E-002   1.9926E-002  -4.1155E-003  -4.2691E-003  -2.1023E-002  -3.4713E-003   2.8362E-002   1.7389E-002   1.9025E-003   1.3612E-003  -7.5855E-003   2.2188E-002   1.0471E-001  
 6.0826E+000   2.2594E+000   6.6040E-004   9.2177E-001   4.8598E-003   6.4520E-002   5.2717E-005  -2.8164E-002  -1.6895E-002  -1.4255E-001  -7.4975E-002   6.4010E-002  -7.0416E-004  -4.9697E-003  -1.0408E-003  -2.2592E-002   2.8188E-005   3.0638E-002   2.0941E-003   2.3593E-003  -5.2682E-005  -7.5415E-003   2.1981E-002   1.0115E-001  
 6.1254E+000   2.2279E+000  -3.6991E-001   9.1736E-001  -9.5463E-003   4.1247E-002   5.2357E-003  -3.1224E-002   5.3864E-002  -1.3123E-001  -7.8964E-002   6.0383E-002  -2.1348E-002  -4.4578E-003   2.1823E-003  -2.1085E-002   3.5362E-003   2.8352E-002  -1.3198E-002   1.8644E-003  -1.4605E-003  -7.5387E-003   2.2137E-002   1.0177E-001  
 6.2492E+000   2.1320E+000  -7.1079E-001   9.0153E-001   1.8774E-002  -2.0217E-002   1.3543E-002  -4.0476E-002   1.2252E-001  -9.6328E-002  -9.1469E-002   4.9667E-002  -3.7868E-002  -2.3421E-003   5.5514E-003  -1.6310E-002   5.4613E-003   2.1244E-002  -2.8671E-002   3.2410E-004  -2.6054E-003  -7.6110E-003   2.2615E-002   1.0800E-001  
 6.4378E+000   1.9688E+000  -9.8408E-001   8.6741E-001   1.3102E-001  -9.7159E-002   2.8252E-002  -5.6426E-002   1.8575E-001  -3.6816E-002  -1.1340E-001   3.4111E-002  -4.5826E-002   2.0793E-003   8.1688E-003  -8.0919E-003   4.0658E-003   8.3489E-003  -4.3593E-002  -1.9799E-003  -2.4202E-003  -7.9744E-003   2.3381E-002   1.1047E-001  
 6.6691E+000   1.7314E+000  -1.1538E+000   8.0406E-001   3.6623E-001  -1.5404E-001   5.3494E-002  -8.0360E-002   2.4127E-001   5.0228E-002  -1.4645E-001   1.7385E-002  -4.1193E-002   8.8292E-003   8.5458E-003   3.5721E-003  -2.4321E-003  -1.1456E-002  -5.6664E-002  -3.7462E-003  -5.8777E-004  -8.6648E-003   2.4448E-002   1.1229E-001  
 6.2881E+000   1.7518E+000   1.3997E+000   8.9534E-001  -4.2568E-002  -7.2849E-003  -2.8922E-002  -3.6190E-002  -1.7545E-001   7.7003E-002  -9.5764E-002   1.2985E-002   5.8808E-002   7.4248E-003  -4.0338E-003  -1.2099E-002  -9.6277E-003  -1.7139E-002   3.7348E-002  -2.4207E-003  -9.3457E-004  -7.8154E-003   2.2845E-002   1.0380E-001  
 5.9947E+000   1.9356E+000   1.1608E+000   9.2921E-001   9.3224E-002   5.0039E-002  -1.0957E-002  -1.8309E-002  -1.4653E-001   6.4425E-003  -6.7348E-002   2.9872E-002   5.6003E-002   2.8362E-003  -4.3088E-003  -2.1111E-002  -1.2626E-002  -1.4127E-003   2.9830E-002  -1.0499E-003   4.6260E-004  -7.7676E-003   2.1568E-002   1.0282E-001  
 5.7580E+000   2.0618E+000   8.2536E-001   9.4099E-001   1.2331E-001   1.2676E-001  -2.3087E-003  -5.8780E-003  -1.0792E-001  -4.1617E-002  -4.9237E-002   4.4910E-002   4.2420E-002   2.0837E-004  -3.5368E-003  -2.6555E-002  -1.0584E-002   8.6798E-003   2.1235E-002   4.9065E-005   8.7785E-004  -8.6049E-003   1.9937E-002   1.0547E-001  
 5.6038E+000   2.1355E+000   4.2645E-001   9.4326E-001   8.1669E-002   1.8754E-001   2.8001E-004   1.2283E-003  -6.3664E-002  -6.9586E-002  -3.8987E-002   5.5260E-002   2.2442E-002  -1.1896E-003  -2.1870E-003  -2.9718E-002  -5.9053E-003   1.4306E-002   1.1739E-002   8.2818E-004   5.1508E-004  -9.2706E-003   1.8790E-002   1.0995E-001  
 5.5509E+000   2.1594E+000   4.5398E-004   9.4320E-001   4.0700E-003   2.0958E-001   3.0711E-005   3.5173E-003  -1.7027E-002  -7.8689E-002  -3.5723E-002   5.8961E-002  -5.6693E-004  -1.6624E-003  -8.5631E-004  -3.0734E-002   1.1321E-005   1.6057E-002   2.1146E-003   1.0060E-003  -5.2210E-005  -9.5298E-003   1.8332E-002   1.1226E-001  
 5.6039E+000   2.1352E+000  -4.2557E-001   9.4329E-001  -7.3533E-002   1.8593E-001  -2.2021E-004   1.2006E-003   2.9635E-002  -6.9591E-002  -3.8994E-002   5.5495E-002  -2.3582E-002  -1.5279E-003   4.7076E-004  -2.9748E-002   5.9318E-003   1.4298E-002  -7.5115E-003   7.8447E-004  -6.1035E-004  -9.2440E-003   1.8704E-002   1.0691E-001  
 5.7580E+000   2.0610E+000  -8.2459E-001   9.4105E-001  -1.1519E-001   1.2352E-001   2.3677E-003  -5.9442E-003   7.3972E-002  -4.1622E-002  -4.9239E-002   4.5384E-002  -4.3581E-002  -4.7767E-004   1.8123E-003  -2.6621E-002   1.0624E-002   8.6720E-003  -1.7013E-002  -2.7820E-005  -9.5314E-004  -8.5487E-003   1.9807E-002   1.0452E-001  
 5.9948E+000   1.9345E+000  -1.1602E+000   9.2930E-001  -8.5135E-002   4.5187E-002   1.1020E-002  -1.8424E-002   1.1270E-001   6.4429E-003  -6.7328E-002   3.0588E-002  -5.7199E-002   1.7981E-003   2.5776E-003  -2.1218E-002   1.2686E-002  -1.4125E-003  -2.5622E-002  -1.1520E-003  -5.1495E-004  -7.6841E-003   2.1444E-002   9.9852E-002  
 6.2883E+000   1.7503E+000  -1.3994E+000   8.9550E-001   5.0585E-002  -1.3726E-002   2.9008E-002  -3.6394E-002   1.4183E-001   7.7021E-002  -9.5693E-002   1.3962E-002  -6.0085E-002   6.0050E-003   2.2736E-003  -1.2281E-002   9.7263E-003  -1.7123E-002  -3.3129E-002  -2.5118E-003   9.0911E-004  -7.6939E-003   2.2795E-002   1.0451E-001  
 6.9262E+000   9.0288E-001   1.5772E+000   5.6150E-001  -9.0312E-001   5.3918E-001  -7.9597E-002  -4.4708E-002  -1.1055E-002   3.3755E-001  -2.4873E-001   2.0075E-002  -3.7521E-002   1.9984E-002   3.2233E-002   3.5137E-002   6.0838E-002  -9.8157E-002   1.2817E-003   3.2145E-003  -5.4185E-003  -1.1923E-002   2.0992E-002   1.1600E-001  
 6.6689E+000   1.1552E+000   1.7320E+000   8.0381E-001  -3.5832E-001   1.5564E-001  -8.0177E-002  -5.3247E-002  -6.6839E-002   2.5791E-001  -1.4659E-001  -1.7616E-002   3.9806E-002   1.0724E-002   9.0396E-003   2.6465E-003   3.7747E-003  -5.8727E-002   1.3605E-002   1.1732E-003  -4.5887E-003  -8.8174E-003   2.4370E-002   1.1310E-001  
 6.2882E+000   1.4003E+000   1.7509E+000   8.9539E-001  -4.3350E-002   1.4526E-002  -3.6310E-002  -2.8884E-002  -9.3822E-002   1.5866E-001  -9.5738E-002  -1.4091E-002   5.8963E-002   7.6278E-003   2.5942E-003  -9.6175E-003  -1.2193E-002  -3.5189E-002   1.9257E-002  -2.4108E-004  -3.2502E-003  -7.7790E-003   2.2841E-002   1.0611E-001  
 5.9001E+000   1.5892E+000   1.5886E+000   9.3518E-001   1.3731E-001   3.2408E-003  -1.0454E-002  -1.0405E-002  -9.9759E-002   8.2820E-002  -5.9794E-002  -4.6665E-004   6.3241E-002   4.2100E-003  -6.2228E-004  -1.8588E-002  -1.8616E-002  -1.7575E-002   1.9699E-002  -5.9601E-004  -1.3165E-003  -8.1663E-003   2.0874E-002   1.0458E-001  
 5.5488E+000   1.7271E+000   1.2957E+000   9.4315E-001   2.0477E-001   6.1108E-002   2.1750E-003   2.9210E-003  -9.0480E-002   2.7677E-002  -3.5603E-002   1.6135E-002   5.6150E-002   1.8545E-003  -1.4880E-003  -2.4564E-002  -1.8429E-002  -5.6483E-003   1.7116E-002  -2.0246E-004  -3.2560E-004  -9.5724E-003   1.8423E-002   1.1193E-001  
 5.2681E+000   1.8213E+000   9.1198E-001   9.3627E-001   1.8633E-001   1.3859E-001   6.0299E-003   1.2040E-002  -7.1016E-002  -9.6987E-003  -2.0351E-002   3.0881E-002   4.1163E-002   5.1846E-004  -1.3843E-003  -2.8070E-002  -1.4053E-002   1.9583E-003   1.2944E-002   2.7358E-004  -6.2803E-005  -1.1480E-002   1.5734E-002   1.1019E-001  
 5.0863E+000   1.8762E+000   4.6854E-001   9.2703E-001   1.0922E-001   1.9982E-001   4.3497E-003   1.7363E-002  -4.5331E-002  -3.1274E-002  -1.1912E-002   4.0823E-002   2.1368E-002  -1.6808E-004  -1.1012E-003  -2.9939E-002  -7.4705E-003   6.3151E-003   7.8315E-003   4.2200E-004  -2.9581E-006  -1.2883E-002   1.3734E-002   9.4687E-002  
 5.0241E+000   1.8939E+000   2.8795E-004   9.2315E-001   3.2575E-003   2.2201E-001   2.1394E-005   1.9061E-002  -1.7121E-002  -3.8237E-002  -9.2200E-003   4.4365E-002  -4.4488E-004  -5.0344E-004  -6.8744E-004  -3.0564E-002   2.7900E-006   7.7329E-003   2.1501E-003   4.6892E-004  -3.6503E-005  -1.3342E-002   1.3024E-002   9.0809E-002  
 5.0863E+000   1.8759E+000  -4.6800E-001   9.2705E-001  -1.0271E-001   1.9819E-001  -4.3123E-003   1.7350E-002   1.1109E-002  -3.1274E-002  -1.1928E-002   4.1048E-002  -2.2261E-002  -5.1085E-004  -2.7286E-004  -2.9955E-002   7.4795E-003   6.3143E-003  -3.5389E-003   3.8519E-004  -6.5344E-005  -1.2865E-002   1.3639E-002   9.1877E-002  
 5.2682E+000   1.8207E+000  -9.1155E-001   9.3630E-001  -1.7982E-001   1.3533E-001  -6.0053E-003   1.2009E-002   3.6855E-002  -9.6987E-003  -2.0376E-002   3.1332E-002  -4.2062E-002  -1.6808E-004   1.3395E-005  -2.8097E-002   1.4067E-002   1.9576E-003  -8.6748E-003   2.0045E-004   9.1539E-006  -1.1452E-002   1.5579E-002   1.0719E-001  
 5.5488E+000   1.7262E+000  -1.2955E+000   9.4319E-001  -1.9827E-001   5.6228E-002  -2.1583E-003   2.8621E-003   5.6430E-002   2.7680E-002  -3.5620E-002   1.6817E-002  -5.7064E-002   8.2282E-004   1.1802E-004  -2.4608E-002   1.8450E-002  -5.6440E-003  -1.2878E-002  -3.0200E-004   2.9514E-004  -9.5347E-003   1.8271E-002   1.0903E-001  
 5.9002E+000   1.5880E+000  -1.5886E+000   9.3524E-001  -1.3083E-001  -3.2477E-003   1.0467E-002  -1.0506E-002   6.5876E-002   8.2827E-002  -5.9786E-002   4.5917E-004  -6.4187E-002   2.8270E-003  -7.5503E-004  -1.8664E-002   1.8645E-002  -1.7566E-002  -1.5492E-002  -7.0725E-004   1.3155E-003  -8.1151E-003   2.0779E-002   1.0416E-001  
 6.2883E+000   1.3988E+000  -1.7512E+000   8.9547E-001   4.9775E-002   6.4422E-003   3.6316E-002  -2.9045E-002   6.0178E-002   1.5867E-001  -9.5702E-002  -1.2900E-002  -5.9961E-002   5.8647E-003  -3.9910E-003  -9.7362E-003   1.2226E-002  -3.5173E-002  -1.5064E-002  -3.3611E-004   3.2668E-003  -7.7194E-003   2.2818E-002   1.0508E-001  
 6.6689E+000   1.1533E+000  -1.7327E+000   8.0389E-001   3.6466E-001   1.4605E-001   8.0133E-002  -5.3496E-002   3.3556E-002   2.5793E-001  -1.4655E-001  -1.6097E-002  -4.0870E-002   8.5241E-003  -1.0493E-002   2.4784E-003  -3.7809E-003  -5.8712E-002  -9.3705E-003   1.1368E-003   4.6002E-003  -8.7765E-003   2.4381E-002   1.1377E-001  
 6.9262E+000   8.9990E-001  -1.5790E+000   5.6146E-001   9.0863E-001   5.2951E-001   7.8904E-002  -4.5826E-002  -2.0273E-002   3.3757E-001  -2.4875E-001   2.3105E-002   3.5805E-002   1.6554E-002  -3.4178E-002   3.4657E-002  -6.1136E-002  -9.8158E-002   3.9435E-003   3.3953E-003   5.3039E-003  -1.1925E-002   2.0986E-002   1.1657E-001  
 6.8355E+000   7.6329E-001   1.7783E+000   7.3087E-001  -4.6084E-001   4.4682E-001  -1.1396E-001  -4.8709E-002   9.2266E-002   2.9284E-001  -1.7914E-001  -1.7494E-002   1.7088E-002   2.2544E-003   2.0018E-002   7.8969E-003   1.8135E-002  -7.0036E-002  -2.3957E-002   5.8157E-003  -3.1411E-003  -9.2824E-003   2.5577E-002   1.3180E-001  
 6.4377E+000   9.8526E-001   1.9690E+000   8.6733E-001  -1.2377E-001   9.9589E-002  -5.6373E-002  -2.8123E-002   2.0038E-002   2.0254E-001  -1.1345E-001  -3.4452E-002   4.4716E-002   3.7601E-003   8.8206E-003  -3.9704E-003  -8.0192E-003  -4.5632E-002  -6.2699E-003   2.8895E-003  -2.8429E-003  -8.0427E-003   2.3382E-002   1.1622E-001  
 5.9947E+000   1.1610E+000   1.9347E+000   9.2926E-001   9.1619E-002  -4.3562E-002  -1.8396E-002  -1.0946E-002  -2.3359E-002   1.2962E-001  -6.7339E-002  -3.0817E-002   5.6261E-002   3.2497E-003   3.0489E-003  -1.2638E-002  -2.1187E-002  -2.7691E-002   3.5137E-003   1.0323E-003  -1.9031E-003  -7.7184E-003   2.1521E-002   1.0174E-001  
 5.5488E+000   1.2960E+000   1.7265E+000   9.4317E-001   2.0396E-001  -5.5413E-002   2.8790E-003   2.1972E-003  -4.4707E-002   7.3453E-002  -3.5609E-002  -1.6924E-002   5.6269E-002   2.0550E-003   4.0225E-004  -1.8431E-002  -2.4590E-002  -1.4983E-002   7.7660E-003   2.5540E-004  -9.2253E-004  -9.5539E-003   1.8383E-002   1.1125E-001  
 5.1489E+000   1.3941E+000   1.3938E+000   9.3057E-001   2.3022E-001   2.4452E-003   1.1682E-002   1.1709E-002  -4.9821E-002   3.2719E-002  -1.4714E-002  -3.3164E-004   4.8051E-002   1.1029E-003  -4.7134E-004  -2.1984E-002  -2.1987E-002  -6.5709E-003   8.7186E-003   2.1262E-004  -3.5062E-004  -1.2415E-002   1.4432E-002   9.8268E-002  
 4.8315E+000   1.4607E+000   9.7467E-001   9.0905E-001   1.9136E-001   8.0140E-002   1.2023E-002   1.8026E-002  -4.4211E-002   5.3393E-003  -1.4406E-003   1.4300E-002   3.4636E-002   5.2063E-004  -6.8731E-004  -2.4334E-002  -1.6239E-002  -1.0751E-003   7.6569E-003   2.3554E-004  -1.6775E-004  -1.4731E-002   1.1132E-002   8.1050E-002  
 4.6268E+000   1.4993E+000   4.9887E-001   8.9095E-001   1.0782E-001   1.4165E-001   7.1920E-003   2.1592E-002  -3.2161E-002  -1.0398E-002   5.9859E-003   2.4266E-002   1.7923E-002   9.9961E-005  -6.5411E-004  -2.5790E-002  -8.5811E-003   2.1431E-003   5.2495E-003   2.8738E-004  -6.7350E-005  -1.6106E-002   9.0953E-003   6.4228E-002  
 4.5568E+000   1.5118E+000   1.6025E-004   8.8411E-001   2.4454E-003   1.6394E-001   1.4740E-005   2.2725E-002  -1.7192E-002  -1.5477E-002   8.3487E-003   2.7822E-002  -3.2832E-004  -1.5583E-004  -5.1950E-004  -2.6277E-002  -2.6179E-006   3.2026E-003   2.1798E-003   3.0283E-004  -2.1538E-005  -1.6559E-002   8.3883E-003   5.7801E-002  
 4.6268E+000   1.4991E+000  -4.9858E-001   8.9096E-001  -1.0293E-001   1.4002E-001  -7.1681E-003   2.1577E-002  -2.2033E-003  -1.0398E-002   5.9799E-003   2.4487E-002  -1.8582E-002  -2.4555E-004  -3.8364E-004  -2.5794E-002   8.5791E-003   2.1439E-003  -8.9892E-004   2.5840E-004   2.9416E-005  -1.6100E-002   9.0133E-003   6.1356E-002  
 4.8315E+000   1.4603E+000  -9.7449E-001   9.0906E-001  -1.8647E-001   7.6876E-002  -1.2015E-002   1.7999E-002   9.9078E-003   5.3394E-003  -1.4564E-003   1.4744E-002  -3.5304E-002  -1.7015E-004  -3.4736E-004  -2.4347E-002   1.6246E-002  -1.0756E-003  -3.3316E-003   1.7839E-004   1.4466E-004  -1.4713E-002   1.1017E-002   7.8074E-002  
 5.1489E+000   1.3935E+000  -1.3938E+000   9.3059E-001  -2.2533E-001  -2.4421E-003  -1.1689E-002   1.1667E-002   1.5620E-002   3.2719E-002  -1.4730E-002   3.3892E-004  -4.8724E-002   7.2316E-005  -5.5833E-004  -2.2003E-002   2.1993E-002  -6.5703E-003  -4.4349E-003   1.2928E-004   3.5108E-004  -1.2397E-002   1.4327E-002   9.5188E-002  
 5.5488E+000   1.2951E+000  -1.7268E+000   9.4319E-001  -1.9908E-001  -6.1920E-002  -2.8962E-003   2.1371E-003   1.0653E-002   7.3456E-002  -3.5614E-002  -1.6020E-002  -5.6953E-002   6.8441E-004  -1.4269E-003  -1.8460E-002   2.4590E-002  -1.4979E-002  -3.5362E-003   1.5181E-004   9.5050E-004  -9.5400E-003   1.8326E-002   1.1098E-001  
 5.9947E+000   1.1599E+000  -1.9353E+000   9.2926E-001  -8.6756E-002  -5.1674E-002   1.8353E-002  -1.1032E-002  -1.0481E-002   1.2962E-001  -6.7337E-002  -2.9652E-002  -5.6961E-002   1.5207E-003  -4.0861E-003  -1.2685E-002   2.1166E-002  -2.7691E-002   6.7660E-004   9.3597E-004   1.9556E-003  -7.7144E-003   2.1516E-002   1.0090E-001  
 6.4377E+000   9.8394E-001  -1.9701E+000   8.6728E-001   1.2861E-001   8.9947E-002   5.6245E-002  -2.8243E-002  -5.3563E-002   2.0252E-001  -1.1347E-001  -3.2964E-002  -4.5430E-002   1.6279E-003  -9.8940E-003  -4.0338E-003   7.9206E-003  -4.5644E-002   1.0468E-002   2.8298E-003   2.8904E-003  -8.0760E-003   2.3382E-002   1.1322E-001  
 6.8352E+000   7.6181E-001  -1.7803E+000   7.3044E-001   4.6580E-001   4.3603E-001   1.1337E-001  -4.8812E-002  -1.2513E-001   2.9262E-001  -1.7934E-001  -1.5379E-002  -1.7712E-002  -4.5940E-004  -2.1313E-002   7.8438E-003  -1.8490E-002  -7.0151E-002   2.8340E-002   5.9207E-003   3.1117E-003  -9.3708E-003   2.5514E-002   1.2874E-001  
 6.6995E+000   5.6666E-001   1.9787E+000   7.9368E-001  -2.2546E-001   3.7020E-001  -9.8035E-002  -2.7965E-002   1.6548E-001   2.0150E-001  -1.5132E-001  -3.6204E-002   2.1841E-002  -4.9597E-003   1.2475E-002   1.7417E-003   5.9727E-003  -4.5822E-002  -3.9395E-002   4.4376E-003   2.4746E-004  -8.6251E-003   2.4603E-002   1.1666E-001  
 6.2492E+000   7.1182E-001   2.1318E+000   9.0152E-001  -1.2291E-002   2.3460E-002  -4.0485E-002  -1.3462E-002   7.9473E-002   1.3938E-001  -9.1475E-002  -5.0128E-002   3.6931E-002  -8.3102E-004   6.3371E-003  -5.4173E-003  -1.6306E-002  -3.0719E-002  -1.9186E-002   2.9150E-003  -5.5882E-004  -7.6232E-003   2.2628E-002   1.0871E-001  
 5.7580E+000   8.2533E-001   2.0610E+000   9.4104E-001   1.2089E-001  -1.2108E-001  -5.9473E-003  -2.3167E-003   2.4642E-002   9.0953E-002  -4.9238E-002  -4.5723E-002   4.2783E-002   8.1646E-004   2.4163E-003  -1.0603E-002  -2.6619E-002  -1.9097E-002  -6.5782E-003   1.2900E-003  -7.9301E-004  -8.5544E-003   1.9853E-002   1.0504E-001  
 5.2682E+000   9.1205E-001   1.8207E+000   9.3629E-001   1.8471E-001  -1.3370E-001   1.2009E-002   6.0399E-003  -7.3798E-003   5.3932E-002  -2.0368E-002  -3.1550E-002   4.1387E-002   9.1747E-004   4.3318E-004  -1.4057E-002  -2.8087E-002  -1.0800E-002   1.7444E-004   3.4812E-004  -4.2938E-004  -1.1462E-002   1.5637E-002   1.0326E-001  
 4.8315E+000   9.7480E-001   1.4604E+000   9.0905E-001   1.9054E-001  -7.6059E-002   1.8001E-002   1.2037E-002  -2.2490E-002   2.7058E-002  -1.4473E-003  -1.4847E-002   3.4748E-002   7.1663E-004  -1.1668E-004  -1.6243E-002  -2.4337E-002  -5.4893E-003   3.2399E-003   2.2327E-004  -3.0699E-004  -1.4724E-002   1.1082E-002   7.3882E-002  
 4.4865E+000   1.0172E+000   1.0170E+000   8.7691E-001   1.5259E-001   1.6350E-003   1.5899E-002   1.5914E-002  -2.6357E-002   9.1552E-003   1.0647E-002  -2.1601E-004   2.4943E-002   4.3620E-004  -3.2718E-004  -1.7855E-002  -1.7852E-002  -1.8937E-003   4.0783E-003   1.8822E-004  -1.8507E-004  -1.7018E-002   7.7820E-003   5.4400E-002  
 4.2646E+000   1.0417E+000   5.1933E-001   8.5218E-001   8.4442E-002   6.3224E-002   8.9902E-003   1.8033E-002  -2.3391E-002  -1.1361E-003   1.7466E-002   9.7439E-003   1.2861E-002   1.6769E-004  -3.7289E-004  -1.8779E-002  -9.3614E-003   2.4496E-004   3.4833E-003   1.8978E-004  -8.8352E-005  -1.8489E-002   5.8119E-003   4.3476E-002  
 4.1888E+000   1.0496E+000   7.0637E-005   8.4311E-001   1.6334E-003   8.5566E-002   6.4723E-006   1.8697E-002  -1.7241E-002  -4.4544E-003   1.9635E-002   1.3287E-002  -2.1924E-004  -4.0845E-005  -3.4786E-004  -1.9079E-002  -1.7146E-006   9.4446E-004   2.1956E-003   1.8794E-004  -9.7990E-006  -1.8983E-002   5.1571E-003   3.2412E-002  
 4.2646E+000   1.0416E+000  -5.1922E-001   8.5218E-001  -8.1176E-002   6.1596E-002  -8.9807E-003   1.8019E-002  -1.1071E-002  -1.1361E-003   1.7466E-002   9.9625E-003  -1.3300E-002  -1.7921E-004  -3.2236E-004  -1.8777E-002   9.3583E-003   2.4490E-004   9.0175E-004   1.7004E-004   7.3607E-005  -1.8490E-002   5.7519E-003   4.0798E-002  
 4.4865E+000   1.0169E+000  -1.0170E+000   8.7691E-001  -1.4932E-001  -1.6292E-003  -1.5900E-002   1.5887E-002  -8.0469E-003   9.1552E-003   1.0646E-002   2.2189E-004  -2.5382E-002  -2.5802E-004  -3.6660E-004  -1.7852E-002   1.7851E-002  -1.8941E-003   2.8765E-004   1.4873E-004   1.8495E-004  -1.7018E-002   7.7187E-003   5.1494E-002  
 4.8315E+000   9.7436E-001  -1.4606E+000   9.0905E-001  -1.8728E-001  -8.0948E-002  -1.8019E-002   1.2003E-002  -1.1813E-002   2.7058E-002  -1.4505E-003  -1.4184E-002  -3.5191E-002  -3.1841E-004  -5.7345E-004  -1.6246E-002   2.4337E-002  -5.4898E-003   1.0858E-003   1.6585E-004   3.3028E-004  -1.4722E-002   1.1058E-002   7.3728E-002  
 5.2681E+000   9.1147E-001  -1.8212E+000   9.3628E-001  -1.8145E-001  -1.4021E-001  -1.2038E-002   5.9982E-003  -2.6780E-002   5.3932E-002  -2.0364E-002  -3.0652E-002  -4.1836E-002  -4.5333E-004  -1.1190E-003  -1.4067E-002   2.8074E-002  -1.0801E-002   4.0914E-003   2.7420E-004   4.8335E-004  -1.1468E-002   1.5664E-002   1.0309E-001  
 5.7580E+000   8.2461E-001  -2.0618E+000   9.4101E-001  -1.1763E-001  -1.2920E-001   5.8879E-003  -2.3662E-003  -5.8602E-002   9.0948E-002  -4.9236E-002  -4.4570E-002  -4.3235E-002  -9.0093E-004  -3.1079E-003  -1.0619E-002   2.6575E-002  -1.9104E-002   1.0788E-002   1.2160E-003   8.7420E-004  -8.5797E-003   1.9915E-002   1.0732E-001  
 6.2491E+000   7.1095E-001  -2.1331E+000   9.0142E-001   1.5547E-002   1.3792E-002   4.0335E-002  -1.3524E-002  -1.1314E-001   1.3936E-001  -9.1514E-002  -4.8659E-002  -3.7382E-002  -2.9320E-003  -7.0496E-003  -5.4384E-003   1.6171E-002  -3.0738E-002   2.3383E-002   2.8599E-003   6.4186E-004  -7.6976E-003   2.2665E-002   1.1210E-001  
 6.6992E+000   5.6566E-001  -1.9806E+000   7.9337E-001   2.2873E-001   3.5916E-001   9.7619E-002  -2.8036E-002  -1.9867E-001   2.0143E-001  -1.5148E-001  -3.4259E-002  -2.2266E-002  -7.5364E-003  -1.3242E-002   1.7246E-003  -6.3240E-003  -4.5866E-002   4.3670E-002   4.4241E-003  -2.1119E-004  -8.7780E-003   2.4556E-002   1.1733E-001  
 6.6064E+000   2.9985E-001   2.1003E+000   8.2421E-001  -8.8389E-002   3.1200E-001  -8.5619E-002  -1.2136E-002   2.0721E-001   1.0127E-001  -1.3656E-001  -4.6980E-002   1.3293E-002  -9.1909E-003   6.5705E-003   5.6217E-005   9.6336E-005  -2.3055E-002  -4.8816E-002   2.7645E-003   2.6088E-003  -8.3212E-003   2.4152E-002   1.1025E-001  
 6.1254E+000   3.7077E-001   2.2275E+000   9.1739E-001   1.5222E-002  -3.7191E-002  -3.1265E-002  -5.1718E-003   1.1434E-001   7.0754E-002  -7.8962E-002  -6.0966E-002   2.0536E-002  -3.1063E-003   3.0974E-003  -3.5074E-003  -2.1118E-002  -1.5267E-002  -2.6293E-002   1.5920E-003   9.5814E-004  -7.5178E-003   2.2109E-002   1.0102E-001  
 5.6039E+000   4.2619E-001   2.1349E+000   9.4330E-001   7.8416E-002  -1.8267E-001   1.1805E-003   2.6150E-004   5.2579E-002   4.6651E-002  -3.8998E-002  -5.5946E-002   2.2903E-002  -3.9017E-004   1.2016E-003  -5.9179E-003  -2.9756E-002  -9.6124E-003  -1.2198E-002   7.5207E-004   3.8645E-007  -9.2392E-003   1.8676E-002   1.0500E-001  
 5.0863E+000   4.6842E-001   1.8758E+000   9.2705E-001   1.0678E-001  -1.9574E-001   1.7339E-002   4.3429E-003   1.4167E-002   2.8218E-002  -1.1931E-002  -4.1378E-002   2.1703E-002   4.1902E-004   2.8133E-004  -7.4743E-003  -2.9955E-002  -5.6801E-003  -4.1730E-003   2.2415E-004  -2.5859E-004  -1.2864E-002   1.3627E-002   9.2026E-002  
 4.6268E+000   4.9883E-001   1.4991E+000   8.9096E-001   1.0618E-001  -1.3838E-001   2.1571E-002   7.1906E-003  -6.7822E-003   1.4978E-002   5.9799E-003  -2.4700E-002   1.8143E-002   4.8474E-004  -7.8710E-006  -8.5821E-003  -2.5790E-002  -3.0721E-003   3.0580E-005   1.4212E-004  -2.3624E-004  -1.6101E-002   9.0175E-003   6.0298E-002  
 4.2646E+000   5.1935E-001   1.0416E+000   8.5218E-001   8.3623E-002  -6.0770E-002   1.8019E-002   8.9930E-003  -1.6094E-002   6.1602E-003   1.7465E-002  -1.0066E-002   1.2971E-002   3.5667E-004  -1.2815E-004  -9.3622E-003  -1.8775E-002  -1.2898E-003   1.9475E-003   1.0616E-004  -1.6831E-004  -1.8489E-002   5.7707E-003   3.5546E-002  
 4.0319E+000   5.3122E-001   5.3118E-001   8.2339E-001   4.5888E-002   8.1831E-004   9.9721E-003   9.9765E-003  -1.8354E-002   1.0938E-003   2.3890E-002  -1.0590E-004   6.6762E-003   1.7163E-004  -1.6862E-004  -9.8149E-003  -9.8138E-003  -2.2875E-004   2.4309E-003   9.6721E-005  -8.6621E-005  -1.9988E-002   4.0112E-003   2.6281E-002  
 3.9525E+000   5.3504E-001   1.6531E-005   8.1296E-001   8.1473E-004   2.3168E-002   1.3437E-006   1.0284E-002  -1.7270E-002  -5.3900E-004   2.5927E-002   3.4369E-003  -1.0942E-004  -1.1007E-005  -1.7369E-004  -9.9633E-003  -1.0341E-006   1.1780E-004   2.2049E-003   9.2439E-005  -2.6843E-006  -2.0488E-002   3.5275E-003   1.8848E-002  
 4.0319E+000   5.3115E-001  -5.3119E-001   8.2339E-001  -4.4259E-002  -8.1095E-004  -9.9728E-003   9.9697E-003  -1.6167E-002   1.0938E-003   2.3890E-002   1.1283E-004  -6.8950E-003  -1.7601E-004  -1.7854E-004  -9.8141E-003   9.8121E-003  -2.2876E-004   1.9729E-003   8.6694E-005   8.6052E-005  -1.9988E-002   3.9943E-003   2.3823E-002  
 4.2646E+000   5.1920E-001  -1.0417E+000   8.5218E-001  -8.1995E-002  -6.4037E-002  -1.8030E-002   8.9793E-003  -1.8368E-002   6.1602E-003   1.7465E-002  -9.6277E-003  -1.3190E-002  -3.3917E-004  -2.1828E-004  -9.3604E-003   1.8775E-002  -1.2899E-003   2.4374E-003   8.6057E-005   1.8238E-004  -1.8490E-002   5.7803E-003   3.7707E-002  
 4.6268E+000   4.9862E-001  -1.4993E+000   8.9095E-001  -1.0456E-001  -1.4327E-001  -2.1594E-002   7.1700E-003  -2.7582E-002   1.4978E-002   5.9843E-003  -2.4040E-002  -1.8361E-002  -5.5369E-004  -3.3698E-004  -8.5791E-003   2.5786E-002  -3.0713E-003   4.3199E-003   1.1240E-004   2.7390E-004  -1.6107E-002   9.0723E-003   6.3222E-002  
 5.0863E+000   4.6813E-001  -1.8763E+000   9.2703E-001  -1.0515E-001  -2.0226E-001  -1.7371E-002   4.3193E-003  -4.8389E-002   2.8218E-002  -1.1914E-002  -4.0484E-002  -2.1924E-002  -9.5556E-004  -6.2419E-004  -7.4754E-003   2.9933E-002  -5.6810E-003   8.4649E-003   1.8584E-004   3.2676E-004  -1.2885E-002   1.3730E-002   9.5243E-002  
 5.6038E+000   4.2583E-001  -2.1358E+000   9.4325E-001  -7.6789E-002  -1.9080E-001  -1.2434E-003   2.3771E-004  -8.6607E-002   4.6647E-002  -3.8986E-002  -5.4799E-002  -2.3125E-002  -2.1061E-003  -1.5479E-003  -5.9222E-003   2.9703E-002  -9.6200E-003   1.6428E-002   7.1323E-004   9.8360E-005  -9.2784E-003   1.8807E-002   1.0802E-001  
 6.1253E+000   3.7033E-001  -2.2288E+000   9.1728E-001  -1.3597E-002  -4.6876E-002   3.1114E-002  -5.2010E-003  -1.4809E-001   7.0745E-002  -7.8995E-002  -5.9513E-002  -2.0758E-002  -5.1942E-003  -3.4484E-003  -3.5142E-003   2.0977E-002  -1.5277E-002   3.0494E-002   1.5567E-003  -8.5361E-004  -7.6071E-003   2.2201E-002   1.0421E-001  
 6.6061E+000   2.9936E-001  -2.1023E+000   8.2386E-001   9.0032E-002   3.0094E-001   8.5182E-002  -1.2162E-002  -2.4048E-001   1.0123E-001  -1.3675E-001  -4.5030E-002  -1.3490E-002  -1.1754E-002  -6.9565E-003   5.7074E-005  -4.8938E-004  -2.3087E-002   5.3098E-002   2.7555E-003  -2.5545E-003  -8.5121E-003   2.4111E-002   1.1167E-001  
 6.5742E+000  -1.1502E-007   2.1400E+000   8.3355E-001  -2.6188E-007   2.9034E-001  -8.1539E-002   1.1944E-007   2.2077E-001  -2.7107E-007  -1.3185E-001  -5.0736E-002  -8.3893E-008  -1.0552E-002   2.3574E-007   7.8132E-008  -1.7823E-003   1.6019E-007  -5.1847E-002   1.0525E-006   3.4872E-003  -8.2634E-003   2.3978E-002   1.1708E-001  
 6.0827E+000  -1.5097E-007   2.2587E+000   9.2182E-001  -2.2481E-007  -5.9662E-002  -2.8236E-002   8.2801E-008   1.2565E-001  -2.5844E-007  -7.4964E-002  -6.4720E-002  -3.8883E-008  -3.7853E-003   2.3800E-007   1.6490E-008  -2.2656E-002   1.5371E-007  -2.8574E-002   9.9246E-007   1.4350E-003  -7.4961E-003   2.1914E-002   9.7119E-002  
 5.5509E+000  -1.6793E-007   2.1590E+000   9.4322E-001  -2.0460E-007  -2.0551E-001   3.4869E-003   7.1474E-008   6.1668E-002  -2.5522E-007  -3.5736E-002  -5.9526E-002  -2.6420E-008  -6.8767E-004   2.2774E-007  -1.0523E-008  -3.0754E-002   1.3302E-007  -1.3951E-002   8.7889E-007   1.9880E-004  -9.5129E-003   1.8240E-002   1.0771E-001  
 5.0241E+000  -1.7374E-007   1.8936E+000   9.2316E-001  -1.9894E-007  -2.1874E-001   1.9043E-002   7.4506E-008   2.1120E-002  -2.6592E-007  -9.2321E-003  -4.4807E-002  -4.1266E-008   2.6041E-004   2.1305E-007  -1.4962E-008  -3.0572E-002   9.8377E-008  -5.5883E-003   7.4257E-007  -1.9190E-004  -1.3331E-002   1.2947E-002   9.5155E-002  
 4.5568E+000  -1.6377E-007   1.5116E+000   8.8411E-001  -1.8883E-007  -1.6149E-001   2.2710E-002   9.4000E-008  -1.7127E-003  -2.8425E-007   8.3448E-003  -2.8146E-002  -5.5268E-008   4.0699E-004   1.7529E-007   1.7739E-008  -2.6275E-002   5.1799E-008  -1.0259E-003   5.6745E-007  -2.0483E-004  -1.6557E-002   8.3313E-003   6.2755E-002  
 4.1888E+000  -1.5743E-007   1.0496E+000   8.4311E-001  -1.7340E-007  -8.3926E-002   1.8688E-002   1.0268E-007  -1.2785E-002  -2.8309E-007   1.9634E-002  -1.3500E-002  -6.6530E-008   3.2664E-004   1.5046E-007   4.5603E-008  -1.9076E-002   3.5868E-008   1.2506E-003   3.7377E-007  -1.5859E-004  -1.8983E-002   5.1234E-003   3.7835E-002  
 3.9525E+000  -1.6334E-007   5.3502E-001   8.1296E-001  -1.4921E-007  -2.2345E-002   1.0281E-002   9.7121E-008  -1.6731E-002  -2.8368E-007   2.5926E-002  -3.5393E-003  -5.9847E-008   1.6771E-004   1.4006E-007   5.3445E-008  -9.9623E-003   1.3070E-008   2.0871E-003   2.1181E-007  -8.3980E-005  -2.0488E-002   3.5192E-003   2.0113E-002  
 3.8719E+000  -1.6779E-007  -1.3844E-006   8.0208E-001  -1.1724E-007   3.9425E-006  -3.7534E-007   8.2602E-008  -1.7280E-002  -2.7937E-007   2.7920E-002   3.5237E-006  -5.8908E-008  -7.0243E-006   1.3950E-007   3.9305E-008  -8.3890E-007   1.1430E-008   2.2080E-003   3.5043E-008  -4.7652E-007  -2.0990E-002   3.1573E-003   1.3898E-002  
 3.9525E+000  -1.7207E-007  -5.3506E-001   8.1296E-001  -8.0425E-008  -2.3975E-002  -1.0285E-002   7.0365E-008  -1.7810E-002  -2.7780E-007   2.5926E-002  -3.3205E-003  -4.8780E-008  -1.8018E-004   1.3517E-007   2.4021E-008   9.9610E-003   1.3319E-009   2.3227E-003  -1.3517E-007   8.7834E-005  -2.0488E-002   3.5272E-003   2.2516E-002  
 4.1888E+000  -1.6746E-007  -1.0497E+000   8.4311E-001  -4.5428E-008  -8.7192E-002  -1.8702E-002   7.1152E-008  -2.1696E-002  -2.9457E-007   1.9634E-002  -1.3062E-002  -1.7710E-008  -3.6973E-004   1.3566E-007   3.5827E-008   1.9077E-002  -3.1361E-008   3.1406E-003  -3.1585E-007   1.7707E-004  -1.8983E-002   5.1707E-003   4.0504E-002  
 4.5568E+000  -1.5474E-007  -1.5119E+000   8.8410E-001  -3.1887E-008  -1.6638E-001  -2.2737E-002   7.9222E-008  -3.2671E-002  -3.0268E-007   8.3492E-003  -2.7486E-002  -2.3256E-008  -6.3240E-004   1.6815E-007   5.6555E-008   2.6272E-002  -4.9211E-008   5.3832E-003  -5.2881E-007   2.4700E-004  -1.6563E-002   8.4232E-003   6.5681E-002  
 5.0241E+000  -1.4796E-007  -1.8942E+000   9.2314E-001  -5.4570E-009  -2.2526E-001  -1.9075E-002   8.7960E-008  -5.5362E-002  -3.0315E-007  -9.2111E-003  -4.3913E-002  -1.5801E-008  -1.1157E-003   1.9827E-007   6.5380E-008   3.0547E-002  -6.6496E-008   9.8886E-003  -7.1082E-007   2.6475E-004  -1.3356E-002   1.3082E-002   9.8213E-002  
 5.5509E+000  -1.3744E-007  -2.1599E+000   9.4317E-001   5.8559E-008  -2.1364E-001  -3.5483E-003   1.0650E-007  -9.5717E-002  -3.3517E-007  -3.5719E-002  -5.8383E-002   3.0694E-008  -2.4046E-003   2.1146E-007   7.7664E-008   3.0701E-002  -1.2222E-007   1.8189E-002  -8.4483E-007  -9.6023E-005  -9.5546E-003   1.8402E-002   1.0982E-001  
 6.0826E+000  -1.2689E-007  -2.2601E+000   9.2171E-001   1.2541E-007  -6.9352E-002   2.8086E-002   1.2062E-007  -1.5943E-001  -3.6165E-007  -7.4994E-002  -6.3272E-002   7.4325E-008  -5.8680E-003   2.2506E-007   7.7931E-008   2.2514E-002  -1.6922E-007   3.2777E-002  -9.6486E-007  -1.3209E-003  -7.5909E-003   2.2028E-002   1.0050E-001  
 6.5739E+000  -1.1078E-007  -2.1421E+000   8.3319E-001   1.8600E-007   2.7928E-001   8.1098E-002   1.3314E-007  -2.5406E-001  -3.9823E-007  -1.3204E-001  -4.8784E-002   8.8840E-008  -1.3115E-002   1.9906E-007   6.6805E-008   1.3754E-003  -2.0649E-007   5.6134E-002  -1.0049E-006  -3.4282E-003  -8.4681E-003   2.3941E-002   1.1736E-001  
 6.6064E+000  -2.9985E-001   2.1003E+000   8.2421E-001   8.8388E-002   3.1200E-001  -8.5619E-002   1.2136E-002   2.0721E-001  -1.0127E-001  -1.3656E-001  -4.6980E-002  -1.3293E-002  -9.1908E-003  -6.5701E-003  -5.6039E-005   9.6055E-005   2.3056E-002  -4.8817E-002  -2.7624E-003   2.6085E-003  -8.3210E-003   2.4152E-002   1.1024E-001  
 6.1254E+000  -3.7077E-001   2.2275E+000   9.1739E-001  -1.5223E-002  -3.7191E-002  -3.1265E-002   5.1721E-003   1.1434E-001  -7.0755E-002  -7.8962E-002  -6.0966E-002  -2.0536E-002  -3.1062E-003  -3.0970E-003   3.5075E-003  -2.1118E-002   1.5267E-002  -2.6293E-002  -1.5901E-003   9.5776E-004  -7.5176E-003   2.2109E-002   1.0102E-001  
 5.6039E+000  -4.2619E-001   2.1349E+000   9.4330E-001  -7.8417E-002  -1.8267E-001   1.1805E-003  -2.6133E-004   5.2579E-002  -4.6651E-002  -3.8998E-002  -5.5945E-002  -2.2903E-002  -3.9008E-004  -1.2012E-003   5.9179E-003  -2.9756E-002   9.6126E-003  -1.2198E-002  -7.5036E-004  -4.5617E-009  -9.2392E-003   1.8676E-002   1.0500E-001  
 5.0863E+000  -4.6842E-001   1.8758E+000   9.2705E-001  -1.0678E-001  -1.9574E-001   1.7339E-002  -4.3427E-003   1.4167E-002  -2.8218E-002  -1.1931E-002  -4.1378E-002  -2.1703E-002   4.1915E-004  -2.8093E-004   7.4744E-003  -2.9955E-002   5.6803E-003  -4.1730E-003  -2.2271E-004  -2.5899E-004  -1.2864E-002   1.3627E-002   9.2020E-002  
 4.6268E+000  -4.9883E-001   1.4991E+000   8.9096E-001  -1.0618E-001  -1.3838E-001   2.1571E-002  -7.1904E-003  -6.7822E-003  -1.4979E-002   5.9799E-003  -2.4700E-002  -1.8143E-002   4.8484E-004   8.2294E-006   8.5822E-003  -2.5790E-002   3.0722E-003   3.0587E-005  -1.4097E-004  -2.3664E-004  -1.6101E-002   9.0174E-003   6.0306E-002  
 4.2646E+000  -5.1935E-001   1.0416E+000   8.5218E-001  -8.3623E-002  -6.0770E-002   1.8019E-002  -8.9928E-003  -1.6094E-002  -6.1608E-003   1.7465E-002  -1.0066E-002  -1.2971E-002   3.5674E-004   1.2846E-004   9.3622E-003  -1.8775E-002   1.2899E-003   1.9475E-003  -1.0538E-004  -1.6872E-004  -1.8489E-002   5.7706E-003   3.5545E-002  
 4.0319E+000  -5.3122E-001   5.3118E-001   8.2339E-001  -4.5888E-002   8.1833E-004   9.9721E-003  -9.9764E-003  -1.8354E-002  -1.0944E-003   2.3890E-002  -1.0586E-004  -6.6763E-003   1.7167E-004   1.6890E-004   9.8150E-003  -9.8138E-003   2.2876E-004   2.4308E-003  -9.6293E-005  -8.7018E-005  -1.9988E-002   4.0112E-003   2.6275E-002  
 3.9525E+000  -5.3504E-001   1.6520E-005   8.1296E-001  -8.1497E-004   2.3168E-002   1.3111E-006  -1.0284E-002  -1.7270E-002   5.3844E-004   2.5927E-002   3.4369E-003   1.0931E-004  -1.0981E-005   1.7398E-004   9.9634E-003  -1.0670E-006  -1.1778E-004   2.2049E-003  -9.2363E-005  -3.1041E-006  -2.0488E-002   3.5275E-003   1.8856E-002  
 4.0319E+000  -5.3115E-001  -5.3119E-001   8.2339E-001   4.4258E-002  -8.1095E-004  -9.9728E-003  -9.9696E-003  -1.6167E-002  -1.0944E-003   2.3890E-002   1.1286E-004   6.8949E-003  -1.7601E-004   1.7879E-004   9.8141E-003   9.8121E-003   2.2876E-004   1.9728E-003  -8.6978E-005   8.5632E-005  -1.9988E-002   3.9944E-003   2.3824E-002  
 4.2646E+000  -5.1920E-001  -1.0417E+000   8.5218E-001   8.1995E-002  -6.4037E-002  -1.8030E-002  -8.9792E-003  -1.8368E-002  -6.1608E-003   1.7465E-002  -9.6277E-003   1.3190E-002  -3.3921E-004   2.1853E-004   9.3605E-003   1.8775E-002   1.2898E-003   2.4374E-003  -8.6702E-005   1.8193E-004  -1.8490E-002   5.7803E-003   3.7692E-002  
 4.6268E+000  -4.9862E-001  -1.4993E+000   8.9095E-001   1.0456E-001  -1.4327E-001  -2.1594E-002  -7.1699E-003  -2.7582E-002  -1.4978E-002   5.9844E-003  -2.4040E-002   1.8361E-002  -5.5375E-004   3.3727E-004   8.5793E-003   2.5786E-002   3.0712E-003   4.3199E-003  -1.1343E-004   2.7346E-004  -1.6107E-002   9.0723E-003   6.3199E-002  
 5.0863E+000  -4.6813E-001  -1.8763E+000   9.2703E-001   1.0515E-001  -2.0226E-001  -1.7371E-002  -4.3191E-003  -4.8389E-002  -2.8218E-002  -1.1914E-002  -4.0484E-002   2.1924E-002  -9.5566E-004   6.2455E-004   7.4756E-003   2.9933E-002   5.6809E-003   8.4649E-003  -1.8723E-004   3.2630E-004  -1.2885E-002   1.3730E-002   9.5219E-002  
 5.6038E+000  -4.2583E-001  -2.1358E+000   9.4325E-001   7.6789E-002  -1.9080E-001  -1.2433E-003  -2.3750E-004  -8.6607E-002  -4.6647E-002  -3.8986E-002  -5.4799E-002   2.3125E-002  -2.1062E-003   1.5483E-003   5.9224E-003   2.9703E-002   9.6198E-003   1.6428E-002  -7.1495E-004   9.7941E-005  -9.2783E-003   1.8807E-002   1.0801E-001  
 6.1253E+000  -3.7033E-001  -2.2288E+000   9.1728E-001   1.3597E-002  -4.6876E-002   3.1114E-002   5.2013E-003  -1.4809E-001  -7.0746E-002  -7.8995E-002  -5.9513E-002   2.0758E-002  -5.1943E-003   3.4488E-003   3.5143E-003   2.0977E-002   1.5276E-002   3.0494E-002  -1.5586E-003  -8.5393E-004  -7.6071E-003   2.2201E-002   1.0423E-001  
 6.6061E+000  -2.9936E-001  -2.1023E+000   8.2386E-001  -9.0032E-002   3.0094E-001   8.5182E-002   1.2163E-002  -2.4048E-001  -1.0123E-001  -1.3675E-001  -4.5030E-002   1.3491E-002  -1.1755E-002   6.9569E-003  -5.6937E-005  -4.8949E-004   2.3086E-002   5.3098E-002  -2.7575E-003  -2.5547E-003  -8.5123E-003   2.4111E-002   1.1160E-001  
 6.6995E+000  -5.6666E-001   1.9787E+000   7.9368E-001   2.2546E-001   3.7020E-001  -9.8035E-002   2.7965E-002   1.6548E-001  -2.0150E-001  -1.5132E-001  -3.6204E-002  -2.1841E-002  -4.9595E-003  -1.2475E-002  -1.7415E-003   5.9724E-003   4.5822E-002  -3.9395E-002  -4.4356E-003   2.4676E-004  -8.6248E-003   2.4603E-002   1.1671E-001  
 6.2492E+000  -7.1182E-001   2.1318E+000   9.0152E-001   1.2291E-002   2.3460E-002  -4.0485E-002   1.3462E-002   7.9473E-002  -1.3938E-001  -9.1475E-002  -5.0128E-002  -3.6931E-002  -8.3082E-004  -6.3368E-003   5.4175E-003  -1.6306E-002   3.0719E-002  -1.9187E-002  -2.9132E-003  -5.5956E-004  -7.6230E-003   2.2628E-002   1.0871E-001  
 5.7580E+000  -8.2533E-001   2.0610E+000   9.4104E-001  -1.2089E-001  -1.2108E-001  -5.9473E-003   2.3170E-003   2.4641E-002  -9.0954E-002  -4.9237E-002  -4.5723E-002  -4.2783E-002   8.1664E-004  -2.4160E-003   1.0603E-002  -2.6619E-002   1.9097E-002  -6.5784E-003  -1.2884E-003  -7.9379E-004  -8.5542E-003   1.9853E-002   1.0504E-001  
 5.2682E+000  -9.1205E-001   1.8207E+000   9.3629E-001  -1.8471E-001  -1.3370E-001   1.2009E-002  -6.0397E-003  -7.3798E-003  -5.3933E-002  -2.0368E-002  -3.1549E-002  -4.1387E-002   9.1767E-004  -4.3284E-004   1.4057E-002  -2.8087E-002   1.0801E-002   1.7432E-004  -3.4673E-004  -4.3020E-004  -1.1462E-002   1.5637E-002   1.0321E-001  
 4.8315E+000  -9.7480E-001   1.4604E+000   9.0905E-001  -1.9054E-001  -7.6059E-002   1.8001E-002  -1.2037E-002  -2.2490E-002  -2.7058E-002  -1.4472E-003  -1.4847E-002  -3.4748E-002   7.1683E-004   1.1700E-004   1.6243E-002  -2.4337E-002   5.4894E-003   3.2398E-003  -2.2213E-004  -3.0783E-004  -1.4724E-002   1.1082E-002   7.3864E-002  
 4.4865E+000  -1.0172E+000   1.0170E+000   8.7691E-001  -1.5259E-001   1.6350E-003   1.5899E-002  -1.5914E-002  -2.6357E-002  -9.1557E-003   1.0647E-002  -2.1594E-004  -2.4944E-002   4.3637E-004   3.2747E-004   1.7855E-002  -1.7852E-002   1.8937E-003   4.0783E-003  -1.8741E-004  -1.8593E-004  -1.7018E-002   7.7819E-003   5.4383E-002  
 4.2646E+000  -1.0417E+000   5.1933E-001   8.5218E-001  -8.4442E-002   6.3224E-002   8.9902E-003  -1.8033E-002  -2.3391E-002   1.1355E-003   1.7466E-002   9.7440E-003  -1.2861E-002   1.6780E-004   3.7314E-004   1.8779E-002  -9.3614E-003  -2.4491E-004   3.4833E-003  -1.8934E-004  -8.9172E-005  -1.8489E-002   5.8118E-003   4.3459E-002  
 4.1888E+000  -1.0496E+000   7.0618E-005   8.4311E-001  -1.6337E-003   8.5566E-002   6.4335E-006  -1.8696E-002  -1.7241E-002   4.4538E-003   1.9635E-002   1.3287E-002   2.1913E-004  -4.0809E-005   3.4810E-004   1.9080E-002  -1.7339E-006  -9.4446E-004   2.1956E-003  -1.8788E-004  -1.0589E-005  -1.8983E-002   5.1571E-003   3.2410E-002  
 4.2646E+000  -1.0416E+000  -5.1922E-001   8.5218E-001   8.1175E-002   6.1596E-002  -8.9807E-003  -1.8019E-002  -1.1071E-002   1.1355E-003   1.7466E-002   9.9625E-003   1.3300E-002  -1.7920E-004   3.2256E-004   1.8777E-002   9.3584E-003  -2.4493E-004   9.0169E-004  -1.7030E-004   7.2777E-005  -1.8490E-002   5.7520E-003   4.0800E-002  
 4.4865E+000  -1.0169E+000  -1.0170E+000   8.7691E-001   1.4932E-001  -1.6292E-003  -1.5900E-002  -1.5887E-002  -8.0469E-003  -9.1558E-003   1.0646E-002   2.2193E-004   2.5382E-002  -2.5808E-004   3.6682E-004   1.7852E-002   1.7851E-002   1.8941E-003   2.8762E-004  -1.4936E-004   1.8407E-004  -1.7018E-002   7.7188E-003   5.1503E-002  
 4.8315E+000  -9.7436E-001  -1.4606E+000   9.0905E-001   1.8728E-001  -8.0948E-002  -1.8019E-002  -1.2003E-002  -1.1813E-002  -2.7059E-002  -1.4504E-003  -1.4184E-002   3.5191E-002  -3.1853E-004   5.7369E-004   1.6246E-002   2.4337E-002   5.4897E-003   1.0857E-003  -1.6685E-004   3.2939E-004  -1.4722E-002   1.1058E-002   7.3733E-002  
 5.2681E+000  -9.1147E-001  -1.8212E+000   9.3628E-001   1.8145E-001  -1.4021E-001  -1.2038E-002  -5.9980E-003  -2.6780E-002  -5.3933E-002  -2.0364E-002  -3.0652E-002   4.1836E-002  -4.5351E-004   1.1193E-003   1.4067E-002   2.8074E-002   1.0801E-002   4.0914E-003  -2.7558E-004   4.8243E-004  -1.1468E-002   1.5664E-002   1.0312E-001  
 5.7580E+000  -8.2461E-001  -2.0618E+000   9.4101E-001   1.1763E-001  -1.2920E-001   5.8880E-003   2.3664E-003  -5.8602E-002  -9.0949E-002  -4.9236E-002  -4.4570E-002   4.3235E-002  -9.0114E-004   3.1083E-003   1.0619E-002   2.6575E-002   1.9104E-002   1.0788E-002  -1.2178E-003   8.7335E-004  -8.5796E-003   1.9915E-002   1.0728E-001  
 6.2491E+000  -7.1095E-001  -2.1331E+000   9.0142E-001  -1.5547E-002   1.3792E-002   4.0335E-002   1.3524E-002  -1.1314E-001  -1.3936E-001  -9.1514E-002  -4.8659E-002   3.7382E-002  -2.9321E-003   7.0499E-003   5.4386E-003   1.6171E-002   3.0737E-002   2.3382E-002  -2.8619E-003   6.4117E-004  -7.6976E-003   2.2665E-002   1.1210E-001  
 6.6992E+000  -5.6566E-001  -1.9806E+000   7.9336E-001  -2.2873E-001   3.5916E-001   9.7619E-002   2.8036E-002  -1.9867E-001  -2.0143E-001  -1.5148E-001  -3.4258E-002   2.2266E-002  -7.5365E-003   1.3242E-002  -1.7245E-003  -6.3243E-003   4.5866E-002   4.3670E-002  -4.4260E-003  -2.1177E-004  -8.7782E-003   2.4556E-002   1.1734E-001  
 6.8355E+000  -7.6329E-001   1.7783E+000   7.3087E-001   4.6084E-001   4.4682E-001  -1.1396E-001   4.8709E-002   9.2265E-002  -2.9284E-001  -1.7914E-001  -1.7493E-002  -1.7088E-002   2.2542E-003  -2.0018E-002  -7.8968E-003   1.8135E-002   7.0036E-002  -2.3958E-002  -5.8146E-003  -3.1419E-003  -9.2821E-003   2.5578E-002   1.3178E-001  
 6.4377E+000  -9.8526E-001   1.9690E+000   8.6733E-001   1.2377E-001   9.9589E-002  -5.6373E-002   2.8123E-002   2.0037E-002  -2.0254E-001  -1.1345E-001  -3.4452E-002  -4.4716E-002   3.7604E-003  -8.8203E-003   3.9706E-003  -8.0194E-003   4.5632E-002  -6.2702E-003  -2.8876E-003  -2.8440E-003  -8.0425E-003   2.3383E-002   1.1620E-001  
 5.9947E+000  -1.1610E+000   1.9347E+000   9.2926E-001  -9.1619E-002  -4.3562E-002  -1.8396E-002   1.0946E-002  -2.3360E-002  -1.2962E-001  -6.7338E-002  -3.0816E-002  -5.6261E-002   3.2499E-003  -3.0486E-003   1.2638E-002  -2.1187E-002   2.7691E-002   3.5134E-003  -1.0308E-003  -1.9043E-003  -7.7182E-003   2.1521E-002   1.0172E-001  
 5.5488E+000  -1.2960E+000   1.7265E+000   9.4317E-001  -2.0396E-001  -5.5413E-002   2.8790E-003  -2.1970E-003  -4.4707E-002  -7.3454E-002  -3.5609E-002  -1.6924E-002  -5.6269E-002   2.0552E-003  -4.0201E-004   1.8431E-002  -2.4590E-002   1.4983E-002   7.7658E-003  -2.5411E-004  -9.2375E-004  -9.5538E-003   1.8383E-002   1.1123E-001  
 5.1489E+000  -1.3941E+000   1.3938E+000   9.3057E-001  -2.3022E-001   2.4453E-003   1.1682E-002  -1.1708E-002  -4.9821E-002  -3.2719E-002  -1.4714E-002  -3.3151E-004  -4.8051E-002   1.1031E-003   4.7156E-004   2.1984E-002  -2.1987E-002   6.5710E-003   8.7184E-003  -2.1157E-004  -3.5189E-004  -1.2415E-002   1.4432E-002   9.8278E-002  
 4.8315E+000  -1.4607E+000   9.7467E-001   9.0905E-001  -1.9136E-001   8.0140E-002   1.2023E-002  -1.8026E-002  -4.4211E-002  -5.3398E-003  -1.4405E-003   1.4300E-002  -3.4636E-002   5.2086E-004   6.8752E-004   2.4334E-002  -1.6239E-002   1.0751E-003   7.6568E-003  -2.3480E-004  -1.6902E-004  -1.4731E-002   1.1132E-002   8.1010E-002  
 4.6268E+000  -1.4993E+000   4.9887E-001   8.9095E-001  -1.0782E-001   1.4165E-001   7.1920E-003  -2.1592E-002  -3.2161E-002   1.0397E-002   5.9859E-003   2.4266E-002  -1.7923E-002   1.0012E-004   6.5428E-004   2.5790E-002  -8.5810E-003  -2.1431E-003   5.2494E-003  -2.8699E-004  -6.8590E-005  -1.6106E-002   9.0953E-003   6.4214E-002  
 4.5568E+000  -1.5118E+000   1.6024E-004   8.8411E-001  -2.4457E-003   1.6394E-001   1.4719E-005  -2.2725E-002  -1.7192E-002   1.5476E-002   8.3487E-003   2.7822E-002   3.2824E-004  -1.5577E-004   5.1965E-004   2.6277E-002  -2.5977E-006  -3.2027E-003   2.1797E-003  -3.0277E-004  -2.2753E-005  -1.6559E-002   8.3883E-003   5.7800E-002  
 4.6268E+000  -1.4991E+000  -4.9858E-001   8.9096E-001   1.0293E-001   1.4002E-001  -7.1681E-003  -2.1577E-002  -2.2033E-003   1.0398E-002   5.9800E-003   2.4487E-002   1.8582E-002  -2.4556E-004   3.8377E-004   2.5794E-002   8.5791E-003  -2.1439E-003  -8.9900E-004  -2.5866E-004   2.8191E-005  -1.6100E-002   9.0133E-003   6.1357E-002  
 4.8315E+000  -1.4603E+000  -9.7449E-001   9.0906E-001   1.8647E-001   7.6876E-002  -1.2015E-002  -1.7999E-002   9.9078E-003  -5.3400E-003  -1.4564E-003   1.4744E-002   3.5303E-002  -1.7024E-004   3.4749E-004   2.4348E-002   1.6246E-002   1.0755E-003  -3.3317E-003  -1.7900E-004   1.4338E-004  -1.4713E-002   1.1017E-002   7.8076E-002  
 5.1489E+000  -1.3935E+000  -1.3938E+000   9.3059E-001   2.2533E-001  -2.4421E-003  -1.1689E-002  -1.1667E-002   1.5620E-002  -3.2719E-002  -1.4730E-002   3.3895E-004   4.8724E-002   7.2138E-005   5.5847E-004   2.2004E-002   2.1994E-002   6.5702E-003  -4.4350E-003  -1.3027E-004   3.4977E-004  -1.2397E-002   1.4327E-002   9.5195E-002  
 5.5488E+000  -1.2951E+000  -1.7268E+000   9.4319E-001   1.9908E-001  -6.1920E-002  -2.8962E-003  -2.1369E-003   1.0653E-002  -7.3456E-002  -3.5614E-002  -1.6020E-002   5.6953E-002   6.8416E-004   1.4271E-003   1.8460E-002   2.4590E-002   1.4978E-002  -3.5362E-003  -1.5315E-004   9.4918E-004  -9.5400E-003   1.8326E-002   1.1096E-001  
 5.9947E+000  -1.1599E+000  -1.9353E+000   9.2926E-001   8.6756E-002  -5.1674E-002   1.8353E-002   1.1032E-002  -1.0481E-002  -1.2962E-001  -6.7337E-002  -2.9652E-002   5.6961E-002   1.5204E-003   4.0864E-003   1.2685E-002   2.1166E-002   2.7691E-002   6.7646E-004  -9.3764E-004   1.9543E-003  -7.7144E-003   2.1516E-002   1.0092E-001  
 6.4377E+000  -9.8394E-001  -1.9701E+000   8.6728E-001  -1.2861E-001   8.9947E-002   5.6245E-002   2.8243E-002  -5.3563E-002  -2.0252E-001  -1.1347E-001  -3.2964E-002   4.5430E-002   1.6277E-003   9.8943E-003   4.0339E-003   7.9206E-003   4.5644E-002   1.0468E-002  -2.8316E-003   2.8894E-003  -8.0760E-003   2.3382E-002   1.1322E-001  
 6.8352E+000  -7.6181E-001  -1.7803E+000   7.3044E-001  -4.6580E-001   4.3603E-001   1.1337E-001   4.8812E-002  -1.2514E-001  -2.9262E-001  -1.7934E-001  -1.5380E-002   1.7712E-002  -4.5890E-004   2.1312E-002  -7.8437E-003  -1.8490E-002   7.0150E-002   2.8339E-002  -5.9218E-003   3.1111E-003  -9.3711E-003   2.5513E-002   1.2869E-001  
 6.9262E+000  -9.0287E-001   1.5772E+000   5.6150E-001   9.0310E-001   5.3919E-001  -7.9598E-002   4.4713E-002  -1.1073E-002  -3.3756E-001  -2.4873E-001   2.0078E-002   3.7517E-002   1.9972E-002  -3.2238E-002  -3.5137E-002   6.0838E-002   9.8156E-002   1.2795E-003  -3.2190E-003  -5.4153E-003  -1.1923E-002   2.0992E-002   1.1601E-001  
 6.6689E+000  -1.1552E+000   1.7320E+000   8.0381E-001   3.5832E-001   1.5564E-001  -8.0177E-002   5.3247E-002  -6.6839E-002  -2.5791E-001  -1.4659E-001  -1.7616E-002  -3.9806E-002   1.0724E-002  -9.0393E-003  -2.6466E-003   3.7747E-003   5.8727E-002   1.3605E-002  -1.1715E-003  -4.5901E-003  -8.8175E-003   2.4370E-002   1.1312E-001  
 6.2882E+000  -1.4003E+000   1.7509E+000   8.9539E-001   4.3349E-002   1.4526E-002  -3.6310E-002   2.8885E-002  -9.3822E-002  -1.5866E-001  -9.5738E-002  -1.4091E-002  -5.8964E-002   7.6280E-003  -2.5939E-003   9.6174E-003  -1.2193E-002   3.5189E-002   1.9256E-002   2.4255E-004  -3.2517E-003  -7.7790E-003   2.2841E-002   1.0609E-001  
 5.9001E+000  -1.5892E+000   1.5886E+000   9.3518E-001  -1.3731E-001   3.2408E-003  -1.0454E-002   1.0405E-002  -9.9760E-002  -8.2820E-002  -5.9794E-002  -4.6658E-004  -6.3242E-002   4.2102E-003   6.2244E-004   1.8588E-002  -1.8616E-002   1.7575E-002   1.9698E-002   5.9715E-004  -1.3180E-003  -8.1662E-003   2.0874E-002   1.0454E-001  
 5.5488E+000  -1.7271E+000   1.2957E+000   9.4315E-001  -2.0477E-001   6.1108E-002   2.1749E-003  -2.9207E-003  -9.0481E-002  -2.7678E-002  -3.5603E-002   1.6135E-002  -5.6150E-002   1.8547E-003   1.4881E-003   2.4564E-002  -1.8429E-002   5.6483E-003   1.7115E-002   2.0332E-004  -3.2724E-004  -9.5723E-003   1.8424E-002   1.1206E-001  
 5.2681E+000  -1.8213E+000   9.1198E-001   9.3627E-001  -1.8633E-001   1.3859E-001   6.0298E-003  -1.2039E-002  -7.1016E-002   9.6981E-003  -2.0351E-002   3.0881E-002  -4.1163E-002   5.1861E-004   1.3844E-003   2.8070E-002  -1.4053E-002  -1.9583E-003   1.2944E-002  -2.7299E-004  -6.4436E-005  -1.1480E-002   1.5735E-002   1.1013E-001  
 5.0863E+000  -1.8762E+000   4.6854E-001   9.2703E-001  -1.0922E-001   1.9982E-001   4.3496E-003  -1.7363E-002  -4.5331E-002   3.1274E-002  -1.1912E-002   4.0823E-002  -2.1368E-002  -1.6799E-004   1.1013E-003   2.9939E-002  -7.4705E-003  -6.3151E-003   7.8314E-003  -4.2171E-004  -4.5863E-006  -1.2883E-002   1.3734E-002   9.4672E-002  
 5.0241E+000  -1.8939E+000   2.8797E-004   9.2315E-001  -3.2578E-003   2.2201E-001   2.1412E-005  -1.9061E-002  -1.7121E-002   3.8236E-002  -9.2200E-003   4.4365E-002   4.4482E-004  -5.0342E-004   6.8749E-004   3.0564E-002   2.8738E-006  -7.7329E-003   2.1500E-003  -4.6893E-004  -3.8128E-005  -1.3342E-002   1.3024E-002   9.0804E-002  
 5.0863E+000  -1.8759E+000  -4.6800E-001   9.2705E-001   1.0271E-001   1.9819E-001  -4.3123E-003  -1.7350E-002   1.1109E-002   3.1274E-002  -1.1927E-002   4.1048E-002   2.2261E-002  -5.1090E-004   2.7291E-004   2.9955E-002   7.4796E-003  -6.3144E-003  -3.5390E-003  -3.8550E-004  -6.6949E-005  -1.2865E-002   1.3639E-002   9.1860E-002  
 5.2682E+000  -1.8207E+000  -9.1155E-001   9.3630E-001   1.7982E-001   1.3533E-001  -6.0053E-003  -1.2009E-002   3.6855E-002   9.6980E-003  -2.0375E-002   3.1332E-002   4.2062E-002  -1.6825E-004  -1.3358E-005   2.8097E-002   1.4068E-002  -1.9578E-003  -8.6748E-003  -2.0111E-004   7.5184E-006  -1.1452E-002   1.5579E-002   1.0719E-001  
 5.5488E+000  -1.7262E+000  -1.2955E+000   9.4319E-001   1.9827E-001   5.6228E-002  -2.1582E-003  -2.8619E-003   5.6430E-002  -2.7680E-002  -3.5620E-002   1.6817E-002   5.7064E-002   8.2258E-004  -1.1797E-004   2.4609E-002   1.8450E-002   5.6439E-003  -1.2878E-002   3.0101E-004   2.9345E-004  -9.5347E-003   1.8271E-002   1.0903E-001  
 5.9002E+000  -1.5880E+000  -1.5886E+000   9.3524E-001   1.3083E-001  -3.2478E-003   1.0467E-002   1.0506E-002   6.5876E-002  -8.2827E-002  -5.9786E-002   4.5918E-004   6.4187E-002   2.8266E-003   7.5513E-004   1.8664E-002   1.8645E-002   1.7566E-002  -1.5492E-002   7.0593E-004   1.3138E-003  -8.1151E-003   2.0779E-002   1.0421E-001  
 6.2883E+000  -1.3988E+000  -1.7512E+000   8.9547E-001  -4.9775E-002   6.4421E-003   3.6316E-002   2.9046E-002   6.0178E-002  -1.5868E-001  -9.5702E-002  -1.2900E-002   5.9960E-002   5.8644E-003   3.9912E-003   9.7362E-003   1.2226E-002   3.5173E-002  -1.5064E-002   3.3447E-004   3.2653E-003  -7.7194E-003   2.2818E-002   1.0505E-001  
 6.6689E+000  -1.1533E+000  -1.7327E+000   8.0389E-001  -3.6466E-001   1.4605E-001   8.0133E-002   5.3496E-002   3.3556E-002  -2.5793E-001  -1.4655E-001  -1.6097E-002   4.0870E-002   8.5239E-003   1.0493E-002  -2.4783E-003  -3.7808E-003   5.8712E-002  -9.3709E-003  -1.1386E-003   4.5989E-003  -8.7765E-003   2.4381E-002   1.1382E-001  
 6.9262E+000  -8.9991E-001  -1.5790E+000   5.6146E-001  -9.0864E-001   5.2950E-001   7.8903E-002   4.5821E-002  -2.0291E-002  -3.3756E-001  -2.4875E-001   2.3102E-002  -3.5808E-002   1.6567E-002   3.4172E-002  -3.4657E-002  -6.1136E-002   9.8159E-002   3.9413E-003  -3.3905E-003   5.3070E-003  -1.1925E-002   2.0986E-002   1.1656E-001  
 6.2881E+000  -1.7518E+000   1.3997E+000   8.9534E-001   4.2568E-002  -7.2850E-003  -2.8922E-002   3.6190E-002  -1.7545E-001  -7.7004E-002  -9.5764E-002   1.2985E-002  -5.8808E-002   7.4251E-003   4.0339E-003   1.2099E-002  -9.6276E-003   1.7139E-002   3.7347E-002   2.4218E-003  -9.3645E-004  -7.8155E-003   2.2845E-002   1.0380E-001  
 5.9947E+000  -1.9356E+000   1.1608E+000   9.2921E-001  -9.3224E-002   5.0039E-002  -1.0957E-002   1.8309E-002  -1.4653E-001  -6.4432E-003  -6.7348E-002   2.9872E-002  -5.6004E-002   2.8363E-003   4.3088E-003   2.1111E-002  -1.2626E-002   1.4126E-003   2.9830E-002   1.0507E-003   4.6070E-004  -7.7676E-003   2.1568E-002   1.0281E-001  
 5.7580E+000  -2.0618E+000   8.2536E-001   9.4099E-001  -1.2331E-001   1.2676E-001  -2.3088E-003   5.8781E-003  -1.0792E-001   4.1617E-002  -4.9237E-002   4.4910E-002  -4.2421E-002   2.0843E-004   3.5368E-003   2.6555E-002  -1.0584E-002  -8.6799E-003   2.1235E-002  -4.8603E-005   8.7592E-004  -8.6049E-003   1.9937E-002   1.0545E-001  
 5.6038E+000  -2.1355E+000   4.2645E-001   9.4326E-001  -8.1669E-002   1.8754E-001   2.7995E-004  -1.2282E-003  -6.3664E-002   6.9586E-002  -3.8987E-002   5.5260E-002  -2.2443E-002  -1.1896E-003   2.1870E-003   2.9718E-002  -5.9053E-003  -1.4306E-002   1.1739E-002  -8.2804E-004   5.1312E-004  -9.2706E-003   1.8790E-002   1.0993E-001  
 5.5509E+000  -2.1594E+000   4.5398E-004   9.4320E-001  -4.0702E-003   2.0958E-001   3.0716E-005  -3.5172E-003  -1.7027E-002   7.8688E-002  -3.5723E-002   5.8961E-002   5.6684E-004  -1.6624E-003   8.5626E-004   3.0734E-002   1.1408E-005  -1.6058E-002   2.1145E-003  -1.0061E-003  -5.4172E-005  -9.5299E-003   1.8332E-002   1.1226E-001  
 5.6039E+000  -2.1352E+000  -4.2557E-001   9.4329E-001   7.3533E-002   1.8593E-001  -2.2019E-004  -1.2004E-003   2.9635E-002   6.9590E-002  -3.8994E-002   5.5495E-002   2.3582E-002  -1.5280E-003  -4.7080E-004   2.9748E-002   5.9319E-003  -1.4298E-002  -7.5116E-003  -7.8485E-004  -6.1233E-004  -9.2441E-003   1.8704E-002   1.0692E-001  
 5.7580E+000  -2.0610E+000  -8.2459E-001   9.4105E-001   1.1519E-001   1.2352E-001   2.3677E-003   5.9443E-003   7.3972E-002   4.1622E-002  -4.9238E-002   4.5384E-002   4.3581E-002  -4.7792E-004  -1.8123E-003   2.6621E-002   1.0624E-002  -8.6722E-003  -1.7013E-002   2.7117E-005  -9.5510E-004  -8.5488E-003   1.9807E-002   1.0446E-001  
 5.9948E+000  -1.9345E+000  -1.1602E+000   9.2930E-001   8.5135E-002   4.5187E-002   1.1020E-002   1.8424E-002   1.1270E-001  -6.4436E-003  -6.7328E-002   3.0587E-002   5.7199E-002   1.7977E-003  -2.5776E-003   2.1218E-002   1.2686E-002   1.4123E-003  -2.5622E-002   1.1510E-003  -5.1690E-004  -7.6842E-003   2.1444E-002   9.9852E-002  
 6.2883E+000  -1.7503E+000  -1.3994E+000   8.9550E-001  -5.0585E-002  -1.3726E-002   2.9008E-002   3.6394E-002   1.4183E-001  -7.7022E-002  -9.5693E-002   1.3962E-002   6.0085E-002   6.0045E-003  -2.2735E-003   1.2281E-002   9.7263E-003   1.7122E-002  -3.3129E-002   2.5105E-003   9.0718E-004  -7.6940E-003   2.2795E-002   1.0450E-001  
 6.6687E+000  -1.7334E+000   1.1547E+000   8.0362E-001   3.5683E-001  -1.4773E-001  -5.3240E-002   7.9896E-002  -2.7444E-001  -5.0204E-002  -1.4668E-001   1.6270E-002  -3.9439E-002   1.0320E-002   1.0764E-002  -3.9777E-003   2.6666E-003   1.1471E-002   6.0976E-002   3.7043E-003   5.6571E-004  -8.8825E-003   2.4383E-002   1.1220E-001  
 6.4376E+000  -1.9703E+000   9.8516E-001   8.6715E-001   1.2145E-001  -9.2398E-002  -2.8081E-002   5.6150E-002  -2.1921E-001   3.6800E-002  -1.1353E-001   3.3292E-002  -4.4245E-002   3.1508E-003   1.0330E-002   7.8225E-003  -3.9125E-003  -8.3605E-003   4.7844E-002   1.9164E-003   2.3773E-003  -8.1438E-003   2.3388E-002   1.1212E-001  
 6.2491E+000  -2.1329E+000   7.1200E-001   9.0139E-001   9.1075E-003  -1.7023E-002  -1.3418E-002   4.0331E-002  -1.5618E-001   9.6308E-002  -9.1523E-002   4.9137E-002  -3.6397E-002  -1.6493E-003   7.6643E-003   1.6160E-002  -5.3672E-003  -2.1263E-002   3.2880E-002  -3.8896E-004   2.5311E-003  -7.7161E-003   2.2671E-002   1.1033E-001  
 6.1253E+000  -2.2284E+000   3.7120E-001   9.1731E-001  -1.9255E-002   4.2846E-002  -5.1267E-003   3.1164E-002  -8.7623E-002   1.3122E-001  -7.8981E-002   6.0127E-002  -1.9927E-002  -4.1156E-003   4.2690E-003   2.1023E-002  -3.4713E-003  -2.8362E-002   1.7389E-002  -1.9024E-003   1.3590E-003  -7.5854E-003   2.2188E-002   1.0471E-001  
 6.0826E+000  -2.2594E+000   6.6037E-004   9.2177E-001  -4.8601E-003   6.4520E-002   5.2705E-005   2.8164E-002  -1.6895E-002   1.4255E-001  -7.4975E-002   6.4010E-002   7.0401E-004  -4.9698E-003   1.0406E-003   2.2592E-002   2.8254E-005  -3.0638E-002   2.0939E-003  -2.3595E-003  -5.4912E-005  -7.5414E-003   2.1981E-002   1.0114E-001  
 6.1254E+000  -2.2279E+000  -3.6991E-001   9.1736E-001   9.5462E-003   4.1246E-002   5.2357E-003   3.1224E-002   5.3864E-002   1.3123E-001  -7.8964E-002   6.0383E-002   2.1348E-002  -4.4580E-003  -2.1825E-003   2.1085E-002   3.5362E-003  -2.8352E-002  -1.3198E-002  -1.8649E-003  -1.4627E-003  -7.5387E-003   2.2137E-002   1.0177E-001  
 6.2492E+000  -2.1320E+000  -7.1079E-001   9.0153E-001  -1.8774E-002  -2.0218E-002   1.3543E-002   4.0476E-002   1.2252E-001   9.6328E-002  -9.1469E-002   4.9667E-002   3.7868E-002  -2.3424E-003  -5.5515E-003   1.6310E-002   5.4614E-003  -2.1245E-002  -2.8671E-002  -3.2478E-004  -2.6076E-003  -7.6111E-003   2.2615E-002   1.0800E-001  
 6.4378E+000  -1.9688E+000  -9.8408E-001   8.6741E-001  -1.3102E-001  -9.7159E-002   2.8252E-002   5.6426E-002   1.8575E-001   3.6815E-002  -1.1340E-001   3.4111E-002   4.5826E-002   2.0790E-003  -8.1689E-003   8.0919E-003   4.0659E-003  -8.3490E-003  -4.3593E-002   1.9790E-003  -2.4224E-003  -7.9744E-003   2.3382E-002   1.1049E-001  
 6.6691E+000  -1.7314E+000  -1.1538E+000   8.0406E-001  -3.6623E-001  -1.5404E-001   5.3494E-002   8.0360E-002   2.4127E-001  -5.0229E-002  -1.4645E-001   1.7385E-002   4.1193E-002   8.8287E-003  -8.5458E-003  -3.5721E-003  -2.4322E-003   1.1456E-002  -5.6664E-002   3.7449E-003  -5.8985E-004  -8.6649E-003   2.4448E-002   1.1232E-001  
 6.8979E+000  -1.6136E+000   9.2186E-001   5.4632E-001   9.2940E-001  -5.4805E-001  -3.7788E-002   6.6265E-002  -3.3001E-001   4.5309E-003  -2.5089E-001  -2.6163E-002   4.4556E-002   2.5815E-002   4.6398E-002  -6.2273E-002   3.5633E-002  -1.3390E-003   1.0309E-001   9.5549E-003   5.7575E-003  -1.2055E-002   2.0700E-002   1.1396E-001  
 6.8344E+000  -1.7814E+000   7.6400E-001   7.2956E-001   4.5890E-001  -4.3976E-001  -4.8092E-002   1.1251E-001  -3.0810E-001   1.0864E-001  -1.7966E-001   1.5546E-002  -1.5705E-002   1.7154E-003   2.2627E-002  -1.8771E-002   8.1263E-003  -2.6157E-002   7.2832E-002   2.5824E-003   5.7545E-003  -9.3931E-003   2.5486E-002   1.3175E-001  
 6.6992E+000  -1.9803E+000   5.6708E-001   7.9335E-001   2.2161E-001  -3.6312E-001  -2.7834E-002   9.7651E-002  -2.1799E-001   1.8209E-001  -1.5149E-001   3.4922E-002  -2.1054E-002  -5.9895E-003   1.4095E-002  -6.3083E-003   1.8464E-003  -4.1481E-002   4.8071E-002  -1.2500E-003   4.1278E-003  -8.7842E-003   2.4560E-002   1.1531E-001  
 6.6062E+000  -2.1016E+000   3.0054E-001   8.2396E-001   8.3647E-002  -3.0566E-001  -1.2024E-002   8.5337E-002  -1.1789E-001   2.2387E-001  -1.3669E-001   4.5872E-002  -1.2466E-002  -1.0423E-002   8.0045E-003  -3.7307E-004   1.4095E-004  -5.0887E-002   2.5232E-002  -3.6249E-003   2.5914E-003  -8.4739E-003   2.4107E-002   1.1441E-001  
 6.5741E+000  -2.1410E+000   9.1983E-004   8.3338E-001  -5.6084E-003  -2.8476E-001   1.0120E-004   8.1341E-002  -1.6698E-002   2.3747E-001  -1.3194E-001   4.9798E-002   8.7854E-004  -1.1963E-002   1.2634E-003   1.5786E-003   6.2208E-005  -5.3901E-002   2.1072E-003  -4.4977E-003  -2.7809E-005  -8.3828E-003   2.3936E-002   1.1927E-001  
 6.6064E+000  -2.1010E+000  -2.9871E-001   8.2412E-001  -9.4832E-002  -3.0719E-001   1.2243E-002   8.5501E-002   8.4548E-002   2.2392E-001  -1.3661E-001   4.6208E-002   1.4258E-002  -1.0766E-002  -5.4593E-003  -2.1536E-004   1.0123E-006  -5.0857E-002  -2.1000E-002  -3.6044E-003  -2.6387E-003  -8.3879E-003   2.4123E-002   1.1714E-001  
 6.6995E+000  -1.9790E+000  -5.6530E-001   7.9370E-001  -2.3269E-001  -3.6618E-001   2.8107E-002   9.8009E-002   1.8481E-001   1.8216E-001  -1.5131E-001   3.5596E-002   2.2956E-002  -6.7026E-003  -1.1498E-002  -5.9824E-003  -1.6475E-003  -4.1437E-002  -4.3785E-002  -1.2230E-003  -4.1571E-003  -8.6167E-003   2.4611E-002   1.1778E-001  
 6.8354E+000  -1.7786E+000  -7.6195E-001   7.3077E-001  -4.6923E-001  -4.4382E-001   4.8761E-002   1.1377E-001   2.7578E-001   1.0888E-001  -1.7910E-001   1.6921E-002   1.8208E-002   5.4385E-004  -1.9555E-002  -1.8020E-002  -7.7265E-003  -2.6033E-002  -6.8157E-002   2.4894E-003  -5.5905E-003  -9.1610E-003   2.5670E-002   1.2998E-001  
 6.9005E+000  -1.6083E+000  -9.1878E-001   5.4966E-001  -9.3792E-001  -5.5288E-001   3.9732E-002   6.9641E-002   2.9911E-001   4.5498E-003  -2.4968E-001  -2.3828E-002  -4.0512E-002   2.3881E-002  -4.2994E-002  -6.1016E-002  -3.4908E-002  -1.3340E-003  -9.7677E-002   9.4166E-003  -5.6744E-003  -1.1884E-002   2.1227E-002   1.1497E-001  
