 1.4728E+000   3.0305E+000   1.6725E+000  -1.4975E+000  -2.4892E+000  -1.5859E+000   5.8301E-001   1.1075E+000   1.2891E+000   2.0835E-001  -4.4552E-001  -5.0988E-001  -7.5577E-001   4.9765E-001  -1.4191E+000   2.1999E-001   1.1667E-001   3.0408E-002   3.9866E-001  -5.3056E-002   3.6463E-002  -2.1890E-002   6.7183E-002   3.5380E-001  
 2.8438E+000   1.3927E+000   5.9885E-001  -1.1913E-001  -6.3433E-001  -5.5112E-001  -3.1732E-002  -8.1324E-002   2.5482E-001  -3.1407E-002  -1.7249E-001  -4.6157E-002  -5.4660E-002   2.8203E-001  -9.7466E-001   8.0387E-002   3.8463E-002   3.1689E-002   4.6492E-002   3.1648E-002  -2.8868E-002  -1.9762E-002   1.2936E-001   3.6190E-001  
 2.7730E+000   1.4892E+000   4.2359E-001   2.8567E-002  -3.2290E-001  -3.8260E-001  -4.2364E-002  -1.5576E-001   2.4340E-001  -1.8595E-001  -1.1047E-001   2.1290E-002   9.3309E-003   2.6658E-001  -9.0994E-001   3.3541E-002   1.7428E-002   4.4261E-002  -1.8140E-002   4.3890E-002  -6.2580E-002  -1.9527E-002   1.4038E-001   4.5332E-001  
 2.6801E+000   1.6034E+000   2.2475E-001   7.0244E-002  -1.8316E-001  -2.9889E-001  -2.0108E-002  -1.5254E-001   3.2003E-001  -2.8680E-001  -8.9180E-002   3.7574E-002   8.1187E-003   2.6223E-001  -9.0244E-001   1.6736E-002   1.1918E-002   6.2129E-002  -4.2036E-002   3.6871E-002  -6.9531E-002  -1.5553E-002   1.4443E-001   4.5565E-001  
 2.6504E+000   1.6372E+000  -3.5745E-003   9.0036E-002  -9.3657E-002  -2.5370E-001   1.1430E-003  -1.5630E-001   4.0182E-001  -3.6022E-001  -7.8541E-002   4.7284E-002  -1.9955E-003   2.6160E-001  -8.9525E-001   3.6455E-003   9.0704E-003   7.2851E-002  -6.3504E-002   2.7330E-002  -7.6327E-002  -1.0852E-002   1.4764E-001   4.7758E-001  
 2.6883E+000   1.5926E+000  -2.2870E-001   9.0453E-002  -5.1174E-003  -2.5369E-001   2.4824E-002  -1.6749E-001   4.8719E-001  -4.0657E-001  -7.8030E-002   4.9256E-002  -1.5704E-002   2.6351E-001  -8.8902E-001  -4.5439E-003   7.0656E-003   7.7434E-002  -8.2385E-002   1.5589E-002  -8.1594E-002  -6.8883E-003   1.4959E-001   4.8977E-001  
 2.7908E+000   1.4668E+000  -4.1799E-001   6.8527E-002   1.3221E-001  -2.9199E-001   5.3700E-002  -1.8644E-001   5.7407E-001  -4.2457E-001  -8.8697E-002   4.3411E-002  -2.7126E-002   2.6752E-001  -8.8396E-001  -6.0528E-003   3.6877E-003   7.5843E-002  -9.9185E-002   2.3807E-003  -8.4269E-002  -5.3064E-003   1.5006E-001   4.8417E-001  
 3.0031E+000   1.1723E+000  -5.0073E-001   8.1470E-002   3.0686E-001  -2.8354E-001   1.1740E-001  -2.8465E-001   7.2189E-001  -4.4286E-001  -8.8275E-002   7.4524E-002  -6.7704E-002   2.7729E-001  -9.3019E-001  -2.1906E-002   4.0222E-003   5.1371E-002  -8.3306E-002  -2.2081E-003  -5.6705E-002  -8.6217E-003   1.4604E-001   5.0274E-001  
 4.1080E+000  -3.4322E-001  -7.0860E-003   7.3324E-001  -8.4894E-002   4.6055E-001   4.5005E-001  -1.0884E+000   1.4613E+000  -6.7942E-001  -2.8105E-002   4.4465E-001  -3.7782E-001   2.8842E-001  -1.2760E+000  -3.9554E-002  -8.7025E-003  -8.7589E-002   1.1189E-001   1.9837E-002   2.6352E-002  -1.4596E-002   9.7387E-002   6.0386E-001  
 2.7401E+000   1.3103E+000   8.7669E-001   3.6789E-002  -4.2748E-001  -2.1188E-001  -8.6379E-002  -1.2732E-001   1.6552E-001   1.7440E-001  -1.0683E-001   7.0049E-003   2.3438E-002   2.8433E-001  -9.0671E-001   3.4080E-002   1.6866E-002  -3.1007E-002  -1.7160E-003   5.7176E-002  -4.9469E-002  -2.0549E-002   1.3988E-001   4.5438E-001  
 2.5007E+000   1.5419E+000   7.7171E-001   1.0515E-001  -1.9453E-001  -1.3180E-001  -5.5002E-002  -1.0988E-001   1.9651E-001   3.0759E-002  -7.0025E-002   2.6331E-002   3.5737E-002   2.7657E-001  -9.0636E-001   1.7184E-002   8.7596E-003  -2.3503E-003  -1.7485E-002   5.1785E-002  -5.4458E-002  -1.9966E-002   1.4290E-001   4.6909E-001  
 2.3063E+000   1.7009E+000   5.6535E-001   1.4493E-001  -8.3587E-002  -3.4687E-002  -3.3946E-002  -9.8958E-002   2.3704E-001  -8.5235E-002  -4.3852E-002   4.3952E-002   3.4899E-002   2.7156E-001  -9.0388E-001   1.9015E-003   4.1816E-003   2.0303E-002  -3.3855E-002   4.5202E-002  -6.0696E-002  -1.7060E-002   1.4648E-001   4.7485E-001  
 2.1783E+000   1.7952E+000   2.9488E-001   1.6510E-001  -5.6845E-002   4.4395E-002  -1.7280E-002  -9.2329E-002   2.8560E-001  -1.7743E-001  -2.8443E-002   5.5860E-002   2.2627E-002   2.6970E-001  -9.0090E-001  -9.1538E-003   3.3205E-003   3.7115E-002  -4.8607E-002   3.5760E-002  -6.7601E-002  -1.3776E-002   1.4947E-001   4.6864E-001  
 2.1341E+000   1.8269E+000  -3.3573E-003   1.7265E-001  -7.2349E-002   8.2659E-002  -2.0676E-003  -9.0046E-002   3.3843E-001  -2.4543E-001  -2.3002E-002   5.9600E-002   3.7366E-003   2.6912E-001  -8.9814E-001  -1.5319E-002   4.6287E-003   4.9383E-002  -6.1211E-002   2.4388E-002  -7.3189E-002  -1.1110E-002   1.5121E-001   4.6558E-001  
 2.1788E+000   1.7965E+000  -3.0002E-001   1.7134E-001  -8.6464E-002   7.4511E-002   1.4305E-002  -9.3754E-002   3.9213E-001  -2.9106E-001  -2.5766E-002   5.6202E-002  -1.6535E-002   2.6975E-001  -8.9429E-001  -1.7981E-002   6.0227E-003   5.6856E-002  -7.2856E-002   1.1599E-002  -7.8046E-002  -8.8478E-003   1.5210E-001   4.6863E-001  
 2.3093E+000   1.7004E+000  -5.6505E-001   1.5962E-001  -5.6777E-002   2.7744E-002   3.4960E-002  -1.0513E-001   4.4532E-001  -3.1421E-001  -3.6225E-002   4.7338E-002  -3.4494E-002   2.7177E-001  -8.9038E-001  -1.8005E-002   6.0651E-003   5.8858E-002  -8.3073E-002  -2.0107E-003  -8.0733E-002  -6.7597E-003   1.5201E-001   4.6651E-001  
 2.5086E+000   1.5367E+000  -7.6234E-001   1.2931E-001   5.8805E-002  -3.5233E-002   6.1867E-002  -1.2382E-001   4.9421E-001  -3.1302E-001  -5.6538E-002   3.4563E-002  -4.4333E-002   2.7562E-001  -8.8703E-001  -1.3230E-002   2.0175E-003   5.4205E-002  -9.2040E-002  -1.5400E-002  -8.0681E-002  -6.6846E-003   1.5076E-001   4.7953E-001  
 2.7529E+000   1.3005E+000  -8.5856E-001   6.5978E-002   3.0248E-001  -7.8149E-002   9.6063E-002  -1.4889E-001   5.3495E-001  -2.8694E-001  -9.0798E-002   2.1648E-002  -3.8196E-002   2.8256E-001  -8.8625E-001  -1.0509E-003  -1.0406E-002   4.0088E-002  -9.9454E-002  -2.7061E-002  -7.7120E-002  -9.8348E-003   1.4765E-001   4.8126E-001  
 2.3470E+000   1.3890E+000   1.1159E+000   1.3972E-001  -8.9224E-002  -6.2098E-002  -6.7428E-002  -8.5754E-002   1.9637E-001   2.1637E-001  -4.7943E-002   1.3055E-002   5.3388E-002   2.8105E-001  -8.9982E-001   5.6942E-003  -1.3887E-003  -4.1997E-002  -2.4923E-002   6.1633E-002  -4.4973E-002  -1.6474E-002   1.4652E-001   4.7381E-001  
 2.0425E+000   1.5710E+000   9.4446E-001   1.7436E-001   4.0513E-002   1.4722E-002  -4.1476E-002  -7.0295E-002   2.0494E-001   8.9618E-002  -1.7344E-002   3.0210E-002   5.5155E-002   2.7688E-001  -9.0288E-001  -6.5605E-003  -5.3367E-003  -1.6591E-002  -3.2796E-002   5.4585E-002  -4.9676E-002  -1.5902E-002   1.4926E-001   4.8038E-001  
 1.7973E+000   1.6974E+000   6.7878E-001   1.8641E-001   6.5433E-002   1.0784E-001  -2.4257E-002  -5.8222E-002   2.2555E-001  -1.4342E-002   2.0912E-003   4.3883E-002   4.4292E-002   2.7543E-001  -9.0575E-001  -1.4248E-002  -4.4783E-003   4.1064E-003  -3.9200E-002   4.4247E-002  -5.4324E-002  -1.6022E-002   1.5122E-001   4.7230E-001  
 1.6376E+000   1.7718E+000   3.5146E-001   1.8991E-001   2.0792E-002   1.8364E-001  -1.2411E-002  -5.1007E-002   2.5166E-001  -9.8732E-002   1.3066E-002   5.2923E-002   2.6634E-002   2.7470E-001  -9.0638E-001  -2.0240E-002  -1.6880E-003   2.0378E-002  -4.6562E-002   3.2981E-002  -5.9526E-002  -1.5060E-002   1.5295E-001   4.6117E-001  
 1.5824E+000   1.7970E+000  -1.8238E-003   1.9123E-001  -5.8205E-002   2.1904E-001  -2.3363E-003  -4.7828E-002   2.8080E-001  -1.6425E-001   1.6008E-002   5.5283E-002   4.7517E-003   2.7490E-001  -9.0563E-001  -2.3633E-002   2.3444E-003   3.2222E-002  -5.3252E-002   2.0266E-002  -6.4529E-002  -1.3853E-002   1.5381E-001   4.5033E-001  
 1.6367E+000   1.7741E+000  -3.5400E-001   1.9287E-001  -1.3546E-001   2.0724E-001   8.6096E-003  -4.9418E-002   3.1043E-001  -2.1161E-001   1.2547E-002   5.0853E-002  -1.8023E-002   2.7513E-001  -9.0375E-001  -2.4821E-002   6.2330E-003   4.0665E-002  -5.9035E-002   7.0878E-003  -6.8571E-002  -1.2251E-002   1.5393E-001   4.5007E-001  
 1.7965E+000   1.7013E+000  -6.7795E-001   1.9213E-001  -1.7472E-001   1.5522E-001   2.3080E-002  -5.6479E-002   3.3788E-001  -2.4035E-001   2.8520E-003   4.0416E-002  -3.8497E-002   2.7545E-001  -9.0020E-001  -2.3571E-002   8.6667E-003   4.5710E-002  -6.4458E-002  -6.3782E-003  -7.1964E-002  -1.0659E-002   1.5352E-001   4.5372E-001  
 2.0426E+000   1.5762E+000  -9.3897E-001   1.8106E-001  -1.3939E-001   8.5876E-002   4.3159E-002  -6.8942E-002   3.5953E-001  -2.4907E-001  -1.4939E-002   2.5889E-002  -5.2179E-002   2.7694E-001  -8.9574E-001  -1.8747E-002   7.4701E-003   4.5573E-002  -6.9440E-002  -1.9885E-002  -7.3674E-002  -1.0191E-002   1.5227E-001   4.6572E-001  
 2.3489E+000   1.3933E+000  -1.1046E+000   1.4712E-001   4.7057E-003   3.6037E-002   7.1016E-002  -8.7191E-002   3.7254E-001  -2.3697E-001  -4.4043E-002   1.1523E-002  -5.4384E-002   2.8017E-001  -8.9293E-001  -9.5774E-003  -2.6394E-004   3.7736E-002  -7.2152E-002  -3.1808E-002  -7.2398E-002  -1.1616E-002   1.4946E-001   4.6544E-001  
 4.0948E+000   1.8396E-002  -3.2521E-001   7.2642E-001   1.5459E-002  -4.6754E-001  -1.0819E+000  -4.4864E-001   6.7446E-001   1.4530E+000  -2.8430E-002  -4.4072E-001   3.7776E-001   2.8852E-001  -1.2712E+000   8.5708E-003  -3.9547E-002   1.1040E-001   8.6799E-002  -2.5425E-002   1.9325E-002  -1.4490E-002   9.7941E-002   6.0730E-001  
 2.7527E+000   8.6299E-001   1.3019E+000   6.5948E-002  -3.6203E-001   5.9892E-002  -1.4906E-001  -9.6441E-002   2.8634E-001   5.3552E-001  -9.0699E-002  -2.1160E-002   4.0119E-002   2.8264E-001  -8.8623E-001   1.0619E-002  -1.0669E-003  -9.9663E-002  -3.9703E-002   7.7313E-002  -2.7004E-002  -9.8094E-003   1.4757E-001   4.8936E-001  
 2.3487E+000   1.1084E+000   1.3950E+000   1.4705E-001  -6.4346E-002  -5.4230E-002  -8.7296E-002  -7.1365E-002   2.3632E-001   3.7295E-001  -4.3978E-002  -1.0913E-002   5.6337E-002   2.8019E-001  -8.9289E-001   4.3855E-004  -9.5052E-003  -7.2361E-002  -3.7458E-002   7.2547E-002  -3.1725E-002  -1.1622E-002   1.4945E-001   4.7482E-001  
 1.9443E+000   1.2966E+000   1.3025E+000   1.8292E-001   1.0499E-001  -4.6249E-002  -5.0313E-002  -5.3446E-002   2.1145E-001   2.3898E-001  -8.5034E-003   3.5033E-003   6.1571E-002   2.7862E-001  -9.0073E-001  -8.2694E-003  -1.3510E-002  -4.6674E-002  -3.6513E-002   6.3990E-002  -3.5506E-002  -1.3792E-002   1.5125E-001   4.7028E-001  
 1.5811E+000   1.4340E+000   1.0790E+000   1.8924E-001   1.6446E-001   2.7469E-002  -2.8695E-002  -4.0815E-002   2.0294E-001   1.2751E-001   1.6933E-002   1.9192E-002   5.6677E-002   2.7818E-001  -9.0661E-001  -1.5136E-002  -1.3248E-002  -2.4935E-002  -3.6879E-002   5.3677E-002  -3.9929E-002  -1.5680E-002   1.5307E-001   4.6768E-001  
 1.2918E+000   1.5283E+000   7.6589E-001   1.8159E-001   1.4037E-001   1.1854E-001  -1.5947E-002  -3.1736E-002   2.0516E-001   3.4334E-002   3.3290E-002   3.2157E-002   4.3687E-002   2.7817E-001  -9.1113E-001  -1.9631E-002  -9.7836E-003  -6.3342E-003  -3.7893E-002   4.1969E-002  -4.4085E-002  -1.7565E-002   1.5445E-001   4.5725E-001  
 1.1041E+000   1.5841E+000   3.9483E-001   1.7226E-001   5.9345E-002   1.9193E-001  -7.4733E-003  -2.5377E-002   2.1381E-001  -4.3675E-002   4.1281E-002   4.0100E-002   2.5001E-002   2.7854E-001  -9.1384E-001  -2.2398E-002  -4.4691E-003   8.7321E-003  -3.9494E-002   2.9119E-002  -4.8270E-002  -1.8697E-002   1.5518E-001   4.4415E-001  
 1.0392E+000   1.6027E+000  -4.9078E-004   1.6928E-001  -4.8200E-002   2.2477E-001  -1.2255E-003  -2.2198E-002   2.2486E-001  -1.0680E-001   4.2719E-002   4.1916E-002   3.9538E-003   2.7869E-001  -9.1437E-001  -2.4537E-002   1.1980E-003   2.0536E-002  -4.1889E-002   1.6131E-002  -5.2429E-002  -1.7963E-002   1.5557E-001   4.3209E-001  
 1.1027E+000   1.5856E+000  -3.9500E-001   1.7419E-001  -1.5335E-001   2.1009E-001   5.1469E-003  -2.2653E-002   2.3572E-001  -1.5605E-001   3.9004E-002   3.7252E-002  -1.7606E-002   2.7855E-001  -9.1296E-001  -2.5174E-002   6.7402E-003   2.9642E-002  -4.4345E-002   2.9706E-003  -5.6495E-002  -1.6563E-002   1.5562E-001   4.2632E-001  
 1.2900E+000   1.5316E+000  -7.6393E-001   1.8391E-001  -2.2736E-001   1.5484E-001   1.4728E-002  -2.7460E-002   2.4389E-001  -1.9100E-001   3.0580E-002   2.6682E-002  -3.7424E-002   2.7811E-001  -9.0959E-001  -2.3649E-002   1.0817E-002   3.6312E-002  -4.6462E-002  -1.0319E-002  -6.0327E-002  -1.5355E-002   1.5498E-001   4.3825E-001  
 1.5803E+000   1.4380E+000  -1.0735E+000   1.9122E-001  -2.4057E-001   8.1835E-002   3.0280E-002  -3.6751E-002   2.4617E-001  -2.0972E-001   1.6070E-002   1.2036E-002  -5.2925E-002   2.7775E-001  -9.0472E-001  -2.0268E-002   1.2437E-002   3.9724E-002  -4.7612E-002  -2.3552E-002  -6.3454E-002  -1.3865E-002   1.5386E-001   4.5105E-001  
 1.9445E+000   1.3006E+000  -1.2934E+000   1.8299E-001  -1.6472E-001   2.8022E-002   5.3157E-002  -5.0216E-002   2.3867E-001  -2.1203E-001  -8.5495E-003  -2.8950E-003  -5.9594E-002   2.7858E-001  -9.0070E-001  -1.3597E-002   8.4228E-003   3.6812E-002  -4.6524E-002  -3.5566E-002  -6.3946E-002  -1.3778E-002   1.5129E-001   4.6852E-001  
 2.3472E+000   1.1133E+000  -1.3857E+000   1.3978E-001   2.9577E-002   4.3901E-002   8.5404E-002  -6.7271E-002   2.1607E-001  -1.9704E-001  -4.8033E-002  -1.2446E-002  -5.1427E-002   2.8101E-001  -8.9970E-001  -1.4896E-003  -5.5715E-003   2.5275E-002  -4.1876E-002  -4.5129E-002  -6.1635E-002  -1.6495E-002   1.4658E-001   4.7253E-001  
 2.7403E+000   8.7355E-001  -1.3070E+000   3.6780E-002   3.6797E-001   1.9380E-001   1.2684E-001  -8.6152E-002   1.7420E-001  -1.6639E-001  -1.0698E-001  -6.3048E-003  -2.1450E-002   2.8426E-001  -9.0663E-001   1.6755E-002  -3.4032E-002   2.0098E-003  -3.0840E-002  -4.9616E-002  -5.7230E-002  -2.0582E-002   1.3986E-001   4.5326E-001  
 1.4908E+000   1.6573E+000  -3.0056E+000  -1.4882E+000   2.4135E+000   1.5568E+000  -1.0998E+000   5.7913E-001   2.0687E-001  -1.2776E+000  -4.4510E-001   5.0769E-001   7.5393E-001   4.9539E-001  -1.4138E+000   1.1674E-001  -2.2006E-001  -3.9659E-001   3.0193E-002   3.5686E-002   5.2059E-002  -2.2041E-002   6.7791E-002   3.5750E-001  
 3.0038E+000   5.0503E-001   1.1718E+000   8.2341E-002  -3.6535E-001   2.6462E-001  -2.8573E-001  -1.1836E-001   4.4247E-001   7.2357E-001  -8.7879E-002  -7.4457E-002   7.0352E-002   2.7723E-001  -9.3071E-001  -3.9815E-003  -2.2153E-002  -8.2984E-002  -5.1032E-002   5.6664E-002  -2.1445E-003  -8.7601E-003   1.4574E-001   5.1190E-001  
 2.5085E+000   7.6663E-001   1.5375E+000   1.2931E-001  -1.1839E-001   1.7014E-002  -1.2392E-001  -6.2251E-002   3.1248E-001   4.9478E-001  -5.6450E-002  -3.4005E-002   4.6317E-002   2.7571E-001  -8.8693E-001  -1.8629E-003  -1.3275E-002  -9.2302E-002  -5.3944E-002   8.0841E-002  -1.5460E-002  -6.6381E-003   1.5076E-001   4.8980E-001  
 2.0425E+000   9.4266E-001   1.5773E+000   1.8102E-001   7.9688E-002  -1.0410E-001  -6.9002E-002  -4.3477E-002   2.4856E-001   3.5997E-001  -1.4883E-002  -2.5284E-002   5.4163E-002   2.7700E-001  -8.9569E-001  -7.3165E-003  -1.8725E-002  -6.9685E-002  -4.5324E-002   7.3752E-002  -1.9881E-002  -1.0174E-002   1.5226E-001   4.7338E-001  
 1.5802E+000   1.0766E+000   1.4393E+000   1.9118E-001   1.8080E-001  -1.0008E-001  -3.6806E-002  -3.0550E-002   2.0925E-001   2.4651E-001   1.6111E-002  -1.1413E-002   5.4940E-002   2.7780E-001  -9.0471E-001  -1.2310E-002  -2.0223E-002  -4.7802E-002  -3.9480E-002   6.3482E-002  -2.3541E-002  -1.3860E-002   1.5384E-001   4.5629E-001  
 1.1682E+000   1.1741E+000   1.1768E+000   1.7640E-001   1.9874E-001  -2.9618E-002  -1.9064E-002  -2.1110E-002   1.8751E-001   1.4997E-001   3.7947E-002   3.4355E-003   4.8251E-002   2.7919E-001  -9.1233E-001  -1.5632E-002  -1.7641E-002  -2.8661E-002  -3.4718E-002   5.1148E-002  -2.7364E-002  -1.7715E-002   1.5501E-001   4.4656E-001  
 8.4204E-001   1.2406E+000   8.2899E-001   1.5347E-001   1.5383E-001   5.9250E-002  -9.3777E-003  -1.4619E-002   1.7626E-001   6.6563E-002   5.1964E-002   1.6379E-002   3.6207E-002   2.8031E-001  -9.1759E-001  -1.8063E-002  -1.2415E-002  -1.2359E-002  -3.1924E-002   3.8365E-002  -3.1427E-002  -2.0840E-002   1.5607E-001   4.3679E-001  
 6.3155E-001   1.2794E+000   4.2574E-001   1.3523E-001   6.6339E-002   1.3079E-001  -3.6591E-003  -1.0409E-002   1.7115E-001  -5.6775E-003   5.8969E-002   2.4449E-002   2.0883E-002   2.8096E-001  -9.2053E-001  -2.0191E-002  -6.5742E-003   1.2288E-003  -3.0758E-002   2.5312E-002  -3.5591E-002  -2.1797E-002   1.5679E-001   4.2545E-001  
 5.5948E-001   1.2923E+000   7.4786E-005   1.2867E-001  -4.0554E-002   1.6160E-001  -2.1888E-004  -8.6489E-003   1.6891E-001  -6.7062E-002   6.0791E-002   2.6394E-002   3.3884E-003   2.8116E-001  -9.2138E-001  -2.1366E-002   1.0630E-004   1.2581E-002  -3.0477E-002   1.2161E-002  -3.9718E-002  -2.1622E-002   1.5716E-001   4.1323E-001  
 6.3103E-001   1.2801E+000  -4.2480E-001   1.3609E-001  -1.4490E-001   1.4468E-001   2.9879E-003  -9.2301E-003   1.6668E-001  -1.1831E-001   5.7930E-002   2.1848E-002  -1.5102E-002   2.8094E-001  -9.2022E-001  -2.1499E-002   7.1802E-003   2.1871E-002  -3.0630E-002  -1.0791E-003  -4.3724E-002  -2.0604E-002   1.5700E-001   4.0567E-001  
 8.4128E-001   1.2417E+000  -8.2619E-001   1.5472E-001  -2.2513E-001   8.6984E-002   8.9958E-003  -1.2523E-002   1.6136E-001  -1.5918E-001   5.0469E-002   1.1451E-002  -3.2310E-002   2.8025E-001  -9.1716E-001  -2.0296E-002   1.2848E-002   2.9342E-002  -3.0153E-002  -1.4359E-002  -4.7553E-002  -1.9255E-002   1.5629E-001   4.2511E-001  
 1.1683E+000   1.1752E+000  -1.1717E+000   1.7644E-001  -2.5857E-001   1.1355E-002   2.0896E-002  -1.9014E-002   1.4974E-001  -1.8794E-001   3.7925E-002  -2.8100E-003  -4.6225E-002   2.7914E-001  -9.1232E-001  -1.7705E-002   1.5745E-002   3.4972E-002  -2.8523E-002  -2.7362E-002  -5.1146E-002  -1.7706E-002   1.5504E-001   4.4491E-001  
 1.5812E+000   1.0768E+000  -1.4314E+000   1.8929E-001  -2.2424E-001  -4.5717E-002   4.0572E-002  -2.8592E-002   1.2730E-001  -2.0347E-001   1.6890E-002  -1.8584E-002  -5.4672E-002   2.7813E-001  -9.0656E-001  -1.3333E-002   1.5259E-002   3.7187E-002  -2.4838E-002  -3.9950E-002  -5.3672E-002  -1.5675E-002   1.5312E-001   4.6616E-001  
 2.0427E+000   9.4164E-001  -1.5683E+000   1.7438E-001  -1.0022E-001  -3.2923E-002   6.9985E-002  -4.1317E-002   8.9461E-002  -2.0558E-001  -1.7436E-002  -2.9583E-002  -5.3164E-002   2.7681E-001  -9.0279E-001  -5.4303E-003   6.6399E-003   3.3147E-002  -1.6500E-002  -4.9722E-002  -5.4627E-002  -1.5943E-002   1.4931E-001   4.7913E-001  
 2.5009E+000   7.6829E-001  -1.5391E+000   1.0516E-001   1.3493E-001   1.1365E-001   1.0951E-001  -5.4774E-002   3.0644E-002  -1.9728E-001  -7.0145E-002  -2.5701E-002  -3.3749E-002   2.7647E-001  -9.0623E-001   8.6650E-003  -1.7123E-002   1.7844E-002  -2.2822E-003  -5.4514E-002  -5.1922E-002  -2.0015E-002   1.4293E-001   4.6811E-001  
 2.8434E+000   5.9534E-001  -1.3906E+000  -1.1974E-001   5.7565E-001   5.3340E-001   8.0254E-002  -3.0988E-002  -3.1553E-002  -2.5649E-001  -1.7286E-001   4.7000E-002   5.7226E-002   2.8221E-001  -9.7497E-001   3.8496E-002  -8.0467E-002  -4.6605E-002   3.1612E-002  -2.8771E-002  -3.1628E-002  -1.9704E-002   1.2908E-001   3.6094E-001  
 2.7907E+000   4.2270E-001   1.4669E+000   6.8508E-002  -1.9168E-001   2.7385E-001  -1.8641E-001  -5.4160E-002   4.2406E-001   5.7483E-001  -8.8663E-002  -4.2767E-002   2.9158E-002   2.6762E-001  -8.8389E-001  -3.5755E-003  -6.0496E-003  -9.9441E-002  -7.5707E-002   8.4275E-002   2.2081E-003  -5.2986E-003   1.5002E-001   4.8658E-001  
 2.3091E+000   5.6921E-001   1.7007E+000   1.5959E-001  -2.8838E-003  -4.5953E-002  -1.0511E-001  -3.5299E-002   3.1380E-001   4.4588E-001  -3.6199E-002  -4.6730E-002   3.6456E-002   2.7191E-001  -8.9028E-001  -5.9102E-003  -1.8004E-002  -8.3398E-002  -5.8641E-002   8.0773E-002  -2.1350E-003  -6.7488E-003   1.5201E-001   4.7317E-001  
 1.7964E+000   6.8149E-001   1.7017E+000   1.9210E-001   1.1497E-001  -1.7346E-001  -5.6475E-002  -2.3358E-002   2.3997E-001   3.3834E-001   2.8741E-003  -3.9806E-002   4.0480E-002   2.7552E-001  -9.0014E-001  -8.5114E-003  -2.3564E-002  -6.4743E-002  -4.5491E-002   7.1986E-002  -6.4039E-003  -1.0653E-002   1.5351E-001   4.5588E-001  
 1.2899E+000   7.6684E-001   1.5323E+000   1.8388E-001   1.6755E-001  -1.7310E-001  -2.7463E-002  -1.4961E-002   1.9065E-001   2.4426E-001   3.0595E-002  -2.6060E-002   3.9445E-002   2.7816E-001  -9.0957E-001  -1.0689E-002  -2.3625E-002  -4.6681E-002  -3.6102E-002   6.0324E-002  -1.0317E-002  -1.5360E-002   1.5496E-001   4.3836E-001  
 8.4121E-001   8.2844E-001   1.2426E+000   1.5470E-001   1.6526E-001  -1.0526E-001  -1.2529E-002  -9.1857E-003   1.5886E-001   1.6162E-001   5.0476E-002  -1.0818E-002   3.4359E-002   2.8029E-001  -9.1716E-001  -1.2748E-002  -2.0263E-002  -3.0315E-002  -2.9145E-002   4.7551E-002  -1.4361E-002  -1.9259E-002   1.5627E-001   4.2404E-001  
 4.8745E-001   8.7024E-001   8.7114E-001   1.2116E-001   1.2134E-001  -1.8621E-002  -5.1195E-003  -5.2849E-003   1.3805E-001   8.7598E-002   6.3253E-002   2.4720E-003   2.5852E-002   2.8170E-001  -9.2233E-001  -1.4402E-002  -1.4433E-002  -1.6045E-002  -2.4644E-002   3.4629E-002  -1.8447E-002  -2.2271E-002   1.5731E-001   4.1659E-001  
 2.5998E-001   8.9467E-001   4.4639E-001   9.5925E-002   4.9452E-002   5.0827E-002  -1.5575E-003  -3.0982E-003   1.2395E-001   2.0742E-002   7.0072E-002   1.0633E-002   1.4777E-002   2.8249E-001  -9.2523E-001  -1.5366E-002  -7.6483E-003  -3.7124E-003  -2.2154E-002   2.1391E-002  -2.2550E-002  -2.3748E-002   1.5786E-001   4.0966E-001  
 1.8240E-001   9.0270E-001   3.9291E-004   8.6682E-002  -3.4702E-002   7.9466E-002  -8.4265E-005  -2.3689E-003   1.1295E-001  -3.8967E-002   7.2254E-002   1.2787E-002   2.1265E-003   2.8274E-001  -9.2614E-001  -1.5685E-002   2.9483E-005   7.1826E-003  -2.0338E-002   8.1419E-003  -2.6631E-002  -2.4253E-002   1.5809E-001   4.0052E-001  
 2.5999E-001   8.9478E-001  -4.4518E-001   9.5932E-002  -1.1649E-001   6.0277E-002   1.4356E-003  -2.9872E-003   1.0185E-001  -9.2044E-002   7.0078E-002   8.4788E-003  -1.1068E-002   2.8248E-001  -9.2516E-001  -1.5401E-002   7.7022E-003   1.6695E-002  -1.8501E-002  -5.1376E-003  -3.0665E-002  -2.3744E-002   1.5792E-001   3.9722E-001  
 4.8750E-001   8.7003E-001  -8.6866E-001   1.2117E-001  -1.8124E-001   3.2928E-004   5.1360E-003  -5.1090E-003   8.7446E-002  -1.3834E-001   6.3253E-002  -1.8330E-003  -2.3780E-002   2.8168E-001  -9.2232E-001  -1.4468E-002   1.4469E-002   2.4824E-002  -1.5947E-002  -1.8444E-002  -3.4629E-002  -2.2273E-002   1.5732E-001   4.1500E-001  
 8.4211E-001   8.2721E-001  -1.2389E+000   1.5349E-001  -2.1371E-001  -7.7526E-002   1.4449E-002  -9.3263E-003   6.6447E-002  -1.7665E-001   5.1953E-002  -1.5748E-002  -3.4161E-002   2.8028E-001  -9.1756E-001  -1.2484E-002   1.8146E-002   3.2166E-002  -1.2283E-002  -3.1423E-002  -3.8363E-002  -2.0834E-002   1.5609E-001   4.3519E-001  
 1.2919E+000   7.6345E-001  -1.5264E+000   1.8163E-001  -2.0020E-001  -1.3680E-001   3.1539E-002  -1.5852E-002   3.4253E-002  -2.0566E-001   3.3263E-002  -3.1535E-002  -4.1669E-002   2.7814E-001  -9.1108E-001  -9.8824E-003   1.9727E-002   3.8186E-002  -6.2790E-003  -4.4077E-002  -4.1964E-002  -1.7556E-002   1.5447E-001   4.5569E-001  
 1.7974E+000   6.7570E-001  -1.6954E+000   1.8644E-001  -1.2521E-001  -1.2605E-001   5.7979E-002  -2.4119E-002  -1.4366E-002  -2.2615E-001   2.0362E-003  -4.3251E-002  -4.2312E-002   2.7536E-001  -9.0568E-001  -4.6051E-003   1.4329E-002   3.9548E-002   4.1666E-003  -5.4309E-002  -4.4290E-002  -1.6033E-002   1.5126E-001   4.7083E-001  
 2.3064E+000   5.6165E-001  -1.6986E+000   1.4497E-001   2.3900E-002   1.6501E-002   9.8691E-002  -3.3747E-002  -8.5222E-002  -2.3776E-001  -4.3918E-002  -4.3348E-002  -3.2942E-002   2.7145E-001  -9.0379E-001   4.0500E-003  -1.7981E-003   3.4235E-002   2.0334E-002  -6.0642E-002  -4.5337E-002  -1.7065E-002   1.4652E-001   4.7368E-001  
 2.7732E+000   4.1933E-001  -1.4869E+000   2.8600E-002   2.6337E-001   3.6441E-001   1.5546E-001  -4.2064E-002  -1.8597E-001  -2.4428E-001  -1.1056E-001  -2.0750E-002  -7.3440E-003   2.6652E-001  -9.0986E-001   1.7323E-002  -3.3436E-002   1.8501E-002   4.4180E-002  -6.2457E-002  -4.4054E-002  -1.9560E-002   1.4038E-001   4.5240E-001  
 2.6882E+000   2.3330E-001   1.5921E+000   9.0354E-002  -5.4468E-002   2.3557E-001  -1.6731E-001  -2.5183E-002   4.0619E-001   4.8792E-001  -7.8085E-002  -4.8561E-002   1.7617E-002   2.6362E-001  -8.8897E-001  -6.8725E-003  -4.4745E-003  -8.2752E-002  -7.7329E-002   8.1450E-002   1.5429E-002  -6.9197E-003   1.4955E-001   4.8732E-001  
 2.1787E+000   3.0401E-001   1.7961E+000   1.7131E-001   2.6792E-002  -9.2736E-002  -9.3673E-002  -1.4620E-002   2.9077E-001   3.9277E-001  -2.5778E-002  -5.5594E-002   1.8508E-002   2.6985E-001  -8.9426E-001  -5.8581E-003  -1.7980E-002  -7.3168E-002  -5.6675E-002   7.7973E-002   1.1517E-002  -8.8740E-003   1.5205E-001   4.6803E-001  
 1.6367E+000   3.5737E-001   1.7739E+000   1.9285E-001   7.5695E-002  -2.2549E-001  -4.9364E-002  -8.8666E-003   2.1135E-001   3.1094E-001   1.2550E-002  -5.0248E-002   2.0019E-002   2.7519E-001  -9.0370E-001  -6.0826E-003  -2.4840E-002  -5.9330E-002  -4.0495E-002   6.8552E-002   7.0716E-003  -1.2253E-002   1.5392E-001   4.4573E-001  
 1.1027E+000   3.9771E-001   1.5856E+000   1.7418E-001   9.3521E-002  -2.2837E-001  -2.2608E-002  -5.3611E-003   1.5580E-001   2.3612E-001   3.9006E-002  -3.6628E-002   1.9641E-002   2.7859E-001  -9.1292E-001  -6.6233E-003  -2.5182E-002  -4.4590E-002  -2.9495E-002   5.6489E-002   2.9710E-003  -1.6565E-002   1.5561E-001   4.1951E-001  
 6.3099E-001   4.2686E-001   1.2804E+000   1.3608E-001   8.5012E-002  -1.6297E-001  -9.1949E-003  -3.1623E-003   1.1810E-001   1.6697E-001   5.7930E-002  -2.1212E-002   1.7167E-002   2.8096E-001  -9.2020E-001  -7.0940E-003  -2.1498E-002  -3.0816E-002  -2.1739E-002   4.3721E-002  -1.0801E-003  -2.0604E-002   1.5699E-001   4.0085E-001  
 2.5996E-001   4.4657E-001   8.9522E-001   9.5926E-002   5.6575E-002  -7.8580E-002  -2.9624E-003  -1.5742E-003   9.1866E-002   1.0204E-001   7.0078E-002  -7.8368E-003   1.3151E-002   2.8249E-001  -9.2515E-001  -7.6437E-003  -1.5393E-002  -1.8621E-002  -1.6583E-002   3.0664E-002  -5.1389E-003  -2.3743E-002   1.5791E-001   3.9947E-001  
 2.1734E-002   4.5798E-001   4.5809E-001   6.6595E-002   1.5187E-002  -1.1512E-002  -5.2730E-004  -5.8393E-004   7.2469E-002   4.0325E-002   7.6527E-002   8.6163E-004   7.7558E-003   2.8336E-001  -9.2807E-001  -8.1065E-003  -8.1158E-003  -7.3243E-003  -1.3025E-002   1.7362E-002  -9.2363E-003  -2.5289E-002   1.5848E-001   3.9650E-001  
-5.9463E-002   4.6157E-001   3.0171E-004   5.5991E-002  -3.1152E-002   1.4767E-002  -3.4639E-005  -2.5016E-004   5.6384E-002  -1.7776E-002   7.8573E-002   3.5538E-003   1.3185E-003   2.8364E-001  -9.2902E-001  -8.2683E-003   1.2298E-005   3.2382E-003  -1.0155E-002   4.0678E-003  -1.3311E-002  -2.5806E-002   1.5869E-001   3.9103E-001  
 2.1745E-002   4.5744E-001  -4.5728E-001   6.6596E-002  -7.5129E-002  -6.7988E-003   4.8142E-004  -5.4190E-004   4.0249E-002  -7.2613E-002   7.6527E-002  -2.1564E-004  -5.6625E-003   2.8336E-001  -9.2806E-001  -8.1340E-003   8.1382E-003   1.3116E-002  -7.2746E-003  -9.2348E-003  -1.7362E-002  -2.5290E-002   1.5849E-001   3.9340E-001  
 2.6000E-001   4.4506E-001  -8.9377E-001   9.5927E-002  -1.0938E-001  -6.9127E-002   2.9847E-003  -1.5364E-003   2.0701E-002  -1.2420E-001   7.0071E-002  -9.9898E-003  -1.2695E-002   2.8248E-001  -9.2522E-001  -7.6936E-003   1.5406E-002   2.2315E-002  -3.6839E-003  -2.2548E-002  -2.1390E-002  -2.3750E-002   1.5787E-001   4.0684E-001  
 6.3158E-001   4.2373E-001  -1.2783E+000   1.3524E-001  -1.2624E-001  -1.4907E-001   1.0282E-002  -3.6021E-003  -5.6844E-003  -1.7151E-001   5.8964E-002  -2.3813E-002  -1.8822E-002   2.8095E-001  -9.2051E-001  -6.6476E-003   2.0242E-002   3.0985E-002   1.2378E-003  -3.5587E-002  -2.5310E-002  -2.1796E-002   1.5680E-001   4.2265E-001  
 1.1041E+000   3.9217E-001  -1.5828E+000   1.7228E-001  -1.1920E-001  -2.1019E-001   2.5226E-002  -7.3758E-003  -4.3647E-002  -2.1427E-001   4.1264E-002  -3.9475E-002  -2.2971E-002   2.7853E-001  -9.1380E-001  -4.5744E-003   2.2465E-002   3.9777E-002   8.7222E-003  -4.8262E-002  -2.9116E-002  -1.8689E-002   1.5519E-001   4.4105E-001  
 1.6377E+000   3.4815E-001  -1.7704E+000   1.8992E-001  -8.0585E-002  -2.0186E-001   5.0814E-002  -1.2266E-002  -9.8652E-002  -2.5225E-001   1.3024E-002  -5.2287E-002  -2.4632E-002   2.7468E-001  -9.0633E-001  -1.8195E-003   2.0294E-002   4.6878E-002   2.0371E-002  -5.9484E-002  -3.2995E-002  -1.5069E-002   1.5295E-001   4.5839E-001  
 2.1784E+000   2.9094E-001  -1.7936E+000   1.6513E-001  -2.8701E-003  -6.2588E-002   9.2118E-002  -1.7088E-002  -1.7731E-001  -2.8630E-001  -2.8484E-002  -5.5246E-002  -2.0663E-002   2.6965E-001  -9.0086E-001   3.1618E-003   9.2398E-003   4.8950E-002   3.7095E-002  -6.7483E-002  -3.5813E-002  -1.3763E-002   1.4946E-001   4.6605E-001  
 2.6802E+000   2.2019E-001  -1.6016E+000   7.0319E-002   1.2351E-001   2.8069E-001   1.5235E-001  -1.9890E-002  -2.8667E-001  -3.2082E-001  -8.9207E-002  -3.7033E-002  -6.2470E-003   2.6219E-001  -9.0239E-001   1.1708E-002  -1.6597E-002   4.2463E-002   6.2047E-002  -6.9304E-002  -3.6963E-002  -1.5543E-002   1.4445E-001   4.5445E-001  
 2.6504E+000   8.0022E-003   1.6361E+000   9.0010E-002   3.4037E-002   2.3554E-001  -1.5611E-001  -1.4549E-003   3.5997E-001   4.0257E-001  -7.8592E-002  -4.6653E-002   3.8569E-003   2.6164E-001  -8.9521E-001  -8.8319E-003   3.6287E-003  -6.3927E-002  -7.2761E-002   7.6098E-002   2.7286E-002  -1.0871E-002   1.4763E-001   4.7621E-001  
 2.1341E+000   7.1611E-003   1.8260E+000   1.7265E-001   1.2660E-002  -1.0088E-001  -8.9904E-002   1.7784E-003   2.4523E-001   3.3909E-001  -2.3033E-002  -5.8989E-002  -1.7811E-003   2.6916E-001  -8.9810E-001  -4.4509E-003  -1.5356E-002  -6.1554E-002  -4.9277E-002   7.3081E-002   2.4366E-002  -1.1123E-002   1.5118E-001   4.6700E-001  
 1.5824E+000   4.9902E-003   1.7961E+000   1.9124E-001  -1.5560E-003  -2.3729E-001  -4.7716E-002   2.0843E-003   1.6408E-001   2.8136E-001   1.5992E-002  -5.4667E-002  -2.7360E-003   2.7492E-001  -9.0559E-001  -2.2141E-003  -2.3678E-002  -5.3548E-002  -3.2130E-002   6.4491E-002   2.0266E-002  -1.3854E-002   1.5380E-001   4.5009E-001  
 1.0392E+000   3.0096E-003   1.6020E+000   1.6928E-001  -1.1637E-002  -2.4305E-001  -2.2110E-002   1.0226E-003   1.0667E-001   2.2529E-001   4.2712E-002  -4.1292E-002  -1.9140E-003   2.7871E-001  -9.1433E-001  -1.0904E-003  -2.4577E-002  -4.2155E-002  -2.0457E-002   5.2423E-002   1.6130E-002  -1.7960E-002   1.5557E-001   4.2824E-001  
 5.5947E-001   1.7812E-003   1.2919E+000   1.2867E-001  -1.9332E-002  -1.7990E-001  -8.5765E-003   5.4833E-005   6.6961E-002   1.6924E-001   6.0789E-002  -2.5759E-002  -1.3186E-003   2.8117E-001  -9.2135E-001  -2.9526E-005  -2.1393E-002  -3.0685E-002  -1.2519E-002   3.9714E-002   1.2160E-002  -2.1622E-002   1.5716E-001   4.0850E-001  
 1.8239E-001   7.9113E-004   9.0246E-001   8.6679E-002  -2.5219E-002  -9.7775E-002  -2.3080E-003  -4.4169E-005   3.8899E-002   1.1317E-001   7.2253E-002  -1.2145E-002  -3.9236E-005   2.8274E-001  -9.2613E-001   2.0263E-005  -1.5702E-002  -2.0479E-002  -7.1409E-003   2.6629E-002   8.1409E-003  -2.4253E-002   1.5809E-001   3.9880E-001  
-5.9470E-002   1.9919E-004   4.6153E-001   5.5989E-002  -2.8793E-002  -3.3085E-002  -1.9971E-004  -5.7828E-005   1.7742E-002   5.6495E-002   7.8572E-002  -2.9074E-003   7.7828E-004   2.8364E-001  -9.2902E-001   1.0289E-005  -8.2771E-003  -1.0226E-002  -3.2176E-003   1.3310E-002   4.0674E-003  -2.5806E-002   1.5869E-001   3.9024E-001  
-1.4189E-001  -1.7797E-004  -3.8612E-006   4.4930E-002  -2.9978E-002  -9.1616E-003  -8.0879E-006  -4.8251E-005  -1.1664E-007   3.6597E-007   8.0574E-002   3.2378E-004   1.0497E-003   2.8394E-001  -9.2997E-001  -2.2791E-006  -2.0009E-006  -3.3726E-007  -2.0955E-008   1.9176E-007   2.1687E-007  -2.6326E-002   1.5889E-001   3.8456E-001  
-5.9472E-002  -5.5527E-004  -4.6154E-001   5.5987E-002  -2.8802E-002  -3.3083E-002   1.8339E-004  -3.8827E-005  -1.7742E-002  -5.6494E-002   7.8572E-002  -2.9068E-003   7.7715E-004   2.8364E-001  -9.2902E-001  -1.4902E-005   8.2731E-003   1.0225E-002   3.2175E-003  -1.3310E-002  -4.0669E-003  -2.5806E-002   1.5869E-001   3.9023E-001  
 1.8238E-001  -1.1476E-003  -9.0247E-001   8.6675E-002  -2.5237E-002  -9.7772E-002   2.2913E-003  -5.2877E-005  -3.8899E-002  -1.1317E-001   7.2252E-002  -1.2143E-002  -4.1520E-005   2.8274E-001  -9.2613E-001  -2.4956E-005   1.5698E-002   2.0479E-002   7.1410E-003  -2.6629E-002  -8.1404E-003  -2.4253E-002   1.5809E-001   3.9879E-001  
 5.5946E-001  -2.1382E-003  -1.2919E+000   1.2866E-001  -1.9358E-002  -1.7990E-001   8.5591E-003  -1.5252E-004  -6.6960E-002  -1.6924E-001   6.0786E-002  -2.5757E-002  -1.3220E-003   2.8117E-001  -9.2135E-001   2.4703E-005   2.1389E-002   3.0685E-002   1.2519E-002  -3.9714E-002  -1.2160E-002  -2.1622E-002   1.5716E-001   4.0849E-001  
 1.0392E+000  -3.3674E-003  -1.6020E+000   1.6928E-001  -1.1672E-002  -2.4304E-001   2.2091E-002  -1.1210E-003  -1.0667E-001  -2.2529E-001   4.2709E-002  -4.1289E-002  -1.9187E-003   2.7871E-001  -9.1433E-001   1.0854E-003   2.4573E-002   4.2155E-002   2.0458E-002  -5.2422E-002  -1.6129E-002  -1.7960E-002   1.5557E-001   4.2825E-001  
 1.5824E+000  -5.3492E-003  -1.7962E+000   1.9123E-001  -1.5999E-003  -2.3728E-001   4.7697E-002  -2.1837E-003  -1.6408E-001  -2.8135E-001   1.5988E-002  -5.4663E-002  -2.7422E-003   2.7492E-001  -9.0559E-001   2.2087E-003   2.3674E-002   5.3549E-002   3.2131E-002  -6.4490E-002  -2.0265E-002  -1.3854E-002   1.5380E-001   4.5007E-001  
 2.1340E+000  -7.5214E-003  -1.8260E+000   1.7264E-001   1.2607E-002  -1.0087E-001   8.9885E-002  -1.8788E-003  -2.4522E-001  -3.3909E-001  -2.3036E-002  -5.8985E-002  -1.7888E-003   2.6916E-001  -8.9810E-001   4.4450E-003   1.5352E-002   6.1555E-002   4.9277E-002  -7.3080E-002  -2.4365E-002  -1.1123E-002   1.5118E-001   4.6700E-001  
 2.6503E+000  -8.3641E-003  -1.6361E+000   8.9995E-002   3.3976E-002   2.3555E-001   1.5609E-001   1.3534E-003  -3.5997E-001  -4.0257E-001  -7.8596E-002  -4.6648E-002   3.8477E-003   2.6164E-001  -8.9521E-001   8.8255E-003  -3.6334E-003   6.3929E-002   7.2761E-002  -7.6097E-002  -2.7285E-002  -1.0872E-002   1.4763E-001   4.7621E-001  
 2.6802E+000  -2.2055E-001   1.6016E+000   7.0326E-002   1.2357E-001   2.8067E-001  -1.5237E-001   1.9789E-002   2.8668E-001   3.2082E-001  -8.9204E-002  -3.7039E-002  -6.2391E-003   2.6219E-001  -9.0239E-001  -1.1714E-002   1.6593E-002  -4.2462E-002  -6.2046E-002   6.9305E-002   3.6964E-002  -1.5543E-002   1.4446E-001   4.5444E-001  
 2.1784E+000  -2.9130E-001   1.7936E+000   1.6513E-001  -2.8192E-003  -6.2607E-002  -9.2136E-002   1.6988E-002   1.7732E-001   2.8631E-001  -2.8482E-002  -5.5251E-002  -2.0656E-002   2.6965E-001  -9.0086E-001  -3.1676E-003  -9.2436E-003  -4.8949E-002  -3.7094E-002   6.7484E-002   3.5814E-002  -1.3763E-002   1.4946E-001   4.6605E-001  
 1.6377E+000  -3.4851E-001   1.7704E+000   1.8992E-001  -8.0543E-002  -2.0188E-001  -5.0832E-002   1.2166E-002   9.8654E-002   2.5225E-001   1.3025E-002  -5.2292E-002  -2.4627E-002   2.7468E-001  -9.0633E-001   1.8139E-003  -2.0298E-002  -4.6877E-002  -2.0370E-002   5.9485E-002   3.2995E-002  -1.5069E-002   1.5295E-001   4.5839E-001  
 1.1041E+000  -3.9253E-001   1.5828E+000   1.7228E-001  -1.1917E-001  -2.1021E-001  -2.5243E-002   7.2772E-003   4.3648E-002   2.1428E-001   4.1264E-002  -3.9479E-002  -2.2967E-002   2.7853E-001  -9.1380E-001   4.5691E-003  -2.2469E-002  -3.9776E-002  -8.7212E-003   4.8262E-002   2.9117E-002  -1.8690E-002   1.5519E-001   4.4105E-001  
 6.3157E-001  -4.2409E-001   1.2783E+000   1.3524E-001  -1.2621E-001  -1.4909E-001  -1.0298E-002   3.5042E-003   5.6851E-003   1.7152E-001   5.8964E-002  -2.3817E-002  -1.8819E-002   2.8095E-001  -9.2051E-001   6.6427E-003  -2.0246E-002  -3.0985E-002  -1.2371E-003   3.5587E-002   2.5310E-002  -2.1796E-002   1.5680E-001   4.2265E-001  
 2.5998E-001  -4.4542E-001   8.9376E-001   9.5924E-002  -1.0936E-001  -6.9139E-002  -3.0009E-003   1.4391E-003  -2.0700E-002   1.2420E-001   7.0070E-002  -9.9925E-003  -1.2693E-002   2.8248E-001  -9.2522E-001   7.6889E-003  -1.5410E-002  -2.2316E-002   3.6843E-003   2.2548E-002   2.1391E-002  -2.3751E-002   1.5787E-001   4.0684E-001  
 2.1727E-002  -4.5780E-001   4.5727E-001   6.6591E-002  -7.5122E-002  -6.8091E-003  -4.9750E-004   4.4497E-004  -4.0249E-002   7.2614E-002   7.6525E-002  -2.1758E-004  -5.6621E-003   2.8336E-001  -9.2806E-001   8.1294E-003  -8.1422E-003  -1.3117E-002   7.2747E-003   9.2352E-003   1.7363E-002  -2.5291E-002   1.5849E-001   3.9341E-001  
-5.9483E-002  -4.6192E-001  -3.0952E-004   5.5984E-002  -3.1154E-002   1.4758E-002   1.8423E-005   1.5328E-004  -5.6385E-002   1.7777E-002   7.8571E-002   3.5526E-003   1.3177E-003   2.8364E-001  -9.2902E-001   8.2637E-003  -1.6311E-005  -3.2389E-003   1.0155E-002  -4.0674E-003   1.3311E-002  -2.5806E-002   1.5869E-001   3.9105E-001  
 2.1711E-002  -4.5834E-001  -4.5810E-001   6.6586E-002   1.5176E-002  -1.1519E-002   5.1067E-004   4.8681E-004  -7.2470E-002  -4.0324E-002   7.6524E-002   8.6102E-004   7.7539E-003   2.8336E-001  -9.2807E-001   8.1018E-003   8.1117E-003   7.3238E-003   1.3025E-002  -1.7362E-002   9.2368E-003  -2.5290E-002   1.5848E-001   3.9650E-001  
 2.5993E-001  -4.4693E-001  -8.9523E-001   9.5915E-002   5.6556E-002  -7.8585E-002   2.9451E-003   1.4766E-003  -9.1867E-002  -1.0204E-001   7.0074E-002  -7.8367E-003   1.3148E-002   2.8249E-001  -9.2515E-001   7.6389E-003   1.5388E-002   1.8621E-002   1.6583E-002  -3.0664E-002   5.1395E-003  -2.3744E-002   1.5791E-001   3.9947E-001  
 6.3096E-001  -4.2722E-001  -1.2804E+000   1.3607E-001   8.4984E-002  -1.6298E-001   9.1767E-003   3.0640E-003  -1.1810E-001  -1.6697E-001   5.7925E-002  -2.1212E-002   1.7162E-002   2.8096E-001  -9.2020E-001   7.0891E-003   2.1494E-002   3.0817E-002   2.1739E-002  -4.3720E-002   1.0807E-003  -2.0605E-002   1.5699E-001   4.0084E-001  
 1.1026E+000  -3.9807E-001  -1.5856E+000   1.7416E-001   9.3485E-002  -2.2837E-001   2.2589E-002   5.2620E-003  -1.5580E-001  -2.3611E-001   3.9001E-002  -3.6626E-002   1.9635E-002   2.7859E-001  -9.1292E-001   6.6181E-003   2.5177E-002   4.4590E-002   2.9494E-002  -5.6489E-002  -2.9704E-003  -1.6565E-002   1.5561E-001   4.1952E-001  
 1.6366E+000  -3.5773E-001  -1.7739E+000   1.9284E-001   7.5650E-002  -2.2549E-001   4.9344E-002   8.7665E-003  -2.1135E-001  -3.1094E-001   1.2544E-002  -5.0245E-002   2.0012E-002   2.7519E-001  -9.0370E-001   6.0769E-003   2.4835E-002   5.9331E-002   4.0495E-002  -6.8551E-002  -7.0710E-003  -1.2254E-002   1.5391E-001   4.4573E-001  
 2.1787E+000  -3.0437E-001  -1.7961E+000   1.7129E-001   2.6737E-002  -9.2734E-002   9.3652E-002   1.4519E-002  -2.9077E-001  -3.9276E-001  -2.5783E-002  -5.5592E-002   1.8500E-002   2.6985E-001  -8.9426E-001   5.8519E-003   1.7975E-002   7.3169E-002   5.6674E-002  -7.7972E-002  -1.1516E-002  -8.8749E-003   1.5205E-001   4.6802E-001  
 2.6882E+000  -2.3366E-001  -1.5921E+000   9.0332E-002  -5.4532E-002   2.3557E-001   1.6729E-001   2.5081E-002  -4.0619E-001  -4.8791E-001  -7.8091E-002  -4.8558E-002   1.7607E-002   2.6362E-001  -8.8897E-001   6.8657E-003   4.4693E-003   8.2754E-002   7.7328E-002  -8.1448E-002  -1.5429E-002  -6.9206E-003   1.4955E-001   4.8733E-001  
 2.7732E+000  -4.1969E-001   1.4868E+000   2.8599E-002   2.6343E-001   3.6438E-001  -1.5548E-001   4.1963E-002   1.8598E-001   2.4428E-001  -1.1056E-001  -2.0757E-002  -7.3371E-003   2.6652E-001  -9.0986E-001  -1.7329E-002   3.3432E-002  -1.8500E-002  -4.4178E-002   6.2458E-002   4.4055E-002  -1.9561E-002   1.4038E-001   4.5239E-001  
 2.3064E+000  -5.6201E-001   1.6986E+000   1.4497E-001   2.3949E-002   1.6473E-002  -9.8708E-002   3.3646E-002   8.5225E-002   2.3776E-001  -4.3918E-002  -4.3354E-002  -3.2936E-002   2.7145E-001  -9.0379E-001  -4.0561E-003   1.7947E-003  -3.4234E-002  -2.0332E-002   6.0643E-002   4.5337E-002  -1.7066E-002   1.4652E-001   4.7367E-001  
 1.7973E+000  -6.7606E-001   1.6953E+000   1.8644E-001  -1.2516E-001  -1.2608E-001  -5.7996E-002   2.4019E-002   1.4369E-002   2.2615E-001   2.0351E-003  -4.3257E-002  -4.2307E-002   2.7536E-001  -9.0568E-001   4.5993E-003  -1.4333E-002  -3.9548E-002  -4.1648E-003   5.4309E-002   4.4291E-002  -1.6033E-002   1.5126E-001   4.7083E-001  
 1.2918E+000  -7.6381E-001   1.5264E+000   1.8162E-001  -2.0017E-001  -1.3682E-001  -3.1555E-002   1.5753E-002  -3.4251E-002   2.0566E-001   3.3261E-002  -3.1540E-002  -4.1665E-002   2.7814E-001  -9.1108E-001   9.8768E-003  -1.9731E-002  -3.8186E-002   6.2807E-003   4.4078E-002   4.1964E-002  -1.7557E-002   1.5447E-001   4.5569E-001  
 8.4208E-001  -8.2757E-001   1.2389E+000   1.5348E-001  -2.1368E-001  -7.7549E-002  -1.4465E-002   9.2276E-003  -6.6445E-002   1.7665E-001   5.1951E-002  -1.5753E-002  -3.4159E-002   2.8028E-001  -9.1756E-001   1.2479E-002  -1.8150E-002  -3.2166E-002   1.2284E-002   3.1424E-002   3.8364E-002  -2.0835E-002   1.5609E-001   4.3519E-001  
 4.8746E-001  -8.7039E-001   8.6865E-001   1.2116E-001  -1.8123E-001   3.0849E-004  -5.1517E-003   5.0106E-003  -8.7446E-002   1.3834E-001   6.3249E-002  -1.8369E-003  -2.3779E-002   2.8168E-001  -9.2232E-001   1.4463E-002  -1.4473E-002  -2.4825E-002   1.5947E-002   1.8445E-002   3.4630E-002  -2.2274E-002   1.5732E-001   4.1500E-001  
 2.5995E-001  -8.9514E-001   4.4518E-001   9.5920E-002  -1.1649E-001   6.0258E-002  -1.4515E-003   2.8891E-003  -1.0185E-001   9.2044E-002   7.0074E-002   8.4756E-003  -1.1069E-002   2.8248E-001  -9.2516E-001   1.5396E-002  -7.7060E-003  -1.6696E-002   1.8502E-002   5.1380E-003   3.0666E-002  -2.3745E-002   1.5792E-001   3.9723E-001  
 1.8236E-001  -9.0306E-001  -4.0104E-004   8.6667E-002  -3.4706E-002   7.9449E-002   6.7878E-005   2.2707E-003  -1.1295E-001   3.8968E-002   7.2250E-002   1.2785E-002   2.1250E-003   2.8274E-001  -9.2614E-001   1.5680E-002  -3.3571E-005  -7.1837E-003   2.0338E-002  -8.1415E-003   2.6631E-002  -2.4253E-002   1.5809E-001   4.0054E-001  
 2.5993E-001  -8.9503E-001  -4.4640E-001   9.5908E-002   4.9440E-002   5.0811E-002   1.5405E-003   2.9997E-003  -1.2395E-001  -2.0741E-002   7.0067E-002   1.0631E-002   1.4774E-002   2.8249E-001  -9.2523E-001   1.5361E-002   7.6442E-003   3.7116E-003   2.2154E-002  -2.1391E-002   2.2551E-002  -2.3749E-002   1.5786E-001   4.0964E-001  
 4.8740E-001  -8.7060E-001  -8.7115E-001   1.2114E-001   1.2132E-001  -1.8635E-002   5.1015E-003   5.1859E-003  -1.3805E-001  -8.7597E-002   6.3246E-002   2.4709E-003   2.5848E-002   2.8170E-001  -9.2233E-001   1.4397E-002   1.4428E-002   1.6045E-002   2.4643E-002  -3.4629E-002   1.8447E-002  -2.2272E-002   1.5731E-001   4.1659E-001  
 8.4116E-001  -8.2880E-001  -1.2427E+000   1.5468E-001   1.6523E-001  -1.0528E-001   1.2510E-002   9.0859E-003  -1.5886E-001  -1.6162E-001   5.0469E-002  -1.0819E-002   3.4354E-002   2.8029E-001  -9.1716E-001   1.2743E-002   2.0259E-002   3.0315E-002   2.9144E-002  -4.7551E-002   1.4362E-002  -1.9260E-002   1.5627E-001   4.2402E-001  
 1.2899E+000  -7.6720E-001  -1.5323E+000   1.8385E-001   1.6751E-001  -1.7311E-001   2.7443E-002   1.4860E-002  -1.9065E-001  -2.4426E-001   3.0588E-002  -2.6060E-002   3.9438E-002   2.7816E-001  -9.0957E-001   1.0683E-002   2.3620E-002   4.6682E-002   3.6100E-002  -6.0323E-002   1.0318E-002  -1.5361E-002   1.5496E-001   4.3834E-001  
 1.7964E+000  -6.8186E-001  -1.7017E+000   1.9207E-001   1.1492E-001  -1.7347E-001   5.6454E-002   2.3257E-002  -2.3997E-001  -3.3833E-001   2.8669E-003  -3.9805E-002   4.0472E-002   2.7552E-001  -9.0014E-001   8.5052E-003   2.3559E-002   6.4744E-002   4.5490E-002  -7.1985E-002   6.4043E-003  -1.0655E-002   1.5351E-001   4.5588E-001  
 2.3091E+000  -5.6957E-001  -1.7007E+000   1.5956E-001  -2.9408E-003  -4.5960E-002   1.0509E-001   3.5196E-002  -3.1380E-001  -4.4587E-001  -3.6206E-002  -4.6728E-002   3.6446E-002   2.7191E-001  -8.9028E-001   5.9036E-003   1.7999E-002   8.3400E-002   5.8639E-002  -8.0772E-002   2.1352E-003  -6.7502E-003   1.5200E-001   4.7316E-001  
 2.7907E+000  -4.2306E-001  -1.4669E+000   6.8478E-002  -1.9175E-001   2.7385E-001   1.8639E-001   5.4056E-002  -4.2406E-001  -5.7483E-001  -8.8670E-002  -4.2765E-002   2.9147E-002   2.6762E-001  -8.8389E-001   3.5689E-003   6.0442E-003   9.9443E-002   7.5706E-002  -8.4274E-002  -2.2081E-003  -5.2996E-003   1.5002E-001   4.8658E-001  
 2.8434E+000  -5.9570E-001   1.3906E+000  -1.1975E-001   5.7570E-001   5.3336E-001  -8.0272E-002   3.0887E-002   3.1558E-002   2.5649E-001  -1.7286E-001   4.6991E-002   5.7232E-002   2.8221E-001  -9.7497E-001  -3.8503E-002   8.0464E-002   4.6605E-002  -3.1610E-002   2.8771E-002   3.1630E-002  -1.9705E-002   1.2908E-001   3.6095E-001  
 2.5008E+000  -7.6865E-001   1.5391E+000   1.0515E-001   1.3497E-001   1.1361E-001  -1.0953E-001   5.4673E-002  -3.0640E-002   1.9728E-001  -7.0147E-002  -2.5709E-002  -3.3744E-002   2.7647E-001  -9.0623E-001  -8.6715E-003   1.7120E-002  -1.7844E-002   2.2842E-003   5.4515E-002   5.1923E-002  -2.0016E-002   1.4293E-001   4.6811E-001  
 2.0426E+000  -9.4200E-001   1.5683E+000   1.7437E-001  -1.0018E-001  -3.2958E-002  -7.0001E-002   4.1215E-002  -8.9458E-002   2.0558E-001  -1.7439E-002  -2.9591E-002  -5.3160E-002   2.7681E-001  -9.0279E-001   5.4239E-003  -6.6432E-003  -3.3147E-002   1.6502E-002   4.9723E-002   5.4627E-002  -1.5944E-002   1.4931E-001   4.7913E-001  
 1.5811E+000  -1.0772E+000   1.4314E+000   1.8928E-001  -2.2421E-001  -4.5750E-002  -4.0587E-002   2.8492E-002  -1.2730E-001   2.0347E-001   1.6886E-002  -1.8591E-002  -5.4669E-002   2.7813E-001  -9.0656E-001   1.3327E-002  -1.5263E-002  -3.7188E-002   2.4840E-002   3.9950E-002   5.3672E-002  -1.5677E-002   1.5312E-001   4.6617E-001  
 1.1682E+000  -1.1756E+000   1.1717E+000   1.7642E-001  -2.5855E-001   1.1323E-002  -2.0912E-002   1.8914E-002  -1.4974E-001   1.8794E-001   3.7920E-002  -2.8161E-003  -4.6224E-002   2.7914E-001  -9.1232E-001   1.7699E-002  -1.5749E-002  -3.4973E-002   2.8524E-002   2.7362E-002   5.1147E-002  -1.7707E-002   1.5504E-001   4.4491E-001  
 8.4123E-001  -1.2421E+000   8.2619E-001   1.5470E-001  -2.2511E-001   8.6954E-002  -9.0113E-003   1.2422E-002  -1.6136E-001   1.5918E-001   5.0463E-002   1.1445E-002  -3.2310E-002   2.8025E-001  -9.1716E-001   2.0290E-002  -1.2851E-002  -2.9343E-002   3.0154E-002   1.4360E-002   4.7553E-002  -1.9256E-002   1.5629E-001   4.2510E-001  
 6.3097E-001  -1.2805E+000   4.2480E-001   1.3608E-001  -1.4489E-001   1.4466E-001  -3.0037E-003   9.1300E-003  -1.6668E-001   1.1831E-001   5.7924E-002   2.1843E-002  -1.5103E-002   2.8094E-001  -9.2022E-001   2.1493E-002  -7.1840E-003  -2.1872E-002   3.0630E-002   1.0795E-003   4.3724E-002  -2.0606E-002   1.5700E-001   4.0567E-001  
 5.5942E-001  -1.2927E+000  -8.3354E-005   1.2865E-001  -4.0559E-002   1.6158E-001   2.0230E-004   8.5486E-003  -1.6891E-001   6.7062E-002   6.0783E-002   2.6390E-002   3.3862E-003   2.8116E-001  -9.2138E-001   2.1361E-002  -1.1038E-004  -1.2582E-002   3.0477E-002  -1.2161E-002   3.9718E-002  -2.1623E-002   1.5716E-001   4.1322E-001  
 6.3148E-001  -1.2798E+000  -4.2574E-001   1.3521E-001   6.6325E-002   1.3076E-001   3.6416E-003   1.0309E-002  -1.7115E-001   5.6776E-003   5.8961E-002   2.4446E-002   2.0880E-002   2.8096E-001  -9.2053E-001   2.0185E-002   6.5699E-003  -1.2301E-003   3.0758E-002  -2.5311E-002   3.5592E-002  -2.1798E-002   1.5679E-001   4.2547E-001  
 8.4197E-001  -1.2410E+000  -8.2900E-001   1.5344E-001   1.5381E-001   5.9227E-002   9.3591E-003   1.4518E-002  -1.7626E-001  -6.6562E-002   5.1956E-002   1.6377E-002   3.6203E-002   2.8031E-001  -9.1759E-001   1.8057E-002   1.2410E-002   1.2358E-002   3.1923E-002  -3.8364E-002   3.1428E-002  -2.0842E-002   1.5607E-001   4.3677E-001  
 1.1681E+000  -1.1745E+000  -1.1768E+000   1.7637E-001   1.9871E-001  -2.9640E-002   1.9045E-002   2.1008E-002  -1.8751E-001  -1.4997E-001   3.7939E-002   3.4336E-003   4.8245E-002   2.7919E-001  -9.1233E-001   1.5626E-002   1.7636E-002   2.8660E-002   3.4716E-002  -5.1148E-002   2.7365E-002  -1.7717E-002   1.5501E-001   4.4655E-001  
 1.5801E+000  -1.0770E+000  -1.4393E+000   1.9115E-001   1.8076E-001  -1.0010E-001   3.6785E-002   3.0447E-002  -2.0925E-001  -2.4651E-001   1.6102E-002  -1.1414E-002   5.4932E-002   2.7780E-001  -9.0471E-001   1.2303E-002   2.0218E-002   4.7802E-002   3.9478E-002  -6.3481E-002   2.3542E-002  -1.3862E-002   1.5384E-001   4.5629E-001  
 2.0424E+000  -9.4303E-001  -1.5773E+000   1.8099E-001   7.9638E-002  -1.0412E-001   6.8980E-002   4.3373E-002  -2.4856E-001  -3.5997E-001  -1.4892E-002  -2.5285E-002   5.4154E-002   2.7701E-001  -8.9569E-001   7.3097E-003   1.8720E-002   6.9686E-002   4.5322E-002  -7.3751E-002   1.9882E-002  -1.0176E-002   1.5226E-001   4.7335E-001  
 2.5084E+000  -7.6700E-001  -1.5375E+000   1.2928E-001  -1.1845E-001   1.6998E-002   1.2389E-001   6.2147E-002  -3.1249E-001  -4.9477E-001  -5.6460E-002  -3.4005E-002   4.6307E-002   2.7571E-001  -8.8693E-001   1.8561E-003   1.3269E-002   9.2303E-002   5.3942E-002  -8.0840E-002   1.5460E-002  -6.6396E-003   1.5076E-001   4.8979E-001  
 3.0037E+000  -5.0540E-001  -1.1718E+000   8.2305E-002  -3.6542E-001   2.6460E-001   2.8570E-001   1.1825E-001  -4.4248E-001  -7.2356E-001  -8.7887E-002  -7.4457E-002   7.0342E-002   2.7723E-001  -9.3072E-001   3.9755E-003   2.2149E-002   8.2984E-002   5.1030E-002  -5.6664E-002   2.1439E-003  -8.7609E-003   1.4574E-001   5.1189E-001  
 1.4907E+000  -1.6577E+000   3.0055E+000  -1.4882E+000   2.4135E+000   1.5568E+000   1.0998E+000  -5.7923E-001  -2.0687E-001   1.2776E+000  -4.4510E-001   5.0768E-001   7.5393E-001   4.9538E-001  -1.4138E+000  -1.1674E-001   2.2006E-001   3.9659E-001  -3.0193E-002  -3.5687E-002  -5.2057E-002  -2.2041E-002   6.7791E-002   3.5749E-001  
 2.7402E+000  -8.7391E-001   1.3070E+000   3.6761E-002   3.6802E-001   1.9376E-001  -1.2685E-001   8.6048E-002  -1.7420E-001   1.6639E-001  -1.0698E-001  -6.3147E-003  -2.1445E-002   2.8426E-001  -9.0663E-001  -1.6762E-002   3.4029E-002  -2.0105E-003   3.0842E-002   4.9616E-002   5.7232E-002  -2.0583E-002   1.3986E-001   4.5325E-001  
 2.3471E+000  -1.1137E+000   1.3857E+000   1.3976E-001   2.9614E-002   4.3857E-002  -8.5419E-002   6.7168E-002  -2.1606E-001   1.9704E-001  -4.8037E-002  -1.2455E-002  -5.1423E-002   2.8101E-001  -8.9970E-001   1.4825E-003   5.5683E-003  -2.5276E-002   4.1878E-002   4.5129E-002   6.1636E-002  -1.6496E-002   1.4658E-001   4.7252E-001  
 1.9444E+000  -1.3009E+000   1.2934E+000   1.8297E-001  -1.6469E-001   2.7980E-002  -5.3172E-002   5.0113E-002  -2.3866E-001   2.1203E-001  -8.5553E-003  -2.9037E-003  -5.9592E-002   2.7858E-001  -9.0070E-001   1.3590E-002  -8.4260E-003  -3.6814E-002   4.6526E-002   3.5566E-002   6.3947E-002  -1.3780E-002   1.5129E-001   4.6852E-001  
 1.5802E+000  -1.4384E+000   1.0735E+000   1.9120E-001  -2.4055E-001   8.1794E-002  -3.0295E-002   3.6648E-002  -2.4617E-001   2.0972E-001   1.6063E-002   1.2028E-002  -5.2924E-002   2.7775E-001  -9.0472E-001   2.0262E-002  -1.2440E-002  -3.9725E-002   4.7614E-002   2.3552E-002   6.3455E-002  -1.3867E-002   1.5386E-001   4.5103E-001  
 1.2899E+000  -1.5319E+000   7.6393E-001   1.8388E-001  -2.2735E-001   1.5480E-001  -1.4744E-002   2.7358E-002  -2.4389E-001   1.9100E-001   3.0572E-002   2.6675E-002  -3.7424E-002   2.7811E-001  -9.0959E-001   2.3642E-002  -1.0821E-002  -3.6314E-002   4.6463E-002   1.0319E-002   6.0327E-002  -1.5357E-002   1.5498E-001   4.3823E-001  
 1.1026E+000  -1.5860E+000   3.9499E-001   1.7416E-001  -1.5335E-001   2.1006E-001  -5.1628E-003   2.2550E-002  -2.3572E-001   1.5604E-001   3.8996E-002   3.7246E-002  -1.7607E-002   2.7855E-001  -9.1296E-001   2.5167E-002  -6.7440E-003  -2.9644E-002   4.4345E-002  -2.9704E-003   5.6495E-002  -1.6565E-002   1.5562E-001   4.2630E-001  
 1.0392E+000  -1.6030E+000   4.8159E-004   1.6925E-001  -4.8206E-002   2.2473E-001   1.2086E-003   2.2095E-002  -2.2486E-001   1.0680E-001   4.2710E-002   4.1911E-002   3.9509E-003   2.7869E-001  -9.1437E-001   2.4531E-002  -1.2021E-003  -2.0538E-002   4.1888E-002  -1.6131E-002   5.2430E-002  -1.7965E-002   1.5557E-001   4.3208E-001  
 1.1040E+000  -1.5844E+000  -3.9484E-001   1.7223E-001   5.9329E-002   1.9189E-001   7.4553E-003   2.5274E-002  -2.1381E-001   4.3675E-002   4.1272E-002   4.0095E-002   2.4997E-002   2.7854E-001  -9.1384E-001   2.2391E-002   4.4645E-003  -8.7338E-003   3.9493E-002  -2.9119E-002   4.8271E-002  -1.8699E-002   1.5518E-001   4.4414E-001  
 1.2917E+000  -1.5287E+000  -7.6590E-001   1.8156E-001   1.4034E-001   1.1851E-001   1.5927E-002   3.1633E-002  -2.0516E-001  -3.4334E-002   3.3280E-002   3.2153E-002   4.3681E-002   2.7817E-001  -9.1113E-001   1.9624E-002   9.7786E-003   6.3329E-003   3.7891E-002  -4.1969E-002   4.4086E-002  -1.7567E-002   1.5445E-001   4.5724E-001  
 1.5810E+000  -1.4343E+000  -1.0791E+000   1.8921E-001   1.6442E-001   2.7438E-002   2.8675E-002   4.0710E-002  -2.0294E-001  -1.2750E-001   1.6922E-002   1.9188E-002   5.6670E-002   2.7818E-001  -9.0662E-001   1.5129E-002   1.3243E-002   2.4934E-002   3.6877E-002  -5.3677E-002   3.9930E-002  -1.5682E-002   1.5307E-001   4.6768E-001  
 1.9442E+000  -1.2969E+000  -1.3025E+000   1.8288E-001   1.0495E-001  -4.6278E-002   5.0291E-002   5.3341E-002  -2.1146E-001  -2.3898E-001  -8.5138E-003   3.5004E-003   6.1563E-002   2.7862E-001  -9.0073E-001   8.2622E-003   1.3505E-002   4.6673E-002   3.6511E-002  -6.3989E-002   3.5506E-002  -1.3794E-002   1.5125E-001   4.7027E-001  
 2.3486E+000  -1.1088E+000  -1.3950E+000   1.4701E-001  -6.4398E-002  -5.4257E-002   8.7273E-002   7.1259E-002  -2.3633E-001  -3.7295E-001  -4.3988E-002  -1.0915E-002   5.6328E-002   2.8019E-001  -8.9289E-001  -4.4572E-004   9.4998E-003   7.2361E-002   3.7456E-002  -7.2547E-002   3.1726E-002  -1.1624E-002   1.4945E-001   4.7480E-001  
 2.7526E+000  -8.6336E-001  -1.3019E+000   6.5906E-002  -3.6209E-001   5.9868E-002   1.4903E-001   9.6335E-002  -2.8634E-001  -5.3551E-001  -9.0710E-002  -2.1161E-002   4.0109E-002   2.8264E-001  -8.8623E-001  -1.0626E-002   1.0615E-003   9.9663E-002   3.9702E-002  -7.7313E-002   2.7004E-002  -9.8111E-003   1.4757E-001   4.8936E-001  
 4.0948E+000  -1.8759E-002   3.2520E-001   7.2639E-001   1.5402E-002  -4.6757E-001   1.0819E+000   4.4854E-001  -6.7446E-001  -1.4530E+000  -2.8434E-002  -4.4073E-001   3.7776E-001   2.8852E-001  -1.2712E+000  -8.5724E-003   3.9546E-002  -1.1040E-001  -8.6800E-002   2.5425E-002  -1.9326E-002  -1.4490E-002   9.7941E-002   6.0730E-001  
 2.3488E+000  -1.3936E+000   1.1046E+000   1.4709E-001   4.7327E-003   3.5985E-002  -7.1031E-002   8.7086E-002  -3.7253E-001   2.3697E-001  -4.4050E-002   1.1513E-002  -5.4382E-002   2.8017E-001  -8.9293E-001   9.5696E-003   2.6076E-004  -3.7738E-002   7.2154E-002   3.1808E-002   7.2398E-002  -1.1618E-002   1.4946E-001   4.6543E-001  
 2.0425E+000  -1.5766E+000   9.3896E-001   1.8103E-001  -1.3937E-001   8.5826E-002  -4.3174E-002   6.8837E-002  -3.5953E-001   2.4907E-001  -1.4947E-002   2.5880E-002  -5.2178E-002   2.7694E-001  -8.9574E-001   1.8739E-002  -7.4734E-003  -4.5575E-002   6.9442E-002   1.9885E-002   7.3674E-002  -1.0193E-002   1.5227E-001   4.6572E-001  
 1.7964E+000  -1.7016E+000   6.7794E-001   1.9210E-001  -1.7471E-001   1.5517E-001  -2.3095E-002   5.6373E-002  -3.3787E-001   2.4035E-001   2.8428E-003   4.0407E-002  -3.8498E-002   2.7544E-001  -9.0020E-001   2.3563E-002  -8.6702E-003  -4.5713E-002   6.4459E-002   6.3783E-003   7.1964E-002  -1.0661E-002   1.5352E-001   4.5371E-001  
 1.6366E+000  -1.7745E+000   3.5399E-001   1.9283E-001  -1.3546E-001   2.0719E-001  -8.6257E-003   4.9313E-002  -3.1043E-001   2.1161E-001   1.2537E-002   5.0845E-002  -1.8025E-002   2.7512E-001  -9.0375E-001   2.4813E-002  -6.2367E-003  -4.0667E-002   5.9035E-002  -7.0876E-003   6.8572E-002  -1.2254E-002   1.5393E-001   4.5005E-001  
 1.5823E+000  -1.7973E+000   1.8137E-003   1.9120E-001  -5.8214E-002   2.1899E-001   2.3190E-003   4.7722E-002  -2.8080E-001   1.6425E-001   1.5998E-002   5.5275E-002   4.7480E-003   2.7490E-001  -9.0563E-001   2.3626E-002  -2.3486E-003  -3.2225E-002   5.3252E-002  -2.0266E-002   6.4529E-002  -1.3856E-002   1.5381E-001   4.5031E-001  
 1.6375E+000  -1.7722E+000  -3.5147E-001   1.8987E-001   2.0774E-002   1.8359E-001   1.2392E-002   5.0901E-002  -2.5166E-001   9.8731E-002   1.3055E-002   5.2916E-002   2.6628E-002   2.7470E-001  -9.0638E-001   2.0232E-002   1.6832E-003  -2.0380E-002   4.6561E-002  -3.2980E-002   5.9527E-002  -1.5063E-002   1.5295E-001   4.6115E-001  
 1.7971E+000  -1.6978E+000  -6.7879E-001   1.8637E-001   6.5406E-002   1.0780E-001   2.4237E-002   5.8115E-002  -2.2555E-001   1.4341E-002   2.0795E-003   4.3877E-002   4.4286E-002   2.7543E-001  -9.0575E-001   1.4239E-002   4.4731E-003  -4.1082E-003   3.9198E-002  -4.4246E-002   5.4325E-002  -1.6025E-002   1.5122E-001   4.7231E-001  
 2.0424E+000  -1.5713E+000  -9.4447E-001   1.7431E-001   4.0477E-002   1.4682E-002   4.1455E-002   7.0188E-002  -2.0494E-001  -8.9618E-002  -1.7356E-002   3.0204E-002   5.5148E-002   2.7688E-001  -9.0288E-001   6.5523E-003   5.3314E-003   1.6589E-002   3.2794E-002  -5.4585E-002   4.9677E-002  -1.5904E-002   1.4926E-001   4.8038E-001  
 2.3468E+000  -1.3894E+000  -1.1159E+000   1.3968E-001  -8.9269E-002  -6.2136E-002   6.7405E-002   8.5646E-002  -1.9637E-001  -2.1636E-001  -4.7954E-002   1.3050E-002   5.3379E-002   2.8105E-001  -8.9982E-001  -5.7021E-003   1.3835E-003   4.1996E-002   2.4921E-002  -6.1632E-002   4.4973E-002  -1.6477E-002   1.4652E-001   4.7379E-001  
 2.7528E+000  -1.3009E+000   8.5855E-001   6.5940E-002   3.0250E-001  -7.8209E-002  -9.6077E-002   1.4878E-001  -5.3495E-001   2.8693E-001  -9.0806E-002   2.1637E-002  -3.8195E-002   2.8256E-001  -8.8625E-001   1.0432E-003   1.0403E-002  -4.0090E-002   9.9455E-002   2.7061E-002   7.7120E-002  -9.8364E-003   1.4764E-001   4.8125E-001  
 2.5085E+000  -1.5371E+000   7.6233E-001   1.2927E-001   5.8822E-002  -3.5292E-002  -6.1881E-002   1.2372E-001  -4.9421E-001   3.1302E-001  -5.6548E-002   3.4553E-002  -4.4333E-002   2.7562E-001  -8.8703E-001   1.3222E-002  -2.0208E-003  -5.4208E-002   9.2041E-002   1.5400E-002   8.0682E-002  -6.6866E-003   1.5076E-001   4.7952E-001  
 2.3091E+000  -1.7008E+000   5.6504E-001   1.5958E-001  -5.6770E-002   2.7687E-002  -3.4976E-002   1.0502E-001  -4.4531E-001   3.1421E-001  -3.6235E-002   4.7328E-002  -3.4495E-002   2.7177E-001  -8.9038E-001   1.7997E-002  -6.0686E-003  -5.8861E-002   8.3074E-002   2.0111E-003   8.0733E-002  -6.7620E-003   1.5201E-001   4.6651E-001  
 2.1787E+000  -1.7968E+000   3.0001E-001   1.7130E-001  -8.6465E-002   7.4455E-002  -1.4322E-002   9.3646E-002  -3.9213E-001   2.9106E-001  -2.5777E-002   5.6193E-002  -1.6538E-002   2.6975E-001  -8.9429E-001   1.7972E-002  -6.0266E-003  -5.6859E-002   7.2856E-002  -1.1598E-002   7.8047E-002  -8.8503E-003   1.5210E-001   4.6863E-001  
 2.1339E+000  -1.8273E+000   3.3462E-003   1.7261E-001  -7.2359E-002   8.2604E-002   2.0499E-003   8.9937E-002  -3.3843E-001   2.4542E-001  -2.3014E-002   5.9591E-002   3.7318E-003   2.6912E-001  -8.9814E-001   1.5310E-002  -4.6332E-003  -4.9385E-002   6.1210E-002  -2.4388E-002   7.3190E-002  -1.1112E-002   1.5121E-001   4.6558E-001  
 2.1782E+000  -1.7955E+000  -2.9489E-001   1.6505E-001  -5.6864E-002   4.4343E-002   1.7261E-002   9.2220E-002  -2.8560E-001   1.7743E-001  -2.8455E-002   5.5852E-002   2.2621E-002   2.6970E-001  -9.0090E-001   9.1449E-003  -3.3254E-003  -3.7117E-002   4.8605E-002  -3.5759E-002   6.7602E-002  -1.3779E-002   1.4946E-001   4.6862E-001  
 2.3061E+000  -1.7012E+000  -5.6537E-001   1.4488E-001  -8.3616E-002  -3.4738E-002   3.3926E-002   9.8848E-002  -2.3705E-001   8.5233E-002  -4.3865E-002   4.3944E-002   3.4891E-002   2.7156E-001  -9.0388E-001  -1.9105E-003  -4.1868E-003  -2.0305E-002   3.3853E-002  -4.5202E-002   6.0697E-002  -1.7062E-002   1.4648E-001   4.7487E-001  
 2.5006E+000  -1.5423E+000  -7.7173E-001   1.0510E-001  -1.9457E-001  -1.3185E-001   5.4981E-002   1.0977E-001  -1.9651E-001  -3.0760E-002  -7.0037E-002   2.6324E-002   3.5729E-002   2.7657E-001  -9.0636E-001  -1.7192E-002  -8.7647E-003   2.3481E-003   1.7483E-002  -5.1785E-002   5.4459E-002  -1.9968E-002   1.4290E-001   4.6907E-001  
 2.7399E+000  -1.3107E+000  -8.7671E-001   3.6735E-002  -4.2752E-001  -2.1193E-001   8.6356E-002   1.2721E-001  -1.6552E-001  -1.7440E-001  -1.0684E-001   6.9992E-003   2.3429E-002   2.8433E-001  -9.0671E-001  -3.4088E-002  -1.6871E-002   3.1005E-002   1.7141E-003  -5.7177E-002   4.9470E-002  -2.0551E-002   1.3988E-001   4.5437E-001  
 4.1079E+000   3.4287E-001   7.0675E-003   7.3321E-001  -8.4883E-002   4.6049E-001  -4.5007E-001   1.0883E+000  -1.4613E+000   6.7942E-001  -2.8107E-002   4.4464E-001  -3.7783E-001   2.8842E-001  -1.2760E+000   3.9554E-002   8.6966E-003   8.7588E-002  -1.1189E-001  -1.9837E-002  -2.6352E-002  -1.4597E-002   9.7385E-002   6.0385E-001  
 3.0030E+000  -1.1727E+000   5.0072E-001   8.1426E-002   3.0688E-001  -2.8361E-001  -1.1742E-001   2.8454E-001  -7.2189E-001   4.4286E-001  -8.8284E-002   7.4515E-002  -6.7707E-002   2.7729E-001  -9.3019E-001   2.1899E-002  -4.0264E-003  -5.1373E-002   8.3305E-002   2.2085E-003   5.6705E-002  -8.6232E-003   1.4604E-001   5.0274E-001  
 2.7907E+000  -1.4672E+000   4.1799E-001   6.8477E-002   1.3222E-001  -2.9206E-001  -5.3715E-002   1.8633E-001  -5.7407E-001   4.2457E-001  -8.8708E-002   4.3400E-002  -2.7129E-002   2.6752E-001  -8.8396E-001   6.0444E-003  -3.6916E-003  -7.5845E-002   9.9185E-002  -2.3797E-003   8.4270E-002  -5.3085E-003   1.5006E-001   4.8414E-001  
 2.6882E+000  -1.5929E+000   2.2869E-001   9.0402E-002  -5.1208E-003  -2.5375E-001  -2.4841E-002   1.6738E-001  -4.8719E-001   4.0657E-001  -7.8042E-002   4.9246E-002  -1.5708E-002   2.6351E-001  -8.8902E-001   4.5349E-003  -7.0698E-003  -7.7437E-002   8.2384E-002  -1.5588E-002   8.1595E-002  -6.8909E-003   1.4959E-001   4.8974E-001  
 2.6502E+000  -1.6376E+000   3.5621E-003   8.9983E-002  -9.3670E-002  -2.5376E-001  -1.1612E-003   1.5619E-001  -4.0182E-001   3.6022E-001  -7.8553E-002   4.7274E-002  -2.0011E-003   2.6160E-001  -8.9525E-001  -3.6546E-003  -9.0750E-003  -7.2853E-002   6.3503E-002  -2.7329E-002   7.6328E-002  -1.0854E-002   1.4764E-001   4.7757E-001  
 2.6800E+000  -1.6037E+000  -2.2476E-001   7.0189E-002  -1.8318E-001  -2.9895E-001   2.0088E-002   1.5243E-001  -3.2004E-001   2.8680E-001  -8.9193E-002   3.7565E-002   8.1119E-003   2.6223E-001  -9.0244E-001  -1.6744E-002  -1.1922E-002  -6.2131E-002   4.2035E-002  -3.6870E-002   6.9532E-002  -1.5555E-002   1.4443E-001   4.5564E-001  
 2.7729E+000  -1.4896E+000  -4.2360E-001   2.8510E-002  -3.2293E-001  -3.8266E-001   4.2344E-002   1.5565E-001  -2.4340E-001   1.8595E-001  -1.1048E-001   2.1283E-002   9.3235E-003   2.6658E-001  -9.0994E-001  -3.3549E-002  -1.7433E-002  -4.4264E-002   1.8138E-002  -4.3890E-002   6.2581E-002  -1.9529E-002   1.4038E-001   4.5332E-001  
 2.8437E+000  -1.3931E+000  -5.9886E-001  -1.1918E-001  -6.3437E-001  -5.5117E-001   3.1712E-002   8.1216E-002  -2.5483E-001   3.1407E-002  -1.7250E-001  -4.6162E-002  -5.4666E-002   2.8203E-001  -9.7466E-001  -8.0393E-002  -3.8467E-002  -3.1691E-002  -4.6492E-002  -3.1648E-002   2.8870E-002  -1.9763E-002   1.2936E-001   3.6190E-001  
 1.4727E+000  -3.0309E+000  -1.6725E+000  -1.4975E+000  -2.4892E+000  -1.5859E+000  -5.8302E-001  -1.1076E+000  -1.2890E+000  -2.0835E-001  -4.4553E-001  -5.0987E-001  -7.5577E-001   4.9765E-001  -1.4191E+000  -2.1999E-001  -1.1667E-001  -3.0409E-002  -3.9865E-001   5.3054E-002  -3.6461E-002  -2.1891E-002   6.7185E-002   3.5380E-001  
