-8.9398E+000   1.1972E+000   6.8341E-001  -3.2681E+000  -9.1469E-001  -5.4019E-001  -6.7702E-002  -1.1807E-001  -3.2164E-001  -3.8437E-003  -1.8176E-001  -2.9224E-002  -4.9040E-002   2.1046E-002  -3.8780E-002   7.4468E-002   4.2525E-002   1.5486E-003   1.0084E-001  -7.4779E-003   4.7295E-003  -1.8346E-002   2.1026E-002   1.2332E-001  
-9.0232E+000   1.3810E+000   5.9192E-001  -3.0892E+000  -4.5804E-001  -4.3621E-001  -6.8312E-002  -1.5936E-001  -2.8978E-001  -1.0775E-001  -1.0965E-001   1.0745E-002   1.1300E-002   1.0021E-003  -2.0188E-002   2.9604E-002   1.2754E-002   2.6441E-002   7.0973E-002  -2.8923E-003   5.9940E-003  -1.4746E-002   2.6141E-002   1.4420E-001  
-9.1648E+000   1.5817E+000   4.5240E-001  -3.0259E+000  -2.2304E-001  -3.5802E-001  -4.0907E-002  -1.4312E-001  -1.9960E-001  -1.8050E-001  -8.1287E-002   2.9057E-002   1.8109E-002  -5.9540E-003  -1.2263E-002   1.7317E-002   4.9951E-003   4.1828E-002   4.6279E-002   7.8947E-004   4.4206E-003  -1.4067E-002   2.5212E-002   1.2556E-001  
-9.2614E+000   1.7037E+000   2.4293E-001  -2.9953E+000  -8.7050E-002  -2.9908E-001  -1.8546E-002  -1.3024E-001  -1.0033E-001  -2.2178E-001  -6.6334E-002   3.9402E-002   1.1474E-002  -1.0009E-002  -6.4143E-003   1.1503E-002   1.6860E-003   5.1348E-002   2.3232E-002   3.2096E-003   2.7824E-003  -1.3757E-002   2.4767E-002   1.2261E-001  
-9.2949E+000   1.7435E+000  -3.5902E-014  -2.9859E+000   4.6696E-015  -2.7716E-001  -1.1971E-014  -1.2607E-001   6.4157E-015  -2.3521E-001  -6.1517E-002   4.3024E-002   1.0911E-014  -1.1289E-002  -3.3126E-015   9.6290E-003   1.9338E-014   5.4410E-002   6.2481E-015   4.1126E-003   1.9247E-014  -1.3710E-002   2.4585E-002   1.2199E-001  
-9.2614E+000   1.7037E+000  -2.4293E-001  -2.9953E+000   8.7050E-002  -2.9908E-001   1.8546E-002  -1.3024E-001   1.0033E-001  -2.2178E-001  -6.6334E-002   3.9402E-002  -1.1474E-002  -1.0009E-002   6.4143E-003   1.1503E-002  -1.6860E-003   5.1348E-002  -2.3232E-002   3.2096E-003  -2.7824E-003  -1.3757E-002   2.4767E-002   1.2261E-001  
-9.1648E+000   1.5817E+000  -4.5240E-001  -3.0259E+000   2.2304E-001  -3.5802E-001   4.0907E-002  -1.4312E-001   1.9960E-001  -1.8050E-001  -8.1287E-002   2.9057E-002  -1.8109E-002  -5.9540E-003   1.2263E-002   1.7317E-002  -4.9951E-003   4.1828E-002  -4.6279E-002   7.8947E-004  -4.4206E-003  -1.4067E-002   2.5212E-002   1.2556E-001  
-9.0232E+000   1.3810E+000  -5.9192E-001  -3.0892E+000   4.5804E-001  -4.3621E-001   6.8312E-002  -1.5936E-001   2.8978E-001  -1.0775E-001  -1.0965E-001   1.0745E-002  -1.1300E-002   1.0021E-003   2.0188E-002   2.9604E-002  -1.2754E-002   2.6441E-002  -7.0973E-002  -2.8923E-003  -5.9940E-003  -1.4746E-002   2.6141E-002   1.4420E-001  
-8.9398E+000   1.1972E+000  -6.8341E-001  -3.2681E+000   9.1469E-001  -5.4019E-001   6.7702E-002  -1.1807E-001   3.2164E-001  -3.8437E-003  -1.8176E-001  -2.9224E-002   4.9040E-002   2.1046E-002   3.8780E-002   7.4468E-002  -4.2525E-002   1.5486E-003  -1.0084E-001  -7.4779E-003  -4.7295E-003  -1.8346E-002   2.1026E-002   1.2332E-001  
-9.1964E+000   1.3912E+000   9.2695E-001  -3.0154E+000  -3.5429E-001  -1.4784E-001  -7.9245E-002  -1.1896E-001  -2.5560E-001   4.9768E-002  -7.6355E-002   1.4116E-002   3.3785E-002   9.1844E-003  -9.2681E-003   1.3216E-002   8.8793E-003  -1.1533E-002   5.9185E-002  -4.3109E-003   9.1600E-004  -1.4074E-002   2.5057E-002   1.2460E-001  
-9.4363E+000   1.6288E+000   8.1432E-001  -2.9519E+000  -1.2033E-001  -9.0294E-002  -4.7135E-002  -9.4302E-002  -2.0051E-001  -3.6518E-002  -4.2785E-002   3.0052E-002   4.0105E-002   2.6187E-003  -8.8150E-003   1.5540E-003   8.3569E-004   8.3691E-003   4.6004E-002  -2.5340E-003   2.6855E-003  -1.3301E-002   2.4076E-002   1.1762E-001  
-9.6314E+000   1.7918E+000   5.9776E-001  -2.9178E+000  -9.7591E-003  -1.3046E-002  -2.5978E-002  -7.7893E-002  -1.3795E-001  -9.5369E-002  -2.0489E-002   4.5039E-002   3.3876E-002  -1.7640E-003  -6.1890E-003  -6.6242E-003  -2.1687E-003   2.1361E-002   3.0896E-002  -1.2798E-004   2.7532E-003  -1.2888E-002   2.3356E-002   1.1248E-001  
-9.7593E+000   1.8874E+000   3.1390E-001  -2.9020E+000   1.6539E-002   4.8294E-002  -1.1364E-002  -6.8443E-002  -7.0005E-002  -1.2987E-001  -7.7691E-003   5.5449E-002   1.8998E-002  -3.8424E-003  -3.0142E-003  -1.1454E-002  -1.8629E-003   2.8497E-002   1.5346E-002   1.3779E-003   1.5032E-003  -1.2752E-002   2.2896E-002   1.0656E-001  
-9.8034E+000   1.9186E+000   5.1304E-014  -2.8976E+000  -1.4337E-014   7.1012E-002   4.4279E-014  -6.5348E-002  -4.5322E-014  -1.4107E-001  -3.7226E-003   5.9074E-002  -3.2748E-014  -4.4121E-003   5.0327E-014  -1.2964E-002   7.9800E-014   3.0763E-002  -2.2952E-014   1.8122E-003   3.3925E-014  -1.2740E-002   2.2713E-002   1.0432E-001  
-9.7593E+000   1.8874E+000  -3.1390E-001  -2.9020E+000  -1.6539E-002   4.8294E-002   1.1364E-002  -6.8443E-002   7.0005E-002  -1.2987E-001  -7.7691E-003   5.5449E-002  -1.8998E-002  -3.8424E-003   3.0142E-003  -1.1454E-002   1.8629E-003   2.8497E-002  -1.5346E-002   1.3779E-003  -1.5032E-003  -1.2752E-002   2.2896E-002   1.0656E-001  
-9.6314E+000   1.7918E+000  -5.9776E-001  -2.9178E+000   9.7591E-003  -1.3046E-002   2.5978E-002  -7.7893E-002   1.3795E-001  -9.5369E-002  -2.0489E-002   4.5039E-002  -3.3876E-002  -1.7640E-003   6.1890E-003  -6.6242E-003   2.1687E-003   2.1361E-002  -3.0896E-002  -1.2798E-004  -2.7532E-003  -1.2888E-002   2.3356E-002   1.1248E-001  
-9.4363E+000   1.6288E+000  -8.1432E-001  -2.9519E+000   1.2033E-001  -9.0294E-002   4.7135E-002  -9.4302E-002   2.0051E-001  -3.6518E-002  -4.2785E-002   3.0052E-002  -4.0105E-002   2.6187E-003   8.8150E-003   1.5540E-003  -8.3569E-004   8.3691E-003  -4.6004E-002  -2.5340E-003  -2.6855E-003  -1.3301E-002   2.4076E-002   1.1762E-001  
-9.1964E+000   1.3912E+000  -9.2695E-001  -3.0154E+000   3.5429E-001  -1.4784E-001   7.9245E-002  -1.1896E-001   2.5560E-001   4.9768E-002  -7.6355E-002   1.4116E-002  -3.3785E-002   9.1844E-003   9.2681E-003   1.3216E-002  -8.8793E-003  -1.1533E-002  -5.9185E-002  -4.3109E-003  -9.1600E-004  -1.4074E-002   2.5057E-002   1.2460E-001  
-9.5910E+000   1.4671E+000   1.1726E+000  -2.9239E+000  -3.9741E-002  -8.9600E-003  -5.3990E-002  -6.7584E-002  -1.5704E-001   7.6231E-002  -2.4856E-002   1.2214E-002   5.3950E-002   6.3269E-003  -3.0134E-003  -4.1193E-003  -3.2504E-003  -1.7221E-002   3.5406E-002  -2.8938E-003  -6.6909E-004  -1.3035E-002   2.3480E-002   1.1504E-001  
-9.8940E+000   1.6508E+000   9.9003E-001  -2.8903E+000   9.4655E-002   5.0509E-002  -2.9482E-002  -4.9187E-002  -1.2822E-001   6.4044E-003   3.9702E-003   2.7961E-002   5.2440E-002   2.1232E-003  -3.1545E-003  -1.2994E-002  -7.7607E-003  -1.3709E-003   2.7785E-002  -1.4396E-003   6.9260E-004  -1.2995E-002   2.2172E-002   1.0505E-001  
-1.0138E+001   1.7768E+000   7.1106E-001  -2.8788E+000   1.2304E-001   1.2907E-001  -1.4581E-002  -3.6477E-002  -8.9889E-002  -4.1103E-002   2.2328E-002   4.2090E-002   4.0164E-002  -1.0012E-004  -2.4004E-003  -1.8282E-002  -7.2871E-003   8.7500E-003   1.9155E-002  -3.2161E-004   9.8076E-004  -1.3978E-002   2.0475E-002   1.1164E-001  
-1.0296E+001   1.8503E+000   3.6916E-001  -2.8768E+000   7.9522E-002   1.9133E-001  -5.8218E-003  -2.9246E-002  -4.6084E-002  -6.8725E-002   3.2743E-002   5.1840E-002   2.1563E-002  -1.1000E-003  -1.1499E-003  -2.1341E-002  -4.2236E-003   1.4366E-002   9.6358E-003   3.2145E-004   5.2118E-004  -1.4740E-002   1.9289E-002   1.1538E-001  
-1.0351E+001   1.8743E+000  -5.3253E-014  -2.8770E+000  -1.8330E-015   2.1439E-001  -6.7069E-014  -2.6905E-002   5.6618E-014  -7.7670E-002   3.6036E-002   5.5241E-002   1.8035E-014  -1.3333E-003  -3.5881E-014  -2.2302E-002  -8.9750E-014   1.6153E-002   6.1685E-014   4.2327E-004  -6.6949E-014  -1.5078E-002   1.8841E-002   1.1652E-001  
-1.0296E+001   1.8503E+000  -3.6916E-001  -2.8768E+000  -7.9522E-002   1.9133E-001   5.8218E-003  -2.9246E-002   4.6084E-002  -6.8725E-002   3.2743E-002   5.1840E-002  -2.1563E-002  -1.1000E-003   1.1499E-003  -2.1341E-002   4.2236E-003   1.4366E-002  -9.6358E-003   3.2145E-004  -5.2118E-004  -1.4740E-002   1.9289E-002   1.1538E-001  
-1.0138E+001   1.7768E+000  -7.1106E-001  -2.8788E+000  -1.2304E-001   1.2907E-001   1.4581E-002  -3.6477E-002   8.9889E-002  -4.1103E-002   2.2328E-002   4.2090E-002  -4.0164E-002  -1.0012E-004   2.4004E-003  -1.8282E-002   7.2871E-003   8.7500E-003  -1.9155E-002  -3.2161E-004  -9.8076E-004  -1.3978E-002   2.0475E-002   1.1164E-001  
-9.8940E+000   1.6508E+000  -9.9003E-001  -2.8903E+000  -9.4655E-002   5.0509E-002   2.9482E-002  -4.9187E-002   1.2822E-001   6.4044E-003   3.9702E-003   2.7961E-002  -5.2440E-002   2.1232E-003   3.1545E-003  -1.2994E-002   7.7607E-003  -1.3709E-003  -2.7785E-002  -1.4396E-003  -6.9260E-004  -1.2995E-002   2.2172E-002   1.0505E-001  
-9.5910E+000   1.4671E+000  -1.1726E+000  -2.9239E+000   3.9741E-002  -8.9600E-003   5.3990E-002  -6.7584E-002   1.5704E-001   7.6231E-002  -2.4856E-002   1.2214E-002  -5.3950E-002   6.3269E-003   3.0134E-003  -4.1193E-003   3.2504E-003  -1.7221E-002  -3.5406E-002  -2.8938E-003   6.6909E-004  -1.3035E-002   2.3480E-002   1.1504E-001  
-8.9398E+000   6.8341E-001   1.1972E+000  -3.2681E+000  -9.1469E-001   5.4019E-001  -1.1807E-001  -6.7702E-002   3.8437E-003   3.2164E-001  -1.8176E-001   2.9224E-002  -4.9040E-002   2.1046E-002   3.8780E-002   4.2525E-002   7.4468E-002  -1.0084E-001  -1.5486E-003   4.7295E-003  -7.4779E-003  -1.8346E-002   2.1026E-002   1.2332E-001  
-9.1964E+000   9.2695E-001   1.3912E+000  -3.0154E+000  -3.5429E-001   1.4784E-001  -1.1896E-001  -7.9245E-002  -4.9768E-002   2.5560E-001  -7.6355E-002  -1.4116E-002   3.3785E-002   9.1844E-003   9.2681E-003   8.8793E-003   1.3216E-002  -5.9185E-002   1.1533E-002   9.1600E-004  -4.3109E-003  -1.4074E-002   2.5057E-002   1.2460E-001  
-9.5910E+000   1.1726E+000   1.4671E+000  -2.9239E+000  -3.9741E-002   8.9600E-003  -6.7584E-002  -5.3990E-002  -7.6231E-002   1.5704E-001  -2.4856E-002  -1.2214E-002   5.3950E-002   6.3269E-003   3.0134E-003  -3.2504E-003  -4.1193E-003  -3.5406E-002   1.7221E-002  -6.6909E-004  -2.8938E-003  -1.3035E-002   2.3480E-002   1.1504E-001  
-9.9916E+000   1.3613E+000   1.3613E+000  -2.8844E+000   1.3998E-001   8.4536E-012  -3.5031E-002  -3.5031E-002  -8.1894E-002   8.1894E-002   1.1628E-002   1.0251E-011   5.9232E-002   3.1619E-003  -2.6958E-012  -1.2084E-002  -1.2084E-002  -1.7627E-002   1.7627E-002  -9.3309E-004  -9.3309E-004  -1.3426E-002   2.1492E-002   1.0786E-001  
-1.0353E+001   1.4987E+000   1.1246E+000  -2.8769E+000   2.0613E-001   6.0014E-002  -1.6079E-002  -2.1435E-002  -7.2542E-002   2.7338E-002   3.6160E-002   1.5443E-002   5.3073E-002   1.1355E-003  -7.0249E-004  -1.7863E-002  -1.3385E-002  -5.6569E-003   1.5025E-002  -4.1379E-004  -3.7342E-005  -1.5064E-002   1.8878E-002   1.1523E-001  
-1.0641E+001   1.5924E+000   7.9733E-001  -2.8843E+000   1.8617E-001   1.3927E-001  -6.0731E-003  -1.2137E-002  -5.3062E-002  -9.5452E-003   5.1577E-002   2.9183E-002   3.9062E-002   1.9621E-004  -6.9609E-004  -2.1053E-002  -1.0530E-002   1.9969E-003   1.1007E-002  -9.3874E-005   1.2470E-004  -1.7271E-002   1.5887E-002   1.0631E-001  
-1.0828E+001   1.6469E+000   4.1109E-001  -2.8937E+000   1.0755E-001   2.0196E-001  -1.7023E-003  -6.8440E-003  -2.7745E-002  -3.0747E-002   6.0241E-002   3.8508E-002   2.0529E-002  -2.7601E-004  -4.0820E-004  -2.2908E-002  -5.7017E-003   6.4398E-003   5.7897E-003   5.9432E-005   1.1559E-004  -1.8697E-002   1.3888E-002   9.6201E-002  
-1.0891E+001   1.6646E+000  -4.3304E-014  -2.8976E+000   1.8375E-014   2.2518E-001  -6.7639E-014  -5.1590E-003   5.6507E-014  -3.7576E-002   6.2992E-002   4.1773E-002   1.3878E-014  -4.2691E-004  -2.1767E-014  -2.3533E-002  -6.2658E-014   7.8898E-003   6.2325E-014   1.1220E-004  -4.6854E-014  -1.9167E-002   1.3212E-002   9.5409E-002  
-1.0828E+001   1.6469E+000  -4.1109E-001  -2.8937E+000  -1.0755E-001   2.0196E-001   1.7023E-003  -6.8440E-003   2.7745E-002  -3.0747E-002   6.0241E-002   3.8508E-002  -2.0529E-002  -2.7601E-004   4.0820E-004  -2.2908E-002   5.7017E-003   6.4398E-003  -5.7897E-003   5.9432E-005  -1.1559E-004  -1.8697E-002   1.3888E-002   9.6201E-002  
-1.0641E+001   1.5924E+000  -7.9733E-001  -2.8843E+000  -1.8617E-001   1.3927E-001   6.0731E-003  -1.2137E-002   5.3062E-002  -9.5452E-003   5.1577E-002   2.9183E-002  -3.9062E-002   1.9621E-004   6.9609E-004  -2.1053E-002   1.0530E-002   1.9969E-003  -1.1007E-002  -9.3874E-005  -1.2470E-004  -1.7271E-002   1.5887E-002   1.0631E-001  
-1.0353E+001   1.4987E+000  -1.1246E+000  -2.8769E+000  -2.0613E-001   6.0014E-002   1.6079E-002  -2.1435E-002   7.2542E-002   2.7338E-002   3.6160E-002   1.5443E-002  -5.3073E-002   1.1355E-003   7.0249E-004  -1.7863E-002   1.3385E-002  -5.6569E-003  -1.5025E-002  -4.1379E-004   3.7342E-005  -1.5064E-002   1.8878E-002   1.1523E-001  
-9.9916E+000   1.3613E+000  -1.3613E+000  -2.8844E+000  -1.3998E-001   8.4411E-012   3.5031E-002  -3.5031E-002   8.1894E-002   8.1894E-002   1.1628E-002   1.0254E-011  -5.9232E-002   3.1619E-003   2.7053E-012  -1.2084E-002   1.2084E-002  -1.7627E-002  -1.7627E-002  -9.3309E-004   9.3309E-004  -1.3426E-002   2.1492E-002   1.0786E-001  
-9.5910E+000   1.1726E+000  -1.4671E+000  -2.9239E+000   3.9741E-002   8.9600E-003   6.7584E-002  -5.3990E-002   7.6231E-002   1.5704E-001  -2.4856E-002  -1.2214E-002  -5.3950E-002   6.3269E-003  -3.0134E-003  -3.2504E-003   4.1193E-003  -3.5406E-002  -1.7221E-002  -6.6909E-004   2.8938E-003  -1.3035E-002   2.3480E-002   1.1504E-001  
-9.1964E+000   9.2695E-001  -1.3912E+000  -3.0154E+000   3.5429E-001   1.4784E-001   1.1896E-001  -7.9245E-002   4.9768E-002   2.5560E-001  -7.6355E-002  -1.4116E-002  -3.3785E-002   9.1844E-003  -9.2681E-003   8.8793E-003  -1.3216E-002  -5.9185E-002  -1.1533E-002   9.1600E-004   4.3109E-003  -1.4074E-002   2.5057E-002   1.2460E-001  
-8.9398E+000   6.8341E-001  -1.1972E+000  -3.2681E+000   9.1469E-001   5.4019E-001   1.1807E-001  -6.7702E-002  -3.8437E-003   3.2164E-001  -1.8176E-001   2.9224E-002   4.9040E-002   2.1046E-002  -3.8780E-002   4.2525E-002  -7.4468E-002  -1.0084E-001   1.5486E-003   4.7295E-003   7.4779E-003  -1.8346E-002   2.1026E-002   1.2332E-001  
-9.0232E+000   5.9192E-001   1.3810E+000  -3.0892E+000  -4.5804E-001   4.3621E-001  -1.5936E-001  -6.8312E-002   1.0775E-001   2.8978E-001  -1.0965E-001  -1.0745E-002   1.1300E-002   1.0021E-003   2.0188E-002   1.2754E-002   2.9604E-002  -7.0973E-002  -2.6441E-002   5.9940E-003  -2.8923E-003  -1.4746E-002   2.6141E-002   1.4420E-001  
-9.4363E+000   8.1432E-001   1.6288E+000  -2.9519E+000  -1.2033E-001   9.0294E-002  -9.4302E-002  -4.7135E-002   3.6518E-002   2.0051E-001  -4.2785E-002  -3.0052E-002   4.0105E-002   2.6187E-003   8.8150E-003   8.3569E-004   1.5540E-003  -4.6004E-002  -8.3691E-003   2.6855E-003  -2.5340E-003  -1.3301E-002   2.4076E-002   1.1762E-001  
-9.8940E+000   9.9003E-001   1.6508E+000  -2.8903E+000   9.4655E-002  -5.0509E-002  -4.9187E-002  -2.9482E-002  -6.4044E-003   1.2822E-001   3.9702E-003  -2.7961E-002   5.2440E-002   2.1232E-003   3.1545E-003  -7.7607E-003  -1.2994E-002  -2.7785E-002   1.3709E-003   6.9260E-004  -1.4396E-003  -1.2995E-002   2.2172E-002   1.0505E-001  
-1.0353E+001   1.1246E+000   1.4987E+000  -2.8769E+000   2.0613E-001  -6.0014E-002  -2.1435E-002  -1.6079E-002  -2.7338E-002   7.2542E-002   3.6160E-002  -1.5443E-002   5.3073E-002   1.1355E-003   7.0249E-004  -1.3385E-002  -1.7863E-002  -1.5025E-002   5.6569E-003  -3.7342E-005  -4.1379E-004  -1.5064E-002   1.8878E-002   1.1523E-001  
-1.0764E+001   1.2220E+000   1.2220E+000  -2.8901E+000   2.3130E-001  -3.0565E-012  -6.4612E-003  -6.4612E-003  -3.2174E-002   3.2174E-002   5.7355E-002   4.2105E-012   4.5500E-002   5.5144E-004  -1.1907E-011  -1.6707E-002  -1.6707E-002  -6.6967E-003   6.6967E-003  -8.5654E-005  -8.5654E-005  -1.8216E-002   1.4595E-002   9.8693E-002  
-1.1089E+001   1.2879E+000   8.5944E-001  -2.9119E+000   1.9135E-001   7.9516E-002  -1.4810E-004  -2.2725E-004  -2.6574E-002   5.2420E-003   7.0972E-002   1.3699E-002   3.3003E-002   1.7815E-004  -1.8812E-004  -1.9052E-002  -1.2705E-002  -1.0972E-003   5.5973E-003  -4.4870E-005   1.8288E-005  -2.0585E-002   1.1213E-002   7.9355E-002  
-1.1298E+001   1.3261E+000   4.4115E-001  -2.9302E+000   1.0662E-001   1.4249E-001   1.0916E-003   3.2666E-003  -1.4693E-002  -1.0202E-002   7.8598E-002   2.3043E-002   1.7262E-002  -4.9419E-005  -1.3942E-004  -2.0483E-002  -6.8078E-003   2.1829E-003   3.1287E-003   8.6255E-006   3.4698E-005  -2.1982E-002   9.1027E-003   6.6840E-002  
-1.1370E+001   1.3385E+000   2.4096E-014  -2.9371E+000  -2.0074E-014   1.6582E-001   7.4844E-014   4.3731E-003  -4.2900E-014  -1.5177E-002   8.1024E-002   2.6311E-002  -2.0176E-014  -1.2261E-004   2.6471E-014  -2.0966E-002   8.9153E-014   3.2604E-003  -7.2521E-014   3.0942E-005   5.8351E-014  -2.2450E-002   8.3979E-003   6.4616E-002  
-1.1298E+001   1.3261E+000  -4.4115E-001  -2.9302E+000  -1.0662E-001   1.4249E-001  -1.0916E-003   3.2666E-003   1.4693E-002  -1.0202E-002   7.8598E-002   2.3043E-002  -1.7262E-002  -4.9419E-005   1.3942E-004  -2.0483E-002   6.8078E-003   2.1829E-003  -3.1287E-003   8.6255E-006  -3.4698E-005  -2.1982E-002   9.1027E-003   6.6840E-002  
-1.1089E+001   1.2879E+000  -8.5944E-001  -2.9119E+000  -1.9135E-001   7.9516E-002   1.4810E-004  -2.2725E-004   2.6574E-002   5.2420E-003   7.0972E-002   1.3699E-002  -3.3003E-002   1.7815E-004   1.8812E-004  -1.9052E-002   1.2705E-002  -1.0972E-003  -5.5973E-003  -4.4870E-005  -1.8288E-005  -2.0585E-002   1.1213E-002   7.9355E-002  
-1.0764E+001   1.2220E+000  -1.2220E+000  -2.8901E+000  -2.3130E-001  -3.0657E-012   6.4612E-003  -6.4612E-003   3.2174E-002   3.2174E-002   5.7355E-002   4.2089E-012  -4.5500E-002   5.5144E-004   1.1857E-011  -1.6707E-002   1.6707E-002  -6.6967E-003  -6.6967E-003  -8.5654E-005   8.5654E-005  -1.8216E-002   1.4595E-002   9.8693E-002  
-1.0353E+001   1.1246E+000  -1.4987E+000  -2.8769E+000  -2.0613E-001  -6.0014E-002   2.1435E-002  -1.6079E-002   2.7338E-002   7.2542E-002   3.6160E-002  -1.5443E-002  -5.3073E-002   1.1355E-003  -7.0249E-004  -1.3385E-002   1.7863E-002  -1.5025E-002  -5.6569E-003  -3.7342E-005   4.1379E-004  -1.5064E-002   1.8878E-002   1.1523E-001  
-9.8940E+000   9.9003E-001  -1.6508E+000  -2.8903E+000  -9.4655E-002  -5.0509E-002   4.9187E-002  -2.9482E-002   6.4044E-003   1.2822E-001   3.9702E-003  -2.7961E-002  -5.2440E-002   2.1232E-003  -3.1545E-003  -7.7607E-003   1.2994E-002  -2.7785E-002  -1.3709E-003   6.9260E-004   1.4396E-003  -1.2995E-002   2.2172E-002   1.0505E-001  
-9.4363E+000   8.1432E-001  -1.6288E+000  -2.9519E+000   1.2033E-001   9.0294E-002   9.4302E-002  -4.7135E-002  -3.6518E-002   2.0051E-001  -4.2785E-002  -3.0052E-002  -4.0105E-002   2.6187E-003  -8.8150E-003   8.3569E-004  -1.5540E-003  -4.6004E-002   8.3691E-003   2.6855E-003   2.5340E-003  -1.3301E-002   2.4076E-002   1.1762E-001  
-9.0232E+000   5.9192E-001  -1.3810E+000  -3.0892E+000   4.5804E-001   4.3621E-001   1.5936E-001  -6.8312E-002  -1.0775E-001   2.8978E-001  -1.0965E-001  -1.0745E-002  -1.1300E-002   1.0021E-003  -2.0188E-002   1.2754E-002  -2.9604E-002  -7.0973E-002   2.6441E-002   5.9940E-003   2.8923E-003  -1.4746E-002   2.6141E-002   1.4420E-001  
-9.1648E+000   4.5240E-001   1.5817E+000  -3.0259E+000  -2.2304E-001   3.5802E-001  -1.4312E-001  -4.0907E-002   1.8050E-001   1.9960E-001  -8.1287E-002  -2.9057E-002   1.8109E-002  -5.9540E-003   1.2263E-002   4.9951E-003   1.7317E-002  -4.6279E-002  -4.1828E-002   4.4206E-003   7.8947E-004  -1.4067E-002   2.5212E-002   1.2556E-001  
-9.6314E+000   5.9776E-001   1.7918E+000  -2.9178E+000  -9.7591E-003   1.3046E-002  -7.7893E-002  -2.5978E-002   9.5369E-002   1.3795E-001  -2.0489E-002  -4.5039E-002   3.3876E-002  -1.7640E-003   6.1890E-003  -2.1687E-003  -6.6242E-003  -3.0896E-002  -2.1361E-002   2.7532E-003  -1.2798E-004  -1.2888E-002   2.3356E-002   1.1248E-001  
-1.0138E+001   7.1106E-001   1.7768E+000  -2.8788E+000   1.2304E-001  -1.2907E-001  -3.6477E-002  -1.4581E-002   4.1103E-002   8.9889E-002   2.2328E-002  -4.2090E-002   4.0164E-002  -1.0012E-004   2.4004E-003  -7.2871E-003  -1.8282E-002  -1.9155E-002  -8.7500E-003   9.8076E-004  -3.2161E-004  -1.3978E-002   2.0475E-002   1.1164E-001  
-1.0641E+001   7.9733E-001   1.5924E+000  -2.8843E+000   1.8617E-001  -1.3927E-001  -1.2137E-002  -6.0731E-003   9.5452E-003   5.3062E-002   5.1577E-002  -2.9183E-002   3.9062E-002   1.9621E-004   6.9609E-004  -1.0530E-002  -2.1053E-002  -1.1007E-002  -1.9969E-003   1.2470E-004  -9.3874E-005  -1.7271E-002   1.5887E-002   1.0631E-001  
-1.1089E+001   8.5944E-001   1.2879E+000  -2.9119E+000   1.9135E-001  -7.9516E-002  -2.2725E-004  -1.4810E-004  -5.2420E-003   2.6574E-002   7.0972E-002  -1.3699E-002   3.3003E-002   1.7815E-004   1.8812E-004  -1.2705E-002  -1.9052E-002  -5.5973E-003   1.0972E-003   1.8288E-005  -4.4870E-005  -2.0585E-002   1.1213E-002   7.9355E-002  
-1.1442E+001   9.0124E-001   9.0124E-001  -2.9444E+000   1.5264E-001  -4.1110E-012   3.6363E-003   3.6363E-003  -8.9720E-003   8.9720E-003   8.3387E-002   6.7139E-012   2.3822E-002   7.9247E-005   2.7161E-012  -1.4299E-002  -1.4299E-002  -1.9280E-003   1.9280E-003  -6.3830E-006  -6.3830E-006  -2.2911E-002   7.7260E-003   5.6917E-002  
-1.1668E+001   9.2543E-001   4.6134E-001  -2.9693E+000   8.3663E-002   6.3050E-002   2.8433E-003   5.7021E-003  -6.0318E-003  -1.1126E-003   9.0346E-002   9.3414E-003   1.2408E-002   1.1690E-006  -3.1482E-005  -1.5247E-002  -7.5988E-003   2.4869E-004   1.3112E-003   3.1934E-006   7.4876E-006  -2.4369E-002   5.6113E-003   4.2475E-002  
-1.1746E+001   9.3326E-001   6.0648E-014  -2.9784E+000  -2.2257E-014   8.6422E-002   1.4392E-013   6.3512E-003  -1.0418E-013  -4.3597E-003   9.2560E-002   1.2606E-002  -3.1695E-014  -2.7849E-005   5.7497E-014  -1.5558E-002   1.9994E-013   9.6029E-004  -1.4753E-013   9.3414E-006   1.1321E-013  -2.4857E-002   4.9229E-003   3.9287E-002  
-1.1668E+001   9.2543E-001  -4.6134E-001  -2.9693E+000  -8.3663E-002   6.3050E-002  -2.8433E-003   5.7021E-003   6.0318E-003  -1.1126E-003   9.0346E-002   9.3414E-003  -1.2408E-002   1.1690E-006   3.1482E-005  -1.5247E-002   7.5988E-003   2.4869E-004  -1.3112E-003   3.1934E-006  -7.4876E-006  -2.4369E-002   5.6113E-003   4.2475E-002  
-1.1442E+001   9.0124E-001  -9.0124E-001  -2.9444E+000  -1.5264E-001  -4.1168E-012  -3.6363E-003   3.6363E-003   8.9720E-003   8.9720E-003   8.3387E-002   6.7179E-012  -2.3822E-002   7.9247E-005  -2.6977E-012  -1.4299E-002   1.4299E-002  -1.9280E-003  -1.9280E-003  -6.3830E-006   6.3830E-006  -2.2911E-002   7.7260E-003   5.6917E-002  
-1.1089E+001   8.5944E-001  -1.2879E+000  -2.9119E+000  -1.9135E-001  -7.9516E-002   2.2725E-004  -1.4810E-004   5.2420E-003   2.6574E-002   7.0972E-002  -1.3699E-002  -3.3003E-002   1.7815E-004  -1.8812E-004  -1.2705E-002   1.9052E-002  -5.5973E-003  -1.0972E-003   1.8288E-005   4.4870E-005  -2.0585E-002   1.1213E-002   7.9355E-002  
-1.0641E+001   7.9733E-001  -1.5924E+000  -2.8843E+000  -1.8617E-001  -1.3927E-001   1.2137E-002  -6.0731E-003  -9.5452E-003   5.3062E-002   5.1577E-002  -2.9183E-002  -3.9062E-002   1.9621E-004  -6.9609E-004  -1.0530E-002   2.1053E-002  -1.1007E-002   1.9969E-003   1.2470E-004   9.3874E-005  -1.7271E-002   1.5887E-002   1.0631E-001  
-1.0138E+001   7.1106E-001  -1.7768E+000  -2.8788E+000  -1.2304E-001  -1.2907E-001   3.6477E-002  -1.4581E-002  -4.1103E-002   8.9889E-002   2.2328E-002  -4.2090E-002  -4.0164E-002  -1.0012E-004  -2.4004E-003  -7.2871E-003   1.8282E-002  -1.9155E-002   8.7500E-003   9.8076E-004   3.2161E-004  -1.3978E-002   2.0475E-002   1.1164E-001  
-9.6314E+000   5.9776E-001  -1.7918E+000  -2.9178E+000   9.7591E-003   1.3046E-002   7.7893E-002  -2.5978E-002  -9.5369E-002   1.3795E-001  -2.0489E-002  -4.5039E-002  -3.3876E-002  -1.7640E-003  -6.1890E-003  -2.1687E-003   6.6242E-003  -3.0896E-002   2.1361E-002   2.7532E-003   1.2798E-004  -1.2888E-002   2.3356E-002   1.1248E-001  
-9.1648E+000   4.5240E-001  -1.5817E+000  -3.0259E+000   2.2304E-001   3.5802E-001   1.4312E-001  -4.0907E-002  -1.8050E-001   1.9960E-001  -8.1287E-002  -2.9057E-002  -1.8109E-002  -5.9540E-003  -1.2263E-002   4.9951E-003  -1.7317E-002  -4.6279E-002   4.1828E-002   4.4206E-003  -7.8947E-004  -1.4067E-002   2.5212E-002   1.2556E-001  
-9.2614E+000   2.4293E-001   1.7037E+000  -2.9953E+000  -8.7050E-002   2.9908E-001  -1.3024E-001  -1.8546E-002   2.2178E-001   1.0033E-001  -6.6334E-002  -3.9402E-002   1.1474E-002  -1.0009E-002   6.4143E-003   1.6860E-003   1.1503E-002  -2.3232E-002  -5.1348E-002   2.7824E-003   3.2096E-003  -1.3757E-002   2.4767E-002   1.2261E-001  
-9.7593E+000   3.1390E-001   1.8874E+000  -2.9020E+000   1.6539E-002  -4.8294E-002  -6.8443E-002  -1.1364E-002   1.2987E-001   7.0005E-002  -7.7691E-003  -5.5449E-002   1.8998E-002  -3.8424E-003   3.0142E-003  -1.8629E-003  -1.1454E-002  -1.5346E-002  -2.8497E-002   1.5032E-003   1.3779E-003  -1.2752E-002   2.2896E-002   1.0656E-001  
-1.0296E+001   3.6916E-001   1.8503E+000  -2.8768E+000   7.9522E-002  -1.9133E-001  -2.9246E-002  -5.8218E-003   6.8725E-002   4.6084E-002   3.2743E-002  -5.1840E-002   2.1563E-002  -1.1000E-003   1.1499E-003  -4.2236E-003  -2.1341E-002  -9.6358E-003  -1.4366E-002   5.2118E-004   3.2145E-004  -1.4740E-002   1.9289E-002   1.1538E-001  
-1.0828E+001   4.1109E-001   1.6469E+000  -2.8937E+000   1.0755E-001  -2.0196E-001  -6.8440E-003  -1.7023E-003   3.0747E-002   2.7745E-002   6.0241E-002  -3.8508E-002   2.0529E-002  -2.7601E-004   4.0820E-004  -5.7017E-003  -2.2908E-002  -5.7897E-003  -6.4398E-003   1.1559E-004   5.9432E-005  -1.8697E-002   1.3888E-002   9.6201E-002  
-1.1298E+001   4.4115E-001   1.3261E+000  -2.9302E+000   1.0662E-001  -1.4249E-001   3.2666E-003   1.0916E-003   1.0202E-002   1.4693E-002   7.8598E-002  -2.3043E-002   1.7262E-002  -4.9419E-005   1.3942E-004  -6.8078E-003  -2.0483E-002  -3.1287E-003  -2.1829E-003   3.4698E-005   8.6255E-006  -2.1982E-002   9.1027E-003   6.6840E-002  
-1.1668E+001   4.6134E-001   9.2543E-001  -2.9693E+000   8.3663E-002  -6.3050E-002   5.7021E-003   2.8433E-003   1.1126E-003   6.0318E-003   9.0346E-002  -9.3414E-003   1.2408E-002   1.1690E-006   3.1482E-005  -7.5988E-003  -1.5247E-002  -1.3112E-003  -2.4869E-004   7.4876E-006   3.1934E-006  -2.4369E-002   5.6113E-003   4.2475E-002  
-1.1906E+001   4.7301E-001   4.7301E-001  -2.9983E+000   4.5505E-002  -9.8703E-012   3.7963E-003   3.7963E-003  -1.0699E-003   1.0699E-003   9.6914E-002  -2.6033E-012   6.4513E-003  -2.5954E-006  -1.3482E-011  -8.0651E-003  -8.0651E-003  -2.3361E-004   2.3361E-004   3.1394E-006   3.1394E-006  -2.5856E-002   3.6087E-003   2.5810E-002  
-1.1987E+001   4.7679E-001   1.2908E-014  -3.0087E+000   9.7698E-015   2.3381E-002  -3.5242E-014   4.0926E-003   2.7666E-014  -5.2690E-004   9.8999E-002   3.2661E-003   9.0149E-015  -9.1161E-006  -1.9880E-014  -8.2172E-003  -7.9148E-014   1.2061E-004   4.9052E-014   3.3984E-006  -4.4267E-014  -2.6357E-002   3.0268E-003   2.0465E-002  
-1.1906E+001   4.7301E-001  -4.7301E-001  -2.9983E+000  -4.5505E-002  -9.8306E-012  -3.7963E-003   3.7963E-003   1.0699E-003   1.0699E-003   9.6914E-002  -2.6216E-012  -6.4513E-003  -2.5954E-006   1.3512E-011  -8.0651E-003   8.0651E-003  -2.3361E-004  -2.3361E-004   3.1394E-006  -3.1394E-006  -2.5856E-002   3.6087E-003   2.5810E-002  
-1.1668E+001   4.6134E-001  -9.2543E-001  -2.9693E+000  -8.3663E-002  -6.3050E-002  -5.7021E-003   2.8433E-003  -1.1126E-003   6.0318E-003   9.0346E-002  -9.3414E-003  -1.2408E-002   1.1690E-006  -3.1482E-005  -7.5988E-003   1.5247E-002  -1.3112E-003   2.4869E-004   7.4876E-006  -3.1934E-006  -2.4369E-002   5.6113E-003   4.2475E-002  
-1.1298E+001   4.4115E-001  -1.3261E+000  -2.9302E+000  -1.0662E-001  -1.4249E-001  -3.2666E-003   1.0916E-003  -1.0202E-002   1.4693E-002   7.8598E-002  -2.3043E-002  -1.7262E-002  -4.9419E-005  -1.3942E-004  -6.8078E-003   2.0483E-002  -3.1287E-003   2.1829E-003   3.4698E-005  -8.6255E-006  -2.1982E-002   9.1027E-003   6.6840E-002  
-1.0828E+001   4.1109E-001  -1.6469E+000  -2.8937E+000  -1.0755E-001  -2.0196E-001   6.8440E-003  -1.7023E-003  -3.0747E-002   2.7745E-002   6.0241E-002  -3.8508E-002  -2.0529E-002  -2.7601E-004  -4.0820E-004  -5.7017E-003   2.2908E-002  -5.7897E-003   6.4398E-003   1.1559E-004  -5.9432E-005  -1.8697E-002   1.3888E-002   9.6201E-002  
-1.0296E+001   3.6916E-001  -1.8503E+000  -2.8768E+000  -7.9522E-002  -1.9133E-001   2.9246E-002  -5.8218E-003  -6.8725E-002   4.6084E-002   3.2743E-002  -5.1840E-002  -2.1563E-002  -1.1000E-003  -1.1499E-003  -4.2236E-003   2.1341E-002  -9.6358E-003   1.4366E-002   5.2118E-004  -3.2145E-004  -1.4740E-002   1.9289E-002   1.1538E-001  
-9.7593E+000   3.1390E-001  -1.8874E+000  -2.9020E+000  -1.6539E-002  -4.8294E-002   6.8443E-002  -1.1364E-002  -1.2987E-001   7.0005E-002  -7.7691E-003  -5.5449E-002  -1.8998E-002  -3.8424E-003  -3.0142E-003  -1.8629E-003   1.1454E-002  -1.5346E-002   2.8497E-002   1.5032E-003  -1.3779E-003  -1.2752E-002   2.2896E-002   1.0656E-001  
-9.2614E+000   2.4293E-001  -1.7037E+000  -2.9953E+000   8.7050E-002   2.9908E-001   1.3024E-001  -1.8546E-002  -2.2178E-001   1.0033E-001  -6.6334E-002  -3.9402E-002  -1.1474E-002  -1.0009E-002  -6.4143E-003   1.6860E-003  -1.1503E-002  -2.3232E-002   5.1348E-002   2.7824E-003  -3.2096E-003  -1.3757E-002   2.4767E-002   1.2261E-001  
-9.2949E+000   5.5679E-016   1.7435E+000  -2.9859E+000  -8.0330E-017   2.7716E-001  -1.2607E-001   2.8339E-016   2.3521E-001  -1.1989E-015  -6.1517E-002  -4.3024E-002  -1.1453E-015  -1.1289E-002   9.3967E-016   4.4125E-016   9.6290E-003  -1.3295E-017  -5.4410E-002   1.5508E-015   4.1126E-003  -1.3710E-002   2.4585E-002   1.2199E-001  
-9.8034E+000   2.4320E-015   1.9186E+000  -2.8976E+000  -6.1015E-015  -7.1012E-002  -6.5348E-002   4.3593E-015   1.4107E-001  -9.2480E-015  -3.7226E-003  -5.9074E-002  -5.9205E-015  -4.4121E-003   1.3818E-014   1.7067E-015  -1.2964E-002  -1.1023E-014  -3.0763E-002   1.7956E-014   1.8122E-003  -1.2740E-002   2.2713E-002   1.0432E-001  
-1.0351E+001  -4.6937E-015   1.8743E+000  -2.8770E+000   9.3442E-015  -2.1439E-001  -2.6905E-002  -6.6501E-015   7.7670E-002   1.7406E-014   3.6036E-002  -5.5241E-002   1.3493E-014  -1.3333E-003  -2.5771E-014  -8.7217E-015  -2.2302E-002   2.2204E-014  -1.6153E-002  -3.4739E-014   4.2327E-004  -1.5078E-002   1.8841E-002   1.1652E-001  
-1.0891E+001   1.3696E-015   1.6646E+000  -2.8976E+000   6.0633E-016  -2.2518E-001  -5.1590E-003  -3.7469E-016   3.7576E-002   1.8545E-015   6.2992E-002  -4.1773E-002  -4.8349E-016  -4.2691E-004   5.3714E-016  -7.8946E-016  -2.3533E-002   2.1925E-015  -7.8898E-003  -3.7036E-016   1.1220E-004  -1.9167E-002   1.3212E-002   9.5409E-002  
-1.1370E+001  -1.4124E-015   1.3385E+000  -2.9371E+000   1.4012E-016  -1.6582E-001   4.3731E-003   2.6915E-016   1.5177E-002   4.2802E-016   8.1024E-002  -2.6311E-002   4.5454E-016  -1.2261E-004   6.4809E-018  -3.6423E-016  -2.0966E-002   7.8250E-016  -3.2604E-003  -9.7303E-016   3.0942E-005  -2.2450E-002   8.3979E-003   6.4616E-002  
-1.1746E+001   3.3001E-016   9.3326E-001  -2.9784E+000  -2.7963E-016  -8.6422E-002   6.3512E-003   4.5321E-016   4.3597E-003  -7.9633E-016   9.2560E-002  -1.2606E-002  -1.3847E-015  -2.7849E-005  -1.3109E-016   1.3878E-015  -1.5558E-002  -1.6650E-017  -9.6029E-004   6.2033E-017   9.3414E-006  -2.4857E-002   4.9229E-003   3.9287E-002  
-1.1987E+001   8.5757E-016   4.7679E-001  -3.0087E+000  -2.9340E-016  -2.3381E-002   4.0926E-003   5.3124E-016   5.2690E-004   7.2288E-016   9.8999E-002  -3.2661E-003  -3.2874E-016  -9.1161E-006   1.9164E-016   1.1408E-015  -8.2172E-003   8.1109E-016  -1.2061E-004  -5.8779E-016   3.3984E-006  -2.6357E-002   3.0268E-003   2.0465E-002  
-1.2069E+001  -1.8847E-014   2.2493E-014  -3.0197E+000   1.9126E-015   3.0241E-011   6.7246E-014   1.9892E-015  -4.5053E-014   6.0471E-016   1.0104E-001  -8.8522E-012   1.8228E-014  -6.5010E-006  -1.4876E-015   9.0211E-015   9.9224E-014  -7.2185E-016  -8.2542E-014   8.7120E-018   6.7770E-014  -2.6857E-002   2.5493E-003   8.8805E-003  
-1.1987E+001  -3.6374E-015  -4.7679E-001  -3.0087E+000   7.5015E-015  -2.3381E-002  -4.0926E-003  -6.0651E-015  -5.2690E-004   1.4101E-014   9.8999E-002  -3.2661E-003   9.6960E-015  -9.1161E-006  -1.9379E-014  -6.1864E-015   8.2172E-003   1.6843E-014   1.2061E-004  -2.6616E-014  -3.3984E-006  -2.6357E-002   3.0268E-003   2.0465E-002  
-1.1746E+001   1.1138E-014  -9.3326E-001  -2.9784E+000  -2.5578E-014  -8.6422E-002  -6.3512E-003   1.5411E-014  -4.3597E-003  -4.4551E-014   9.2560E-002  -1.2606E-002  -3.5565E-014  -2.7849E-005   6.3584E-014   2.1292E-014   1.5558E-002  -5.7905E-014   9.6029E-004   8.3554E-014  -9.3414E-006  -2.4857E-002   4.9229E-003   3.9287E-002  
-1.1370E+001   5.7923E-015  -1.3385E+000  -2.9371E+000  -1.1716E-014  -1.6582E-001  -4.3731E-003   8.1845E-015  -1.5177E-002  -2.0374E-014   8.1024E-002  -2.6311E-002  -1.6661E-014  -1.2261E-004   2.8876E-014   9.3722E-015   2.0966E-002  -2.4530E-014   3.2604E-003   3.9137E-014  -3.0942E-005  -2.2450E-002   8.3979E-003   6.4616E-002  
-1.0891E+001  -4.2953E-015  -1.6646E+000  -2.8976E+000   9.2546E-015  -2.2518E-001   5.1590E-003  -5.2866E-015  -3.7576E-002   1.4486E-014   6.2992E-002  -4.1773E-002   1.2768E-014  -4.2691E-004  -2.0748E-014  -7.4212E-015   2.3533E-002   1.9791E-014   7.8898E-003  -2.8279E-014  -1.1220E-004  -1.9167E-002   1.3212E-002   9.5409E-002  
-1.0351E+001  -3.2848E-015  -1.8743E+000  -2.8770E+000   1.0739E-014  -2.1439E-001   2.6905E-002  -7.9701E-015  -7.7670E-002   1.8874E-014   3.6036E-002  -5.5241E-002   1.5719E-014  -1.3333E-003  -2.7624E-014  -6.3364E-015   2.2302E-002   2.3341E-014   1.6153E-002  -3.6859E-014  -4.2327E-004  -1.5078E-002   1.8841E-002   1.1652E-001  
-9.8034E+000   2.3751E-015  -1.9186E+000  -2.8976E+000  -6.9786E-015  -7.1012E-002   6.5348E-002   5.1636E-015  -1.4107E-001  -1.2525E-014  -3.7226E-003  -5.9074E-002  -9.4439E-015  -4.4121E-003   1.6330E-014   6.1558E-015   1.2964E-002  -1.5284E-014   3.0763E-002   2.3760E-014  -1.8122E-003  -1.2740E-002   2.2713E-002   1.0432E-001  
-9.2949E+000   6.2094E-016  -1.7435E+000  -2.9859E+000  -9.6517E-016   2.7716E-001   1.2607E-001  -5.9164E-016  -2.3521E-001  -7.4735E-016  -6.1517E-002  -4.3024E-002   2.7288E-016  -1.1289E-002   9.7346E-016   7.2794E-016  -9.6290E-003  -2.8776E-016   5.4410E-002   5.4355E-016  -4.1126E-003  -1.3710E-002   2.4585E-002   1.2199E-001  
-9.2614E+000  -2.4293E-001   1.7037E+000  -2.9953E+000   8.7050E-002   2.9908E-001  -1.3024E-001   1.8546E-002   2.2178E-001  -1.0033E-001  -6.6334E-002  -3.9402E-002  -1.1474E-002  -1.0009E-002  -6.4143E-003  -1.6860E-003   1.1503E-002   2.3232E-002  -5.1348E-002  -2.7824E-003   3.2096E-003  -1.3757E-002   2.4767E-002   1.2261E-001  
-9.7593E+000  -3.1390E-001   1.8874E+000  -2.9020E+000  -1.6539E-002  -4.8294E-002  -6.8443E-002   1.1364E-002   1.2987E-001  -7.0005E-002  -7.7691E-003  -5.5449E-002  -1.8998E-002  -3.8424E-003  -3.0142E-003   1.8629E-003  -1.1454E-002   1.5346E-002  -2.8497E-002  -1.5032E-003   1.3779E-003  -1.2752E-002   2.2896E-002   1.0656E-001  
-1.0296E+001  -3.6916E-001   1.8503E+000  -2.8768E+000  -7.9522E-002  -1.9133E-001  -2.9246E-002   5.8218E-003   6.8725E-002  -4.6084E-002   3.2743E-002  -5.1840E-002  -2.1563E-002  -1.1000E-003  -1.1499E-003   4.2236E-003  -2.1341E-002   9.6358E-003  -1.4366E-002  -5.2118E-004   3.2145E-004  -1.4740E-002   1.9289E-002   1.1538E-001  
-1.0828E+001  -4.1109E-001   1.6469E+000  -2.8937E+000  -1.0755E-001  -2.0196E-001  -6.8440E-003   1.7023E-003   3.0747E-002  -2.7745E-002   6.0241E-002  -3.8508E-002  -2.0529E-002  -2.7601E-004  -4.0820E-004   5.7017E-003  -2.2908E-002   5.7897E-003  -6.4398E-003  -1.1559E-004   5.9432E-005  -1.8697E-002   1.3888E-002   9.6201E-002  
-1.1298E+001  -4.4115E-001   1.3261E+000  -2.9302E+000  -1.0662E-001  -1.4249E-001   3.2666E-003  -1.0916E-003   1.0202E-002  -1.4693E-002   7.8598E-002  -2.3043E-002  -1.7262E-002  -4.9419E-005  -1.3942E-004   6.8078E-003  -2.0483E-002   3.1287E-003  -2.1829E-003  -3.4698E-005   8.6255E-006  -2.1982E-002   9.1027E-003   6.6840E-002  
-1.1668E+001  -4.6134E-001   9.2543E-001  -2.9693E+000  -8.3663E-002  -6.3050E-002   5.7021E-003  -2.8433E-003   1.1126E-003  -6.0318E-003   9.0346E-002  -9.3414E-003  -1.2408E-002   1.1690E-006  -3.1482E-005   7.5988E-003  -1.5247E-002   1.3112E-003  -2.4869E-004  -7.4876E-006   3.1934E-006  -2.4369E-002   5.6113E-003   4.2475E-002  
-1.1906E+001  -4.7301E-001   4.7301E-001  -2.9983E+000  -4.5505E-002  -9.8389E-012   3.7963E-003  -3.7963E-003  -1.0699E-003  -1.0699E-003   9.6914E-002  -2.6072E-012  -6.4513E-003  -2.5954E-006   1.3483E-011   8.0651E-003  -8.0651E-003   2.3361E-004   2.3361E-004  -3.1394E-006   3.1394E-006  -2.5856E-002   3.6087E-003   2.5810E-002  
-1.1987E+001  -4.7679E-001  -8.7841E-014  -3.0087E+000   1.3073E-014   2.3381E-002  -4.4165E-014  -4.0926E-003   5.8526E-014   5.2690E-004   9.8999E-002   3.2661E-003   1.6346E-014  -9.1161E-006  -1.9695E-014   8.2172E-003  -1.9992E-014  -1.2061E-004   4.0755E-014  -3.3984E-006  -4.1362E-014  -2.6357E-002   3.0268E-003   2.0465E-002  
-1.1906E+001  -4.7301E-001  -4.7301E-001  -2.9983E+000   4.5505E-002  -9.8156E-012  -3.7963E-003  -3.7963E-003   1.0699E-003  -1.0699E-003   9.6914E-002  -2.6227E-012   6.4513E-003  -2.5954E-006  -1.3458E-011   8.0651E-003   8.0651E-003   2.3361E-004  -2.3361E-004  -3.1394E-006  -3.1394E-006  -2.5856E-002   3.6087E-003   2.5810E-002  
-1.1668E+001  -4.6134E-001  -9.2543E-001  -2.9693E+000   8.3663E-002  -6.3050E-002  -5.7021E-003  -2.8433E-003  -1.1126E-003  -6.0318E-003   9.0346E-002  -9.3414E-003   1.2408E-002   1.1690E-006   3.1482E-005   7.5988E-003   1.5247E-002   1.3112E-003   2.4869E-004  -7.4876E-006  -3.1934E-006  -2.4369E-002   5.6113E-003   4.2475E-002  
-1.1298E+001  -4.4115E-001  -1.3261E+000  -2.9302E+000   1.0662E-001  -1.4249E-001  -3.2666E-003  -1.0916E-003  -1.0202E-002  -1.4693E-002   7.8598E-002  -2.3043E-002   1.7262E-002  -4.9419E-005   1.3942E-004   6.8078E-003   2.0483E-002   3.1287E-003   2.1829E-003  -3.4698E-005  -8.6255E-006  -2.1982E-002   9.1027E-003   6.6840E-002  
-1.0828E+001  -4.1109E-001  -1.6469E+000  -2.8937E+000   1.0755E-001  -2.0196E-001   6.8440E-003   1.7023E-003  -3.0747E-002  -2.7745E-002   6.0241E-002  -3.8508E-002   2.0529E-002  -2.7601E-004   4.0820E-004   5.7017E-003   2.2908E-002   5.7897E-003   6.4398E-003  -1.1559E-004  -5.9432E-005  -1.8697E-002   1.3888E-002   9.6201E-002  
-1.0296E+001  -3.6916E-001  -1.8503E+000  -2.8768E+000   7.9522E-002  -1.9133E-001   2.9246E-002   5.8218E-003  -6.8725E-002  -4.6084E-002   3.2743E-002  -5.1840E-002   2.1563E-002  -1.1000E-003   1.1499E-003   4.2236E-003   2.1341E-002   9.6358E-003   1.4366E-002  -5.2118E-004  -3.2145E-004  -1.4740E-002   1.9289E-002   1.1538E-001  
-9.7593E+000  -3.1390E-001  -1.8874E+000  -2.9020E+000   1.6539E-002  -4.8294E-002   6.8443E-002   1.1364E-002  -1.2987E-001  -7.0005E-002  -7.7691E-003  -5.5449E-002   1.8998E-002  -3.8424E-003   3.0142E-003   1.8629E-003   1.1454E-002   1.5346E-002   2.8497E-002  -1.5032E-003  -1.3779E-003  -1.2752E-002   2.2896E-002   1.0656E-001  
-9.2614E+000  -2.4293E-001  -1.7037E+000  -2.9953E+000  -8.7050E-002   2.9908E-001   1.3024E-001   1.8546E-002  -2.2178E-001  -1.0033E-001  -6.6334E-002  -3.9402E-002   1.1474E-002  -1.0009E-002   6.4143E-003  -1.6860E-003  -1.1503E-002   2.3232E-002   5.1348E-002  -2.7824E-003  -3.2096E-003  -1.3757E-002   2.4767E-002   1.2261E-001  
-9.1648E+000  -4.5240E-001   1.5817E+000  -3.0259E+000   2.2304E-001   3.5802E-001  -1.4312E-001   4.0907E-002   1.8050E-001  -1.9960E-001  -8.1287E-002  -2.9057E-002  -1.8109E-002  -5.9540E-003  -1.2263E-002  -4.9951E-003   1.7317E-002   4.6279E-002  -4.1828E-002  -4.4206E-003   7.8947E-004  -1.4067E-002   2.5212E-002   1.2556E-001  
-9.6314E+000  -5.9776E-001   1.7918E+000  -2.9178E+000   9.7591E-003   1.3046E-002  -7.7893E-002   2.5978E-002   9.5369E-002  -1.3795E-001  -2.0489E-002  -4.5039E-002  -3.3876E-002  -1.7640E-003  -6.1890E-003   2.1687E-003  -6.6242E-003   3.0896E-002  -2.1361E-002  -2.7532E-003  -1.2798E-004  -1.2888E-002   2.3356E-002   1.1248E-001  
-1.0138E+001  -7.1106E-001   1.7768E+000  -2.8788E+000  -1.2304E-001  -1.2907E-001  -3.6477E-002   1.4581E-002   4.1103E-002  -8.9889E-002   2.2328E-002  -4.2090E-002  -4.0164E-002  -1.0012E-004  -2.4004E-003   7.2871E-003  -1.8282E-002   1.9155E-002  -8.7500E-003  -9.8076E-004  -3.2161E-004  -1.3978E-002   2.0475E-002   1.1164E-001  
-1.0641E+001  -7.9733E-001   1.5924E+000  -2.8843E+000  -1.8617E-001  -1.3927E-001  -1.2137E-002   6.0731E-003   9.5452E-003  -5.3062E-002   5.1577E-002  -2.9183E-002  -3.9062E-002   1.9621E-004  -6.9609E-004   1.0530E-002  -2.1053E-002   1.1007E-002  -1.9969E-003  -1.2470E-004  -9.3874E-005  -1.7271E-002   1.5887E-002   1.0631E-001  
-1.1089E+001  -8.5944E-001   1.2879E+000  -2.9119E+000  -1.9135E-001  -7.9516E-002  -2.2725E-004   1.4810E-004  -5.2420E-003  -2.6574E-002   7.0972E-002  -1.3699E-002  -3.3003E-002   1.7815E-004  -1.8812E-004   1.2705E-002  -1.9052E-002   5.5973E-003   1.0972E-003  -1.8288E-005  -4.4870E-005  -2.0585E-002   1.1213E-002   7.9355E-002  
-1.1442E+001  -9.0124E-001   9.0124E-001  -2.9444E+000  -1.5264E-001  -4.0913E-012   3.6363E-003  -3.6363E-003  -8.9720E-003  -8.9720E-003   8.3387E-002   6.6985E-012  -2.3822E-002   7.9247E-005  -2.7311E-012   1.4299E-002  -1.4299E-002   1.9280E-003   1.9280E-003   6.3830E-006  -6.3830E-006  -2.2911E-002   7.7260E-003   5.6917E-002  
-1.1668E+001  -9.2543E-001   4.6134E-001  -2.9693E+000  -8.3663E-002   6.3050E-002   2.8433E-003  -5.7021E-003  -6.0318E-003   1.1126E-003   9.0346E-002   9.3414E-003  -1.2408E-002   1.1690E-006   3.1482E-005   1.5247E-002  -7.5988E-003  -2.4869E-004   1.3112E-003  -3.1934E-006   7.4876E-006  -2.4369E-002   5.6113E-003   4.2475E-002  
-1.1746E+001  -9.3326E-001   5.0277E-014  -2.9784E+000  -3.1620E-014   8.6422E-002   1.4111E-013  -6.3512E-003  -1.1915E-013   4.3597E-003   9.2560E-002   1.2606E-002  -2.8806E-014  -2.7849E-005   6.4956E-014   1.5558E-002   1.6446E-013  -9.6029E-004  -1.4984E-013  -9.3414E-006   1.3236E-013  -2.4857E-002   4.9229E-003   3.9287E-002  
-1.1668E+001  -9.2543E-001  -4.6134E-001  -2.9693E+000   8.3663E-002   6.3050E-002  -2.8433E-003  -5.7021E-003   6.0318E-003   1.1126E-003   9.0346E-002   9.3414E-003   1.2408E-002   1.1690E-006  -3.1482E-005   1.5247E-002   7.5988E-003  -2.4869E-004  -1.3112E-003  -3.1934E-006  -7.4876E-006  -2.4369E-002   5.6113E-003   4.2475E-002  
-1.1442E+001  -9.0124E-001  -9.0124E-001  -2.9444E+000   1.5264E-001  -4.0946E-012  -3.6363E-003  -3.6363E-003   8.9720E-003  -8.9720E-003   8.3387E-002   6.7084E-012   2.3822E-002   7.9247E-005   2.7390E-012   1.4299E-002   1.4299E-002   1.9280E-003  -1.9280E-003   6.3830E-006   6.3830E-006  -2.2911E-002   7.7260E-003   5.6917E-002  
-1.1089E+001  -8.5944E-001  -1.2879E+000  -2.9119E+000   1.9135E-001  -7.9516E-002   2.2725E-004   1.4810E-004   5.2420E-003  -2.6574E-002   7.0972E-002  -1.3699E-002   3.3003E-002   1.7815E-004   1.8812E-004   1.2705E-002   1.9052E-002   5.5973E-003  -1.0972E-003  -1.8288E-005   4.4870E-005  -2.0585E-002   1.1213E-002   7.9355E-002  
-1.0641E+001  -7.9733E-001  -1.5924E+000  -2.8843E+000   1.8617E-001  -1.3927E-001   1.2137E-002   6.0731E-003  -9.5452E-003  -5.3062E-002   5.1577E-002  -2.9183E-002   3.9062E-002   1.9621E-004   6.9609E-004   1.0530E-002   2.1053E-002   1.1007E-002   1.9969E-003  -1.2470E-004   9.3874E-005  -1.7271E-002   1.5887E-002   1.0631E-001  
-1.0138E+001  -7.1106E-001  -1.7768E+000  -2.8788E+000   1.2304E-001  -1.2907E-001   3.6477E-002   1.4581E-002  -4.1103E-002  -8.9889E-002   2.2328E-002  -4.2090E-002   4.0164E-002  -1.0012E-004   2.4004E-003   7.2871E-003   1.8282E-002   1.9155E-002   8.7500E-003  -9.8076E-004   3.2161E-004  -1.3978E-002   2.0475E-002   1.1164E-001  
-9.6314E+000  -5.9776E-001  -1.7918E+000  -2.9178E+000  -9.7591E-003   1.3046E-002   7.7893E-002   2.5978E-002  -9.5369E-002  -1.3795E-001  -2.0489E-002  -4.5039E-002   3.3876E-002  -1.7640E-003   6.1890E-003   2.1687E-003   6.6242E-003   3.0896E-002   2.1361E-002  -2.7532E-003   1.2798E-004  -1.2888E-002   2.3356E-002   1.1248E-001  
-9.1648E+000  -4.5240E-001  -1.5817E+000  -3.0259E+000  -2.2304E-001   3.5802E-001   1.4312E-001   4.0907E-002  -1.8050E-001  -1.9960E-001  -8.1287E-002  -2.9057E-002   1.8109E-002  -5.9540E-003   1.2263E-002  -4.9951E-003  -1.7317E-002   4.6279E-002   4.1828E-002  -4.4206E-003  -7.8947E-004  -1.4067E-002   2.5212E-002   1.2556E-001  
-9.0232E+000  -5.9192E-001   1.3810E+000  -3.0892E+000   4.5804E-001   4.3621E-001  -1.5936E-001   6.8312E-002   1.0775E-001  -2.8978E-001  -1.0965E-001  -1.0745E-002  -1.1300E-002   1.0021E-003  -2.0188E-002  -1.2754E-002   2.9604E-002   7.0973E-002  -2.6441E-002  -5.9940E-003  -2.8923E-003  -1.4746E-002   2.6141E-002   1.4420E-001  
-9.4363E+000  -8.1432E-001   1.6288E+000  -2.9519E+000   1.2033E-001   9.0294E-002  -9.4302E-002   4.7135E-002   3.6518E-002  -2.0051E-001  -4.2785E-002  -3.0052E-002  -4.0105E-002   2.6187E-003  -8.8150E-003  -8.3569E-004   1.5540E-003   4.6004E-002  -8.3691E-003  -2.6855E-003  -2.5340E-003  -1.3301E-002   2.4076E-002   1.1762E-001  
-9.8940E+000  -9.9003E-001   1.6508E+000  -2.8903E+000  -9.4655E-002  -5.0509E-002  -4.9187E-002   2.9482E-002  -6.4044E-003  -1.2822E-001   3.9702E-003  -2.7961E-002  -5.2440E-002   2.1232E-003  -3.1545E-003   7.7607E-003  -1.2994E-002   2.7785E-002   1.3709E-003  -6.9260E-004  -1.4396E-003  -1.2995E-002   2.2172E-002   1.0505E-001  
-1.0353E+001  -1.1246E+000   1.4987E+000  -2.8769E+000  -2.0613E-001  -6.0014E-002  -2.1435E-002   1.6079E-002  -2.7338E-002  -7.2542E-002   3.6160E-002  -1.5443E-002  -5.3073E-002   1.1355E-003  -7.0249E-004   1.3385E-002  -1.7863E-002   1.5025E-002   5.6569E-003   3.7342E-005  -4.1379E-004  -1.5064E-002   1.8878E-002   1.1523E-001  
-1.0764E+001  -1.2220E+000   1.2220E+000  -2.8901E+000  -2.3130E-001  -3.0635E-012  -6.4612E-003   6.4612E-003  -3.2174E-002  -3.2174E-002   5.7355E-002   4.2128E-012  -4.5500E-002   5.5144E-004   1.1896E-011   1.6707E-002  -1.6707E-002   6.6967E-003   6.6967E-003   8.5654E-005  -8.5654E-005  -1.8216E-002   1.4595E-002   9.8693E-002  
-1.1089E+001  -1.2879E+000   8.5944E-001  -2.9119E+000  -1.9135E-001   7.9516E-002  -1.4810E-004   2.2725E-004  -2.6574E-002  -5.2420E-003   7.0972E-002   1.3699E-002  -3.3003E-002   1.7815E-004   1.8812E-004   1.9052E-002  -1.2705E-002   1.0972E-003   5.5973E-003   4.4870E-005   1.8288E-005  -2.0585E-002   1.1213E-002   7.9355E-002  
-1.1298E+001  -1.3261E+000   4.4115E-001  -2.9302E+000  -1.0662E-001   1.4249E-001   1.0916E-003  -3.2666E-003  -1.4693E-002   1.0202E-002   7.8598E-002   2.3043E-002  -1.7262E-002  -4.9419E-005   1.3942E-004   2.0483E-002  -6.8078E-003  -2.1829E-003   3.1287E-003  -8.6255E-006   3.4698E-005  -2.1982E-002   9.1027E-003   6.6840E-002  
-1.1370E+001  -1.3385E+000   2.0267E-014  -2.9371E+000  -1.6325E-014   1.6582E-001   7.7762E-014  -4.3731E-003  -7.6764E-014   1.5177E-002   8.1024E-002   2.6311E-002  -2.4892E-014  -1.2261E-004   1.9232E-014   2.0966E-002   8.7706E-014  -3.2604E-003  -7.0334E-014  -3.0942E-005   6.8943E-014  -2.2450E-002   8.3979E-003   6.4616E-002  
-1.1298E+001  -1.3261E+000  -4.4115E-001  -2.9302E+000   1.0662E-001   1.4249E-001  -1.0916E-003  -3.2666E-003   1.4693E-002   1.0202E-002   7.8598E-002   2.3043E-002   1.7262E-002  -4.9419E-005  -1.3942E-004   2.0483E-002   6.8078E-003  -2.1829E-003  -3.1287E-003  -8.6255E-006  -3.4698E-005  -2.1982E-002   9.1027E-003   6.6840E-002  
-1.1089E+001  -1.2879E+000  -8.5944E-001  -2.9119E+000   1.9135E-001   7.9516E-002   1.4810E-004   2.2725E-004   2.6574E-002  -5.2420E-003   7.0972E-002   1.3699E-002   3.3003E-002   1.7815E-004  -1.8812E-004   1.9052E-002   1.2705E-002   1.0972E-003  -5.5973E-003   4.4870E-005  -1.8288E-005  -2.0585E-002   1.1213E-002   7.9355E-002  
-1.0764E+001  -1.2220E+000  -1.2220E+000  -2.8901E+000   2.3130E-001  -3.0627E-012   6.4612E-003   6.4612E-003   3.2174E-002  -3.2174E-002   5.7355E-002   4.2093E-012   4.5500E-002   5.5144E-004  -1.1947E-011   1.6707E-002   1.6707E-002   6.6967E-003  -6.6967E-003   8.5654E-005   8.5654E-005  -1.8216E-002   1.4595E-002   9.8693E-002  
-1.0353E+001  -1.1246E+000  -1.4987E+000  -2.8769E+000   2.0613E-001  -6.0014E-002   2.1435E-002   1.6079E-002   2.7338E-002  -7.2542E-002   3.6160E-002  -1.5443E-002   5.3073E-002   1.1355E-003   7.0249E-004   1.3385E-002   1.7863E-002   1.5025E-002  -5.6569E-003   3.7342E-005   4.1379E-004  -1.5064E-002   1.8878E-002   1.1523E-001  
-9.8940E+000  -9.9003E-001  -1.6508E+000  -2.8903E+000   9.4655E-002  -5.0509E-002   4.9187E-002   2.9482E-002   6.4044E-003  -1.2822E-001   3.9702E-003  -2.7961E-002   5.2440E-002   2.1232E-003   3.1545E-003   7.7607E-003   1.2994E-002   2.7785E-002  -1.3709E-003  -6.9260E-004   1.4396E-003  -1.2995E-002   2.2172E-002   1.0505E-001  
-9.4363E+000  -8.1432E-001  -1.6288E+000  -2.9519E+000  -1.2033E-001   9.0294E-002   9.4302E-002   4.7135E-002  -3.6518E-002  -2.0051E-001  -4.2785E-002  -3.0052E-002   4.0105E-002   2.6187E-003   8.8150E-003  -8.3569E-004  -1.5540E-003   4.6004E-002   8.3691E-003  -2.6855E-003   2.5340E-003  -1.3301E-002   2.4076E-002   1.1762E-001  
-9.0232E+000  -5.9192E-001  -1.3810E+000  -3.0892E+000  -4.5804E-001   4.3621E-001   1.5936E-001   6.8312E-002  -1.0775E-001  -2.8978E-001  -1.0965E-001  -1.0745E-002   1.1300E-002   1.0021E-003   2.0188E-002  -1.2754E-002  -2.9604E-002   7.0973E-002   2.6441E-002  -5.9940E-003   2.8923E-003  -1.4746E-002   2.6141E-002   1.4420E-001  
-8.9398E+000  -6.8341E-001   1.1972E+000  -3.2681E+000   9.1469E-001   5.4019E-001  -1.1807E-001   6.7702E-002   3.8437E-003  -3.2164E-001  -1.8176E-001   2.9224E-002   4.9040E-002   2.1046E-002  -3.8780E-002  -4.2525E-002   7.4468E-002   1.0084E-001  -1.5486E-003  -4.7295E-003  -7.4779E-003  -1.8346E-002   2.1026E-002   1.2332E-001  
-9.1964E+000  -9.2695E-001   1.3912E+000  -3.0154E+000   3.5429E-001   1.4784E-001  -1.1896E-001   7.9245E-002  -4.9768E-002  -2.5560E-001  -7.6355E-002  -1.4116E-002  -3.3785E-002   9.1844E-003  -9.2681E-003  -8.8793E-003   1.3216E-002   5.9185E-002   1.1533E-002  -9.1600E-004  -4.3109E-003  -1.4074E-002   2.5057E-002   1.2460E-001  
-9.5910E+000  -1.1726E+000   1.4671E+000  -2.9239E+000   3.9741E-002   8.9600E-003  -6.7584E-002   5.3990E-002  -7.6231E-002  -1.5704E-001  -2.4856E-002  -1.2214E-002  -5.3950E-002   6.3269E-003  -3.0134E-003   3.2504E-003  -4.1193E-003   3.5406E-002   1.7221E-002   6.6909E-004  -2.8938E-003  -1.3035E-002   2.3480E-002   1.1504E-001  
-9.9916E+000  -1.3613E+000   1.3613E+000  -2.8844E+000  -1.3998E-001   8.4573E-012  -3.5031E-002   3.5031E-002  -8.1894E-002  -8.1894E-002   1.1628E-002   1.0247E-011  -5.9232E-002   3.1619E-003   2.6851E-012   1.2084E-002  -1.2084E-002   1.7627E-002   1.7627E-002   9.3309E-004  -9.3309E-004  -1.3426E-002   2.1492E-002   1.0786E-001  
-1.0353E+001  -1.4987E+000   1.1246E+000  -2.8769E+000  -2.0613E-001   6.0014E-002  -1.6079E-002   2.1435E-002  -7.2542E-002  -2.7338E-002   3.6160E-002   1.5443E-002  -5.3073E-002   1.1355E-003   7.0249E-004   1.7863E-002  -1.3385E-002   5.6569E-003   1.5025E-002   4.1379E-004  -3.7342E-005  -1.5064E-002   1.8878E-002   1.1523E-001  
-1.0641E+001  -1.5924E+000   7.9733E-001  -2.8843E+000  -1.8617E-001   1.3927E-001  -6.0731E-003   1.2137E-002  -5.3062E-002   9.5452E-003   5.1577E-002   2.9183E-002  -3.9062E-002   1.9621E-004   6.9609E-004   2.1053E-002  -1.0530E-002  -1.9969E-003   1.1007E-002   9.3874E-005   1.2470E-004  -1.7271E-002   1.5887E-002   1.0631E-001  
-1.0828E+001  -1.6469E+000   4.1109E-001  -2.8937E+000  -1.0755E-001   2.0196E-001  -1.7023E-003   6.8440E-003  -2.7745E-002   3.0747E-002   6.0241E-002   3.8508E-002  -2.0529E-002  -2.7601E-004   4.0820E-004   2.2908E-002  -5.7017E-003  -6.4398E-003   5.7897E-003  -5.9432E-005   1.1559E-004  -1.8697E-002   1.3888E-002   9.6201E-002  
-1.0891E+001  -1.6646E+000  -2.1688E-014  -2.8976E+000  -3.9476E-015   2.2518E-001  -5.3178E-014   5.1590E-003   4.4683E-014   3.7576E-002   6.2992E-002   4.1773E-002   2.0491E-014  -4.2691E-004  -1.5690E-014   2.3533E-002  -5.5964E-014  -7.8898E-003   5.5671E-014  -1.1220E-004  -4.2856E-014  -1.9167E-002   1.3212E-002   9.5409E-002  
-1.0828E+001  -1.6469E+000  -4.1109E-001  -2.8937E+000   1.0755E-001   2.0196E-001   1.7023E-003   6.8440E-003   2.7745E-002   3.0747E-002   6.0241E-002   3.8508E-002   2.0529E-002  -2.7601E-004  -4.0820E-004   2.2908E-002   5.7017E-003  -6.4398E-003  -5.7897E-003  -5.9432E-005  -1.1559E-004  -1.8697E-002   1.3888E-002   9.6201E-002  
-1.0641E+001  -1.5924E+000  -7.9733E-001  -2.8843E+000   1.8617E-001   1.3927E-001   6.0731E-003   1.2137E-002   5.3062E-002   9.5452E-003   5.1577E-002   2.9183E-002   3.9062E-002   1.9621E-004  -6.9609E-004   2.1053E-002   1.0530E-002  -1.9969E-003  -1.1007E-002   9.3874E-005  -1.2470E-004  -1.7271E-002   1.5887E-002   1.0631E-001  
-1.0353E+001  -1.4987E+000  -1.1246E+000  -2.8769E+000   2.0613E-001   6.0014E-002   1.6079E-002   2.1435E-002   7.2542E-002  -2.7338E-002   3.6160E-002   1.5443E-002   5.3073E-002   1.1355E-003  -7.0249E-004   1.7863E-002   1.3385E-002   5.6569E-003  -1.5025E-002   4.1379E-004   3.7342E-005  -1.5064E-002   1.8878E-002   1.1523E-001  
-9.9916E+000  -1.3613E+000  -1.3613E+000  -2.8844E+000   1.3998E-001   8.4266E-012   3.5031E-002   3.5031E-002   8.1894E-002  -8.1894E-002   1.1628E-002   1.0246E-011   5.9232E-002   3.1619E-003  -2.6565E-012   1.2084E-002   1.2084E-002   1.7627E-002  -1.7627E-002   9.3309E-004   9.3309E-004  -1.3426E-002   2.1492E-002   1.0786E-001  
-9.5910E+000  -1.1726E+000  -1.4671E+000  -2.9239E+000  -3.9741E-002   8.9600E-003   6.7584E-002   5.3990E-002   7.6231E-002  -1.5704E-001  -2.4856E-002  -1.2214E-002   5.3950E-002   6.3269E-003   3.0134E-003   3.2504E-003   4.1193E-003   3.5406E-002  -1.7221E-002   6.6909E-004   2.8938E-003  -1.3035E-002   2.3480E-002   1.1504E-001  
-9.1964E+000  -9.2695E-001  -1.3912E+000  -3.0154E+000  -3.5429E-001   1.4784E-001   1.1896E-001   7.9245E-002   4.9768E-002  -2.5560E-001  -7.6355E-002  -1.4116E-002   3.3785E-002   9.1844E-003   9.2681E-003  -8.8793E-003  -1.3216E-002   5.9185E-002  -1.1533E-002  -9.1600E-004   4.3109E-003  -1.4074E-002   2.5057E-002   1.2460E-001  
-8.9398E+000  -6.8341E-001  -1.1972E+000  -3.2681E+000  -9.1469E-001   5.4019E-001   1.1807E-001   6.7702E-002  -3.8437E-003  -3.2164E-001  -1.8176E-001   2.9224E-002  -4.9040E-002   2.1046E-002   3.8780E-002  -4.2525E-002  -7.4468E-002   1.0084E-001   1.5486E-003  -4.7295E-003   7.4779E-003  -1.8346E-002   2.1026E-002   1.2332E-001  
-9.5910E+000  -1.4671E+000   1.1726E+000  -2.9239E+000   3.9741E-002  -8.9600E-003  -5.3990E-002   6.7584E-002  -1.5704E-001  -7.6231E-002  -2.4856E-002   1.2214E-002  -5.3950E-002   6.3269E-003   3.0134E-003   4.1193E-003  -3.2504E-003   1.7221E-002   3.5406E-002   2.8938E-003  -6.6909E-004  -1.3035E-002   2.3480E-002   1.1504E-001  
-9.8940E+000  -1.6508E+000   9.9003E-001  -2.8903E+000  -9.4655E-002   5.0509E-002  -2.9482E-002   4.9187E-002  -1.2822E-001  -6.4044E-003   3.9702E-003   2.7961E-002  -5.2440E-002   2.1232E-003   3.1545E-003   1.2994E-002  -7.7607E-003   1.3709E-003   2.7785E-002   1.4396E-003   6.9260E-004  -1.2995E-002   2.2172E-002   1.0505E-001  
-1.0138E+001  -1.7768E+000   7.1106E-001  -2.8788E+000  -1.2304E-001   1.2907E-001  -1.4581E-002   3.6477E-002  -8.9889E-002   4.1103E-002   2.2328E-002   4.2090E-002  -4.0164E-002  -1.0012E-004   2.4004E-003   1.8282E-002  -7.2871E-003  -8.7500E-003   1.9155E-002   3.2161E-004   9.8076E-004  -1.3978E-002   2.0475E-002   1.1164E-001  
-1.0296E+001  -1.8503E+000   3.6916E-001  -2.8768E+000  -7.9522E-002   1.9133E-001  -5.8218E-003   2.9246E-002  -4.6084E-002   6.8725E-002   3.2743E-002   5.1840E-002  -2.1563E-002  -1.1000E-003   1.1499E-003   2.1341E-002  -4.2236E-003  -1.4366E-002   9.6358E-003  -3.2145E-004   5.2118E-004  -1.4740E-002   1.9289E-002   1.1538E-001  
-1.0351E+001  -1.8743E+000  -9.9865E-014  -2.8770E+000   5.6044E-015   2.1439E-001  -6.9503E-014   2.6905E-002   3.5081E-014   7.7670E-002   3.6036E-002   5.5241E-002   2.0586E-014  -1.3333E-003  -4.4837E-014   2.2302E-002  -6.7197E-014  -1.6153E-002   8.0674E-014  -4.2327E-004  -4.8530E-014  -1.5078E-002   1.8841E-002   1.1652E-001  
-1.0296E+001  -1.8503E+000  -3.6916E-001  -2.8768E+000   7.9522E-002   1.9133E-001   5.8218E-003   2.9246E-002   4.6084E-002   6.8725E-002   3.2743E-002   5.1840E-002   2.1563E-002  -1.1000E-003  -1.1499E-003   2.1341E-002   4.2236E-003  -1.4366E-002  -9.6358E-003  -3.2145E-004  -5.2118E-004  -1.4740E-002   1.9289E-002   1.1538E-001  
-1.0138E+001  -1.7768E+000  -7.1106E-001  -2.8788E+000   1.2304E-001   1.2907E-001   1.4581E-002   3.6477E-002   8.9889E-002   4.1103E-002   2.2328E-002   4.2090E-002   4.0164E-002  -1.0012E-004  -2.4004E-003   1.8282E-002   7.2871E-003  -8.7500E-003  -1.9155E-002   3.2161E-004  -9.8076E-004  -1.3978E-002   2.0475E-002   1.1164E-001  
-9.8940E+000  -1.6508E+000  -9.9003E-001  -2.8903E+000   9.4655E-002   5.0509E-002   2.9482E-002   4.9187E-002   1.2822E-001  -6.4044E-003   3.9702E-003   2.7961E-002   5.2440E-002   2.1232E-003  -3.1545E-003   1.2994E-002   7.7607E-003   1.3709E-003  -2.7785E-002   1.4396E-003  -6.9260E-004  -1.2995E-002   2.2172E-002   1.0505E-001  
-9.5910E+000  -1.4671E+000  -1.1726E+000  -2.9239E+000  -3.9741E-002  -8.9600E-003   5.3990E-002   6.7584E-002   1.5704E-001  -7.6231E-002  -2.4856E-002   1.2214E-002   5.3950E-002   6.3269E-003  -3.0134E-003   4.1193E-003   3.2504E-003   1.7221E-002  -3.5406E-002   2.8938E-003   6.6909E-004  -1.3035E-002   2.3480E-002   1.1504E-001  
-9.1964E+000  -1.3912E+000   9.2695E-001  -3.0154E+000   3.5429E-001  -1.4784E-001  -7.9245E-002   1.1896E-001  -2.5560E-001  -4.9768E-002  -7.6355E-002   1.4116E-002  -3.3785E-002   9.1844E-003   9.2681E-003  -1.3216E-002   8.8793E-003   1.1533E-002   5.9185E-002   4.3109E-003   9.1600E-004  -1.4074E-002   2.5057E-002   1.2460E-001  
-9.4363E+000  -1.6288E+000   8.1432E-001  -2.9519E+000   1.2033E-001  -9.0294E-002  -4.7135E-002   9.4302E-002  -2.0051E-001   3.6518E-002  -4.2785E-002   3.0052E-002  -4.0105E-002   2.6187E-003   8.8150E-003  -1.5540E-003   8.3569E-004  -8.3691E-003   4.6004E-002   2.5340E-003   2.6855E-003  -1.3301E-002   2.4076E-002   1.1762E-001  
-9.6314E+000  -1.7918E+000   5.9776E-001  -2.9178E+000   9.7591E-003  -1.3046E-002  -2.5978E-002   7.7893E-002  -1.3795E-001   9.5369E-002  -2.0489E-002   4.5039E-002  -3.3876E-002  -1.7640E-003   6.1890E-003   6.6242E-003  -2.1687E-003  -2.1361E-002   3.0896E-002   1.2798E-004   2.7532E-003  -1.2888E-002   2.3356E-002   1.1248E-001  
-9.7593E+000  -1.8874E+000   3.1390E-001  -2.9020E+000  -1.6539E-002   4.8294E-002  -1.1364E-002   6.8443E-002  -7.0005E-002   1.2987E-001  -7.7691E-003   5.5449E-002  -1.8998E-002  -3.8424E-003   3.0142E-003   1.1454E-002  -1.8629E-003  -2.8497E-002   1.5346E-002  -1.3779E-003   1.5032E-003  -1.2752E-002   2.2896E-002   1.0656E-001  
-9.8034E+000  -1.9186E+000   3.8779E-016  -2.8976E+000  -1.9246E-015   7.1012E-002   4.7081E-014   6.5348E-002  -4.4020E-014   1.4107E-001  -3.7226E-003   5.9074E-002  -5.8381E-015  -4.4121E-003   1.9782E-014   1.2964E-002   6.6323E-014  -3.0763E-002  -5.2793E-014  -1.8122E-003   5.4243E-014  -1.2740E-002   2.2713E-002   1.0432E-001  
-9.7593E+000  -1.8874E+000  -3.1390E-001  -2.9020E+000   1.6539E-002   4.8294E-002   1.1364E-002   6.8443E-002   7.0005E-002   1.2987E-001  -7.7691E-003   5.5449E-002   1.8998E-002  -3.8424E-003  -3.0142E-003   1.1454E-002   1.8629E-003  -2.8497E-002  -1.5346E-002  -1.3779E-003  -1.5032E-003  -1.2752E-002   2.2896E-002   1.0656E-001  
-9.6314E+000  -1.7918E+000  -5.9776E-001  -2.9178E+000  -9.7591E-003  -1.3046E-002   2.5978E-002   7.7893E-002   1.3795E-001   9.5369E-002  -2.0489E-002   4.5039E-002   3.3876E-002  -1.7640E-003  -6.1890E-003   6.6242E-003   2.1687E-003  -2.1361E-002  -3.0896E-002   1.2798E-004  -2.7532E-003  -1.2888E-002   2.3356E-002   1.1248E-001  
-9.4363E+000  -1.6288E+000  -8.1432E-001  -2.9519E+000  -1.2033E-001  -9.0294E-002   4.7135E-002   9.4302E-002   2.0051E-001   3.6518E-002  -4.2785E-002   3.0052E-002   4.0105E-002   2.6187E-003  -8.8150E-003  -1.5540E-003  -8.3569E-004  -8.3691E-003  -4.6004E-002   2.5340E-003  -2.6855E-003  -1.3301E-002   2.4076E-002   1.1762E-001  
-9.1964E+000  -1.3912E+000  -9.2695E-001  -3.0154E+000  -3.5429E-001  -1.4784E-001   7.9245E-002   1.1896E-001   2.5560E-001  -4.9768E-002  -7.6355E-002   1.4116E-002   3.3785E-002   9.1844E-003  -9.2681E-003  -1.3216E-002  -8.8793E-003   1.1533E-002  -5.9185E-002   4.3109E-003  -9.1600E-004  -1.4074E-002   2.5057E-002   1.2460E-001  
-8.9398E+000  -1.1972E+000   6.8341E-001  -3.2681E+000   9.1469E-001  -5.4019E-001  -6.7702E-002   1.1807E-001  -3.2164E-001   3.8437E-003  -1.8176E-001  -2.9224E-002   4.9040E-002   2.1046E-002   3.8780E-002  -7.4468E-002   4.2525E-002  -1.5486E-003   1.0084E-001   7.4779E-003   4.7295E-003  -1.8346E-002   2.1026E-002   1.2332E-001  
-9.0232E+000  -1.3810E+000   5.9192E-001  -3.0892E+000   4.5804E-001  -4.3621E-001  -6.8312E-002   1.5936E-001  -2.8978E-001   1.0775E-001  -1.0965E-001   1.0745E-002  -1.1300E-002   1.0021E-003   2.0188E-002  -2.9604E-002   1.2754E-002  -2.6441E-002   7.0973E-002   2.8923E-003   5.9940E-003  -1.4746E-002   2.6141E-002   1.4420E-001  
-9.1648E+000  -1.5817E+000   4.5240E-001  -3.0259E+000   2.2304E-001  -3.5802E-001  -4.0907E-002   1.4312E-001  -1.9960E-001   1.8050E-001  -8.1287E-002   2.9057E-002  -1.8109E-002  -5.9540E-003   1.2263E-002  -1.7317E-002   4.9951E-003  -4.1828E-002   4.6279E-002  -7.8947E-004   4.4206E-003  -1.4067E-002   2.5212E-002   1.2556E-001  
-9.2614E+000  -1.7037E+000   2.4293E-001  -2.9953E+000   8.7050E-002  -2.9908E-001  -1.8546E-002   1.3024E-001  -1.0033E-001   2.2178E-001  -6.6334E-002   3.9402E-002  -1.1474E-002  -1.0009E-002   6.4143E-003  -1.1503E-002   1.6860E-003  -5.1348E-002   2.3232E-002  -3.2096E-003   2.7824E-003  -1.3757E-002   2.4767E-002   1.2261E-001  
-9.2949E+000  -1.7435E+000  -3.8132E-014  -2.9859E+000  -1.0195E-015  -2.7716E-001   1.5818E-014   1.2607E-001   4.8126E-015   2.3521E-001  -6.1517E-002   4.3024E-002   4.0545E-015  -1.1289E-002   3.8478E-015  -9.6290E-003   2.3732E-014  -5.4410E-002  -3.5800E-015  -4.1126E-003   5.1228E-015  -1.3710E-002   2.4585E-002   1.2199E-001  
-9.2614E+000  -1.7037E+000  -2.4293E-001  -2.9953E+000  -8.7050E-002  -2.9908E-001   1.8546E-002   1.3024E-001   1.0033E-001   2.2178E-001  -6.6334E-002   3.9402E-002   1.1474E-002  -1.0009E-002  -6.4143E-003  -1.1503E-002  -1.6860E-003  -5.1348E-002  -2.3232E-002  -3.2096E-003  -2.7824E-003  -1.3757E-002   2.4767E-002   1.2261E-001  
-9.1648E+000  -1.5817E+000  -4.5240E-001  -3.0259E+000  -2.2304E-001  -3.5802E-001   4.0907E-002   1.4312E-001   1.9960E-001   1.8050E-001  -8.1287E-002   2.9057E-002   1.8109E-002  -5.9540E-003  -1.2263E-002  -1.7317E-002  -4.9951E-003  -4.1828E-002  -4.6279E-002  -7.8947E-004  -4.4206E-003  -1.4067E-002   2.5212E-002   1.2556E-001  
-9.0232E+000  -1.3810E+000  -5.9192E-001  -3.0892E+000  -4.5804E-001  -4.3621E-001   6.8312E-002   1.5936E-001   2.8978E-001   1.0775E-001  -1.0965E-001   1.0745E-002   1.1300E-002   1.0021E-003  -2.0188E-002  -2.9604E-002  -1.2754E-002  -2.6441E-002  -7.0973E-002   2.8923E-003  -5.9940E-003  -1.4746E-002   2.6141E-002   1.4420E-001  
-8.9398E+000  -1.1972E+000  -6.8341E-001  -3.2681E+000  -9.1469E-001  -5.4019E-001   6.7702E-002   1.1807E-001   3.2164E-001   3.8437E-003  -1.8176E-001  -2.9224E-002  -4.9040E-002   2.1046E-002  -3.8780E-002  -7.4468E-002  -4.2525E-002  -1.5486E-003  -1.0084E-001   7.4779E-003  -4.7295E-003  -1.8346E-002   2.1026E-002   1.2332E-001  
