-1.3303E-001  -4.7844E-001  -3.8858E-016   4.7291E-002  -5.4289E-016   5.4397E-004   7.5634E-016  -1.2473E-001  -9.5250E-016  -1.0215E-009   8.0538E-002   2.1928E-005  -2.2682E-016  -6.5077E-006   1.0936E-016  -2.9198E-003   1.0894E-015   1.0056E-007  -1.0070E-015   8.0099E-008   2.8070E-016  -2.6467E-002   2.5493E-003   9.0620E-003  
 3.2036E+000  -1.1984E+000   6.9238E-015   9.3561E-001   8.8150E-016   1.4394E-001   1.0872E-014  -1.1990E-001  -5.5632E-015   2.3348E-003   8.4807E-002   1.2890E-002  -1.4468E-015  -1.0059E-005   5.7052E-015   1.0273E-002   1.6353E-014  -4.8861E-004  -7.0256E-015  -5.9657E-006   1.0774E-014  -2.4964E-002   4.0469E-003   3.1493E-002  
 1.6417E+000  -8.4217E-001  -6.3052E-001   5.0540E-001   1.2414E-001   1.3423E-002   2.3179E-003  -1.2328E-001   7.3582E-005  -2.3142E-003   7.9976E-002  -1.9247E-003   1.1144E-002  -9.8873E-006   7.2825E-006   3.6568E-003   1.1368E-002   4.8865E-004   1.3711E-005  -2.9046E-006  -3.5817E-006  -2.5064E-002   4.0213E-003   2.9820E-002  
-1.4820E+000  -1.0618E-001  -6.4413E-001  -3.5500E-001   2.2398E-002  -7.1072E-002  -1.2311E-003  -1.2389E-001  -8.9164E-005   2.2192E-003   7.0311E-002  -6.3957E-003  -3.3618E-003   2.4940E-006  -7.2734E-006  -9.4185E-003   1.1279E-002  -5.0111E-004  -8.3581E-006   3.1628E-006  -3.5790E-006  -2.5266E-002   3.9636E-003   2.9484E-002  
-3.0439E+000   2.7360E-001  -1.1548E-007  -7.8521E-001  -4.9779E-009  -2.5381E-002  -4.7025E-010  -1.2112E-001   9.7000E-010  -2.1444E-003   6.5478E-002   3.8839E-003  -1.8633E-009  -2.2184E-005  -9.8491E-013  -1.5880E-002   1.9782E-009   5.1464E-004  -2.1756E-010   6.3393E-006   5.5311E-011  -2.5368E-002   3.9328E-003   3.0846E-002  
-1.4820E+000  -1.0618E-001   6.4413E-001  -3.5500E-001  -2.2398E-002  -7.1072E-002   1.2311E-003  -1.2389E-001   8.9162E-005   2.2192E-003   7.0311E-002  -6.3957E-003   3.3618E-003   2.4939E-006   7.2733E-006  -9.4185E-003  -1.1279E-002  -5.0111E-004   8.3584E-006   3.1627E-006   3.5790E-006  -2.5266E-002   3.9636E-003   2.9484E-002  
 1.6417E+000  -8.4217E-001   6.3052E-001   5.0540E-001  -1.2414E-001   1.3423E-002  -2.3179E-003  -1.2328E-001  -7.3580E-005  -2.3142E-003   7.9976E-002  -1.9247E-003  -1.1144E-002  -9.8873E-006  -7.2825E-006   3.6568E-003  -1.1368E-002   4.8865E-004  -1.3712E-005  -2.9046E-006   3.5817E-006  -2.5064E-002   4.0213E-003   2.9820E-002  
 7.7709E+000  -1.8840E+000  -1.9529E-014   2.0656E+000  -1.8511E-016   3.9602E-001  -4.2566E-014  -8.9551E-002   3.2589E-014   2.6875E-002   7.2694E-002   4.5661E-002   1.1580E-014  -1.9348E-004  -2.8629E-014   2.0946E-002  -4.4009E-014  -5.5131E-003   4.7402E-014  -6.8102E-005  -3.4819E-014  -1.9826E-002   1.1286E-002   8.2952E-002  
 4.3041E+000  -1.1998E+000  -1.2523E+000   1.1105E+000   3.4200E-001  -1.0119E-002   2.1182E-002  -1.1190E-001   4.2068E-004  -2.6669E-002   6.1915E-002  -1.2727E-002   3.9455E-002   5.0689E-005   2.2361E-004   8.9112E-003   2.0388E-002   5.5229E-003   5.9544E-005  -3.1495E-005   3.6192E-005  -2.0063E-002   1.1190E-002   7.9222E-002  
-2.6288E+000   2.8524E-001  -1.3196E+000  -7.9951E-001  -1.7450E-002  -1.9630E-001   3.6241E-003  -1.2618E-001  -4.6303E-004   2.6133E-002   4.0355E-002  -2.2617E-002  -2.1910E-002   1.8236E-004  -2.2369E-004  -1.4359E-002   1.9944E-002  -5.5839E-003  -4.9573E-005   3.2239E-005   3.5572E-005  -2.0520E-002   1.0943E-002   7.8197E-002  
-6.0955E+000   1.0861E+000  -2.4024E-007  -1.7546E+000  -3.4666E-008   2.0065E-002  -9.6428E-010  -1.1811E-001   1.1970E-008  -2.5802E-002   2.9570E-002   2.5165E-002  -9.3131E-009  -3.2456E-004   2.6000E-010  -2.5625E-002   3.5364E-009   5.6365E-003  -2.6518E-009   6.8076E-005  -4.2068E-011  -2.0741E-002   1.0797E-002   8.0950E-002  
-2.6288E+000   2.8524E-001   1.3196E+000  -7.9951E-001   1.7450E-002  -1.9630E-001  -3.6241E-003  -1.2618E-001   4.6300E-004   2.6133E-002   4.0355E-002  -2.2617E-002   2.1910E-002   1.8236E-004   2.2369E-004  -1.4359E-002  -1.9944E-002  -5.5839E-003   4.9579E-005   3.2239E-005  -3.5572E-005  -2.0520E-002   1.0943E-002   7.8197E-002  
 4.3041E+000  -1.1998E+000   1.2523E+000   1.1105E+000  -3.4200E-001  -1.0119E-002  -2.1182E-002  -1.1190E-001  -4.2066E-004  -2.6669E-002   6.1915E-002  -1.2727E-002  -3.9455E-002   5.0688E-005  -2.2361E-004   8.9112E-003  -2.0388E-002   5.5229E-003  -5.9549E-005  -3.1495E-005  -3.6192E-005  -2.0063E-002   1.1190E-002   7.9222E-002  
 1.1940E+001  -2.1296E+000   5.7662E-014   3.0044E+000  -6.5577E-015   4.7439E-001   2.1553E-014  -2.3161E-002  -2.7920E-014   9.2776E-002   3.8739E-002   7.3306E-002  -3.6189E-015  -1.8041E-003   4.0512E-015   1.9650E-002  -8.5962E-015  -1.9237E-002  -2.3860E-014  -8.3082E-004   1.5264E-014  -1.3271E-002   2.0318E-002   1.1339E-001  
 6.8386E+000  -1.3444E+000  -1.5067E+000   1.5985E+000   4.0876E-001   3.7460E-002   6.7628E-002  -8.4308E-002   1.0503E-003  -9.2141E-002   2.2700E-002  -2.1552E-002   6.3176E-002   8.2064E-004   1.7762E-003   8.1286E-003   1.8881E-002   1.9286E-002   1.2790E-004  -4.1861E-004   7.1534E-004  -1.3667E-002   2.0102E-002   1.1288E-001  
-3.3617E+000   4.8020E-001  -1.6534E+000  -1.2125E+000   6.7197E-002  -2.3356E-001   2.9396E-002  -1.4027E-001  -1.1181E-003   9.0771E-002  -9.2325E-003  -3.6042E-002  -3.6772E-002   1.2238E-003  -1.7721E-003  -1.3092E-002   1.7907E-002  -1.9401E-002  -9.1080E-005   4.2166E-004   7.0515E-004  -1.4367E-002   1.9700E-002   1.1155E-001  
-8.4628E+000   1.5197E+000  -3.0612E-007  -2.6184E+000  -1.7629E-008  -7.8982E-002   1.8879E-009  -1.3518E-001   4.1915E-008  -9.0036E-002  -2.5139E-002   4.2067E-002  -1.5455E-008  -2.2022E-003   1.0214E-009  -2.2927E-002   3.2945E-009   1.9469E-002  -8.6881E-009   8.1693E-004  -3.7992E-010  -1.4670E-002   1.9518E-002   1.1072E-001  
-3.3617E+000   4.8020E-001   1.6534E+000  -1.2125E+000  -6.7197E-002  -2.3356E-001  -2.9396E-002  -1.4027E-001   1.1181E-003   9.0771E-002  -9.2325E-003  -3.6042E-002   3.6772E-002   1.2238E-003   1.7721E-003  -1.3092E-002  -1.7907E-002  -1.9401E-002   9.1097E-005   4.2166E-004  -7.0515E-004  -1.4367E-002   1.9700E-002   1.1155E-001  
 6.8386E+000  -1.3444E+000   1.5067E+000   1.5985E+000  -4.0876E-001   3.7460E-002  -6.7628E-002  -8.4308E-002  -1.0502E-003  -9.2141E-002   2.2700E-002  -2.1552E-002  -6.3176E-002   8.2064E-004  -1.7762E-003   8.1286E-003  -1.8881E-002   1.9286E-002  -1.2791E-004  -4.1861E-004  -7.1534E-004  -1.3667E-002   2.0102E-002   1.1288E-001  
 1.5089E+001  -1.9685E+000   1.1930E-013   3.6290E+000   4.6563E-015   2.6836E-001   1.2057E-013   6.6168E-002  -9.4129E-014   1.8853E-001  -1.2176E-002   7.4004E-002  -2.3717E-014  -7.4820E-003   8.0774E-014   2.4166E-003   1.2469E-013  -4.2190E-002  -1.3547E-013  -3.2962E-003   1.2366E-013  -1.1839E-002   2.4207E-002   1.1595E-001  
 8.7561E+000  -1.2859E+000  -1.4098E+000   1.8833E+000   2.2908E-001   2.0461E-001   1.3386E-001  -4.5299E-002   1.7295E-003  -1.8739E-001  -3.2106E-002  -1.8085E-002   6.3529E-002   3.6243E-003   6.7842E-003  -6.0735E-004   3.7604E-003   4.2163E-002   1.0733E-004  -1.6415E-003   2.8968E-003  -1.2253E-002   2.4015E-002   1.1776E-001  
-3.9052E+000   4.7352E-001  -1.6374E+000  -1.6069E+000   3.5966E-001  -1.2818E-001   7.4643E-002  -1.6549E-001  -1.9564E-003   1.8501E-001  -7.1951E-002  -3.5999E-002  -3.0125E-002   4.3159E-003  -6.7610E-003  -3.9276E-003   2.3163E-003  -4.2269E-002  -1.6305E-004   1.6706E-003   2.8298E-003  -1.3084E-002   2.3534E-002   1.1509E-001  
-1.0238E+001   1.5504E+000  -3.0982E-007  -3.3528E+000   7.5713E-008  -4.1858E-001   8.7177E-009  -1.7436E-001   8.6578E-008  -1.8377E-001  -9.1889E-002   3.4060E-002  -1.4909E-008  -8.1342E-003   3.2973E-009  -4.4436E-003   1.1494E-009   4.2402E-002  -1.7734E-008   3.2075E-003  -1.3549E-009  -1.3507E-002   2.3243E-002   1.1308E-001  
-3.9052E+000   4.7352E-001   1.6374E+000  -1.6069E+000  -3.5966E-001  -1.2818E-001  -7.4643E-002  -1.6549E-001   1.9562E-003   1.8501E-001  -7.1951E-002  -3.5999E-002   3.0125E-002   4.3159E-003   6.7610E-003  -3.9276E-003  -2.3163E-003  -4.2269E-002   1.6308E-004   1.6706E-003  -2.8298E-003  -1.3084E-002   2.3534E-002   1.1509E-001  
 8.7561E+000  -1.2859E+000   1.4098E+000   1.8833E+000  -2.2908E-001   2.0461E-001  -1.3386E-001  -4.5299E-002  -1.7293E-003  -1.8739E-001  -3.2106E-002  -1.8085E-002  -6.3529E-002   3.6243E-003  -6.7842E-003  -6.0735E-004  -3.7604E-003   4.2163E-002  -1.0737E-004  -1.6415E-003  -2.8968E-003  -1.2253E-002   2.4015E-002   1.1776E-001  
 1.6879E+001  -1.6850E+000   6.5446E-014   3.9363E+000  -2.1912E-014  -2.1589E-002   1.1256E-013   1.3981E-001  -1.1168E-013   2.7031E-001  -5.5805E-002   5.8003E-002  -1.6120E-014  -1.3021E-002   4.8457E-014  -1.7383E-002   2.2305E-013  -6.1840E-002  -1.1550E-013  -4.5407E-003   1.3002E-013  -1.2818E-002   2.5637E-002   1.2378E-001  
 9.8302E+000  -1.1594E+000  -1.1938E+000   1.9929E+000  -2.2917E-002   3.8631E-001   1.8991E-001  -1.2329E-002   2.3123E-003  -2.6876E-001  -7.8061E-002  -7.7545E-003   4.9510E-002   6.3388E-003   1.1691E-002  -1.0560E-002  -1.3600E-002   6.1817E-002   1.4759E-004  -2.2152E-003   3.9152E-003  -1.3359E-002   2.5412E-002   1.3219E-001  
-4.2609E+000   3.8271E-001  -1.4769E+000  -1.8921E+000   6.7645E-001   1.8680E-002   1.1637E-001  -1.8902E-001  -2.4927E-003   2.6564E-001  -1.2251E-001  -2.7631E-002  -1.1970E-002   7.1894E-003  -1.1647E-002   6.2483E-003  -1.5301E-002  -6.1861E-002  -9.4497E-005   2.2842E-003   3.7847E-003  -1.4233E-002   2.4912E-002   1.2677E-001  
-1.1309E+001   1.3988E+000  -2.8538E-007  -3.8356E+000   1.8164E-007  -7.8591E-001   1.5822E-008  -2.1372E-001   1.2518E-007  -2.6408E-001  -1.4474E-001   1.2863E-002  -1.0363E-008  -1.3797E-002   5.9576E-009   1.6018E-002  -8.2046E-010   6.1929E-002  -2.5686E-008   4.3807E-003  -2.4130E-009  -1.4569E-002   2.4640E-002   1.2137E-001  
-4.2609E+000   3.8272E-001   1.4769E+000  -1.8921E+000  -6.7645E-001   1.8680E-002  -1.1637E-001  -1.8902E-001   2.4925E-003   2.6564E-001  -1.2251E-001  -2.7631E-002   1.1970E-002   7.1894E-003   1.1647E-002   6.2483E-003   1.5301E-002  -6.1861E-002   9.4549E-005   2.2842E-003  -3.7847E-003  -1.4233E-002   2.4912E-002   1.2677E-001  
 9.8302E+000  -1.1594E+000   1.1938E+000   1.9929E+000   2.2917E-002   3.8631E-001  -1.8991E-001  -1.2329E-002  -2.3121E-003  -2.6876E-001  -7.8061E-002  -7.7545E-003  -4.9510E-002   6.3388E-003  -1.1691E-002  -1.0560E-002   1.3600E-002   6.1817E-002  -1.4765E-004  -2.2152E-003  -3.9152E-003  -1.3359E-002   2.5412E-002   1.3219E-001  
 1.2498E+001  -1.4407E+000  -9.7006E-001   2.7660E+000  -6.6128E-002   2.5919E-001   1.5751E-001   3.5437E-002   1.7973E-001  -1.7717E-001  -5.9564E-002   1.4428E-002   5.5708E-002   1.2117E-002   2.9981E-004  -1.0409E-002  -7.7577E-003   4.0981E-002  -4.0838E-002   3.1316E-003   3.0651E-003  -1.2814E-002   2.5281E-002   1.2190E-001  
-7.0556E+000   8.1425E-001  -1.2844E+000  -2.6249E+000   5.9635E-001  -2.5813E-001   7.5806E-002  -1.9776E-001   1.7411E-001   1.7684E-001  -1.2123E-001  -1.4383E-002  -2.4478E-002   1.2648E-002   2.9788E-004   7.0178E-003  -9.6670E-003  -4.0895E-002  -4.1044E-002  -2.9911E-003   3.0573E-003  -1.4042E-002   2.4579E-002   1.1993E-001  
-7.0556E+000   8.1425E-001   1.2844E+000  -2.6249E+000  -5.9635E-001  -2.5813E-001  -7.5806E-002  -1.9776E-001  -1.7411E-001   1.7684E-001  -1.2123E-001  -1.4383E-002   2.4478E-002   1.2648E-002  -2.9788E-004   7.0178E-003   9.6670E-003  -4.0895E-002   4.1044E-002  -2.9911E-003  -3.0573E-003  -1.4042E-002   2.4579E-002   1.1993E-001  
 1.2498E+001  -1.4407E+000   9.7006E-001   2.7660E+000   6.6128E-002   2.5919E-001  -1.5751E-001   3.5437E-002  -1.7973E-001  -1.7717E-001  -5.9564E-002   1.4428E-002  -5.5708E-002   1.2117E-002  -2.9981E-004  -1.0409E-002   7.7577E-003   4.0981E-002   4.0838E-002   3.1316E-003  -3.0651E-003  -1.2814E-002   2.5281E-002   1.2190E-001  
