-1.5625E-001   4.4473E+000   3.5857E-003   4.2347E-002   7.9034E-003  -1.2084E-004   4.3175E-003  -2.2825E+000   4.5692E-003   7.6379E-003   8.0287E-002  -9.5849E-004   1.8013E-003   4.1973E-003   4.1150E-004   2.7681E-001  -1.0936E-003   1.6371E-002   2.9505E-003   8.2064E-004  -1.1701E-002  -2.5983E-002   1.4905E-001   7.2389E-001  
-1.6958E-001   3.5967E+000   5.3935E-003  -1.3856E-001   1.0713E-002  -1.9644E-001   4.3696E-003  -2.1827E+000   5.8204E-003   2.1919E-002   2.1204E-001   3.1176E-002   1.4414E-003   1.7157E-002  -1.3565E-004   2.3756E-001  -1.6160E-003   3.7970E-002   2.6152E-003   3.3442E-003  -1.1213E-002  -7.3156E-002   1.7419E-001   1.1425E+000  
-5.4411E-002   4.0235E+000  -6.6713E-001  -3.3835E-002  -1.6861E-001  -1.6068E-001   3.3888E-002  -2.2319E+000   1.0626E-002   4.0643E-004   1.4253E-001   1.2698E-002   3.2414E-002   7.2171E-003  -6.5302E-003   2.5592E-001  -4.5545E-003   5.5990E-003   2.2252E-002   1.1448E-003  -1.4144E-002  -4.8305E-002   1.7644E-001   1.0607E+000  
 1.7132E-001   4.7595E+000  -6.0101E-001   1.7537E-001  -2.7282E-001   1.0266E-001  -2.4322E-002  -2.2315E+000  -4.1515E-003   4.0480E-003   5.5778E-003  -2.1160E-002   1.7619E-002  -2.4294E-003  -5.6597E-003   2.4214E-001   2.6434E-002   4.6275E-003  -1.6993E-002  -2.0746E-004  -1.1142E-002  -5.4678E-004   1.7513E-001   1.0785E+000  
 2.8262E-001   5.0697E+000   2.2694E-003   2.7940E-001   5.3354E-003   3.1380E-001   3.8020E-003  -2.1827E+000   2.9747E-003   1.5514E-002  -6.1888E-002  -1.6077E-002   1.6200E-003  -8.5530E-003   7.6777E-004   2.1011E-001  -4.9844E-004   3.9796E-002   2.8769E-003   8.8910E-004  -1.1860E-002   2.3388E-002   1.7149E-001   1.1662E+000  
 1.6795E-001   4.7573E+000   6.0664E-001   1.7449E-001   2.8582E-001   1.0157E-001   3.1942E-002  -2.2323E+000   1.2085E-002   3.5517E-003   7.1960E-003  -2.2808E-002  -1.4471E-002   7.9753E-004   7.0262E-003   2.4318E-001  -2.7503E-002   3.6604E-003   2.2389E-002   3.4723E-004  -1.2019E-002  -1.0712E-003   1.7609E-001   1.0820E+000  
-5.8322E-002   4.0204E+000   6.7582E-001  -3.4236E-002   1.8693E-001  -1.6219E-001  -2.5727E-002  -2.2319E+000   1.0143E-004  -7.9229E-005   1.4433E-001   1.1070E-002  -2.9455E-002   1.0074E-002   6.9196E-003   2.5682E-001   2.5192E-003   4.0310E-003  -1.7176E-002   1.1590E-003  -8.2524E-003  -4.9522E-002   1.7747E-001   1.0515E+000  
 3.6574E-001   2.4058E+000   8.2601E-003  -3.2753E-001   1.4207E-002  -2.7100E-001   3.6678E-003  -1.8340E+000   6.6436E-003   7.5089E-002   2.7328E-001  -5.1713E-003   3.9656E-004   4.3333E-002  -1.0934E-003   1.2432E-001  -1.6978E-003   1.1957E-001   1.7154E-003   4.5253E-003  -1.0681E-002  -5.0889E-002   2.5951E-001   1.7505E+000  
 5.9505E-001   3.4293E+000  -1.4457E+000  -8.8046E-002  -2.6051E-001  -3.8538E-001   1.3831E-001  -2.0491E+000   2.8720E-002  -3.7111E-002   1.6012E-001   6.5251E-003   2.1971E-002  -7.4374E-004  -1.4715E-002   1.8808E-001  -2.5187E-002  -3.4362E-002   9.9156E-002   3.6027E-003  -1.5354E-002  -3.4677E-002   2.7760E-001   1.8338E+000  
 1.0417E+000   4.9134E+000  -1.1204E+000   3.9203E-001  -6.2461E-001   1.7884E-001  -1.0687E-001  -2.0607E+000  -2.4225E-002   1.4128E-002  -6.0424E-002  -4.0274E-002  -4.1157E-002   8.7895E-004  -1.2171E-002   1.6417E-001   6.6623E-002  -4.6700E-002  -9.5922E-002   9.3211E-004  -9.8048E-003  -5.6898E-003   2.7169E-001   1.8309E+000  
 1.2622E+000   5.3779E+000   1.3606E-003   6.2999E-001   2.8430E-003   6.8632E-001   2.8746E-003  -1.8606E+000   9.5045E-004   1.7782E-002  -1.7020E-001   7.5031E-002   8.4227E-004  -3.4406E-002   1.0912E-003   7.5991E-002   1.2007E-005   1.3275E-001   2.4212E-003  -7.1998E-004  -1.1223E-002   9.8377E-003   2.4767E-001   1.7417E+000  
 1.0350E+000   4.9097E+000   1.1244E+000   3.8972E-001   6.3433E-001   1.7696E-001   1.1186E-001  -2.0632E+000   3.1711E-002   1.2968E-002  -5.8890E-002  -4.3197E-002   4.2486E-002   7.8203E-003   1.4685E-002   1.6530E-001  -6.6313E-002  -4.7419E-002   9.9468E-002   2.6547E-003  -1.1603E-002  -5.2849E-003   2.7312E-001   1.8319E+000  
 5.8598E-001   3.4215E+000   1.4560E+000  -8.8334E-002   2.8129E-001  -3.8931E-001  -1.3228E-001  -2.0481E+000  -1.5608E-002  -3.8274E-002   1.6258E-001   3.8784E-003  -2.0398E-002   4.3617E-003   1.4842E-002   1.8905E-001   2.5270E-002  -3.7714E-002  -9.6318E-002   2.6388E-003  -3.8969E-003  -3.5475E-002   2.7851E-001   1.8270E+000  
 2.1941E+000  -1.2991E+000   1.1425E-002  -5.0088E-001   1.6962E-002  -3.3665E-001   2.6585E-003  -1.4537E+000   6.6426E-003   1.3723E-001   1.9789E-001  -1.1605E-001  -5.0806E-004   9.1907E-002  -2.0279E-003   1.0518E-001  -1.4055E-003   2.1287E-001   1.0142E-003  -1.5932E-002  -1.0686E-002   9.0942E-003   3.3906E-001   2.2753E+000  
 1.4356E+000   2.9506E+000  -1.9271E+000  -1.5532E-001  -3.7355E-001  -4.9786E-001   2.6253E-001  -1.8439E+000   3.9774E-002  -1.0006E-001   9.8767E-002  -8.5960E-003  -3.9413E-002  -3.2266E-002  -2.1994E-002   1.6754E-001  -2.4154E-002  -7.6866E-002   1.9087E-001   1.3368E-002   1.4100E-003  -2.1640E-003   3.7324E-001   2.3978E+000  
 2.0057E+000   4.7722E+000  -1.2274E+000   5.3636E-001  -7.2021E-001   3.0124E-001  -1.6080E-001  -1.8966E+000  -3.5241E-002   8.1963E-002  -8.7112E-002  -4.7208E-002  -1.4247E-001   3.0899E-002  -2.0439E-002   1.4658E-001   6.1977E-002  -1.1831E-001  -1.8919E-001   1.1270E-002  -2.3574E-002  -2.5384E-002   3.6323E-001   2.3384E+000  
 1.2450E+000   2.3706E+000  -8.7021E-004   8.7937E-001   1.4808E-003   7.3188E-001   2.1105E-003  -1.5645E+000  -5.0155E-004  -5.2989E-002  -1.8320E-001   2.3065E-001   4.7365E-005  -8.5554E-002   1.4788E-003   6.1524E-002   8.1508E-005   2.5437E-001   2.0850E-003  -2.2053E-002  -9.6661E-003  -3.7700E-002   3.1909E-001   2.1996E+000  
 1.9975E+000   4.7685E+000   1.2305E+000   5.3284E-001   7.2793E-001   2.9900E-001   1.6367E-001  -1.8997E+000   4.3540E-002   7.9623E-002  -8.6744E-002  -5.0019E-002   1.4181E-001   3.9822E-002   2.4056E-002   1.4668E-001  -6.2188E-002  -1.1799E-001   1.9097E-001   1.4036E-002   3.9991E-003  -2.5651E-002   3.6504E-001   2.3445E+000  
 1.4226E+000   2.9382E+000   1.9379E+000  -1.5628E-001   3.9527E-001  -5.0440E-001  -2.5847E-001  -1.8421E+000  -2.4351E-002  -1.0176E-001   1.0124E-001  -1.0664E-002   4.0268E-002  -2.6837E-002   2.2412E-002   1.6836E-001   2.4944E-002  -8.0658E-002  -1.9000E-001   1.0602E-002  -1.6698E-002  -2.5978E-003   3.7399E-001   2.3873E+000  
 6.5173E+000  -1.7932E+001   1.4678E-002  -6.5767E-001   1.8886E-002  -5.4111E-001   2.0260E-003  -1.1639E+000   6.6462E-003   1.9293E-001   9.0253E-002  -2.0837E-001  -6.9677E-004   1.5939E-001  -2.0826E-003   1.3505E-001  -1.3254E-003   2.7190E-001   1.0945E-003  -5.6827E-002  -1.0352E-002   4.4221E-002   4.0517E-001   2.6611E+000  
 4.4551E+000   4.3905E+000  -1.4871E+001  -2.6134E-001  -6.1549E-001  -4.3539E-001   3.7104E-001  -1.6791E+000   3.2841E-002  -1.7377E-001   1.5053E-002  -1.7615E-002  -1.0328E-001  -9.1857E-002  -2.3103E-002   1.7720E-001  -2.4360E-002  -9.8391E-002   2.7263E-001   2.8014E-002   3.4683E-002   1.5351E-002   4.6168E-001   2.8981E+000  
 3.5342E-001   6.1083E+000   1.1857E+001   5.3391E-001  -4.8984E-001   5.1091E-001  -1.5842E-001  -1.7969E+000  -2.7266E-002   2.0005E-001  -1.2045E-001  -3.5008E-002  -2.0007E-001   9.4712E-002  -3.0438E-002   1.7377E-001   3.1899E-002  -1.8547E-001  -2.7128E-001   2.8586E-002  -5.1741E-002  -4.0128E-002   4.5072E-001   2.8121E+000  
-1.7052E+000  -1.4445E+001  -6.5391E-003   9.2662E-001   8.8349E-004   3.9134E-001   1.5817E-003  -1.4038E+000  -1.4951E-003  -1.8904E-001  -1.9281E-001   3.1522E-001  -5.5892E-004  -1.6390E-001   1.7368E-003   1.2793E-001  -1.0065E-004   3.5987E-001   1.8216E-003  -6.0235E-002  -8.1547E-003  -7.0553E-002   3.8100E-001   2.5539E+000  
 3.5200E-001   6.1218E+000  -1.1832E+001   5.3002E-001   4.9635E-001   5.0837E-001   1.6087E-001  -1.7993E+000   3.6904E-002   1.9549E-001  -1.2052E-001  -3.7355E-002   1.9861E-001   1.0442E-001   3.4632E-002   1.7412E-001  -3.1682E-002  -1.8525E-001   2.7233E-001   3.2515E-002   3.2514E-002  -4.0792E-002   4.5238E-001   2.8179E+000  
 4.4422E+000   4.3656E+000   1.4877E+001  -2.6298E-001   6.3755E-001  -4.4436E-001  -3.6852E-001  -1.6772E+000  -1.5004E-002  -1.7547E-001   1.7152E-002  -1.9103E-002   1.0363E-001  -8.6596E-002   2.4723E-002   1.7748E-001   2.5351E-002  -1.0174E-001  -2.7182E-001   2.4605E-002  -4.7008E-002   1.4857E-002   4.6327E-001   2.8906E+000  
 5.6272E+000  -1.7641E+001   1.8257E-002  -7.5683E-001   2.0081E-002  -7.7435E-001   1.7027E-003  -9.8191E-001   7.0318E-003   2.5120E-001   2.0765E-002  -2.4501E-001  -7.1233E-004   2.2003E-001  -1.3259E-003   1.7541E-001  -1.5750E-003   3.0732E-001   1.3894E-003  -8.7793E-002  -9.3969E-003   6.0495E-002   4.4947E-001   3.0133E+000  
 4.1741E+000   2.1536E+000  -1.2440E+001  -3.5404E-001  -8.6594E-001  -3.0225E-001   4.4382E-001  -1.5746E+000   2.9916E-002  -2.4246E-001  -4.6283E-002  -1.4834E-002  -1.3342E-001  -1.5231E-001  -2.0149E-002   1.9687E-001  -2.3024E-002  -1.0635E-001   3.2949E-001   3.8102E-002   5.8494E-002   2.2541E-002   5.2300E-001   3.2313E+000  
 1.3565E+000   3.6529E+000   9.8031E+000   4.5170E-001  -1.7178E-001   7.0613E-001  -1.3369E-001  -1.7495E+000  -2.3442E-002   2.9511E-001  -1.5538E-001  -1.9324E-002  -1.9806E-001   1.5961E-001  -3.6511E-002   2.1343E-001  -4.4555E-003  -2.3230E-001  -3.2805E-001   4.0003E-002  -7.3150E-002  -4.9657E-002   5.1201E-001   3.1281E+000  
-9.5575E-002  -1.4575E+001  -2.4268E-003   8.5021E-001   6.6200E-004  -3.2433E-002   1.2657E-003  -1.3347E+000  -2.1118E-003  -2.9379E-001  -2.1991E-001   3.1395E-001  -1.0102E-003  -2.3533E-001   1.6718E-003   2.0896E-001  -3.7595E-004   4.3497E-001   1.4818E-003  -9.0216E-002  -7.4410E-003  -8.8446E-002   4.2262E-001   2.8885E+000  
 1.3529E+000   3.6650E+000  -9.7756E+000   4.4740E-001   1.7708E-001   7.0343E-001   1.3619E-001  -1.7513E+000   3.4021E-002   2.8881E-001  -1.5574E-001  -2.1299E-002   1.9594E-001   1.6993E-001   4.1453E-002   2.1396E-001   4.8722E-003  -2.3237E-001   3.2887E-001   4.4780E-002   5.3997E-002  -5.0477E-002   5.1348E-001   3.1312E+000  
 4.1592E+000   2.1247E+000   1.2456E+001  -3.5634E-001   8.8880E-001  -3.1293E-001  -4.4175E-001  -1.5731E+000  -1.0060E-002  -2.4378E-001  -4.4612E-002  -1.5834E-002   1.3401E-001  -1.4650E-001   2.2797E-002   1.9688E-001   2.4230E-002  -1.0879E-001  -3.2813E-001   3.5360E-002  -6.9390E-002   2.2119E-002   5.2554E-001   3.2299E+000  
 4.8517E+000  -4.4147E+000  -1.3859E+001  -5.0803E-001  -6.2915E-001  -5.6349E-001   4.5176E-001  -1.3979E+000   1.5281E-001  -1.1020E-001  -1.0250E-002  -6.1122E-002  -1.5768E-001  -8.6616E-002   7.6045E-002   1.8150E-001  -3.0116E-002   6.3496E-002   3.2143E-001   9.6585E-002  -3.3280E-002   3.4731E-002   4.8407E-001   3.1707E+000  
 5.5291E-001  -2.2212E+000   1.1607E+001   6.4339E-001   2.4892E-002   5.6327E-001  -2.1206E-001  -1.6277E+000   2.0453E-001   2.4407E-001  -1.7137E-001   6.3484E-002  -2.4145E-001   1.0930E-001   8.6578E-002   1.9856E-001   1.3434E-002  -2.1137E-002  -4.0142E-001   8.7475E-002   1.5811E-002  -6.1173E-002   4.6807E-001   3.0590E+000  
 5.5151E-001  -2.1925E+000  -1.1602E+001   6.4054E-001  -2.1094E-002   5.6350E-001   2.1534E-001  -1.6299E+000  -1.9892E-001   2.3897E-001  -1.7106E-001   6.1493E-002   2.4067E-001   1.1772E-001  -8.1179E-002   1.9903E-001  -1.3377E-002  -1.9541E-002   4.0352E-001   9.3135E-002  -3.4028E-002  -6.1439E-002   4.6954E-001   3.0668E+000  
 4.8374E+000  -4.4432E+000   1.3886E+001  -5.0700E-001   6.5733E-001  -5.7058E-001  -4.4776E-001  -1.3936E+000  -1.3603E-001  -1.0951E-001  -8.0308E-003  -6.2779E-002   1.5731E-001  -8.0742E-002  -7.8589E-002   1.8202E-001   3.0146E-002   6.0752E-002  -3.2240E-001   9.7597E-002   1.8279E-002   3.4871E-002   4.8316E-001   3.1567E+000  
