 9.8098E+000  -8.1502E-004  -1.1869E-003   3.6292E+000  -7.6139E-003  -2.4066E-003  -7.8199E-004  -1.1842E-003  -1.1913E-002  -5.5168E-003  -1.8478E-001   6.0111E-003  -1.1950E-003   9.6013E-004   9.4032E-003  -1.9888E-004   8.9139E-004   2.4099E-005   1.6970E-003   2.4841E-003   2.7894E-003  -1.7505E-002   3.6381E-002   1.7076E-001  
 1.0023E+001  -2.5147E-001  -2.3867E-003   3.6302E+000  -7.5294E-003   2.9019E-002  -8.0532E-005  -1.2933E-001  -9.4481E-003  -3.0493E-003  -1.8151E-001   1.1970E-002  -7.9488E-004   5.6447E-004   1.0130E-002  -2.4574E-003   1.4098E-003   1.8104E-003   1.3814E-003  -4.7514E-003   1.0900E-003  -1.3285E-002   4.1085E-002   2.3332E-001  
 1.0022E+001  -1.2712E-001  -2.2409E-001   3.6302E+000   2.1428E-002  -1.9021E-002  -1.1316E-001  -6.4785E-002  -8.4733E-003  -6.0655E-003  -1.8080E-001   3.4473E-003   3.0466E-003   2.9753E-003   1.0585E-002  -7.2426E-004  -2.6707E-003  -2.1059E-003   1.8073E-003  -8.4781E-004   8.3072E-003  -1.3584E-002   4.1211E-002   1.9077E-001  
 1.0022E+001   1.2331E-001  -2.2289E-001   3.6301E+000  -3.4996E-002  -1.8000E-002  -1.1362E-001   6.3461E-002  -1.0671E-002  -1.2308E-003  -1.8039E-001   3.5002E-003  -5.8537E-003   2.2470E-003   6.8099E-003   1.5379E-003  -3.3227E-003  -1.2094E-003   1.7922E-003   6.4539E-003   9.5954E-003  -1.3247E-002   4.0233E-002   1.7989E-001  
 1.0023E+001   2.4960E-001   1.2597E-004   3.6307E+000  -7.0500E-003   3.1596E-002  -1.4053E-003   1.2723E-001  -1.4087E-002  -7.5281E-003  -1.8134E-001   1.1191E-002  -1.7965E-003  -1.3278E-003   7.9617E-003   2.0661E-003   1.1750E-004  -1.7351E-003   1.6109E-003   9.7204E-003   3.7084E-003  -1.3762E-002   3.9793E-002   1.9688E-001  
 1.0023E+001   1.2559E-001   2.2184E-001   3.6299E+000   2.0186E-002  -1.7385E-002   1.1163E-001   6.2378E-002  -1.5574E-002  -4.6170E-003  -1.8155E-001   3.6251E-003   3.5467E-003   6.7283E-004   1.0023E-002   3.6158E-004   4.1314E-003   2.1782E-003   1.7863E-003   5.2557E-003  -3.1042E-003  -1.2731E-002   4.1119E-002   2.0967E-001  
 1.0023E+001  -1.2503E-001   2.2052E-001   3.6291E+000  -3.6750E-002  -1.8964E-002   1.1255E-001  -6.6008E-002  -1.3139E-002  -9.6477E-003  -1.8103E-001   4.4877E-003  -4.3480E-003   1.7733E-003   8.5045E-003  -1.4566E-003   4.2412E-003   1.6044E-003   1.5044E-003  -1.6157E-003  -4.1414E-003  -1.2280E-002   4.1173E-002   1.8572E-001  
 1.0781E+001  -4.2198E-001  -3.6695E-003   3.6159E+000  -6.5999E-003   7.7654E-002   5.5301E-004  -2.5007E-001  -6.4826E-003   2.3150E-002  -1.8377E-001   3.2227E-002  -7.0057E-004  -2.8350E-003   9.8192E-003   1.5293E-003   1.7427E-003   8.0162E-003   5.6298E-004  -1.2623E-002  -1.7563E-003   1.7077E-004   5.2429E-002   2.6294E-001  
 1.0778E+001  -2.1322E-001  -3.7830E-001   3.6148E+000   6.5692E-002  -4.2706E-002  -2.1921E-001  -1.2498E-001  -5.0262E-003  -2.8784E-002  -1.8204E-001  -5.4849E-003   1.9266E-002   6.8626E-003   1.3706E-002   2.2188E-003  -1.0430E-004  -9.5322E-003   1.6092E-003  -4.7663E-003   1.3926E-002   3.7813E-005   5.2502E-002   2.4775E-001  
 1.0779E+001   2.0682E-001  -3.7585E-001   3.6136E+000  -7.6766E-002  -4.1120E-002  -2.1927E-001   1.2406E-001  -9.2159E-003   2.6395E-002  -1.8132E-001  -4.2800E-003  -2.0721E-002   6.1772E-003  -2.6439E-004  -7.0763E-004  -3.3121E-005   4.6292E-003   1.3373E-003   9.6741E-003   1.5671E-002   9.2200E-004   5.1427E-002   2.3254E-001  
 1.0783E+001   4.1927E-001   1.8362E-003   3.6168E+000  -5.5034E-003   8.3058E-002  -1.7515E-003   2.4879E-001  -1.5930E-002  -3.2008E-002  -1.8293E-001   3.0886E-002  -2.4471E-003  -6.6461E-003   5.7082E-003  -1.6669E-003  -1.0107E-003  -7.8366E-003   1.1229E-003   1.7655E-002   3.7955E-003  -8.2399E-004   4.9892E-002   2.3385E-001  
 1.0781E+001   2.1201E-001   3.7648E-001   3.6143E+000   6.3122E-002  -3.9138E-002   2.1791E-001   1.2241E-001  -1.9820E-002   1.9355E-002  -1.8359E-001  -5.3369E-003   2.0198E-002   2.4040E-003   1.2483E-002  -2.5805E-003   4.8982E-004   9.6254E-003   2.6384E-003   7.1610E-003  -9.9851E-003   1.1148E-003   5.3215E-002   2.5943E-001  
 1.0780E+001  -2.0909E-001   3.7375E-001   3.6119E+000  -8.0595E-002  -4.3188E-002   2.1970E-001  -1.2715E-001  -1.4510E-002  -3.6583E-002  -1.8141E-001  -2.7126E-003  -1.8376E-002   4.9742E-003   3.5719E-003   1.7669E-003  -1.0068E-003  -3.0449E-003   1.6204E-003  -5.4316E-003  -1.0781E-002   4.5976E-004   5.2744E-002   2.2201E-001  
 1.1868E+001  -8.5115E-001  -4.1501E-003   3.5387E+000  -5.1338E-003  -6.6196E-002   6.8863E-004  -2.9655E-001  -4.3270E-003   9.1450E-002  -2.1886E-001   5.2611E-002  -7.4996E-004  -5.8237E-003   8.4661E-003   9.1797E-003   1.9201E-003   9.8875E-003  -3.2549E-004  -2.0166E-002  -4.4372E-003   1.2999E-002   5.9997E-002   2.6274E-001  
 1.1681E+001  -1.4549E-001  -2.6527E-001   3.5369E+000  -5.7523E-002   3.1554E-002  -2.6010E-001  -1.4841E-001  -3.0685E-003  -9.2948E-002  -2.1807E-001  -1.4691E-002   3.6720E-002   9.7019E-003   1.5603E-002   6.4559E-003   7.1813E-003  -1.3077E-002   5.7116E-004  -8.6295E-003   1.9647E-002   1.3219E-002   5.8104E-002   2.4478E-001  
 1.1682E+001   1.3733E-001  -2.6272E-001   3.5353E+000   4.8582E-002   3.2750E-002  -2.5920E-001   1.4684E-001  -7.9297E-003   9.4123E-002  -2.1891E-001  -1.2639E-002  -3.6005E-002   9.9812E-003  -6.6050E-003  -5.6318E-003   9.0648E-003   1.0081E-002   5.0624E-004   1.1996E-002   2.0284E-002   1.2570E-002   5.6314E-002   2.1948E-001  
 1.1870E+001   8.4765E-001   4.0723E-003   3.5396E+000  -3.4384E-003  -5.9082E-002  -1.4473E-003   2.9562E-001  -1.6465E-002  -9.8022E-002  -2.1747E-001   5.1197E-002  -2.4028E-003  -1.0824E-002   3.8590E-003  -8.3308E-003  -1.6796E-003  -9.6358E-003   8.7971E-004   2.5260E-002   3.2442E-003   1.2394E-002   5.6773E-002   2.4672E-001  
 1.1684E+001   1.4466E-001   2.6406E-001   3.5368E+000  -6.0938E-002   3.6618E-002   2.5941E-001   1.4574E-001  -2.2897E-002   8.5272E-002  -2.1993E-001  -1.5086E-002   3.7826E-002   4.4823E-003   1.3845E-002  -7.0051E-003  -7.7137E-003   1.3290E-002   4.0675E-003   8.5841E-003  -1.7094E-002   1.3891E-002   5.9622E-002   2.4189E-001  
 1.1682E+001  -1.4044E-001   2.6114E-001   3.5342E+000   4.3402E-002   3.0095E-002   2.6047E-001  -1.5009E-001  -1.5652E-002  -1.0356E-001  -2.1841E-001  -1.1567E-002  -3.4444E-002   8.0895E-003  -1.2822E-003   6.1329E-003  -9.3632E-003  -7.1884E-003   2.1627E-003  -8.4143E-003  -1.6022E-002   1.2480E-002   5.8471E-002   2.2288E-001  
 1.3159E+001  -3.4637E+000  -2.8108E-003   3.3876E+000  -3.6089E-003  -4.5829E-001   5.5605E-004  -2.9002E-001  -3.0067E-003   1.8860E-001  -2.7467E-001   5.5504E-002  -6.1265E-004  -8.3138E-003   7.0404E-003   1.6329E-003   1.9356E-003  -4.8041E-003  -8.4935E-004  -2.7713E-002  -6.1402E-003   1.6348E-002   6.2085E-002   2.1826E-001  
 1.3113E+001  -1.5693E+000  -3.1006E+000   3.3852E+000  -3.9620E-001   2.3020E-001  -2.5498E-001  -1.4581E-001  -2.1370E-003  -1.8618E-001  -2.7451E-001  -1.5096E-002   3.9835E-002   1.1324E-002   1.6867E-002   2.3709E-003   2.0758E-003   1.2290E-003  -9.3827E-004  -1.2902E-002   2.6501E-002   1.5881E-002   5.8352E-002   2.6557E-001  
 1.3116E+001   1.5591E+000  -3.0996E+000   3.3845E+000   3.8780E-001   2.3006E-001  -2.5529E-001   1.4437E-001  -6.7946E-003   1.8817E-001  -2.7490E-001  -1.3668E-002  -3.8371E-002   1.2333E-002  -1.0331E-002  -1.6358E-003   3.2747E-003  -3.5523E-003   1.8584E-006   1.5806E-002   2.6380E-002   1.4999E-002   5.7273E-002   2.0800E-001  
 1.3161E+001   3.4617E+000   9.1197E-003   3.3878E+000  -1.4829E-003  -4.5072E-001  -7.2287E-004   2.8902E-001  -1.6140E-002  -1.9298E-001  -2.7354E-001   5.3578E-002  -1.5756E-003  -1.4247E-002   2.8686E-003  -4.2814E-004  -1.5400E-003   5.2840E-003   1.3125E-003   3.3132E-002   2.6838E-003   1.5752E-002   5.8119E-002   2.2799E-001  
 1.3117E+001   1.5698E+000   3.0963E+000   3.3859E+000  -3.9976E-001   2.3616E-001   2.5483E-001   1.4305E-001  -2.4838E-002   1.8037E-001  -2.7592E-001  -1.6462E-002   4.1169E-002   6.2366E-003   1.4394E-002  -3.1870E-003  -2.8352E-003  -6.0947E-004   5.3789E-003   1.1004E-002  -2.4641E-002   1.6561E-002   6.0809E-002   2.3079E-001  
 1.3114E+001  -1.5661E+000   3.0960E+000   3.3834E+000   3.8218E-001   2.2730E-001   2.5644E-001  -1.4734E-001  -1.6533E-002  -1.9787E-001  -2.7443E-001  -1.2693E-002  -3.6687E-002   1.0409E-002  -4.7067E-003   2.1751E-003  -3.7212E-003   6.7563E-003   2.5867E-003  -1.2216E-002  -2.2066E-002   1.5042E-002   5.9852E-002   2.2074E-001  
 1.3289E+001  -3.1452E+000  -2.8641E-003   3.2414E+000  -2.5979E-003  -8.6260E-001   3.4899E-004  -2.6457E-001  -2.4377E-003   2.7220E-001  -3.2167E-001   4.4175E-002  -4.8889E-004  -1.0850E-002   6.0414E-003  -1.2152E-002   1.8078E-003  -2.1834E-002  -1.1818E-003  -3.1451E-002  -6.9569E-003   1.5678E-002   6.2366E-002   2.2004E-001  
 1.3244E+001  -1.4752E+000  -2.7514E+000   3.2389E+000  -7.4606E-001   4.3390E-001  -2.3371E-001  -1.3359E-001  -1.4639E-003  -2.6749E-001  -3.2152E-001  -9.2448E-003   3.0661E-002   1.3081E-002   1.8867E-002  -4.8507E-003  -9.1639E-003   1.8098E-002  -1.7697E-003  -1.4643E-002   2.9735E-002   1.4800E-002   5.7867E-002   2.6512E-001  
 1.3247E+001   1.4648E+000  -2.7522E+000   3.2387E+000   7.3785E-001   4.3306E-001  -2.3463E-001   1.3216E-001  -5.9567E-003   2.6966E-001  -3.2142E-001  -8.2439E-003  -2.8893E-002   1.4367E-002  -1.3619E-002   5.4714E-003  -8.5174E-003  -1.9938E-002  -1.2382E-004   1.7578E-002   2.8989E-002   1.4241E-002   5.7415E-002   2.2400E-001  
 1.3291E+001   3.1423E+000   9.7101E-003   3.2410E+000  -3.5641E-004  -8.5510E-001  -1.6728E-004   2.6358E-001  -1.5760E-002  -2.7505E-001  -3.2088E-001   4.1836E-002  -8.6127E-004  -1.7522E-002   2.4177E-003   1.3284E-002  -1.1490E-003   2.2528E-002   1.8569E-003   3.7254E-002   2.4449E-003   1.4872E-002   5.7848E-002   2.6655E-001  
 1.3249E+001   1.4759E+000   2.7469E+000   3.2402E+000  -7.4935E-001   4.4023E-001   2.3363E-001   1.3070E-001  -2.5981E-002   2.6308E-001  -3.2252E-001  -1.1388E-002   3.2221E-002   8.1733E-003   1.5528E-002   3.8160E-003   8.4624E-003  -1.7118E-002   5.9535E-003   1.1772E-002  -2.8137E-002   1.5632E-002   6.0872E-002   2.4865E-001  
 1.3245E+001  -1.4720E+000   2.7470E+000   3.2377E+000   7.3189E-001   4.3014E-001   2.3562E-001  -1.3499E-001  -1.7075E-002  -2.7961E-001  -3.2090E-001  -7.4019E-003  -2.7237E-002   1.2499E-002  -7.7586E-003  -4.8492E-003   7.9231E-003   2.3222E-002   2.7682E-003  -1.3854E-002  -2.4687E-002   1.4368E-002   6.0354E-002   2.4214E-001  
 1.3241E+001  -2.2330E+000  -2.2751E+000   3.2741E+000  -7.7169E-001   3.8391E-003  -1.9594E-001  -1.9225E-001   1.9325E-001  -1.7631E-001  -3.1205E-001   5.1771E-003   3.4807E-002   9.2588E-005   2.6053E-002  -2.6882E-003  -6.4048E-003   9.2481E-003  -1.7433E-002  -3.5339E-003   2.5583E-002   1.5571E-002   6.2957E-002   3.2670E-001  
 1.3246E+001   2.2249E+000  -2.2719E+000   3.2719E+000   7.6471E-001   4.5133E-003  -1.9584E-001   1.9030E-001   1.8606E-001   1.7760E-001  -3.1268E-001   7.6476E-003  -3.4885E-002  -5.2723E-005  -1.9579E-002   3.9231E-003  -4.6673E-003  -1.0643E-002  -1.7443E-002   6.5976E-003   2.7155E-002   1.5014E-002   5.9047E-002   2.4596E-001  
 1.3245E+001   2.2351E+000   2.2734E+000   3.2752E+000  -7.7410E-001   1.1152E-002   1.9462E-001   1.9182E-001  -2.1868E-001   1.7199E-001  -3.1397E-001   5.1528E-003   3.4357E-002  -4.6903E-003   2.2407E-002   1.6987E-003   5.9486E-003  -9.1745E-003   2.1221E-002   2.3044E-003  -2.6619E-002   1.5374E-002   6.4527E-002   2.4534E-001  
 1.3242E+001  -2.2314E+000   2.2711E+000   3.2704E+000   7.5964E-001  -3.2501E-004   1.9745E-001  -1.9266E-001  -2.0714E-001  -1.8634E-001  -3.1266E-001   9.3493E-003  -3.3052E-002   3.5865E-004  -1.2992E-002  -3.9578E-003   4.4134E-003   1.3790E-002   1.8669E-002  -9.6003E-004  -2.4697E-002   1.4698E-002   6.1046E-002   2.6487E-001  
