-1.4225E-001   5.6157E-003  -8.4079E-002   5.0912E-002   3.1171E-004   8.7369E-004  -3.2186E-002   2.1687E-003   2.8081E+000   2.7719E-001   7.8740E-002   4.9343E-005  -7.9377E-005   2.0044E-003  -7.3672E-004  -3.7563E-004   6.0100E-003  -2.9215E-002  -2.9918E-001  -2.3128E-003   3.0475E-002  -2.5863E-002   5.5728E-002   1.8946E-001  
 7.1408E-002  -7.3191E-001  -8.5830E-002   7.9094E-002   1.0360E-001   7.1061E-002  -3.2378E-002   2.3633E-003   2.8043E+000   2.7913E-001   7.3282E-002   7.6530E-003  -8.0846E-003   4.7611E-004  -1.6359E-002   1.3228E-002   5.8826E-003  -2.9576E-002  -2.9713E-001  -1.9964E-003   3.2109E-002  -2.4607E-002   5.5353E-002   1.9803E-001  
 5.7679E-002  -3.6460E-001  -7.2235E-001   7.7559E-002   9.3401E-002   7.5952E-002  -3.1381E-002   2.1236E-003   2.8034E+000   2.7449E-001   7.3737E-002  -1.4762E-002   3.8574E-003   1.7629E-002  -9.7465E-003   6.3281E-003   1.7773E-002  -2.8497E-002  -2.9675E-001  -3.8561E-003   2.9323E-002  -2.4718E-002   5.5328E-002   1.9596E-001  
 5.6645E-002   3.7595E-001  -7.2253E-001   7.7494E-002  -1.1154E-001   6.4467E-002  -3.1453E-002   2.2512E-003   2.8034E+000   2.7919E-001   7.3753E-002  -1.3826E-002  -2.9048E-003   1.9162E-002   5.8344E-003  -7.0695E-003   1.7732E-002  -2.9629E-002  -2.9676E-001  -8.1315E-004   2.9056E-002  -2.4724E-002   5.5345E-002   1.9705E-001  
 6.9438E-002   7.4299E-001  -8.5835E-002   7.8989E-002  -1.0297E-001   4.8108E-002  -3.2394E-002   1.8602E-003   2.8043E+000   2.7440E-001   7.3314E-002   9.5161E-003   7.9022E-003   3.5466E-003   1.4885E-002  -1.4005E-002   5.9184E-003  -2.8488E-002  -2.9710E-001  -2.2692E-003   3.2038E-002  -2.4668E-002   5.5384E-002   1.9669E-001  
 8.3153E-002   3.7284E-001   5.5514E-001   8.0515E-002   8.8776E-003  -1.3291E-001  -3.1834E-002   1.8619E-003   2.8035E+000   2.7889E-001   7.2851E-002   6.3315E-003   1.0774E-002  -1.3634E-002   8.2245E-003  -7.2550E-003  -5.7834E-003  -2.9506E-002  -2.9674E-001  -4.1058E-003   2.9563E-002  -2.4539E-002   5.5271E-002   1.9025E-001  
 8.4187E-002  -3.6150E-001   5.5496E-001   8.0596E-002   1.0494E-002  -1.2143E-001  -3.1890E-002   2.4898E-003   2.8036E+000   2.7470E-001   7.2850E-002   5.4042E-003  -1.2077E-002  -1.5204E-002  -7.2978E-003   6.5796E-003  -5.8573E-003  -2.8600E-002  -2.9678E-001  -8.0513E-004   2.9380E-002  -2.4557E-002   5.5210E-002   1.9515E-001  
 8.2955E-001  -1.4828E+000  -9.2776E-002   1.6008E-001   2.2783E-001   2.3347E-001  -3.3238E-002   1.5333E-002   2.7895E+000   3.0184E-001   4.9218E-002   3.4042E-002  -1.8316E-002  -1.3187E-003  -3.2622E-002   2.3740E-002   5.2499E-003  -3.4122E-002  -2.8878E-001  -1.2717E-003   3.7581E-002  -1.9930E-002   5.4107E-002   2.0584E-001  
 7.9958E-001  -7.4576E-001  -1.3708E+000   1.5680E-001   2.7298E-001   1.2678E-001  -1.7837E-002   7.9390E-003   2.7853E+000   2.4845E-001   5.0063E-002  -4.1327E-002   2.3371E-002   3.3876E-002  -1.8713E-002   1.1153E-002   2.6739E-002  -2.2377E-002  -2.8714E-001  -9.5485E-003   2.5577E-002  -2.0030E-002   5.3534E-002   2.0842E-001  
 7.9710E-001   7.5760E-001  -1.3717E+000   1.5639E-001  -3.1368E-001   1.0149E-001  -1.8069E-002  -3.5126E-003   2.7853E+000   3.0234E-001   5.0250E-002  -3.9135E-002  -2.0863E-002   3.7034E-002   1.2207E-002  -1.1713E-002   2.6440E-002  -3.4435E-002  -2.8724E-001   4.4360E-003   2.4456E-002  -2.0117E-002   5.3623E-002   2.2888E-001  
 8.2544E-001   1.4933E+000  -9.2788E-002   1.6003E-001  -2.2720E-001   1.8300E-001  -3.3255E-002  -1.1484E-002   2.7893E+000   2.4836E-001   4.9207E-002   3.8313E-002   1.8056E-002   4.9314E-003   3.1142E-002  -2.4617E-002   5.2952E-003  -2.2437E-002  -2.8870E-001  -1.7347E-003   3.7486E-002  -1.9936E-002   5.3960E-002   1.9892E-001  
 8.5526E-001   7.4223E-001   1.2070E+000   1.6325E-001   8.6635E-002  -3.3238E-001  -4.1079E-002  -5.4873E-003   2.7855E+000   3.0119E-001   4.8317E-002   5.3071E-003   3.9085E-002  -2.9679E-002   1.7449E-002  -1.2973E-002  -1.5115E-002  -3.3875E-002  -2.8714E-001  -9.9525E-003   2.5926E-002  -1.9811E-002   5.3725E-002   2.3771E-001  
 8.5775E-001  -7.3040E-001   1.2061E+000   1.6373E-001  -4.4748E-002  -3.0711E-001  -4.1302E-002   9.8923E-003   2.7857E+000   2.4939E-001   4.8188E-002   3.1616E-003  -4.2035E-002  -3.3020E-002  -1.4052E-002   1.2478E-002  -1.5431E-002  -2.2886E-002  -2.8728E-001   4.3577E-003   2.5055E-002  -1.9778E-002   5.3477E-002   2.3258E-001  
 1.7309E+000  -1.8339E+000  -1.6478E-001   1.9820E-001   3.3126E-001   2.3420E-001  -3.4511E-002   5.6200E-002   2.7676E+000   3.6490E-001   4.9000E-003   5.5807E-002  -2.8116E-002  -4.0321E-003  -4.1965E-002   2.1710E-002   4.2376E-003  -4.7215E-002  -2.7684E-001  -1.2247E-003   4.3237E-002  -1.3840E-002   5.3058E-002   2.4230E-001  
 1.6872E+000  -9.2455E-001  -1.6634E+000   1.9337E-001   3.0626E-001   2.3532E-001   2.1081E-002   2.7455E-002   2.7590E+000   1.8060E-001   6.1695E-003  -6.3847E-002   3.8792E-002   4.3949E-002  -2.2050E-002   9.3313E-003   2.4640E-002  -7.0561E-003  -2.7371E-001  -1.5935E-002   2.2196E-002  -1.3955E-002   5.1364E-002   2.3887E-001  
 1.6829E+000   9.3714E-001  -1.6655E+000   1.9235E-001  -3.6556E-001   1.9863E-001   2.0436E-002  -2.2883E-002   2.7592E+000   3.6586E-001   6.3165E-003  -6.0470E-002  -3.4634E-002   4.8194E-002   1.3920E-002  -9.6840E-003   2.4120E-002  -4.7831E-002  -2.7389E-001   1.0319E-002   2.0148E-002  -1.4264E-002   5.1637E-002   2.6011E-001  
 1.7264E+000   1.8358E+000  -1.6460E-001   1.9836E-001  -3.3063E-001   1.6118E-001  -3.4507E-002  -5.3206E-002   2.7674E+000   1.8042E-001   5.0843E-003   6.2263E-002   2.7791E-002   4.1001E-003   4.0480E-002  -2.2629E-002   4.2579E-003  -7.2827E-003  -2.7674E-001  -4.5782E-004   4.3227E-002  -1.3634E-002   5.2530E-002   2.2744E-001  
 1.7671E+000   9.0385E-001   1.5043E+000   2.0307E-001   3.4878E-002  -4.3035E-001  -7.3537E-002  -2.7200E-002   2.7594E+000   3.6395E-001   3.5975E-003   4.9757E-003   6.3252E-002  -3.7909E-002   2.3814E-002  -1.2759E-002  -1.3690E-002  -4.6779E-002  -2.7375E-001  -1.5624E-002   2.1263E-002  -1.3573E-002   5.2181E-002   2.7441E-001  
 1.7714E+000  -8.9128E-001   1.5023E+000   2.0418E-001   2.5556E-002  -3.9373E-001  -7.4215E-002   3.1797E-002   2.7596E+000   1.8219E-001   3.5333E-003   1.6942E-003  -6.7897E-002  -4.2516E-002  -1.8942E-002   1.2396E-002  -1.4181E-002  -8.0291E-003  -2.7395E-001   9.3981E-003   1.9701E-002  -1.3317E-002   5.1720E-002   2.6431E-001  
 2.4150E+000  -1.8240E+000  -5.2681E-001   1.4332E-001   4.0422E-001  -3.1169E-002  -3.7996E-002   1.1932E-001   2.7443E+000   4.5743E-001  -5.4150E-002   5.1433E-002  -3.5776E-002  -1.0510E-002  -4.7145E-002   3.2969E-003   3.1522E-003  -6.9871E-002  -2.6931E-001  -3.2634E-003   4.5000E-002  -1.2958E-002   5.1273E-002   2.6175E-001  
 2.3533E+000  -1.1834E+000  -1.4257E+000   1.3802E-001   9.9802E-002   4.4375E-001   8.1137E-002   5.6465E-002   2.7314E+000   8.2947E-002  -5.1960E-002  -7.0561E-002   3.2554E-002   5.2002E-002  -1.9426E-002  -3.8188E-004   9.3515E-003   1.6885E-002  -2.6544E-001  -1.9151E-002   2.2591E-002  -1.2463E-002   4.8722E-002   2.5139E-001  
 2.3307E+000   1.2247E+000  -1.4638E+000   1.3575E-001  -1.7184E-001   3.9921E-001   7.9137E-002  -5.1205E-002   2.7316E+000   4.5857E-001  -5.2518E-002  -6.6006E-002  -2.6511E-002   5.7028E-002   1.0254E-002   6.5723E-004   7.8759E-003  -7.0744E-002  -2.6571E-001   1.3343E-002   2.0187E-002  -1.3522E-002   4.8585E-002   2.5243E-001  
 2.4196E+000   1.7782E+000  -5.2548E-001   1.4445E-001  -4.0358E-001  -1.1948E-001  -3.7969E-002  -1.1832E-001   2.7441E+000   8.2397E-002  -5.3143E-002   6.0206E-002   3.5424E-002  -1.1759E-003   4.5682E-002  -5.2782E-003   3.1546E-003   1.6405E-002  -2.6922E-001   2.0688E-003   4.5071E-002  -1.1960E-002   5.0989E-002   2.6295E-001  
 2.4795E+000   6.1496E-001   1.6958E+000   1.4975E-001  -2.3146E-001  -3.6599E-001  -1.2459E-001  -6.2228E-002   2.7320E+000   4.5657E-001  -5.5472E-002   1.4747E-002   6.3911E-002  -3.9948E-002   3.1257E-002  -4.5282E-003   1.7826E-003  -6.9037E-002  -2.6539E-001  -1.6369E-002   1.7381E-002  -1.2463E-002   4.9810E-002   2.8151E-001  
 2.5025E+000  -5.7300E-001   1.6591E+000   1.5212E-001   3.0457E-001  -3.2154E-001  -1.2665E-001   6.7568E-002   2.7323E+000   8.4575E-002  -5.4828E-002   1.0328E-002  -7.0437E-002  -4.5472E-002  -2.5458E-002   4.7507E-003   3.7463E-004   1.5305E-002  -2.6564E-001   9.9542E-003   1.5644E-002  -1.1432E-002   4.9686E-002   2.7958E-001  
 2.7690E+000  -1.6066E+000  -5.6202E-001   5.5117E-002   4.4314E-001  -3.5608E-001  -4.1820E-002   1.7477E-001   2.7273E+000   5.3683E-001  -1.0266E-001   3.2159E-002  -4.1026E-002  -1.6473E-002  -4.9699E-002  -1.7436E-002   1.8055E-003  -8.9481E-002  -2.6682E-001  -4.2901E-003   4.5223E-002  -1.4265E-002   4.9758E-002   2.8300E-001  
 2.7097E+000  -1.1048E+000  -1.1931E+000   5.0448E-002  -1.6874E-001   6.4598E-001   1.3431E-001   8.1568E-002   2.7115E+000  -7.9170E-005  -9.9417E-002  -6.6880E-002   1.4467E-002   5.7541E-002  -1.5508E-002  -1.1274E-002  -7.2091E-003   3.6984E-002  -2.6271E-001  -2.0018E-002   2.3372E-002  -1.3112E-002   4.7090E-002   2.7751E-001  
 2.6820E+000   1.1446E+000  -1.2356E+000   4.6512E-002   9.0316E-002   5.9748E-001   1.3063E-001  -7.5406E-002   2.7117E+000   5.3779E-001  -1.0081E-001  -6.1327E-002  -6.7425E-003   6.2997E-002   5.8270E-003   1.2268E-002  -9.8696E-003  -9.0629E-002  -2.6303E-001   1.4094E-002   2.0807E-002  -1.4793E-002   4.6518E-002   2.9067E-001  
 2.7782E+000   1.5567E+000  -5.6057E-001   5.7665E-002  -4.4249E-001  -4.5203E-001  -4.1772E-002  -1.7595E-001   2.7270E+000  -1.0949E-003  -1.0082E-001   4.2816E-002   4.0654E-002  -6.5241E-003   4.8270E-002   1.4229E-002   1.8179E-003   3.6197E-002  -2.6673E-001   3.2806E-003   4.5307E-002  -1.2687E-002   4.9805E-002   2.8201E-001  
 2.8355E+000   4.7553E-001   1.5464E+000   6.2203E-002  -5.3211E-001  -2.3955E-001  -1.6916E-001  -9.3584E-002   2.7121E+000   5.3615E-001  -1.0428E-001   2.9489E-002   5.0204E-002  -3.9769E-002   3.7228E-002   4.7664E-003   2.0235E-002  -8.8423E-002  -2.6273E-001  -1.6045E-002   1.6191E-002  -1.4119E-002   4.7719E-002   2.9161E-001  
 2.8635E+000  -4.3533E-001   1.5050E+000   6.6246E-002   6.1156E-001  -1.9113E-001  -1.7290E-001   9.9882E-002   2.7124E+000   1.1946E-003  -1.0281E-001   2.4111E-002  -5.8413E-002  -4.5807E-002  -3.0970E-002  -3.7984E-003   1.7652E-002   3.4953E-002  -2.6303E-001   9.5548E-003   1.4362E-002  -1.2424E-002   4.7986E-002   2.8376E-001  
 2.5817E+000  -1.4729E+000  -1.1396E+000   6.0697E-002  -6.0770E-002   3.7311E-001   8.4277E-002   1.0291E-001   2.8956E+000   9.2333E-002  -9.5760E-002  -4.0174E-002   1.0275E-002   5.4791E-002  -3.6734E-002  -1.7442E-002  -8.9557E-003   1.7805E-002  -3.0729E-001  -1.6904E-002   3.1646E-002  -1.9306E-002   4.6701E-002   2.7359E-001  
 2.5585E+000   1.4688E+000  -1.2024E+000   5.7878E-002  -2.1688E-003   3.0489E-001   8.1387E-002  -9.8248E-002   2.8955E+000   4.4581E-001  -9.6488E-002  -3.3584E-002  -4.2104E-003   6.2269E-002   2.8864E-002   1.7944E-002  -1.0777E-002  -7.0996E-002  -3.0791E-001   1.2644E-002   2.8866E-002  -2.0424E-002   4.5885E-002   2.6098E-001  
 2.8375E+000   8.3772E-001   1.1713E+000   9.2082E-002  -6.0348E-001  -3.7134E-001  -1.4671E-001  -1.2802E-001   2.5409E+000   4.4713E-001  -8.8221E-002   4.0258E-002   7.3494E-002  -2.5138E-002   3.4339E-002  -1.0217E-003   7.3969E-003  -6.5209E-002  -2.2421E-001  -2.3184E-002   2.6155E-002  -7.2094E-003   4.8540E-002   2.4862E-001  
 2.8612E+000  -8.4133E-001   1.1092E+000   9.5093E-002   6.6743E-001  -3.0317E-001  -1.4974E-001   1.3294E-001   2.5407E+000   9.0637E-002  -8.7343E-002   3.3813E-002  -8.0163E-002  -3.3139E-002  -2.9765E-002   1.5732E-003   5.5554E-003   1.2251E-002  -2.2506E-001   1.8740E-002   2.3875E-002  -6.0698E-003   4.8214E-002   2.2973E-001  
