-1.0998E-001   1.5853E-004   4.5998E-003   5.7914E-002  -2.0627E-001  -3.0741E+000   7.1230E-005  -2.2650E-004   8.4452E-004   4.1488E-004   7.9496E-002   1.1586E-001   7.7870E-003  -5.0156E-004   2.4480E-004   1.3575E-006  -1.1383E-004  -1.1192E-004  -2.6894E-005  -5.2463E-006   5.3711E-006  -2.6471E-002   1.3392E-002   5.5068E-002  
 1.0404E-001  -7.3090E-001   4.7972E-003   8.7042E-002  -2.0572E-001  -3.0138E+000   1.7684E-004   1.6041E-003   9.5618E-004   2.3629E-003   7.4178E-002   1.2551E-001   7.8002E-003  -4.8510E-006   3.1738E-004   1.5012E-002   4.4131E-005   1.6094E-003   1.3838E-004   1.0379E-005   1.5707E-005  -2.5518E-002   1.2645E-002   6.3811E-002  
 1.0314E-001  -3.6519E-001  -6.3324E-001   8.5295E-002  -1.5511E-001  -3.1020E+000  -1.1450E-003   7.4812E-004   1.4048E-003  -1.9072E-003   7.4061E-002   1.1303E-001   1.5068E-002  -7.6279E-004   6.3202E-004   7.7618E-003   9.3794E-003   1.3413E-003   2.2316E-003   1.4905E-005  -3.2993E-004  -2.4968E-002   1.5038E-002   6.9292E-002  
 1.0302E-001   3.6582E-001  -6.3342E-001   8.5151E-002  -2.5723E-001  -3.1020E+000  -1.2721E-003  -9.8450E-004   1.2842E-003   2.8872E-003   7.4060E-002   1.1305E-001   6.8124E-004  -7.0920E-004  -2.1862E-004  -7.5023E-003   9.2428E-003  -1.8535E-003   2.0535E-003  -4.2224E-005  -3.4064E-004  -2.4927E-002   1.5191E-002   7.2006E-002  
 1.0408E-001   7.3119E-001   4.4303E-003   8.7077E-002  -2.0656E-001  -3.0138E+000  -6.9834E-005  -2.0467E-003   7.0943E-004  -1.5293E-003   7.4171E-002   1.2552E-001   7.9359E-003  -1.2938E-005   2.3129E-004  -1.5005E-002  -2.6369E-004  -1.8251E-003  -2.1047E-004   3.4322E-006  -2.5263E-005  -2.5528E-002   1.2617E-002   6.3577E-002  
 1.0175E-001   3.6553E-001   6.4250E-001   8.4964E-002  -1.5550E-001  -3.1014E+000   1.2037E-003  -1.2309E-003   2.9357E-004   2.7732E-003   7.4174E-002   1.1291E-001   1.5140E-002  -8.2232E-004   6.2054E-004  -7.7507E-003  -9.5794E-003  -1.5585E-003  -2.2777E-003  -4.6445E-005   3.2103E-004  -2.4993E-002   1.5051E-002   6.9724E-002  
 1.0159E-001  -3.6553E-001   6.4268E-001   8.4786E-002  -2.5680E-001  -3.1014E+000   1.3326E-003   5.6382E-004   4.1562E-004  -2.0952E-003   7.4187E-002   1.1292E-001   6.2107E-004  -7.6896E-004  -1.4835E-004   7.5043E-003  -9.4513E-003   1.6341E-003  -2.1109E-003   1.9952E-005   3.6298E-004  -2.4940E-002   1.5219E-002   7.0252E-002  
 8.6683E-001  -1.4742E+000   5.0745E-003   1.7111E-001  -2.0472E-001  -2.8587E+000   2.6458E-004   1.7693E-002   1.1074E-003   2.7117E-002   5.1053E-002   1.5635E-001   7.9909E-003   1.4905E-003   4.5714E-004   2.5055E-002   1.6309E-004  -1.8035E-003   2.2219E-004  -3.9792E-005  -2.3569E-005  -2.1567E-002   1.0632E-002   7.2518E-002  
 8.5979E-001  -7.3645E-001  -1.2824E+000   1.6358E-001  -2.5696E-002  -3.1694E+000   8.1428E-003   8.3958E-003   2.8961E-003  -2.5660E-002   4.9774E-002   1.0380E-001   3.8885E-002  -1.6230E-003   2.1345E-003   1.3994E-002   1.7630E-002   7.0707E-003   3.7511E-003   9.8009E-005  -5.9229E-004  -1.9603E-002   2.1575E-002   1.2484E-001  
 8.5913E-001   7.3744E-001  -1.2828E+000   1.6294E-001  -3.8575E-001  -3.1695E+000   7.7948E-003  -8.3154E-003   2.5863E-003   2.6693E-002   4.9694E-002   1.0383E-001  -2.2579E-002  -1.3660E-003  -1.9165E-003  -1.3643E-002   1.7565E-002  -7.7683E-003   3.4398E-003  -1.8274E-004  -6.0626E-004  -1.9454E-002   2.2131E-002   1.2677E-001  
 8.6692E-001   1.4745E+000   4.2581E-003   1.7117E-001  -2.0651E-001  -2.8587E+000  -2.8873E-004  -1.8099E-002   4.6694E-004  -2.6270E-002   5.1050E-002   1.5637E-001   8.2826E-003   1.4588E-003   2.9054E-004  -2.5028E-002  -3.5992E-004   1.6135E-003  -3.5635E-004   1.3552E-004  -6.0003E-005  -2.1579E-002   1.0527E-002   7.1623E-002  
 8.5676E-001   7.3687E-001   1.2919E+000   1.6287E-001  -2.6502E-002  -3.1682E+000  -8.3716E-003  -8.9699E-003  -1.1665E-003   2.6656E-002   4.9944E-002   1.0357E-001   3.9002E-002  -1.7276E-003   2.1109E-003  -1.3965E-002  -1.7769E-002  -7.2664E-003  -3.7788E-003  -2.0464E-004   5.1297E-004  -1.9611E-002   2.1589E-002   1.2485E-001  
 8.5601E-001  -7.3727E-001   1.2923E+000   1.6217E-001  -3.8487E-001  -3.1684E+000  -8.0126E-003   7.9999E-003  -8.4403E-004  -2.6037E-002   4.9896E-002   1.0358E-001  -2.2681E-002  -1.5060E-003  -1.7706E-003   1.3648E-002  -1.7728E-002   7.5729E-003  -3.5058E-003   1.1669E-004   6.6896E-004  -1.9471E-002   2.2157E-002   1.2458E-001  
 1.7802E+000  -1.8116E+000   6.5793E-003   2.1203E-001  -2.0357E-001  -2.8595E+000   3.5493E-004   6.3451E-002   1.2969E-003   9.4446E-002   8.7991E-003   1.8158E-001   8.1994E-003   1.5389E-003   5.7956E-004   2.0807E-002   1.5179E-004  -1.4836E-002   2.1648E-004  -5.1778E-004  -8.4969E-005  -1.5913E-002   1.3267E-002   1.0544E-001  
 1.7580E+000  -9.0352E-001  -1.5767E+000   1.9910E-001  -3.3980E-002  -3.1537E+000   4.1066E-002   3.0111E-002   5.5142E-003  -8.9634E-002   4.4778E-003   9.6599E-002   5.8865E-002  -1.8256E-003   4.9754E-003   1.3105E-002   1.6985E-002   2.1150E-002   4.0345E-003  -3.4122E-004   5.5349E-005  -1.3006E-002   2.9178E-002   1.6591E-001  
 1.7564E+000   9.0477E-001  -1.5772E+000   1.9802E-001  -3.7612E-001  -3.1539E+000   4.0371E-002  -2.9628E-002   4.9752E-003   9.0481E-002   4.1416E-003   9.6591E-002  -4.2080E-002  -1.3321E-003  -4.9453E-003  -1.2914E-002   1.7144E-002  -2.1886E-002   3.7000E-003   2.1840E-004   7.0130E-005  -1.2793E-002   2.9967E-002   1.6666E-001  
 1.7804E+000   1.8116E+000   3.4031E-003   2.1209E-001  -2.0611E-001  -2.8595E+000  -5.3247E-004  -6.3837E-002   1.6204E-004  -9.3586E-002   8.8097E-003   1.8160E-001   8.6044E-003   1.4617E-003   3.8238E-004  -2.0770E-002  -3.2953E-004   1.4662E-002  -3.8969E-004   7.0774E-004  -7.5986E-005  -1.5918E-002   1.3133E-002   1.0503E-001  
 1.7537E+000   9.0405E-001   1.5865E+000   1.9811E-001  -3.5029E-002  -3.1521E+000  -4.1605E-002  -3.0776E-002  -3.7427E-003   9.0781E-002   4.6428E-003   9.6309E-002   5.8974E-002  -1.9274E-003   4.9394E-003  -1.3081E-002  -1.7110E-002  -2.1328E-002  -4.0574E-003   1.6154E-004  -2.1578E-004  -1.3012E-002   2.9176E-002   1.6543E-001  
 1.7520E+000  -9.0477E-001   1.5870E+000   1.9696E-001  -3.7496E-001  -3.1524E+000  -4.0903E-002   2.9426E-002  -3.1785E-003  -8.9988E-002   4.3435E-003   9.6278E-002  -4.2202E-002  -1.5537E-003  -4.7607E-003   1.2921E-002  -1.7280E-002   2.1738E-002  -3.7719E-003  -3.4348E-004   2.9679E-005  -1.2800E-002   2.9963E-002   1.6414E-001  
 2.4968E+000  -1.7757E+000   1.2250E-002   1.6088E-001  -2.0253E-001  -3.1217E+000   4.6710E-004   1.3326E-001   1.5629E-003   1.9290E-001  -4.7702E-002   1.8060E-001   8.3862E-003  -2.6298E-003   6.9458E-004   2.9010E-003   1.2883E-004  -3.6427E-002   2.5196E-004  -2.2743E-003  -4.9276E-005  -1.3661E-002   1.6401E-002   1.2766E-001  
 2.4353E+000  -8.1085E-001  -1.5563E+000   1.4221E-001  -2.6970E-001  -3.0064E+000   9.3108E-002   6.3006E-002   9.2248E-003  -1.8262E-001  -5.5287E-002   1.0156E-001   5.6141E-002   8.3534E-005   1.1290E-002   3.8530E-003   1.9173E-003   4.4715E-002   4.5107E-003  -2.6328E-003   2.1850E-003  -1.2037E-002   3.2347E-002   1.5436E-001  
 2.4300E+000   8.1535E-001  -1.5513E+000   1.4065E-001  -1.3893E-001  -3.0066E+000   9.1902E-002  -6.2025E-002   8.4016E-003   1.8304E-001  -5.5887E-002   1.0153E-001  -3.8939E-002   8.0739E-004  -1.1416E-002  -3.6871E-003   2.0442E-003  -4.5601E-002   4.1660E-003   2.4995E-003   2.3288E-003  -1.1935E-002   3.3169E-002   1.5428E-001  
 2.4970E+000   1.7756E+000   2.5405E-004   1.6093E-001  -2.0555E-001  -3.1216E+000  -7.7095E-004  -1.3364E-001  -2.0236E-004  -1.9204E-001  -4.7693E-002   1.8062E-001   8.8704E-003  -2.7471E-003   4.9949E-004  -2.8611E-003  -2.9487E-004   3.6245E-002  -4.2638E-004   2.5193E-003  -1.5110E-004  -1.3671E-002   1.6245E-002   1.2231E-001  
 2.4286E+000   8.1129E-001   1.5677E+000   1.4106E-001  -2.7085E-001  -3.0045E+000  -9.3875E-002  -6.3727E-002  -7.4157E-003   1.8388E-001  -5.5120E-002   1.0124E-001   5.6243E-002   1.7540E-005   1.1238E-002  -3.8343E-003  -2.0340E-003  -4.4893E-002  -4.5474E-003   2.4185E-003  -2.4048E-003  -1.2045E-002   3.2336E-002   1.5416E-001  
 2.4234E+000  -8.1466E-001   1.5628E+000   1.3943E-001  -1.3766E-001  -3.0049E+000  -9.2687E-002   6.1902E-002  -6.5505E-003  -1.8269E-001  -5.5681E-002   1.0117E-001  -3.9077E-002   5.2949E-004  -1.1206E-002   3.6977E-003  -2.1838E-003   4.5494E-002  -4.2222E-003  -2.6569E-003  -2.2076E-003  -1.1936E-002   3.3166E-002   1.5455E-001  
 2.8604E+000  -1.5673E+000   1.1620E-002   7.7435E-002  -2.0183E-001  -3.4412E+000   5.6691E-004   1.9540E-001   1.8005E-003   2.7776E-001  -9.3656E-002   1.6519E-001   8.5286E-003  -6.7582E-003   8.0100E-004  -1.5272E-002   1.2593E-004  -5.4300E-002   3.1545E-004  -3.0277E-003   1.8688E-005  -1.3413E-002   1.8604E-002   1.4253E-001  
 2.7919E+000  -7.0829E-001  -1.3578E+000   5.2204E-002  -5.5427E-001  -2.8336E+000   1.3861E-001   9.1717E-002   1.2727E-002  -2.6184E-001  -1.0453E-001   1.1354E-001   3.9918E-002   1.9317E-003   1.7533E-002  -6.5495E-003  -1.6310E-002   6.5202E-002   5.5596E-003  -4.3658E-003   3.0349E-003  -1.3691E-002   3.3094E-002   1.6559E-001  
 2.7861E+000   7.1184E-001  -1.3527E+000   5.0108E-002   1.4684E-001  -2.8338E+000   1.3688E-001  -9.0264E-002   1.1652E-002   2.6179E-001  -1.0539E-001   1.1356E-001  -2.2303E-002   2.8564E-003  -1.7794E-002   6.8300E-003  -1.6382E-002  -6.6295E-002   5.1644E-003   4.2157E-003   3.2794E-003  -1.3729E-002   3.3858E-002   1.6319E-001  
 2.8606E+000   1.5669E+000   8.2441E-004   7.7455E-002  -2.0509E-001  -3.4412E+000  -9.5360E-004  -1.9578E-001  -5.0968E-004  -2.7689E-001  -9.3660E-002   1.6520E-001   9.0622E-003  -6.9049E-003   6.1386E-004   1.5336E-002  -2.9390E-004   5.4112E-002  -4.9192E-004   3.2909E-003  -2.3194E-004  -1.3441E-002   1.8410E-002   1.3959E-001  
 2.7847E+000   7.0867E-001   1.3692E+000   5.0988E-002  -5.5544E-001  -2.8317E+000  -1.3952E-001  -9.2470E-002  -1.0887E-002   2.6316E-001  -1.0435E-001   1.1319E-001   4.0025E-002   1.8999E-003   1.7469E-002   6.5654E-003   1.6194E-002  -6.5380E-002  -5.6065E-003   4.1366E-003  -3.2812E-003  -1.3699E-002   3.3089E-002   1.6590E-001  
 2.7789E+000  -7.1114E-001   1.3639E+000   4.8813E-002   1.4815E-001  -2.8320E+000  -1.3782E-001   9.0185E-002  -9.7621E-003  -2.6154E-001  -1.0518E-001   1.1318E-001  -2.2452E-002   2.5523E-003  -1.7559E-002  -6.8151E-003   1.6243E-002   6.6211E-002  -5.2058E-003  -4.3775E-003  -3.1492E-003  -1.3730E-002   3.3858E-002   1.6423E-001  
 2.7530E+000  -1.0769E+000  -1.1802E+000   8.1498E-002  -5.3416E-001  -3.0391E+000   1.0842E-001   1.2400E-001   1.8702E-001  -1.7040E-001  -9.0643E-002   1.3084E-001   4.8682E-002   1.0873E-002   5.9670E-003  -6.6172E-003  -1.0658E-002   4.4312E-002  -3.6209E-002   1.9291E-003   2.5138E-003  -1.3232E-002   2.9169E-002   1.5876E-001  
 2.7464E+000   1.0751E+000  -1.1789E+000   7.9224E-002   1.2681E-001  -3.0395E+000   1.0654E-001  -1.2265E-001   1.8548E-001   1.7059E-001  -9.1607E-002   1.3093E-001  -3.1248E-002   1.1894E-002  -5.7458E-003   6.7657E-003  -1.0711E-002  -4.5187E-002  -3.7024E-002  -1.9845E-003   2.7615E-003  -1.3217E-002   3.0299E-002   1.6291E-001  
 2.7472E+000   1.0766E+000   1.1919E+000   8.0537E-002  -5.3604E-001  -3.0374E+000  -1.0912E-001  -1.2477E-001  -1.8535E-001   1.7184E-001  -9.0516E-002   1.3056E-001   4.8873E-002   1.0839E-002   5.9450E-003   6.6768E-003   1.0522E-002  -4.4435E-002   3.6155E-002  -2.0431E-003  -2.8573E-003  -1.3266E-002   2.9136E-002   1.5829E-001  
 2.7406E+000  -1.0744E+000   1.1899E+000   7.8186E-002   1.2878E-001  -3.0379E+000  -1.0726E-001   1.2265E-001  -1.8376E-001  -1.7041E-001  -9.1423E-002   1.3061E-001  -3.1527E-002   1.1709E-002  -5.4706E-003  -6.7467E-003   1.0537E-002   4.5113E-002   3.6889E-002   2.0039E-003  -2.6718E-003  -1.3202E-002   3.0330E-002   1.6161E-001  
