-1.4232E-001   1.2389E-001   2.8083E-002   4.2901E-002   2.5926E-003   2.7630E-003  -3.0485E-004   2.6630E-003  -1.2251E-003   7.1740E-002   8.0949E-002   3.4883E-004   4.1931E-004   3.9947E-003  -5.5837E-003  -6.8227E-003  -2.0327E-003  -1.3657E-001   1.3929E-004   3.0470E+000  -3.1730E-002  -2.6270E-002   6.8352E-001   1.7436E+000  
 8.1276E-002  -6.1501E-001   2.8554E-002   7.2866E-002   2.6786E-003   6.8667E-002  -4.9523E-004   3.5565E-003  -2.6568E-003   1.0256E-001   7.4939E-002  -1.5785E-003  -4.1218E-004   2.1666E-001  -9.2217E-003   5.8666E-003  -2.1450E-003  -1.4490E-001   5.5921E-004   3.0162E+000  -3.0726E-002  -2.6042E-002   6.7908E-001   1.9431E+000  
 7.8365E-002  -2.4231E-001  -6.0773E-001   7.1101E-002   5.4242E-002  -2.5822E-002   2.2214E-004   2.7633E-003  -2.8648E-002   5.1030E-002   7.4415E-002  -6.8134E-003   1.4683E-002   1.0713E-001  -2.2500E-001  -6.3111E-004   9.8920E-003  -1.2728E-001   8.7962E-003   3.0155E+000  -2.7004E-002  -2.4961E-002   6.7792E-001   1.9912E+000  
 6.7519E-002   4.9398E-001  -6.1336E-001   6.9541E-002  -4.7724E-002  -2.8588E-002   4.5663E-004   2.1951E-003   2.5486E-002   5.5347E-002   7.5378E-002   8.4966E-004   8.8877E-004  -1.0612E-001  -2.2134E-001  -1.3792E-002   1.0200E-002  -1.2796E-001  -8.8946E-003   3.0162E+000  -3.4549E-002  -2.3773E-002   6.7738E-001   1.9972E+000  
 5.9841E-002   8.5722E-001   2.7394E-002   6.8708E-002   2.2521E-003   5.4409E-002  -1.9742E-004   2.2980E-003  -8.6388E-004   9.6487E-002   7.6185E-002   1.8736E-002   1.2651E-003  -2.0924E-001  -1.8103E-003  -2.0112E-002  -1.6382E-003  -1.4257E-001   5.5094E-004   3.0184E+000  -3.0868E-002  -2.3797E-002   6.7858E-001   1.9793E+000  
 6.2714E-002   4.9280E-001   6.6845E-001   7.0590E-002   5.2604E-002  -2.7710E-002  -1.2428E-003   2.3917E-003  -2.6439E-002   5.6398E-002   7.6616E-002  -8.1826E-004   5.9018E-004  -9.9283E-002   2.1432E-001  -1.3143E-002  -1.3230E-002  -1.2874E-001   8.7566E-003   3.0176E+000  -2.7945E-002  -2.5034E-002   6.7678E-001   1.9685E+000  
 7.3437E-002  -2.4314E-001   6.6398E-001   7.2455E-002  -4.8777E-002  -2.4662E-002  -1.3452E-003   3.0978E-003   2.5935E-002   5.3285E-002   7.5403E-002  -8.7788E-003  -1.4979E-002   1.1397E-001   2.1036E-001  -5.1106E-004  -1.3252E-002  -1.2881E-001  -8.9124E-003   3.0159E+000  -3.5466E-002  -2.6541E-002   6.7663E-001   1.9549E+000  
 8.5235E-001  -1.3765E+000   2.8849E-002   1.5380E-001   2.3899E-003   2.4131E-001  -7.1938E-004   1.8137E-002  -5.6629E-003   2.3041E-001   5.3575E-002   5.0053E-003  -1.0714E-003   4.4176E-001  -1.2583E-002   1.2356E-002  -1.9020E-003  -1.7432E-001   2.0352E-003   2.9069E+000  -2.7219E-002  -2.3386E-002   6.5892E-001   2.0994E+000  
 8.4660E-001  -6.1103E-001  -1.2495E+000   1.5149E-001   1.8288E-001  -1.1329E-001   1.1260E-002   7.8580E-003  -1.2865E-001  -4.2379E-002   5.0316E-002  -1.7073E-002   4.6690E-002   2.1942E-001  -4.5643E-001   4.6370E-003   1.8657E-002  -9.1891E-002   3.8684E-002   2.9040E+000  -1.2056E-002  -1.9734E-002   6.5275E-001   2.1734E+000  
 8.2042E-001   8.7517E-001  -1.2734E+000   1.4934E-001  -1.7739E-001  -9.1940E-002   1.2367E-002  -6.1975E-003   1.2646E-001   1.1277E-002   5.0937E-002  -1.4760E-002  -1.3736E-002  -2.2573E-001  -4.4909E-001  -1.8853E-002   2.1603E-002  -1.0348E-001  -3.9989E-002   2.9044E+000  -4.4811E-002  -2.0504E-002   6.5105E-001   2.1699E+000  
 8.0436E-001   1.5942E+000   2.6324E-002   1.4819E-001   1.5961E-003   1.7952E-001  -2.4139E-004  -1.0508E-002  -1.9059E-003   1.7445E-001   4.9474E-002   6.5233E-002   1.9570E-003  -4.3687E-001   2.0688E-003  -3.4488E-002  -8.7466E-004  -1.6104E-001   1.8945E-003   2.9110E+000  -2.7720E-002  -1.6973E-002   6.5777E-001   2.1130E+000  
 8.0993E-001   8.7206E-001   1.3258E+000   1.5100E-001   1.8137E-001  -9.0208E-002  -1.4178E-002  -6.0178E-003  -1.2412E-001   1.2068E-002   5.2470E-002  -1.7474E-002   1.5213E-002  -2.1179E-001   4.4792E-001  -1.7537E-002  -2.2671E-002  -1.0376E-001   3.8503E-002   2.9084E+000  -1.3674E-002  -2.0799E-002   6.5100E-001   2.1508E+000  
 8.3570E-001  -6.1222E-001   1.3043E+000   1.5442E-001  -1.7667E-001  -1.1027E-001  -1.3606E-002   8.5586E-003   1.2741E-001  -3.6185E-002   5.1069E-002  -2.1067E-002  -4.8556E-002   2.3333E-001   4.3850E-001   4.2669E-003  -1.9257E-002  -9.5433E-002  -4.0112E-002   2.9035E+000  -4.7190E-002  -2.0207E-002   6.4956E-001   2.1671E+000  
 1.7516E+000  -1.8233E+000   3.4847E-002   2.0098E-001   1.7025E-003   2.8027E-001  -9.2942E-004   6.0194E-002  -9.0964E-003   4.3778E-001   1.1569E-002   8.3225E-003  -1.1718E-003   5.8526E-001  -1.3871E-002   2.1852E-002  -1.6353E-003  -2.0705E-001   3.5902E-003   2.7757E+000  -2.3010E-002  -6.1951E-003   6.2438E-001   2.0762E+000  
 1.7583E+000  -7.7210E-001  -1.5299E+000   1.9389E-001   1.7397E-001  -1.4708E-001   4.7692E-002   2.8084E-002  -2.6534E-001  -2.0483E-001   8.4131E-003  -2.0090E-002   7.6230E-002   2.9704E-001  -6.0269E-001   5.8332E-003   2.4882E-002  -4.5104E-002   7.2795E-002   2.7698E+000   3.9169E-003  -6.7441E-003   6.1299E-001   2.2024E+000  
 1.7143E+000   1.0546E+000  -1.5857E+000   1.8304E-001  -1.6916E-001  -4.9860E-002   4.6914E-002  -2.7696E-002   2.6564E-001  -1.8823E-002   4.4466E-003  -3.4583E-002  -2.3137E-002  -3.0605E-001  -5.9577E-001  -1.5174E-002   1.1913E-002  -8.5403E-002  -7.5022E-002   2.7698E+000  -5.4780E-002  -2.0598E-002   6.0966E-001   2.1010E+000  
 1.7065E+000   1.8278E+000   3.0868E-002   1.7627E-001   9.5860E-004   1.2023E-001  -5.9401E-004  -5.2071E-002  -4.0706E-003   2.5086E-001   2.4014E-003   1.0565E-001   1.8740E-003  -5.8637E-001   4.0367E-003  -2.1387E-002  -4.2873E-004  -1.6664E-001   3.0329E-003   2.7814E+000  -2.4129E-002  -2.2226E-002   6.2102E-001   2.0618E+000  
 1.6996E+000   1.0497E+000   1.6350E+000   1.8386E-001   1.7188E-001  -4.7752E-002  -4.9783E-002  -2.7541E-002  -2.5942E-001  -1.9956E-002   5.4694E-003  -3.6821E-002   2.3752E-002  -2.8809E-001   5.9956E-001  -1.4057E-002  -1.3006E-002  -8.4410E-002   7.2236E-002   2.7762E+000   1.2468E-003  -2.1691E-002   6.1099E-001   2.1028E+000  
 1.7430E+000  -7.7300E-001   1.5820E+000   1.9623E-001  -1.6670E-001  -1.4225E-001  -5.0719E-002   2.8466E-002   2.6694E-001  -1.9453E-001   9.2728E-003  -2.4165E-002  -7.8645E-002   3.1499E-001   5.8294E-001   5.5298E-003  -2.4746E-002  -4.9384E-002  -7.5434E-002   2.7674E+000  -5.9676E-002  -7.2347E-003   6.0859E-001   2.1968E+000  
 2.3359E+000  -2.3791E+000   5.9120E-002   1.7215E-001   7.9042E-004   8.8684E-002  -1.1931E-003   1.4320E-001  -1.2154E-002   6.9102E-001  -3.8452E-002   1.2346E-002  -9.3398E-004   6.8704E-001  -1.3690E-002   3.3840E-002  -1.7074E-003  -2.1342E-001   4.3097E-003   2.7044E+000  -1.9855E-002   8.4857E-003   5.7522E-001   2.0704E+000  
 2.5565E+000  -4.1821E-001  -1.5328E+000   1.5819E-001  -5.4556E-002  -8.6318E-002   1.2587E-001   6.0721E-002  -4.1626E-001  -4.1050E-001  -3.7715E-002  -3.5936E-002   8.7103E-002   3.5627E-001  -7.0319E-001  -3.1690E-003   3.7512E-002  -1.7934E-002   7.2451E-002   2.6974E+000   1.2343E-002   7.2832E-003   5.5843E-001   1.8706E+000  
 2.3161E+000   1.3951E+000  -1.5408E+000   1.1029E-001   7.3266E-002   1.6028E-001   8.0148E-002  -6.0249E-002   4.1925E-001  -3.1046E-002  -6.6471E-002  -1.6184E-002  -5.9528E-003  -3.6157E-001  -7.0464E-001  -7.1632E-003  -3.0624E-002  -1.0290E-001  -7.4690E-002   2.6981E+000  -5.7420E-002  -3.1478E-002   5.5226E-001   1.8654E+000  
 2.4950E+000   1.1453E+000   5.2441E-002   9.5682E-002   6.6128E-004  -2.3331E-001  -1.2412E-003  -9.7138E-002  -6.6427E-003   3.1464E-001  -6.5039E-002   9.3979E-002   1.3077E-003  -7.0169E-001   4.6117E-003   2.6700E-002  -7.2750E-004  -1.2758E-001   2.9714E-003   2.7141E+000  -2.1928E-002  -3.4517E-002   5.6718E-001   1.9050E+000  
 2.2754E+000   1.3384E+000   1.5230E+000   1.1018E-001  -7.2289E-002   1.6227E-001  -8.2765E-002  -5.9279E-002  -4.0936E-001  -3.6150E-002  -6.5724E-002  -1.8059E-002   6.0524E-003  -3.4162E-001   7.1173E-001  -5.1391E-003   3.0543E-002  -1.0252E-001   7.1760E-002   2.7063E+000   6.1250E-003  -3.3191E-002   5.5478E-001   1.8778E+000  
 2.5145E+000  -3.6857E-001   1.5149E+000   1.5918E-001   6.3732E-002  -7.9638E-002  -1.2903E-001   6.0384E-002   4.2071E-001  -3.9571E-001  -3.7474E-002  -3.9107E-002  -8.9764E-002   3.7589E-001   6.8204E-001  -4.2593E-003  -3.6377E-002  -2.1423E-002  -7.5542E-002   2.6928E+000  -6.6405E-002   6.1864E-003   5.5367E-001   1.8702E+000  
 2.6515E+000  -2.2003E+000   5.4486E-002   9.1972E-002   8.9923E-005  -1.7515E-001  -1.4427E-003   2.0796E-001  -1.4035E-002   8.8302E-001  -9.1953E-002  -5.8364E-003  -6.0234E-004   7.4844E-001  -1.2983E-002   1.0846E-002  -1.9856E-003  -2.1486E-001   4.3803E-003   2.6866E+000  -1.8070E-002  -7.7924E-003   5.3984E-001   1.9803E+000  
 2.9337E+000  -2.6653E-001  -1.4350E+000   8.3877E-002  -3.3347E-001   4.0226E-003   1.9846E-001   8.5299E-002  -5.3275E-001  -5.7205E-001  -8.1055E-002  -4.7209E-002   7.5765E-002   3.9749E-001  -7.6500E-001  -1.9436E-002   3.2943E-002  -3.9264E-003   5.4335E-002   2.6797E+000   1.6485E-002   2.3719E-003   5.2092E-001   1.7601E+000  
 2.6532E+000   1.3308E+000  -1.2641E+000   9.9537E-003   3.6135E-001   3.9744E-001   1.0560E-001  -9.2891E-002   5.3762E-001  -2.7480E-002  -1.1926E-001   1.3088E-002   1.4410E-002  -3.9867E-001  -7.7449E-001  -3.7670E-003  -6.0954E-002  -1.2704E-001  -5.6217E-002   2.6805E+000  -5.9506E-002  -2.8827E-002   5.1441E-001   1.6905E+000  
 2.8976E+000   8.8890E-001   4.6785E-002   4.2204E-004   7.7444E-004  -6.2649E-001  -1.7435E-003  -1.4512E-001  -8.4378E-003   3.4479E-001  -1.0779E-001   7.4822E-002   8.5977E-004  -7.7524E-001   4.6761E-003   4.4316E-002  -1.1650E-003  -9.0187E-002   2.4775E-003   2.6980E+000  -2.1088E-002  -2.0183E-002   5.3091E-001   1.8683E+000  
 2.6163E+000   1.2724E+000   1.2444E+000   9.1195E-003  -3.6236E-001   3.9927E-001  -1.0794E-001  -9.1316E-002  -5.2528E-001  -3.5655E-002  -1.1856E-001   1.1418E-002  -1.4912E-002  -3.7734E-001   7.8403E-001  -1.2987E-003   6.1131E-002  -1.2729E-001   5.3563E-002   2.6893E+000   8.9647E-003  -3.0425E-002   5.1738E-001   1.6994E+000  
 2.8954E+000  -2.1545E-001   1.4142E+000   8.3610E-002   3.4484E-001   1.2092E-002  -2.0118E-001   8.4331E-002   5.3884E-001  -5.5390E-001  -8.1372E-002  -4.9458E-002  -7.8015E-002   4.1794E-001   7.4215E-001  -2.1077E-002  -3.1370E-002  -6.3725E-003  -5.7584E-002   2.6736E+000  -6.9914E-002   1.1070E-003   5.1656E-001   1.7403E+000  
 2.8825E+000  -8.1181E-001  -7.4426E-001   3.4640E-002  -4.6464E-001  -1.1930E-001   1.1110E-001   8.1175E-002  -4.1643E-001  -1.6765E-001  -1.0100E-001  -3.0303E-002   5.9577E-002   5.5125E-001  -6.1993E-001  -5.5931E-002  -1.6732E-002  -5.7233E-002   2.4283E-002   2.6904E+000   2.1689E-002  -2.5361E-002   5.2816E-001   1.7769E+000  
 2.5717E+000   1.5082E+000  -1.4999E+000   9.8198E-002   1.9494E-001   1.1639E-001   1.2107E-001  -1.5149E-001   7.6595E-001   1.9598E-001  -8.1003E-002   3.2960E-002  -1.9140E-002  -5.3844E-001  -6.0249E-001  -3.9230E-002   4.0393E-004  -1.3947E-001  -1.0664E-001   2.6806E+000  -6.3045E-002  -1.0296E-003   5.3158E-001   1.8907E+000  
 2.5411E+000   1.4414E+000   1.5137E+000   9.7203E-002  -1.9578E-001   1.2025E-001  -1.2252E-001  -1.5264E-001  -7.6322E-001   1.8662E-001  -7.9414E-002   3.0087E-002   2.1569E-002  -5.2187E-001   6.1456E-001  -3.7451E-002  -3.9331E-004  -1.3934E-001   1.0694E-001   2.6890E+000   1.5910E-002  -1.1741E-003   5.3301E-001   1.8785E+000  
 2.8496E+000  -7.5155E-001   7.5806E-001   3.6231E-002   4.7291E-001  -1.0988E-001  -1.1367E-001   8.1962E-002   4.1104E-001  -1.5028E-001  -9.9371E-002  -3.5193E-002  -6.3426E-002   5.6754E-001   5.9273E-001  -5.6365E-002   1.7788E-002  -6.0752E-002  -2.4454E-002   2.6831E+000  -7.0817E-002  -2.5507E-002   5.2198E-001   1.7537E+000  
