-1.5232E-001  -4.6589E-003   6.3226E-003   4.4088E-002   1.0634E+000   3.8550E-003   2.5991E-003  -2.0451E-004  -1.5066E-003   1.4726E-003   8.0289E-002  -1.1176E-003  -1.5430E+000  -3.0935E-003  -1.1012E-002   1.3252E-004  -2.8820E-004   7.3551E-004  -8.4010E-004  -2.1335E-003  -1.1545E-003  -2.6289E-002   4.9340E-001   1.8948E+000  
 5.9920E-002  -7.4066E-001  -5.9272E-001   7.1882E-002   1.0380E+000   6.2990E-002  -6.0298E-002   4.6687E-004  -1.9096E-001   3.8472E-003   7.4892E-002   7.3922E-003  -1.5466E+000  -4.1737E-003   1.6713E-003   1.3175E-002  -9.9492E-003   3.3511E-004   8.5059E-002  -4.3590E-003  -3.5936E-003  -2.4972E-002   4.9718E-001   2.0194E+000  
 9.0847E-003  -8.9073E-001  -9.2884E-001   6.2786E-002   1.0873E+000  -2.5664E-002  -2.9101E-002  -5.4636E-002  -9.6153E-002   1.7142E-001   7.3563E-002  -5.6573E-003  -1.5386E+000  -1.6297E-002  -1.7609E-002  -8.4402E-004   8.1088E-003  -7.2347E-002   4.1919E-002  -3.9986E-003   2.1643E-003  -2.1411E-002   4.9891E-001   2.1135E+000  
 1.1427E-001  -1.5462E-001  -3.3248E-001   8.1855E-002   9.8564E-001  -2.7139E-002   3.4725E-002  -5.5351E-002   9.3106E-002   1.7580E-001   7.6236E-002  -5.2495E-003  -1.5530E+000   9.5613E-003  -1.7242E-002  -1.3896E-002   1.4670E-002  -7.3484E-002  -4.3573E-002  -2.0594E-003  -5.3173E-004  -2.8883E-002   4.9575E-001   2.1309E+000  
 6.1219E-002   7.3145E-001   6.0529E-001   7.2105E-002   1.0381E+000   6.2270E-002   6.5501E-002  -9.0102E-004   1.8765E-001  -1.1140E-003   7.4884E-002   6.9540E-003  -1.5462E+000  -2.8483E-003   3.6355E-003  -1.2971E-002   9.3943E-003   1.0543E-003  -8.6509E-002  -1.0561E-004   1.8766E-003  -2.5029E-002   4.9720E-001   2.0178E+000  
 7.5255E-003   8.8126E-001   9.4154E-001   6.2378E-002   1.0888E+000  -2.4303E-002   3.4201E-002   5.4237E-002   9.3541E-002  -1.6852E-001   7.3740E-002  -5.8435E-003  -1.5382E+000  -1.4693E-002  -1.8429E-002   1.1553E-003  -8.6797E-003   7.3691E-002  -4.3550E-002   3.7418E-004  -4.3635E-003  -2.1353E-002   4.9885E-001   2.1148E+000  
 1.1140E-001   1.4527E-001   3.4542E-001   8.1272E-002   9.8710E-001  -2.5026E-002  -2.9689E-002   5.4948E-002  -9.6186E-002  -1.7257E-001   7.6400E-002  -5.0571E-003  -1.5530E+000   9.9298E-003  -2.0128E-002   1.4167E-002  -1.5363E-002   7.4651E-002   4.2128E-002  -2.0570E-003  -2.0775E-003  -2.8831E-002   4.9570E-001   2.1327E+000  
 8.1703E-001  -1.4896E+000  -1.3036E+000   1.5199E-001   9.3288E-001   2.1224E-001  -1.4758E-001   1.4084E-002  -4.1574E-001   2.7538E-002   5.0933E-002   3.4499E-002  -1.5442E+000  -6.6799E-003   5.1961E-002   2.3414E-002  -5.5374E-004  -4.4691E-003   1.7925E-001  -6.6193E-003  -2.0046E-002  -2.0107E-002   4.9758E-001   2.1185E+000  
 5.5266E-001  -1.8704E+000  -1.9143E+000   1.2668E-001   1.1039E+000  -9.7442E-002  -7.4733E-002  -1.3094E-001  -2.0736E-001   3.4887E-001   2.6120E-002  -2.5582E-002  -1.5028E+000  -6.2493E-002  -4.3111E-002   2.5654E-002   4.3992E-002  -1.4611E-001   8.9039E-002  -4.9793E-003   1.9321E-002   3.8326E-003   4.9784E-001   2.3349E+000  
 1.0891E+000  -3.8495E-001  -6.4299E-001   1.7953E-001   7.4461E-001  -1.0620E-001   1.0348E-001  -1.4560E-001   2.0449E-001   4.0148E-001   7.6115E-002  -1.3263E-002  -1.5640E+000   5.6477E-002  -4.4293E-002   2.5209E-003  -3.6304E-003  -1.5727E-001  -9.0215E-002  -1.4195E-003  -1.4262E-002  -4.4715E-002   4.8343E-001   2.3233E+000  
 8.1985E-001   1.4808E+000   1.3159E+000   1.5261E-001   9.3303E-001   2.1080E-001   1.5284E-001  -1.4553E-002   4.1128E-001  -2.5568E-002   5.0836E-002   3.3542E-002  -1.5436E+000  -3.7042E-003   5.5573E-002  -2.3346E-002  -2.1018E-005   5.6434E-003  -1.7996E-001   1.4967E-003   2.0328E-002  -2.0251E-002   4.9762E-001   2.1166E+000  
 5.4927E-001   1.8604E+000   1.9272E+000   1.2581E-001   1.1070E+000  -9.4648E-002   7.9488E-002   1.3063E-001   2.0610E-001  -3.4611E-001   2.6410E-002  -2.5820E-002  -1.5019E+000  -5.9422E-002  -4.4466E-002  -2.5120E-002  -4.4640E-002   1.4704E-001  -9.0504E-002   3.4833E-003  -2.1175E-002   3.9957E-003   4.9778E-001   2.3366E+000  
 1.0828E+000   3.7554E-001   6.5709E-001   1.7850E-001   7.4780E-001  -1.0163E-001  -9.9081E-002   1.4526E-001  -2.0788E-001  -3.9710E-001   7.6293E-002  -1.3136E-002  -1.5644E+000   5.7450E-002  -5.0278E-002  -2.2641E-003   2.7725E-003   1.5741E-001   8.9538E-002  -2.2679E-003   1.0451E-002  -4.4775E-002   4.8365E-001   2.3264E+000  
 1.7166E+000  -1.8283E+000  -2.9687E+000   1.8930E-001   7.6452E-001   2.0214E-001  -2.4969E-001   5.5658E-002  -5.9096E-001   9.1497E-002   6.7002E-003   5.6884E-002  -1.4937E+000  -1.0820E-002   1.1994E-001   2.1425E-002   4.2325E-002  -1.7905E-002   2.1816E-001  -8.1973E-003  -5.7256E-002  -1.3926E-002   4.6182E-001   1.9161E+000  
 1.1279E+000  -2.5111E+000  -2.4522E+000   1.6966E-001   9.1646E-001  -8.7535E-002  -1.2080E-001  -2.1668E-001  -2.9350E-001   4.4016E-001  -6.4933E-002  -4.5629E-002  -1.4187E+000  -1.2165E-001  -7.5585E-002   7.7776E-002   9.0644E-002  -1.6277E-001   1.0789E-001  -5.0635E-003   5.7561E-002   3.1272E-002   4.6471E-001   2.4197E+000  
 2.3179E+000  -6.8564E-001  -6.9152E-001   2.1216E-001   5.7504E-001  -1.0732E-001   2.2181E-001  -2.7331E-001   2.9071E-001   6.2281E-001   7.8727E-002  -1.6058E-002  -1.5182E+000   1.1854E-001  -8.1935E-002   5.6599E-002  -5.4343E-002  -2.0071E-001  -1.0844E-001  -2.2933E-004  -5.0165E-002  -5.9613E-002   4.3830E-001   2.3463E+000  
 1.7209E+000   1.8205E+000   2.9812E+000   1.9045E-001   7.6485E-001   2.0040E-001   2.5499E-001  -5.6015E-002   5.8506E-001  -9.0536E-002   6.5073E-003   5.5601E-002  -1.4931E+000  -6.3586E-003   1.2377E-001  -2.1460E-002  -4.3057E-002   1.8917E-002  -2.1828E-001   2.5747E-003   5.9733E-002  -1.4025E-002   4.6161E-001   1.9194E+000  
 1.1231E+000   2.5003E+000   2.4654E+000   1.6839E-001   9.2051E-001  -8.3925E-002   1.2514E-001   2.1640E-001   2.9388E-001  -4.3759E-001  -6.4657E-002  -4.5739E-002  -1.4175E+000  -1.1804E-001  -7.6693E-002  -7.6994E-002  -9.1472E-002   1.6325E-001  -1.0895E-001   5.8879E-003  -5.8818E-002   3.1399E-002   4.6478E-001   2.4214E+000  
 2.3088E+000   6.7619E-001   7.0717E-001   2.1097E-001   5.7959E-001  -1.0094E-001  -2.1801E-001   2.7306E-001  -2.9461E-001  -6.1688E-001   7.9012E-002  -1.6299E-002  -1.5192E+000   1.2028E-001  -8.9786E-002  -5.6425E-002   5.3652E-002   1.9994E-001   1.0844E-001  -3.1320E-003   4.4825E-002  -5.9668E-002   4.3892E-001   2.3510E+000  
 2.3999E+000  -1.7537E+000  -8.6081E+000   1.3400E-001   5.8789E-001  -7.0833E-002  -3.4128E-001   1.1985E-001  -7.1443E-001   1.8463E-001  -5.1969E-002   5.3155E-002  -1.4318E+000  -1.8740E-002   1.7685E-001   3.1885E-003   7.2443E-002  -4.0873E-002   2.0834E-001  -1.0855E-002  -1.0665E-001  -1.2790E-002   4.3203E-001   1.7369E+000  
-1.2206E-001  -6.0410E+000  -1.2740E+000   1.0437E-001   4.8552E-001   5.7997E-002  -1.4986E-001  -2.8713E-001  -3.5610E-001   4.5811E-001  -1.5794E-001  -4.7722E-002  -1.3574E+000  -1.6450E-001  -9.5929E-002   9.2138E-002   8.7850E-002  -1.2134E-001   1.0121E-001  -3.1548E-003   1.0995E-001   1.9710E-002   4.3872E-001   2.3923E+000  
 4.9512E+000  -4.2580E+000  -1.7323E+000   1.6800E-001   6.1609E-001   1.8676E-002   3.6254E-001  -4.0800E-001   3.5300E-001   8.2960E-001   5.4326E-002  -1.0566E-002  -1.4504E+000   1.6811E-001  -1.1383E-001   8.8915E-002  -8.2778E-002  -2.0439E-001  -1.0160E-001   4.2741E-003  -9.8303E-002  -4.5355E-002   4.0688E-001   2.2898E+000  
 2.4061E+000   1.7534E+000   8.6200E+000   1.3559E-001   5.8859E-001  -7.2494E-002   3.4654E-001  -1.2002E-001   7.0728E-001  -1.8472E-001  -5.2146E-002   5.1811E-002  -1.4312E+000  -1.2858E-002   1.8021E-001  -3.2478E-003  -7.3367E-002   4.1750E-002  -2.0838E-001   4.9520E-003   1.1053E-001  -1.2795E-002   4.3133E-001   1.7397E+000  
-1.2860E-001   6.0162E+000   1.2889E+000   1.0287E-001   4.9002E-001   6.1792E-002   1.5392E-001   2.8675E-001   3.5776E-001  -4.5577E-001  -1.5764E-001  -4.7862E-002  -1.3562E+000  -1.6087E-001  -9.6309E-002  -9.1201E-002  -8.8807E-002   1.2151E-001  -1.0185E-001   5.4234E-003  -1.1062E-001   1.9760E-002   4.3896E-001   2.3954E+000  
 4.9328E+000   4.2563E+000   1.7494E+000   1.6641E-001   6.2174E-001   2.6403E-002  -3.5912E-001   4.0789E-001  -3.5747E-001  -8.2244E-001   5.4480E-002  -1.0997E-002  -1.4516E+000   1.7048E-001  -1.2272E-001  -8.8933E-002   8.2529E-002   2.0291E-001   1.0180E-001  -7.4462E-003   9.2235E-002  -4.5653E-002   4.0820E-001   2.2952E+000  
 2.7594E+000  -1.5364E+000  -8.3821E+000   4.6317E-002   4.5890E-001  -3.9969E-001  -4.0087E-001   1.7630E-001  -7.8578E-001   2.6447E-001  -1.0012E-001   3.4766E-002  -1.3954E+000  -2.5699E-002   2.0294E-001  -1.6639E-002   8.1819E-002  -6.0473E-002   1.7988E-001  -1.2271E-002  -1.4346E-001  -1.3516E-002   4.1709E-001   1.6412E+000  
-1.1009E-002  -5.2799E+000  -9.0466E-001  -1.4692E-002   4.6295E-002   2.3511E-001  -1.7110E-001  -3.3527E-001  -3.9383E-001   4.4857E-001  -2.3223E-001  -3.4694E-002  -1.3464E+000  -1.7840E-001  -1.0015E-001   7.9922E-002   5.7661E-002  -6.6533E-002   8.4662E-002   5.5405E-004   1.4922E-001   1.6453E-003   4.2587E-001   2.3335E+000  
 5.5601E+000  -3.7135E+000  -1.7348E+000   1.1165E-001   7.4535E-001   1.6954E-001   4.8192E-001  -5.1272E-001   3.9071E-001   9.8160E-001   3.2238E-002  -4.8942E-003  -1.4073E+000   1.8777E-001  -1.2860E-001   9.6724E-002  -8.7609E-002  -1.8840E-001  -8.4791E-002   9.3300E-003  -1.3592E-001  -2.9400E-002   3.9287E-001   2.2186E+000  
 2.7655E+000   1.5361E+000   8.3900E+000   4.7935E-002   4.6003E-001  -4.0132E-001   4.0610E-001  -1.7623E-001   7.7784E-001  -2.6526E-001  -1.0047E-001   3.3242E-002  -1.3947E+000  -1.8801E-002   2.0599E-001   1.6772E-002  -8.2819E-002   6.1358E-002  -1.8001E-001   6.1901E-003   1.4788E-001  -1.3640E-002   4.1605E-001   1.6430E+000  
-1.7777E-002   5.2615E+000   9.1872E-001  -1.6186E-002   5.0970E-002   2.3882E-001   1.7496E-001   3.3477E-001   3.9619E-001  -4.4640E-001  -2.3180E-001  -3.4953E-002  -1.3451E+000  -1.7480E-001  -9.9866E-002  -7.8951E-002  -5.8769E-002   6.6553E-002  -8.5049E-002   2.3828E-003  -1.4955E-001   1.7779E-003   4.2631E-001   2.3368E+000  
 5.5409E+000   3.7148E+000   1.7471E+000   1.0952E-001   7.5182E-001   1.7823E-001  -4.7846E-001   5.1258E-001  -3.9559E-001  -9.7352E-001   3.2160E-002  -5.2357E-003  -1.4084E+000   1.9046E-001  -1.3818E-001  -9.7049E-002   8.7862E-002   1.8668E-001   8.5012E-002  -1.2518E-002   1.2965E-001  -2.9905E-002   3.9477E-001   2.2254E+000  
-4.6069E-001  -2.6041E+000  -2.7329E+000   3.9143E-003   8.7690E-002   9.7648E-003  -2.6787E-001  -2.7435E-001  -3.7403E-001   3.9569E-001  -2.3472E-001  -4.2231E-003  -1.3365E+000  -1.9682E-001  -9.5360E-003   8.1727E-002   8.0545E-002  -6.9397E-002   6.3432E-002   8.9390E-002   1.0151E-001   8.1242E-003   4.3089E-001   2.4050E+000  
 5.8751E+000  -3.2343E-001   5.1473E-001   1.3381E-001   7.5002E-001  -7.9031E-003   5.0533E-001  -5.0832E-001   7.2620E-001   7.4967E-001   5.3795E-002  -1.1273E-005  -1.4160E+000   2.1410E-001  -1.5108E-002   9.8689E-002  -9.8188E-002  -1.5018E-001  -1.4636E-001   8.8567E-002  -9.0765E-002  -3.4976E-002   3.9148E-001   2.2774E+000  
-4.6216E-001   2.5839E+000   2.7438E+000   2.6024E-003   9.1029E-002   1.3299E-002   2.7184E-001   2.7369E-001   3.7451E-001  -3.9488E-001  -2.3447E-001  -5.0594E-003  -1.3343E+000  -1.9400E-001  -9.4187E-003  -8.1502E-002  -8.1072E-002   6.9264E-002  -6.3745E-002  -8.8609E-002  -9.9626E-002   8.6732E-003   4.3166E-001   2.4096E+000  
 5.8586E+000   3.3506E-001  -5.0570E-001   1.3233E-001   7.5419E-001   3.0578E-004  -5.0209E-001   5.0825E-001  -7.3369E-001  -7.4331E-001   5.4352E-002  -8.2574E-004  -1.4171E+000   2.1392E-001  -2.4964E-002  -9.8240E-002   9.7624E-002   1.4895E-001   1.4826E-001  -9.4232E-002   8.6728E-002  -3.4888E-002   3.9142E-001   2.2793E+000  
