-1.4165E-001  -2.9224E+000   8.2376E+000   4.4780E-002  -8.0975E-006   2.0434E-005  -2.9613E-001   1.0509E-001   2.5153E-004   9.8232E-005   8.0519E-002   2.1868E-005   1.5404E-005  -2.3980E-005  -6.4599E-006   2.0116E-001  -5.6707E-001   1.5970E-004   4.1081E-004  -6.3128E-004  -2.4190E-003  -2.6463E-002   2.1307E-001   7.7733E-001  
-4.4023E-002  -3.6335E+000   8.2136E+000   1.4582E-001  -6.2339E-002   8.0809E-002  -2.9413E-001   1.0373E-001  -3.5605E-003   3.7491E-003   6.7426E-002   4.9728E-002  -1.1701E-001  -4.5763E-004  -4.2165E-004   2.0995E-001  -5.6309E-001  -2.9390E-003   8.1279E-003  -5.8565E-004  -2.5948E-003  -3.8156E-002   2.2260E-001   8.6983E-001  
 2.9491E-001  -3.2978E+000   7.5487E+000  -6.9265E-002   3.9009E-002   3.5732E-002  -2.9138E-001   1.0590E-001   3.4583E-003   5.0681E-004   8.9955E-002   1.1780E-001  -1.5028E-002  -5.6803E-004  -4.4625E-004   2.0902E-001  -5.4679E-001  -4.4715E-003  -5.6051E-003  -7.4207E-004  -2.4475E-003   6.6406E-005   2.2254E-001   9.2062E-001  
 4.1016E-001  -2.5218E+000   7.5346E+000  -1.4243E-001  -7.9605E-004   1.3525E-002  -2.9027E-001   1.0214E-001   1.0803E-003  -1.6512E-003   9.7655E-002   7.6172E-002   8.6802E-002  -4.3219E-004   8.9063E-004   1.8898E-001  -5.4433E-001   7.4864E-003  -9.1033E-004  -4.7406E-004  -2.4391E-003   1.3006E-002   2.2078E-001   9.2891E-001  
 1.8649E-001  -2.1616E+000   8.2136E+000  -4.4019E-004   6.2323E-002   3.6701E-002  -2.9413E-001   1.0248E-001  -3.5614E-003  -7.5221E-004   8.2820E-002  -3.2955E-002   1.1704E-001   3.8971E-004   4.0984E-004   1.8379E-001  -5.6309E-001  -1.9225E-003   8.1315E-003  -5.7262E-004  -2.5951E-003  -1.2169E-002   2.2338E-001   9.0060E-001  
-1.5244E-001  -2.5618E+000   8.8235E+000   2.1465E-001   6.2719E-002  -9.4428E-002  -2.9248E-001   1.0528E-001   3.4450E-003   5.0321E-003   6.0294E-002  -1.2612E-001   2.9565E-002   5.2607E-004   4.4835E-004   1.9594E-001  -5.6944E-001  -5.4596E-003  -5.5967E-003  -7.3547E-004  -2.4393E-003  -5.0387E-002   2.2100E-001   8.7874E-001  
-2.6770E-001  -3.2578E+000   8.8093E+000   2.8782E-001  -1.0096E-001  -7.2222E-002  -2.9137E-001   1.0277E-001   1.0685E-003  -6.1700E-003   5.2591E-002  -8.4494E-002  -1.0128E-001   3.9035E-004  -9.1660E-004   2.0206E-001  -5.6698E-001   8.4650E-003  -9.0531E-004  -4.8024E-004  -2.4311E-003  -6.3328E-002   2.1845E-001   8.7146E-001  
 5.7705E-001  -4.2863E+000   8.1200E+000   3.0979E-001  -1.3674E-001   2.5585E-001  -2.8668E-001   1.1213E-001  -1.8553E-002   3.2871E-002   3.7358E-002   1.2307E-001  -2.5509E-001  -1.6107E-003   8.2911E-004   2.0132E-001  -5.4659E-001  -1.6926E-002   3.6146E-002  -6.1356E-004  -2.6833E-003  -4.9523E-002   2.5374E-001   1.0031E+000  
 1.3183E+000  -3.7004E+000   6.7005E+000  -1.5127E-001   1.5391E-001   3.9070E-002  -2.6774E-001   1.1249E-001   1.5465E-002  -1.3899E-002   7.7843E-002   2.4588E-001  -1.3508E-002  -3.8614E-004  -2.1267E-003   2.2064E-001  -4.9970E-001  -1.6669E-002  -2.8279E-002  -9.1514E-004  -2.3162E-003   3.6658E-002   2.5283E-001   1.0260E+000  
 1.5703E+000  -2.0214E+000   6.6317E+000  -3.0799E-001  -7.0198E-002  -9.7291E-003  -2.6446E-001   8.8996E-002   3.8384E-003   7.6607E-003   9.1608E-002   1.5386E-001   1.6767E-001  -1.3518E-003   2.9297E-003   1.5918E-001  -4.8611E-001   2.8556E-002  -6.4367E-003  -3.6250E-004  -2.2520E-003   6.6013E-002   2.4264E-001   9.5453E-001  
 1.0811E+000  -1.3163E+000   8.1200E+000  -3.8081E-003   1.3673E-001   1.5918E-001  -2.8667E-001   8.3509E-002  -1.8555E-002  -1.9857E-002   6.4868E-002  -5.2252E-002   2.5512E-001   1.0543E-003  -8.4185E-004   1.5474E-001  -5.4659E-001  -5.7492E-003   3.6155E-002  -4.7595E-004  -2.6831E-003   8.9599E-003   2.5780E-001   1.0488E+000  
 3.3980E-001  -2.2154E+000   9.2727E+000   4.5723E-001   2.0552E-001  -2.4653E-001  -2.9257E-001   9.8190E-002   1.5444E-002   3.8885E-002   2.4384E-002  -2.8123E-001   7.4902E-002   5.8633E-004   2.5601E-003   1.9736E-001  -5.4004E-001  -2.7772E-002  -2.8259E-002  -8.5080E-004  -2.3866E-003  -7.7233E-002   2.4467E-001   9.4938E-001  
 8.7764E-002  -3.5062E+000   9.2038E+000   6.1396E-001  -2.8926E-001  -1.9773E-001  -2.8930E-001   1.0331E-001   3.8203E-003  -4.5108E-002   1.0611E-002  -1.8921E-001  -2.2900E-001   1.5521E-003  -3.3862E-003   1.8246E-001  -5.2645E-001   3.9640E-002  -6.4242E-003  -4.2580E-004  -2.3226E-003  -1.0659E-001   2.2960E-001   8.8657E-001  
 1.3700E+000  -4.4871E+000   7.9863E+000   4.1009E-001  -2.0218E-001   2.6968E-001  -2.8241E-001   1.5440E-001  -4.0133E-002   1.0651E-001  -2.4330E-003   1.7967E-001  -3.6161E-001  -3.7704E-003   2.3448E-003   1.7181E-001  -5.1798E-001  -3.9600E-002   6.7424E-002  -1.8402E-004  -5.0893E-003  -5.5837E-002   2.8200E-001   1.1069E+000  
 2.4285E+000  -3.9112E+000   6.1194E+000  -2.3546E-001   1.3067E-001   1.1361E-001  -2.3111E-001   1.2950E-001   3.2807E-002  -6.2270E-002   2.4332E-002   3.4263E-001  -8.7428E-003   1.2611E-003  -1.7065E-003   2.2638E-001  -4.4356E-001  -1.9764E-002  -5.3686E-002  -4.1656E-003  -2.8919E-004   6.7430E-002   2.7786E-001   1.1260E+000  
 2.7884E+000  -1.6701E+000   5.9716E+000  -4.5488E-001  -5.7977E-003   4.2041E-002  -2.2982E-001   7.0041E-002   7.9339E-003   4.7431E-002   3.3295E-002   2.1092E-001   2.2533E-001  -6.3173E-004   2.3376E-003   1.2438E-001  -4.1488E-001   4.0279E-002  -1.2672E-002   2.1793E-003   1.7440E-003   1.0940E-001   2.5256E-001   9.5786E-001  
 2.0901E+000  -8.3814E-001   7.9863E+000  -2.9055E-002   2.0216E-001   1.2467E-001  -2.8241E-001   4.2291E-002  -4.0133E-002  -7.6379E-002   1.6002E-002  -6.4303E-002   3.6163E-001  -2.7747E-004  -2.3630E-003   1.2923E-001  -5.1798E-001  -8.5771E-004   6.7438E-002   1.4671E-003  -5.0840E-003   2.7895E-002   2.8992E-001   1.1624E+000  
 1.0311E+000  -2.0868E+000   9.2798E+000   6.1646E-001   2.1088E-001  -3.1075E-001  -3.2817E-001   7.3509E-002   3.2782E-002   1.2062E-001  -1.0914E-002  -4.0023E-001   1.0872E-001   7.5175E-004   5.2408E-003   2.0516E-001  -4.8036E-001  -5.8447E-002  -5.3685E-002  -3.3218E-003  -1.7081E-003  -9.5457E-002   2.6158E-001   1.0583E+000  
 6.7126E-001  -3.4945E+000   9.1320E+000   8.3589E-001  -3.3578E-001  -2.3918E-001  -3.2688E-001   1.2605E-001   7.9132E-003  -1.3543E-001  -1.9887E-002  -2.6853E-001  -3.2526E-001   2.6452E-003  -5.8927E-003   1.4560E-001  -4.5169E-001   7.8938E-002  -1.2680E-002   1.3398E-003   3.2327E-004  -1.3743E-001   2.2464E-001   8.8628E-001  
 1.9857E+000  -4.2763E+000   7.8493E+000   4.0496E-001  -2.5975E-001   2.1235E-002  -2.8660E-001   2.2837E-001  -7.3223E-002   2.1586E-001  -4.9156E-002   2.0652E-001  -4.4404E-001  -6.6939E-003  -5.3009E-003   1.3968E-001  -4.9607E-001  -6.5133E-002   8.3210E-002   8.3688E-004  -1.6864E-002  -5.3955E-002   2.9891E-001   1.2203E+000  
 3.2546E+000  -3.9240E+000   5.8761E+000  -3.8680E-001  -1.2298E-001   3.1334E-001  -1.9225E-001   1.5525E-001   5.9170E-002  -1.2860E-001  -5.7075E-002   4.3168E-001  -2.9768E-002   2.1135E-003   1.1149E-002   2.1611E-001  -4.2579E-001  -2.0325E-003  -6.7004E-002  -1.7096E-002   3.5834E-003   6.7879E-002   2.8966E-001   1.1675E+000  
 3.6858E+000  -1.5113E+000   5.6440E+000  -6.5647E-001   2.8666E-001   2.2349E-001  -1.9810E-001   5.1174E-002   1.4049E-002   9.9029E-002  -6.0339E-002   2.7139E-001   2.9863E-001   5.5549E-003  -1.0609E-002   1.1644E-001  -3.9195E-001   2.5203E-002  -1.6019E-002   1.0614E-002   1.2112E-002   1.0885E-001   2.4991E-001   9.2350E-001  
 2.8486E+000  -7.5783E-001   7.8493E+000  -1.3371E-001   2.5974E-001  -1.7249E-001  -2.8659E-001  -1.2301E-002  -7.3224E-002  -1.5653E-001  -5.4932E-002  -9.8463E-002   4.4407E-001  -8.9597E-003   5.2830E-003   1.3281E-001  -4.9607E-001   1.9497E-002   8.3224E-002   7.3362E-003  -1.6859E-002   2.8605E-002   3.0797E-001   1.1996E+000  
 1.5790E+000  -2.1648E+000   8.9237E+000   6.5816E-001  -7.6701E-003  -2.3792E-001  -4.0074E-001   3.5032E-002   5.9280E-002   2.4371E-001  -4.7070E-002  -4.8575E-001   1.2340E-001   5.8201E-003   2.4295E-003   2.1281E-001  -4.3184E-001  -8.6506E-002  -6.6907E-002  -1.3748E-002  -2.1831E-003  -9.3230E-002   2.7044E-001   1.0661E+000  
 1.1478E+000  -3.2706E+000   8.6917E+000   9.2776E-001  -1.5596E-001  -1.4804E-001  -4.0651E-001   1.7134E-001   1.4197E-002  -2.7317E-001  -4.3874E-002  -3.2543E-001  -3.9211E-001   2.4517E-003  -3.0265E-003   1.1968E-001  -3.9793E-001   1.0973E-001  -1.5904E-002   7.2923E-003   6.2754E-003  -1.3424E-001   2.1497E-001   8.1543E-001  
 2.3132E+000  -3.9480E+000   7.7503E+000   3.5598E-001  -3.0471E-001  -2.8290E-001  -2.9704E-001   3.0287E-001  -1.0882E-001   3.1455E-001  -8.3671E-002   2.1512E-001  -5.0239E-001  -6.6773E-003  -1.9652E-002   1.2069E-001  -4.8901E-001  -8.1340E-002   8.1798E-002   2.9049E-003  -2.8875E-002  -5.0260E-002   3.0545E-001   1.2107E+000  
 3.6754E+000  -3.8538E+000   5.8380E+000  -5.5059E-001  -4.3039E-001   5.3295E-001  -1.7796E-001   1.7356E-001   8.8101E-002  -1.7535E-001  -1.3217E-001   5.0833E-001  -6.8340E-002   3.5348E-004   3.1172E-002   1.9936E-001  -4.4282E-001   2.4221E-002  -6.5805E-002  -2.9305E-002   4.6766E-003   5.6919E-002   2.9101E-001   1.1915E+000  
 4.1382E+000  -1.4740E+000   5.5410E+000  -8.5847E-001   6.2898E-001   4.3131E-001  -1.9600E-001   4.7599E-002   2.1189E-002   1.2823E-001  -1.4939E-001   3.3067E-001   3.7804E-001   1.4091E-002  -3.1128E-002   1.2924E-001  -4.1160E-001  -4.5189E-003  -1.5762E-002   1.7995E-002   1.9688E-002   9.3563E-002   2.4060E-001   8.8515E-001  
 3.2396E+000  -8.6472E-001   7.7503E+000  -2.6031E-001   3.0469E-001  -5.2564E-001  -2.9703E-001  -5.0817E-002  -1.0882E-001  -2.1995E-001  -1.1689E-001  -1.4427E-001   5.0242E-001  -2.0175E-002   1.9635E-002   1.5409E-001  -4.8900E-001   4.2469E-002   8.1811E-002   1.1815E-002  -2.8871E-002   2.2866E-002   3.1443E-001   1.3323E+000  
 1.8766E+000  -2.3120E+000   8.5092E+000   6.4638E-001  -2.6900E-001  -1.2900E-001  -4.8428E-001  -3.1933E-003   8.8156E-002   3.5902E-001  -6.8458E-002  -5.4374E-001   1.2985E-001   1.3146E-002  -7.8469E-003   2.1617E-001  -4.1395E-001  -9.9448E-002  -6.5811E-002  -2.4793E-002  -3.0255E-003  -8.4501E-002   2.7169E-001   1.0460E+000  
 1.4138E+000  -3.0158E+000   8.2121E+000   9.5428E-001   7.0361E-002  -2.7357E-002  -5.0232E-001   2.2437E-001   2.1238E-002  -4.0611E-001  -5.1254E-002  -3.6607E-001  -4.3950E-001  -6.0211E-004   7.7824E-003   1.1245E-001  -3.8273E-001   1.1912E-001  -1.5791E-002   1.3484E-002   1.1993E-002  -1.2114E-001   2.0354E-001   7.4545E-001  
 3.3014E+000  -4.1823E+000   6.3450E+000  -3.1782E-001  -4.8039E-001   2.8304E-001  -1.9290E-001   2.0478E-001   2.0541E-001  -6.9943E-002  -1.0808E-001   4.6984E-001  -1.8359E-001   1.8611E-002   1.2173E-002   1.9815E-001  -4.6430E-001  -3.1924E-002  -7.7632E-002  -7.9684E-003   2.4688E-002   3.4918E-002   3.0894E-001   1.2361E+000  
 3.9493E+000  -1.0041E+000   6.0178E+000  -7.4111E-001   6.4361E-001   1.3495E-001  -2.1018E-001   2.0720E-002   1.2611E-001   6.2199E-002  -1.2742E-001   2.2392E-001   4.2871E-001   2.9207E-002  -3.9447E-003   1.1112E-001  -4.2690E-001   2.4061E-002  -2.7095E-002  -9.2992E-003   2.3524E-002   8.8677E-002   2.5741E-001   1.0217E+000  
 2.1233E+000  -1.9276E+000   8.6000E+000   4.5382E-001  -1.8220E-001  -2.8294E-001  -4.2614E-001  -2.8456E-002  -1.4857E-001   2.8391E-001  -7.2831E-002  -4.6973E-001   2.6369E-001   6.1030E-003  -1.2102E-002   2.1565E-001  -4.4676E-001  -1.1387E-001   4.2562E-003  -1.4001E-002   1.8569E-002  -6.1841E-002   2.9708E-001   1.1710E+000  
 1.4754E+000  -3.2587E+000   8.2727E+000   8.7712E-001   1.8939E-002  -1.3485E-001  -4.4342E-001   2.5396E-001  -2.2786E-001  -2.9163E-001  -5.3512E-002  -2.2382E-001  -5.0876E-001  -4.4943E-003   3.8561E-003   9.3626E-002  -4.0937E-001   1.0598E-001   5.4775E-002  -3.2601E-003   1.7407E-002  -1.1560E-001   2.2609E-001   8.4861E-001  
