-1.4193E-001   2.1623E-005   9.6434E-005   4.4831E-002  -2.1808E-001  -9.7411E-001   9.7707E-007   2.1651E-007  -6.9885E-008   4.0799E-008   8.0509E-002   5.7543E-002   1.2879E-002  -7.1063E-004   1.5722E-004  -1.2314E-006  -5.4968E-006   6.5336E-009  -5.0049E-009  -1.5068E-008   2.8471E-008  -2.6467E-002   8.0398E-003   3.3020E-002  
 7.1876E-002  -7.0623E-001   6.7467E-003   7.2810E-002  -2.1796E-001  -9.1483E-001   7.7463E-004   4.0749E-003   1.3987E-003   8.3724E-003   7.5113E-002   6.5792E-002   1.2849E-002  -8.1773E-004   1.3403E-004   1.2548E-002  -1.2104E-004  -2.1425E-003  -3.7523E-004   1.2336E-005  -5.2490E-006  -2.5157E-002   6.8225E-003   3.5963E-002  
 7.0671E-002  -3.4732E-001  -6.5963E-001   7.2720E-002  -1.6708E-001  -1.0029E+000  -2.0600E-003   2.7098E-003   6.1123E-003  -3.8792E-004   7.5110E-002   5.3239E-002   2.0100E-002  -6.3512E-004   8.8183E-005   6.1764E-003   1.1717E-002  -9.3209E-006  -1.6377E-003   1.1363E-005   1.7249E-005  -2.5168E-002   9.0385E-003   4.4989E-002  
 7.0313E-002   3.5888E-001  -6.6627E-001   7.2694E-002  -2.6883E-001  -1.0029E+000  -2.8326E-003  -1.3694E-003   4.7126E-003  -1.9870E-003   7.5113E-002   5.3241E-002   5.6010E-003  -6.7553E-004   2.4748E-004  -6.3783E-003   1.1832E-002   6.4368E-004  -1.2636E-003  -3.1555E-006   2.3287E-005  -2.5171E-002   9.6007E-003   4.8216E-002  
 7.1875E-002   7.0628E-001  -6.5546E-003   7.2811E-002  -2.1795E-001  -9.1483E-001  -7.7289E-004  -4.0746E-003  -1.3991E-003  -8.3723E-003   7.5113E-002   6.5792E-002   1.2852E-002  -8.1773E-004   1.3403E-004  -1.2550E-002   1.1001E-004   2.1425E-003   3.7514E-004  -1.2369E-005   5.3098E-006  -2.5157E-002   6.8223E-003   3.5961E-002  
 7.0663E-002   3.4737E-001   6.5982E-001   7.2724E-002  -1.6708E-001  -1.0029E+000   2.0614E-003  -2.7097E-003  -6.1124E-003   3.8825E-004   7.5113E-002   5.3237E-002   2.0102E-002  -6.3512E-004   8.8168E-005  -6.1789E-003  -1.1728E-002   9.4119E-006   1.6378E-003  -1.1397E-005  -1.7191E-005  -2.5167E-002   9.0390E-003   4.4997E-002  
 7.0307E-002  -3.5884E-001   6.6646E-001   7.2697E-002  -2.6883E-001  -1.0029E+000   2.8340E-003   1.3700E-003  -4.7125E-003   1.9869E-003   7.5115E-002   5.3238E-002   5.6001E-003  -6.7555E-004   2.4748E-004   6.3759E-003  -1.1843E-002  -6.4373E-004   1.2637E-003   3.1226E-006  -2.3226E-005  -2.5170E-002   9.6013E-003   4.8224E-002  
 8.3343E-001  -1.4196E+000   1.4791E-002   1.5323E-001  -2.1747E-001  -7.6388E-001   1.7194E-003   2.2109E-002   3.0814E-003   3.9845E-002   5.1272E-002   9.2200E-002   1.2727E-002  -1.4283E-003   4.6223E-005   2.1888E-002  -2.7366E-004  -9.0957E-003  -8.1582E-004  -1.7010E-005  -1.0536E-005  -2.0442E-002   7.2267E-003   6.4861E-002  
 8.2736E-001  -6.9682E-001  -1.3353E+000   1.5297E-001  -3.7753E-002  -1.0751E+000   6.5834E-003   1.2461E-002   1.3459E-002  -2.2265E-002   5.1052E-002   3.9186E-002   4.3432E-002  -2.3769E-004   2.0846E-005   1.0820E-002   2.1126E-002   4.4711E-003  -3.5670E-003  -4.0839E-006   7.1943E-005  -2.0244E-002   1.4657E-002   8.7307E-002  
 8.2557E-001   7.2225E-001  -1.3499E+000   1.5290E-001  -3.9718E-001  -1.0751E+000   4.8265E-003  -9.4632E-003   1.0378E-002   1.7038E-002   5.0985E-002   3.9172E-002  -1.7995E-002  -4.2481E-004   3.9388E-004  -1.1326E-002   2.1460E-002  -3.1062E-003  -2.7508E-003   2.1961E-005   8.6264E-005  -2.0185E-002   1.6210E-002   9.1028E-002  
 8.3342E-001   1.4197E+000  -1.4602E-002   1.5323E-001  -2.1747E-001  -7.6388E-001  -1.7185E-003  -2.2109E-002  -3.0828E-003  -3.9846E-002   5.1274E-002   9.2201E-002   1.2734E-002  -1.4283E-003   4.6247E-005  -2.1890E-002   2.6247E-004   9.0956E-003   8.1542E-004   1.6971E-005   1.0589E-005  -2.0442E-002   7.2266E-003   6.4863E-002  
 8.2734E-001   6.9686E-001   1.3355E+000   1.5298E-001  -3.7751E-002  -1.0751E+000  -6.5844E-003  -1.2462E-002  -1.3459E-002   2.2267E-002   5.1057E-002   3.9181E-002   4.3436E-002  -2.3770E-004   2.0783E-005  -1.0823E-002  -2.1138E-002  -4.4707E-003   3.5671E-003   4.0348E-006  -7.1884E-005  -2.0243E-002   1.4659E-002   8.7316E-002  
 8.2556E-001  -7.2220E-001   1.3501E+000   1.5290E-001  -3.9718E-001  -1.0751E+000  -4.8270E-003   9.4642E-003  -1.0377E-002  -1.7039E-002   5.0989E-002   3.9165E-002  -1.7997E-002  -4.2482E-004   3.9391E-004   1.1324E-002  -2.1471E-002   3.1060E-003   2.7511E-003  -2.1995E-005  -8.6198E-005  -2.0184E-002   1.6212E-002   9.1039E-002  
 1.7399E+000  -1.7296E+000   2.1566E-002   1.9071E-001  -2.1675E-001  -7.7093E-001   2.5606E-003   6.7958E-002   4.4780E-003   1.1108E-001   7.4064E-003   1.1339E-001   1.2498E-002  -3.6656E-003  -7.4678E-005   1.8778E-002  -4.5330E-004  -2.4199E-002  -1.1330E-003  -6.8714E-004  -7.9818E-006  -1.4483E-002   1.4698E-002   1.0235E-001  
 1.7265E+000  -8.4544E-001  -1.6520E+000   1.9049E-001  -4.5982E-002  -1.0667E+000   3.9758E-002   3.5864E-002   1.9566E-002  -8.5425E-002   6.5049E-003   2.7036E-002   6.2515E-002   1.0521E-003   1.1735E-003   9.2860E-003   2.0043E-002   1.7858E-002  -4.9306E-003  -4.1827E-004   7.6279E-004  -1.3863E-002   2.2676E-002   1.2686E-001  
 1.7225E+000   8.8246E-001  -1.6731E+000   1.9044E-001  -3.8748E-001  -1.0667E+000   3.7041E-002  -3.1340E-002   1.5088E-002   7.7813E-002   6.2472E-003   2.7007E-002  -3.7557E-002   6.6964E-004  -6.5735E-004  -1.0165E-002   2.0662E-002  -1.5980E-002  -3.7977E-003   4.5130E-004   8.0750E-004  -1.3662E-002   2.4538E-002   1.2796E-001  
 1.7399E+000   1.7296E+000  -2.1380E-002   1.9071E-001  -2.1674E-001  -7.7093E-001  -2.5609E-003  -6.7960E-002  -4.4809E-003  -1.1108E-001   7.4081E-003   1.1339E-001   1.2508E-002  -3.6656E-003  -7.4595E-005  -1.8781E-002   4.4181E-004   2.4199E-002   1.1322E-003   6.8711E-004   8.0361E-006  -1.4483E-002   1.4698E-002   1.0234E-001  
 1.7265E+000   8.4548E-001   1.6522E+000   1.9051E-001  -4.5978E-002  -1.0667E+000  -3.9762E-002  -3.5866E-002  -1.9565E-002   8.5428E-002   6.5123E-003   2.7028E-002   6.2522E-002   1.0521E-003   1.1734E-003  -9.2891E-003  -2.0055E-002  -1.7858E-002   4.9308E-003   4.1823E-004  -7.6278E-004  -1.3862E-002   2.2677E-002   1.2687E-001  
 1.7225E+000  -8.8241E-001   1.6733E+000   1.9045E-001  -3.8748E-001  -1.0667E+000  -3.7044E-002   3.1341E-002  -1.5087E-002  -7.7815E-002   6.2530E-003   2.6997E-002  -3.7561E-002   6.6965E-004  -6.5731E-004   1.0163E-002  -2.0674E-002   1.5980E-002   3.7982E-003  -4.5137E-004  -8.0746E-004  -1.3661E-002   2.4540E-002   1.2797E-001  
 2.4327E+000  -1.6425E+000   2.6584E-002   1.3625E-001  -2.1599E-001  -1.0401E+000   3.2223E-003   1.3586E-001   5.5443E-003   2.1071E-001  -5.0752E-002   1.0915E-001   1.2302E-002  -9.6847E-003  -1.4987E-004   6.4090E-004  -5.7269E-004  -4.7664E-002  -1.2995E-003  -2.8563E-003   4.4018E-005  -1.2987E-002   1.8328E-002   1.0858E-001  
 2.4118E+000  -7.9722E-001  -1.6123E+000   1.3557E-001  -2.8138E-001  -9.2705E-001   9.3097E-002   6.9936E-002   2.4155E-002  -1.7867E-001  -5.2450E-002   2.7970E-002   5.9099E-002   4.2617E-003   5.9472E-003  -6.2749E-005   5.0285E-003   4.0567E-002  -5.7104E-003  -1.8885E-003   2.8843E-003  -1.2565E-002   2.6287E-002   1.2759E-001  
 2.4056E+000   8.4282E-001  -1.6382E+000   1.3534E-001  -1.5047E-001  -9.2697E-001   8.9499E-002  -6.4139E-002   1.8611E-002   1.6917E-001  -5.2964E-002   2.7998E-002  -3.4430E-002   3.7716E-003  -5.3954E-003  -9.6654E-004   5.6786E-003  -3.8481E-002  -4.4086E-003   1.9289E-003   3.0409E-003  -1.2444E-002   2.8175E-002   1.2865E-001  
 2.4327E+000   1.6425E+000  -2.6402E-002   1.3626E-001  -2.1599E-001  -1.0401E+000  -3.2238E-003  -1.3586E-001  -5.5484E-003  -2.1071E-001  -5.0750E-002   1.0915E-001   1.2315E-002  -9.6847E-003  -1.4987E-004  -6.4382E-004   5.6098E-004   4.7664E-002   1.2985E-003   2.8563E-003  -4.3822E-005  -1.2987E-002   1.8329E-002   1.0857E-001  
 2.4117E+000   7.9725E-001   1.6125E+000   1.3558E-001  -2.8138E-001  -9.2705E-001  -9.3104E-002  -6.9939E-002  -2.4154E-002   1.7868E-001  -5.2441E-002   2.7961E-002   5.9108E-002   4.2618E-003   5.9472E-003   5.9495E-005  -5.0413E-003  -4.0567E-002   5.7106E-003   1.8886E-003  -2.8843E-003  -1.2563E-002   2.6288E-002   1.2760E-001  
 2.4056E+000  -8.4278E-001   1.6384E+000   1.3536E-001  -1.5047E-001  -9.2698E-001  -8.9505E-002   6.4141E-002  -1.8608E-002  -1.6918E-001  -5.2957E-002   2.7986E-002  -3.4434E-002   3.7716E-003  -5.3955E-003   9.6437E-004  -5.6912E-003   3.8480E-002   4.4092E-003  -1.9291E-003  -3.0409E-003  -1.2443E-002   2.8177E-002   1.2866E-001  
 2.7961E+000  -1.4120E+000   2.9474E-002   4.9331E-002  -2.1545E-001  -1.3657E+000   3.6272E-003   1.9507E-001   6.1959E-003   2.9492E-001  -9.8333E-002   9.0656E-002   1.2215E-002  -1.5279E-002  -1.6845E-004  -1.9161E-002  -6.1902E-004  -6.7287E-002  -1.3507E-003  -3.8777E-003   9.2248E-005  -1.3713E-002   1.9832E-002   1.1670E-001  
 2.7697E+000  -6.7959E-001  -1.4339E+000   4.7467E-002  -5.6537E-001  -7.6026E-001   1.4038E-001   9.9323E-002   2.7036E-002  -2.5871E-001  -1.0090E-001   3.7008E-002   4.2779E-002   7.1292E-003   1.0807E-002  -1.0369E-002  -1.2468E-002   6.0177E-002  -5.8790E-003  -2.6951E-003   3.8046E-003  -1.3798E-002   2.7527E-002   1.4351E-001  
 2.7619E+000   7.3020E-001  -1.4627E+000   4.6908E-002   1.3479E-001  -7.6008E-001   1.3608E-001  -9.2650E-002   2.0842E-002   2.4798E-001  -1.0167E-001   3.7134E-002  -1.8123E-002   6.6252E-003  -1.0269E-002   9.3583E-003  -1.1948E-002  -5.8082E-002  -4.5264E-003   2.7278E-003   4.0438E-003  -1.3796E-002   2.9375E-002   1.4386E-001  
 2.7961E+000   1.4120E+000  -2.9295E-002   4.9335E-002  -2.1544E-001  -1.3657E+000  -3.6293E-003  -1.9507E-001  -6.2007E-003  -2.9492E-001  -9.8331E-002   9.0659E-002   1.2229E-002  -1.5279E-002  -1.6863E-004   1.9158E-002   6.0726E-004   6.7287E-002   1.3498E-003   3.8778E-003  -9.1891E-005  -1.3713E-002   1.9832E-002   1.1669E-001  
 2.7697E+000   6.7962E-001   1.4340E+000   4.7487E-002  -5.6537E-001  -7.6026E-001  -1.4039E-001  -9.9327E-002  -2.7035E-002   2.5871E-001  -1.0089E-001   3.6997E-002   4.2788E-002   7.1293E-003   1.0807E-002   1.0366E-002   1.2455E-002  -6.0177E-002   5.8793E-003   2.6953E-003  -3.8047E-003  -1.3797E-002   2.7528E-002   1.4352E-001  
 2.7619E+000  -7.3015E-001   1.4628E+000   4.6923E-002   1.3478E-001  -7.6009E-001  -1.3609E-001   9.2652E-002  -2.0839E-002  -2.4799E-001  -1.0167E-001   3.7120E-002  -1.8127E-002   6.6252E-003  -1.0269E-002  -9.3606E-003   1.1935E-002   5.8081E-002   4.5270E-003  -2.7282E-003  -4.0438E-003  -1.3795E-002   2.9377E-002   1.4387E-001  
 2.7164E+000  -1.0160E+000  -1.1981E+000   6.8394E-002  -5.4656E-001  -9.6289E-001   1.0826E-001   1.3066E-001   2.0050E-001  -1.6250E-001  -9.0007E-002   5.4660E-002   5.2450E-002   1.1954E-002  -1.3122E-003  -1.1045E-002  -7.1679E-003   3.7625E-002  -4.6072E-002   2.7420E-003   3.3022E-003  -1.3446E-002   2.4544E-002   1.3359E-001  
 2.7079E+000   1.0563E+000  -1.2384E+000   6.7831E-002   1.1583E-001  -9.6290E-001   1.0266E-001  -1.2507E-001   1.9178E-001   1.5393E-001  -9.0841E-002   5.4667E-002  -2.7738E-002   1.1405E-002   1.5922E-003   1.0252E-002  -6.3705E-003  -3.5912E-002  -4.4299E-002  -2.8460E-003   3.4798E-003  -1.3422E-002   2.6917E-002   1.3738E-001  
 2.7164E+000   1.0160E+000   1.1983E+000   6.8411E-002  -5.4656E-001  -9.6289E-001  -1.0826E-001  -1.3067E-001  -2.0051E-001   1.6250E-001  -8.9999E-002   5.4652E-002   5.2462E-002   1.1954E-002  -1.3122E-003   1.1042E-002   7.1555E-003  -3.7624E-002   4.6072E-002  -2.7421E-003  -3.3024E-003  -1.3445E-002   2.4546E-002   1.3360E-001  
 2.7078E+000  -1.0563E+000   1.2386E+000   6.7842E-002   1.1582E-001  -9.6291E-001  -1.0266E-001   1.2507E-001  -1.9177E-001  -1.5394E-001  -9.0836E-002   5.4655E-002  -2.7746E-002   1.1405E-002   1.5921E-003  -1.0254E-002   6.3583E-003   3.5911E-002   4.4300E-002   2.8459E-003  -3.4800E-003  -1.3421E-002   2.6919E-002   1.3739E-001  
