-1.4192E-001  -8.0330E-003  -3.3547E-002   4.4834E-002   2.4694E-007   5.9959E-007  -5.7913E-003  -1.2703E-003   2.0569E-004   4.8421E-005   8.0508E-002   6.9269E-007   1.8084E-007  -6.1564E-006   8.7095E-008   2.0843E-004   3.9490E-004   4.3134E-005   1.7981E-004   2.2278E-001  -9.2985E-001  -2.6468E-002   1.8720E-001   4.8854E-001  
 7.0376E-002  -7.4395E-001  -3.3608E-002   7.2668E-002  -7.3394E-004   5.8585E-002  -5.8869E-003  -6.1962E-004  -4.3540E-003   3.4153E-003   7.5116E-002   8.3832E-003   2.3620E-004   2.5751E-002  -1.0748E-001   1.3297E-002   2.5816E-004  -7.8427E-004   1.6283E-003   2.2185E-001  -9.2616E-001  -2.5177E-002   1.9020E-001   6.0399E-001  
 6.8573E-002  -3.7599E-001  -6.7090E-001   7.2438E-002   5.0460E-002  -2.8854E-002  -5.2950E-003  -9.5239E-004   1.5781E-003  -6.7320E-003   7.5106E-002  -4.2681E-003   7.3233E-003  -8.0275E-002  -7.6086E-002   6.7528E-003   1.1683E-002   1.9748E-003  -1.8245E-004   2.2183E-001  -9.2599E-001  -2.5184E-002   1.9032E-001   6.1896E-001  
 6.9163E-002   3.5994E-001  -6.7091E-001   7.2528E-002  -5.0751E-002  -2.8667E-002  -5.3188E-003  -1.5626E-003   3.4946E-003   5.7296E-003   7.5127E-002  -4.3407E-003  -7.2773E-003  -1.0603E-001   3.1473E-002  -6.3175E-003   1.1657E-002  -1.5411E-003  -7.5602E-004   2.2191E-001  -9.2601E-001  -2.5154E-002   1.9027E-001   6.1990E-001  
 7.1537E-002   7.2790E-001  -3.3609E-002   7.2823E-002   7.3402E-004   5.8886E-002  -5.8868E-003  -1.8727E-003  -4.3542E-003  -1.0911E-003   7.5109E-002   8.3481E-003  -2.3628E-004  -2.5783E-002   1.0748E-001  -1.2857E-002   2.5820E-004   2.1815E-004   1.6282E-003   2.2186E-001  -9.2616E-001  -2.5156E-002   1.9020E-001   6.1307E-001  
 7.3337E-002   3.5993E-001   6.0377E-001   7.3054E-002   5.1284E-002  -2.9880E-002  -6.3789E-003  -1.5763E-003   1.5702E-003  -2.2124E-003   7.5121E-002  -4.0950E-003   7.1823E-003   8.0269E-002   7.6100E-002  -6.3226E-003  -1.0965E-002   9.8439E-004  -1.8860E-004   2.2184E-001  -9.2599E-001  -2.5147E-002   1.9033E-001   6.2098E-001  
 7.2746E-002  -3.7598E-001   6.0376E-001   7.2964E-002  -5.0993E-002  -3.0067E-002  -6.4027E-003  -9.3862E-004   3.4867E-003   1.2098E-003   7.5101E-002  -4.0221E-003  -7.2282E-003   1.0602E-001  -3.1487E-002   6.7580E-003  -1.0991E-002  -5.5101E-004  -7.6215E-004   2.2191E-001  -9.2600E-001  -2.5176E-002   1.9029E-001   6.1611E-001  
 8.2757E-001  -1.4930E+000  -3.3348E-002   1.5286E-001  -2.5625E-003   2.0738E-001  -6.1646E-003   1.3151E-002  -2.2157E-002   3.1804E-002   5.1187E-002   3.5287E-002   1.2859E-003   5.6527E-002  -2.3681E-001   2.3380E-002   6.8254E-004  -7.0513E-003   6.4579E-003   2.1817E-001  -9.1132E-001  -2.0307E-002   2.0167E-001   7.6491E-001  
 8.2363E-001  -7.5067E-001  -1.3197E+000   1.5217E-001   1.7964E-001  -1.0270E-001   6.8072E-003   6.1001E-003   6.7357E-003  -4.8572E-002   5.1377E-002  -1.7588E-002   3.0054E-002  -1.7668E-001  -1.6730E-001   1.1459E-002   2.0285E-002   1.1835E-002  -1.6162E-003   2.1816E-001  -9.1098E-001  -2.0550E-002   2.0204E-001   7.7495E-001  
 8.2488E-001   7.3468E-001  -1.3196E+000   1.5237E-001  -1.8030E-001  -1.0186E-001   6.6619E-003  -8.6835E-003   1.6033E-002   4.3269E-002   5.1298E-002  -1.8121E-002  -2.9928E-002  -2.3345E-001   6.9022E-002  -1.0935E-002   2.0443E-002  -1.0214E-002  -4.1873E-003   2.1847E-001  -9.1104E-001  -2.0505E-002   2.0187E-001   7.7888E-001  
 8.3006E-001   1.4768E+000  -3.3349E-002   1.5323E-001   2.5624E-003   2.0761E-001  -6.1645E-003  -1.5484E-002  -2.2157E-002  -2.0934E-002   5.1017E-002   3.5494E-002  -1.2862E-003  -5.7045E-002   2.3681E-001  -2.3192E-002   6.8261E-004   4.0965E-003   6.4576E-003   2.1830E-001  -9.1132E-001  -2.0261E-002   2.0163E-001   7.8283E-001  
 8.3390E-001   7.3420E-001   1.2523E+000   1.5390E-001   1.7980E-001  -1.0479E-001  -1.7993E-002  -8.2147E-003   6.7263E-003   4.1989E-003   5.0833E-002  -1.7798E-002   3.1310E-002   1.7692E-001   1.6774E-001  -1.1812E-002  -2.0047E-002   7.2738E-004  -1.6274E-003   2.1822E-001  -9.1105E-001  -2.0034E-002   2.0198E-001   7.9131E-001  
 8.3265E-001  -7.5019E-001   1.2524E+000   1.5370E-001  -1.7914E-001  -1.0563E-001  -1.8138E-002   5.6313E-003   1.6023E-002  -9.5022E-003   5.0913E-002  -1.7266E-002  -3.1436E-002   2.3368E-001  -6.9469E-002   1.2336E-002  -1.9889E-002   8.9343E-004  -4.1988E-003   2.1840E-001  -9.1111E-001  -2.0079E-002   2.0183E-001   7.8339E-001  
 1.7280E+000  -1.8319E+000  -3.3633E-002   1.9119E-001  -6.2046E-003   1.9781E-001  -6.4780E-003   5.5090E-002  -4.9477E-002   1.0365E-001   6.9591E-003   5.8232E-002   8.0407E-004   8.1318E-002  -3.4721E-001   2.2722E-002  -6.3086E-004  -2.1864E-002   1.1871E-002   2.1277E-001  -8.9206E-001  -1.2874E-002   2.1564E-001   8.6923E-001  
 1.7221E+000  -9.1902E-001  -1.6115E+000   1.9307E-001   1.7404E-001  -9.8169E-002   4.3950E-002   2.7701E-002   1.4749E-002  -1.4158E-001   7.3233E-003  -3.0053E-002   5.1997E-002  -2.5853E-001  -2.4428E-001   1.3608E-002   2.3184E-002   2.9643E-002  -3.0859E-003   2.1315E-001  -8.9112E-001  -9.5401E-003   2.1675E-001   8.4850E-001  
 1.7239E+000   9.0326E-001  -1.6120E+000   1.9238E-001  -1.7480E-001  -9.5621E-002   4.3563E-002  -3.0333E-002   3.5394E-002   1.2948E-001   7.1699E-003  -3.0059E-002  -5.1340E-002  -3.4171E-001   1.0011E-001  -1.2824E-002   2.1901E-002  -2.6994E-002  -7.8241E-003   2.1427E-001  -8.9119E-001  -1.0729E-002   2.1629E-001   8.7541E-001  
 1.7316E+000   1.8170E+000  -3.3634E-002   1.8996E-001   6.2043E-003   1.9650E-001  -6.4774E-003  -5.7037E-002  -4.9477E-002  -7.9256E-002   6.5819E-003   5.7095E-002  -8.0477E-004  -8.5325E-002   3.4721E-001  -1.9858E-002  -6.3031E-004   1.6839E-002   1.1871E-002   2.1442E-001  -8.9206E-001  -1.5067E-002   2.1519E-001   8.8956E-001  
 1.7371E+000   9.0532E-001   1.5486E+000   1.8802E-001   1.6751E-001  -9.9001E-002  -5.3067E-002  -2.8311E-002   1.4741E-002   4.1292E-002   6.0851E-003  -2.7584E-002   4.7949E-002   2.6058E-001   2.4782E-001  -7.6135E-003  -1.3605E-002  -9.0455E-003  -3.1240E-003   2.1399E-001  -8.9254E-001  -1.8496E-002   2.1497E-001   9.0752E-001  
 1.7352E+000  -9.2108E-001   1.5481E+000   1.8871E-001  -1.6675E-001  -1.0155E-001  -5.3454E-002   2.5679E-002   3.5385E-002  -5.3388E-002   6.2396E-003  -2.7578E-002  -4.8607E-002   3.4375E-001  -1.0366E-001   8.3990E-003  -1.4889E-002   1.1694E-002  -7.8636E-003   2.1343E-001  -8.9261E-001  -1.7305E-002   2.1495E-001   8.9271E-001  
 2.4161E+000  -1.7629E+000  -3.8885E-002   1.3992E-001  -1.9874E-002  -7.0738E-002  -1.2498E-002   1.2270E-001  -9.1889E-002   2.0935E-001  -5.0002E-002   5.9337E-002  -1.2392E-002   9.9524E-002  -4.4617E-001   9.5289E-003  -9.1236E-003  -4.2012E-002   1.8426E-003   2.1035E-001  -8.9204E-001  -9.4294E-003   2.1737E-001   8.4702E-001  
 2.4135E+000  -8.7742E-001  -1.5422E+000   1.5350E-001  -4.4892E-002   3.2319E-002   1.1117E-001   6.8174E-002   2.6522E-002  -2.8147E-001  -4.3679E-002  -3.5459E-002   6.7803E-002  -3.2961E-001  -3.1054E-001   1.6339E-002   2.3633E-002   4.0920E-002  -9.0605E-004   2.1221E-001  -8.8876E-001   9.8233E-004   2.2070E-001   7.9432E-001  
 2.4142E+000   8.6171E-001  -1.5470E+000   1.4915E-001   4.5080E-002   4.1891E-002   1.0661E-001  -7.1254E-002   6.4689E-002   2.5835E-001  -4.5741E-002  -2.8407E-002  -6.5637E-002  -4.3622E-001   1.2503E-001  -1.6201E-002   1.6491E-002  -4.1157E-002  -1.5672E-003   2.1513E-001  -8.8867E-001  -2.3663E-003   2.1975E-001   8.4727E-001  
 2.4177E+000   1.7554E+000  -3.8885E-002   1.3145E-001   1.9873E-002  -8.0553E-002  -1.2496E-002  -1.1798E-001  -9.1887E-002  -1.6307E-001  -5.4121E-002   4.8678E-002   1.2391E-002  -1.1514E-001   4.4617E-001   2.6649E-003  -9.1223E-003   4.2576E-002   1.8440E-003   2.1686E-001  -8.9204E-001  -1.5917E-002   2.1560E-001   8.3774E-001  
 2.4197E+000   8.8176E-001   1.5050E+000   1.1799E-001  -8.5698E-002   4.3051E-002  -9.7316E-002  -5.2087E-002   2.6655E-002   9.0876E-002  -6.0438E-002  -1.8668E-002   2.5846E-002   3.3756E-001   3.2408E-001   1.3018E-002   1.7556E-002  -4.3514E-002  -8.5222E-004   2.1552E-001  -8.9449E-001  -2.6320E-002   2.1339E-001   8.8531E-001  
 2.4189E+000  -8.9747E-001   1.5001E+000   1.2235E-001   8.5508E-002   3.3479E-002  -1.0188E-001   4.9009E-002   6.4820E-002  -1.1400E-001  -5.8375E-002  -2.5720E-002  -2.8015E-002   4.4416E-001  -1.3858E-001  -1.2879E-002   1.0412E-002   4.3276E-002  -1.5146E-003   2.1182E-001  -8.9440E-001  -2.2971E-002   2.1423E-001   8.7492E-001  
 2.7776E+000  -1.5405E+000  -4.8248E-002   5.5790E-002  -4.1279E-002  -3.9345E-001  -2.2821E-002   1.8352E-001  -1.3665E-001   3.0129E-001  -9.6866E-002   4.5862E-002  -3.1233E-002   1.1172E-001  -5.2122E-001  -8.0179E-003  -1.7574E-002  -5.7625E-002  -1.6244E-002   2.1248E-001  -9.0653E-001  -1.1015E-002   2.1067E-001   7.9102E-001  
 2.7818E+000  -7.5656E-001  -1.3386E+000   8.0246E-002  -3.0518E-001   1.9005E-001   1.7395E-001   1.0799E-001   3.9872E-002  -4.0700E-001  -8.6140E-002  -3.1272E-002   7.2369E-002  -3.8243E-001  -3.5781E-001   1.3616E-002   1.3392E-002   4.4245E-002   4.5970E-003   2.1464E-001  -9.0158E-001  -2.6374E-003   2.1523E-001   7.5479E-001  
 2.7803E+000   7.3988E-001  -1.3496E+000   7.2279E-002   3.0607E-001   2.1026E-001   1.6346E-001  -1.1257E-001   9.6622E-002   3.7299E-001  -8.9640E-002  -1.4861E-002  -6.9748E-002  -5.0716E-001   1.4131E-001  -1.5276E-002   2.3000E-003  -4.8452E-002   1.1443E-002   2.1959E-001  -9.0169E-001  -5.3801E-003   2.1381E-001   7.9716E-001  
 2.7747E+000   1.5427E+000  -4.8249E-002   3.9999E-002   4.1278E-002  -4.1511E-001  -2.2819E-002  -1.7017E-001  -1.3665E-001  -2.3323E-001  -1.0373E-001   2.4953E-002   3.1232E-002  -1.3854E-001   5.2122E-001   2.5378E-002  -1.7573E-002   6.6139E-002  -1.6243E-002   2.2141E-001  -9.0653E-001  -1.6373E-002   2.0835E-001   7.8479E-001  
 2.7697E+000   7.8524E-001   1.3322E+000   1.5623E-002  -3.9420E-001   2.1388E-001  -1.3232E-001  -6.8785E-002   3.9946E-002   1.2734E-001  -1.1449E-001  -4.1560E-003  -1.0894E-002   3.9596E-001   3.8115E-001   3.0422E-002   4.2291E-002  -7.9435E-002   4.5409E-003   2.1914E-001  -9.0928E-001  -2.4955E-002   2.0570E-001   8.2547E-001  
 2.7712E+000  -8.0192E-001   1.3212E+000   2.3590E-002   3.9330E-001   1.9367E-001  -1.4281E-001   6.4203E-002   9.6697E-002  -1.6136E-001  -1.1099E-001  -2.0567E-002   8.2722E-003   5.2069E-001  -1.6464E-001  -3.2083E-002   3.1200E-002   7.5227E-002   1.1386E-002   2.1509E-001  -9.0939E-001  -2.2213E-002   2.0660E-001   8.1657E-001  
 2.7108E+000  -1.1301E+000  -1.1396E+000   8.4312E-002  -3.1076E-001  -2.7839E-002   1.3190E-001   1.1776E-001   1.4802E-001  -3.0653E-001  -8.2961E-002  -2.5096E-002   6.1777E-002  -2.6022E-001  -4.4372E-001  -5.5496E-003   1.5351E-002   2.7613E-002  -4.3597E-002   2.1907E-001  -8.9931E-001  -6.3059E-003   2.1433E-001   7.5790E-001  
 2.7194E+000   1.1027E+000  -1.1344E+000   9.5727E-002   2.9518E-001  -1.5457E-002   1.3561E-001  -1.3114E-001   2.1020E-001   3.0759E-001  -7.8383E-002  -1.5771E-002  -7.4908E-002  -4.3202E-001   2.7221E-001  -6.4435E-003   1.9766E-002  -2.7274E-002  -3.7078E-002   2.1334E-001  -8.9937E-001  -1.8169E-003   2.1572E-001   7.5140E-001  
 2.7134E+000   1.1244E+000   1.1149E+000   5.1914E-002  -3.5173E-001   2.7840E-002  -1.0141E-001  -1.1555E-001  -2.0590E-001   4.7399E-002  -9.7886E-002   2.5097E-002   1.8404E-002   2.8498E-001   4.4372E-001   1.1875E-002   3.2774E-002  -5.4265E-002   3.8281E-002   2.1294E-001  -9.0544E-001  -2.0550E-002   2.0924E-001   8.1334E-001  
 2.7048E+000  -1.1518E+000   1.1201E+000   4.0499E-002   3.6731E-001   1.5457E-002  -9.7705E-002   1.0217E-001  -1.4373E-001  -4.6334E-002  -1.0246E-001   1.5771E-002  -5.2731E-003   4.5678E-001  -2.7221E-001  -2.3868E-002   3.7190E-002   5.4604E-002   4.4802E-002   2.1946E-001  -9.0549E-001  -2.5039E-002   2.0738E-001   8.2675E-001  
