-1.4193E-001   9.6234E-005  -2.1583E-005   4.4831E-002  -9.7413E-001   2.1807E-001  -2.2361E-007   9.4066E-007   1.0451E-007   1.2910E-007   8.0508E-002  -1.2882E-002   5.7529E-002   1.5094E-004   7.0487E-004  -5.4954E-006   1.2309E-006   2.1540E-008  -8.0904E-009  -2.5967E-008   1.2325E-008  -2.6467E-002   8.0526E-003   3.2935E-002  
 7.0749E-002  -7.4248E-001   2.9686E-002   7.2724E-002  -9.7358E-001   2.7668E-001   3.4561E-003  -1.4485E-004   6.2491E-003   8.8314E-004   7.5111E-002  -4.4926E-003   5.7403E-002   1.6307E-004   6.0126E-004   1.3190E-002  -5.1481E-004  -1.3370E-004  -1.6761E-003  -1.0362E-005  -2.3613E-005  -2.5169E-002   8.9300E-003   4.3394E-002  
 7.1852E-002  -3.4548E-001  -6.1676E-001   7.2808E-002  -9.2272E-001   1.8858E-001   2.9364E-003   2.9189E-003   1.9196E-003  -8.2491E-003   7.5109E-002  -1.7040E-002   6.4655E-002   2.3233E-004   7.7895E-004   6.1451E-003   1.0965E-002   2.0958E-003  -5.0707E-004   1.3081E-005  -2.2387E-005  -2.5158E-002   6.8808E-003   3.5828E-002  
 7.0254E-002   3.9710E-001  -6.4643E-001   7.2693E-002  -1.0245E+000   1.8858E-001  -5.1453E-004   3.0685E-003  -4.3331E-003  -2.3593E-003   7.5119E-002  -1.7034E-002   5.0148E-002   5.1755E-005   7.2558E-004  -7.0471E-003   1.1481E-002   7.3765E-004   1.1641E-003   2.3792E-005   4.5928E-006  -2.5171E-002   9.7045E-003   4.8010E-002  
 7.0742E-002   7.4267E-001  -2.9729E-002   7.2728E-002  -9.7358E-001   2.7669E-001  -3.4565E-003   1.4607E-004  -6.2488E-003  -8.8313E-004   7.5113E-002  -4.4896E-003   5.7402E-002   1.6308E-004   6.0127E-004  -1.3201E-002   5.1729E-004   1.3366E-004   1.6761E-003   1.0307E-005   2.3635E-005  -2.5168E-002   8.9305E-003   4.3402E-002  
 7.1850E-002   3.4567E-001   6.1672E-001   7.2809E-002  -9.2271E-001   1.8858E-001  -2.9369E-003  -2.9173E-003  -1.9196E-003   8.2494E-003   7.5109E-002  -1.7038E-002   6.4658E-002   2.3233E-004   7.7894E-004  -6.1562E-003  -1.0963E-002  -2.0957E-003   5.0698E-004  -1.3138E-005   2.2413E-005  -2.5158E-002   6.8805E-003   3.5825E-002  
 7.0259E-002  -3.9691E-001   6.4639E-001   7.2690E-002  -1.0245E+000   1.8858E-001   5.1441E-004  -3.0670E-003   4.3335E-003   2.3597E-003   7.5117E-002  -1.7035E-002   5.0151E-002   5.1749E-005   7.2557E-004   7.0360E-003  -1.1478E-002  -7.3755E-004  -1.1641E-003  -2.3845E-005  -4.5662E-006  -2.5171E-002   9.7038E-003   4.8002E-002  
 8.2778E-001  -1.4995E+000   6.5627E-002   1.5299E-001  -9.7141E-001   4.2495E-001   7.6781E-003   1.2572E-002   1.3768E-002   2.3351E-002   5.1061E-002   2.2669E-002   5.6868E-002   2.2093E-006   2.0914E-004   2.3593E-002  -1.1962E-003  -4.7854E-003  -3.6435E-003  -7.9621E-005  -4.7120E-005  -2.0249E-002   1.4308E-002   8.6871E-002  
 8.3328E-001  -6.9301E-001  -1.2408E+000   1.5322E-001  -7.9168E-001   1.1371E-001   1.7823E-002   1.3002E-002   4.2204E-003  -3.9567E-002   5.1273E-002  -3.0394E-002   8.7487E-002   6.3469E-004   1.2440E-003   1.0632E-002   1.9169E-002   8.9973E-003  -1.1084E-003   3.9090E-006  -5.7786E-006  -2.0441E-002   7.4215E-003   6.2129E-002  
 8.2528E-001   8.0660E-001  -1.3059E+000   1.5289E-001  -1.1511E+000   1.1372E-001   9.9745E-003   3.9066E-004  -9.5447E-003   1.6219E-002   5.0976E-002  -3.0458E-002   2.6137E-002  -2.0117E-004   6.1360E-004  -1.2891E-002   2.0659E-002  -2.9010E-003   2.5373E-003   7.6184E-005   5.8199E-005  -2.0178E-002   1.6465E-002   9.2117E-002  
 8.2777E-001   1.4996E+000  -6.5669E-002   1.5300E-001  -9.7142E-001   4.2496E-001  -7.6783E-003  -1.2574E-002  -1.3768E-002  -2.3352E-002   5.1067E-002   2.2676E-002   5.6866E-002   2.2611E-006   2.0914E-004  -2.3605E-002   1.1987E-003   4.7851E-003   3.6436E-003   7.9560E-005   4.7134E-005  -2.0248E-002   1.4310E-002   8.6880E-002  
 8.3327E-001   6.9320E-001   1.2407E+000   1.5322E-001  -7.9168E-001   1.1371E-001  -1.7823E-002  -1.3001E-002  -4.2214E-003   3.9568E-002   5.1274E-002  -3.0389E-002   8.7492E-002   6.3466E-004   1.2440E-003  -1.0643E-002  -1.9166E-002  -8.9971E-003   1.1081E-003  -3.9713E-006   5.7957E-006  -2.0441E-002   7.4214E-003   6.2134E-002  
 8.2529E-001  -8.0641E-001   1.3058E+000   1.5288E-001  -1.1511E+000   1.1372E-001  -9.9734E-003  -3.9063E-004   9.5458E-003  -1.6218E-002   5.0972E-002  -3.0460E-002   2.6143E-002  -2.0114E-004   6.1355E-004   1.2880E-002  -2.0656E-002   2.9013E-003  -2.5370E-003  -7.6241E-005  -5.8183E-005  -2.0178E-002   1.6464E-002   9.2108E-002  
 1.7275E+000  -1.8456E+000   9.5897E-002   1.9053E-001  -9.6817E-001   4.1388E-001   1.1439E-002   5.3398E-002   2.0011E-002   8.7054E-002   6.6235E-003   4.5181E-002   5.5849E-002  -1.6318E-003  -3.3080E-004   2.1846E-002  -1.9979E-003  -1.8266E-002  -5.0593E-003  -8.5454E-004  -3.5647E-005  -1.3857E-002   2.2293E-002   1.2534E-001  
 1.7395E+000  -8.4029E-001  -1.5145E+000   1.9067E-001  -7.9732E-001   1.1812E-001   5.6839E-002   3.6858E-002   6.1264E-003  -1.1063E-001   7.3529E-003  -4.1256E-002   1.0570E-001   1.9128E-003   3.1210E-003   8.8458E-003   1.6573E-002   2.4082E-002  -1.5291E-003  -3.4305E-004   5.9359E-004  -1.4523E-002   1.4839E-002   1.0507E-001  
 1.7219E+000   1.0056E+000  -1.6087E+000   1.9045E-001  -1.1389E+000   1.1818E-001   4.4702E-002  -1.6648E-002  -1.3873E-002   7.6630E-002   6.2017E-003  -4.1383E-002   5.7814E-003   2.0425E-004  -8.1059E-004  -1.2773E-002   1.9338E-002  -1.5693E-002   3.5317E-003   4.9087E-004   7.9334E-004  -1.3627E-002   2.4832E-002   1.2822E-001  
 1.7275E+000   1.8458E+000  -9.5939E-002   1.9054E-001  -9.6817E-001   4.1389E-001  -1.1439E-002  -5.3403E-002  -2.0010E-002  -8.7057E-002   6.6312E-003   4.5192E-002   5.5847E-002  -1.6318E-003  -3.3083E-004  -2.1858E-002   2.0005E-003   1.8266E-002   5.0595E-003   8.5454E-004   3.5655E-005  -1.3856E-002   2.2295E-002   1.2536E-001  
 1.7395E+000   8.4048E-001   1.5144E+000   1.9067E-001  -7.9732E-001   1.1812E-001  -5.6840E-002  -3.6859E-002  -6.1289E-003   1.1063E-001   7.3552E-003  -4.1249E-002   1.0571E-001   1.9127E-003   3.1210E-003  -8.8574E-003  -1.6571E-002  -2.4082E-002   1.5284E-003   3.4296E-004  -5.9360E-004  -1.4522E-002   1.4839E-002   1.0506E-001  
 1.7219E+000  -1.0055E+000   1.6087E+000   1.9044E-001  -1.1389E+000   1.1818E-001  -4.4700E-002   1.6646E-002   1.3875E-002  -7.6628E-002   6.1964E-003  -4.1386E-002   5.7915E-003   2.0432E-004  -8.1064E-004   1.2761E-002  -1.9335E-002   1.5693E-002  -3.5311E-003  -4.9093E-004  -7.9328E-004  -1.3628E-002   2.4830E-002   1.2820E-001  
 2.4134E+000  -1.7852E+000   1.1832E-001   1.3554E-001  -9.6480E-001   1.4025E-001   1.4397E-002   1.1686E-001   2.4777E-002   1.8072E-001  -5.2360E-002   4.1655E-002   5.4982E-002  -7.3892E-003  -6.6701E-004   4.0501E-003  -2.5307E-003  -4.1092E-002  -5.8028E-003  -3.3404E-003   1.9621E-004  -1.2604E-002   2.5820E-002   1.2595E-001  
 2.4320E+000  -7.9108E-001  -1.4429E+000   1.3631E-001  -1.0298E+000   2.5349E-001   1.1518E-001   7.1531E-002   7.5148E-003  -2.1014E-001  -5.0766E-002  -3.9450E-002   1.0194E-001   5.0549E-003   8.2531E-003  -3.6719E-004   1.0682E-003   4.7480E-002  -1.8069E-003  -1.5093E-003   2.4914E-003  -1.2974E-002   1.8536E-002   1.0924E-001  
 2.4046E+000   9.9478E-001  -1.5587E+000   1.3531E-001  -8.9926E-001   2.5381E-001   9.9107E-002  -4.5638E-002  -1.7249E-002   1.6770E-001  -5.3062E-002  -3.9324E-002   8.2599E-003   2.8653E-003  -5.7835E-003  -4.2305E-003   3.9722E-003  -3.8159E-002   4.0085E-003   1.6899E-003   3.1907E-003  -1.2438E-002   2.8456E-002   1.2972E-001  
 2.4133E+000   1.7854E+000  -1.1836E-001   1.3556E-001  -9.6480E-001   1.4026E-001  -1.4397E-002  -1.1687E-001  -2.4776E-002  -1.8072E-001  -5.2351E-002   4.1668E-002   5.4979E-002  -7.3892E-003  -6.6703E-004  -4.0631E-003   2.5334E-003   4.1091E-002   5.8030E-003   3.3405E-003  -1.9623E-004  -1.2603E-002   2.5822E-002   1.2596E-001  
 2.4320E+000   7.9126E-001   1.4429E+000   1.3631E-001  -1.0298E+000   2.5349E-001  -1.1518E-001  -7.1534E-002  -7.5187E-003   2.1014E-001  -5.0763E-002  -3.9441E-002   1.0195E-001   5.0549E-003   8.2531E-003   3.5530E-004  -1.0659E-003  -4.7480E-002   1.8060E-003   1.5091E-003  -2.4915E-003  -1.2974E-002   1.8536E-002   1.0924E-001  
 2.4047E+000  -9.9460E-001   1.5587E+000   1.3530E-001  -8.9926E-001   2.5381E-001  -9.9102E-002   4.5634E-002   1.7253E-002  -1.6769E-001  -5.3068E-002  -3.9328E-002   8.2723E-003   2.8652E-003  -5.7835E-003   4.2183E-003  -3.9688E-003   3.8160E-002  -4.0078E-003  -1.6900E-003  -3.1905E-003  -1.2438E-002   2.8455E-002   1.2971E-001  
 2.7717E+000  -1.5705E+000   1.3124E-001   4.7558E-002  -9.6237E-001  -1.8905E-001   1.6207E-002   1.7276E-001   2.7689E-002   2.6107E-001  -1.0075E-001   2.3032E-002   5.4594E-002  -1.2991E-002  -7.5063E-004  -1.6153E-002  -2.7375E-003  -6.0672E-002  -6.0318E-003  -4.5911E-003   4.1112E-004  -1.3690E-002   2.7099E-002   1.4241E-001  
 2.7953E+000  -6.7264E-001  -1.2457E+000   4.9346E-002  -1.3113E+000   4.1697E-001   1.6607E-001   1.0159E-001   8.4292E-003  -2.9422E-001  -9.8372E-002  -3.0261E-002   8.5870E-002   7.8650E-003   1.3126E-002  -1.0334E-002  -1.6113E-002   6.7127E-002  -1.8212E-003  -2.0733E-003   3.2992E-003  -1.3802E-002   2.0005E-002   1.1861E-001  
 2.7607E+000   8.9872E-001  -1.3745E+000   4.6848E-002  -6.1210E-001   4.1775E-001   1.4686E-001  -7.1781E-002  -1.9238E-002   2.4631E-001  -1.0183E-001  -2.9697E-002   2.4266E-002   5.6135E-003  -1.0717E-002   5.8190E-003  -1.3791E-002  -5.7767E-002   4.2208E-003   2.2196E-003   4.3673E-003  -1.3791E-002   2.9654E-002   1.4959E-001  
 2.7717E+000   1.5707E+000  -1.3128E-001   4.7579E-002  -9.6237E-001  -1.8904E-001  -1.6207E-002  -1.7277E-001  -2.7688E-002  -2.6107E-001  -1.0074E-001   2.3046E-002   5.4591E-002  -1.2992E-002  -7.5061E-004   1.6140E-002   2.7402E-003   6.0671E-002   6.0319E-003   4.5913E-003  -4.1118E-004  -1.3689E-002   2.7101E-002   1.4242E-001  
 2.7953E+000   6.7281E-001   1.2457E+000   4.9353E-002  -1.3113E+000   4.1697E-001  -1.6607E-001  -1.0159E-001  -8.4339E-003   2.9422E-001  -9.8369E-002  -3.0251E-002   8.5880E-002   7.8652E-003   1.3125E-002   1.0322E-002   1.6116E-002  -6.7127E-002   1.8204E-003   2.0730E-003  -3.2995E-003  -1.3802E-002   2.0006E-002   1.1860E-001  
 2.7607E+000  -8.9855E-001   1.3745E+000   4.6834E-002  -6.1209E-001   4.1775E-001  -1.4686E-001   7.1776E-002   1.9242E-002  -2.4631E-001  -1.0183E-001  -2.9701E-002   2.4280E-002   5.6133E-003  -1.0717E-002  -5.8311E-003   1.3794E-002   5.7767E-002  -4.2201E-003  -2.2197E-003  -4.3670E-003  -1.3792E-002   2.9652E-002   1.4958E-001  
 2.7313E+000  -1.0576E+000  -1.0170E+000   6.9364E-002  -1.2933E+000   2.1559E-001   1.3167E-001   1.2665E-001   1.9217E-001  -2.0029E-001  -8.8562E-002  -1.2254E-002   9.5283E-002   1.3765E-002   9.5298E-004  -1.0051E-002  -1.0928E-002   4.5700E-002  -4.3948E-002   2.8887E-003   2.5910E-003  -1.3480E-002   1.9649E-002   1.1253E-001  
 2.6930E+000   1.2377E+000  -1.1968E+000   6.6853E-002  -6.3078E-001   2.1554E-001   1.0666E-001  -1.0164E-001   1.5317E-001   1.6203E-001  -9.2287E-002  -1.2221E-002   1.5104E-002   1.1314E-002   3.0277E-004   6.5062E-003  -7.3660E-003  -3.8047E-002  -3.6030E-002  -3.3534E-003   3.3840E-003  -1.3374E-002   3.0507E-002   1.3388E-001  
 2.7312E+000   1.0578E+000   1.0169E+000   6.9375E-002  -1.2933E+000   2.1559E-001  -1.3167E-001  -1.2665E-001  -1.9217E-001   2.0029E-001  -8.8557E-002  -1.2242E-002   9.5291E-002   1.3765E-002   9.5282E-004   1.0039E-002   1.0931E-002  -4.5700E-002   4.3947E-002  -2.8891E-003  -2.5909E-003  -1.3480E-002   1.9650E-002   1.1254E-001  
 2.6930E+000  -1.2375E+000   1.1968E+000   6.6835E-002  -6.3077E-001   2.1554E-001  -1.0665E-001   1.0164E-001  -1.5317E-001  -1.6202E-001  -9.2295E-002  -1.2228E-002   1.5116E-002   1.1314E-002   3.0264E-004  -6.5187E-003   7.3694E-003   3.8047E-002   3.6030E-002   3.3530E-003  -3.3839E-003  -1.3375E-002   3.0506E-002   1.3387E-001  
