-8.2029E-002   5.8945E-006   1.8938E-008   6.0165E-002  -2.3543E-006   1.5773E-003   5.4618E-007   1.7623E-007   1.8000E-005  -2.1208E-007   8.1004E-002   2.2346E-003  -2.4934E-006  -9.1132E-006   1.6189E-006  -3.1664E-007   8.0517E-008  -1.8943E-007   2.7116E-005  -3.3228E-007   3.1915E-007  -2.6398E-002   9.5497E-001   2.2357E+000  
 1.3086E-001  -7.3673E-001  -7.6617E-007   8.8031E-002   2.2982E-006   6.0867E-002  -1.0811E-006   4.1743E-004   1.7544E-005   1.7435E-003   7.5647E-002   1.1325E-002  -8.5599E-007  -6.5465E-003  -5.3058E-008   1.2503E-002  -1.6703E-006  -8.6256E-004   2.6723E-005  -1.2639E-001  -9.6788E-005  -2.5180E-002   9.5009E-001   2.3417E+000  
 1.3081E-001  -3.6835E-001  -6.3753E-001   8.8027E-002   5.0864E-002  -2.7436E-002   1.0744E-003   1.9319E-004  -2.9544E-004  -2.3596E-003   7.5535E-002  -1.4852E-003   7.2283E-003   3.1610E-003   5.6835E-003   6.2647E-003   1.1790E-002   1.2282E-004  -3.3558E-004  -6.3248E-002   1.0939E-001  -2.5185E-002   9.5014E-001   2.3479E+000  
 1.3081E-001   3.6836E-001  -6.3753E-001   8.8027E-002  -5.0868E-002  -2.7435E-002   1.0751E-003  -1.9436E-004  -2.9588E-004   2.3617E-003   7.5535E-002  -1.4841E-003  -7.2318E-003   3.1685E-003  -5.6774E-003  -6.2666E-003   1.1791E-002  -1.2130E-004  -3.3575E-004   6.3079E-002   1.0948E-001  -2.5186E-002   9.5014E-001   2.3476E+000  
 1.3086E-001   7.3674E-001   1.4017E-006   8.8031E-002  -6.3516E-006   6.0868E-002   1.7017E-006  -4.1703E-004   1.7825E-005  -1.7440E-003   7.5647E-002   1.1326E-002  -2.7391E-006  -6.5462E-003  -5.8304E-006  -1.2503E-002   1.1401E-006   8.6222E-004   2.6261E-005   1.2639E-001   9.6462E-005  -2.5181E-002   9.5009E-001   2.3418E+000  
 1.3081E-001   3.6836E-001   6.3753E-001   8.8027E-002   5.0860E-002  -2.7443E-002  -1.0735E-003  -1.9337E-004   3.3114E-004   2.3591E-003   7.5536E-002  -1.4871E-003   7.2272E-003   3.1661E-003   5.6808E-003  -6.2661E-003  -1.1790E-002  -1.2333E-004   3.8895E-004   6.3248E-002  -1.0938E-001  -2.5185E-002   9.5014E-001   2.3478E+000  
 1.3081E-001  -3.6835E-001   6.3753E-001   8.8027E-002  -5.0864E-002  -2.7442E-002  -1.0741E-003   1.9519E-004   3.3171E-004  -2.3621E-003   7.5535E-002  -1.4860E-003  -7.2309E-003   3.1736E-003  -5.6746E-003   6.2665E-003  -1.1791E-002   1.2092E-004   3.8925E-004  -6.3080E-002  -1.0948E-001  -2.5186E-002   9.5014E-001   2.3475E+000  
 8.8874E-001  -1.4863E+000   9.9391E-007   1.6809E-001   7.7220E-006   2.0945E-001  -9.7217E-007   1.4679E-002   1.5784E-005   2.4380E-002   5.1665E-002   3.7359E-002   5.2151E-007  -3.1658E-002  -1.5197E-005   2.2710E-002  -1.3962E-006  -4.2647E-003   2.6129E-005  -2.7817E-001  -2.1535E-004  -2.0599E-002   9.3332E-001   2.4699E+000  
 8.8873E-001  -7.4322E-001  -1.2868E+000   1.6838E-001   1.7993E-001  -1.0203E-001   1.3270E-002   7.2031E-003  -2.4867E-004  -2.4507E-002   5.1758E-002  -1.5052E-002   3.0389E-002   1.5558E-002   2.6711E-002   1.1111E-002   2.0324E-002   4.1809E-003  -2.5586E-004  -1.3991E-001   2.4118E-001  -2.0195E-002   9.3319E-001   2.4736E+000  
 8.8873E-001   7.4323E-001  -1.2868E+000   1.6838E-001  -1.7993E-001  -1.0203E-001   1.3270E-002  -7.2048E-003  -2.5420E-004   2.4511E-002   5.1756E-002  -1.5053E-002  -3.0390E-002   1.5597E-002  -2.6685E-002  -1.1112E-002   2.0323E-002  -4.1779E-003  -2.5677E-004   1.3953E-001   2.4139E-001  -2.0198E-002   9.3319E-001   2.4735E+000  
 8.8873E-001   1.4863E+000   3.4639E-006   1.6809E-001  -1.1334E-005   2.0945E-001   1.0977E-006  -1.4678E-002   1.9770E-005  -2.4380E-002   5.1666E-002   3.7360E-002  -4.2581E-006  -3.1658E-002  -2.8225E-005  -2.2710E-002   8.1902E-007   4.2645E-003   2.4905E-005   2.7817E-001   2.1376E-004  -2.0599E-002   9.3332E-001   2.4698E+000  
 8.8873E-001   7.4324E-001   1.2868E+000   1.6838E-001   1.7992E-001  -1.0204E-001  -1.3269E-002  -7.2037E-003   2.8505E-004   2.4507E-002   5.1759E-002  -1.5056E-002   3.0387E-002   1.5569E-002   2.6704E-002  -1.1113E-002  -2.0324E-002  -4.1806E-003   3.0786E-004   1.3991E-001  -2.4118E-001  -2.0194E-002   9.3319E-001   2.4736E+000  
 8.8873E-001  -7.4322E-001   1.2868E+000   1.6838E-001  -1.7992E-001  -1.0204E-001  -1.3268E-002   7.2059E-003   2.9028E-004  -2.4511E-002   5.1756E-002  -1.5058E-002  -3.0387E-002   1.5608E-002  -2.6678E-002   1.1112E-002  -2.0323E-002   4.1781E-003   3.0834E-004  -1.3953E-001  -2.4139E-001  -2.0198E-002   9.3319E-001   2.4735E+000  
 1.7900E+000  -1.8224E+000   5.6052E-006   2.0952E-001   1.3959E-005   2.0150E-001   4.0404E-007   5.9527E-002   1.7672E-005   8.8587E-002   8.0253E-003   6.3783E-002   5.4387E-006  -6.5087E-002  -3.6549E-005   2.7975E-002   2.5913E-006  -1.1923E-002   3.1843E-005  -4.0130E-001  -3.0992E-004  -9.3858E-003   9.1305E-001   2.5384E+000  
 1.7904E+000  -9.1112E-001  -1.5781E+000   2.1056E-001   1.7323E-001  -9.8655E-002   5.1574E-002   2.9606E-002   2.5425E-004  -8.9358E-002   9.3476E-003  -2.8974E-002   5.3383E-002   3.2451E-002   5.5520E-002   1.4006E-002   2.4543E-002   1.0994E-002   4.1994E-004  -2.0126E-001   3.4741E-001  -7.9020E-003   9.1281E-001   2.5241E+000  
 1.7904E+000   9.1112E-001  -1.5781E+000   2.1056E-001  -1.7323E-001  -9.8655E-002   5.1572E-002  -2.9610E-002   2.4604E-004   8.9364E-002   9.3495E-003  -2.8972E-002  -5.3386E-002   3.2535E-002  -5.5468E-002  -1.4012E-002   2.4539E-002  -1.0989E-002   4.2688E-004   2.0072E-001   3.4772E-001  -7.9010E-003   9.1281E-001   2.5236E+000  
 1.7900E+000   1.8224E+000   5.6841E-006   2.0952E-001  -1.4857E-005   2.0150E-001  -1.8195E-007  -5.9527E-002   2.0818E-005  -8.8587E-002   8.0265E-003   6.3784E-002  -4.2241E-006  -6.5087E-002  -5.6983E-005  -2.7977E-002  -1.1850E-006   1.1924E-002   1.8329E-005   4.0130E-001   3.0797E-004  -9.3847E-003   9.1305E-001   2.5385E+000  
 1.7904E+000   9.1114E-001   1.5781E+000   2.1056E-001   1.7321E-001  -9.8680E-002  -5.1575E-002  -2.9608E-002  -2.1544E-004   8.9360E-002   9.3499E-003  -2.8983E-002   5.3381E-002   3.2468E-002   5.5509E-002  -1.4007E-002  -2.4546E-002  -1.0992E-002  -3.6920E-004   2.0126E-001  -3.4740E-001  -7.9003E-003   9.1281E-001   2.5241E+000  
 1.7904E+000  -9.1112E-001   1.5781E+000   2.1056E-001  -1.7322E-001  -9.8680E-002  -5.1571E-002   2.9611E-002  -2.0700E-004  -8.9364E-002   9.3491E-003  -2.8982E-002  -5.3381E-002   3.2552E-002  -5.5458E-002   1.4010E-002  -2.4539E-002   1.0989E-002  -3.7609E-004  -2.0072E-001  -3.4772E-001  -7.9011E-003   9.1281E-001   2.5236E+000  
 2.4831E+000  -1.7454E+000   1.4640E-005   1.6388E-001   2.9399E-005  -5.5459E-002   7.2181E-006   1.3671E-001   3.3765E-005   2.0126E-001  -4.5700E-002   7.7342E-002   2.1336E-005  -7.6757E-002  -3.7216E-005   1.8972E-002   1.0408E-005  -9.4716E-003   5.2619E-005  -4.5821E-001  -3.5160E-004  -8.0873E-003   8.9007E-001   2.5466E+000  
 2.4842E+000  -8.7230E-001  -1.5102E+000   1.6645E-001  -4.8191E-002   2.8343E-002   1.1977E-001   6.8343E-002  -5.9685E-004  -2.0263E-001  -4.3092E-002  -3.7447E-002   6.6381E-002   3.8707E-002   6.4785E-002   9.9516E-003   1.8833E-002   8.1445E-003  -5.3867E-004  -2.2934E-001   3.9677E-001  -5.3546E-003   8.9001E-001   2.5283E+000  
 2.4842E+000   8.7230E-001  -1.5102E+000   1.6645E-001   4.8175E-002   2.8364E-002   1.1976E-001  -6.8358E-002  -5.7664E-004   2.0264E-001  -4.3090E-002  -3.7421E-002  -6.6396E-002   3.8798E-002  -6.4727E-002  -9.9684E-003   1.8820E-002  -8.1392E-003  -4.8975E-004   2.2872E-001   3.9712E-001  -5.3545E-003   8.9001E-001   2.5279E+000  
 2.4831E+000   1.7454E+000   3.5214E-006   1.6388E-001  -7.0068E-006  -5.5458E-002  -6.7421E-006  -1.3671E-001   7.8665E-006  -2.0126E-001  -4.5698E-002   7.7344E-002   7.5308E-006  -7.6757E-002  -6.2957E-005  -1.8975E-002  -7.6534E-006   9.4717E-003  -3.2656E-006   4.5821E-001   3.4941E-004  -8.0853E-003   8.9007E-001   2.5466E+000  
 2.4842E+000   8.7233E-001   1.5102E+000   1.6645E-001  -4.8208E-002   2.8312E-002  -1.1977E-001  -6.8345E-002   6.3787E-004   2.0264E-001  -4.3091E-002  -3.7460E-002   6.6376E-002   3.8728E-002   6.4772E-002  -9.9511E-003  -1.8835E-002  -8.1431E-003   5.8781E-004   2.2934E-001  -3.9677E-001  -5.3544E-003   8.9000E-001   2.5283E+000  
 2.4842E+000  -8.7231E-001   1.5102E+000   1.6645E-001   4.8195E-002   2.8332E-002  -1.1976E-001   6.8358E-002   6.1997E-004  -2.0264E-001  -4.3091E-002  -3.7435E-002  -6.6387E-002   3.8820E-002  -6.4715E-002   9.9641E-003  -1.8822E-002   8.1408E-003   5.4100E-004  -2.2873E-001  -3.9712E-001  -5.3542E-003   8.9000E-001   2.5279E+000  
 2.8445E+000  -1.5269E+000   2.4146E-005   6.8784E-002   4.8352E-005  -3.7284E-001   1.4707E-005   1.9516E-001   5.6610E-005   3.0225E-001  -1.0090E-001   6.0392E-002   3.6222E-005  -6.9545E-002  -2.2397E-005  -1.7592E-002   1.2787E-005  -9.8160E-003   7.1939E-005  -4.6434E-001  -3.5470E-004  -2.7507E-002   8.7103E-001   2.5031E+000  
 2.8460E+000  -7.6380E-001  -1.3222E+000   7.0985E-002  -3.2217E-001   1.8693E-001   1.7012E-001   9.7292E-002  -4.7180E-004  -3.0281E-001  -9.7469E-002  -2.8451E-002   5.2133E-002   3.5302E-002   5.9033E-002  -9.4473E-003  -1.4644E-002   9.1311E-003  -4.3756E-004  -2.3259E-001   4.0169E-001  -2.4759E-002   8.7120E-001   2.4987E+000  
 2.8460E+000   7.6378E-001  -1.3222E+000   7.0985E-002   3.2213E-001   1.8698E-001   1.7011E-001  -9.7321E-002  -4.0811E-004   3.0282E-001  -9.7467E-002  -2.8401E-002  -5.2162E-002   3.5367E-002  -5.8987E-002   9.4258E-003  -1.4660E-002  -9.1265E-003  -3.4904E-004   2.3197E-001   4.0204E-001  -2.4758E-002   8.7120E-001   2.4984E+000  
 2.8445E+000   1.5269E+000  -9.6171E-007   6.8787E-002   6.8357E-006  -3.7284E-001  -1.3496E-005  -1.9516E-001  -1.1762E-005  -3.0225E-001  -1.0090E-001   6.0394E-002   1.9239E-005  -6.9545E-002  -5.2036E-005   1.7589E-002  -8.8216E-006   9.8162E-003  -2.2133E-005   4.6434E-001   3.5261E-004  -2.7506E-002   8.7103E-001   2.5031E+000  
 2.8460E+000   7.6383E-001   1.3222E+000   7.0984E-002  -3.2219E-001   1.8689E-001  -1.7012E-001  -9.7292E-002   5.1588E-004   3.0281E-001  -9.7469E-002  -2.8465E-002   5.2124E-002   3.5327E-002   5.9018E-002   9.4504E-003   1.4644E-002  -9.1313E-003   4.8745E-004   2.3259E-001  -4.0168E-001  -2.4760E-002   8.7120E-001   2.4986E+000  
 2.8460E+000  -7.6379E-001   1.3222E+000   7.0986E-002   3.2216E-001   1.8694E-001  -1.7011E-001   9.7321E-002   4.5554E-004  -3.0281E-001  -9.7466E-002  -2.8420E-002  -5.2152E-002   3.5394E-002  -5.8974E-002  -9.4301E-003   1.4655E-002   9.1279E-003   4.0163E-004  -2.3197E-001  -4.0204E-001  -2.4756E-002   8.7120E-001   2.4984E+000  
 2.7719E+000  -1.1396E+000  -1.1172E+000   8.3552E-002  -3.3098E-001  -3.1338E-002   1.2996E-001   1.0456E-001   1.5063E-001  -2.0339E-001  -8.9977E-002  -3.1779E-002   4.0128E-002   1.2243E-002   5.5237E-002  -1.9076E-002   1.6539E-003   1.8886E-003  -7.9898E-002  -3.2247E-001   3.2802E-001  -1.3478E-002   8.7558E-001   2.4822E+000  
 2.7719E+000   1.1396E+000  -1.1172E+000   8.3571E-002   3.3092E-001  -3.1340E-002   1.2998E-001  -1.0459E-001   1.5067E-001   2.0343E-001  -8.9970E-002  -3.1780E-002  -4.0172E-002   1.2332E-002  -5.5231E-002   1.9070E-002   1.6603E-003  -1.8293E-003  -7.9845E-002   3.2196E-001   3.2853E-001  -1.3492E-002   8.7558E-001   2.4819E+000  
 2.7719E+000   1.1397E+000   1.1172E+000   8.3549E-002  -3.3101E-001  -3.1367E-002  -1.2995E-001  -1.0456E-001  -1.5059E-001   2.0339E-001  -8.9979E-002  -3.1791E-002   4.0115E-002   1.2264E-002   5.5214E-002   1.9081E-002  -1.6521E-003  -1.8878E-003   7.9948E-002   3.2247E-001  -3.2802E-001  -1.3481E-002   8.7558E-001   2.4822E+000  
 2.7719E+000  -1.1396E+000   1.1172E+000   8.3564E-002   3.3096E-001  -3.1368E-002  -1.2998E-001   1.0458E-001  -1.5062E-001  -2.0343E-001  -8.9974E-002  -3.1791E-002  -4.0158E-002   1.2352E-002  -5.5212E-002  -1.9077E-002  -1.6568E-003   1.8310E-003   7.9894E-002  -3.2196E-001  -3.2852E-001  -1.3495E-002   8.7558E-001   2.4819E+000  
