-1.4199E-001   6.6613E-016   3.3669E+000   4.4709E-002  -1.1002E-015   3.4139E-004   6.3932E-001  -4.9960E-016  -6.5928E-007   8.3332E-016   8.0482E-002   3.2592E-005   3.1248E-015  -6.5076E-006  -4.7343E-015   1.9984E-015  -4.3776E-002  -2.4292E-015  -1.1471E-006   2.3826E-015   8.8660E-007  -2.6467E-002   2.5968E-003   1.0806E-002  
 7.0885E-002  -7.3595E-001   3.3668E+000   7.2620E-002  -2.3680E-001   5.9077E-002   6.3927E-001   6.2154E-004  -4.1870E-004   2.2578E-003   7.5085E-002   8.3976E-003  -6.1627E-003  -1.6186E-005   1.4618E-007   1.3077E-002  -4.3783E-002  -5.0097E-004  -3.9921E-005  -6.1520E-006   1.2442E-006  -2.5166E-002   4.0224E-003   3.1166E-002  
-2.0890E-001  -3.6914E-001   2.7274E+000  -1.6465E-002  -6.7609E-002   1.7610E-001   6.3919E-001  -4.2733E-005   2.1599E-004  -1.8965E-003   7.0873E-002   1.1898E-003   4.1675E-003  -3.9201E-006   7.1735E-006   6.5186E-003  -3.2493E-002   5.2843E-004   2.0897E-005  -2.8326E-006  -2.4742E-006  -2.5247E-002   3.8875E-003   2.7556E-002  
-2.0890E-001   3.6914E-001   2.7274E+000  -1.6465E-002   6.7609E-002   1.7610E-001   6.3919E-001   4.2733E-005   2.1599E-004   1.8965E-003   7.0873E-002   1.1898E-003  -4.1675E-003  -3.9202E-006  -7.1735E-006  -6.5186E-003  -3.2493E-002  -5.2843E-004   2.0897E-005   2.8325E-006  -2.4743E-006  -2.5247E-002   3.8875E-003   2.7556E-002  
 7.0885E-002   7.3595E-001   3.3668E+000   7.2620E-002   2.3680E-001   5.9077E-002   6.3927E-001  -6.2154E-004  -4.1870E-004  -2.2578E-003   7.5085E-002   8.3976E-003   6.1627E-003  -1.6187E-005  -1.4617E-007  -1.3077E-002  -4.3783E-002   5.0097E-004  -3.9922E-005   6.1520E-006   1.2443E-006  -2.5166E-002   4.0224E-003   3.1166E-002  
 3.5066E-001   3.6680E-001   4.0022E+000   1.6171E-001   1.6935E-001  -2.3415E-001   6.3812E-001  -6.6168E-004   2.0009E-004   2.6188E-003   7.9301E-002  -9.4887E-003   1.0338E-002  -3.4090E-006   7.2715E-006  -6.5568E-003  -5.5141E-002  -4.6199E-004   1.4405E-005   3.2370E-006   4.6854E-006  -2.5083E-002   4.1589E-003   3.1751E-002  
 3.5066E-001  -3.6680E-001   4.0022E+000   1.6171E-001  -1.6935E-001  -2.3415E-001   6.3812E-001   6.6168E-004   2.0010E-004  -2.6188E-003   7.9301E-002  -9.4887E-003  -1.0338E-002  -3.4090E-006  -7.2716E-006   6.5568E-003  -5.5141E-002   4.6199E-004   1.4405E-005  -3.2370E-006   4.6854E-006  -2.5083E-002   4.1589E-003   3.1751E-002  
 8.2873E-001  -1.4850E+000   3.3667E+000   1.5292E-001  -5.2659E-001   2.0784E-001   6.3910E-001   1.4306E-002  -2.0283E-003   2.6379E-002   5.1075E-002   3.5423E-002  -1.3709E-002  -2.5934E-004   2.8996E-006   2.3286E-002  -4.3818E-002  -5.5733E-003  -1.8719E-004  -6.8077E-005  -5.4045E-007  -2.0284E-002   1.1058E-002   8.1947E-002  
 2.0576E-001  -7.4813E-001   2.0708E+000  -4.5451E-002  -8.4401E-002   3.5312E-001   6.4853E-001   5.4463E-003   1.0267E-003  -2.4638E-002   4.1715E-002  -5.7586E-003   2.3774E-002   1.1608E-004   2.1980E-004   1.1531E-002  -2.3835E-002   5.7096E-003   9.7731E-005  -3.3267E-005   3.8060E-005  -2.0497E-002   1.0740E-002   7.6064E-002  
 2.0576E-001   7.4813E-001   2.0708E+000  -4.5451E-002   8.4401E-002   3.5312E-001   6.4853E-001  -5.4463E-003   1.0267E-003   2.4638E-002   4.1715E-002  -5.7587E-003  -2.3774E-002   1.1608E-004  -2.1980E-004  -1.1531E-002  -2.3835E-002  -5.7096E-003   9.7733E-005   3.3267E-005   3.8059E-005  -2.0497E-002   1.0740E-002   7.6064E-002  
 8.2873E-001   1.4850E+000   3.3667E+000   1.5292E-001   5.2659E-001   2.0784E-001   6.3910E-001  -1.4306E-002  -2.0283E-003  -2.6379E-002   5.1075E-002   3.5423E-002   1.3709E-002  -2.5934E-004  -2.8995E-006  -2.3286E-002  -4.3818E-002   5.5733E-003  -1.8719E-004   6.8077E-005  -5.4053E-007  -2.0284E-002   1.1058E-002   8.1947E-002  
 1.4516E+000   7.3678E-001   4.6429E+000   3.5126E-001   4.4383E-001  -5.5990E-001   6.2376E-001  -8.8575E-003   9.9962E-004   2.8124E-002   6.0441E-002  -2.9564E-002   3.7590E-002   1.1724E-004   2.2695E-004  -1.1740E-002  -6.4167E-002  -5.3987E-003   8.5036E-005   3.0523E-005  -3.3753E-005  -2.0086E-002   1.1413E-002   8.1356E-002  
 1.4516E+000  -7.3678E-001   4.6429E+000   3.5126E-001  -4.4383E-001  -5.5990E-001   6.2376E-001   8.8574E-003   9.9966E-004  -2.8124E-002   6.0441E-002  -2.9564E-002  -3.7590E-002   1.1724E-004  -2.2695E-004   1.1740E-002  -6.4167E-002   5.3987E-003   8.5028E-005  -3.0523E-005  -3.3753E-005  -2.0086E-002   1.1413E-002   8.1356E-002  
 1.7297E+000  -1.8245E+000   3.3667E+000   1.9043E-001  -7.7690E-001   1.9750E-001   6.3890E-001   5.6037E-002  -4.2996E-003   9.1459E-002   6.7337E-003   5.7686E-002  -2.0264E-002  -2.0084E-003   4.8492E-006   2.1279E-002  -4.3896E-002  -1.9357E-002  -3.8635E-004  -8.2696E-004  -1.0292E-005  -1.3978E-002   1.9921E-002   1.1347E-001  
 8.0899E-001  -9.2423E-001   1.7657E+000  -1.0275E-001  -2.2024E-001   5.7608E-001   6.8113E-001   2.4388E-002   2.1659E-003  -8.7781E-002  -7.1010E-003  -1.1150E-002   3.9685E-002   1.0175E-003   1.7656E-003   1.0373E-002  -2.5912E-002   1.9669E-002   2.1594E-004  -4.2706E-004   7.0691E-004  -1.4364E-002   1.9439E-002   1.0995E-001  
 8.0899E-001   9.2423E-001   1.7657E+000  -1.0275E-001   2.2024E-001   5.7608E-001   6.8113E-001  -2.4388E-002   2.1658E-003   8.7781E-002  -7.1010E-003  -1.1150E-002  -3.9685E-002   1.0175E-003  -1.7656E-003  -1.0373E-002  -2.5912E-002  -1.9669E-002   2.1595E-004   4.2707E-004   7.0691E-004  -1.4364E-002   1.9439E-002   1.0995E-001  
 1.7297E+000   1.8245E+000   3.3667E+000   1.9043E-001   7.7690E-001   1.9750E-001   6.3890E-001  -5.6037E-002  -4.2995E-003  -9.1459E-002   6.7336E-003   5.7686E-002   2.0264E-002  -2.0084E-003  -4.8484E-006  -2.1279E-002  -4.3896E-002   1.9357E-002  -3.8635E-004   8.2696E-004  -1.0293E-005  -1.3978E-002   1.9921E-002   1.1347E-001  
 2.6499E+000   9.0017E-001   4.9260E+000   4.8357E-001   5.6177E-001  -7.7250E-001   5.8415E-001  -3.1614E-002   2.1343E-003   9.5084E-002   2.0466E-002  -4.6428E-002   6.0269E-002   1.0250E-003   1.7753E-003  -1.0853E-002  -6.2709E-002  -1.9012E-002   1.7526E-004   4.0718E-004  -7.0719E-004  -1.3664E-002   2.0381E-002   1.1612E-001  
 2.6499E+000  -9.0017E-001   4.9260E+000   4.8357E-001  -5.6177E-001  -7.7250E-001   5.8415E-001   3.1614E-002   2.1345E-003  -9.5084E-002   2.0466E-002  -4.6428E-002  -6.0269E-002   1.0250E-003  -1.7753E-003   1.0853E-002  -6.2709E-002   1.9012E-002   1.7524E-004  -4.0718E-004  -7.0719E-004  -1.3664E-002   2.0381E-002   1.1612E-001  
 2.4168E+000  -1.7592E+000   3.3668E+000   1.3555E-001  -9.6692E-001  -7.5297E-002   6.3878E-001   1.2031E-001  -6.4297E-003   1.8623E-001  -5.2095E-002   5.4039E-002  -2.5225E-002  -7.7983E-003   5.2000E-005   3.4263E-003  -4.3953E-002  -4.2286E-002  -5.3291E-004  -3.2390E-003   2.8341E-005  -1.2679E-002   2.3732E-002   1.1699E-001  
 1.2693E+000  -8.9775E-001   1.8117E+000  -2.2981E-001  -5.5353E-001   8.7820E-001   7.3357E-001   5.4689E-002   3.1661E-003  -1.8079E-001  -6.9179E-002  -5.0225E-003   3.3931E-002   3.9519E-003   6.6964E-003   1.3059E-003  -4.1534E-002   4.2638E-002   2.4819E-004  -1.6146E-003   2.8194E-003  -1.3089E-002   2.3286E-002   1.1533E-001  
 1.2693E+000   8.9775E-001   1.8117E+000  -2.2981E-001   5.5353E-001   8.7820E-001   7.3357E-001  -5.4689E-002   3.1660E-003   1.8079E-001  -6.9179E-002  -5.0225E-003  -3.3931E-002   3.9518E-003  -6.6964E-003  -1.3059E-003  -4.1534E-002  -4.2638E-002   2.4821E-004   1.6146E-003   2.8194E-003  -1.3089E-002   2.3286E-002   1.1533E-001  
 2.4168E+000   1.7592E+000   3.3668E+000   1.3555E-001   9.6692E-001  -7.5296E-002   6.3878E-001  -1.2031E-001  -6.4296E-003  -1.8623E-001  -5.2095E-002   5.4039E-002   2.5225E-002  -7.7983E-003  -5.1997E-005  -3.4263E-003  -4.3953E-002   4.2286E-002  -5.3293E-004   3.2390E-003   2.8340E-005  -1.2679E-002   2.3732E-002   1.1699E-001  
 3.5636E+000   8.6151E-001   4.8591E+000   5.0100E-001   4.2289E-001  -8.0203E-001   5.2515E-001  -6.5558E-002   3.2624E-003   1.9154E-001  -3.5007E-002  -4.9023E-002   5.9704E-002   3.9803E-003   6.8378E-003  -2.0043E-003  -4.7580E-002  -4.1788E-002   2.8347E-004   1.6820E-003  -2.8976E-003  -1.2270E-002   2.4257E-002   1.2037E-001  
 3.5636E+000  -8.6151E-001   4.8591E+000   5.0100E-001  -4.2289E-001  -8.0203E-001   5.2515E-001   6.5558E-002   3.2626E-003  -1.9154E-001  -3.5007E-002  -4.9023E-002  -5.9704E-002   3.9803E-003  -6.8378E-003   2.0043E-003  -4.7580E-002   4.1788E-002   2.8342E-004  -1.6820E-003  -2.8976E-003  -1.2270E-002   2.4257E-002   1.2037E-001  
 2.7761E+000  -1.5417E+000   3.3671E+000   4.7772E-002  -1.0780E+000  -4.0393E-001   6.3875E-001   1.7684E-001  -7.7504E-003   2.6729E-001  -1.0032E-001   3.5450E-002  -2.8068E-002  -1.3409E-002   1.3068E-004  -1.6687E-002  -4.3952E-002  -6.1876E-002  -5.7434E-004  -4.4641E-003   7.2608E-005  -1.3689E-002   2.5154E-002   1.2647E-001  
 1.4957E+000  -7.9296E-001   1.9934E+000  -3.5980E-001  -8.9504E-001   1.1396E+000   7.8049E-001   8.1820E-002   3.8618E-003  -2.6081E-001  -1.1926E-001   6.7904E-003   1.6430E-002   6.7345E-003   1.1505E-002  -8.7515E-003  -5.9015E-002   6.2247E-002   3.2378E-004  -2.1851E-003   3.7977E-003  -1.4155E-002   2.4742E-002   1.2188E-001  
 1.4957E+000   7.9296E-001   1.9934E+000  -3.5980E-001   8.9504E-001   1.1396E+000   7.8049E-001  -8.1820E-002   3.8617E-003   2.6081E-001  -1.1926E-001   6.7904E-003  -1.6430E-002   6.7345E-003  -1.1505E-002   8.7515E-003  -5.9015E-002  -6.2247E-002   3.2381E-004   2.1851E-003   3.7977E-003  -1.4155E-002   2.4742E-002   1.2188E-001  
 2.7761E+000   1.5417E+000   3.3671E+000   4.7771E-002   1.0780E+000  -4.0393E-001   6.3875E-001  -1.7684E-001  -7.7503E-003  -2.6729E-001  -1.0032E-001   3.5450E-002   2.8068E-002  -1.3409E-002  -1.3068E-004   1.6687E-002  -4.3952E-002   6.1876E-002  -5.7437E-004   4.4641E-003   7.2606E-005  -1.3689E-002   2.5154E-002   1.2647E-001  
 4.0555E+000   7.4889E-001   4.6644E+000   4.5541E-001   1.9564E-001  -7.3485E-001   4.7427E-001  -9.4958E-002   3.8812E-003   2.7353E-001  -8.1407E-002  -4.2154E-002   4.5077E-002   6.7772E-003   1.1848E-002   8.0322E-003  -3.0145E-002  -6.1426E-002   2.3837E-004   2.3336E-003  -3.9097E-003  -1.3419E-002   2.5595E-002   1.2898E-001  
 4.0555E+000  -7.4889E-001   4.6644E+000   4.5541E-001  -1.9564E-001  -7.3485E-001   4.7427E-001   9.4958E-002   3.8816E-003  -2.7353E-001  -8.1407E-002  -4.2154E-002  -4.5077E-002   6.7772E-003  -1.1848E-002  -8.0322E-003  -3.0145E-002   6.1426E-002   2.3829E-004  -2.3336E-003  -3.9097E-003  -1.3419E-002   2.5595E-002   1.2898E-001  
 1.6872E+000  -1.1519E+000   2.2151E+000  -2.5842E-001  -1.0846E+000   7.4790E-001   7.4801E-001   1.0928E-001   1.7715E-001  -1.6961E-001  -1.0564E-001   1.9519E-002   2.0320E-002   1.2295E-002  -6.7592E-005  -9.1300E-003  -5.3102E-002   4.1503E-002  -4.0915E-002   3.0492E-003   2.9923E-003  -1.3735E-002   2.4573E-002   1.2049E-001  
 1.6872E+000   1.1519E+000   2.2151E+000  -2.5842E-001   1.0846E+000   7.4790E-001   7.4801E-001  -1.0928E-001   1.7715E-001   1.6961E-001  -1.0564E-001   1.9519E-002  -2.0320E-002   1.2295E-002   6.7592E-005   9.1300E-003  -5.3102E-002  -4.1503E-002  -4.0915E-002  -3.0492E-003   2.9923E-003  -1.3735E-002   2.4573E-002   1.2049E-001  
 3.7367E+000   1.1028E+000   4.4698E+000   3.9430E-001   4.2200E-001  -7.4715E-001   5.1480E-001  -1.2394E-001  -1.7676E-001   1.8426E-001  -7.5290E-002  -1.9461E-002   5.9800E-002   1.2512E-002   7.0255E-005   8.3341E-003  -3.5646E-002  -4.0411E-002   4.1015E-002  -3.0731E-003  -3.1482E-003  -1.3134E-002   2.5288E-002   1.2988E-001  
 3.7367E+000  -1.1028E+000   4.4698E+000   3.9430E-001  -4.2200E-001  -7.4715E-001   5.1480E-001   1.2394E-001  -1.7676E-001  -1.8426E-001  -7.5290E-002  -1.9461E-002  -5.9800E-002   1.2512E-002  -7.0255E-005  -8.3341E-003  -3.5646E-002   4.0411E-002   4.1015E-002   3.0731E-003  -3.1482E-003  -1.3134E-002   2.5288E-002   1.2988E-001  
