 1.1785E+001   1.3222E-014  -4.1138E-014   3.1092E+000  -1.6470E-015   3.3091E-012  -6.5851E-014  -1.6204E-015   3.6576E-014  -2.4267E-016   5.9971E-002   3.2515E-012  -1.8083E-014  -6.5138E-006   1.3316E-015  -8.6165E-015  -8.9353E-014   8.7919E-016   6.4493E-014  -4.7039E-016  -6.9904E-014  -2.6078E-002   2.5486E-003   8.8946E-003  
 1.1999E+001  -7.1183E-001   3.9155E-014   3.1375E+000  -1.2043E-016   5.9153E-002   4.0466E-014   7.0800E-003  -1.4743E-014   2.2554E-003   5.4594E-002   8.3993E-003  -4.9486E-015  -1.6181E-005   2.6070E-014   1.3280E-002   4.6820E-014  -5.0099E-004  -5.7497E-014  -6.1617E-006   4.2801E-014  -2.4776E-002   3.9889E-003   3.1197E-002  
 1.1999E+001  -3.5591E-001  -6.1647E-001   3.1375E+000   5.1234E-002  -2.9577E-002   6.1308E-003   3.5387E-003   3.9002E-006  -2.2622E-003   5.4595E-002  -4.1992E-003   7.2825E-003  -3.6749E-006   7.2312E-006   6.6395E-003   1.1500E-002   4.9495E-004   3.1107E-006  -3.0398E-006  -3.5883E-006  -2.4775E-002   3.9915E-003   2.9681E-002  
 1.1999E+001   3.5591E-001  -6.1647E-001   3.1375E+000  -5.1234E-002  -2.9577E-002   6.1308E-003  -3.5387E-003   3.8991E-006   2.2622E-003   5.4595E-002  -4.1992E-003  -7.2825E-003  -3.6749E-006  -7.2312E-006  -6.6395E-003   1.1500E-002  -4.9495E-004   3.1108E-006   3.0398E-006  -3.5883E-006  -2.4775E-002   3.9915E-003   2.9681E-002  
 1.1999E+001   7.1183E-001  -1.0940E-007   3.1375E+000  -1.8162E-008   5.9153E-002   1.1274E-009  -7.0800E-003   9.9874E-010  -2.2554E-003   5.4594E-002   8.3993E-003  -2.5782E-009  -1.6181E-005  -4.2582E-011  -1.3280E-002   2.0341E-009   5.0099E-004  -2.0644E-010   6.1617E-006  -5.7888E-012  -2.4776E-002   3.9889E-003   3.1197E-002  
 1.1999E+001   3.5591E-001   6.1647E-001   3.1375E+000   5.1234E-002  -2.9577E-002  -6.1308E-003  -3.5387E-003  -3.9013E-006   2.2622E-003   5.4595E-002  -4.1992E-003   7.2825E-003  -3.6750E-006   7.2312E-006  -6.6395E-003  -1.1500E-002  -4.9495E-004  -3.1105E-006   3.0398E-006   3.5884E-006  -2.4775E-002   3.9915E-003   2.9681E-002  
 1.1999E+001  -3.5591E-001   6.1647E-001   3.1375E+000  -5.1234E-002  -2.9577E-002  -6.1308E-003   3.5387E-003  -3.8982E-006  -2.2622E-003   5.4595E-002  -4.1992E-003  -7.2825E-003  -3.6749E-006  -7.2312E-006   6.6395E-003  -1.1500E-002   4.9495E-004  -3.1112E-006  -3.0398E-006   3.5884E-006  -2.4775E-002   3.9915E-003   2.9681E-002  
 1.2761E+001  -1.4313E+000  -1.2849E-013   3.2191E+000   5.4496E-015   2.0956E-001  -8.1916E-014   2.8676E-002   5.3388E-014   2.6394E-002   3.0657E-002   3.5560E-002   6.3571E-015  -2.5934E-004  -4.0292E-014   2.3740E-002  -5.7622E-014  -5.5722E-003   8.2929E-014  -6.8082E-005  -6.7060E-014  -1.9891E-002   1.1046E-002   8.2014E-002  
 1.2761E+001  -7.1564E-001  -1.2396E+000   3.2191E+000   1.8151E-001  -1.0478E-001   2.4835E-002   1.4336E-002   4.8342E-006  -2.6411E-002   3.0660E-002  -1.7778E-002   3.0829E-002   1.1668E-004   2.2347E-004   1.1862E-002   2.0559E-002   5.5524E-003   5.9607E-006  -3.1877E-005   3.5842E-005  -1.9899E-002   1.1070E-002   7.8773E-002  
 1.2761E+001   7.1564E-001  -1.2396E+000   3.2191E+000  -1.8151E-001  -1.0478E-001   2.4835E-002  -1.4336E-002   4.8221E-006   2.6411E-002   3.0660E-002  -1.7778E-002  -3.0829E-002   1.1668E-004  -2.2347E-004  -1.1862E-002   2.0559E-002  -5.5524E-003   5.9633E-006   3.1877E-005   3.5842E-005  -1.9899E-002   1.1070E-002   7.8773E-002  
 1.2761E+001   1.4313E+000  -2.2001E-007   3.2191E+000  -6.4400E-008   2.0956E-001   4.4680E-009  -2.8676E-002   1.2176E-008  -2.6394E-002   3.0657E-002   3.5560E-002  -1.1005E-008  -2.5934E-004   1.6192E-010  -2.3740E-002   3.7214E-009   5.5722E-003  -2.6787E-009   6.8082E-005  -7.6523E-011  -1.9891E-002   1.1046E-002   8.2014E-002  
 1.2761E+001   7.1564E-001   1.2396E+000   3.2191E+000   1.8151E-001  -1.0478E-001  -2.4835E-002  -1.4336E-002  -4.8463E-006   2.6411E-002   3.0660E-002  -1.7778E-002   3.0829E-002   1.1668E-004   2.2347E-004  -1.1862E-002  -2.0559E-002  -5.5524E-003  -5.9582E-006   3.1877E-005  -3.5842E-005  -1.9899E-002   1.1070E-002   7.8773E-002  
 1.2761E+001  -7.1564E-001   1.2396E+000   3.2191E+000  -1.8151E-001  -1.0478E-001  -2.4835E-002   1.4336E-002  -4.8098E-006  -2.6411E-002   3.0660E-002  -1.7778E-002  -3.0829E-002   1.1668E-004  -2.2347E-004   1.1862E-002  -2.0559E-002   5.5524E-003  -5.9659E-006  -3.1877E-005  -3.5842E-005  -1.9899E-002   1.1070E-002   7.8773E-002  
 1.3668E+001  -1.7453E+000   4.9714E-014   3.2585E+000   2.4410E-015   2.0165E-001   2.5792E-014   7.7264E-002  -2.6479E-014   9.1531E-002  -1.3569E-002   5.8031E-002  -7.8551E-015  -2.0042E-003   3.9545E-015   2.1964E-002   1.2534E-014  -1.9347E-002  -2.2239E-014  -8.2412E-004   3.0210E-014  -1.3573E-002   1.9929E-002   1.1214E-001  
 1.3667E+001  -8.7261E-001  -1.5115E+000   3.2585E+000   1.7468E-001  -1.0083E-001   6.6871E-002   3.8608E-002   4.7440E-006  -9.1524E-002  -1.3631E-002  -2.9009E-002   5.0304E-002   1.0178E-003   1.7669E-003   1.0956E-002   1.8992E-002   1.9333E-002   2.0750E-005  -4.1569E-004   7.0097E-004  -1.3609E-002   1.9917E-002   1.1133E-001  
 1.3667E+001   8.7261E-001  -1.5115E+000   3.2585E+000  -1.7468E-001  -1.0084E-001   6.6871E-002  -3.8608E-002   4.7017E-006   9.1524E-002  -1.3631E-002  -2.9009E-002  -5.0304E-002   1.0178E-003  -1.7669E-003  -1.0956E-002   1.8992E-002  -1.9333E-002   2.0758E-005   4.1569E-004   7.0097E-004  -1.3609E-002   1.9917E-002   1.1133E-001  
 1.3668E+001   1.7453E+000  -2.6787E-007   3.2585E+000  -6.2122E-008   2.0165E-001   1.1931E-008  -7.7264E-002   4.2414E-008  -9.1531E-002  -1.3569E-002   5.8031E-002  -1.8037E-008  -2.0042E-003   8.2786E-010  -2.1964E-002   3.4925E-009   1.9347E-002  -8.5721E-009   8.2412E-004  -3.6811E-010  -1.3573E-002   1.9929E-002   1.1214E-001  
 1.3667E+001   8.7261E-001   1.5115E+000   3.2585E+000   1.7468E-001  -1.0083E-001  -6.6871E-002  -3.8608E-002  -4.7864E-006   9.1524E-002  -1.3631E-002  -2.9009E-002   5.0304E-002   1.0178E-003   1.7669E-003  -1.0956E-002  -1.8992E-002  -1.9333E-002  -2.0741E-005   4.1569E-004  -7.0097E-004  -1.3609E-002   1.9917E-002   1.1133E-001  
 1.3667E+001  -8.7261E-001   1.5115E+000   3.2585E+000  -1.7468E-001  -1.0084E-001  -6.6871E-002   3.8607E-002  -4.6594E-006  -9.1524E-002  -1.3631E-002  -2.9009E-002  -5.0304E-002   1.0178E-003  -1.7669E-003   1.0956E-002  -1.8992E-002   1.9333E-002  -2.0767E-005  -4.1569E-004  -7.0097E-004  -1.3609E-002   1.9917E-002   1.1133E-001  
 1.4361E+001  -1.6606E+000   5.4901E-014   3.2056E+000  -1.6316E-014  -6.8692E-002   8.6524E-014   1.4674E-001  -8.0411E-014   1.8635E-001  -7.2298E-002   5.4571E-002   1.1963E-014  -7.8123E-003   1.3036E-014   4.2705E-003   9.3862E-014  -4.2289E-002  -1.1668E-013  -3.2535E-003   8.1125E-014  -1.2275E-002   2.3737E-002   1.1461E-001  
 1.4360E+001  -8.3033E-001  -1.4383E+000   3.2056E+000  -5.9274E-002   3.4208E-002   1.2711E-001   7.3330E-002  -6.5736E-005  -1.8632E-001  -7.2296E-002  -2.7346E-002   4.7314E-002   3.9722E-003   6.7748E-003   2.0805E-003   3.7652E-003   4.2212E-002  -2.6034E-005  -1.6570E-003   2.8648E-003  -1.2270E-002   2.3782E-002   1.1583E-001  
 1.4360E+001   8.3033E-001  -1.4383E+000   3.2056E+000   5.9274E-002   3.4208E-002   1.2711E-001  -7.3330E-002  -6.5824E-005   1.8632E-001  -7.2296E-002  -2.7346E-002  -4.7314E-002   3.9722E-003  -6.7748E-003  -2.0805E-003   3.7652E-003  -4.2212E-002  -2.6016E-005   1.6570E-003   2.8648E-003  -1.2270E-002   2.3782E-002   1.1583E-001  
 1.4361E+001   1.6606E+000  -2.5436E-007   3.2056E+000   1.9742E-008  -6.8692E-002   2.3320E-008  -1.4674E-001   8.7457E-008  -1.8635E-001  -7.2298E-002   5.4571E-002  -1.8359E-008  -7.8123E-003   3.1830E-009  -4.2705E-003   1.6014E-009   4.2289E-002  -1.7734E-008   3.2535E-003  -1.4253E-009  -1.2275E-002   2.3737E-002   1.1461E-001  
 1.4360E+001   8.3033E-001   1.4383E+000   3.2056E+000  -5.9274E-002   3.4208E-002  -1.2711E-001  -7.3330E-002   6.5649E-005   1.8632E-001  -7.2296E-002  -2.7346E-002   4.7314E-002   3.9722E-003   6.7748E-003  -2.0805E-003  -3.7652E-003  -4.2212E-002   2.6051E-005   1.6570E-003  -2.8648E-003  -1.2270E-002   2.3782E-002   1.1583E-001  
 1.4360E+001  -8.3033E-001   1.4383E+000   3.2056E+000   5.9274E-002   3.4208E-002  -1.2711E-001   7.3330E-002   6.5911E-005  -1.8632E-001  -7.2296E-002  -2.7346E-002  -4.7314E-002   3.9722E-003  -6.7748E-003   2.0805E-003  -3.7652E-003   4.2212E-002   2.5998E-005  -1.6570E-003  -2.8648E-003  -1.2270E-002   2.3782E-002   1.1583E-001  
 1.4724E+001  -1.4317E+000   5.5859E-014   3.1191E+000  -1.4029E-014  -3.9565E-001   9.4915E-014   2.0629E-001  -9.2469E-014   2.6746E-001  -1.2047E-001   3.6102E-002  -2.2634E-014  -1.3416E-002   6.1625E-014  -1.5766E-002   1.8568E-013  -6.1878E-002  -1.0689E-013  -4.4631E-003   1.1668E-013  -1.3296E-002   2.5148E-002   1.2268E-001  
 1.4724E+001  -7.1597E-001  -1.2402E+000   3.1191E+000  -3.4221E-001   1.9765E-001   1.7863E-001   1.0311E-001  -3.6955E-005  -2.6737E-001  -1.2049E-001  -1.8062E-002   3.1339E-002   6.7679E-003   1.1674E-002  -7.9373E-003  -1.3643E-002   6.1837E-002   2.8644E-005  -2.2511E-003   3.8522E-003  -1.3398E-002   2.5168E-002   1.2959E-001  
 1.4724E+001   7.1596E-001  -1.2402E+000   3.1191E+000   3.4221E-001   1.9765E-001   1.7863E-001  -1.0311E-001  -3.7081E-005   2.6737E-001  -1.2049E-001  -1.8062E-002  -3.1339E-002   6.7679E-003  -1.1674E-002   7.9373E-003  -1.3643E-002  -6.1837E-002   2.8669E-005   2.2511E-003   3.8522E-003  -1.3398E-002   2.5168E-002   1.2959E-001  
 1.4724E+001   1.4317E+000  -2.1834E-007   3.1191E+000   1.1876E-007  -3.9565E-001   3.3417E-008  -2.0629E-001   1.2637E-007  -2.6746E-001  -1.2047E-001   3.6102E-002  -1.4331E-008  -1.3416E-002   5.7304E-009   1.5766E-002  -3.6233E-010   6.1878E-002  -2.5616E-008   4.4631E-003  -2.3598E-009  -1.3296E-002   2.5148E-002   1.2268E-001  
 1.4724E+001   7.1597E-001   1.2402E+000   3.1191E+000  -3.4221E-001   1.9765E-001  -1.7863E-001  -1.0311E-001   3.6829E-005   2.6737E-001  -1.2049E-001  -1.8062E-002   3.1339E-002   6.7679E-003   1.1674E-002   7.9373E-003   1.3643E-002  -6.1837E-002  -2.8618E-005   2.2511E-003  -3.8522E-003  -1.3398E-002   2.5168E-002   1.2959E-001  
 1.4724E+001  -7.1596E-001   1.2402E+000   3.1191E+000   3.4221E-001   1.9765E-001  -1.7863E-001   1.0311E-001   3.7208E-005  -2.6737E-001  -1.2049E-001  -1.8062E-002  -3.1339E-002   6.7678E-003  -1.1674E-002  -7.9373E-003   1.3643E-002   6.1837E-002  -2.8695E-005  -2.2511E-003  -3.8522E-003  -1.3398E-002   2.5168E-002   1.2959E-001  
 1.4659E+001  -1.0511E+000  -1.0511E+000   3.1391E+000  -3.2294E-001  -2.1164E-012   1.3707E-001   1.3707E-001   1.7710E-001  -1.7710E-001  -1.1061E-001   7.4568E-013   4.0760E-002   1.2388E-002   2.4075E-011  -8.0653E-003  -8.0653E-003   4.0937E-002  -4.0937E-002   3.0631E-003   3.0631E-003  -1.3030E-002   2.4938E-002   1.1956E-001  
 1.4659E+001   1.0511E+000  -1.0511E+000   3.1391E+000   3.2294E-001  -2.0939E-012   1.3707E-001  -1.3707E-001   1.7710E-001   1.7710E-001  -1.1061E-001   7.6863E-013  -4.0760E-002   1.2388E-002  -2.4063E-011   8.0653E-003  -8.0653E-003  -4.0937E-002  -4.0937E-002  -3.0631E-003   3.0631E-003  -1.3030E-002   2.4938E-002   1.1956E-001  
 1.4659E+001   1.0511E+000   1.0511E+000   3.1391E+000  -3.2294E-001  -2.0759E-012  -1.3707E-001  -1.3707E-001  -1.7710E-001   1.7710E-001  -1.1061E-001   7.8701E-013   4.0760E-002   1.2388E-002   2.4080E-011   8.0653E-003   8.0653E-003  -4.0937E-002   4.0937E-002  -3.0631E-003  -3.0631E-003  -1.3030E-002   2.4938E-002   1.1956E-001  
 1.4659E+001  -1.0511E+000   1.0511E+000   3.1391E+000   3.2294E-001  -2.0763E-012  -1.3707E-001   1.3707E-001  -1.7710E-001  -1.7710E-001  -1.1061E-001   7.8773E-013  -4.0760E-002   1.2388E-002  -2.4078E-011  -8.0653E-003   8.0653E-003   4.0937E-002   4.0937E-002   3.0631E-003  -3.0631E-003  -1.3030E-002   2.4938E-002   1.1956E-001  
