 9.7833E-001   5.1268E+000   3.3670E+000  -6.3503E-001  -2.2352E-001  -7.7430E-003   3.3773E-001   5.2010E-001  -7.5608E-001  -1.4377E-001  -8.4796E-001  -6.4275E-001  -1.2292E+000  -5.1492E-003   2.5383E-001   6.8208E-001   3.8687E-001  -1.2165E-002   1.4043E+000   1.1415E+000  -7.7042E-001  -8.2096E-002   6.6419E-001   3.0084E+000  
 2.3409E-002   6.1292E+000   5.7526E+000  -2.8634E-001  -1.2253E+000  -8.0132E-001   8.0788E-002   1.7938E-001   7.5422E-001  -1.4151E-001  -4.1846E-001  -4.2977E-001  -9.0888E-001   4.7322E-001  -9.2813E-001   3.0464E-001   1.4141E-001   4.4492E-002   1.3921E+000   4.1530E-001  -4.8594E-001  -1.4586E-001   7.9626E-001   3.0498E+000  
 7.3353E-001   4.8551E+000   1.0337E+001  -3.9473E-002  -8.0448E-001  -5.6857E-001  -4.9791E-002  -1.6419E-002   6.0082E-001  -1.8416E-001  -2.5246E-001  -2.3086E-001  -7.4824E-001   2.8630E-001  -9.1591E-001   1.5561E-001   6.6322E-002   6.3045E-002   1.3083E+000   3.2010E-001  -5.3848E-001  -1.0776E-001   8.5089E-001   3.4910E+000  
 1.6664E+000   3.3246E+000   1.1910E+001   4.7482E-002  -6.1668E-001  -3.9755E-001  -8.7901E-002  -8.9890E-002   6.0148E-001  -2.2375E-001  -1.5563E-001  -8.5423E-002  -7.1218E-001   1.4131E-001  -9.2452E-001   7.3244E-002   3.8167E-002   6.2649E-002   1.2839E+000   1.6894E-001  -5.8202E-001  -5.7275E-002   8.8736E-001   3.2074E+000  
 2.7130E+000   1.6003E+000   1.1965E+001   9.2176E-002  -5.1653E-001  -2.6382E-001  -8.4967E-002  -1.5426E-001   6.6943E-001  -2.4736E-001  -7.9617E-002   5.0740E-002  -7.1312E-001   6.7382E-003  -9.2108E-001   6.7354E-003   2.9934E-002   4.3102E-002   1.2617E+000   1.8187E-003  -6.0321E-001  -1.2239E-002   8.9785E-001   3.0418E+000  
 3.8217E+000  -2.0848E-001   1.1348E+001   1.1870E-001  -4.4521E-001  -1.7431E-001  -4.0641E-002  -2.2738E-001   7.9983E-001  -2.4401E-001  -1.3069E-002   1.7997E-001  -7.3463E-001  -1.2625E-001  -9.1103E-001  -5.6373E-002   3.4999E-002   1.7493E-002   1.2392E+000  -1.6665E-001  -5.9409E-001   3.2801E-002   8.8451E-001   3.1302E+000  
 4.9379E+000  -1.9926E+000   9.3203E+000   1.4525E-001  -3.6325E-001  -1.2308E-001   5.1666E-002  -3.2643E-001   9.9533E-001  -2.0075E-001   5.3443E-002   3.0500E-001  -7.8293E-001  -2.6566E-001  -8.9041E-001  -1.2699E-001   5.6139E-002  -1.4777E-003   1.2186E+000  -3.2206E-001  -5.5900E-001   8.2452E-002   8.4784E-001   3.2903E+000  
 5.9196E+000  -3.6731E+000   4.4383E+000   2.6738E-001  -3.1847E-001  -4.8789E-002   2.4645E-001  -5.5548E-001   1.3294E+000  -9.7204E-002   1.6177E-001   4.6796E-001  -9.2959E-001  -4.4386E-001  -8.8837E-001  -2.5043E-001   1.1531E-001  -1.3660E-002   1.2545E+000  -4.2195E-001  -5.1352E-001   1.1839E-001   7.9610E-001   3.1722E+000  
 5.2122E+000  -3.1590E+000   1.9366E+000   3.1840E-001   1.5179E+000  -9.7927E-001   5.2958E-001  -8.6939E-001  -5.4823E-002   8.8518E-002   4.5447E-001   6.2738E-001  -1.1464E+000   6.6934E-002   2.9875E-001  -5.4306E-001   3.0055E-001  -1.4937E-002   1.2150E+000  -1.1504E+000  -7.9250E-001   4.6924E-002   6.8375E-001   3.1036E+000  
 1.3410E-001   8.3286E+000   2.2613E+000  -4.1941E-002  -9.2959E-001  -4.7142E-001   1.8353E-002  -5.1681E-003   5.7557E-001   1.3760E-003  -2.8799E-001  -4.2036E-001  -6.8277E-001   6.1664E-001  -8.1127E-001   1.6030E-001   9.2399E-002  -6.0213E-003   1.3715E+000   5.3606E-001  -2.9799E-001  -1.1750E-001   8.1789E-001   3.1266E+000  
 2.0246E-001   6.6274E+000   5.0749E+000   7.8313E-002  -6.3777E-001  -3.3284E-001  -3.6006E-002  -4.8542E-002   4.5778E-001  -6.5314E-002  -1.9770E-001  -2.9263E-001  -6.2793E-001   4.8582E-001  -8.6069E-001   1.0005E-001   5.4145E-002   1.5797E-002   1.4143E+000   4.4505E-001  -3.9462E-001  -8.9625E-002   8.5913E-001   3.2973E+000  
 6.5146E-001   5.5048E+000   8.9417E+000   1.4952E-001  -4.8342E-001  -1.6941E-001  -8.5627E-002  -8.0981E-002   3.8484E-001  -1.1142E-001  -1.1636E-001  -1.5880E-001  -5.9199E-001   3.2880E-001  -8.8391E-001   4.1221E-002   2.9724E-002   2.9687E-002   1.4275E+000   3.2915E-001  -4.7542E-001  -5.5057E-002   9.0855E-001   3.3530E+000  
 1.3484E+000   3.6390E+000   1.0032E+001   1.7607E-001  -4.4075E-001  -2.3269E-002  -1.1084E-001  -8.9273E-002   3.7633E-001  -1.4182E-001  -6.0344E-002  -3.7745E-002  -5.9101E-001   1.7189E-001  -8.9619E-001   3.3203E-003   2.2365E-002   2.7766E-002   1.4324E+000   1.7270E-001  -5.3599E-001  -2.8578E-002   9.3948E-001   3.2660E+000  
 2.1950E+000   1.7891E+000   1.0142E+001   1.7783E-001  -4.5492E-001   8.0171E-002  -1.0890E-001  -8.7367E-002   4.2299E-001  -1.4908E-001  -2.2920E-002   6.4785E-002  -6.0721E-001   1.1643E-002  -9.0056E-001  -1.4487E-002   2.4469E-002   1.8025E-002   1.4266E+000  -4.5473E-004  -5.5845E-001  -1.2013E-002   9.4752E-001   3.1920E+000  
 3.1264E+000  -1.1566E-001   9.3395E+000   1.7130E-001  -4.7537E-001   1.3769E-001  -7.8170E-002  -9.1931E-002   5.1415E-001  -1.3390E-001   6.5335E-003   1.6036E-001  -6.2805E-001  -1.4824E-001  -8.9024E-001  -2.9616E-002   2.5864E-002   4.0651E-003   1.4031E+000  -1.7436E-001  -5.4486E-001   4.8450E-003   9.3480E-001   3.3719E+000  
 4.0693E+000  -2.1660E+000   7.6257E+000   1.6679E-001  -4.6693E-001   1.5946E-001  -1.4139E-002  -1.1944E-001   6.5646E-001  -9.5177E-002   3.6998E-002   2.6074E-001  -6.5775E-001  -3.0294E-001  -8.7180E-001  -5.7492E-002   3.3644E-002  -1.1463E-002   1.3681E+000  -3.3389E-001  -4.9204E-001   3.0775E-002   9.0125E-001   3.4664E+000  
 4.8946E+000  -3.6282E+000   3.3186E+000   1.7109E-001  -4.0168E-001   1.6567E-001   8.6599E-002  -1.8449E-001   8.5260E-001  -2.3934E-002   7.2663E-002   3.6508E-001  -7.0475E-001  -4.5384E-001  -8.4387E-001  -9.9504E-002   5.1937E-002  -2.2826E-002   1.3256E+000  -4.5484E-001  -4.1512E-001   6.4211E-002   8.5247E-001   3.4172E+000  
 5.4279E+000  -5.8024E+000   2.8877E-001   1.6505E-001  -2.2627E-001   1.8552E-001   2.1246E-001  -2.7650E-001   1.0782E+000   8.0873E-002   9.4154E-002   4.6095E-001  -7.4423E-001  -5.7452E-001  -7.9385E-001  -1.3476E-001   7.3544E-002  -4.0187E-002   1.2565E+000  -5.5007E-001  -3.1777E-001   8.9680E-002   8.1393E-001   3.2494E+000  
 5.0915E-001   1.0712E+001   3.5371E-002   1.2754E-001  -4.6347E-001  -2.9279E-001  -1.8583E-002  -1.0484E-001   4.0681E-001   3.6433E-002  -1.4318E-001  -3.8812E-001  -4.9034E-001   6.6965E-001  -7.2567E-001   6.3062E-002   2.6071E-002  -1.8466E-002   1.4325E+000   5.1384E-001  -2.1433E-001  -6.6366E-002   8.8295E-001   3.3455E+000  
 3.4720E-001   9.0100E+000   3.7626E+000   1.8581E-001  -3.0956E-001  -1.6546E-001  -5.5123E-002  -1.1246E-001   2.8270E-001  -1.7741E-002  -7.4945E-002  -2.6339E-001  -4.6027E-001   5.2522E-001  -7.7268E-001   1.9876E-002   5.5502E-003   8.8908E-004   1.5129E+000   4.4103E-001  -3.1915E-001  -3.9423E-002   9.2515E-001   3.4619E+000  
 1.5797E+000   2.7771E+000   1.9710E+000   1.9815E-001  -2.8057E-001  -1.7950E-002  -8.1844E-002  -9.7710E-002   2.2162E-001  -5.5493E-002  -2.8449E-002  -1.4646E-001  -4.6455E-001   3.6665E-001  -8.1274E-001  -2.3000E-003   8.7030E-003   1.1449E-002   1.5807E+000   3.1892E-001  -4.0199E-001  -2.6907E-002   9.5964E-001   3.5250E+000  
 1.6457E+000   2.0015E+000   7.8059E-001   2.0003E-001  -3.2565E-001   1.2125E-001  -9.7453E-002  -7.4965E-002   2.0488E-001  -7.8541E-002   1.2552E-003  -3.5992E-002  -4.7934E-001   1.9264E-001  -8.3281E-001  -1.8019E-002   1.7313E-002   9.5809E-003   1.6173E+000   1.6777E-001  -4.6408E-001  -1.7121E-002   9.8081E-001   3.4777E+000  
 1.6180E+000   1.7948E+000   4.4755E-001   1.9715E-001  -4.0735E-001   2.2075E-001  -9.6364E-002  -4.4029E-002   2.3163E-001  -8.2714E-002   1.6301E-002   5.9665E-002  -5.0072E-001   1.2813E-002  -8.3946E-001  -2.3458E-002   2.5064E-002   1.5318E-003   1.6254E+000  -2.1854E-003  -4.8851E-001  -1.4617E-002   9.8554E-001   3.4034E+000  
 1.6999E+000   1.5406E+000   6.7511E-002   1.9479E-001  -4.8535E-001   2.7359E-001  -7.6099E-002  -1.7925E-002   2.9500E-001  -6.9037E-002   2.4787E-002   1.4868E-001  -5.2136E-001  -1.6707E-001  -8.3122E-001  -2.6937E-002   2.5338E-002  -9.8217E-003   1.5992E+000  -1.7250E-001  -4.7063E-001  -1.1456E-002   9.7582E-001   3.5510E+000  
 2.0895E+000   6.0822E-001   5.7302E-001   1.9296E-001  -5.2788E-001   2.8647E-001  -3.3570E-002  -9.6456E-003   3.9713E-001  -3.6767E-002   3.3185E-002   2.3973E-001  -5.4226E-001  -3.4065E-001  -8.0897E-001  -3.5851E-002   2.2569E-002  -2.1847E-002   1.5441E+000  -3.2553E-001  -4.1493E-001  -4.5832E-004   9.5124E-001   3.6100E+000  
 3.8200E+000  -5.9233E+000   1.6653E+000   1.8421E-001  -5.0124E-001   2.7466E-001   3.1967E-002  -2.1191E-002   5.3369E-001   1.9961E-002   4.2769E-002   3.2939E-001  -5.6149E-001  -4.9708E-001  -7.6860E-001  -4.7718E-002   2.0739E-002  -3.0509E-002   1.4600E+000  -4.5031E-001  -3.3518E-001   1.4478E-002   9.1566E-001   3.5609E+000  
 4.2505E+000  -7.9713E+000  -2.4132E+000   1.7671E-001  -3.8706E-001   2.7967E-001   1.2524E-001  -6.5613E-002   7.1369E-001   1.0454E-001   5.2143E-002   4.2283E-001  -5.9232E-001  -6.3587E-001  -7.2255E-001  -7.1945E-002   3.2105E-002  -4.1611E-002   1.3645E+000  -5.2659E-001  -2.3061E-001   4.0598E-002   8.7652E-001   3.4478E+000  
 3.2450E+000   1.1002E+001  -5.2767E+000  -1.2554E-001  -7.9554E-001   6.4093E-001  -2.3719E-001  -1.0561E-001   1.1150E-001   2.9382E-001  -1.7550E-001  -8.1156E-001  -4.9888E-001   1.2395E-001   6.2647E-002   2.3407E-001  -7.3487E-002  -8.8148E-002   1.2513E+000   1.1140E+000   5.5488E-001  -1.3530E-002   6.5730E-001   2.4686E+000  
 2.3971E+000   1.1565E+001  -3.9495E+000   1.7762E-002  -6.7988E-001  -2.6304E-001  -6.5272E-002  -1.4113E-001   7.2242E-001   2.0271E-001  -1.3972E-001  -6.0366E-001  -4.0774E-001   8.9238E-001  -4.9591E-001   6.3712E-002   2.0343E-002  -5.8531E-002   1.2514E+000   5.1767E-001   1.2206E-001  -3.6792E-002   8.4993E-001   2.9029E+000  
 1.6150E+000   1.1352E+001  -2.4905E+000   1.2705E-001  -3.6176E-001  -3.3138E-001  -1.5360E-002  -1.4541E-001   4.7271E-001   1.1695E-001  -9.5679E-002  -5.0122E-001  -3.7381E-001   8.2387E-001  -5.6414E-001   4.2896E-002   2.4455E-003  -3.8110E-002   1.3851E+000   5.0565E-001   1.1487E-002  -4.0854E-002   8.9883E-001   3.1966E+000  
 9.6117E-001   1.0709E+001  -4.1146E-001   1.8418E-001  -1.8270E-001  -2.8305E-001  -1.8171E-002  -1.4013E-001   2.9165E-001   5.4939E-002  -4.4455E-002  -3.8932E-001  -3.4896E-001   7.1363E-001  -6.2303E-001   1.9105E-002  -1.7237E-002  -2.0326E-002   1.5255E+000   4.6870E-001  -1.0711E-001  -2.6189E-002   9.3991E-001   3.4336E+000  
 1.5747E+000   1.9986E+000   1.1155E+000   1.9421E-001  -1.2341E-001  -1.6098E-001  -3.8602E-002  -1.2416E-001   1.6940E-001   8.8569E-003   7.5576E-004  -2.6899E-001  -3.4234E-001   5.7098E-001  -6.6952E-001   3.3076E-004  -1.7279E-002  -9.7970E-003   1.6502E+000   3.9379E-001  -2.1956E-001  -1.8593E-002   9.7543E-001   3.5776E+000  
 1.3003E+000   1.9071E+000   9.1604E-001   1.8204E-001  -1.5638E-001  -1.3376E-002  -5.5524E-002  -9.3978E-002   1.0205E-001  -2.1962E-002   2.6851E-002  -1.5534E-001  -3.5426E-001   4.0294E-001  -7.0783E-001  -4.8879E-003  -1.0191E-003  -3.8115E-003   1.7508E+000   2.7986E-001  -3.0810E-001  -2.2001E-002   9.9833E-001   3.6908E+000  
 1.1262E+000   1.7732E+000   6.1251E-001   1.7333E-001  -2.4469E-001   1.2644E-001  -6.3224E-002  -5.6880E-002   7.7042E-002  -3.8424E-002   3.9501E-002  -5.0885E-002  -3.6947E-001   2.1223E-001  -7.3183E-001  -1.2398E-002   1.2649E-002  -4.3098E-003   1.8129E+000   1.4284E-001  -3.6710E-001  -2.2551E-002   1.0087E+000   3.6745E+000  
 1.0743E+000   1.6012E+000   2.3697E-001   1.7554E-001  -3.5598E-001   2.2952E-001  -6.1694E-002  -1.7920E-002   8.7666E-002  -4.0467E-002   4.3149E-002   4.5265E-002  -3.8701E-001   1.1668E-002  -7.3991E-001  -2.4681E-002   1.9963E-002  -8.8733E-003   1.8302E+000  -3.2708E-003  -3.8895E-001  -1.8659E-002   1.0100E+000   3.5707E+000  
 1.1508E+000   1.3944E+000  -1.8354E-001   1.8589E-001  -4.5959E-001   2.8568E-001  -5.0390E-002   1.7450E-002   1.3089E-001  -2.8874E-002   4.1249E-002   1.3503E-001  -4.0939E-001  -1.8905E-001  -7.3222E-001  -3.5531E-002   2.3838E-002  -1.5934E-002   1.8023E+000  -1.4960E-001  -3.7214E-001  -1.3778E-002   1.0051E+000   3.7183E+000  
 1.3519E+000   1.1529E+000  -6.2611E-001   1.9681E-001  -5.2856E-001   2.9865E-001  -2.4602E-002   4.3547E-002   2.0495E-001  -3.0201E-003   3.6386E-002   2.2126E-001  -4.2991E-001  -3.8011E-001  -7.0878E-001  -3.8918E-002   1.9747E-002  -2.4133E-002   1.7307E+000  -2.8733E-001  -3.1773E-001  -1.1430E-002   9.9160E-001   3.7455E+000  
 1.6578E+000   8.7621E-001  -1.0547E+000   2.0084E-001  -5.3583E-001   2.8539E-001   2.1255E-002   5.4487E-002   3.0989E-001   3.9727E-002   3.1343E-002   3.0801E-001  -4.4450E-001  -5.4839E-001  -6.7154E-001  -3.7506E-002   9.4791E-003  -3.1597E-002   1.6225E+000  -4.0239E-001  -2.3274E-001  -1.0283E-002   9.6728E-001   3.6536E+000  
 2.9885E+000  -8.1266E+000  -3.2137E+000   1.9799E-001  -4.6330E-001   2.8427E-001   8.7594E-002   4.2784E-002   4.4970E-001   1.0196E-001   2.6703E-002   3.9797E-001  -4.6165E-001  -6.8944E-001  -6.2758E-001  -4.4292E-002   7.2372E-003  -4.3057E-002   1.4928E+000  -4.7890E-001  -1.2135E-001   3.2228E-004   9.3391E-001   3.5199E+000  
 3.1245E+000  -9.0964E+000  -5.4623E+000   1.7835E-001  -2.8306E-001   3.4672E-001   1.6225E-001   1.0268E-002   6.1813E-001   1.8848E-001   3.6065E-003   4.8584E-001  -4.7316E-001  -7.9590E-001  -5.7566E-001  -4.9473E-002   1.0770E-002  -5.8989E-002   1.3528E+000  -5.1586E-001  -3.1904E-004   1.4912E-002   8.9759E-001   3.2952E+000  
 3.1225E+000  -9.7873E+000  -6.7095E+000   1.0687E-001   2.8012E-002   5.5217E-001   2.2048E-001  -4.3990E-002   8.1408E-001   2.9705E-001  -5.6753E-002   5.8508E-001  -4.6378E-001  -8.6150E-001  -5.2081E-001  -4.5441E-002  -6.6094E-003  -8.4419E-002   1.2303E+000  -5.2514E-001   1.1263E-001   8.1140E-003   8.5245E-001   3.0242E+000  
 2.7292E+000  -9.6402E+000  -7.6370E+000  -2.9253E-001   1.0900E+000   4.5309E-001   1.8308E-002  -3.3908E-002   8.6460E-002   2.9529E-001  -2.4492E-001   8.8873E-001  -3.6667E-001  -5.5566E-002  -3.3249E-002  -1.4132E-001  -2.3402E-001  -1.3997E-001   1.2553E+000  -1.1172E+000   5.6135E-001  -2.3316E-002   6.5999E-001   2.4629E+000  
 4.0731E+000   1.0433E+001  -5.4486E+000   4.8969E-002  -6.0765E-001  -1.0441E-001  -2.8703E-001  -1.8862E-001   9.7643E-001   2.9564E-001  -2.5993E-002  -7.5697E-001  -2.4304E-001   9.1464E-001  -3.2916E-001   1.1598E-002  -9.7041E-002  -2.7600E-002   1.1609E+000   4.6914E-001   3.6129E-001   3.6252E-002   8.0195E-001   3.0815E+000  
 3.0906E+000   1.0610E+001  -4.1811E+000   1.0839E-001  -3.3338E-001  -3.3963E-001  -8.2763E-002  -1.5827E-001   6.6727E-001   1.7761E-001  -3.8837E-002  -6.3169E-001  -2.6770E-001   9.4188E-001  -4.0287E-001   2.3718E-002  -3.7248E-002  -3.3626E-002   1.3020E+000   4.2247E-001   2.3171E-001   4.0300E-003   8.7743E-001   2.9673E+000  
 2.1789E+000   1.0004E+001  -3.1736E+000   1.6471E-001  -1.3562E-001  -4.0587E-001  -8.9832E-003  -1.4705E-001   4.0497E-001   1.0602E-001  -1.8674E-002  -5.1672E-001  -2.5680E-001   8.6808E-001  -4.5321E-001   2.0483E-002  -3.2267E-002  -2.4762E-002   1.4626E+000   4.1779E-001   1.2517E-001  -1.2976E-002   9.3308E-001   3.2184E+000  
 1.6000E+000   1.6481E+000   1.1582E+000   1.8473E-001  -3.8969E-002  -3.5833E-001   2.5023E-003  -1.2854E-001   2.1969E-001   5.5839E-002   1.1829E-002  -4.0063E-001  -2.4692E-001   7.5735E-001  -4.9965E-001   1.2699E-002  -3.6373E-002  -1.7989E-002   1.6349E+000   3.8539E-001   1.7503E-003  -1.2545E-002   9.7329E-001   3.4766E+000  
 1.1878E+000   1.6059E+000   1.0502E+000   1.6953E-001  -3.0516E-002  -2.3757E-001  -9.0613E-003  -1.0089E-001   9.6627E-002   2.0363E-002   3.6799E-002  -2.7977E-001  -2.4894E-001   6.1232E-001  -5.4057E-001   8.7851E-003  -2.3334E-002  -1.3521E-002   1.7920E+000   3.1428E-001  -1.1495E-001  -1.9447E-002   1.0003E+000   3.6987E+000  
 8.6504E-001   1.5298E+000   8.1346E-001   1.4866E-001  -8.3894E-002  -8.5681E-002  -2.1132E-002  -6.9577E-002   1.8746E-002  -2.7983E-003   5.2379E-002  -1.6621E-001  -2.5502E-001   4.3206E-001  -5.7108E-001   1.7909E-003  -8.2640E-003  -1.1270E-002   1.9082E+000   2.2089E-001  -2.0873E-001  -2.2698E-002   1.0165E+000   3.8068E+000  
 6.5844E-001   1.4226E+000   4.7505E-001   1.3753E-001  -1.7880E-001   5.9609E-002  -2.5756E-002  -3.5822E-002  -1.9853E-002  -1.4275E-002   5.6752E-002  -6.4406E-002  -2.6087E-001   2.2648E-001  -5.8997E-001  -1.0543E-002  -3.5559E-004  -1.3324E-002   1.9786E+000   1.1219E-001  -2.7002E-001  -1.9881E-002   1.0236E+000   3.7613E+000  
 5.9397E-001   1.2910E+000   6.9326E-002   1.3539E-001  -2.8848E-001   1.6859E-001  -2.5715E-002  -4.2117E-003  -2.2134E-002  -1.6336E-002   6.1199E-002   2.8848E-002  -2.7357E-001   9.4588E-003  -5.9701E-001  -2.1674E-002   6.8565E-003  -1.5160E-002   2.0012E+000  -4.0017E-003  -2.9297E-001  -2.1979E-002   1.0254E+000   3.7072E+000  
 6.7336E-001   1.1350E+000  -3.8013E-001   1.4741E-001  -3.9103E-001   2.3047E-001  -1.8901E-002   2.5062E-002   8.3107E-003  -8.4496E-003   6.0658E-002   1.1569E-001  -2.9414E-001  -2.0775E-001  -5.9122E-001  -3.1787E-002   1.3307E-002  -1.8726E-002   1.9732E+000  -1.2032E-001  -2.7398E-001  -2.3041E-002   1.0212E+000   3.7695E+000  
 8.8809E-001   9.5292E-001  -8.5103E-001   1.7372E-001  -4.6483E-001   2.4846E-001  -2.6787E-003   5.1320E-002   6.9461E-002   1.0883E-002   4.9549E-002   1.9916E-001  -3.1828E-001  -4.1389E-001  -5.7374E-001  -4.0972E-002   1.7174E-002  -2.5986E-002   1.8986E+000  -2.2938E-001  -2.1635E-001  -1.7372E-002   1.0127E+000   3.8227E+000  
 1.2194E+000   7.4737E-001  -1.3122E+000   1.9799E-001  -4.9102E-001   2.3910E-001   3.0901E-002   6.9381E-002   1.5750E-001   4.1367E-002   3.7680E-002   2.8589E-001  -3.3555E-001  -5.9509E-001  -5.4507E-001  -4.3034E-002   1.0325E-002  -3.2750E-002   1.7807E+000  -3.2315E-001  -1.2558E-001  -1.5882E-002   9.9597E-001   3.7384E+000  
 1.6335E+000   5.1345E-001  -1.7300E+000   2.1128E-001  -4.4920E-001   2.3680E-001   8.0688E-002   7.7053E-002   2.6990E-001   8.6112E-002   1.9851E-002   3.7630E-001  -3.4683E-001  -7.4120E-001  -5.0682E-001  -4.0128E-002   1.1344E-004  -4.2123E-002   1.6258E+000  -3.9450E-001  -1.0784E-002  -1.6586E-002   9.7061E-001   3.5384E+000  
 1.9543E+000  -8.0646E+000  -6.4848E+000   2.0719E-001  -3.2313E-001   2.9957E-001   1.3203E-001   6.8412E-002   4.1240E-001   1.4596E-001  -1.4896E-002   4.6755E-001  -3.5311E-001  -8.5231E-001  -4.6647E-001  -3.6125E-002  -5.4192E-003  -5.7966E-002   1.4618E+000  -4.2574E-001   1.1303E-001  -1.2680E-002   9.3428E-001   3.2923E+000  
 1.9531E+000  -8.9677E+000  -7.3952E+000   1.4259E-001  -9.0852E-002   5.1098E-001   1.5446E-001   4.4578E-002   5.8825E-001   2.1638E-001  -8.9484E-002   5.7888E-001  -3.3628E-001  -9.2753E-001  -4.2857E-001  -2.1481E-002  -4.0375E-002  -8.3000E-002   1.3203E+000  -4.2631E-001   2.2143E-001  -3.1356E-002   8.8142E-001   3.1718E+000  
 1.7968E+000  -9.1937E+000  -8.0762E+000  -6.9789E-002   3.0825E-001   9.5999E-001   8.7023E-002   3.3282E-002   7.5207E-001   2.7680E-001  -2.3813E-001   7.4242E-001  -2.5103E-001  -9.0518E-001  -3.7391E-001   1.5967E-002  -1.5950E-001  -1.3580E-001   1.2139E+000  -4.6981E-001   3.5109E-001  -6.8356E-002   8.0549E-001   3.3670E+000  
 4.7299E+000   7.7013E+000  -4.9615E+000   1.0956E-001  -3.2604E-001  -2.3914E-001  -2.9842E-001  -1.4010E-001   1.0220E+000   2.0415E-001   4.5306E-002  -8.0250E-001  -1.5790E-001   1.0279E+000  -2.5071E-001  -2.6525E-003  -1.3541E-001  -2.1777E-002   1.2186E+000   2.9708E-001   4.1068E-001   7.5799E-002   8.1363E-001   3.3115E+000  
 3.6995E+000   8.3917E+000  -4.1462E+000   1.3802E-001  -1.4660E-001  -4.3607E-001  -7.6061E-002  -1.2466E-001   6.3709E-001   1.2746E-001   1.7775E-002  -6.5113E-001  -1.7169E-001   9.8630E-001  -2.8488E-001   1.3184E-002  -6.0572E-002  -1.9603E-002   1.3618E+000   2.9764E-001   3.2701E-001   2.2428E-002   8.8818E-001   3.1381E+000  
 1.9960E+000   2.2609E+000   3.7183E-001   1.6965E-001  -3.1548E-002  -5.0142E-001   1.1537E-002  -1.1124E-001   3.6422E-001   7.8434E-002   2.1344E-002  -5.2775E-001  -1.6680E-001   9.0717E-001  -3.1881E-001   1.6405E-002  -4.4464E-002  -1.5645E-002   1.5414E+000   2.9486E-001   2.2161E-001  -5.2575E-003   9.5022E-001   3.3067E+000  
 1.3303E+000   1.1529E+000   1.1340E+000   1.7108E-001   1.4625E-002  -4.5466E-001   3.0018E-002  -8.9019E-002   1.7628E-001   4.2273E-002   3.6797E-002  -4.0820E-001  -1.6172E-001   7.9608E-001  -3.5155E-001   1.4217E-002  -4.4159E-002  -1.6825E-002   1.7371E+000   2.6748E-001   9.1202E-002  -1.2654E-002   9.8850E-001   3.4203E+000  
 8.7368E-001   1.1179E+000   9.9663E-001   1.4589E-001   6.2886E-003  -3.3226E-001   1.9730E-002  -6.4269E-002   4.4439E-002   1.9395E-002   5.4651E-002  -2.8393E-001  -1.5923E-001   6.4260E-001  -3.7927E-001   5.1977E-003  -3.1939E-002  -1.5550E-002   1.9058E+000   2.1669E-001  -3.0352E-002  -1.8139E-002   1.0131E+000   3.6490E+000  
 5.1525E-001   1.0615E+000   7.3379E-001   1.2087E-001  -4.2844E-002  -1.7664E-001   9.4727E-003  -3.8184E-002  -4.1520E-002   4.6083E-003   6.0479E-002  -1.7164E-001  -1.5971E-001   4.5222E-001  -4.0029E-001  -6.4170E-003  -2.0677E-002  -1.5119E-002   2.0271E+000   1.5198E-001  -1.2710E-001  -1.4883E-002   1.0233E+000   3.7572E+000  
 2.8969E-001   9.8939E-001   3.7542E-001   9.9955E-002  -1.1655E-001  -2.6281E-002   7.9588E-004  -1.7785E-002  -8.6047E-002  -3.2763E-003   6.7679E-002  -7.4480E-002  -1.6786E-001   2.3466E-001  -4.1263E-001  -1.0798E-002  -7.9667E-003  -1.6427E-002   2.0949E+000   7.5817E-002  -1.8982E-001  -1.8165E-002   1.0197E+000   3.7304E+000  
 2.1660E-001   9.0127E-001  -4.9624E-002   9.3917E-002  -2.0121E-001   8.7950E-002  -2.6367E-003   2.0194E-003  -9.5682E-002  -4.2737E-003   7.2536E-002   1.4362E-002  -1.7888E-001   6.6819E-003  -4.1720E-001  -1.5937E-002   1.7023E-003  -1.8563E-002   2.1168E+000  -4.5222E-003  -2.1226E-001  -2.4318E-002   1.0171E+000   3.6997E+000  
 2.9904E-001   7.9799E-001  -5.1923E-001   1.0641E-001  -2.8214E-001   1.5503E-001   3.8151E-003   2.0368E-002  -7.4865E-002   1.2139E-003   7.2882E-002   9.6728E-002  -1.9126E-001  -2.2146E-001  -4.1437E-001  -2.0375E-002   7.3391E-003  -2.1684E-002   2.0929E+000  -8.4944E-002  -1.9261E-001  -2.9494E-002   1.0185E+000   3.7243E+000  
 5.2950E-001   6.7897E-001  -1.0124E+000   1.3623E-001  -3.4488E-001   1.7810E-001   1.9627E-002   3.6099E-002  -2.5244E-002   1.3464E-002   6.5997E-002   1.7539E-001  -2.0443E-001  -4.3958E-001  -4.0390E-001  -2.2775E-002   8.2608E-003  -2.6009E-002   2.0244E+000  -1.6122E-001  -1.3248E-001  -2.9744E-002   1.0215E+000   3.7502E+000  
 8.8087E-001   5.4129E-001  -1.4947E+000   1.7738E-001  -3.7211E-001   1.7266E-001   4.6350E-002   5.3726E-002   5.2523E-002   3.3656E-002   4.6989E-002   2.6066E-001  -2.2042E-001  -6.3093E-001  -3.8497E-001  -3.0968E-002   6.6051E-003  -3.0545E-002   1.9052E+000  -2.2604E-001  -3.7950E-002  -2.2108E-002   1.0120E+000   3.6605E+000  
 1.3244E+000   3.8547E-001  -1.9379E+000   2.0947E-001  -3.5283E-001   1.7273E-001   8.8811E-002   6.5690E-002   1.5407E-001   6.3279E-002   2.5848E-002   3.5427E-001  -2.3295E-001  -7.8598E-001  -3.5977E-001  -3.5495E-002  -1.1709E-003  -3.6858E-002   1.7428E+000  -2.7677E-001   8.1794E-002  -2.1191E-002   9.8972E-001   3.4507E+000  
 1.6690E+000  -8.7631E-001  -3.0548E+000   2.2435E-001  -2.7262E-001   2.3654E-001   1.2651E-001   7.0207E-002   2.7846E-001   9.9480E-002  -1.7766E-002   4.4841E-001  -2.3790E-001  -8.9970E-001  -3.3202E-001  -3.1017E-002  -6.9285E-003  -5.0871E-002   1.5607E+000  -3.0217E-001   2.1138E-001  -2.2485E-002   9.5460E-001   3.2528E+000  
 9.6340E-001  -7.1160E+000  -7.6440E+000   1.8123E-001  -1.2241E-001   4.5129E-001   1.2884E-001   6.0520E-002   4.4224E-001   1.4462E-001  -1.0034E-001   5.6581E-001  -2.2790E-001  -9.8402E-001  -3.0670E-001  -1.7486E-002  -4.6299E-002  -6.6695E-002   1.4059E+000  -3.0123E-001   3.1604E-001  -4.8279E-002   8.9437E-001   3.0816E+000  
 8.6790E-001  -6.6592E+000  -7.9671E+000  -4.2310E-003   1.2463E-001   9.4035E-001   4.2798E-002   4.6631E-002   6.5705E-001   1.8796E-001  -2.5048E-001   7.5002E-001  -1.7995E-001  -1.0362E+000  -2.8533E-001   1.2922E-002  -1.7054E-001  -9.2190E-002   1.3035E+000  -2.9671E-001   3.9802E-001  -1.0507E-001   8.1777E-001   3.5547E+000  
 5.1220E+000   3.6290E+000  -4.5126E+000   1.3650E-001  -1.4037E-001  -3.2505E-001  -3.0485E-001  -7.3619E-002   1.0298E+000   1.0101E-001   8.7631E-002  -8.3132E-001  -8.2024E-002   1.0764E+000  -1.2653E-001  -1.9147E-003  -1.5536E-001  -1.6000E-002   1.2661E+000   1.5144E-001   4.6282E-001   8.8976E-002   8.0275E-001   3.0988E+000  
 4.0856E+000   3.6096E+000  -3.8337E+000   1.4486E-001  -5.4459E-002  -5.0958E-001  -6.4853E-002  -6.5133E-002   6.1905E-001   6.4566E-002   4.5417E-002  -6.5952E-001  -8.8508E-002   1.0141E+000  -1.4442E-001   7.9449E-003  -6.6406E-002  -1.4761E-002   1.4068E+000   1.5159E-001   3.9288E-001   2.6567E-002   8.8835E-001   3.3062E+000  
 1.7139E+000   5.9784E-001   1.1153E+000   1.6778E-001  -1.1030E-003  -5.7587E-001   3.0804E-002  -5.7229E-002   3.4077E-001   4.1192E-002   3.7185E-002  -5.3250E-001  -8.5395E-002   9.3396E-001  -1.6376E-001   1.0931E-002  -4.7285E-002  -1.2447E-002   1.5990E+000   1.4750E-001   2.8333E-001  -4.6519E-003   9.5761E-001   3.4726E+000  
 1.1522E+000   5.9083E-001   1.1145E+000   1.6203E-001   1.6859E-002  -5.2878E-001   5.1260E-002  -4.2860E-002   1.4848E-001   2.2743E-002   4.7585E-002  -4.1162E-001  -8.0010E-002   8.1935E-001  -1.7940E-001   7.8744E-003  -5.3233E-002  -1.6076E-002   1.8047E+000   1.3456E-001   1.4826E-001  -1.0989E-002   9.9842E-001   3.4471E+000  
 6.7048E-001   5.7011E-001   9.6092E-001   1.2655E-001   8.5610E-003  -4.0484E-001   3.9040E-002  -2.7730E-002   1.2135E-002   1.2257E-002   6.5426E-002  -2.8739E-001  -7.5735E-002   6.6021E-001  -1.9367E-001  -3.3636E-004  -3.9686E-002  -1.8871E-002   1.9770E+000   1.0839E-001   2.4689E-002  -1.9814E-002   1.0192E+000   3.5473E+000  
 2.9428E-001   5.4200E-001   6.8521E-001   9.1862E-002  -1.7564E-002  -2.4535E-001   2.5539E-002  -1.7618E-002  -7.5838E-002   4.4999E-003   7.4046E-002  -1.7972E-001  -7.8962E-002   4.6183E-001  -2.0430E-001  -1.9767E-003  -2.4812E-002  -1.8022E-002   2.0948E+000   7.4879E-002  -7.4012E-002  -2.2219E-002   1.0180E+000   3.6688E+000  
 5.4579E-002   5.0463E-001   3.1432E-001   6.9170E-002  -5.7727E-002  -9.2853E-002   1.6769E-002  -6.6398E-003  -1.2525E-001   8.1647E-004   7.7283E-002  -8.3636E-002  -8.3084E-002   2.3828E-001  -2.1108E-001  -5.3632E-003  -1.2349E-002  -1.8884E-002   2.1638E+000   3.6187E-002  -1.3730E-001  -2.2693E-002   1.0106E+000   3.6861E+000  
-2.5127E-002   4.6017E-001  -1.2206E-001   6.3746E-002  -1.0289E-001   2.4006E-002   1.2581E-002   3.9785E-003  -1.3933E-001   3.3093E-004   7.8697E-002   4.2960E-003  -8.8498E-002   3.5697E-003  -2.1391E-001  -8.3115E-003  -2.4532E-003  -2.0053E-002   2.1869E+000  -4.8496E-003  -1.5969E-001  -2.5830E-002   1.0066E+000   3.6254E+000  
 5.7978E-002   4.0863E-001  -6.0268E-001   7.9567E-002  -1.4633E-001   9.3745E-002   1.7518E-002   1.3797E-002  -1.2363E-001   3.0324E-003   7.5915E-002   8.5716E-002  -9.4507E-002  -2.3126E-001  -2.1308E-001  -1.0955E-002   3.9516E-003  -2.1473E-002   2.1636E+000  -4.5889E-002  -1.3882E-001  -2.7961E-002   1.0101E+000   3.6677E+000  
 2.9596E-001   3.4938E-001  -1.1074E+000   1.1566E-001  -1.8026E-001   1.1906E-001   3.0889E-002   2.2314E-002  -7.9011E-002   9.2224E-003   6.5997E-002   1.6319E-001  -1.0069E-001  -4.5521E-001  -2.0834E-001  -1.3368E-002   6.0950E-003  -2.3097E-002   2.0960E+000  -8.4602E-002  -7.6914E-002  -2.5409E-002   1.0177E+000   3.6626E+000  
 6.6421E-001   2.8332E-001  -1.6039E+000   1.6036E-001  -1.9822E-001   1.1785E-001   5.7661E-002   2.8098E-002  -9.6585E-003   1.8589E-002   5.1127E-002   2.4357E-001  -1.0526E-001  -6.5432E-001  -1.9980E-001  -1.3313E-002   1.8598E-003  -2.3507E-002   1.9822E+000  -1.1814E-001   2.0505E-002  -2.3221E-002   1.0200E+000   3.5747E+000  
 1.1290E+000   2.0589E-001  -2.0626E+000   1.9965E-001  -1.9058E-001   1.2030E-001   9.8400E-002   3.6562E-002   8.5174E-002   3.3683E-002   3.2312E-002   3.3697E-001  -1.1374E-001  -8.1479E-001  -1.8776E-001  -1.9201E-002  -6.5230E-003  -2.8189E-002   1.8186E+000  -1.4417E-001   1.4295E-001  -2.5774E-002   1.0018E+000   3.5273E+000  
 1.6364E+000   1.1929E-001  -2.4391E+000   2.3015E-001  -1.5187E-001   1.8553E-001   1.3063E-001   4.1749E-002   2.0132E-001   5.0793E-002  -1.2524E-002   4.3135E-001  -1.1870E-001  -9.3228E-001  -1.7521E-001  -1.9403E-002  -3.5128E-003  -3.5477E-002   1.6288E+000  -1.5596E-001   2.7665E-001  -2.4480E-002   9.6432E-001   3.3429E+000  
 3.3452E-001  -2.8449E+000  -7.4611E+000   2.0570E-001  -7.9280E-002   4.0132E-001   1.2113E-001   3.8075E-002   3.5681E-001   7.3389E-002  -1.0182E-001   5.5090E-001  -1.1451E-001  -1.0189E+000  -1.6069E-001  -1.1958E-002  -4.2195E-002  -4.0423E-002   1.4646E+000  -1.5773E-001   3.8402E-001  -5.1785E-002   8.9618E-001   3.1677E+000  
 3.0036E-001  -2.9630E+000  -7.7415E+000   3.0170E-002   4.1866E-002   9.0726E-001   1.2090E-002   3.2432E-002   5.8386E-001   9.4383E-002  -2.6141E-001   7.5547E-001  -9.0733E-002  -1.0947E+000  -1.5038E-001   4.9479E-003  -1.7807E-001  -5.1380E-002   1.3693E+000  -1.5402E-001   4.5056E-001  -1.1679E-001   8.0703E-001   3.1888E+000  
 5.2490E+000   1.1118E-001  -4.3073E+000   1.4128E-001  -6.2079E-003  -3.5596E-001  -3.0507E-001   2.1930E-003   1.0330E+000  -2.6772E-003   9.9083E-002  -8.4027E-001  -7.5405E-003   1.0938E+000   5.6711E-003  -2.3934E-004  -1.5676E-001  -1.0301E-002   1.2854E+000  -3.7156E-003   4.7915E-001   8.8410E-002   7.9608E-001   3.0875E+000  
 4.1791E+000   8.9884E-002  -3.8840E+000   1.4423E-001  -5.9923E-003  -5.3565E-001  -5.9062E-002   2.0640E-003   6.1149E-001  -1.1006E-003   5.2351E-002  -6.6079E-001  -6.6037E-003   1.0219E+000   5.2840E-003  -1.5678E-004  -6.5662E-002  -1.2154E-002   1.4224E+000  -4.2284E-003   4.1481E-001   2.5292E-002   8.8822E-001   3.3268E+000  
 1.6626E+000   4.9023E-003   1.1146E+000   1.6665E-001  -5.6173E-003  -6.0243E-001   4.0200E-002   2.3450E-003   3.3098E-001  -1.0100E-004   3.9078E-002  -5.3359E-001  -5.5127E-003   9.4133E-001   4.6560E-003   3.8347E-005  -4.7365E-002  -1.4312E-002   1.6182E+000  -4.6100E-003   3.0190E-001  -5.4344E-003   9.6150E-001   3.4427E+000  
 1.0907E+000   2.6512E-003   1.1055E+000   1.5966E-001  -4.9664E-003  -5.5583E-001   6.0334E-002   2.8238E-003   1.3850E-001   4.7041E-004   4.9554E-002  -4.1437E-001  -4.2825E-003   8.2566E-001   3.8720E-003   1.0327E-004  -5.8582E-002  -1.6443E-002   1.8277E+000  -4.7543E-003   1.6617E-001  -9.4997E-003   1.0025E+000   3.4365E+000  
 6.0284E-001   8.4569E-004   9.4869E-001   1.1739E-001  -3.9927E-003  -4.3137E-001   4.3885E-002   3.3251E-003   1.5191E-003   8.0590E-004   7.1862E-002  -2.8977E-001  -3.1072E-003   6.6361E-001   2.9817E-003   5.2518E-005  -3.9740E-002  -1.8206E-002   1.9995E+000  -4.8339E-003   4.1974E-002  -2.4037E-002   1.0189E+000   3.4426E+000  
 2.1918E-001  -4.6895E-004   6.6808E-001   8.1898E-002  -2.6993E-003  -2.7106E-001   3.1368E-002   3.6693E-003  -8.7815E-002   9.6715E-004   7.8169E-002  -1.8300E-001  -2.1747E-003   4.6339E-001   2.0088E-003   2.8631E-005  -2.6589E-002  -1.9408E-002   2.1174E+000  -4.8546E-003  -5.6512E-002  -2.4945E-002   1.0156E+000   3.5188E+000  
-2.4888E-002  -1.2880E-003   2.9360E-001   5.8314E-002  -1.2390E-003  -1.1757E-001   2.2357E-002   3.8947E-003  -1.3810E-001   1.0670E-003   8.0718E-002  -8.7258E-002  -1.3669E-003   2.3728E-001   9.8010E-004   3.2990E-005  -1.3885E-002  -2.0136E-002   2.1869E+000  -4.8911E-003  -1.1965E-001  -2.4731E-002   1.0065E+000   3.5229E+000  
-1.0698E-001  -1.5906E-003  -1.4588E-001   5.3247E-002   2.9761E-004   7.2849E-005   1.8398E-002   3.9715E-003  -1.5391E-001   1.1451E-003   8.0455E-002   3.2558E-004  -6.0939E-004   3.3468E-004  -5.3862E-005   9.3650E-005  -3.5309E-003  -2.0395E-002   2.2102E+000  -4.9463E-003  -1.4105E-001  -2.6425E-002   1.0025E+000   3.4770E+000  
-2.3813E-002  -1.4486E-003  -6.2996E-001   7.0303E-002   1.8201E-003   7.0631E-002   2.2163E-002   3.7857E-003  -1.3929E-001   1.2040E-003   7.6138E-002   8.1357E-002   1.6397E-004  -2.3664E-001  -1.0865E-003   8.2320E-005   2.7834E-003  -2.0199E-002   2.1872E+000  -4.9563E-003  -1.1982E-001  -2.7128E-002   1.0064E+000   3.4991E+000  
 2.1707E-001  -7.9052E-004  -1.1382E+000   1.0812E-001   3.2365E-003   9.7064E-002   3.4732E-002   3.4550E-003  -9.6806E-002   1.2382E-003   6.5886E-002   1.5836E-001   1.0184E-003  -4.6286E-001  -2.1116E-003   1.1688E-004   4.9818E-003  -1.9521E-002   2.1194E+000  -4.9962E-003  -5.6842E-002  -2.3929E-002   1.0159E+000   3.4911E+000  
 5.8953E-001   3.6489E-004  -1.6379E+000   1.5643E-001   4.4563E-003   9.6962E-002   5.9288E-002   3.0184E-003  -2.9240E-002   1.2036E-003   4.9234E-002   2.3763E-001   2.0233E-003  -6.6338E-001  -3.0743E-003   1.5646E-004   2.8492E-003  -1.8353E-002   2.0062E+000  -5.0682E-003   4.1470E-002  -2.0025E-002   1.0204E+000   3.4074E+000  
 1.0636E+000   2.0178E-003  -2.1031E+000   1.9485E-001   5.3270E-003   1.0042E-001   1.0294E-001   2.4326E-003   6.2805E-002   9.8313E-004   3.5593E-002   3.3117E-001   3.2921E-003  -8.2619E-001  -3.9410E-003   2.0848E-004  -1.0635E-002  -1.6591E-002   1.8437E+000  -5.1007E-003   1.6540E-001  -2.7973E-002   1.0062E+000   3.4161E+000  
 1.5799E+000   4.1213E-003  -2.4830E+000   2.3113E-001   5.8475E-003   1.6589E-001   1.3417E-001   1.8888E-003   1.7525E-001   5.1382E-004  -8.0345E-003   4.2371E-001   4.6153E-003  -9.4408E-001  -4.6849E-003   1.2449E-004  -2.2113E-003  -1.4451E-002   1.6511E+000  -5.0860E-003   3.0028E-001  -2.4321E-002   9.6832E-001   3.4369E+000  
 1.6849E-001   7.8383E-002  -7.5424E+000   2.1532E-001   6.0707E-003   3.8192E-001   1.2044E-001   1.5728E-003   3.2842E-001  -4.2310E-004  -1.0035E-001   5.4252E-001   5.8077E-003  -1.0307E+000  -5.2681E-003  -8.7589E-005  -3.8286E-002  -1.2312E-002   1.4841E+000  -4.8045E-003   4.1056E-001  -4.9840E-002   8.9574E-001   3.3359E+000  
 1.2575E-001   9.8776E-002  -7.5822E+000   4.5107E-002   6.1243E-003   8.9409E-001   4.2451E-003   1.6934E-003   5.6133E-001  -1.9856E-003  -2.6252E-001   7.5369E-001   6.8406E-003  -1.1163E+000  -5.6328E-003  -1.9634E-004  -1.7422E-001  -1.0506E-002   1.3942E+000  -4.3164E-003   4.7061E-001  -1.1492E-001   7.9977E-001   3.0141E+000  
 5.1433E+000  -3.4102E+000  -4.5438E+000   1.3752E-001   1.2767E-001  -3.2503E-001  -3.0584E-001   7.8095E-002   1.0286E+000  -1.0694E-001   8.8463E-002  -8.3440E-001   6.6854E-002   1.0750E+000   1.3756E-001   1.7292E-003  -1.5651E-001  -4.7085E-003   1.2667E+000  -1.5890E-001   4.5711E-001   9.0097E-002   8.0491E-001   3.1186E+000  
 4.1030E+000  -3.4357E+000  -3.8699E+000   1.4537E-001   4.2422E-002  -5.0927E-001  -6.4581E-002   6.9350E-002   6.1750E-001  -6.7330E-002   4.5660E-002  -6.6188E-001   7.5426E-002   1.0114E+000   1.5467E-001  -8.0429E-003  -6.6571E-002  -9.5808E-003   1.4073E+000  -1.6003E-001   3.8718E-001   2.7215E-002   8.9001E-001   3.2621E+000  
 1.7159E+000  -5.8829E-001   1.1103E+000   1.6846E-001  -1.0088E-002  -5.7574E-001   3.1734E-002   6.1875E-002   3.3930E-001  -4.1881E-002   3.7088E-002  -5.3462E-001   7.4539E-002   9.3025E-001   1.7277E-001  -1.0836E-002  -4.7103E-002  -1.5975E-002   1.5996E+000  -1.5662E-001   2.7781E-001  -4.2803E-003   9.5866E-001   3.4281E+000  
 1.1539E+000  -5.8575E-001   1.1105E+000   1.6302E-001  -2.6714E-002  -5.2893E-001   5.2346E-002   4.8407E-002   1.4718E-001  -2.2287E-002   4.7272E-002  -4.1360E-001   7.1511E-002   8.1469E-001   1.8691E-001  -7.6505E-003  -5.3238E-002  -1.6497E-002   1.8054E+000  -1.4396E-001   1.4343E-001  -1.0714E-002   9.9896E-001   3.3965E+000  
 6.7216E-001  -5.6863E-001   9.5779E-001   1.2755E-001  -1.6475E-002  -4.0526E-001   3.9953E-002   3.4260E-002   1.1111E-002  -1.1135E-002   6.5074E-002  -2.8914E-001   6.9530E-002   6.5479E-001   1.9944E-001   4.3705E-004  -3.9762E-002  -1.7136E-002   1.9775E+000  -1.1789E-001   2.0805E-002  -1.9855E-002   1.0192E+000   3.5588E+000  
 2.9591E-001  -5.4316E-001   6.8308E-001   9.2868E-002   1.2184E-002  -2.4598E-001   2.6128E-002   2.4870E-002  -7.6564E-002  -3.0341E-003   7.3612E-002  -1.8127E-001   7.4636E-002   4.5586E-001   2.0818E-001   1.9733E-003  -2.4825E-002  -2.0385E-002   2.0952E+000  -8.4397E-002  -7.6740E-002  -2.2442E-002   1.0178E+000   3.6898E+000  
 5.6175E-002  -5.0743E-001   3.1316E-001   7.0275E-002   5.5250E-002  -9.3589E-002   1.7011E-002   1.4343E-002  -1.2569E-001   8.4413E-004   7.6775E-002  -8.5067E-002   8.0367E-002   2.3195E-001   2.1296E-001   5.3449E-003  -1.2370E-002  -2.0959E-002   2.1639E+000  -4.5754E-002  -1.3879E-001  -2.2870E-002   1.0104E+000   3.6925E+000  
-2.3578E-002  -4.6362E-001  -1.2222E-001   6.4869E-002   1.0347E-001   2.3229E-002   1.2476E-002   3.8296E-003  -1.3939E-001   1.4738E-003   7.8158E-002   2.8941E-003   8.7288E-002  -2.9013E-003   2.1378E-001   8.3295E-003  -2.4076E-003  -2.0306E-002   2.1868E+000  -4.7782E-003  -1.5982E-001  -2.6022E-002   1.0065E+000   3.6348E+000  
 5.9499E-002  -4.1176E-001  -6.0184E-001   8.0662E-002   1.4993E-001   9.3002E-002   1.7068E-002  -6.2912E-003  -1.2330E-001  -1.1055E-003   7.5450E-002   8.4271E-002   9.4835E-002  -2.3766E-001   2.1094E-001   1.1011E-002   4.0554E-003  -1.8489E-002   2.1633E+000   3.6201E-002  -1.3759E-001  -2.8190E-002   1.0101E+000   3.6628E+000  
 2.9744E-001  -3.5120E-001  -1.1056E+000   1.1665E-001   1.8668E-001   1.1842E-001   3.0109E-002  -1.5450E-002  -7.8379E-002  -7.2293E-003   6.5646E-002   1.6161E-001   1.0271E-001  -4.6130E-001   2.0421E-001   1.3495E-002   6.1626E-003  -1.5523E-002   2.0954E+000   7.4817E-002  -7.4466E-002  -2.5719E-002   1.0177E+000   3.6434E+000  
 6.6566E-001  -2.8282E-001  -1.6011E+000   1.6133E-001   2.0703E-001   1.1741E-001   5.6573E-002  -2.2136E-002  -8.7049E-003  -1.6696E-002   5.0887E-002   2.4177E-001   1.0931E-001  -6.5992E-001   1.9379E-001   1.3576E-002   1.9553E-003  -1.2767E-002   1.9815E+000   1.0820E-001   2.4080E-002  -2.3350E-002   1.0199E+000   3.5820E+000  
 1.1304E+000  -2.0210E-001  -2.0588E+000   2.0058E-001   2.0113E-001   1.2013E-001   9.7170E-002  -3.1743E-002   8.6432E-002  -3.2233E-002   3.2149E-002   3.3495E-001   1.2025E-001  -8.1970E-001   1.8007E-001   1.9584E-002  -6.5399E-003  -4.6551E-003   1.8178E+000   1.3411E-001   1.4743E-001  -2.5589E-002   1.0013E+000   3.5320E+000  
 1.6380E+000  -1.1132E-001  -2.4345E+000   2.3075E-001   1.6350E-001   1.8563E-001   1.2962E-001  -3.7955E-002   2.0280E-001  -5.0297E-002  -1.2448E-002   4.2918E-001   1.2776E-001  -9.3628E-001   1.6608E-001   1.9627E-002  -3.7357E-003   6.7999E-003   1.6280E+000   1.4593E-001   2.8179E-001  -2.4157E-002   9.6346E-001   3.3827E+000  
 3.4979E-001   3.0005E+000  -7.4246E+000   2.0609E-001   9.1443E-002   4.0159E-001   1.2083E-001  -3.4791E-002   3.5842E-001  -7.4832E-002  -1.0143E-001   5.4849E-001   1.2598E-001  -1.0219E+000   1.5041E-001   1.1945E-002  -4.2086E-002   1.5812E-002   1.4639E+000   1.4819E-001   3.8931E-001  -5.1165E-002   8.9492E-001   3.2110E+000  
 3.1941E-001   3.1624E+000  -7.7088E+000   3.1013E-002  -2.9381E-002   9.0722E-001   1.3093E-002  -2.8920E-002   5.8514E-001  -9.8945E-002  -2.6049E-001   7.5233E-001   1.0444E-001  -1.0965E+000   1.3937E-001  -5.1057E-003  -1.7702E-001   3.0331E-002   1.3685E+000   1.4541E-001   4.5588E-001  -1.1574E-001   8.0550E-001   3.1708E+000  
 4.7719E+000  -7.5030E+000  -5.0176E+000   1.1188E-001   3.1235E-001  -2.3911E-001  -3.0062E-001   1.4509E-001   1.0193E+000  -2.1196E-001   4.7471E-002  -8.0847E-001   1.4232E-001   1.0247E+000   2.6068E-001   3.4244E-003  -1.3778E-001   6.2864E-004   1.2197E+000  -3.0481E-001   3.9946E-001   7.7892E-002   8.1751E-001   3.3231E+000  
 3.7332E+000  -8.2481E+000  -4.2409E+000   1.3913E-001   1.3422E-001  -4.3555E-001  -7.5716E-002   1.2912E-001   6.3390E-001  -1.3195E-001   1.8640E-002  -6.5589E-001   1.5876E-001   9.8090E-001   2.9424E-001  -1.2702E-002  -6.1108E-002  -4.8048E-003   1.3628E+000  -3.0597E-001   3.1598E-001   2.3477E-002   8.9116E-001   3.1553E+000  
 2.0034E+000  -2.2374E+000   3.4782E-001   1.7090E-001   2.0384E-002  -5.0123E-001   1.3115E-002   1.1592E-001   3.6118E-001  -8.0732E-002   2.1453E-002  -5.3205E-001   1.5632E-001   8.9985E-001   3.2701E-001  -1.6067E-002  -4.4392E-002  -1.2350E-002   1.5426E+000  -3.0372E-001   2.1104E-001  -4.7783E-003   9.5204E-001   3.2548E+000  
 1.3338E+000  -1.1485E+000   1.1259E+000   1.7281E-001  -2.4316E-002  -4.5500E-001   3.2078E-002   9.4348E-002   1.7364E-001  -4.3261E-002   3.6406E-002  -4.1216E-001   1.5347E-001   7.8695E-001   3.5831E-001  -1.4005E-002  -4.4201E-002  -1.4789E-002   1.7384E+000  -2.7653E-001   8.1797E-002  -1.2427E-002   9.8927E-001   3.4336E+000  
 8.7696E-001  -1.1171E+000   9.9036E-001   1.4785E-001  -1.4012E-002  -3.3313E-001   2.1552E-002   7.0433E-002   4.2359E-002  -1.9744E-002   5.3978E-002  -2.8747E-001   1.5307E-001   6.3196E-001   3.8448E-001  -5.1473E-003  -3.2158E-002  -1.9282E-002   1.9070E+000  -2.2570E-001  -3.7906E-002  -1.8152E-002   1.0131E+000   3.6652E+000  
 5.1848E-001  -1.0633E+000   7.2950E-001   1.2285E-001   3.7520E-002  -1.7793E-001   1.0631E-002   4.5136E-002  -4.3023E-002  -4.5758E-003   5.9728E-002  -1.7473E-001   1.5547E-001   4.4046E-001   4.0375E-001   6.2327E-003  -2.0757E-002  -2.2088E-002   2.0279E+000  -1.6093E-001  -1.3245E-001  -1.5175E-002   1.0229E+000   3.7691E+000  
 2.9281E-001  -9.9288E-001   3.7308E-001   1.0211E-001   1.1406E-001  -2.7778E-002   1.3062E-003   2.5182E-002  -8.6910E-002   3.4902E-003   6.6723E-002  -7.7353E-002   1.6518E-001   2.2220E-001   4.1425E-001   1.0531E-002  -8.0316E-003  -2.2148E-002   2.0952E+000  -8.4746E-002  -1.9268E-001  -1.8355E-002   1.0193E+000   3.7441E+000  
 2.1963E-001  -9.0545E-001  -4.9957E-002   9.6103E-002   2.0173E-001   8.6361E-002  -2.8301E-003   5.4539E-003  -9.5801E-002   4.6277E-003   7.1507E-002   1.1541E-002   1.7770E-001  -6.0414E-003   4.1700E-001   1.5601E-002   1.7723E-003  -2.0496E-002   2.1166E+000  -4.3896E-003  -2.1249E-001  -2.4527E-002   1.0168E+000   3.7083E+000  
 3.0202E-001  -8.0183E-001  -5.1755E-001   1.0855E-001   2.8565E-001   1.5352E-001   2.9237E-003  -1.3118E-002  -7.4230E-002  -7.5687E-004   7.1992E-002   9.3823E-002   1.9160E-001  -2.3404E-001   4.1234E-001   2.0131E-002   7.5301E-003  -1.6987E-002   2.0922E+000   7.5919E-002  -1.9023E-001  -2.9746E-002   1.0184E+000   3.7118E+000  
 5.3244E-001  -6.8150E-001  -1.0087E+000   1.3818E-001   3.5114E-001   1.7680E-001   1.8108E-002  -2.9443E-002  -2.3936E-002  -1.2950E-002   6.5376E-002   1.7223E-001   2.0641E-001  -4.5157E-001   4.0003E-001   2.2627E-002   8.4219E-003  -1.1367E-002   2.0232E+000   1.5205E-001  -1.2764E-001  -3.0137E-002   1.0215E+000   3.7383E+000  
 8.8370E-001  -5.4151E-001  -1.4891E+000   1.7928E-001   3.8064E-001   1.7176E-001   4.4194E-002  -4.8007E-002   5.4462E-002  -3.3303E-002   4.6496E-002   2.5703E-001   2.2443E-001  -6.4192E-001   3.7937E-001   3.1068E-002   6.8569E-003  -4.4851E-003   1.9037E+000   2.1665E-001  -3.0968E-002  -2.2227E-002   1.0119E+000   3.6446E+000  
 1.3273E+000  -3.8242E-001  -1.9304E+000   2.1107E-001   3.6313E-001   1.7236E-001   8.6472E-002  -6.0946E-002   1.5664E-001  -6.3361E-002   2.5699E-002   3.5019E-001   2.3921E-001  -7.9557E-001   3.5266E-001   3.5753E-002  -1.1683E-003   5.0547E-003   1.7412E+000   2.6714E-001   9.0547E-002  -2.1067E-002   9.8894E-001   3.4363E+000  
 1.6752E+000   8.9770E-001  -3.0324E+000   2.2543E-001   2.8413E-001   2.3669E-001   1.2475E-001  -6.6238E-002   2.8152E-001  -1.0069E-001  -1.7378E-002   4.4398E-001   2.4654E-001  -9.0758E-001   3.2353E-001   3.1377E-002  -7.0854E-003   2.2715E-002   1.5592E+000   2.9252E-001   2.2124E-001  -2.2075E-002   9.5307E-001   3.2393E+000  
 9.9351E-001   7.2526E+000  -7.5560E+000   1.8208E-001   1.3482E-001   4.5175E-001   1.2842E-001  -5.6867E-002   4.4550E-001  -1.4790E-001  -9.9211E-002   5.6091E-001   2.3912E-001  -9.8999E-001   2.9714E-001   1.7949E-002  -4.5878E-002   4.2138E-002   1.4046E+000   2.9194E-001   3.2633E-001  -4.7291E-002   8.9207E-001   3.0607E+000  
 9.0622E-001   6.8467E+000  -7.9145E+000  -2.3614E-003  -1.1132E-001   9.4030E-001   4.4936E-002  -4.2540E-002   6.5988E-001  -1.9442E-001  -2.4818E-001   7.4394E-001   1.9384E-001  -1.0399E+000   2.7523E-001  -1.2270E-002  -1.6846E-001   7.0906E-002   1.3021E+000   2.8800E-001   4.0853E-001  -1.0314E-001   8.1494E-001   3.5449E+000  
 4.1323E+000  -1.0287E+001  -5.5279E+000   5.3453E-002   5.9233E-001  -1.0240E-001  -2.9048E-001   1.9536E-001   9.6936E-001  -3.0534E-001  -2.1414E-002  -7.6477E-001   2.2573E-001   9.0775E-001   3.3462E-001  -8.8173E-003  -1.0203E-001   5.6922E-003   1.1609E+000  -4.8046E-001   3.4523E-001   3.9582E-002   8.0646E-001   3.0920E+000  
 3.1375E+000  -1.0509E+001  -4.3255E+000   1.1080E-001   3.1993E-001  -3.3909E-001  -8.3007E-002   1.6353E-001   6.6207E-001  -1.8523E-001  -3.6709E-002  -6.3871E-001   2.5432E-001   9.3335E-001   4.1068E-001  -2.2428E-002  -3.8735E-002   9.1169E-003   1.3031E+000  -4.3099E-001   2.1635E-001   5.6438E-003   8.8117E-001   2.9832E+000  
 2.2118E+000  -9.9643E+000  -3.3369E+000   1.6663E-001   1.2427E-001  -4.0566E-001  -7.0761E-003   1.5201E-001   4.0018E-001  -1.1097E-001  -1.7898E-002  -5.2301E-001   2.4652E-001   8.5721E-001   4.5995E-001  -1.9896E-002  -3.2597E-002  -2.3916E-003   1.4641E+000  -4.2645E-001   1.1031E-001  -1.2427E-002   9.3529E-001   3.2247E+000  
 1.6052E+000  -1.6450E+000   1.1461E+000   1.8694E-001   2.9503E-002  -3.5892E-001   5.2587E-003   1.3376E-001   2.1565E-001  -5.9289E-002   1.1637E-002  -4.0657E-001   2.3911E-001   7.4416E-001   5.0528E-001  -1.2659E-002  -3.6555E-002  -1.2076E-002   1.6367E+000  -3.9392E-001  -1.1561E-002  -1.2637E-002   9.7390E-001   3.4865E+000  
 1.1926E+000  -1.6063E+000   1.0408E+000   1.7215E-001   2.3017E-002  -2.3890E-001  -6.4670E-003   1.0675E-001   9.3410E-002  -2.3121E-002   3.6130E-002  -2.8518E-001   2.4306E-001   5.9694E-001   5.4487E-001  -8.9363E-003  -2.3753E-002  -1.9333E-002   1.7937E+000  -3.2258E-001  -1.2573E-001  -1.9661E-002   9.9991E-001   3.7095E+000  
 8.6971E-001  -1.5328E+000   8.0697E-001   1.5151E-001   7.8706E-002  -8.7598E-002  -1.9337E-002   7.6128E-002   1.6407E-002   4.1995E-004   5.1432E-002  -1.7100E-001   2.5087E-001   4.1503E-001   5.7388E-001  -2.1903E-003  -8.6538E-003  -2.3754E-002   1.9094E+000  -2.2898E-001  -2.1636E-001  -2.2908E-002   1.0159E+000   3.8118E+000  
 6.6296E-001  -1.4273E+000   4.7157E-001   1.4050E-001   1.7633E-001   5.7309E-002  -2.4989E-002   4.2803E-002  -2.1131E-002   1.2117E-002   5.5534E-002  -6.8822E-002   2.5833E-001   2.0842E-001   5.9123E-001   9.8536E-003  -4.8292E-004  -2.3061E-002   1.9791E+000  -1.2009E-001  -2.7406E-001  -2.0029E-002   1.0229E+000   3.7718E+000  
 5.9834E-001  -1.2963E+000   6.8818E-002   1.3845E-001   2.8893E-001   1.6617E-001  -2.5968E-002   1.1264E-002  -2.2320E-002   1.4298E-002   5.9851E-002   2.4538E-002   2.7241E-001  -8.9937E-003   5.9670E-001   2.0917E-002   6.9243E-003  -2.1678E-002   2.0010E+000  -3.8486E-003  -2.9325E-001  -2.2036E-002   1.0250E+000   3.7155E+000  
 6.7766E-001  -1.1400E+000  -3.7766E-001   1.5037E-001   3.9436E-001   2.2816E-001  -2.0174E-002  -1.8174E-002   9.2321E-003   6.4992E-003   5.9497E-002   1.1122E-001   2.9440E-001  -2.2598E-001   5.8935E-001   3.1075E-002   1.3559E-002  -1.7723E-002   1.9723E+000   1.1237E-001  -2.7053E-001  -2.3217E-002   1.0212E+000   3.7591E+000  
 8.9231E-001  -9.5659E-001  -8.4553E-001   1.7653E-001   4.7080E-001   2.4652E-001  -4.9675E-003  -4.4971E-002   7.1495E-002  -1.2853E-002   4.8710E-002   1.9426E-001   3.2021E-001  -4.3124E-001   5.7032E-001   4.0547E-002   1.7655E-002  -9.1375E-003   1.8970E+000   2.2115E-001  -2.0937E-001  -1.7620E-002   1.0127E+000   3.8173E+000  
 1.2236E+000  -7.4878E-001  -1.3038E+000   2.0054E-001   4.9917E-001   2.3774E-001   2.7839E-002  -6.3830E-002   1.6050E-001  -4.3531E-002   3.7179E-002   2.8032E-001   3.3931E-001  -6.1094E-001   5.4015E-001   4.2860E-002   1.0786E-002  -2.0248E-004   1.7787E+000   3.1458E-001  -1.1555E-001  -1.6132E-002   9.9593E-001   3.7269E+000  
 1.6378E+000  -5.1170E-001  -1.7189E+000   2.1332E-001   4.5913E-001   2.3619E-001   7.7526E-002  -7.2257E-002   2.7383E-001  -8.8791E-002   1.9893E-002   3.7016E-001   3.5263E-001  -7.5502E-001   5.0061E-001   4.0139E-002   2.4607E-004   1.1995E-002   1.6237E+000   3.8553E-001   1.6705E-003  -1.6732E-002   9.6986E-001   3.5268E+000  
 1.9843E+000   8.1139E+000  -6.3322E+000   2.0882E-001   3.3467E-001   2.9974E-001   1.2982E-001  -6.3984E-002   4.1718E-001  -1.4997E-001  -1.3849E-002   4.6103E-001   3.6145E-001  -8.6391E-001   4.5919E-001   3.6650E-002  -5.2128E-003   3.0811E-002   1.4599E+000   4.1647E-001   1.2696E-001  -1.2195E-002   9.3234E-001   3.2855E+000  
 1.9960E+000   9.0652E+000  -7.2575E+000   1.4453E-001   1.0413E-001   5.1147E-001   1.5450E-001  -3.9982E-002   5.9346E-001  -2.2286E-001  -8.7112E-002   5.7160E-001   3.4773E-001  -9.3675E-001   4.2032E-001   2.2630E-002  -3.9099E-002   5.8586E-002   1.3187E+000   4.1707E-001   2.3589E-001  -2.9833E-002   8.7847E-001   3.1436E+000  
 1.8506E+000   9.3340E+000  -7.9956E+000  -6.6277E-002  -2.9406E-001   9.6172E-001   9.0141E-002  -2.7678E-002   7.5856E-001  -2.8483E-001  -2.3352E-001   7.3430E-001   2.6599E-001  -9.1197E-001   3.6803E-001  -1.3498E-002  -1.5498E-001   1.1427E-001   1.2130E+000   4.5818E-001   3.6681E-001  -6.5183E-002   8.0203E-001   3.3556E+000  
 3.3539E+000  -1.0902E+001  -5.4346E+000  -8.9749E-002   7.3642E-001   6.3003E-001  -2.6756E-001   1.3060E-001   9.0781E-002  -3.3374E-001  -1.5965E-001  -8.2759E-001   4.6624E-001   1.0012E-001  -5.4387E-002  -2.2545E-001  -8.6747E-002   6.3468E-002   1.2521E+000  -1.1301E+000   5.4305E-001  -1.2590E-002   6.6185E-001   2.4994E+000  
 2.4530E+000  -1.1533E+001  -4.1122E+000   2.1446E-002   6.6502E-001  -2.6285E-001  -6.6414E-002   1.4732E-001   7.1513E-001  -2.1463E-001  -1.3644E-001  -6.1281E-001   3.9404E-001   8.8057E-001   5.0184E-001  -6.2236E-002   1.8302E-002   3.3999E-002   1.2529E+000  -5.2646E-001   1.0385E-001  -3.5394E-002   8.5329E-001   2.8651E+000  
 1.6519E+000  -1.1341E+001  -2.6941E+000   1.3002E-001   3.4973E-001  -3.3152E-001  -1.3692E-002   1.5098E-001   4.6607E-001  -1.2593E-001  -9.3953E-002  -5.0956E-001   3.6325E-001   8.0930E-001   5.6925E-001  -4.2049E-002   1.3792E-003   1.1816E-002   1.3868E+000  -5.1400E-001  -6.0719E-003  -4.0167E-002   9.0082E-001   3.2081E+000  
 9.7897E-001  -1.0751E+001  -6.1560E-001   1.8703E-001   1.7323E-001  -2.8407E-001  -1.5109E-002   1.4548E-001   2.8615E-001  -6.2020E-002  -4.4133E-002  -3.9717E-001   3.4128E-001   6.9659E-001   6.2724E-001  -1.9174E-002  -1.7878E-002  -7.8496E-003   1.5277E+000  -4.7652E-001  -1.2314E-001  -2.6297E-002   9.4016E-001   3.4393E+000  
 1.5809E+000  -2.0007E+000   1.1031E+000   1.9735E-001   1.1614E-001  -1.6284E-001  -3.5449E-002   1.2988E-001   1.6497E-001  -1.4946E-002   2.1244E-004  -2.7624E-001   3.3669E-001   5.5147E-001   6.7263E-001  -8.3243E-004  -1.7961E-002  -2.0305E-002   1.6521E+000  -4.0117E-001  -2.3286E-001  -1.8975E-002   9.7468E-001   3.5884E+000  
 1.3062E+000  -1.9117E+000   9.0742E-001   1.8545E-001   1.5141E-001  -1.5972E-002  -5.3192E-002   1.0025E-001   9.8837E-002   1.6235E-002   2.5924E-002  -1.6197E-001   3.5028E-001   3.8133E-001   7.0982E-001   4.1338E-003  -1.7346E-003  -2.8112E-002   1.7523E+000  -2.8683E-001  -3.1756E-001  -2.2233E-002   9.9734E-001   3.6991E+000  
 1.1320E+000  -1.7795E+000   6.0783E-001   1.7680E-001   2.4229E-001   1.2336E-001  -6.2124E-002   6.3500E-002   7.5268E-002   3.2913E-002   3.8326E-002  -5.7088E-002   3.6701E-001   1.8930E-001   7.3264E-001   1.1237E-002   1.2253E-002  -2.8788E-002   1.8136E+000  -1.4944E-001  -3.7207E-001  -2.2711E-002   1.0080E+000   3.6884E+000  
 1.0799E+000  -1.6082E+000   2.3628E-001   1.7903E-001   3.5631E-001   2.2627E-001  -6.1983E-002   2.4713E-002   8.7408E-002   3.5077E-002   4.1903E-002   3.9185E-002   3.8589E-001  -1.1790E-002   7.3947E-001   2.3336E-002   2.0016E-002  -2.4633E-002   1.8300E+000  -3.2328E-003  -3.8923E-001  -1.8738E-002   1.0096E+000   3.5550E+000  
 1.1563E+000  -1.4010E+000  -1.8023E-001   1.8936E-001   4.6263E-001   2.8257E-001  -5.2077E-002  -1.0898E-002   1.3218E-001   2.3524E-002   4.0082E-002   1.2876E-001   4.0961E-001  -2.1217E-001   7.3053E-001   3.4364E-002   2.4342E-002  -1.7182E-002   1.8012E+000   1.4298E-001  -3.6775E-001  -1.3900E-002   1.0050E+000   3.7031E+000  
 1.3573E+000  -1.1582E+000  -6.1881E-001   2.0020E-001   5.3409E-001   2.9602E-001  -2.7525E-002  -3.7414E-002   2.0774E-001  -2.3951E-003   3.5489E-002   2.1448E-001   4.3169E-001  -4.0209E-001   7.0590E-001   3.8161E-002   2.0557E-002  -7.8081E-003   1.7289E+000   2.8031E-001  -3.0894E-001  -1.1606E-002   9.9185E-001   3.7341E+000  
 1.6631E+000  -8.7932E-001  -1.0435E+000   2.0391E-001   5.4355E-001   2.8349E-001   1.7535E-002  -4.8986E-002   3.1400E-001  -4.5363E-002   3.0874E-002   3.0053E-001   4.4803E-001  -5.6845E-001   6.6754E-001   3.7012E-002   1.0218E-002   1.5110E-003   1.6202E+000   3.9487E-001  -2.2024E-001  -1.0604E-002   9.6745E-001   3.6422E+000  
 3.0059E+000   8.1149E+000  -3.0211E+000   2.0063E-001   4.7303E-001   2.8324E-001   8.4009E-002  -3.7737E-002   4.5501E-001  -1.0843E-001   2.7141E-002   3.8984E-001   4.6723E-001  -7.0719E-001   6.2251E-001   4.4209E-002   7.8186E-003   1.4987E-002   1.4903E+000   4.7082E-001  -1.0623E-001   2.2702E-004   9.3337E-001   3.5124E+000  
 3.1595E+000   9.1326E+000  -5.2803E+000   1.8092E-001   2.9506E-001   3.4658E-001   1.6012E-001  -5.1295E-003   6.2468E-001  -1.9665E-001   5.4560E-003   4.7721E-001   4.8158E-001  -8.1124E-001   5.6977E-001   5.0243E-002   1.1652E-002   3.2941E-002   1.3507E+000   5.0713E-001   1.6287E-002   1.5571E-002   8.9579E-001   3.2850E+000  
 3.1742E+000   9.8362E+000  -6.5526E+000   1.0996E-001  -1.3549E-002   5.5235E-001   2.2125E-001   4.9607E-002   8.2129E-001  -3.0794E-001  -5.3354E-002   5.7557E-001   4.7533E-001  -8.7404E-001   5.1419E-001   4.6800E-002  -4.8083E-003   6.0264E-002   1.2283E+000   5.1592E-001   1.2992E-001   9.5137E-003   8.4980E-001   3.0013E+000  
 2.8276E+000   9.7385E+000  -7.4903E+000  -2.6163E-001  -1.0419E+000   4.3854E-001   4.5611E-002   5.4296E-002   9.8170E-002  -3.2855E-001  -2.3009E-001   8.7185E-001   3.9366E-001  -7.2153E-002   2.3887E-002   1.4902E-001  -2.2188E-001   1.1679E-001   1.2529E+000   1.1034E+000   5.7601E-001  -2.2461E-002   6.5634E-001   2.4374E+000  
 5.2307E-001  -1.0776E+001  -2.0797E-001   1.3125E-001   4.5383E-001  -2.9453E-001  -1.5492E-002   1.1030E-001   3.9994E-001  -4.8097E-002  -1.4243E-001  -3.9772E-001   4.8261E-001   6.4931E-001   7.2832E-001  -6.3079E-002   2.4927E-002  -7.3798E-003   1.4351E+000  -5.2046E-001  -2.3167E-001  -6.6139E-002   8.8269E-001   3.3468E+000  
 3.4093E-001  -9.0969E+000   3.5557E+000   1.8959E-001   3.0243E-001  -1.6812E-001  -5.1650E-002   1.1792E-001   2.7717E-001   7.3208E-003  -7.5403E-002  -2.7234E-001   4.5470E-001   5.0219E-001   7.7445E-001  -2.0538E-002   4.5566E-003  -2.7826E-002   1.5153E+000  -4.4704E-001  -3.3378E-001  -3.9582E-002   9.2396E-001   3.4678E+000  
 1.5819E+000  -2.7970E+000   1.9364E+000   2.0204E-001   2.7585E-001  -2.1459E-002  -7.9070E-002   1.0347E-001   2.1767E-001   4.5593E-002  -2.9602E-002  -1.5482E-001   4.6072E-001   3.4131E-001   8.1374E-001   1.2871E-003   7.8542E-003  -3.9551E-002   1.5826E+000  -3.2439E-001  -4.1259E-001  -2.7125E-002   9.5817E-001   3.5326E+000  
 1.6523E+000  -2.0097E+000   7.7479E-001   2.0397E-001   3.2333E-001   1.1713E-001  -9.6109E-002   8.1016E-002   2.0266E-001   6.8794E-002  -1.6275E-004  -4.3953E-002   4.7690E-001   1.6564E-001   8.3305E-001   1.6886E-002   1.6741E-002  -3.8609E-002   1.6183E+000  -1.7292E-001  -4.6961E-001  -1.7193E-002   9.7979E-001   3.4871E+000  
 1.6244E+000  -1.8036E+000   4.4669E-001   2.0099E-001   4.0754E-001   2.1638E-001  -9.6679E-002   5.0140E-002   2.3131E-001   7.3055E-002   1.4810E-002   5.1782E-002   4.9961E-001  -1.4798E-002   8.3889E-001   2.2237E-002   2.5123E-002  -3.0843E-002   1.6252E+000  -2.7985E-003  -4.8871E-001  -1.4730E-002   9.8502E-001   3.3893E+000  
 1.7061E+000  -1.5491E+000   7.1605E-002   1.9874E-001   4.8802E-001   2.6944E-001  -7.8086E-002   2.3919E-002   2.9660E-001   5.9392E-002   2.3320E-002   1.4063E-001   5.2160E-001  -1.9426E-001   8.2981E-001   2.5854E-002   2.6032E-002  -1.9181E-002   1.5980E+000   1.6738E-001  -4.6555E-001  -1.1459E-002   9.7583E-001   3.5394E+000  
 2.0914E+000  -6.2717E-001   6.0883E-001   1.9685E-001   5.3289E-001   2.8291E-001  -3.7004E-002   1.5276E-002   4.0051E-001   2.7063E-002   3.1950E-002   2.3118E-001   5.4390E-001  -3.6637E-001   8.0677E-001   3.4921E-002   2.3533E-002  -6.1957E-003   1.5419E+000   3.2011E-001  -4.0489E-001  -5.7243E-004   9.5179E-001   3.6009E+000  
 3.8170E+000   5.8562E+000   1.8774E+000   1.8793E-001   5.0857E-001   2.7197E-001   2.7840E-002   2.6465E-002   5.3878E-001  -3.0078E-002   4.2236E-002   3.2019E-001   5.6491E-001  -5.2066E-001   7.6565E-001   4.7173E-002   2.1798E-002   3.7187E-003   1.4574E+000   4.4431E-001  -3.2122E-001   1.4416E-002   9.1610E-001   3.5534E+000  
 4.2661E+000   7.9258E+000  -2.2003E+000   1.8019E-001   3.9670E-001   2.7794E-001   1.2150E-001   7.0780E-002   7.2025E-001  -1.1575E-001   5.2809E-002   4.1295E-001   5.9784E-001  -6.5690E-001   7.1878E-001   7.2010E-002   3.3172E-002   1.6057E-002   1.3616E+000   5.1992E-001  -2.1408E-001   4.0851E-002   8.7634E-001   3.4452E+000  
 1.4190E-001  -8.4147E+000   2.0092E+000  -3.7194E-002   9.1941E-001  -4.7435E-001   2.1053E-002   1.0504E-002   5.6712E-001  -1.8397E-002  -2.8717E-001  -4.3152E-001   6.7469E-001   5.9379E-001   8.1188E-001  -1.6013E-001   9.0673E-002  -1.7279E-002   1.3745E+000  -5.4113E-001  -3.1594E-001  -1.1706E-001   8.1782E-001   3.1333E+000  
 1.8956E-001  -6.7075E+000   4.8647E+000   8.2380E-002   6.3072E-001  -3.3705E-001  -3.2464E-002   5.3058E-002   4.5129E-001   4.9471E-002  -1.9863E-001  -3.0353E-001   6.2241E-001   4.5991E-001   8.6088E-001  -1.0110E-001   5.2946E-002  -3.9658E-002   1.4173E+000  -4.4954E-001  -4.0974E-001  -8.9863E-002   8.5792E-001   3.3052E+000  
 6.2201E-001  -5.5763E+000   8.7731E+000   1.5337E-001   4.7880E-001  -1.7466E-001  -8.2690E-002   8.5311E-002   3.8019E-001   9.6063E-002  -1.1835E-001  -1.6931E-001   5.8817E-001   3.0021E-001   8.8359E-001  -4.2964E-002   2.8894E-002  -5.4163E-002   1.4299E+000  -3.3330E-001  -4.8653E-001  -5.5784E-002   9.0689E-001   3.3644E+000  
 1.3077E+000  -3.7144E+000   9.9522E+000   1.7988E-001   4.3848E-001  -2.9258E-002  -1.0935E-001   9.3643E-002   3.7376E-001   1.2648E-001  -6.2715E-002  -4.7960E-002   5.8863E-001   1.4130E-001   8.9560E-001  -5.1188E-003   2.1998E-002  -5.2898E-002   1.4337E+000  -1.7675E-001  -5.4186E-001  -2.9402E-002   9.3810E-001   3.2796E+000  
 2.1510E+000  -1.8662E+000   1.0152E+001   1.8191E-001   4.5494E-001   7.4014E-002  -1.0924E-001   9.1959E-002   4.2259E-001   1.3374E-001  -2.5247E-002   5.4832E-002   6.0612E-001  -1.9799E-002   8.9984E-001   1.3079E-002   2.4556E-002  -4.3433E-002   1.4265E+000  -3.6554E-003  -5.5850E-001  -1.2496E-002   9.4690E-001   3.1738E+000  
 3.0873E+000   4.5764E-002   9.4384E+000   1.7513E-001   4.7767E-001   1.3168E-001  -8.0343E-002   9.6240E-002   5.1596E-001   1.1858E-001   4.0815E-003   1.5006E-001   6.2827E-001  -1.7900E-001   8.8939E-001   2.7910E-002   2.6407E-002  -2.9141E-002   1.4017E+000   1.7041E-001  -5.3914E-001   4.0669E-003   9.3495E-001   3.3549E+000  
 4.0424E+000   2.0951E+000   7.8073E+000   1.7066E-001   4.7157E-001   1.5419E-001  -1.7784E-002   1.2365E-001   6.6042E-001   7.9900E-002   3.4876E-002   2.5007E-001   6.5942E-001  -3.3187E-001   8.7068E-001   5.5933E-002   3.4642E-002  -1.2883E-002   1.3658E+000   3.2989E-001  -4.8120E-001   3.0123E-002   9.0174E-001   3.4524E+000  
 4.8856E+000   3.5468E+000   3.5416E+000   1.7510E-001   4.0865E-001   1.6147E-001   8.2320E-002   1.8882E-001   8.5850E-001   8.2516E-003   7.1539E-002   3.5398E-001   7.0809E-001  -4.8025E-001   8.4229E-001   9.8664E-002   5.3212E-002  -7.7198E-004   1.3225E+000   4.5052E-001  -4.0042E-001   6.3994E-002   8.5271E-001   3.4074E+000  
 5.4390E+000   5.7264E+000   5.2199E-001   1.6948E-001   2.3611E-001   1.8267E-001   2.0893E-001   2.8148E-001   1.0862E+000  -9.7530E-002   9.4697E-002   4.4958E-001   7.4992E-001  -5.9791E-001   7.9197E-001   1.3504E-001   7.5134E-002   1.7380E-002   1.2534E+000   5.4517E-001  -3.0034E-001   9.0045E-002   8.1342E-001   3.2430E+000  
 8.9777E-001  -5.3190E+000   3.1677E+000  -6.8530E-001   2.7503E-001  -8.0979E-002   3.5757E-001  -5.6988E-001  -7.1317E-001   9.4912E-002  -8.5798E-001  -6.8280E-001   1.2394E+000  -3.0038E-002  -2.2918E-001  -6.9101E-001   3.8521E-001  -1.7848E-002   1.4154E+000  -1.1401E+000  -7.8435E-001  -8.2837E-002   6.6365E-001   3.0211E+000  
 1.9728E-003  -6.2217E+000   5.5329E+000  -2.8418E-001   1.2195E+000  -8.0872E-001   8.4534E-002  -1.7851E-001   7.4774E-001   1.1958E-001  -4.2125E-001  -4.4406E-001   9.0418E-001   4.4661E-001   9.2659E-001  -3.0783E-001   1.4024E-001  -6.6399E-002   1.3959E+000  -4.1667E-001  -5.0240E-001  -1.4692E-001   7.9579E-001   3.0498E+000  
 6.9652E-001  -4.9365E+000   1.0178E+001  -3.7542E-002   8.0012E-001  -5.7774E-001  -4.6914E-002   1.6853E-002   5.9556E-001   1.6099E-001  -2.5636E-001  -2.4501E-001   7.4481E-001   2.5448E-001   9.1420E-001  -1.5970E-001   6.5783E-002  -8.5211E-002   1.3111E+000  -3.2352E-001  -5.5005E-001  -1.0960E-001   8.4886E-001   3.4541E+000  
 1.6186E+000  -3.4027E+000   1.1817E+001   4.9377E-002   6.1466E-001  -4.0758E-001  -8.6269E-002   9.0119E-002   5.9866E-001   2.0036E-001  -1.6000E-001  -9.9346E-002   7.1023E-001   1.0695E-001   9.2309E-001  -7.7485E-002   3.8280E-002  -8.5151E-002   1.2856E+000  -1.7285E-001  -5.8837E-001  -5.9357E-002   8.8520E-001   3.1458E+000  
 2.6605E+000  -1.6774E+000   1.1974E+001   9.4474E-002   5.1640E-001  -2.7394E-001  -8.5325E-002   1.5474E-001   6.6896E-001   2.2392E-001  -8.3930E-002   3.7217E-002   7.1207E-001  -2.8658E-002   9.2029E-001  -1.0457E-002   3.0058E-002  -6.5670E-002   1.2617E+000  -6.0893E-003  -6.0306E-001  -1.4170E-002   8.9708E-001   3.0972E+000  
 3.7750E+000   1.2498E-001   1.1454E+001   1.2067E-001   4.4698E-001  -1.8433E-001  -4.2993E-002   2.2755E-001   8.0174E-001   2.2060E-001  -1.7497E-002   1.6603E-001   7.3450E-001  -1.6074E-001   9.1089E-001   5.2273E-002   3.5146E-002  -3.9929E-002   1.2376E+000   1.6289E-001  -5.8749E-001   3.0759E-002   8.8510E-001   3.1076E+000  
 4.9033E+000   1.9033E+000   9.4956E+000   1.4726E-001   3.6735E-001  -1.3222E-001   4.8046E-002   3.2676E-001   9.9977E-001   1.7756E-001   4.9428E-002   2.9080E-001   7.8428E-001  -2.9774E-001   8.9060E-001   1.2310E-001   5.6900E-002  -2.0517E-002   1.2160E+000   3.1890E-001  -5.4731E-001   8.0602E-002   8.4837E-001   3.3165E+000  
 5.9027E+000   3.5757E+000   4.6628E+000   2.7044E-001   3.2497E-001  -5.5001E-002   2.4231E-001   5.5723E-001   1.3364E+000   7.5834E-002   1.5902E-001   4.5423E-001   9.3265E-001  -4.7084E-001   8.8953E-001   2.4756E-001   1.1659E-001  -7.6360E-003   1.2514E+000   4.2058E-001  -4.9643E-001   1.1711E-001   7.9543E-001   3.1713E+000  
 5.1423E+000   2.9683E+000   2.1336E+000   2.7088E-001  -1.5674E+000  -1.0388E+000   5.0768E-001   8.2296E-001  -9.1716E-002  -1.2612E-001   4.4419E-001   5.9068E-001   1.1332E+000   4.6806E-002  -3.1680E-001   5.3424E-001   3.0174E-001  -1.2623E-002   1.2042E+000   1.1524E+000  -7.7368E-001   4.6089E-002   6.8355E-001   3.0890E+000  
