 2.1925E+001  -2.2203E+001  -1.2168E+001   7.8299E+000   1.8807E+001   1.0946E+001  -3.8917E+000  -6.6832E+000  -1.7416E+001  -1.3026E-001   3.8715E-001   1.8308E+000   3.3411E+000  -5.2160E+000   9.1481E+000  -2.2536E-002  -3.4761E-002   6.6681E-002  -1.4021E+000   4.5506E+000  -2.7092E+000  -2.6712E-002   9.1328E-001   4.1170E+000  
 4.0019E+000  -2.5379E-001   1.8428E-001   6.5062E-001   5.9602E-001   8.5597E-002  -5.8274E-001  -9.0455E-001  -1.2352E+000  -9.9496E-002   3.7190E-002   2.0826E-001   6.7792E-001  -2.5394E-001   4.1963E-001  -6.3375E-002  -7.8636E-002   2.2056E-001  -6.4493E-001   3.2129E-001  -1.9846E-001  -8.6161E-002   2.2147E+000   7.7374E+000  
 3.1785E+000   1.1141E+000   3.7545E-001   5.2038E-002  -1.2300E-001  -3.5442E-001  -1.2854E-001  -1.6670E-001  -1.7300E-001  -2.4818E-001  -1.2084E-001  -1.0019E-001   1.3217E-001   2.6107E-001  -2.1238E-001   4.7408E-002  -3.2632E-002   2.9037E-001  -1.7715E-001  -3.3553E-001   1.0238E-001  -1.5299E-002   2.4378E+000   5.8923E+000  
 3.0497E+000   1.4740E+000   2.8204E-001   4.6577E-002  -3.6474E-002  -3.1683E-001  -6.9201E-002  -1.1487E-001  -8.0711E-002  -3.2027E-001  -1.1477E-001  -1.2046E-001   7.3582E-002   3.2186E-001  -1.1344E-001   5.8365E-002  -2.3169E-002   3.3656E-001  -9.1969E-002  -4.0294E-001   6.1431E-002  -1.0712E-002   2.4659E+000   5.9608E+000  
 3.0071E+000   1.6051E+000  -7.2838E-003   3.7822E-002   1.9294E-003  -3.0322E-001  -5.6058E-003  -9.2960E-002   2.3720E-003  -3.4640E-001  -1.1505E-001  -1.3115E-001  -5.5153E-004   3.4429E-001   7.5587E-004   7.1927E-002   9.8476E-004   3.4803E-001  -5.3833E-004  -4.2677E-001   3.0768E-003  -1.3548E-002   2.4756E+000   6.0332E+000  
 3.0452E+000   1.4725E+000  -2.9530E-001   4.6364E-002   4.0421E-002  -3.1498E-001   5.7955E-002  -1.1538E-001   8.5222E-002  -3.2032E-001  -1.1467E-001  -1.2085E-001  -7.4517E-002   3.2257E-001   1.1497E-001   5.8372E-002   2.5032E-002   3.3596E-001   9.0770E-002  -4.0235E-001  -5.5309E-002  -1.0815E-002   2.4657E+000   5.9299E+000  
 3.1697E+000   1.1121E+000  -3.8590E-001   5.1547E-002   1.2710E-001  -3.5082E-001   1.1729E-001  -1.6763E-001   1.7701E-001  -2.4824E-001  -1.2061E-001  -1.0098E-001  -1.3274E-001   2.6239E-001   2.1377E-001   4.7366E-002   3.4295E-002   2.8929E-001   1.7580E-001  -3.3437E-001  -9.6270E-002  -1.5393E-002   2.4376E+000   5.8642E+000  
 3.9926E+000  -2.6013E-001  -1.8724E-001   6.5288E-001  -5.9416E-001   9.5547E-002   5.7259E-001  -9.0982E-001   1.2418E+000  -1.0340E-001   3.8614E-002   2.0999E-001  -6.7951E-001  -2.4980E-001  -4.2217E-001  -6.4207E-002   8.0098E-002   2.1726E-001   6.4499E-001   3.2196E-001   2.0764E-001  -8.6730E-002   2.2146E+000   7.6952E+000  
 2.1831E+001  -2.2133E+001   1.2073E+001   7.7776E+000  -1.8687E+001   1.0976E+001   3.8387E+000  -6.6493E+000   1.7362E+001  -2.1387E-001   3.7943E-001   1.8331E+000  -3.3058E+000  -5.1451E+000  -9.1559E+000  -1.8199E-002   3.2218E-002   5.3191E-002   1.3907E+000   4.5286E+000   2.7409E+000  -2.7283E-002   9.1233E-001   4.0806E+000  
 3.0653E+000   1.6382E-001   1.3838E+000   9.8587E-002  -2.8512E-001  -3.9190E-002  -1.1951E-001  -2.0996E-001  -2.0685E-001   1.2354E-002  -1.1398E-001   3.9569E-002   1.0061E-001   1.3908E-001  -3.6780E-001   4.2585E-003   1.7179E-002  -3.2022E-002  -2.0871E-001  -2.9728E-001   2.0418E-001  -3.3552E-002   2.4508E+000   5.9384E+000  
 2.8555E+000   6.2113E-001   1.0576E+000   1.8044E-001  -5.1889E-002  -2.1677E-002  -1.1059E-001  -1.6923E-001  -1.3292E-001  -9.4031E-002  -6.1360E-002   4.3839E-003   1.2802E-001   2.2636E-001  -3.4350E-001  -3.0535E-002  -3.0069E-002   8.7939E-002  -1.6185E-001  -4.3051E-001   2.2133E-001   6.3484E-003   2.5217E+000   6.1088E+000  
 2.6563E+000   9.7685E-001   6.9109E-001   1.7768E-001   2.1545E-002   3.3906E-002  -7.0670E-002  -1.1269E-001  -6.0331E-002  -1.9858E-001  -5.3781E-002  -1.9429E-002   8.1406E-002   3.1810E-001  -2.6572E-001  -7.7776E-003  -2.3373E-002   1.4914E-001  -9.4910E-002  -5.2958E-001   1.8024E-001  -1.8544E-003   2.5712E+000   6.2395E+000  
 2.5299E+000   1.1710E+000   3.7529E-001   1.6717E-001   2.8321E-002   8.9259E-002  -3.6118E-002  -8.2487E-002  -2.0544E-002  -2.6585E-001  -4.9934E-002  -2.9602E-002   3.7351E-002   3.7444E-001  -1.4342E-001   1.8515E-002  -9.2285E-003   1.7986E-001  -4.3156E-002  -5.8430E-001   1.0293E-001  -2.5871E-002   2.5997E+000   6.4123E+000  
 2.4880E+000   1.2742E+000  -7.8864E-003   1.6622E-001   1.8379E-003   1.1561E-001  -5.8611E-003  -7.7388E-002   1.8299E-003  -2.9164E-001  -4.4850E-002  -2.6956E-002  -3.4286E-004   3.9776E-001   9.5477E-004   2.3694E-002   9.4250E-004   1.8568E-001  -9.8388E-004  -6.0063E-001   2.7252E-003  -3.3794E-002   2.6077E+000   6.3956E+000  
 2.5252E+000   1.1703E+000  -3.9058E-001   1.6686E-001  -2.4618E-002   9.0813E-002   2.4392E-002  -8.2826E-002   2.4056E-002  -2.6570E-001  -4.9782E-002  -3.0182E-002  -3.7929E-002   3.7490E-001   1.4528E-001   1.8461E-002   1.1038E-002   1.7957E-001   4.1149E-002  -5.8346E-001  -9.7487E-002  -2.5784E-002   2.5996E+000   6.3749E+000  
 2.6471E+000   9.7531E-001  -7.0082E-001   1.7705E-001  -1.7894E-002   3.7032E-002   5.9147E-002  -1.1340E-001   6.3581E-002  -1.9836E-001  -5.3388E-002  -2.0495E-002  -8.1925E-002   3.1903E-001   2.6723E-001  -7.9406E-003   2.5038E-002   1.4848E-001   9.3021E-002  -5.2801E-001  -1.7476E-001  -1.7527E-003   2.5712E+000   6.2047E+000  
 2.8423E+000   6.1921E-001  -1.0600E+000   1.7912E-001   5.5638E-002  -1.7121E-002   9.9361E-002  -1.7010E-001   1.3558E-001  -9.3876E-002  -6.0879E-002   2.8777E-003  -1.2826E-001   2.2778E-001   3.4452E-001  -3.0585E-002   3.1362E-002   8.6803E-002   1.5998E-001  -4.2848E-001  -2.1585E-001   6.1868E-003   2.5217E+000   6.0823E+000  
 3.0487E+000   1.6401E-001  -1.3837E+000   9.6256E-002   2.8930E-001  -3.3328E-002   1.0838E-001  -2.1070E-001   2.0864E-001   1.2042E-002  -1.1371E-001   3.7741E-002  -1.0015E-001   1.4111E-001   3.6809E-001   4.5843E-003  -1.6464E-002  -3.3849E-002   2.0679E-001  -2.9501E-001  -1.9850E-001  -3.3955E-002   2.4507E+000   5.9151E+000  
 2.5335E+000  -1.5494E-001   1.7859E+000   1.9047E-001  -1.2448E-002   6.4101E-002  -8.1003E-002  -1.2175E-001  -8.4735E-002   8.2471E-002  -5.4804E-002   1.6579E-002   8.8939E-002   9.3211E-002  -4.2454E-001  -3.7246E-002  -6.8459E-003  -5.5719E-002  -1.1118E-001  -4.1667E-001   3.4336E-001   7.8762E-003   2.5619E+000   6.2059E+000  
 2.2648E+000   8.4698E-002   1.3221E+000   2.1293E-001   1.0710E-001   1.0275E-001  -5.8501E-002  -7.9478E-002  -3.2814E-002  -2.6413E-002  -3.0741E-002  -5.5304E-003   7.4640E-002   1.9090E-001  -3.7361E-001  -2.9819E-002  -1.6642E-002   2.9708E-002  -6.7581E-002  -5.1723E-001   3.1627E-001   1.0116E-002   2.6314E+000   6.4053E+000  
 1.9115E+000   1.3716E+000   7.3719E-001   2.1801E-001   1.3219E-001   1.8178E-001  -4.0146E-002  -5.9790E-002  -1.3240E-002  -1.1767E-001  -1.3229E-002  -2.6830E-003   5.5950E-002   2.6278E-001  -2.6398E-001  -2.7281E-002  -1.1173E-002   7.5339E-002  -4.3864E-002  -5.6773E-001   2.3333E-001   2.1821E-003   2.6797E+000   6.5866E+000  
 1.7193E+000   1.6020E+000   3.6375E-001   2.0559E-001   8.0395E-002   2.4493E-001  -2.0193E-002  -4.4718E-002   8.7147E-004  -1.7520E-001  -8.2077E-003  -9.3421E-004   2.1577E-002   3.1448E-001  -1.3816E-001  -1.3787E-002   8.3172E-004   9.8759E-002  -1.7227E-002  -6.0258E-001   1.2524E-001  -2.0143E-002   2.7101E+000   6.6902E+000  
 1.6642E+000   1.6279E+000   2.1756E-003   2.0445E-001   1.5113E-003   2.6913E-001  -6.0557E-003  -4.0987E-002   1.5004E-003  -1.9441E-001  -1.4031E-003   4.5265E-004  -2.3387E-004   3.2892E-001   8.1271E-004  -1.0920E-002   9.1456E-004   1.0589E-001  -1.2307E-003  -6.1064E-001   2.8515E-003  -2.2768E-002   2.7196E+000   6.6437E+000  
 1.7162E+000   1.6023E+000  -3.5955E-001   2.0516E-001  -7.7428E-002   2.4633E-001   8.1523E-003  -4.5059E-002   2.0242E-003  -1.7509E-001  -8.0615E-003  -1.6573E-003  -2.2115E-002   3.1493E-001   1.3963E-001  -1.3847E-002   9.4490E-004   9.8574E-002   1.4817E-002  -6.0163E-001  -1.1963E-001  -2.0163E-002   2.7103E+000   6.6512E+000  
 1.9049E+000   1.3718E+000  -7.3563E-001   2.1705E-001  -1.2927E-001   1.8454E-001   2.8399E-002  -6.0397E-002   1.5811E-002  -1.1748E-001  -1.2860E-002  -4.0782E-003  -5.6553E-002   2.6362E-001   2.6510E-001  -2.7402E-002   1.2780E-002   7.4874E-002   4.1592E-002  -5.6597E-001  -2.2792E-001   2.0591E-003   2.6799E+000   6.5489E+000  
 2.2513E+000   8.2763E-002  -1.3248E+000   2.1137E-001  -1.0418E-001   1.0676E-001   4.7161E-002  -8.0264E-002   3.4841E-002  -2.6256E-002  -3.0294E-002  -7.4720E-003  -7.5125E-002   1.9203E-001   3.7427E-001  -2.9858E-002   1.8024E-002   2.8938E-002   6.5420E-002  -5.1490E-001  -3.1109E-001   9.8769E-003   2.6316E+000   6.3724E+000  
 2.5166E+000  -1.5706E-001  -1.7837E+000   1.8816E-001   1.5543E-002   6.9256E-002   7.0016E-002  -1.2255E-001   8.6005E-002   8.2336E-002  -5.4489E-002   1.4236E-002  -8.9005E-002   9.4743E-002   4.2456E-001  -3.7008E-002   7.8322E-003  -5.6933E-002   1.0911E-001  -4.1408E-001  -3.3831E-001   7.4634E-003   2.5621E+000   6.1836E+000  
-1.5498E+001   1.2948E+001   2.3670E+001  -8.2475E+000  -2.0588E+001   1.1699E+001   6.4095E+000   3.7969E+000   1.9537E-001  -1.6595E+001  -8.9841E-001   1.8672E+000  -3.4998E+000   5.3680E+000   8.9599E+000   1.4948E-001   2.2467E-001  -1.5815E+000   7.8086E-002   2.5788E+000  -4.5317E+000  -9.1389E-003   9.6035E-001   4.5581E+000  
 2.6741E+000  -9.4306E-002   1.7001E+000   4.7629E-002  -4.0646E-001   2.4856E-001  -8.7413E-002  -7.8984E-002  -6.2215E-002   2.8616E-001  -1.3204E-001   1.6110E-002  -3.0045E-002  -1.2819E-001  -3.5016E-001   5.5834E-003   2.7755E-002  -3.0776E-001  -3.5628E-002  -1.7929E-001   3.1660E-001   1.0116E-002   2.4410E+000   6.1991E+000  
 2.3238E+000  -1.8793E-001   1.8834E+000   1.3928E-001  -5.3218E-002   7.9537E-002  -6.0216E-002  -6.5702E-002  -4.7127E-002   2.0968E-001  -8.8717E-002  -5.1661E-003   2.5118E-002  -7.6987E-002  -4.1861E-001   2.7534E-003   3.2630E-002  -1.6350E-001  -4.6063E-002  -3.2479E-001   4.3481E-001  -3.0620E-002   2.5558E+000   6.2616E+000  
 1.9760E+000  -3.0081E-001   1.8608E+000   2.0478E-001   1.4530E-001   5.0246E-002  -5.3553E-002  -5.3231E-002  -2.4231E-002   1.1851E-001  -3.5550E-002  -2.7094E-002   6.2817E-002   9.7405E-003  -4.0113E-001  -1.8309E-002  -5.0999E-003  -5.5045E-002  -3.8117E-002  -4.2118E-001   4.3861E-001  -1.1032E-002   2.6469E+000   6.5082E+000  
 1.6526E+000   1.2930E+000   1.0978E+000   2.1507E-001   2.1005E-001   1.0487E-001  -3.8897E-002  -3.3967E-002  -4.9909E-003   2.6668E-002  -8.9808E-003  -2.9778E-002   5.8804E-002   9.9510E-002  -3.3243E-001  -2.0765E-002  -1.4811E-002   9.1909E-003  -2.5412E-002  -4.8334E-001   3.7617E-001  -6.5260E-003   2.7206E+000   6.6170E+000  
 1.3602E+000   1.3884E+000   7.8249E-001   2.0464E-001   1.8738E-001   1.8870E-001  -2.5257E-002  -2.0964E-002   1.0700E-003  -5.0229E-002   5.7815E-003  -1.8122E-002   4.0120E-002   1.7222E-001  -2.3010E-001  -2.1013E-002  -5.8955E-003   4.0867E-002  -1.8591E-002  -5.1521E-001   2.6666E-001  -1.2952E-002   2.7755E+000   6.7532E+000  
 1.1715E+000   1.4428E+000   4.0573E-001   1.9343E-001   1.0873E-001   2.5509E-001  -1.6153E-002  -1.5130E-002   1.8367E-003  -9.4561E-002   1.7094E-002  -8.8361E-003   1.9424E-002   2.1762E-001  -1.1651E-001  -2.3354E-002  -5.7809E-004   6.1255E-002  -1.1773E-002  -5.3285E-001   1.3904E-001  -1.7811E-002   2.8111E+000   6.8128E+000  
 1.1057E+000   1.4601E+000   2.2516E-003   1.8929E-001   9.4696E-004   2.7989E-001  -6.2336E-003  -1.3059E-002   1.1227E-003  -1.0857E-001   2.0309E-002  -6.3880E-003  -3.4843E-004   2.3350E-001   4.2945E-004  -2.4989E-002   8.8544E-004   6.7734E-002  -1.4260E-003  -5.3916E-001   3.0551E-003  -1.8785E-002   2.8226E+000   6.7844E+000  
 1.1684E+000   1.4429E+000  -4.0138E-001   1.9282E-001  -1.0680E-001   2.5635E-001   3.8291E-003  -1.5414E-002   3.2184E-004  -9.4570E-002   1.7342E-002  -9.6451E-003  -2.0150E-002   2.1811E-001   1.1730E-001  -2.3397E-002   2.2772E-003   6.1050E-002   9.0432E-003  -5.3187E-001  -1.3302E-001  -1.7950E-002   2.8114E+000   6.7734E+000  
 1.3540E+000   1.3886E+000  -7.7856E-001   2.0347E-001  -1.8542E-001   1.9120E-001   1.3287E-002  -2.1538E-002   8.2222E-004  -5.0252E-002   6.1696E-003  -1.9662E-002  -4.0831E-002   1.7317E-001   2.3064E-001  -2.1079E-002   7.5210E-003   4.0464E-002   1.6110E-002  -5.1332E-001  -2.6091E-001  -1.3139E-002   2.7760E+000   6.7167E+000  
 1.6433E+000   1.2933E+000  -1.0946E+000   2.1338E-001  -2.0808E-001   1.0853E-001   2.7408E-002  -3.4718E-002   6.3713E-003   2.6579E-002  -8.4949E-003  -3.1888E-002  -5.9436E-002   1.0075E-001   3.3255E-001  -2.0755E-002   1.6312E-002   8.6098E-003   2.3145E-002  -4.8082E-001  -3.7084E-001  -6.6995E-003   2.7212E+000   6.5817E+000  
 1.9586E+000  -3.0557E-001  -1.8577E+000   2.0255E-001  -1.4328E-001   5.4970E-002   4.2565E-002  -5.4080E-002   2.4940E-002   1.1816E-001  -3.5094E-002  -2.9583E-002  -6.3254E-002   1.1233E-002   4.0065E-001  -1.8125E-002   6.3696E-003  -5.5891E-002   3.6087E-002  -4.1833E-001  -4.3366E-001  -1.1233E-002   2.6475E+000   6.4717E+000  
 2.3039E+000  -1.9174E-001  -1.8731E+000   1.3638E-001   5.5518E-002   8.5140E-002   4.9695E-002  -6.6491E-002   4.6922E-002   2.0879E-001  -8.8426E-002  -7.9470E-003  -2.5085E-002  -7.5131E-002   4.1738E-001   3.2155E-003  -3.1625E-002  -1.6472E-001   4.4145E-002  -3.2198E-001  -4.2995E-001  -3.0885E-002   2.5561E+000   6.2667E+000  
 2.6523E+000  -9.5681E-002  -1.6854E+000   4.4366E-002   4.0922E-001   2.5445E-001   7.7643E-002  -7.9572E-002   6.0536E-002   2.8462E-001  -1.3174E-001   1.2680E-002   3.0547E-002  -1.2558E-001   3.4831E-001   6.1978E-003  -2.6518E-002  -3.0918E-001   3.3376E-002  -1.7708E-001  -3.1134E-001   1.0135E-002   2.4406E+000   6.2136E+000  
-1.5374E+001   1.2879E+001  -2.3454E+001  -8.1698E+000   2.0480E+001   1.1564E+001  -6.3411E+000   3.7707E+000  -2.6929E-001  -1.6488E+001  -8.8714E-001   1.8271E+000   3.4740E+000   5.3907E+000  -8.8880E+000   1.4783E-001  -2.1767E-001  -1.5698E+000  -9.0728E-002   2.5464E+000   4.5368E+000  -9.1378E-003   9.5631E-001   4.5556E+000  
 2.1476E+000   5.7902E-001   2.0062E+000  -6.0336E-001  -1.4550E+000   9.0601E-001   4.6500E-001   3.9385E-001   1.5311E-001  -6.3080E-001  -3.3496E-001   1.6971E-001  -6.2488E-001   2.3535E-001   4.3880E-001   1.0079E-001   1.0572E-001  -7.5301E-001   1.5453E-001   2.3707E-001  -2.9184E-001   6.5555E-002   2.1879E+000   7.6679E+000  
 2.3496E+000  -4.8970E-002   1.6621E+000   9.5272E-002  -1.7668E-001   1.4984E-001  -7.5662E-002  -1.3598E-002   4.6918E-003   2.5214E-001  -1.1951E-001  -4.9201E-002  -4.4277E-002  -2.2214E-001  -3.2414E-001   3.3812E-002   3.7545E-002  -2.4224E-001   4.4128E-002  -1.9552E-001   4.5186E-001  -2.4767E-002   2.5042E+000   6.2987E+000  
 1.9159E+000  -1.2507E-001   1.7607E+000   1.8488E-001   9.2249E-002  -3.3489E-003  -6.3500E-002  -2.9087E-002  -1.4246E-002   2.0754E-001  -5.6882E-002  -5.8706E-002   3.5934E-002  -1.7647E-001  -3.6788E-001   2.6623E-003   6.2027E-003  -1.1101E-001   8.5184E-003  -2.9980E-001   5.3906E-001  -3.1391E-002   2.6203E+000   6.5174E+000  
 1.6429E+000   9.7148E-001   1.4648E+000   2.0931E-001   2.1049E-001  -1.7803E-002  -4.4374E-002  -2.0735E-002  -5.4583E-003   1.2335E-001  -1.4552E-002  -6.0877E-002   5.4371E-002  -7.8148E-002  -3.3232E-001  -1.1483E-002  -1.5524E-002  -4.2451E-002   2.0937E-003  -3.6128E-001   5.0395E-001  -1.8558E-002   2.7158E+000   6.8347E+000  
 1.2290E+000   1.0668E+000   1.1964E+000   1.9783E-001   2.3388E-001   4.5998E-002  -2.7582E-002  -1.3336E-002  -1.6219E-003   4.5720E-002   8.1691E-003  -4.9347E-002   4.8191E-002   1.3522E-002  -2.6018E-001  -1.9080E-002  -1.6116E-002  -4.1922E-003  -5.4010E-003  -3.9413E-001   4.1205E-001  -1.6201E-002   2.7961E+000   6.8198E+000  
 9.0055E-001   1.1323E+000   8.4431E-001   1.7422E-001   1.9274E-001   1.2938E-001  -1.9049E-002  -7.1872E-003   1.0138E-003  -1.0816E-002   2.2995E-002  -3.6484E-002   3.4358E-002   8.5535E-002  -1.7800E-001  -2.2258E-002  -8.7069E-003   2.0953E-002  -6.2508E-003  -4.1725E-001   2.9270E-001  -1.9473E-002   2.8586E+000   6.8892E+000  
 6.8812E-001   1.1699E+000   4.3488E-001   1.5579E-001   1.0706E-001   1.9498E-001  -1.2150E-002  -1.8130E-003   8.2116E-004  -4.4542E-002   3.1492E-002  -2.7472E-002   1.7183E-002   1.3042E-001  -9.1026E-002  -2.5409E-002  -3.8669E-003   3.4349E-002  -5.2470E-003  -4.3135E-001   1.5208E-001  -2.0497E-002   2.8995E+000   6.8605E+000  
 6.1406E-001   1.1813E+000   2.2341E-003   1.4988E-001   3.6164E-004   2.1891E-001  -6.3335E-003   5.1958E-004   7.2767E-004  -5.5723E-002   3.3275E-002  -2.5364E-002  -4.5574E-004   1.4619E-001   1.5104E-004  -2.8135E-002   8.8444E-004   3.8369E-002  -1.4655E-003  -4.3591E-001   3.3557E-003  -1.8861E-002   2.9139E+000   6.7717E+000  
 6.8500E-001   1.1698E+000  -4.3056E-001   1.5519E-001  -1.0633E-001   1.9618E-001  -4.1402E-004  -1.9874E-003   5.3614E-004  -4.4658E-002   3.1821E-002  -2.8222E-002  -1.8070E-002   1.3100E-001   9.1240E-002  -2.5362E-002   5.5818E-003   3.4160E-002   2.3811E-003  -4.3036E-001  -1.4548E-001  -2.0527E-002   2.8999E+000   6.8209E+000  
 8.9426E-001   1.1321E+000  -8.4038E-001   1.7308E-001  -1.9196E-001   1.3174E-001   6.8261E-003  -7.5415E-003   7.2917E-005  -1.1061E-002   2.3528E-002  -3.7928E-002  -3.5180E-002   8.6658E-002   1.7797E-001  -2.2184E-002   1.0360E-002   2.0596E-002   3.6027E-003  -4.1535E-001  -2.8642E-001  -1.9468E-002   2.8592E+000   6.8522E+000  
 1.2196E+000   1.0665E+000  -1.1932E+000   1.9616E-001  -2.3301E-001   4.9414E-002   1.5889E-002  -1.3898E-002   2.2573E-003   4.5304E-002   8.7530E-003  -5.1383E-002  -4.8909E-002   1.5071E-002   2.5977E-001  -1.8954E-002   1.7683E-002  -4.6991E-003   3.0872E-003  -3.9153E-001  -4.0627E-001  -1.6166E-002   2.7970E+000   6.7860E+000  
 1.6304E+000   9.7124E-001  -1.4625E+000   2.0713E-001  -2.0952E-001  -1.3437E-002   3.3309E-002  -2.1485E-002   5.4708E-003   1.2270E-001  -1.3992E-002  -6.3337E-002  -5.4928E-002  -7.6342E-002   3.3137E-001  -1.1304E-002   1.7018E-002  -4.3042E-002  -4.0231E-003  -3.5825E-001  -4.9877E-001  -1.8544E-002   2.7167E+000   6.7997E+000  
 1.8953E+000  -1.3260E-001  -1.7486E+000   1.8225E-001  -9.1130E-002   1.7719E-003   5.3066E-002  -2.9895E-002   1.3387E-002   2.0648E-001  -5.6359E-002  -6.1510E-002  -3.6287E-002  -1.7448E-001   3.6628E-001   3.0167E-003  -4.8178E-003  -1.1174E-001  -1.0202E-002  -2.9677E-001  -5.3432E-001  -3.1399E-002   2.6211E+000   6.5206E+000  
 2.3274E+000  -5.4746E-002  -1.6454E+000   9.2310E-002   1.7817E-001   1.5524E-001   6.6028E-002  -1.4309E-002  -6.9024E-003   2.5046E-001  -1.1894E-001  -5.2564E-002   4.4323E-002  -2.1957E-001   3.2191E-001   3.4381E-002  -3.6058E-002  -2.4311E-001  -4.5979E-002  -1.9302E-001  -4.4699E-001  -2.4666E-002   2.5044E+000   6.3008E+000  
 2.1280E+000   5.7469E-001  -1.9816E+000  -6.0232E-001   1.4554E+000   9.0535E-001  -4.6862E-001   3.9259E-001  -1.6239E-001  -6.3077E-001  -3.3260E-001   1.6169E-001   6.2403E-001   2.4284E-001  -4.3866E-001   1.0094E-001  -1.0224E-001  -7.5252E-001  -1.5935E-001   2.3575E-001   2.9994E-001   6.5778E-002   2.1859E+000   7.6709E+000  
 2.6102E+000   1.2011E-001   1.0800E+000   8.0937E-002  -3.1109E-001   3.4057E-001  -1.9272E-001   2.1642E-002   1.4457E-001   2.1571E-001  -1.3595E-001  -1.4964E-001  -9.0731E-002  -2.7692E-001  -1.8597E-001   4.2758E-002  -1.4899E-002  -2.6172E-001   1.8780E-001  -7.1162E-002   3.5552E-001  -2.1740E-003   2.4057E+000   6.1290E+000  
 2.1072E+000  -7.4802E-002   1.5127E+000   1.6609E-001  -3.4375E-002   4.8764E-002  -9.6277E-002  -1.5878E-003   2.0920E-002   2.0211E-001  -8.4788E-002  -1.0333E-001  -1.2675E-002  -3.1658E-001  -2.5107E-001   2.2186E-002  -1.3564E-003  -1.5282E-001   8.2284E-002  -1.6033E-001   5.5412E-001  -1.5837E-002   2.5498E+000   6.4522E+000  
 1.8105E+000   5.0733E-001   1.7351E+000   2.0315E-001   1.2042E-001  -8.3782E-002  -5.6309E-002  -9.1151E-003  -9.1745E-003   1.5505E-001  -4.0667E-002  -8.5192E-002   2.7643E-002  -2.4847E-001  -2.6046E-001  -1.8364E-003  -7.5953E-003  -7.5752E-002   3.4228E-002  -2.2093E-001   5.9392E-001  -2.5131E-002   2.6654E+000   6.7668E+000  
 1.3461E+000   6.9268E-001   1.5557E+000   2.0375E-001   1.8995E-001  -9.4372E-002  -3.8753E-002  -7.4395E-003  -8.6093E-003   9.5867E-002  -1.7276E-003  -7.7135E-002   4.2483E-002  -1.4813E-001  -2.3077E-001  -1.5102E-002  -2.3684E-002  -3.2233E-002   1.6926E-002  -2.5506E-001   5.3971E-001  -1.7239E-002   2.7673E+000   6.8507E+000  
 8.9511E-001   7.5423E-001   1.2619E+000   1.7621E-001   1.9259E-001  -3.1402E-002  -2.1680E-002  -2.2979E-003  -4.1678E-003   4.2868E-002   1.8958E-002  -6.4266E-002   3.5680E-002  -5.4573E-002  -1.7831E-001  -1.8190E-002  -1.9049E-002  -7.3005E-003   7.3345E-003  -2.7920E-001   4.3821E-001  -1.6489E-002   2.8548E+000   6.9891E+000  
 5.3918E-001   7.9568E-001   8.8573E-001   1.4150E-001   1.5301E-001   5.0377E-002  -1.4502E-002   8.6579E-004  -2.1973E-003   4.3257E-003   3.3519E-002  -5.2147E-002   2.5470E-002   1.7970E-002  -1.2359E-001  -2.0413E-002  -1.1292E-002   8.9734E-003   1.7210E-003  -2.9383E-001   3.0965E-001  -1.9578E-002   2.9253E+000   7.0259E+000  
 3.0916E-001   8.1930E-001   4.5439E-001   1.1479E-001   8.3415E-002   1.1646E-001  -9.9111E-003   2.7320E-003  -1.3312E-005  -1.7295E-002   4.0611E-002  -4.4083E-002   1.2863E-002   6.3077E-002  -6.2145E-002  -2.2423E-002  -6.1744E-003   1.7652E-002  -4.2105E-004  -3.0445E-001   1.6155E-001  -2.2078E-002   2.9738E+000   6.9337E+000  
 2.3067E-001   8.2777E-001   2.1283E-003   1.0664E-001  -3.0325E-004   1.4087E-001  -6.3959E-003   4.4791E-003   3.3162E-004  -2.4667E-002   4.5250E-002  -4.2049E-002  -4.4760E-004   7.9223E-002  -9.7990E-006  -2.1264E-002   9.2108E-004   2.0298E-002  -1.3919E-003  -3.0728E-001   3.7461E-003  -2.0212E-002   2.9902E+000   6.7766E+000  
 3.0595E-001   8.1903E-001  -4.5027E-001   1.1429E-001  -8.4000E-002   1.1758E-001  -2.7734E-003   2.6348E-003   5.8821E-004  -1.7504E-002   4.0893E-002  -4.4749E-002  -1.3749E-002   6.3776E-002   6.2032E-002  -2.2310E-002   7.9776E-003   1.7486E-002  -2.2967E-003  -3.0344E-001  -1.5419E-001  -2.2010E-002   2.9742E+000   6.9033E+000  
 5.3278E-001   7.9515E-001  -8.8199E-001   1.4050E-001  -1.5351E-001   5.2583E-002   2.1322E-003   6.9486E-004   2.4764E-003   3.8935E-003   3.4039E-002  -5.3445E-002  -2.6302E-002   1.9319E-002   1.2323E-001  -2.0179E-002   1.2996E-002   8.6618E-003  -4.2795E-003  -2.9190E-001  -3.0266E-001  -1.9428E-002   2.9261E+000   6.9987E+000  
 8.8557E-001   7.5345E-001  -1.2588E+000   1.7468E-001  -1.9296E-001  -2.8203E-002   9.8073E-003  -2.5728E-003   3.9902E-003   4.2188E-002   1.9606E-002  -6.6140E-002  -3.6415E-002  -5.2680E-002   1.7755E-001  -1.7908E-002   2.0676E-002  -7.7327E-003  -9.5948E-003  -2.7652E-001  -4.3181E-001  -1.6312E-002   2.8559E+000   6.9574E+000  
 1.3335E+000   6.9169E-001  -1.5534E+000   2.0172E-001  -1.9016E-001  -9.0287E-002   2.7518E-002  -7.8601E-003   7.8058E-003   9.4906E-002  -1.0285E-003  -7.9434E-002  -4.3091E-002  -1.4588E-001   2.2946E-001  -1.4784E-002   2.5261E-002  -3.2692E-002  -1.8772E-002  -2.5190E-001  -5.3405E-001  -1.7073E-002   2.7686E+000   6.8162E+000  
 1.7940E+000   5.0492E-001  -1.7324E+000   2.0065E-001  -1.2041E-001  -7.9019E-002   4.5806E-002  -9.6936E-003   7.5458E-003   1.5373E-001  -3.9993E-002  -8.7835E-002  -2.8072E-002  -2.4599E-001   2.5853E-001  -1.4575E-003   9.1764E-003  -7.6165E-002  -3.5658E-002  -2.1763E-001  -5.8898E-001  -2.5032E-002   2.6666E+000   6.7363E+000  
 2.0843E+000  -8.2862E-002  -1.4944E+000   1.6339E-001   3.4639E-002   5.3736E-002   8.6690E-002  -2.2339E-003  -2.3812E-002   2.0033E-001  -8.3954E-002  -1.0652E-001   1.2407E-002  -3.1377E-001   2.4857E-001   2.2675E-002   3.0995E-003  -1.5311E-001  -8.3702E-002  -1.5751E-001  -5.4948E-001  -1.5672E-002   2.5506E+000   6.4534E+000  
 2.5866E+000   1.1265E-001  -1.0582E+000   7.8282E-002   3.1161E-001   3.4494E-001   1.8446E-001   2.0928E-002  -1.4947E-001   2.1357E-001  -1.3486E-001  -1.5369E-001   9.0609E-002  -2.7324E-001   1.8333E-001   4.3314E-002   1.6729E-002  -2.6161E-001  -1.8972E-001  -6.9702E-002  -3.5039E-001  -2.1648E-003   2.4056E+000   6.1256E+000  
 2.5148E+000   1.6182E-001   1.0021E+000   1.3799E-001  -1.3267E-001   2.6306E-001  -2.0985E-001   1.7740E-002   1.5563E-001   1.1166E-001  -1.1593E-001  -1.8465E-001  -4.9281E-002  -3.4040E-001  -9.8964E-002   2.7977E-002  -2.7260E-002  -1.3675E-001   2.1643E-001  -4.3263E-002   4.2226E-001  -1.4191E-002   2.4279E+000   6.1518E+000  
 1.9491E+000   1.1973E-001   1.4016E+000   2.0708E-001   8.5205E-003  -2.1034E-002  -1.0797E-001   4.3936E-004   2.4538E-002   1.1242E-001  -6.2907E-002  -1.3618E-001   1.0895E-003  -3.7327E-001  -1.3805E-001   7.8085E-003  -3.8750E-002  -7.2035E-002   1.0148E-001  -9.3388E-002   6.1225E-001   4.6224E-003   2.5772E+000   6.5110E+000  
 1.6890E+000   3.1719E-001   1.8006E+000   2.1930E-001   8.1965E-002  -1.4722E-001  -5.6758E-002  -4.3210E-003  -1.1419E-002   8.7007E-002  -2.4956E-002  -1.0519E-001   2.2755E-002  -2.9902E-001  -1.3802E-001  -8.4810E-003  -2.9416E-002  -3.3126E-002   4.6753E-002  -1.1887E-001   6.3229E-001  -4.5107E-003   2.6950E+000   6.8876E+000  
 1.1539E+000   3.5823E-001   1.6096E+000   1.9514E-001   1.0859E-001  -1.5425E-001  -3.4131E-002  -2.4751E-004  -1.0812E-002   5.1565E-002   2.8824E-003  -8.7362E-002   2.3201E-002  -1.9193E-001  -1.1759E-001  -1.1414E-002  -2.6284E-002  -1.8703E-002   2.8092E-002  -1.3253E-001   5.6021E-001  -1.4810E-002   2.8004E+000   7.1283E+000  
 6.8080E-001   3.8874E-001   1.3002E+000   1.5660E-001   1.0663E-001  -9.2623E-002  -2.0169E-002   9.3693E-004  -7.2173E-003   2.4382E-002   2.5235E-002  -7.4808E-002   1.9453E-002  -9.6845E-002  -9.1505E-002  -1.0767E-002  -1.9747E-002  -5.5030E-003   1.4028E-002  -1.4429E-001   4.5477E-001  -1.7245E-002   2.8930E+000   7.1467E+000  
 3.0845E-001   4.0900E-001   9.0982E-001   1.1592E-001   8.3253E-002  -1.0663E-002  -1.1926E-002   2.2879E-003  -3.7261E-003   6.2549E-003   4.1438E-002  -6.3374E-002   1.3377E-002  -2.4218E-002  -6.2295E-002  -1.0949E-002  -1.2254E-002   3.1938E-003   5.7662E-003  -1.5228E-001   3.2207E-001  -1.9144E-002   2.9711E+000   7.1402E+000  
 6.7672E-002   4.2015E-001   4.6604E-001   8.5124E-002   4.4633E-002   5.4916E-002  -8.5268E-003   2.8835E-003  -1.4022E-003  -4.8979E-003   4.8293E-002  -5.5433E-002   6.6620E-003   2.1071E-002  -3.1942E-002  -1.2023E-002  -6.3760E-003   7.1749E-003   1.2680E-003  -1.5678E-001   1.6741E-001  -2.1301E-002   3.0226E+000   7.0251E+000  
-1.5115E-002   4.2371E-001   1.9488E-003   7.4603E-002  -1.0160E-003   7.8974E-002  -6.4228E-003   3.1194E-003  -1.9011E-005  -8.4723E-003   5.1386E-002  -5.3799E-002  -3.5517E-004   3.7490E-002  -3.0850E-005  -1.2110E-002   1.0019E-003   8.5604E-003  -1.2614E-003  -1.5816E-001   4.2137E-003  -2.0902E-002   3.0401E+000   6.8297E+000  
 6.4419E-002   4.1972E-001  -4.6227E-001   8.4680E-002  -4.6626E-002   5.5971E-002  -4.2125E-003   2.8670E-003   1.2586E-003  -5.1673E-003   4.8577E-002  -5.6031E-002  -7.3621E-003   2.1907E-002   3.1791E-002  -1.1851E-002   8.3319E-003   7.0080E-003  -3.7318E-003  -1.5574E-001  -1.5913E-001  -2.1287E-002   3.0231E+000   6.9938E+000  
 3.0194E-001   4.0814E-001  -9.0642E-001   1.1501E-001  -8.5136E-002  -8.5979E-003  -4.9762E-004   2.2446E-003   3.2555E-003   5.7023E-003   4.1935E-002  -6.4551E-002  -1.4059E-002  -2.2587E-002   6.1881E-002  -1.0620E-002   1.4091E-002   2.8750E-003  -8.0704E-003  -1.5027E-001  -3.1423E-001  -1.9108E-002   2.9721E+000   7.1122E+000  
 6.7110E-001   3.8747E-001  -1.2974E+000   1.5526E-001  -1.0835E-001  -8.9630E-002   8.2238E-003   8.5505E-004   6.2353E-003   2.3525E-002   2.5882E-002  -7.6481E-002  -2.0115E-002  -9.4566E-002   9.0648E-002  -1.0315E-002   2.1435E-002  -5.9339E-003  -1.6048E-002  -1.4150E-001  -4.4760E-001  -1.7131E-002   2.8944E+000   7.1118E+000  
 1.1411E+000   3.5657E-001  -1.6077E+000   1.9334E-001  -1.1007E-001  -1.5044E-001   2.2775E-002  -4.0368E-004   9.1504E-003   5.0386E-002   3.5736E-003  -8.9427E-002  -2.3781E-002  -1.8917E-001   1.1616E-001  -1.0891E-002   2.7893E-002  -1.9145E-002  -2.9712E-002  -1.2921E-001  -5.5390E-001  -1.4645E-002   2.8020E+000   7.0972E+000  
 1.6732E+000   3.1518E-001  -1.7997E+000   2.1705E-001  -8.3161E-002  -1.4280E-001   4.6119E-002  -4.6052E-003   8.9122E-003   8.5464E-002  -2.4219E-002  -1.0759E-001  -2.3214E-002  -2.9600E-001   1.3593E-001  -7.9418E-003   3.1031E-002  -3.3437E-002  -4.7924E-002  -1.1537E-001  -6.2691E-001  -4.3743E-003   2.6966E+000   6.8572E+000  
 1.9251E+000   1.0735E-001  -1.3817E+000   2.0453E-001  -9.3960E-003  -1.6392E-002   9.8246E-002  -1.6014E-005  -2.8198E-002   1.1051E-001  -6.2019E-002  -1.3903E-001  -1.4048E-003  -3.6992E-001   1.3535E-001   8.2934E-003   4.0524E-002  -7.2017E-002  -1.0241E-001  -9.0222E-002  -6.0747E-001   4.7384E-003   2.5785E+000   6.5109E+000  
 2.4903E+000   1.5162E-001  -9.7969E-001   1.3546E-001   1.3183E-001   2.6718E-001   2.0139E-001   1.6998E-002  -1.6113E-001   1.0968E-001  -1.1472E-001  -1.8821E-001   4.8795E-002  -3.3646E-001   9.6271E-002   2.8333E-002   2.9020E-002  -1.3594E-001  -2.1766E-001  -4.1465E-002  -4.1727E-001  -1.4246E-002   2.4283E+000   6.1837E+000  
 2.4859E+000   7.9194E-003   9.5973E-001   1.6059E-001  -1.2485E-003   2.3326E-001  -2.2076E-001   3.9230E-004   1.5606E-001   8.6754E-004  -1.0738E-001  -2.0030E-001  -4.2871E-004  -3.6369E-001  -1.4108E-003  -1.0339E-004  -3.9638E-002  -8.4859E-004   2.2302E-001  -1.8703E-003   4.4662E-001  -1.6435E-002   2.4365E+000   6.2012E+000  
 1.8988E+000   9.4522E-003   1.3916E+000   2.1468E-001  -1.2209E-003  -4.0565E-002  -1.0659E-001   1.5469E-004   2.0839E-002   9.7733E-004  -6.0062E-002  -1.4065E-001  -2.6418E-004  -3.9664E-001  -1.4379E-003  -2.4199E-004  -4.6584E-002  -2.7584E-004   1.0371E-001  -2.5909E-003   6.3024E-001   9.6744E-003   2.5847E+000   6.5394E+000  
 1.6324E+000   1.5362E-003   1.8215E+000   2.1983E-001  -1.3723E-003  -1.7039E-001  -5.6248E-002   4.3758E-005  -1.2982E-002   8.4380E-004  -2.4087E-002  -1.1190E-001  -2.5736E-004  -3.1293E-001  -1.1146E-003  -2.9126E-004  -3.6136E-002  -3.0562E-005   5.1119E-002  -2.7353E-003   6.4223E-001  -2.1406E-003   2.7041E+000   6.8647E+000  
 1.0885E+000   1.2402E-003   1.6272E+000   1.9091E-001  -1.5326E-003  -1.7642E-001  -3.3014E-002   1.0922E-005  -1.1602E-002   6.3908E-004   4.5436E-003  -9.1703E-002  -2.6652E-004  -2.0719E-001  -7.1109E-004  -2.5880E-004  -2.6404E-002   1.1188E-005   3.1824E-002  -2.6011E-003   5.6821E-001  -1.3937E-002   2.8109E+000   7.1031E+000  
 6.0838E-001   9.3570E-004   1.3130E+000   1.4778E-001  -1.6521E-003  -1.1599E-001  -2.0269E-002   4.9331E-006  -8.6130E-003   4.5084E-004   2.8707E-002  -7.9262E-002  -2.5662E-004  -1.1180E-001  -3.7581E-004  -2.0341E-004  -1.8363E-002  -2.1035E-005   1.6014E-002  -2.2887E-003   4.6072E-001  -1.9448E-002   2.9064E+000   7.2223E+000  
 2.2880E-001   6.2102E-004   9.1643E-001   1.0473E-001  -1.7298E-003  -3.3560E-002  -1.2429E-002   1.4778E-005  -4.7027E-003   2.8287E-004   4.1669E-002  -6.7785E-002  -2.3684E-004  -3.9270E-002  -1.1818E-004  -1.4823E-004  -1.4435E-002  -9.1306E-005   7.1155E-003  -1.8428E-003   3.2624E-001  -2.1439E-002   2.9865E+000   7.1974E+000  
-1.4918E-002   3.1423E-004   4.6953E-001   7.3659E-002  -1.7623E-003   3.1602E-002  -8.1788E-003   4.7831E-005  -1.9181E-003   1.2160E-004   4.9970E-002  -6.0304E-002  -2.1010E-004   5.8929E-003   3.6964E-005  -6.9405E-005  -6.5493E-003  -1.8714E-004   2.0367E-003  -1.3144E-003   1.6992E-001  -2.1906E-002   3.0390E+000   7.0827E+000  
-9.8992E-002   1.3482E-005   1.6871E-003   6.2633E-002  -1.7560E-003   5.7263E-002  -6.4159E-003   8.3091E-005  -3.0431E-004  -2.6656E-005   5.2918E-002  -5.6198E-002  -2.0057E-004   2.2331E-002   9.1579E-005   1.0135E-005   1.0809E-003  -2.8026E-004  -1.1126E-003  -7.5713E-004   4.7150E-003  -2.1645E-002   3.0575E+000   7.0112E+000  
-1.8220E-002  -2.7832E-004  -4.6628E-001   7.3259E-002  -1.6928E-003   3.2594E-002  -4.5449E-003   1.1504E-004   1.1879E-003  -1.7143E-004   5.0236E-002  -6.0846E-002  -1.7695E-004   6.9026E-003   6.1772E-005   8.8440E-005   8.6659E-003  -3.6646E-004  -4.2083E-003  -2.1000E-004  -1.6065E-001  -2.2004E-002   3.0397E+000   7.0466E+000  
 2.2220E-001  -5.5781E-004  -9.1354E-001   1.0393E-001  -1.5941E-003  -3.1614E-002   6.6091E-006   1.4000E-004   3.6177E-003  -3.2226E-004   4.2156E-002  -6.8839E-002  -1.7133E-004  -3.7320E-002  -6.3113E-005   1.6430E-004   1.6415E-002  -4.4282E-004  -9.1155E-003   2.9046E-004  -3.1745E-001  -2.1580E-002   2.9878E+000   7.1756E+000  
 5.9854E-001  -8.2774E-004  -1.3107E+000   1.4659E-001  -1.4567E-003  -1.1318E-001   8.3084E-003   1.3928E-004   6.9597E-003  -4.7177E-004   2.9322E-002  -8.0757E-002  -1.6050E-004  -1.0906E-001  -2.8331E-004   2.1480E-004   2.0174E-002  -4.8171E-004  -1.7724E-002   6.9188E-004  -4.5268E-001  -1.9569E-002   2.9081E+000   7.2009E+000  
 1.0755E+000  -1.0704E-003  -1.6257E+000   1.8933E-001  -1.2890E-003  -1.7286E-001   2.1595E-002   1.2059E-004   9.1920E-003  -6.3485E-004   5.2169E-003  -9.3553E-002  -1.3593E-004  -2.0387E-001  -5.6904E-004   2.6531E-004   2.8073E-002  -4.7157E-004  -3.3125E-002   9.4763E-004  -5.6113E-001  -1.4002E-002   2.8128E+000   7.0842E+000  
 1.6163E+000  -1.2894E-003  -1.8211E+000   2.1784E-001  -1.0914E-003  -1.6627E-001   4.5483E-002   7.8305E-005   9.6455E-003  -8.0881E-004  -2.3354E-002  -1.1401E-001  -9.3521E-005  -3.0927E-001  -9.1076E-004   2.9007E-004   3.7724E-002  -3.9024E-004  -5.1962E-002   1.0214E-003  -6.3621E-001  -2.1975E-003   2.7061E+000   6.8484E+000  
 1.8736E+000  -4.1856E-003  -1.3701E+000   2.1233E-001  -9.0895E-004  -3.6201E-002   9.6591E-002  -3.0723E-005  -2.5328E-002  -9.2056E-004  -5.9210E-002  -1.4305E-001  -6.7224E-005  -3.9267E-001  -1.1734E-003   2.3864E-004   4.8118E-002  -1.3116E-004  -1.0421E-001   8.4055E-004  -6.2502E-001   9.6419E-003   2.5863E+000   6.5242E+000  
 2.4601E+000  -3.2175E-003  -9.3543E-001   1.5798E-001  -9.0091E-004   2.3740E-001   2.1173E-001  -2.4600E-004  -1.6211E-001  -8.1289E-004  -1.0640E-001  -2.0302E-001  -1.9603E-004  -3.5925E-001  -1.1069E-003   1.0280E-004   4.1031E-002   4.1543E-004  -2.2345E-001   1.2860E-004  -4.4151E-001  -1.6573E-002   2.4371E+000   6.2342E+000  
 2.5166E+000  -1.4716E-001   1.0043E+000   1.3802E-001   1.3012E-001   2.6291E-001  -2.1046E-001  -1.7108E-002   1.5505E-001  -1.0997E-001  -1.1566E-001  -1.8551E-001   4.8486E-002  -3.4110E-001   9.6329E-002  -2.8195E-002  -2.7569E-002   1.3524E-001   2.1732E-001   3.9688E-002   4.2251E-001  -1.4170E-002   2.4279E+000   6.1512E+000  
 1.9508E+000  -1.0194E-001   1.4040E+000   2.0684E-001  -1.1002E-002  -2.0858E-002  -1.0825E-001  -1.7354E-004   2.3660E-002  -1.1059E-001  -6.2826E-002  -1.3665E-001  -1.5411E-003  -3.7412E-001   1.3532E-001  -8.1580E-003  -3.8978E-002   7.1517E-002   1.0196E-001   8.8269E-002   6.1282E-001   4.7664E-003   2.5771E+000   6.5254E+000  
 1.6893E+000  -3.1412E-001   1.8000E+000   2.1904E-001  -8.4740E-002  -1.4703E-001  -5.6877E-002   4.3922E-003  -1.2253E-002  -8.5450E-002  -2.4901E-002  -1.0551E-001  -2.3200E-002  -2.9988E-001   1.3595E-001   8.0412E-003  -2.9456E-002   3.3059E-002   4.7137E-002   1.1341E-001   6.3301E-001  -4.2998E-003   2.6948E+000   6.8699E+000  
 1.1541E+000  -3.5576E-001   1.6090E+000   1.9491E-001  -1.1167E-001  -1.5410E-001  -3.4158E-002   2.4022E-004  -1.1550E-002  -5.0379E-002   2.9312E-003  -8.7595E-002  -2.3673E-002  -1.9270E-001   1.1631E-001   1.0995E-002  -2.6213E-002   1.8748E-002   2.8438E-002   1.2733E-001   5.6105E-001  -1.4595E-002   2.8002E+000   7.1104E+000  
 6.8097E-001  -3.8688E-001   1.2995E+000   1.5643E-001  -1.0996E-001  -9.2546E-002  -2.0144E-002  -9.4890E-004  -7.8542E-003  -2.3544E-002   2.5296E-002  -7.5000E-002  -1.9914E-002  -9.7502E-002   9.0899E-002   1.0418E-002  -1.9627E-002   5.4918E-003   1.4355E-002   1.3973E-001   4.5569E-001  -1.7044E-002   2.8928E+000   7.1277E+000  
 3.0856E-001  -4.0776E-001   9.0921E-001   1.1581E-001  -8.6725E-002  -1.0647E-002  -1.1871E-002  -2.2576E-003  -4.2843E-003  -5.7413E-003   4.1473E-002  -6.3515E-002  -1.3787E-002  -2.4724E-002   6.2207E-002   1.0707E-002  -1.2117E-002  -3.3580E-003   6.0807E-003   1.4860E-001   3.2306E-001  -1.8987E-002   2.9710E+000   7.1435E+000  
 6.7747E-002  -4.1953E-001   4.6543E-001   8.5083E-002  -4.8170E-002   5.4882E-002  -8.4623E-003  -2.7877E-003  -1.9137E-003   5.1131E-003   4.8319E-002  -5.5505E-002  -7.0292E-003   2.0724E-002   3.2169E-002   1.1907E-002  -6.2345E-003  -7.5292E-003   1.5629E-003   1.5417E-001   1.6844E-001  -2.1203E-002   3.0226E+000   7.0285E+000  
-1.5087E-002  -4.2369E-001   1.3505E-003   7.4606E-002  -2.4973E-003   7.8882E-002  -6.3574E-003  -2.9481E-003  -5.0379E-004   8.4090E-003   5.1383E-002  -5.3818E-002   1.9175E-005   3.7326E-002   3.7843E-004   1.2126E-002   1.1462E-003  -9.1084E-003  -9.7474E-004   1.5667E-001   5.2500E-003  -2.0904E-002   3.0402E+000   6.8332E+000  
 6.4402E-002  -4.2029E-001  -4.6285E-001   8.4725E-002   4.3230E-002   5.5822E-002  -4.1580E-003  -2.6261E-003   7.7816E-004   4.8328E-003   4.8548E-002  -5.5996E-002   7.0581E-003   2.1925E-002  -3.1518E-002   1.1996E-002   8.4705E-003  -7.7357E-003  -3.4490E-003   1.5535E-001  -1.5812E-001  -2.1392E-002   3.0233E+000   6.9909E+000  
 3.0188E-001  -4.0927E-001  -9.0697E-001   1.1512E-001   8.1939E-002  -8.7907E-003  -4.6019E-004  -1.9534E-003   2.7588E-003  -6.3154E-003   4.1909E-002  -6.4452E-002   1.3773E-002  -2.2416E-002  -6.1867E-002   1.0886E-002   1.4221E-002  -3.7544E-003  -7.7807E-003   1.5090E-001  -3.1326E-001  -1.9278E-002   2.9725E+000   7.1093E+000  
 6.7100E-001  -3.8913E-001  -1.2979E+000   1.5541E-001   1.0541E-001  -8.9870E-002   8.2247E-003  -5.4312E-004   5.6902E-003  -2.4427E-002   2.5842E-002  -7.6339E-002   1.9839E-002  -9.4250E-002  -9.1081E-002   1.0680E-002   2.1549E-002   4.9658E-003  -1.5756E-002   1.4292E-001  -4.4672E-001  -1.7346E-002   2.8948E+000   7.1277E+000  
 1.1409E+000  -3.5872E-001  -1.6082E+000   1.9354E-001   1.0747E-001  -1.5074E-001   2.2728E-002   6.8496E-004   8.5373E-003  -5.1585E-002   3.5590E-003  -8.9251E-002   2.3560E-002  -1.8874E-001  -1.1717E-001   1.1320E-002   2.7947E-002   1.8205E-002  -2.9415E-002   1.3116E-001  -5.5313E-001  -1.4870E-002   2.8025E+000   7.1118E+000  
 1.6730E+000  -3.1777E-001  -1.8002E+000   2.1727E-001   8.0954E-002  -1.4313E-001   4.6003E-002   4.7947E-003   8.2281E-003  -8.6978E-002  -2.4221E-002  -1.0734E-001   2.3085E-002  -2.9550E-001  -1.3761E-001   8.3752E-003   3.0975E-002   3.2684E-002  -4.7611E-002   1.1748E-001  -6.2628E-001  -4.5773E-003   2.6972E+000   6.8712E+000  
 1.9244E+000  -1.1528E-001  -1.3807E+000   2.0471E-001   7.5439E-003  -1.6700E-002   9.8009E-002   2.0385E-005  -2.8908E-002  -1.1227E-001  -6.2042E-002  -1.3865E-001   1.3283E-003  -3.6941E-001  -1.3758E-001  -7.9622E-003   4.0291E-002   7.1741E-002  -1.0203E-001   9.1912E-002  -6.0700E-001   4.6064E-003   2.5790E+000   6.4994E+000  
 2.4895E+000  -1.5762E-001  -9.7793E-001   1.3536E-001  -1.3369E-001   2.6718E-001   2.0086E-001  -1.7323E-002  -1.6154E-001  -1.1128E-001  -1.1493E-001  -1.8745E-001  -4.9158E-002  -3.3607E-001  -9.8322E-002  -2.8141E-002   2.8700E-002   1.3663E-001  -2.1689E-001   4.1624E-002  -4.1713E-001  -1.4277E-002   2.4287E+000   6.1848E+000  
 2.6133E+000  -1.0688E-001   1.0846E+000   8.0675E-002   3.0865E-001   3.4045E-001  -1.9353E-001  -2.1348E-002   1.4347E-001  -2.1410E-001  -1.3581E-001  -1.5094E-001   9.0407E-002  -2.7812E-001   1.8373E-001  -4.3149E-002  -1.5085E-002   2.6079E-001   1.8953E-001   6.7963E-002   3.5584E-001  -2.2681E-003   2.4056E+000   6.1418E+000  
 2.1105E+000   9.1144E-002   1.5184E+000   1.6576E-001   3.1714E-002   4.9013E-002  -9.6780E-002   1.7749E-003   1.9397E-002  -2.0064E-001  -8.4620E-002  -1.0421E-001   1.2306E-002  -3.1827E-001   2.4890E-001  -2.2413E-002  -1.6564E-003   1.5249E-001   8.3373E-002   1.5553E-001   5.5512E-001  -1.5588E-002   2.5494E+000   6.4677E+000  
 1.8115E+000  -5.0219E-001   1.7353E+000   2.0267E-001  -1.2330E-001  -8.3437E-002  -5.6563E-002   9.2006E-003  -1.0757E-002  -1.5383E-001  -4.0571E-002  -8.5776E-002  -2.7931E-002  -2.5016E-001   2.5885E-001   1.6790E-003  -7.6793E-003   7.5786E-002   3.4941E-002   2.1552E-001   5.9529E-001  -2.4896E-002   2.6650E+000   6.7500E+000  
 1.3465E+000  -6.9025E-001   1.5545E+000   2.0328E-001  -1.9310E-001  -9.4094E-002  -3.8813E-002   7.4239E-003  -1.0046E-002  -9.4932E-002  -1.6134E-003  -7.7591E-002  -4.2761E-002  -1.4966E-001   2.2992E-001   1.4964E-002  -2.3574E-002   3.2380E-002   1.7536E-002   2.4986E-001   5.4133E-001  -1.7035E-002   2.7669E+000   6.8311E+000  
 8.9545E-001  -7.5240E-001   1.2607E+000   1.7585E-001  -1.9596E-001  -3.1254E-002  -2.1621E-002   2.2646E-003  -5.4090E-003  -4.2234E-002   1.9086E-002  -6.4656E-002  -3.5940E-002  -5.5851E-002   1.7815E-001   1.8081E-002  -1.8877E-002   7.3716E-003   7.9267E-003   2.7465E-001   4.4001E-001  -1.6265E-002   2.8545E+000   6.9850E+000  
 5.3942E-001  -7.9447E-001   8.8450E-001   1.4129E-001  -1.5652E-001   5.0412E-002  -1.4379E-002  -8.4804E-004  -3.2760E-003  -3.9573E-003   3.3628E-002  -5.2419E-002  -2.5709E-002   1.6977E-002   1.2394E-001   2.0317E-002  -1.1065E-002  -9.0677E-003   2.2911E-003   2.9018E-001   3.1158E-001  -1.9364E-002   2.9251E+000   7.0302E+000  
 3.0931E-001  -8.1870E-001   4.5317E-001   1.1469E-001  -8.6988E-002   1.1639E-001  -9.7715E-003  -2.6225E-003  -9.8973E-004   1.7423E-002   4.0662E-002  -4.4238E-002  -1.3072E-002   6.2412E-002   6.2818E-002   2.2386E-002  -5.9413E-003  -1.7949E-002   1.2045E-004   3.0188E-001   1.6357E-001  -2.1958E-002   2.9738E+000   6.9384E+000  
 2.3073E-001  -8.2778E-001   9.3097E-004   1.0664E-001  -3.2357E-003   1.4069E-001  -6.2522E-003  -4.2927E-003  -5.8301E-004   2.4574E-002   4.5247E-002  -4.2091E-002   2.7235E-004   7.8907E-002   8.0969E-004   2.1266E-002   1.1619E-003  -2.0809E-002  -8.5732E-004   3.0587E-001   5.7866E-003  -2.0217E-002   2.9904E+000   6.7783E+000  
 3.0593E-001  -8.1963E-001  -4.5142E-001   1.1439E-001   8.0573E-002   1.1729E-001  -2.6529E-003  -2.3772E-003  -3.2893E-004   1.7196E-002   4.0844E-002  -4.4679E-002   1.3593E-002   6.3805E-002  -6.1324E-002   2.2350E-002   8.2063E-003  -1.8197E-002  -1.7768E-003   3.0317E-001  -1.5220E-001  -2.2144E-002   2.9746E+000   6.9002E+000  
 5.3267E-001  -7.9632E-001  -8.8308E-001   1.4069E-001   1.5028E-001   5.2201E-002   2.2219E-003  -3.5888E-004   1.5162E-003  -4.4237E-003   3.3952E-002  -5.3264E-002   2.6169E-002   1.9667E-002  -1.2280E-001   2.0275E-002   1.3213E-002  -9.5367E-003  -3.7538E-003   2.9265E-001  -3.0077E-001  -1.9669E-002   2.9267E+000   6.9957E+000  
 8.8538E-001  -7.5515E-001  -1.2598E+000   1.7499E-001   1.9000E-001  -2.8673E-002   9.8210E-003   2.9405E-003   2.9277E-003  -4.2952E-002   1.9522E-002  -6.5858E-002   3.6319E-002  -5.2061E-002  -1.7757E-001   1.8014E-002   2.0835E-002   6.7562E-003  -9.0656E-003   2.7809E-001  -4.3009E-001  -1.6561E-002   2.8567E+000   6.9707E+000  
 1.3332E+000  -6.9386E-001  -1.5544E+000   2.0213E-001   1.8752E-001  -9.0856E-002   2.7423E-002   8.1921E-003   6.6089E-003  -9.5926E-002  -1.0785E-003  -7.9099E-002   4.3037E-002  -1.4502E-001  -2.3009E-001   1.4907E-002   2.5338E-002   3.1719E-002  -1.8246E-002   2.5402E-001  -5.3255E-001  -1.7291E-002   2.7695E+000   6.8327E+000  
 1.7935E+000  -5.0847E-001  -1.7327E+000   2.0104E-001   1.1812E-001  -7.9631E-002   4.5559E-002   9.9152E-003   6.2539E-003  -1.5499E-001  -4.0003E-002  -8.7388E-002   2.8057E-002  -2.4498E-001  -2.5981E-001   1.5872E-003   9.0523E-003   7.5378E-002  -3.5069E-002   2.1985E-001  -5.8776E-001  -2.5260E-002   2.6676E+000   6.7503E+000  
 2.0829E+000   7.5072E-002  -1.4912E+000   1.6361E-001  -3.6648E-002   5.3230E-002   8.6262E-002   2.3664E-003  -2.5013E-002  -2.0179E-001  -8.4020E-002  -1.0580E-001  -1.2453E-002  -3.1273E-001  -2.5031E-001  -2.2482E-002   2.7796E-003   1.5271E-001  -8.2792E-002   1.5908E-001  -5.4865E-001  -1.5900E-002   2.5516E+000   6.4408E+000  
 2.5853E+000  -1.1827E-001  -1.0547E+000   7.8384E-002  -3.1335E-001   3.4482E-001   1.8376E-001  -2.0882E-002  -1.5022E-001  -2.1511E-001  -1.3491E-001  -1.5256E-001  -9.0593E-002  -2.7265E-001  -1.8503E-001  -4.2973E-002   1.6491E-002   2.6183E-001  -1.8821E-001   6.9665E-002  -3.5023E-001  -2.0773E-003   2.4065E+000   6.1162E+000  
 2.1541E+000  -5.7086E-001   2.0092E+000  -6.0128E-001   1.4512E+000   9.0179E-001   4.6097E-001  -3.9336E-001   1.5534E-001   6.2969E-001  -3.3422E-001   1.6571E-001   6.2422E-001   2.3642E-001  -4.3741E-001  -1.0102E-001   1.0495E-001   7.5180E-001   1.5848E-001  -2.3683E-001  -2.9288E-001   6.5511E-002   2.1876E+000   7.6641E+000  
 2.3540E+000   5.9265E-002   1.6703E+000   9.4718E-002   1.7398E-001   1.5016E-001  -7.6209E-002   1.3621E-002   2.7552E-003  -2.5106E-001  -1.1948E-001  -5.0310E-002   4.4301E-002  -2.2439E-001   3.2268E-001  -3.4059E-002   3.7426E-002   2.4239E-001   4.5810E-002   1.9114E-001   4.5302E-001  -2.4584E-002   2.5036E+000   6.3174E+000  
 1.9210E+000   1.3684E-001   1.7675E+000   1.8425E-001  -9.5252E-002  -2.8831E-003  -6.3765E-002   2.9142E-002  -1.6320E-002  -2.0672E-001  -5.6847E-002  -5.9429E-002  -3.5984E-002  -1.7894E-001   3.6694E-001  -2.7596E-003   6.2864E-003   1.1140E-001   9.5856E-003   2.9463E-001   5.4091E-001  -3.1240E-002   2.6197E+000   6.5369E+000  
 1.6435E+000  -9.6920E-001   1.4630E+000   2.0871E-001  -2.1372E-001  -1.7431E-002  -4.4471E-002   2.0820E-002  -7.4110E-003  -1.2281E-001  -1.4493E-002  -6.1452E-002  -5.4404E-002  -8.0403E-002   3.3215E-001   1.1525E-002  -1.5334E-002   4.2823E-002   2.8305E-003   3.5614E-001   5.0624E-001  -1.8486E-002   2.7152E+000   6.8154E+000  
 1.2295E+000  -1.0650E+000   1.1946E+000   1.9735E-001  -2.3731E-001   4.6197E-002  -2.7537E-002   1.3404E-002  -3.3308E-003  -4.5409E-002   8.2951E-003  -4.9869E-002  -4.8212E-002   1.1657E-002   2.6074E-001   1.9168E-002  -1.5910E-002   4.4397E-003  -4.7296E-003   3.8962E-001   4.1462E-001  -1.6131E-002   2.7957E+000   6.8024E+000  
 9.0091E-001  -1.1311E+000   8.4246E-001   1.7388E-001  -1.9631E-001   1.2943E-001  -1.8878E-002   7.2558E-003  -4.8549E-004   1.0946E-002   2.3168E-002  -3.6885E-002  -3.4337E-002   8.4106E-002   1.7907E-001   2.2359E-002  -8.4919E-003  -2.0911E-002  -5.5789E-003   4.1365E-001   2.9547E-001  -1.9428E-002   2.8583E+000   6.8717E+000  
 6.8836E-001  -1.1693E+000   4.3305E-001   1.5560E-001  -1.1068E-001   1.9487E-001  -1.1918E-002   1.9410E-003  -5.2029E-004   4.4529E-002   3.1615E-002  -2.7721E-002  -1.7122E-002   1.2947E-001   9.2425E-002   2.5461E-002  -3.6310E-003  -3.4544E-002  -4.5635E-003   4.2886E-001   1.5497E-001  -2.0493E-002   2.8995E+000   6.8437E+000  
 6.1416E-001  -1.1814E+000   4.3010E-004   1.4987E-001  -3.9389E-003   2.1864E-001  -6.1045E-003  -3.0857E-004  -5.4194E-004   5.5580E-002   3.3279E-002  -2.5436E-002   5.4326E-004   1.4575E-001   1.3686E-003   2.8118E-002   1.1080E-003  -3.8817E-002  -7.9947E-004   4.3461E-001   6.2836E-003  -1.8869E-002   2.9142E+000   6.7537E+000  
 6.8496E-001  -1.1704E+000  -4.3229E-001   1.5536E-001   1.0286E-001   1.9577E-001  -2.0848E-004   2.2793E-003  -7.2316E-004   4.4390E-002   3.1716E-002  -2.8122E-002   1.8169E-002   1.3106E-001  -8.9822E-002   2.5278E-002   5.8119E-003  -3.4849E-002   3.0409E-003   4.3024E-001  -1.4262E-001  -2.0557E-002   2.9004E+000   6.8372E+000  
 8.9411E-001  -1.1333E+000  -8.4202E-001   1.7338E-001   1.8868E-001   1.3119E-001   6.9484E-003   7.8812E-003  -1.2594E-003   1.0664E-002   2.3395E-002  -3.7687E-002   3.5284E-002   8.7179E-002  -1.7685E-001   2.2050E-002   1.0563E-002  -2.1481E-002   4.2267E-003   4.1629E-001  -2.8371E-001  -1.9547E-002   2.8601E+000   6.8685E+000  
 1.2194E+000  -1.0682E+000  -1.1947E+000   1.9658E-001   2.3001E-001   4.8748E-002   1.5875E-002   1.4226E-002   8.0005E-004  -4.5855E-002   8.6900E-003  -5.1039E-002   4.9019E-002   1.6009E-002  -2.5912E-001   1.8827E-002   1.7865E-002   3.6676E-003   3.6884E-003   3.9332E-001  -4.0381E-001  -1.6262E-002   2.7981E+000   6.8017E+000  
 1.6301E+000  -9.7337E-001  -1.4638E+000   2.0763E-001   2.0681E-001  -1.4230E-002   3.3168E-002   2.1786E-002   3.8575E-003  -1.2344E-001  -1.3968E-002  -6.2954E-002   5.5068E-002  -7.5033E-002  -3.3138E-001   1.1213E-002   1.7155E-002   4.1958E-002  -3.3809E-003   3.6056E-001  -4.9663E-001  -1.8630E-002   2.7180E+000   6.8169E+000  
 1.8931E+000   1.2399E-001  -1.7453E+000   1.8273E-001   8.8751E-002   9.2935E-004   5.2818E-002   3.0231E-002   1.1736E-002  -2.0745E-001  -5.6281E-002  -6.0992E-002   3.6449E-002  -1.7296E-001  -3.6695E-001  -2.9614E-003  -4.7855E-003   1.1071E-001  -9.2681E-003   2.9901E-001  -5.3267E-001  -3.1536E-002   2.6226E+000   6.5038E+000  
 2.3254E+000   4.7150E-002  -1.6400E+000   9.2710E-002  -1.8017E-001   1.5456E-001   6.5588E-002   1.4691E-002  -8.3704E-003  -2.5163E-001  -1.1884E-001  -5.1695E-002  -4.4049E-002  -2.1823E-001  -3.2300E-001  -3.4158E-002  -3.6189E-002   2.4236E-001  -4.4500E-002   1.9443E-001  -4.4601E-001  -2.4791E-002   2.5059E+000   6.2857E+000  
 2.1235E+000  -5.8061E-001  -1.9790E+000  -6.0484E-001  -1.4590E+000   9.0936E-001  -4.7275E-001  -3.9286E-001  -1.5985E-001   6.3232E-001  -3.3326E-001   1.6552E-001  -6.2466E-001   2.4132E-001   4.4082E-001  -1.0072E-001  -1.0306E-001   7.5334E-001  -1.5569E-001  -2.3899E-001   2.9917E-001   6.5929E-002   2.1871E+000   7.6812E+000  
-1.5453E+001  -1.2944E+001   2.3614E+001  -8.2272E+000   2.0573E+001   1.1630E+001   6.3855E+000  -3.7970E+000   2.5107E-001   1.6567E+001  -8.9591E-001   1.8502E+000   3.4981E+000   5.3983E+000  -8.9254E+000  -1.4929E-001   2.2321E-001   1.5794E+000   8.6979E-002  -2.5562E+000  -4.5404E+000  -9.1515E-003   9.5976E-001   4.5715E+000  
 2.6790E+000   9.6716E-002   1.7103E+000   4.6765E-002   4.0388E-001   2.4897E-001  -8.7846E-002   7.8719E-002  -6.4278E-002  -2.8551E-001  -1.3217E-001   1.4919E-002   3.0663E-002  -1.3069E-001   3.4956E-001  -5.8299E-003   2.7851E-002   3.0850E-001  -3.3407E-002   1.7543E-001   3.1775E-001   1.0235E-002   2.4402E+000   6.1964E+000  
 2.3295E+000   1.9073E-001   1.8913E+000   1.3844E-001   5.0195E-002   8.0131E-002  -6.0393E-002   6.5611E-002  -4.9418E-002  -2.0931E-001  -8.8768E-002  -5.9225E-003  -2.4696E-002  -7.9896E-002   4.1854E-001  -2.8914E-003   3.2959E-002   1.6437E-001  -4.4638E-002   3.2003E-001   4.3689E-001  -3.0644E-002   2.5549E+000   6.2829E+000  
 1.9823E+000   3.0444E-001   1.8633E+000   2.0411E-001  -1.4866E-001   5.0716E-002  -5.3605E-002   5.3279E-002  -2.6407E-002  -1.1844E-001  -3.5499E-002  -2.7715E-002  -6.2559E-002   6.9190E-003   4.0185E-001   1.8340E-002  -4.7456E-003   5.5752E-002  -3.7193E-002   4.1632E-001   4.4138E-001  -1.1144E-002   2.6461E+000   6.4883E+000  
 1.6532E+000  -1.2914E+000   1.0955E+000   2.1454E-001  -2.1358E-001   1.0513E-001  -3.8839E-002   3.4105E-002  -6.9467E-003  -2.6780E-002  -8.8810E-003  -3.0355E-002  -5.8556E-002   9.7113E-002   3.3389E-001   2.0930E-002  -1.4553E-002  -8.7268E-003  -2.4749E-002   4.7895E-001   3.7936E-001  -6.6786E-003   2.7199E+000   6.5990E+000  
 1.3606E+000  -1.3874E+000   7.8007E-001   2.0426E-001  -1.9100E-001   1.8874E-001  -2.5091E-002   2.1183E-002  -7.0073E-004   5.0052E-002   5.8775E-003  -1.8612E-002  -3.9821E-002   1.7042E-001   2.3213E-001   2.1222E-002  -5.7136E-003  -4.0654E-002  -1.8068E-002   5.1168E-001   2.7010E-001  -1.3111E-002   2.7751E+000   6.7365E+000  
 1.1718E+000  -1.4423E+000   4.0330E-001   1.9321E-001  -1.1239E-001   2.5493E-001  -1.5883E-002   1.5350E-002   2.5569E-004   9.4363E-002   1.7184E-002  -9.1595E-003  -1.9037E-002   2.1644E-001   1.1888E-001   2.3461E-002  -4.2856E-004  -6.1325E-002  -1.1212E-002   5.3047E-001   1.4264E-001  -1.7934E-002   2.8110E+000   6.7966E+000  
 1.1058E+000  -1.4602E+000  -1.4834E-004   1.8926E-001  -4.5950E-003   2.7955E-001  -5.9158E-003   1.3307E-002  -3.6286E-004   1.0836E-001   2.0326E-002  -6.5016E-003   8.0725E-004   2.3296E-001   2.0376E-003   2.4952E-002   9.8062E-004  -6.8097E-002  -8.1873E-004   5.3801E-001   6.7071E-003  -1.8799E-002   2.8228E+000   6.7692E+000  
 1.1684E+000  -1.4435E+000  -4.0367E-001   1.9297E-001   1.0329E-001   2.5584E-001   4.0670E-003   1.5685E-002  -1.1595E-003   9.4344E-002   1.7291E-002  -9.5507E-003   2.0563E-002   2.1821E-001  -1.1493E-001   2.3219E-002   2.4243E-003  -6.1692E-002   9.5868E-003   5.3193E-001  -1.2945E-001  -1.7857E-002   2.8120E+000   6.7897E+000  
 1.3538E+000  -1.3899E+000  -7.8071E-001   2.0377E-001   1.8211E-001   1.9052E-001   1.3396E-002   2.1804E-002  -7.4675E-004   5.0015E-002   6.1264E-003  -1.9413E-002   4.1189E-002   1.7387E-001  -2.2860E-001   2.0799E-002   7.6883E-003  -4.1352E-002   1.6595E-002   5.1449E-001  -2.5753E-001  -1.3006E-002   2.7770E+000   6.7328E+000  
 1.6430E+000  -1.2950E+000  -1.0966E+000   2.1380E-001   2.0500E-001   1.0768E-001   2.7405E-002   3.5064E-002   4.7294E-003  -2.6864E-002  -8.5189E-003  -3.1570E-002   5.9776E-002   1.0203E-001  -3.3106E-001   2.0526E-002   1.6540E-002  -9.6985E-003   2.3760E-002   4.8279E-001  -3.6777E-001  -6.5576E-003   2.7226E+000   6.5985E+000  
 1.9557E+000   2.9998E-001  -1.8618E+000   2.0309E-001   1.4050E-001   5.3974E-002   4.2479E-002   5.4527E-002   2.3204E-002  -1.1860E-001  -3.5045E-002  -2.9223E-002   6.3637E-002   1.2897E-002  -3.9983E-001   1.8044E-002   6.6762E-003   5.4626E-002   3.6959E-002   4.2066E-001  -4.3106E-001  -1.1113E-002   2.6491E+000   6.4903E+000  
 2.3011E+000   1.8666E-001  -1.8703E+000   1.3706E-001  -5.7850E-002   8.4095E-002   4.9548E-002   6.7094E-002   4.5191E-002  -2.0947E-001  -8.8239E-002  -7.4497E-003   2.5665E-002  -7.3398E-002  -4.1724E-001  -3.1008E-003  -3.1336E-002   1.6337E-001   4.5493E-002   3.2410E-001  -4.2806E-001  -3.0814E-002   2.5579E+000   6.2472E+000  
 2.6501E+000   9.1458E-002  -1.6787E+000   4.5154E-002  -4.1094E-001   2.5363E-001   7.7410E-002   8.0426E-002   5.9143E-002  -2.8556E-001  -1.3139E-001   1.3563E-002  -2.9644E-002  -1.2425E-001  -3.4857E-001  -5.8720E-003  -2.6328E-002   3.0796E-001   3.5481E-002   1.7822E-001  -3.1035E-001   1.0167E-002   2.4424E+000   6.2220E+000  
-1.5410E+001  -1.2878E+001  -2.3503E+001  -8.1854E+000  -2.0487E+001   1.1631E+001  -6.3610E+000  -3.7665E+000  -2.0996E-001   1.6514E+001  -8.8847E-001   1.8436E+000  -3.4723E+000   5.3576E+000   8.9238E+000  -1.4753E-001  -2.1851E-001   1.5704E+000  -8.1003E-002  -2.5728E+000   4.5284E+000  -9.0492E-003   9.5685E-001   4.5416E+000  
 2.5399E+000   1.5447E-001   1.7905E+000   1.8967E-001   9.1210E-003   6.4731E-002  -8.0887E-002   1.2171E-001  -8.6846E-002  -8.2779E-002  -5.4768E-002   1.6088E-002  -8.8157E-002   9.0283E-002   4.2622E-001   3.7234E-002  -6.2759E-003   5.6968E-002  -1.1013E-001   4.1235E-001   3.4625E-001   7.6164E-003   2.5609E+000   6.2071E+000  
 2.2712E+000  -8.6492E-002   1.3165E+000   2.1248E-001  -1.1075E-001   1.0317E-001  -5.8356E-002   7.9651E-002  -3.4796E-002   2.5943E-002  -3.0570E-002  -5.9394E-003  -7.4099E-002   1.8825E-001   3.7601E-001   3.0000E-002  -1.6300E-002  -2.8845E-002  -6.7003E-002   5.1319E-001   3.1975E-001   9.8922E-003   2.6305E+000   6.3891E+000  
 1.9128E+000  -1.3716E+000   7.3275E-001   2.1779E-001  -1.3594E-001   1.8194E-001  -3.9914E-002   6.0056E-002  -1.5034E-002   1.1720E-001  -1.3059E-002  -3.0340E-003  -5.5420E-002   2.6076E-001   2.6698E-001   2.7492E-002  -1.1019E-002  -7.4866E-002  -4.3540E-002   5.6447E-001   2.3720E-001   2.0558E-003   2.6790E+000   6.5689E+000  
 1.7196E+000  -1.6017E+000   3.6074E-001   2.0553E-001  -8.4141E-002   2.4481E-001  -1.9900E-002   4.5037E-002  -7.7305E-004   1.7479E-001  -8.1424E-003  -1.1890E-003  -2.0931E-002   3.1316E-001   1.4159E-001   1.3891E-002   8.1618E-004  -9.8702E-002  -1.6995E-002   6.0037E-001   1.2934E-001  -2.0147E-002   2.7099E+000   6.6740E+000  
 1.6643E+000  -1.6281E+000  -7.7936E-004   2.0440E-001  -5.1527E-003   2.6872E-001  -5.7693E-003   4.1271E-002  -4.1417E-005   1.9410E-001  -1.3818E-003   2.9235E-004   9.8253E-004   3.2833E-001   2.7936E-003   1.0867E-002   8.6617E-004  -1.0616E-001  -1.0097E-003   6.0964E-001   7.0043E-003  -2.2777E-002   2.7197E+000   6.6291E+000  
 1.7162E+000  -1.6030E+000  -3.6239E-001   2.0512E-001   7.3846E-002   2.4565E-001   8.4095E-003   4.5307E-002   4.8824E-004   1.7488E-001  -8.0839E-003  -1.7291E-003   2.2773E-002   3.1507E-001  -1.3624E-001   1.3633E-002   9.2488E-004  -9.9150E-002   1.5043E-002   6.0183E-001  -1.1556E-001  -2.0180E-002   2.7109E+000   6.6677E+000  
 1.9045E+000  -1.3740E+000  -7.4065E-001   2.1716E-001   1.2585E-001   1.8362E-001   2.8580E-002   6.0700E-002   1.4248E-002   1.1734E-001  -1.2976E-002  -4.0684E-003   5.7113E-002   2.6443E-001  -2.6215E-001   2.7093E-002   1.2924E-002  -7.5844E-002   4.1916E-002   5.6716E-001  -2.2412E-001   2.1683E-003   2.6810E+000   6.5665E+000  
 2.2484E+000  -9.0650E-002  -1.3346E+000   2.1169E-001   1.0103E-001   1.0563E-001   4.7262E-002   8.0672E-002   3.3225E-002   2.6115E-002  -3.0388E-002  -7.4151E-003   7.5725E-002   1.9342E-001  -3.7191E-001   2.9604E-002   1.8347E-002  -3.0258E-002   6.6011E-002   5.1680E-001  -3.0773E-001   1.0107E-002   2.6332E+000   6.3888E+000  
 2.5133E+000   1.4892E-001  -1.7869E+000   1.8882E-001  -1.8197E-002   6.8014E-002   7.0133E-002   1.2321E-001   8.4434E-002  -8.2618E-002  -5.4411E-002   1.4395E-002   8.9890E-002   9.6346E-002  -4.2282E-001   3.6995E-002   8.3813E-003   5.5285E-002   1.1020E-001   4.1614E-001  -3.3558E-001   7.7576E-003   2.5638E+000   6.1842E+000  
 3.0715E+000  -1.6942E-001   1.3859E+000   9.7960E-002   2.8179E-001  -3.8080E-002  -1.1924E-001   2.1009E-001  -2.0887E-001  -1.2739E-002  -1.1370E-001   3.9626E-002  -9.9449E-002   1.3657E-001   3.7019E-001  -4.1336E-003   1.7736E-002   3.4009E-002  -2.0789E-001   2.9374E-001   2.0654E-001  -3.3617E-002   2.4498E+000   5.9391E+000  
 2.8616E+000  -6.2792E-001   1.0512E+000   1.8009E-001   4.8211E-002  -2.0906E-002  -1.1029E-001   1.6951E-001  -1.3476E-001   9.3457E-002  -6.1070E-002   4.3721E-003  -1.2710E-001   2.2404E-001   3.4668E-001   3.0639E-002  -2.9673E-002  -8.6465E-002  -1.6153E-001   4.2716E-001   2.2450E-001   6.1770E-003   2.5207E+000   6.1085E+000  
 2.6614E+000  -9.8437E-001   6.7622E-001   1.7767E-001  -2.5482E-002   3.4301E-002  -7.0361E-002   1.1310E-001  -6.2067E-002   1.9797E-001  -5.3532E-002  -1.9491E-002  -8.0714E-002   3.1618E-001   2.6945E-001   7.9304E-003  -2.3304E-002  -1.4825E-001  -9.5007E-002   5.2674E-001   1.8399E-001  -1.8430E-003   2.5703E+000   6.2228E+000  
 2.5335E+000  -1.1805E+000   3.5422E-001   1.6714E-001  -3.2279E-002   8.9187E-002  -3.5820E-002   8.2824E-002  -2.2074E-002   2.6530E-001  -4.9858E-002  -2.9780E-002  -3.6717E-002   3.7314E-001   1.4755E-001  -1.8513E-002  -9.3230E-003  -1.7953E-001  -4.3393E-002   5.8237E-001   1.0711E-001  -2.5855E-002   2.5992E+000   6.3959E+000  
 2.4898E+000  -1.2849E+000  -3.0050E-002   1.6615E-001  -5.7965E-003   1.1514E-001  -5.6555E-003   7.7700E-002   3.4135E-004   2.9121E-001  -4.4846E-002  -2.7178E-002   8.5626E-004   3.9716E-001   3.2289E-003  -2.3771E-002   7.5478E-004  -1.8586E-001  -1.3471E-003   5.9976E-001   7.0503E-003  -3.3806E-002   2.6078E+000   6.3815E+000  
 2.5249E+000  -1.1812E+000  -4.1277E-001   1.6674E-001   2.0835E-002   8.9953E-002   2.4660E-002   8.3107E-002   2.2638E-002   2.6539E-001  -4.9847E-002  -3.0460E-002   3.8554E-002   3.7499E-001  -1.4121E-001  -1.8620E-002   1.0941E-002  -1.8024E-001   4.0932E-002   5.8362E-001  -9.3329E-002  -2.5829E-002   2.6003E+000   6.3914E+000  
 2.6450E+000  -9.8622E-001  -7.2046E-001   1.7689E-001   1.4322E-002   3.5739E-002   5.9418E-002   1.1361E-001   6.2082E-002   1.9808E-001  -5.3610E-002  -2.0904E-002   8.2618E-002   3.1969E-001  -2.6361E-001   7.6501E-003   2.5108E-002  -1.4971E-001   9.2971E-002   5.2902E-001  -1.7109E-001  -1.7848E-003   2.5724E+000   6.2217E+000  
 2.8389E+000  -6.2695E-001  -1.0688E+000   1.7930E-001  -5.8734E-002  -1.8715E-002   9.9657E-002   1.7049E-001   1.3416E-001   9.3543E-002  -6.1110E-002   2.4275E-003   1.2923E-001   2.2873E-001  -3.4142E-001   3.0395E-002   3.1755E-002  -8.8599E-002   1.6041E-001   4.2990E-001  -2.1280E-001   6.3534E-003   2.5232E+000   6.0844E+000  
 3.0448E+000  -1.6968E-001  -1.3858E+000   9.6684E-002  -2.9185E-001  -3.5144E-002   1.0867E-001   2.1127E-001   2.0723E-001  -1.2538E-002  -1.1392E-001   3.7250E-002   1.0135E-001   1.4217E-001  -3.6568E-001  -4.7871E-003  -1.5946E-002   3.1607E-002   2.0776E-001   2.9649E-001  -1.9626E-001  -3.3907E-002   2.4523E+000   5.9157E+000  
 2.1921E+001   2.2202E+001  -1.2133E+001   7.8199E+000  -1.8772E+001   1.0991E+001  -3.8758E+000   6.6807E+000  -1.7411E+001   1.9139E-001   3.8552E-001   1.8389E+000  -3.3280E+000  -5.1739E+000  -9.1665E+000   2.1502E-002  -3.3002E-002  -5.8507E-002  -1.3993E+000  -4.5378E+000  -2.7314E+000  -2.7029E-002   9.1337E-001   4.0880E+000  
 4.0102E+000   2.5087E-001   1.7898E-001   6.5299E-001  -6.0132E-001   9.1343E-002  -5.8281E-001   9.0853E-001  -1.2393E+000   1.0328E-001   3.8199E-002   2.1107E-001  -6.7770E-001  -2.5250E-001  -4.1927E-001   6.3804E-002  -7.8440E-002  -2.1680E-001  -6.4612E-001  -3.2194E-001  -1.9939E-001  -8.6738E-002   2.2144E+000   7.6826E+000  
 3.1830E+000  -1.1225E+000   3.5925E-001   5.1726E-002   1.1889E-001  -3.5388E-001  -1.2813E-001   1.6710E-001  -1.7455E-001   2.4761E-001  -1.2089E-001  -1.0030E-001  -1.3135E-001   2.5965E-001   2.1636E-001  -4.7824E-002  -3.2510E-002  -2.8897E-001  -1.7774E-001   3.3344E-001   1.0528E-001  -1.5696E-002   2.4369E+000   5.8921E+000  
 3.0524E+000  -1.4831E+000   2.5877E-001   4.6341E-002   3.2046E-002  -3.1682E-001  -6.9017E-002   1.1525E-001  -8.2408E-002   3.1971E-001  -1.1487E-001  -1.2069E-001  -7.3227E-002   3.2088E-001   1.1750E-001  -5.8747E-002  -2.3269E-002  -3.3583E-001  -9.3043E-002   4.0147E-001   6.4622E-002  -1.1073E-002   2.4653E+000   5.9480E+000  
 3.0079E+000  -1.6147E+000  -3.0303E-002   3.7689E-002  -6.4753E-003  -3.0378E-001  -5.5641E-003   9.3255E-002   5.5198E-004   3.4581E-001  -1.1510E-001  -1.3147E-001   6.4301E-004   3.4372E-001   3.2184E-003  -7.2045E-002   7.3685E-004  -3.4814E-001  -1.8710E-003   4.2597E-001   6.3300E-003  -1.3577E-002   2.4755E+000   6.0315E+000  
 3.0440E+000  -1.4819E+000  -3.1627E-001   4.6335E-002  -4.4668E-002  -3.1610E-001   5.8108E-002   1.1560E-001   8.3602E-002   3.1968E-001  -1.1464E-001  -1.2126E-001   7.4839E-002   3.2238E-001  -1.1101E-001  -5.8209E-002   2.4925E-002  -3.3691E-001   8.9721E-002   4.0221E-001  -5.2163E-002  -1.0498E-002   2.4663E+000   5.9440E+000  
 3.1668E+000  -1.1213E+000  -4.0359E-001   5.1631E-002  -1.3080E-001  -3.5242E-001   1.1769E-001   1.6786E-001   1.7569E-001   2.4757E-001  -1.2057E-001  -1.0149E-001   1.3356E-001   2.6255E-001  -2.0995E-001  -4.7105E-002   3.4436E-002  -2.9093E-001   1.7532E-001   3.3479E-001  -9.3472E-002  -1.5003E-002   2.4386E+000   5.8662E+000  
 3.9857E+000   2.4646E-001  -1.9421E-001   6.5040E-001   5.8981E-001   8.8756E-002   5.7268E-001   9.0659E-001   1.2384E+000   9.8081E-002   3.7648E-002   2.0655E-001   6.7989E-001  -2.5300E-001   4.2247E-001   6.3664E-002   8.0298E-002  -2.2133E-001   6.4408E-001  -3.2341E-001   2.0648E-001  -8.6202E-002   2.2150E+000   7.7515E+000  
 2.1829E+001   2.2112E+001   1.2104E+001   7.7842E+000   1.8717E+001   1.0925E+001   3.8537E+000   6.6497E+000   1.7363E+001   1.5015E-001   3.8075E-001   1.8231E+000   3.3181E+000  -5.1882E+000   9.1350E+000   1.8958E-002   3.4039E-002  -6.1999E-002   1.3932E+000  -4.5430E+000   2.7179E+000  -2.6909E-002   9.1186E-001   4.1015E+000  
