 6.5754E+000  -1.0098E+001   2.2504E+000   6.8378E-001   1.7790E-001   6.0769E-001  -3.1491E-001  -1.9937E+000  -6.2707E-001  -4.6402E-002  -1.3457E-001   7.9745E-002   1.4716E-001  -2.9599E-003   2.5175E-001   2.0586E-001   3.5934E-003  -1.0804E-001  -1.2209E-001  -9.1835E-003  -4.2951E-003  -1.1254E-002   1.0988E-001   6.0196E-001  
 6.0830E+000  -9.0666E+000   2.6084E+000   3.6811E-001  -9.3184E-003   3.0673E-001  -9.3480E-002  -1.5674E+000  -2.0547E-001  -5.7271E-002  -1.4971E-001  -9.1177E-002  -2.1552E-002   5.3484E-002   7.5403E-002   2.1610E-001   5.6642E-004  -5.0295E-002  -7.1053E-003  -2.3717E-002   2.1524E-002   2.6811E-003   1.0660E-001   6.5680E-001  
 6.0680E+000  -8.5285E+000   1.7713E+000   3.9846E-001   1.0361E-001   3.6169E-001  -5.3222E-002  -1.5279E+000  -1.2580E-001  -1.0220E-001  -1.2968E-001  -9.8331E-002  -1.8234E-002   5.6524E-002   4.8432E-002   2.1916E-001   1.0742E-003  -3.4969E-002   2.6056E-003  -7.8835E-003   2.4863E-002   4.5553E-003   1.0038E-001   6.3671E-001  
 6.0643E+000  -8.1629E+000   1.0169E+000   4.2559E-001   1.3863E-001   4.2233E-001  -2.7233E-002  -1.5192E+000  -6.4210E-002  -1.3457E-001  -1.1314E-001  -9.2679E-002  -8.3135E-003   6.0733E-002   3.6657E-002   2.1642E-001   5.4711E-004  -2.9641E-002   1.6291E-003   2.6975E-003   1.3967E-002   4.9845E-003   9.6382E-002   6.1906E-001  
 6.0717E+000  -8.0481E+000  -4.8462E-002   4.3384E-001   1.2529E-001   4.4451E-001  -4.2227E-003  -1.5163E+000  -2.7786E-003  -1.4456E-001  -1.0778E-001  -9.0794E-002  -1.1508E-003   6.2001E-002   2.5147E-002   2.1562E-001   6.3831E-004  -2.7943E-002   4.5642E-004   6.4257E-003  -2.6121E-004   5.0763E-003   9.4480E-002   5.9692E-001  
 6.0595E+000  -8.1726E+000  -1.1102E+000   4.2503E-001   1.1190E-001   4.2122E-001   1.8750E-002  -1.5185E+000   5.8662E-002  -1.3324E-001  -1.1344E-001  -9.3282E-002   6.0219E-003   6.0304E-002   1.3652E-002   2.1699E-001   7.0802E-004  -2.9516E-002  -7.0918E-004   2.3074E-003  -1.4582E-002   4.7639E-003   9.4746E-002   6.1270E-001  
 6.0584E+000  -8.5440E+000  -1.8647E+000   3.9718E-001   1.4692E-001   3.5948E-001   4.4556E-002  -1.5265E+000   1.2011E-001  -9.9640E-002  -1.3039E-001  -9.9537E-002   1.6166E-002   5.5836E-002   2.0326E-003   2.2045E-001   3.8645E-005  -3.4845E-002  -1.8310E-003  -8.7230E-003  -2.5782E-002   3.9777E-003   9.7100E-002   6.2469E-001  
 6.0651E+000  -9.0782E+000  -2.7010E+000   3.6204E-001   2.6340E-001   2.9962E-001   8.2734E-002  -1.5608E+000   1.9560E-001  -5.1588E-002  -1.5234E-001  -9.5577E-002   2.2415E-002   5.2218E-002  -2.1675E-002   2.1947E-001  -2.8560E-004  -4.9270E-002   5.4976E-003  -2.5208E-002  -2.4590E-002   2.0406E-003   1.0245E-001   6.4130E-001  
 6.5289E+000  -1.0077E+001  -2.3537E+000   6.4580E-001   9.2691E-002   5.7527E-001   2.9053E-001  -1.9522E+000   6.0350E-001  -2.7314E-002  -1.4337E-001   5.7787E-002  -1.2958E-001  -9.7827E-003  -1.9188E-001   2.1222E-001  -4.5127E-003  -1.0232E-001   1.0888E-001  -7.5144E-003   1.8958E-004  -1.1640E-002   1.0756E-001   5.9219E-001  
 5.6027E+000  -9.7767E+000   3.3735E+000   3.5655E-001   1.7261E-001   4.5868E-001  -9.9871E-002  -1.5020E+000  -1.2987E-001   7.5947E-002  -1.2082E-001  -9.4509E-002  -3.8506E-002   2.0174E-002   5.5782E-002   2.2233E-001   3.1478E-004  -5.3723E-002  -2.4050E-002  -3.9778E-002   1.9956E-002   2.5308E-003   1.0810E-001   6.4504E-001  
 5.5750E+000  -9.1641E+000   2.8806E+000   4.1264E-001   3.0633E-001   5.1972E-001  -6.7363E-002  -1.4850E+000  -1.0367E-001   5.6433E-003  -8.3613E-002  -8.5821E-002  -1.9431E-002   3.2257E-002   4.8178E-002   2.1747E-001  -3.8334E-003  -4.4605E-002  -1.7577E-002  -2.7968E-002   2.2276E-002   3.5437E-003   9.9841E-002   6.1658E-001  
 5.5549E+000  -8.6373E+000   2.1382E+000   4.4275E-001   3.1687E-001   6.0031E-001  -4.3004E-002  -1.4754E+000  -7.3299E-002  -4.1227E-002  -5.7078E-002  -7.6080E-002  -8.1530E-003   4.0286E-002   4.1534E-002   2.1365E-001  -4.1193E-003  -4.0164E-002  -1.2579E-002  -1.5615E-002   1.8801E-002   4.0742E-003   9.3840E-002   5.9566E-001  
 5.5459E+000  -8.3824E+000   1.0189E+000   4.5661E-001   2.4192E-001   6.6384E-001  -2.2627E-002  -1.4705E+000  -3.8649E-002  -6.8274E-002  -4.0949E-002  -6.8810E-002  -2.9744E-003   4.5463E-002   3.3884E-002   2.1103E-001  -2.0860E-003  -3.8448E-002  -6.3975E-003  -7.0661E-003   1.0541E-002   4.4535E-003   9.0265E-002   5.8537E-001  
 5.5397E+000  -8.2746E+000  -5.1923E-002   4.6029E-001   1.2420E-001   6.8710E-001  -4.0202E-003  -1.4689E+000  -1.8988E-003  -7.6609E-002  -3.5710E-002  -6.6461E-002  -1.0776E-003   4.7132E-002   2.5248E-002   2.1042E-001   7.8236E-004  -3.7995E-002   8.2910E-004  -4.2125E-003   1.9513E-005   4.4490E-003   8.8588E-002   5.5883E-001  
 5.5405E+000  -8.3862E+000  -1.1239E+000   4.5646E-001   6.3993E-003   6.6328E-001   1.4566E-002  -1.4703E+000   3.4887E-002  -6.7284E-002  -4.1055E-002  -6.9036E-002   7.6850E-004   4.5140E-002   1.6618E-002   2.1123E-001   3.6546E-003  -3.8515E-002   8.0650E-003  -7.3225E-003  -1.0610E-002   4.2843E-003   8.8516E-002   5.7894E-001  
 5.5445E+000  -8.6479E+000  -2.2353E+000   4.4235E-001  -6.8685E-002   5.9913E-001   3.4786E-002  -1.4748E+000   6.9478E-002  -3.9205E-002  -5.7367E-002  -7.6606E-002   6.0012E-003   3.9647E-002   9.1121E-003   2.1416E-001   5.6055E-003  -4.0288E-002   1.4085E-002  -1.6109E-002  -1.9237E-002   3.6964E-003   9.0502E-002   5.8374E-001  
 5.5598E+000  -9.1808E+000  -2.9721E+000   4.1186E-001  -5.8320E-002   5.1791E-001   5.8920E-002  -1.4840E+000   9.9717E-002   8.6835E-003  -8.4122E-002  -8.6655E-002   1.7441E-002   3.1386E-002   2.6465E-003   2.1829E-001   5.1798E-003  -4.4805E-002   1.8816E-002  -2.8722E-002  -2.3158E-002   2.9758E-003   9.5381E-002   6.0094E-001  
 5.5833E+000  -9.7935E+000  -3.4618E+000   3.5540E-001   7.5083E-002   4.5619E-001   9.1301E-002  -1.5006E+000   1.2574E-001   8.0073E-002  -1.2144E-001  -9.5692E-002   3.6592E-002   1.9114E-002  -4.6794E-003   2.2333E-001   9.7621E-004  -5.3939E-002   2.4925E-002  -4.0865E-002  -2.1399E-002   1.9411E-003   1.0319E-001   6.2929E-001  
 5.0342E+000  -1.1055E+001   4.0354E+000   3.8832E-001   4.8665E-001   4.9234E-001  -8.1256E-002  -1.4565E+000  -5.1643E-002   8.2555E-002  -5.9820E-002  -8.3534E-002  -2.6792E-002   8.5709E-003   4.1275E-002   2.2013E-001  -8.4455E-003  -3.9779E-002  -4.3098E-002  -3.7710E-002   8.0910E-003   1.1050E-003   1.0240E-001   6.0741E-001  
 4.9673E+000  -1.0496E+001   3.3775E+000   4.1766E-001   5.2126E-001   5.5600E-001  -5.5640E-002  -1.4459E+000  -4.9076E-002   2.7386E-002  -2.4087E-002  -7.2039E-002  -1.0958E-002   1.9665E-002   3.9092E-002   2.1611E-001  -1.0082E-002  -3.6965E-002  -3.3917E-002  -2.8826E-002   1.1780E-002   1.7929E-003   9.5249E-002   5.8825E-001  
 3.6683E+000  -1.1162E+001   1.0089E+000   4.2608E-001   4.4913E-001   6.3773E-001  -3.5833E-002  -1.4388E+000  -3.7570E-002  -9.7576E-003   4.0679E-004  -6.1452E-002  -3.5486E-003   2.8201E-002   3.5627E-002   2.1495E-001  -7.3911E-003  -3.7301E-002  -2.3444E-002  -2.0839E-002   1.0791E-002   3.6294E-004   8.9648E-002   5.6263E-001  
 3.2942E+000  -1.1379E+001   3.5077E-001   4.2644E-001   3.0416E-001   7.0192E-001  -1.9278E-002  -1.4350E+000  -2.0846E-002  -3.1085E-002   1.5340E-002  -5.4013E-002  -8.2101E-004   3.3595E-002   3.1192E-002   2.1460E-001  -3.4467E-003  -3.8331E-002  -1.1885E-002  -1.5490E-002   6.0646E-003  -1.1224E-003   8.5899E-002   5.5416E-001  
 3.2396E+000  -1.1357E+001  -3.7586E-002   4.2555E-001   1.2338E-001   7.2552E-001  -3.9082E-003  -1.4338E+000  -1.1524E-003  -3.7642E-002   2.0072E-002  -5.1486E-002  -8.5783E-004   3.5443E-002   2.5602E-002   2.1474E-001   8.3758E-004  -3.8753E-002   8.7380E-004  -1.3981E-002  -2.4233E-005  -2.0447E-003   8.4020E-002   5.3395E-001  
 3.2915E+000  -1.1377E+001  -4.2587E-001   4.2638E-001  -5.7484E-002   7.0160E-001   1.1400E-002  -1.4349E+000   1.8541E-002  -3.0220E-002   1.5303E-002  -5.4124E-002  -9.2187E-004   3.3290E-002   2.0027E-002   2.1462E-001   5.1018E-003  -3.8423E-002   1.3586E-002  -1.5564E-002  -6.2120E-003  -1.2120E-003   8.4351E-002   5.4847E-001  
 3.6620E+000  -1.1160E+001  -1.0880E+000   4.2594E-001  -2.0266E-001   6.3709E-001   2.7818E-002  -1.4385E+000   3.5285E-002  -8.0077E-003   2.9288E-004  -6.1710E-002   1.7427E-003   2.7593E-002   1.5613E-002   2.1500E-001   9.0186E-003  -3.7509E-002   2.5055E-002  -2.0989E-002  -1.1190E-002   1.9256E-004   8.6806E-002   5.5100E-001  
 4.9511E+000  -1.0502E+001  -3.4698E+000   4.1740E-001  -2.7516E-001   5.5507E-001   4.7486E-002  -1.4454E+000   4.6854E-002   3.0023E-002  -2.4272E-002  -7.2430E-002   9.0254E-003   1.8762E-002   1.2119E-002   2.1616E-001   1.1679E-002  -3.7335E-002   3.5447E-002  -2.9040E-002  -1.2503E-002   1.5617E-003   9.1594E-002   5.7451E-001  
 5.0139E+000  -1.1061E+001  -4.1224E+000   3.8789E-001  -2.4101E-001   4.9107E-001   7.3017E-002  -1.4558E+000   4.9431E-002   8.6161E-002  -6.0038E-002  -8.4131E-002   2.4716E-002   7.4174E-003   9.9777E-003   2.2017E-001   1.0032E-002  -4.0255E-002   4.4429E-002  -3.8076E-002  -9.2522E-003   8.6314E-004   9.8515E-002   5.9302E-001  
 4.8425E+000  -1.2637E+001   2.9541E+000   1.6243E-001   9.7780E-002   9.0230E-001  -2.5934E-001  -1.5684E+000   7.2917E-002   3.6501E-001  -1.8867E-001  -2.6534E-002  -3.2024E-002  -1.0133E-001   1.6342E-002   2.3421E-001   4.7415E-002   1.1807E-004  -1.7004E-001  -3.1479E-002  -2.1491E-002  -1.5619E-002   1.3828E-001   6.5340E-001  
 4.6556E+000  -1.2203E+001   3.7940E+000   2.5660E-001   3.7264E-001   5.3808E-001  -1.4649E-001  -1.4546E+000   6.9980E-002   2.0807E-001  -1.1307E-001  -8.4371E-002  -7.6525E-002  -3.0178E-002   2.6312E-002   2.2853E-001   3.3704E-003  -2.8726E-002  -8.4619E-002  -3.4080E-002  -2.0153E-002  -3.9899E-003   1.1744E-001   6.6548E-001  
 4.4937E+000  -1.2155E+001   4.2567E+000   3.4031E-001   5.8620E-001   4.0270E-001  -9.8479E-002  -1.4362E+000   2.5932E-002   1.2979E-001  -5.6767E-002  -8.5390E-002  -4.5381E-002  -1.1543E-002   2.7709E-002   2.2425E-001  -1.0289E-002  -2.2796E-002  -6.6860E-002  -3.5022E-002  -9.6138E-003  -1.8814E-003   1.0677E-001   6.2194E-001  
 4.3474E+000  -1.1991E+001   4.2815E+000   3.7453E-001   6.6528E-001   3.9769E-001  -6.7083E-002  -1.4237E+000   7.5121E-005   7.2763E-002  -1.3102E-002  -7.6081E-002  -2.3643E-002   1.3045E-003   2.8918E-002   2.2144E-001  -1.4862E-002  -2.1177E-002  -5.3580E-002  -3.2147E-002  -6.3613E-004  -1.8304E-003   9.8407E-002   5.8391E-001  
 2.9101E+000  -1.1781E+001   1.1252E+000   3.7844E-001   6.3117E-001   4.6117E-001  -4.5758E-002  -1.4147E+000  -1.1469E-002   3.2089E-002   1.9456E-002  -6.3485E-002  -1.0574E-002   1.1272E-002   3.0024E-002   2.2059E-001  -1.3118E-002  -2.3563E-002  -4.1392E-002  -2.7255E-002   3.7345E-003  -4.0881E-003   9.1511E-002   5.6062E-001  
 2.6247E+000  -1.1704E+001   7.8605E-001   3.6839E-001   5.1061E-001   5.4295E-001  -2.9642E-002  -1.4082E+000  -1.2626E-002   4.7897E-003   4.1887E-002  -5.2301E-002  -4.1754E-003   1.8936E-002   2.9622E-002   2.2199E-001  -8.1519E-003  -2.7335E-002  -2.7847E-002  -2.3068E-002   4.3452E-003  -8.6469E-003   8.5484E-002   5.2484E-001  
 2.4394E+000  -1.1659E+001   3.8726E-001   3.5728E-001   3.3078E-001   6.0714E-001  -1.6240E-002  -1.4045E+000  -7.8824E-003  -1.0686E-002   5.5670E-002  -4.4735E-002  -1.4577E-003   2.3646E-002   2.8070E-002   2.2348E-001  -3.2152E-003  -3.0108E-002  -1.3630E-002  -2.0443E-002   2.6688E-003  -1.2661E-002   8.1109E-002   5.0291E-001  
 2.3751E+000  -1.1644E+001  -3.6805E-002   3.5269E-001   1.2268E-001   6.3083E-001  -3.8737E-003  -1.4033E+000  -4.2916E-004  -1.5376E-002   6.0246E-002  -4.2060E-002  -5.9826E-004   2.5083E-002   2.5988E-002   2.2399E-001   8.0963E-004  -3.1007E-002   6.5071E-004  -1.9546E-002  -2.6275E-004  -1.4342E-002   7.9151E-002   4.8993E-001  
 2.4369E+000  -1.1657E+001  -4.6079E-001   3.5718E-001  -8.5511E-002   6.0699E-001   8.4641E-003  -1.4044E+000   7.0516E-003  -9.9037E-003   5.5649E-002  -4.4836E-002   2.2370E-004   2.3358E-002   2.3891E-002   2.2343E-001   4.8261E-003  -3.0174E-002   1.4937E-002  -2.0363E-002  -3.2491E-003  -1.2732E-002   7.9929E-002   4.9786E-001  
 2.6196E+000  -1.1701E+001  -8.5935E-001   3.6821E-001  -2.6557E-001   5.4266E-001   2.1774E-002  -1.4080E+000   1.1848E-002   6.3762E-003   4.1819E-002  -5.2520E-002   2.8204E-003   1.8349E-002   2.2289E-002   2.2183E-001   9.7560E-003  -2.7514E-002   2.9153E-002  -2.2902E-002  -5.0810E-003  -8.7468E-003   8.3444E-002   5.1153E-001  
 2.9024E+000  -1.1776E+001  -1.1981E+000   3.7818E-001  -3.8653E-001   4.6078E-001   3.7754E-002  -1.4144E+000   1.0770E-002   3.4483E-002   1.9339E-002  -6.3816E-002   8.9938E-003   1.0377E-002   2.1777E-002   2.2032E-001   1.4730E-002  -2.3929E-002   4.2699E-002  -2.6998E-002  -4.7004E-003  -4.1498E-003   8.9128E-002   5.4623E-001  
 4.3268E+000  -1.1997E+001  -4.3688E+000   3.7416E-001  -4.2117E-001   3.9717E-001   5.8992E-002  -1.4232E+000  -7.0465E-004   7.6054E-002  -1.3235E-002  -7.6567E-002   2.1809E-002   9.9523E-005   2.2806E-002   2.2108E-001   1.6500E-002  -2.1681E-002   5.4807E-002  -3.1848E-002  -6.7462E-004  -1.8444E-003   9.6149E-002   5.7134E-001  
 4.4696E+000  -1.2156E+001  -4.3298E+000   3.3992E-001  -3.4285E-001   4.0192E-001   9.0536E-002  -1.4356E+000  -2.6566E-002   1.3418E-001  -5.6779E-002  -8.6153E-002   4.3121E-002  -1.3043E-002   2.4063E-002   2.2374E-001   1.2145E-002  -2.3316E-002   6.7834E-002  -3.4851E-002   7.8671E-003  -1.7352E-003   1.0518E-001   6.1548E-001  
 4.6293E+000  -1.2197E+001  -3.8645E+000   2.5674E-001  -1.3064E-001   5.3665E-001   1.3933E-001  -1.4540E+000  -7.0780E-002   2.1408E-001  -1.1262E-001  -8.5766E-002   7.3346E-002  -3.1954E-002   2.5895E-002   2.2762E-001  -8.0811E-004  -2.8893E-002   8.5145E-002  -3.4355E-002   1.7939E-002  -3.5110E-003   1.1696E-001   6.6459E-001  
 4.8356E+000  -1.2640E+001  -2.9873E+000   1.9440E-001   1.2353E-001   8.8269E-001   2.8725E-001  -1.5836E+000  -7.9661E-002   3.8727E-001  -1.8189E-001  -4.5178E-002   8.7167E-003  -1.0207E-001   4.2245E-002   2.3211E-001  -4.1492E-002   1.3956E-002   1.6636E-001  -3.3349E-002   2.0867E-002  -1.5314E-002   1.3812E-001   6.5678E-001  
 4.2866E+000  -1.3327E+001   3.0717E+000   1.4844E-001   3.8225E-001   7.1712E-001  -1.9813E-001  -1.4443E+000   2.0758E-001   2.2165E-001  -1.3835E-001  -6.5802E-002  -1.0316E-001  -5.6161E-002  -4.1530E-003   2.2731E-001   1.5476E-002   4.4997E-003  -1.1426E-001  -1.4814E-002  -2.5600E-002  -7.5491E-003   1.2718E-001   6.8388E-001  
 4.0425E+000  -1.3554E+001   3.5472E+000   2.6690E-001   6.0429E-001   3.7954E-001  -1.2525E-001  -1.4213E+000   1.2629E-001   1.4215E-001  -7.3394E-002  -8.2362E-002  -7.5761E-002  -2.7453E-002   7.6143E-003   2.2749E-001  -5.3920E-003   3.0014E-003  -8.6307E-002  -2.1951E-002  -2.1562E-002  -5.1467E-003   1.1275E-001   6.4391E-001  
 3.8025E+000  -1.3782E+001   4.1328E+000   3.2290E-001   7.1856E-001   2.4195E-001  -8.2641E-002  -1.4084E+000   6.9042E-002   9.1172E-002  -2.1048E-002  -8.1694E-002  -4.8482E-002  -1.2618E-002   1.2897E-002   2.2593E-001  -1.6897E-002   3.1448E-003  -6.7768E-002  -2.6194E-002  -1.1841E-002  -4.3329E-003   1.0317E-001   5.9850E-001  
 2.5815E+000  -1.2188E+001   1.4852E+000   3.3201E-001   7.2908E-001   2.3573E-001  -5.4876E-002  -1.3979E+000   3.2975E-002   5.3215E-002   1.8456E-002  -7.0897E-002  -2.9217E-002  -2.0256E-003   1.7688E-002   2.2578E-001  -1.8394E-002  -1.1091E-003  -5.3311E-002  -2.6845E-002  -4.0651E-003  -6.9268E-003   9.5269E-002   5.5620E-001  
 2.1735E+000  -1.2115E+001   1.2040E+000   3.1558E-001   6.5380E-001   2.9852E-001  -3.6519E-002  -1.3891E+000   1.3133E-002   2.5815E-002   4.7496E-002  -5.7252E-002  -1.6800E-002   6.3139E-003   2.1684E-002   2.2703E-001  -1.3544E-002  -8.4298E-003  -3.9950E-002  -2.5628E-002  -1.5088E-004  -1.2785E-002   8.7747E-002   5.2191E-001  
 1.8497E+000  -1.2066E+001   8.3614E-001   2.9149E-001   5.1371E-001   3.8009E-001  -2.3907E-002  -1.3829E+000   3.7789E-003   7.8371E-003   6.8226E-002  -4.5116E-002  -8.6519E-003   1.2298E-002   2.4188E-002   2.2808E-001  -7.6844E-003  -1.5056E-002  -2.6583E-002  -2.4113E-002   1.1299E-003  -1.9264E-002   8.1157E-002   4.8299E-001  
 1.6405E+000  -1.2038E+001   4.1179E-001   2.7160E-001   3.2851E-001   4.4438E-001  -1.3655E-002  -1.3792E+000   6.3013E-004  -2.1910E-003   8.1118E-002  -3.6921E-002  -3.7949E-003   1.5889E-002   2.5522E-002   2.2891E-001  -2.7521E-003  -1.9485E-002  -1.3166E-002  -2.2930E-002   7.1593E-004  -2.4833E-002   7.6502E-002   4.5796E-001  
 1.5682E+000  -1.2029E+001  -3.5986E-002   2.6416E-001   1.2205E-001   4.6817E-001  -3.8423E-003  -1.3780E+000   3.6067E-004  -5.1253E-003   8.5355E-002  -3.4170E-002  -4.0000E-004   1.6985E-002   2.6254E-002   2.2912E-001   7.7215E-004  -2.1127E-002   3.4439E-004  -2.2446E-002  -5.4806E-004  -2.6882E-002   7.4614E-002   4.4378E-001  
 1.6381E+000  -1.2036E+001  -4.8370E-001   2.7144E-001  -8.4496E-002   4.4437E-001   5.9600E-003  -1.3792E+000   1.0207E-004  -1.4673E-003   8.1092E-002  -3.7038E-002   2.9592E-003   1.5617E-002   2.6967E-002   2.2880E-001   4.2683E-003  -1.9501E-002   1.3877E-002  -2.2719E-002  -1.8562E-003  -2.4902E-002   7.5789E-002   4.4778E-001  
 1.8449E+000  -1.2063E+001  -9.0783E-001   2.9119E-001  -2.6993E-001   3.8009E-001   1.6160E-002  -1.3827E+000  -3.0049E-003   9.3005E-003   6.8149E-002  -4.5361E-002   7.6920E-003   1.1746E-002   2.8245E-002   2.2785E-001   9.1752E-003  -1.5134E-002   2.7339E-002  -2.3678E-002  -2.3894E-003  -1.9342E-002   8.0044E-002   4.7009E-001  
 2.1663E+000  -1.2110E+001  -1.2753E+000   3.1517E-001  -4.1041E-001   2.9856E-001   2.8655E-002  -1.3888E+000  -1.2285E-002   2.8043E-002   4.7360E-002  -5.7638E-002   1.5610E-002   5.4633E-003   3.0631E-002   2.2665E-001   1.5076E-002  -8.6461E-003   4.0771E-002  -2.4959E-002  -1.2797E-003  -1.2782E-002   8.6733E-002   5.0824E-001  
 2.5720E+000  -1.2182E+001  -1.5560E+000   3.3146E-001  -4.8622E-001   2.3582E-001   4.6904E-002  -1.3974E+000  -3.2034E-002   5.6239E-002   1.8297E-002  -7.1408E-002   2.7734E-002  -3.1882E-003   3.4451E-002   2.2529E-001   1.9967E-002  -1.5157E-003   5.4171E-002  -2.5964E-002   2.4129E-003  -6.8599E-003   9.4742E-002   5.4564E-001  
 3.7791E+000  -1.3773E+001  -4.2053E+000   3.2226E-001  -4.7642E-001   2.4202E-001   7.4772E-002  -1.4077E+000  -6.8083E-002   9.5158E-002  -2.1094E-002  -8.2420E-002   4.6571E-002  -1.4077E-002   3.9141E-002   2.2530E-001   1.8639E-002   2.6507E-003   6.8481E-002  -2.5279E-002   9.9121E-003  -4.1180E-003   1.0349E-001   5.9350E-001  
 4.0173E+000  -1.3536E+001  -3.6132E+000   2.6657E-001  -3.6336E-001   3.7927E-001   1.1797E-001  -1.4207E+000  -1.2544E-001   1.4757E-001  -7.3052E-002  -8.3619E-002   7.3019E-002  -2.9242E-002   4.4661E-002   2.2653E-001   7.7222E-003   2.7730E-003   8.6704E-002  -2.1330E-002   1.9254E-002  -4.6313E-003   1.1420E-001   6.4919E-001  
 4.2647E+000  -1.3303E+001  -3.1191E+000   1.5341E-001  -1.4745E-001   7.1161E-001   1.9708E-001  -1.4460E+000  -2.0916E-001   2.3389E-001  -1.3586E-001  -7.0807E-002   9.6373E-002  -5.8122E-002   6.0872E-002   2.2537E-001  -1.1005E-002   7.2099E-003   1.1318E-001  -1.6975E-002   2.2159E-002  -7.2230E-003   1.2959E-001   6.9242E-001  
 3.7244E+000  -1.4153E+001   2.7158E+000   1.4794E-001   6.0142E-001   5.4473E-001  -1.7420E-001  -1.4074E+000   2.4975E-001   1.1200E-001  -1.0937E-001  -6.3187E-002  -1.1170E-001  -3.9549E-002  -2.1084E-002   2.2716E-001   1.0952E-002   3.7707E-002  -1.0222E-001  -3.5817E-003  -2.2731E-002  -8.9934E-003   1.2057E-001   6.7348E-001  
 3.3929E+000  -1.4678E+001   3.2027E+000   2.5016E-001   7.1213E-001   2.0261E-001  -1.0982E-001  -1.3961E+000   1.5560E-001   7.3660E-002  -4.6367E-002  -7.9447E-002  -8.4349E-002  -2.1855E-002  -7.7943E-003   2.2896E-001  -1.0775E-002   3.3248E-002  -7.6459E-002  -1.2689E-002  -1.6467E-002  -7.5914E-003   1.0887E-001   6.1043E-001  
 2.5478E+000  -1.2954E+001   2.0689E+000   2.8505E-001   7.4424E-001   6.3359E-002  -6.9156E-002  -1.3868E+000   9.1504E-002   4.7036E-002   1.2316E-003  -7.7017E-002  -6.0495E-002  -1.0436E-002   1.5605E-003   2.2998E-001  -2.0139E-002   2.6689E-002  -5.8041E-002  -1.9642E-002  -9.6542E-003  -8.5893E-003   1.0007E-001   5.6895E-001  
 1.9646E+000  -1.2553E+001   1.5531E+000   2.7626E-001   7.0630E-001   5.5926E-002  -4.3413E-002  -1.3777E+000   5.0140E-002   2.7061E-002   3.6578E-002  -6.4933E-002  -4.1665E-002  -2.5923E-003   9.2644E-003   2.3105E-001  -1.9663E-002   1.6892E-002  -4.4286E-002  -2.3217E-002  -4.4386E-003  -1.3208E-002   9.2133E-002   5.3191E-001  
 1.5176E+000  -1.2516E+001   1.2506E+000   2.4614E-001   6.1133E-001   1.1792E-001  -2.7852E-002  -1.3693E+000   2.5644E-002   1.2804E-002   6.2370E-002  -5.0285E-002  -2.7052E-002   3.1430E-003   1.5508E-002   2.3115E-001  -1.4496E-002   6.1038E-003  -3.2678E-002  -2.4275E-002  -1.7150E-003  -1.9765E-002   8.4024E-002   4.9123E-001  
 1.1645E+000  -1.2492E+001   8.6543E-001   2.1179E-001   4.7304E-001   1.9897E-001  -1.8346E-002  -1.3625E+000   1.2113E-002   3.6588E-003   8.0687E-002  -3.7091E-002  -1.5956E-002   7.1594E-003   2.0155E-002   2.3009E-001  -8.1952E-003  -2.7453E-003  -2.1625E-002  -2.4425E-002  -5.2547E-004  -2.6722E-002   7.6322E-002   4.4349E-001  
 9.3655E-001  -1.2479E+001   4.2597E-001   1.8666E-001   3.0410E-001   2.6294E-001  -1.0497E-002  -1.3573E+000   5.0255E-003  -1.2529E-003   9.0544E-002  -2.7984E-002  -7.0565E-003   9.6441E-003   2.3577E-002   2.2786E-001  -3.5991E-003  -8.7058E-003  -1.0507E-002  -2.4148E-002  -4.1779E-004  -3.0633E-002   6.9826E-002   4.0574E-001  
 8.5801E-001  -1.2474E+001  -3.5150E-002   1.7739E-001   1.2148E-001   2.8665E-001  -3.7888E-003  -1.3555E+000   1.1927E-003  -2.5933E-003   9.3746E-002  -2.4867E-002  -2.4415E-004   1.0387E-002   2.6398E-002   2.2697E-001   7.0107E-004  -1.0699E-002   2.2328E-005  -2.3931E-002  -8.4642E-004  -3.2117E-002   6.7411E-002   3.8070E-001  
 9.3432E-001  -1.2477E+001  -4.9621E-001   1.8645E-001  -6.1215E-002   2.6308E-001   2.9022E-003  -1.3572E+000  -2.6333E-003  -5.8511E-004   9.0520E-002  -2.8107E-002   6.5264E-003   9.4115E-003   2.9202E-002   2.2773E-001   4.9914E-003  -8.6738E-003   1.0564E-002  -2.3833E-002  -1.3091E-003  -3.0654E-002   6.9584E-002   3.9541E-001  
 1.1601E+000  -1.2489E+001  -9.3546E-001   2.1137E-001  -2.3039E-001   1.9925E-001   1.0722E-002  -1.3623E+000  -9.6822E-003   5.0023E-003   8.0645E-002  -3.7342E-002   1.5297E-002   6.6808E-003   3.2559E-002   2.2982E-001   9.5684E-003  -2.7122E-003   2.1740E-002  -2.3783E-002  -1.2903E-003  -2.6740E-002   7.6148E-002   4.3006E-001  
 1.5109E+000  -1.2511E+001  -1.3203E+000   2.4556E-001  -3.6905E-001   1.1839E-001   2.0125E-002  -1.3689E+000  -2.3161E-002   1.4852E-002   6.2258E-002  -5.0705E-002   2.6165E-002   2.4076E-003   3.7092E-002   2.3074E-001   1.5930E-002   6.0412E-003   3.2892E-002  -2.3307E-002  -2.2685E-004  -1.9691E-002   8.4318E-002   4.8068E-001  
 1.9558E+000  -1.2546E+001  -1.6223E+000   2.7549E-001  -4.6453E-001   5.6589E-002   3.5594E-002  -1.3771E+000  -4.7601E-002   2.9842E-002   3.6424E-002  -6.5505E-002   4.0479E-002  -3.6036E-003   4.3156E-002   2.3055E-001   2.1141E-002   1.6650E-002   4.4578E-002  -2.1954E-002   2.3417E-003  -1.3087E-002   9.3179E-002   5.2504E-001  
 2.5351E+000  -1.2944E+001  -2.1366E+000   2.8411E-001  -5.0316E-001   6.4177E-002   6.1423E-002  -1.3861E+000  -8.8929E-002   5.0680E-002   1.1869E-003  -7.7778E-002   5.8888E-002  -1.1742E-002   5.0669E-002   2.2932E-001   2.1744E-002   2.6310E-002   5.8320E-002  -1.8203E-002   7.4070E-003  -8.3712E-003   1.0209E-001   5.7380E-001  
 3.3696E+000  -1.4654E+001  -3.2603E+000   2.4925E-001  -4.7206E-001   2.0344E-001   1.0244E-001  -1.3954E+000  -1.5307E-001   7.8450E-002  -4.6166E-002  -8.0539E-002   8.2088E-002  -2.3464E-002   6.0010E-002   2.2805E-001   1.2715E-002   3.2955E-002   7.6604E-002  -1.1381E-002   1.4047E-002  -7.1895E-003   1.1197E-001   6.1842E-001  
 3.7007E+000  -1.4121E+001  -2.7666E+000   1.4750E-001  -3.6301E-001   5.4520E-001   1.6770E-001  -1.4069E+000  -2.4738E-001   1.1860E-001  -1.0872E-001  -6.4876E-002   1.0831E-001  -4.1557E-002   7.3789E-002   2.2585E-001  -8.4454E-003   3.7984E-002   1.0213E-001  -2.8284E-003   2.0034E-002  -8.4889E-003   1.2460E-001   6.8995E-001  
 3.1699E+000  -1.4590E+001   2.2543E+000   1.2699E-001   7.3442E-001   3.8710E-001  -1.6204E-001  -1.3812E+000   2.5806E-001   9.2781E-003  -9.0574E-002  -5.6468E-002  -1.2107E-001  -2.6142E-002  -3.6317E-002   2.2673E-001   8.5021E-003   7.0677E-002  -8.2326E-002   2.7666E-003  -1.0655E-002  -1.1198E-002   1.1695E-001   6.4297E-001  
 2.7422E+000  -1.5428E+001   2.6329E+000   2.1657E-001   7.3580E-001   4.2358E-002  -9.9156E-002  -1.3764E+000   1.6125E-001   3.0797E-003  -3.0286E-002  -7.2396E-002  -9.9589E-002  -1.3692E-002  -1.8583E-002   2.3127E-001  -1.3320E-002   5.8972E-002  -5.7123E-002  -7.8601E-003  -8.3657E-003  -9.9968E-003   1.0587E-001   5.8779E-001  
 1.9775E+000  -1.2965E+001   1.7755E+000   2.3918E-001   6.9805E-001  -9.8173E-002  -5.8290E-002  -1.3707E+000   9.5204E-002   2.0063E-004   1.2776E-002  -6.8972E-002  -7.8231E-002  -6.2121E-003  -6.0556E-003   2.3435E-001  -2.2158E-002   4.6061E-002  -4.0090E-002  -1.6272E-002  -5.5388E-003  -1.1876E-002   9.7470E-002   5.4565E-001  
 1.4447E+000  -1.2956E+001   1.5809E+000   2.1980E-001   6.2515E-001  -1.0653E-001  -3.3140E-002  -1.3635E+000   5.2434E-002  -2.1380E-003   4.3773E-002  -5.5870E-002  -5.8620E-002  -1.7642E-003   3.8451E-003   2.3575E-001  -2.1484E-002   3.1529E-002  -2.8755E-002  -2.1030E-002  -3.3080E-003  -1.7084E-002   8.9413E-002   5.0950E-001  
 9.7260E-001  -1.2952E+001   1.2686E+000   1.8137E-001   5.2435E-001  -4.5344E-002  -1.9349E-002  -1.3556E+000   2.7106E-002  -3.4735E-003   6.5879E-002  -4.0604E-002  -4.0819E-002   1.1462E-003   1.1449E-002   2.3430E-001  -1.7001E-002   1.7887E-002  -2.0223E-002  -2.3330E-002  -2.0020E-003  -2.2842E-002   8.0571E-002   4.5545E-001  
 6.0046E-001  -1.2951E+001   8.7597E-001   1.4148E-001   4.0192E-001   3.5249E-002  -1.1575E-002  -1.3481E+000   1.2987E-002  -3.7799E-003   8.0182E-002  -2.6855E-002  -2.4771E-002   3.3006E-003   1.7444E-002   2.3056E-001  -1.1489E-002   6.3409E-003  -1.2541E-002  -2.4367E-002  -1.2635E-003  -2.7328E-002   7.1075E-002   3.9680E-001  
 3.6114E-001  -1.2951E+001   4.3119E-001   1.1212E-001   2.6458E-001   9.9107E-002  -6.9526E-003  -1.3430E+000   5.8502E-003  -3.7389E-003   8.8312E-002  -1.7613E-002  -1.1569E-002   4.5329E-003   2.2259E-002   2.2753E-001  -5.5684E-003  -9.3505E-004  -6.1105E-003  -2.4674E-002  -1.0625E-003  -3.0376E-002   6.4715E-002   3.5112E-001  
 2.7886E-001  -1.2950E+001  -3.4295E-002   1.0144E-001   1.2098E-001   1.2284E-001  -3.7331E-003  -1.3412E+000   2.0596E-003  -3.5110E-003   9.0932E-002  -1.4439E-002  -1.5071E-004   4.8820E-003   2.6422E-002   2.2637E-001   6.2846E-004  -3.3413E-003  -3.2232E-004  -2.4607E-002  -1.1383E-003  -3.1420E-002   6.2506E-002   3.2393E-001  
 3.5908E-001  -1.2949E+001  -4.9972E-001   1.1185E-001  -2.2692E-002   9.9399E-002  -5.2101E-004  -1.3429E+000  -1.7205E-003  -3.1248E-003   8.8310E-002  -1.7747E-002   1.1229E-002   4.3548E-003   3.0564E-002   2.2742E-001   6.8312E-003  -8.6269E-004   5.4928E-003  -2.4292E-002  -1.2357E-003  -3.0361E-002   6.4899E-002   3.3710E-001  
 5.9635E-001  -1.2947E+001  -9.4429E-001   1.4094E-001  -1.6026E-001   3.5841E-002   4.0759E-003  -1.3478E+000  -8.8289E-003  -2.5490E-003   8.0177E-002  -2.7134E-002   2.4310E-002   2.9368E-003   3.5320E-002   2.3033E-001   1.2765E-002   6.4527E-003   1.1999E-002  -2.3580E-002  -1.0978E-003  -2.7298E-002   7.1700E-002   3.8575E-001  
 9.6643E-001  -1.2947E+001  -1.3366E+000   1.8059E-001  -2.8306E-001  -4.4432E-002   1.1782E-002  -1.3552E+000  -2.2923E-002  -1.6061E-003   6.5836E-002  -4.1056E-002   4.0156E-002   5.8032E-004   4.1206E-002   2.3396E-001   1.8323E-002   1.7976E-002   1.9786E-002  -2.2169E-002  -4.5720E-004  -2.2755E-002   8.1905E-002   4.5585E-001  
 1.4365E+000  -1.2949E+001  -1.6484E+000   2.1877E-001  -3.8434E-001  -1.0528E-001   2.5516E-002  -1.3629E+000  -4.8213E-002   4.0904E-004   4.3715E-002  -5.6481E-002   5.7651E-002  -2.5527E-003   4.8630E-002   2.3529E-001   2.2852E-002   3.1468E-002   2.8428E-002  -1.9520E-002   7.5225E-004  -1.6979E-002   9.1595E-002   5.0949E-001  
 1.9674E+000  -1.2957E+001  -1.8425E+000   2.3788E-001  -4.5786E-001  -9.6594E-002   5.0722E-002  -1.3699E+000  -9.0965E-002   3.4953E-003   1.2787E-002  -6.9736E-002   7.6887E-002  -7.2400E-003   5.8283E-002   2.3377E-001   2.3531E-002   4.5800E-002   3.9838E-002  -1.4496E-002   2.9276E-003  -1.1776E-002   1.0063E-001   5.5081E-001  
 2.7215E+000  -1.5395E+001  -2.6831E+000   2.1507E-001  -4.9650E-001   4.4229E-002   9.1795E-002  -1.3755E+000  -1.5701E-001   7.3457E-003  -3.0136E-002  -7.3339E-002   9.7694E-002  -1.5021E-002   7.0671E-002   2.3048E-001   1.4806E-002   5.8719E-002   5.6910E-002  -6.1054E-003   5.6908E-003  -9.8526E-003   1.1006E-001   6.0139E-001  
 3.1492E+000  -1.4552E+001  -2.2993E+000   1.2558E-001  -4.9656E-001   3.8906E-001   1.5520E-001  -1.3805E+000  -2.5390E-001   1.5101E-002  -9.0129E-002  -5.7760E-002   1.1820E-001  -2.7871E-002   8.8755E-002   2.2557E-001  -6.6999E-003   7.0920E-002   8.2058E-002   3.9531E-003   7.8787E-003  -1.0955E-002   1.2198E-001   6.6238E-001  
 2.6636E+000  -1.4983E+001   1.6183E+000   8.6289E-002   8.1903E-001   2.6800E-001  -1.5803E-001  -1.3587E+000   2.3868E-001  -9.1723E-002  -8.1810E-002  -4.3471E-002  -1.3308E-001  -1.0591E-002  -4.5977E-002   2.2601E-001   9.2785E-003   9.7497E-002  -5.4711E-002   2.7102E-003   2.4734E-003  -1.3281E-002   1.1500E-001   6.1522E-001  
 2.1504E+000  -1.5919E+001   1.8086E+000   1.7270E-001   7.1691E-001  -7.7703E-002  -9.3243E-002  -1.3606E+000   1.4439E-001  -6.7504E-002  -2.4067E-002  -5.9375E-002  -1.1858E-001  -3.9280E-003  -2.4255E-002   2.3371E-001  -1.3157E-002   7.7913E-002  -3.1154E-002  -7.2720E-003   1.9344E-004  -1.2321E-002   1.0399E-001   5.5473E-001  
 1.5934E+000  -1.3330E+001   1.7663E+000   1.9178E-001   6.1632E-001  -2.1900E-001  -5.0759E-002  -1.3596E+000   8.0892E-002  -4.6892E-002   1.5648E-002  -5.5453E-002  -9.9693E-002  -9.8059E-004  -9.3405E-003   2.3908E-001  -2.2344E-002   5.9035E-002  -1.6612E-002  -1.5498E-002  -1.1855E-003  -1.4686E-002   9.5728E-002   5.1892E-001  
 1.0483E+000  -1.3363E+001   1.5716E+000   1.6977E-001   5.1569E-001  -2.2804E-001  -2.4950E-002  -1.3556E+000   4.0727E-002  -3.1151E-002   4.2571E-002  -4.1941E-002  -7.8675E-002  -1.7969E-004   1.5733E-003   2.4117E-001  -2.3426E-002   4.0672E-002  -8.4163E-003  -2.0427E-002  -1.4640E-003  -1.8804E-002   8.7649E-002   5.1465E-001  
 5.6644E-001  -1.3389E+001   1.2603E+000   1.2923E-001   4.1597E-001  -1.6729E-001  -1.1379E-002  -1.3493E+000   1.8266E-002  -1.9513E-002   6.0570E-002  -2.6468E-002  -5.7109E-002   4.0069E-005   9.8087E-003   2.3945E-001  -2.0736E-002   2.4145E-002  -3.8473E-003  -2.2971E-002  -1.4903E-003  -2.2105E-002   7.8250E-002   4.3558E-001  
 1.8746E-001  -1.3409E+001   8.6997E-001   8.7131E-002   3.1686E-001  -8.6843E-002  -5.3648E-003  -1.3428E+000   7.3967E-003  -1.1186E-002   7.2077E-002  -1.2778E-002  -3.6276E-002   6.6053E-005   1.6403E-002   2.3571E-001  -1.5218E-002   1.0509E-002  -1.5896E-003  -2.4304E-002  -1.4513E-003  -2.4517E-002   6.8957E-002   3.7462E-001  
-5.5957E-002  -1.3420E+001   4.2845E-001   5.6247E-002   2.1815E-001  -2.3083E-002  -3.5806E-003  -1.3383E+000   3.5151E-003  -6.2486E-003   7.8503E-002  -3.4708E-003  -1.7475E-002   2.4705E-005   2.1715E-002   2.3270E-001  -7.7651E-003   2.0986E-003  -7.7391E-004  -2.4800E-002  -1.4104E-003  -2.6006E-002   6.2926E-002   3.1889E-001  
-1.3953E-001  -1.3423E+001  -3.3439E-002   4.5018E-002   1.2056E-001   6.8083E-004  -3.6690E-003  -1.3368E+000   2.9422E-003  -4.4974E-003   8.0542E-002  -2.6140E-004  -1.0615E-004  -2.6385E-005   2.6334E-002   2.3156E-001   5.6929E-004  -6.8833E-004  -6.5690E-004  -2.4810E-002  -1.3875E-003  -2.6487E-002   6.1014E-002   2.8487E-001  
-5.7840E-002  -1.3418E+001  -4.9526E-001   5.5929E-002   2.2904E-002  -2.2643E-002  -3.7609E-003  -1.3382E+000   2.3836E-003  -5.6910E-003   7.8509E-002  -3.6131E-003   1.7227E-002  -8.0846E-005   3.0933E-002   2.3261E-001   8.9235E-003   2.2019E-003  -4.9739E-004  -2.4375E-002  -1.3779E-003  -2.5966E-002   6.3283E-002   3.0259E-001  
 1.8369E-001  -1.3405E+001  -9.3659E-001   8.6497E-002  -7.6026E-002  -8.5951E-002  -1.9999E-003  -1.3425E+000  -1.4870E-003  -1.0067E-002   7.2091E-002  -1.3072E-002   3.5915E-002  -1.5504E-004   3.6192E-002   2.3553E-001   1.6408E-002   1.0688E-002   4.0213E-004  -2.3450E-002  -1.3901E-003  -2.4450E-002   6.9880E-002   3.6686E-001  
 5.6081E-001  -1.3384E+001  -1.3266E+000   1.2828E-001  -1.7550E-001  -1.6594E-001   3.9841E-003  -1.3489E+000  -1.2352E-002  -1.7818E-002   6.0591E-002  -2.6929E-002   5.6570E-002  -3.1120E-004   4.2682E-002   2.3921E-001   2.1956E-002   2.4358E-002   2.7768E-003  -2.1711E-002  -1.4310E-003  -2.2043E-002   8.0012E-002   4.4140E-001  
 1.0409E+000  -1.3356E+001  -1.6375E+000   1.6849E-001  -2.7568E-001  -2.2622E-001   1.7564E-002  -1.3549E+000  -3.4810E-002  -2.8829E-002   4.2630E-002  -4.2559E-002   7.7820E-002  -6.9038E-004   5.0739E-002   2.4081E-001   2.4635E-002   4.0759E-002   7.4885E-003  -1.8805E-002  -1.5249E-003  -1.8781E-002   9.0249E-002   5.2296E-001  
 1.5842E+000  -1.3321E+001  -1.8317E+000   1.9017E-001  -3.7690E-001  -2.1668E-001   4.3425E-002  -1.3588E+000  -7.4982E-002  -4.3895E-002   1.5769E-002  -5.6210E-002   9.8462E-002  -1.6940E-003   6.1399E-002   2.3859E-001   2.3499E-002   5.8931E-002   1.5833E-002  -1.3585E-002  -1.8237E-003  -1.4718E-002   9.9301E-002   5.2944E-001  
 2.1330E+000  -1.5885E+001  -1.8548E+000   1.7075E-001  -4.7828E-001  -7.4877E-002   8.6021E-002  -1.3595E+000  -1.3848E-001  -6.3632E-002  -2.3879E-002  -6.0227E-002   1.1685E-001  -4.9057E-003   7.6153E-002   2.3302E-001   1.4259E-002   7.7813E-002   3.0523E-002  -5.3693E-003  -3.1737E-003  -1.2406E-002   1.0855E-001   5.7209E-001  
 2.6464E+000  -1.4943E+001  -1.6611E+000   8.3979E-002  -5.8168E-001   2.7139E-001   1.5093E-001  -1.3577E+000  -2.3269E-001  -8.6484E-002  -8.1547E-002  -4.4339E-002   1.3051E-001  -1.2005E-002   9.8128E-002   2.2496E-001  -8.2408E-003   9.7836E-002   5.4260E-002   4.0622E-003  -5.4456E-003  -1.3381E-002   1.2030E-001   6.3434E-001  
 2.2250E+000  -1.5047E+001   9.0482E-001   2.7092E-002   9.0351E-001   1.9308E-001  -1.6233E-001  -1.3362E+000   1.9239E-001  -1.9105E-001  -8.2666E-002  -2.3225E-002  -1.4424E-001   7.5033E-003  -4.9522E-002   2.2355E-001   1.3804E-002   1.1702E-001  -2.0966E-002  -2.8053E-003   1.3784E-002  -1.5492E-002   1.1501E-001   5.9341E-001  
 1.6474E+000  -1.6030E+001   9.2176E-001   1.2025E-001   6.9825E-001  -1.5200E-001  -9.3520E-002  -1.3457E+000   1.0509E-001  -1.3669E-001  -2.5912E-002  -3.9097E-002  -1.3782E-001   6.9589E-003  -2.4940E-002   2.3519E-001  -9.9669E-003   8.9537E-002  -6.3101E-004  -1.0871E-002   7.8941E-003  -1.4686E-002   1.0330E-001   5.3343E-001  
 1.3188E+000  -1.3674E+001   1.7091E+000   1.4499E-001   5.3510E-001  -2.9340E-001  -4.7936E-002  -1.3511E+000   4.8683E-002  -9.1799E-002   1.1989E-002  -3.5163E-002  -1.2159E-001   4.7006E-003  -8.6325E-003   2.4300E-001  -2.0655E-002   6.5187E-002   1.0488E-002  -1.7292E-002   2.9968E-003  -1.6778E-002   9.4358E-002   5.2174E-001  
 7.8035E-001  -1.3748E+001   1.5269E+000   1.2785E-001   4.0679E-001  -3.0278E-001  -2.0122E-002  -1.3521E+000   1.5340E-002  -5.7466E-002   3.5882E-002  -2.1480E-002  -9.9832E-002   1.6890E-003   2.7177E-003   2.4733E-001  -2.4127E-002   4.3034E-002   1.4851E-002  -2.1283E-002   3.1657E-004  -1.9567E-002   8.6381E-002   5.2047E-001  
 3.0417E-001  -1.3805E+001   1.2272E+000   9.1154E-002   3.0847E-001  -2.4225E-001  -5.6123E-003  -1.3498E+000  -5.4024E-004  -3.2733E-002   5.0422E-002  -5.7912E-003  -7.5437E-002  -9.3307E-004   1.0863E-002   2.4807E-001  -2.3509E-002   2.4100E-002   1.4708E-002  -2.3423E-002  -9.7442E-004  -2.0408E-002   7.8140E-002   4.8066E-001  
-7.0013E-002  -1.3844E+001   8.4830E-001   5.1279E-002   2.3257E-001  -1.6187E-001  -4.4710E-004  -1.3458E+000  -4.6988E-003  -1.5759E-002   5.9559E-002   7.8400E-003  -4.9630E-002  -3.1215E-003   1.7083E-002   2.4593E-001  -1.8319E-002   8.9524E-003   1.0808E-002  -2.4395E-002  -1.5997E-003  -2.0705E-002   6.9454E-002   4.2109E-001  
-3.1025E-001  -1.3867E+001   4.1814E-001   2.1605E-002   1.7218E-001  -9.8187E-002  -7.9529E-004  -1.3426E+000  -2.0187E-003  -5.8409E-003   6.4534E-002   1.7218E-002  -2.4474E-002  -4.4758E-003   2.1963E-002   2.4386E-001  -9.6476E-003  -4.4544E-004   5.2918E-003  -2.4683E-002  -1.7032E-003  -2.0613E-002   6.3802E-002   3.7411E-001  
-3.9268E-001  -1.3874E+001  -3.2585E-002   1.0726E-002   1.2022E-001  -7.4394E-002  -3.5945E-003  -1.3413E+000   3.8325E-003  -2.4728E-003   6.6074E-002   2.0465E-002  -1.0324E-004  -4.9393E-003   2.6139E-002   2.4302E-001   5.2905E-004  -3.5308E-003  -9.6300E-004  -2.4590E-002  -1.5769E-003  -2.0541E-002   6.1895E-002   3.4549E-001  
-3.1196E-001  -1.3865E+001  -4.8325E-001   2.1250E-002   6.8191E-002  -9.7598E-002  -6.4018E-003  -1.3424E+000   9.6846E-003  -5.3390E-003   6.4540E-002   1.7071E-002   2.4234E-002  -4.4972E-003   3.0296E-002   2.4378E-001   1.0726E-002  -3.1520E-004  -7.1813E-003  -2.4247E-002  -1.4675E-003  -2.0567E-002   6.4013E-002   3.5750E-001  
-7.3439E-002  -1.3841E+001  -9.1322E-001   5.0571E-002   7.5902E-003  -1.6067E-001  -6.7710E-003  -1.3454E+000   1.2356E-002  -1.4750E-002   5.9577E-002   7.5419E-003   4.9294E-002  -3.1768E-003   3.5139E-002   2.4580E-001   1.9445E-002   9.1875E-003  -1.2606E-002  -2.3534E-002  -1.6260E-003  -2.0634E-002   7.0099E-002   4.0997E-001  
 2.9907E-001  -1.3799E+001  -1.2919E+000   9.0064E-002  -6.8641E-002  -2.4046E-001  -1.5908E-003  -1.3493E+000   8.1778E-003  -3.1200E-002   5.0499E-002  -6.2351E-003   7.4907E-002  -1.0420E-003   4.1260E-002   2.4788E-001   2.4631E-002   2.4375E-002  -1.6375E-002  -2.2165E-002  -2.3226E-003  -2.0406E-002   7.9512E-002   4.7661E-001  
 7.7365E-001  -1.3742E+001  -1.5912E+000   1.2637E-001  -1.6740E-001  -3.0038E-001   1.2994E-002  -1.3514E+000  -7.7347E-003  -5.5363E-002   3.6046E-002  -2.2074E-002   9.8990E-002   1.4921E-003   4.9242E-002   2.4701E-001   2.5172E-002   4.3217E-002  -1.6338E-002  -1.9678E-002  -3.6692E-003  -1.9657E-002   8.8586E-002   5.1778E-001  
 1.3105E+000  -1.3665E+001  -1.7729E+000   1.4312E-001  -2.9627E-001  -2.9035E-001   4.0862E-002  -1.3501E+000  -4.1113E-002  -8.9063E-002   1.2196E-002  -3.5882E-002   1.2038E-001   4.3539E-003   6.0373E-002   2.4255E-001   2.1603E-002   6.5241E-002  -1.1757E-002  -1.5435E-002  -6.3617E-003  -1.6950E-002   9.7535E-002   5.2825E-001  
 1.6333E+000  -1.5993E+001  -9.6153E-001   1.1793E-001  -4.6017E-001  -1.4823E-001   8.6459E-002  -1.3446E+000  -9.7527E-002  -1.3314E-001  -2.5709E-002  -3.9830E-002   1.3612E-001   6.3655E-003   7.6530E-002   2.3453E-001   1.0697E-002   8.9622E-002  -3.8596E-004  -9.0426E-003  -1.1184E-002  -1.4971E-002   1.0742E-001   5.4901E-001  
 2.2114E+000  -1.5010E+001  -9.4164E-001   2.4020E-002  -6.6663E-001   1.9786E-001   1.5504E-001  -1.3351E+000  -1.8462E-001  -1.8619E-001  -8.2590E-002  -2.3665E-002   1.4172E-001   6.4392E-003   1.0138E-001   2.2251E-001  -1.3505E-002   1.1758E-001   2.0336E-002  -1.5270E-003  -1.6996E-002  -1.5867E-002   1.1982E-001   6.1045E-001  
 1.8658E+000  -1.5005E+001   1.9320E-001  -5.4435E-002   1.0374E+000   1.5438E-001  -1.7592E-001  -1.3096E+000   1.1800E-001  -2.8655E-001  -9.3700E-002   4.2492E-003  -1.4838E-001   2.8941E-002  -4.6359E-002   2.1756E-001   2.3012E-002   1.3006E-001   1.7999E-002  -1.2469E-002   2.0994E-002  -1.8350E-002   1.1657E-001   5.8781E-001  
 1.2539E+000  -1.5828E+001   1.5352E-001   5.5691E-002   7.2271E-001  -1.8857E-001  -1.0178E-001  -1.3282E+000   4.1613E-002  -2.0176E-001  -3.5191E-002  -1.1140E-002  -1.5255E-001   1.9215E-002  -2.0839E-002   2.3371E-001  -2.7696E-003   9.4838E-002   3.3027E-002  -1.8253E-002   1.3018E-002  -1.7450E-002   1.0406E-001   5.5094E-001  
 1.0693E+000  -1.4318E+001   1.2706E+000   9.5662E-002   4.9037E-001  -3.2941E-001  -5.1496E-002  -1.3416E+000  -2.9586E-003  -1.3235E-001   2.7366E-003  -7.5628E-003  -1.4121E-001   1.0862E-002  -3.8453E-003   2.4496E-001  -1.6519E-002   6.4792E-002   3.9719E-002  -2.1651E-002   5.9027E-003  -1.8575E-002   9.4120E-002   5.2263E-001  
 6.3556E-001  -1.4088E+001   1.4456E+000   9.0917E-002   3.2740E-001  -3.3888E-001  -2.0416E-002  -1.3495E+000  -2.4831E-002  -7.8741E-002   2.5814E-002   6.2551E-003  -1.2008E-001   3.4054E-003   7.2702E-003   2.5250E-001  -2.2253E-002   3.8762E-002   3.9345E-002  -2.3527E-002   1.2604E-003  -2.0553E-002   8.5840E-002   5.1790E-001  
 1.8047E-001  -1.4175E+001   1.1688E+000   6.3660E-002   2.2331E-001  -2.7859E-001  -4.0685E-003  -1.3530E+000  -3.0007E-002  -4.0092E-002   3.8726E-002   2.2603E-002  -9.3243E-002  -2.5186E-003   1.4539E-002   2.5693E-001  -2.3156E-002   1.7224E-002   3.3806E-002  -2.4367E-002  -1.2202E-003  -2.0638E-002   7.8440E-002   5.0662E-001  
-1.7808E-001  -1.4235E+001   8.1040E-001   3.1511E-002   1.6369E-001  -1.9850E-001   2.2122E-003  -1.3537E+000  -2.4023E-002  -1.4115E-002   4.5181E-002   3.6797E-002  -6.3682E-002  -6.8575E-003   1.9572E-002   2.5907E-001  -1.9702E-002   1.0971E-003   2.4313E-002  -2.4451E-002  -2.1991E-003  -1.8338E-002   7.2024E-002   4.6478E-001  
-4.0804E-001  -1.4271E+001   3.9999E-001   5.7586E-003   1.3398E-001  -1.3494E-001   8.6376E-004  -1.3527E+000  -1.1131E-002   1.0475E-003   4.9199E-002   4.6321E-002  -3.1863E-002  -9.5976E-003   2.3070E-002   2.5878E-001  -1.0655E-002  -9.1542E-003   1.1904E-002  -2.4160E-002  -2.1740E-003  -1.7333E-002   6.6558E-002   4.2518E-001  
-4.8694E-001  -1.4282E+001  -3.1744E-002  -3.7783E-003   1.1995E-001  -1.1114E-001  -3.5132E-003  -1.3521E+000   4.7079E-003   6.0959E-003   5.0397E-002   4.9627E-002  -1.3020E-004  -1.0480E-002   2.5854E-002   2.5854E-001   4.9899E-004  -1.2514E-002  -1.2434E-003  -2.3905E-002  -1.6992E-003  -1.6817E-002   6.4578E-002   4.0109E-001  
-4.0958E-001  -1.4269E+001  -4.6342E-001   5.3722E-003   1.0586E-001  -1.3420E-001  -7.8965E-003  -1.3525E+000   2.0534E-002   1.4939E-003   4.9195E-002   4.6174E-002   3.1565E-002  -9.5252E-003   2.8622E-002   2.5872E-001   1.1673E-002  -9.0080E-003  -1.4360E-002  -2.3743E-002  -1.2494E-003  -1.7298E-002   6.6342E-002   4.1456E-001  
-1.8116E-001  -1.4232E+001  -8.7365E-001   3.0747E-002   7.5959E-002  -1.9701E-001  -9.2600E-003  -1.3534E+000   3.3402E-002  -1.3216E-002   4.5188E-002   3.6503E-002   6.3292E-002  -6.7279E-003   3.2083E-002   2.5897E-001   2.0781E-002   1.3676E-003  -2.6658E-002  -2.3640E-002  -1.2807E-003  -1.8290E-002   7.1884E-002   4.4884E-001  
 1.7592E-001  -1.4170E+001  -1.2319E+000   6.2460E-002   1.6037E-002  -2.7635E-001  -2.9041E-003  -1.3524E+000   3.9341E-002  -3.8707E-002   3.8835E-002   2.2191E-002   9.2639E-002  -2.3671E-003   3.7034E-002   2.5673E-001   2.4176E-002   1.7513E-002  -3.5998E-002  -2.3194E-002  -2.3339E-003  -2.0709E-002   7.8755E-002   4.9175E-001  
 6.2958E-001  -1.4081E+001  -1.5083E+000   8.9297E-002  -8.8466E-002  -3.3590E-001   1.3541E-002  -1.3487E+000   3.4094E-002  -7.6840E-002   2.6014E-002   5.6992E-003   1.1919E-001   3.5462E-003   4.4154E-002   2.5219E-001   2.3178E-002   3.8999E-002  -4.1338E-002  -2.2045E-002  -4.8793E-003  -2.0729E-002   8.6943E-002   5.1062E-001  
 1.0615E+000  -1.4306E+001  -1.3305E+000   9.3602E-002  -2.5197E-001  -3.2561E-001   4.4651E-002  -1.3406E+000   1.2145E-002  -1.2984E-001   2.9692E-003  -8.2183E-003   1.3994E-001   1.0913E-002   5.5110E-002   2.4450E-001   1.7253E-002   6.4996E-002  -4.1437E-002  -1.9995E-002  -9.5253E-003  -1.8863E-002   9.6139E-002   5.2145E-001  
 1.2434E+000  -1.5791E+001  -1.9315E-001   5.3014E-002  -4.8505E-001  -1.8382E-001   9.4832E-002  -1.3270E+000  -3.2438E-002  -1.9842E-001  -3.5028E-002  -1.1696E-002   1.5075E-001   1.9039E-002   7.2051E-002   2.3299E-001   3.0830E-003   9.5173E-002  -3.4378E-002  -1.6701E-002  -1.6556E-002  -1.7910E-002   1.0696E-001   5.5820E-001  
 1.8557E+000  -1.4966E+001  -2.3455E-001  -5.8261E-002  -8.0104E-001   1.6054E-001   1.6840E-001  -1.3086E+000  -1.0856E-001  -2.8186E-001  -9.3873E-002   4.2326E-003   1.4559E-001   2.8348E-002   9.7918E-002   2.1643E-001  -2.3437E-002   1.3091E-001  -1.8807E-002  -1.1474E-002  -2.4405E-002  -1.8972E-002   1.2020E-001   6.0640E-001  
 1.5893E+000  -1.4426E+001  -5.6467E-001  -1.8105E-001   1.2839E+000   1.4069E-001  -1.8379E-001  -1.2840E+000   1.4165E-002  -3.5613E-001  -1.2151E-001   4.3904E-002  -1.2619E-001   5.9385E-002  -4.6373E-002   2.0248E-001   4.3016E-002   1.4649E-001   6.0707E-002  -2.7459E-002   1.6171E-002  -2.0991E-002   1.2123E-001   6.0629E-001  
 9.9740E-001  -1.5105E+001  -5.2532E-001  -2.7999E-002   8.3151E-001  -2.0934E-001  -1.1912E-001  -1.3030E+000  -4.6975E-002  -2.5816E-001  -5.2726E-002   2.1802E-002  -1.5667E-001   3.3417E-002  -1.0982E-002   2.2649E-001   8.1181E-003   9.4711E-002   6.8876E-002  -2.7511E-002   1.3369E-002  -2.0645E-002   1.0606E-001   5.5876E-001  
 3.1251E-001  -1.5694E+001  -1.0404E+000   3.6119E-002   5.1760E-001  -3.4923E-001  -6.3437E-002  -1.3254E+000  -7.5662E-002  -1.6470E-001  -1.1639E-002   2.5446E-002  -1.5396E-001   1.7366E-002   5.7069E-003   2.4213E-001  -9.2024E-003   5.8449E-002   6.9730E-002  -2.7738E-002   5.9988E-003  -2.0828E-002   9.4880E-002   5.3364E-001  
 5.9895E-001  -1.4348E+001   1.3259E+000   5.1044E-002   3.0702E-001  -3.5855E-001  -2.7542E-002  -1.3418E+000  -8.1525E-002  -9.1400E-002   1.3159E-002   3.9760E-002  -1.3579E-001   4.6306E-003   1.5440E-002   2.5321E-001  -1.7155E-002   2.8752E-002   6.3767E-002  -2.6908E-002   4.4189E-004  -2.2366E-002   8.5697E-002   5.1522E-001  
 1.7857E-001  -1.4470E+001   1.0836E+000   3.9101E-002   1.8326E-001  -2.9854E-001  -7.8466E-003  -1.3522E+000  -7.1429E-002  -3.8163E-002   2.6432E-002   5.7040E-002  -1.0807E-001  -5.0108E-003   2.0847E-002   2.6110E-001  -1.9420E-002   4.8739E-003   5.2374E-002  -2.5575E-002  -2.6387E-003  -2.2819E-002   7.8220E-002   5.0091E-001  
-1.5357E-001  -1.4553E+001   7.5596E-001   1.7961E-002   1.2493E-001  -2.1897E-001   2.3823E-004  -1.3584E+000  -5.0941E-002  -2.3956E-003   3.2878E-002   7.2302E-002  -7.4767E-002  -1.1845E-002   2.3739E-002   2.6687E-001  -1.7018E-002  -1.2863E-002   3.6707E-002  -2.4109E-002  -3.5549E-003  -2.1082E-002   7.2471E-002   4.8234E-001  
-3.6762E-001  -1.4601E+001   3.7370E-001   2.3225E-004   1.1110E-001  -1.5587E-001   5.5570E-004  -1.3617E+000  -2.4074E-002   1.8326E-002   3.5184E-002   8.2753E-002  -3.8264E-002  -1.5964E-002   2.5004E-002   2.7057E-001  -9.8871E-003  -2.3770E-002   1.8295E-002  -2.2965E-002  -2.9875E-003  -1.8319E-002   6.8845E-002   4.6286E-001  
-4.4111E-001  -1.4617E+001  -3.0937E-002  -6.6912E-003   1.1978E-001  -1.3224E-001  -3.4210E-003  -1.3626E+000   5.5453E-003   2.5187E-002   3.5753E-002   8.6444E-002  -1.8863E-004  -1.7261E-002   2.5490E-002   2.7178E-001   4.7187E-004  -2.7485E-002  -1.4815E-003  -2.2448E-002  -1.7333E-003  -1.7212E-002   6.7378E-002   4.5264E-001  
-3.6901E-001  -1.4600E+001  -4.3552E-001  -1.4976E-004   1.2839E-001  -1.5499E-001  -7.4062E-003  -1.3615E+000   3.5149E-002   1.8724E-002   3.5140E-002   8.2626E-002   3.7865E-002  -1.5797E-002   2.5967E-002   2.7054E-001   1.0861E-002  -2.3624E-002  -2.1232E-002  -2.2597E-002  -5.0998E-004  -1.8262E-002   6.8095E-002   4.5143E-001  
-1.5631E-001  -1.4550E+001  -8.1763E-001   1.7161E-002   1.1439E-001  -2.1719E-001  -7.0752E-003  -1.3580E+000   6.1965E-002  -1.5835E-003   3.2863E-002   7.2049E-002   7.4250E-002  -1.1535E-002   2.7196E-002   2.6677E-001   1.8008E-002  -1.2618E-002  -3.9537E-002  -2.3381E-002  -1.7918E-005  -2.1052E-002   7.1306E-002   4.6884E-001  
 1.7454E-001  -1.4465E+001  -1.1450E+000   3.7844E-002   5.5791E-002  -2.9587E-001   1.0935E-003  -1.3516E+000   8.2384E-002  -3.6907E-002   2.6521E-002   5.6667E-002   1.0734E-001  -4.5954E-003   3.0021E-002   2.6091E-001   2.0355E-002   5.1448E-003  -5.5030E-002  -2.4544E-002  -1.0282E-003  -2.2910E-002   7.7177E-002   4.8574E-001  
 5.9368E-001  -1.4342E+001  -1.3871E+000   4.9339E-002  -6.8337E-002  -3.5499E-001   2.0890E-002  -1.3409E+000   9.2361E-002  -8.9660E-002   1.3361E-002   3.9240E-002   1.3478E-001   5.1067E-003   3.5315E-002   2.5291E-001   1.7978E-002   2.9014E-002  -6.6208E-002  -2.5618E-002  -4.1903E-003  -2.2575E-002   8.5257E-002   5.0069E-001  
 3.0475E-001  -1.5663E+001   9.9861E-001   3.3895E-002  -2.7945E-001  -3.4470E-001   5.6782E-002  -1.3244E+000   8.6367E-002  -1.6235E-001  -1.1407E-002   2.4837E-002   1.5253E-001   1.7831E-002   4.4949E-002   2.4164E-001   9.7411E-003   5.8772E-002  -7.1853E-002  -2.6352E-002  -9.7489E-003  -2.1199E-002   9.5238E-002   5.2906E-001  
 9.8997E-001  -1.5075E+001   4.8441E-001  -3.1111E-002  -5.9423E-001  -2.0356E-001   1.1218E-001  -1.3019E+000   5.7656E-002  -2.5485E-001  -5.2704E-002   2.1447E-002   1.5451E-001   3.3788E-002   6.1769E-002   2.2567E-001  -8.2457E-003   9.5348E-002  -7.0509E-002  -2.6337E-002  -1.6986E-002  -2.1292E-002   1.0720E-001   5.6582E-001  
 1.5790E+000  -1.4399E+001   5.2025E-001  -1.8926E-001  -1.0511E+000   1.5141E-001   1.7207E-001  -1.2847E+000  -1.7701E-003  -3.4807E-001  -1.2338E-001   4.6580E-002   1.2056E-001   5.9295E-002   9.9962E-002   2.0059E-001  -4.5551E-002   1.4953E-001  -6.0941E-002  -2.7970E-002  -1.9391E-002  -2.1725E-002   1.2287E-001   6.1578E-001  
 1.2233E+000  -1.3885E+001  -8.4417E-001  -5.4209E-001   1.8902E+000   1.5310E-001  -4.7832E-002  -1.3975E+000  -5.7115E-002  -2.9122E-001  -2.1403E-001   8.1927E-002   6.1979E-002   1.4120E-001  -5.5306E-002   1.5048E-001   1.0016E-001   2.0060E-001   1.6699E-001  -3.9817E-002   6.1483E-003  -2.0361E-002   1.3125E-001   6.1568E-001  
 8.6808E-001  -1.3950E+001  -1.2521E+000  -1.4296E-001   1.0632E+000  -2.5053E-001  -1.4727E-001  -1.2640E+000  -1.6346E-001  -3.0229E-001  -8.0126E-002   5.5769E-002  -1.4502E-001   4.8973E-002   6.6654E-003   2.1163E-001   2.2722E-002   8.9193E-002   1.0708E-001  -3.6272E-002   8.6515E-003  -2.3394E-002   1.0991E-001   5.7139E-001  
 2.3091E-001  -1.4400E+001  -1.5353E+000  -4.6727E-002   6.5012E-001  -3.8879E-001  -8.4430E-002  -1.2962E+000  -1.7238E-001  -1.8361E-001  -3.3494E-002   6.0720E-002  -1.5412E-001   2.4504E-002   2.0636E-002   2.3176E-001   1.8748E-003   4.7667E-002   1.0061E-001  -3.3980E-002   1.0975E-003  -2.3305E-002   9.7227E-002   5.3173E-001  
-4.3293E-001  -1.4618E+001  -1.7520E+000  -4.7242E-003   3.7229E-001  -3.9821E-001  -4.2529E-002  -1.3216E+000  -1.5787E-001  -9.0435E-002  -4.2757E-003   7.5925E-002  -1.4268E-001   5.2326E-003   2.7895E-002   2.4657E-001  -9.1441E-003   1.3888E-002   8.8063E-002  -3.0549E-002  -3.7479E-003  -2.4177E-002   8.6700E-002   5.1861E-001  
 2.6838E-001  -1.4660E+001   9.6725E-001   4.2739E-003   2.0835E-001  -3.3889E-001  -1.7834E-002  -1.3399E+000  -1.2766E-001  -2.2105E-002   1.2147E-002   9.4293E-002  -1.1706E-001  -8.8925E-003   3.0417E-002   2.5732E-001  -1.3202E-002  -1.2347E-002   7.0555E-002  -2.6657E-002  -6.1299E-003  -2.5165E-002   7.8180E-002   5.0124E-001  
-2.8439E-002  -1.4770E+001   6.8169E-001  -1.8969E-003   1.3019E-001  -2.6005E-001  -5.8467E-003  -1.3519E+000  -8.7568E-002   2.4216E-002   2.0488E-002   1.1061E-001  -8.2427E-002  -1.8501E-002   3.0012E-002   2.6511E-001  -1.2189E-002  -3.1312E-002   4.8884E-002  -2.3035E-002  -6.2226E-003  -2.5032E-002   7.1715E-002   4.8356E-001  
-2.2025E-001  -1.4834E+001   3.3803E-001  -1.0655E-002   1.1015E-001  -1.9743E-001  -2.3933E-003  -1.3587E+000  -4.1686E-002   5.0963E-002   2.3974E-002   1.2166E-001  -4.2404E-002  -2.4195E-002   2.7922E-002   2.7034E-001  -7.1939E-003  -4.2872E-002   2.4188E-002  -2.0614E-002  -4.4260E-003  -2.3901E-002   6.7426E-002   4.7452E-001  
-2.8621E-001  -1.4855E+001  -3.0166E-002  -1.4452E-002   1.1968E-001  -1.7391E-001  -3.3251E-003  -1.3608E+000   6.3373E-003   5.9731E-002   2.4849E-002   1.2544E-001  -2.5586E-004  -2.5953E-002   2.5066E-002   2.7211E-001   4.5156E-004  -4.6575E-002  -1.6888E-003  -1.9704E-002  -1.6736E-003  -2.3168E-002   6.5464E-002   4.6309E-001  
-2.2146E-001  -1.4833E+001  -3.9832E-001  -1.1052E-002   1.2916E-001  -1.9640E-001  -4.2495E-003  -1.3585E+000   5.4338E-002   5.1322E-002   2.3920E-002   1.2155E-001   4.1840E-002  -2.3942E-002   2.2207E-002   2.7031E-001   8.1131E-003  -4.2747E-002  -2.7526E-002  -2.0297E-002   1.0477E-003  -2.3851E-002   6.6035E-002   4.6765E-001  
-3.0828E-002  -1.4767E+001  -7.4185E-001  -2.7382E-003   1.0898E-001  -2.5799E-001  -7.6642E-004  -1.3515E+000   1.0014E-001   2.4953E-002   2.0462E-002   1.1038E-001   8.1712E-002  -1.8020E-002   2.0088E-002   2.6502E-001   1.3095E-002  -3.1109E-002  -5.2114E-002  -2.2425E-002   2.7442E-003  -2.5029E-002   6.9416E-002   4.6815E-001  
 2.6488E-001  -1.4655E+001  -1.0272E+000   2.9759E-003   3.0592E-002  -3.3578E-001   1.1304E-002  -1.3392E+000   1.4013E-001  -2.0962E-002   1.2225E-002   9.3950E-002   1.1614E-001  -8.2223E-003   1.9648E-002   2.5713E-001   1.4057E-002  -1.2116E-002  -7.3588E-002  -2.5799E-002   2.5179E-003  -2.5257E-002   7.5693E-002   4.8592E-001  
-4.3842E-001  -1.4598E+001   1.7034E+000  -6.4666E-003  -1.3369E-001  -3.9401E-001   3.6072E-002  -1.3206E+000   1.7024E-001  -8.8793E-002  -4.0622E-003   7.5490E-002   1.4150E-001   6.0508E-003   2.2166E-002   2.4630E-001   9.8707E-003   1.4204E-002  -9.0785E-002  -2.9566E-002   1.0814E-004  -2.4347E-002   8.4571E-002   5.0354E-001  
 2.2552E-001  -1.4380E+001   1.4919E+000  -4.9078E-002  -4.1209E-001  -3.8341E-001   7.7913E-002  -1.2951E+000   1.8458E-001  -1.8129E-001  -3.3276E-002   6.0267E-002   1.5245E-001   2.5467E-002   2.9472E-002   2.3131E-001  -1.5075E-003   4.8185E-002  -1.0294E-001  -3.2995E-002  -4.6705E-003  -2.3646E-002   9.5741E-002   5.2661E-001  
 8.6292E-001  -1.3930E+001   1.2144E+000  -1.4632E-001  -8.2613E-001  -2.4359E-001   1.4031E-001  -1.2628E+000   1.7566E-001  -2.9885E-001  -8.0126E-002   5.5719E-002   1.4254E-001   4.9969E-002   4.3835E-002   2.1094E-001  -2.3071E-002   9.0203E-002  -1.0874E-001  -3.5609E-002  -1.2025E-002  -2.3920E-002   1.0912E-001   5.7101E-001  
 1.1641E+000  -1.3897E+001   7.3296E-001  -5.9560E-001  -1.7054E+000   2.0155E-001  -8.9081E-003  -1.4195E+000   7.8032E-002  -2.4561E-001  -2.2293E-001   1.0408E-001  -9.1307E-002   1.4678E-001   1.2509E-001   1.4753E-001  -1.0550E-001   2.1764E-001  -1.6327E-001  -4.2961E-002  -6.1825E-003  -2.0616E-002   1.3100E-001   6.2197E-001  
-3.1354E-001  -1.3859E+001  -1.8853E+000  -9.5137E-002   5.4982E-001  -5.0783E-001  -6.6306E-002  -1.2811E+000  -2.5657E-001  -6.9176E-002  -3.0419E-002   1.0801E-001  -1.3537E-001   4.1543E-003   4.6197E-002   2.2968E-001   2.1211E-003  -5.5470E-003   1.1320E-001  -3.2281E-002  -1.1601E-002  -2.6293E-002   9.0066E-002   5.1262E-001  
-8.6104E-001  -1.3668E+001  -1.5655E+000  -5.9310E-002   3.1879E-001  -4.4977E-001  -3.4749E-002  -1.3074E+000  -2.0151E-001   1.5187E-002  -8.6065E-003   1.2811E-001  -1.1624E-001  -1.5390E-002   4.4295E-002   2.4349E-001  -4.9943E-003  -3.4311E-002   8.8691E-002  -2.6268E-002  -1.2364E-002  -2.6895E-002   8.0294E-002   5.0706E-001  
-5.2550E-002  -1.4575E+001   2.9133E-001  -4.6384E-002   1.9301E-001  -3.7227E-001  -1.6638E-002  -1.3257E+000  -1.3635E-001   7.2900E-002   3.5455E-003   1.4582E-001  -8.3989E-002  -2.8386E-002   3.9326E-002   2.5292E-001  -6.4623E-003  -5.4747E-002   6.0848E-002  -2.0424E-002  -1.0599E-002  -2.7461E-002   7.2664E-002   4.8700E-001  
-5.7461E-003  -1.4930E+001   2.9052E-001  -4.3621E-002   1.3823E-001  -3.1050E-001  -7.5517E-003  -1.3363E+000  -6.5465E-002   1.0660E-001   9.4057E-003   1.5788E-001  -4.3782E-002  -3.5797E-002   3.2414E-002   2.5872E-001  -4.0340E-003  -6.6907E-002   3.0176E-002  -1.6249E-002  -6.6442E-003  -2.7485E-002   6.7471E-002   4.8518E-001  
-6.2559E-002  -1.4957E+001  -2.9441E-002  -4.3580E-002   1.1970E-001  -2.8721E-001  -3.2117E-003  -1.3397E+000   7.0670E-003   1.1768E-001   1.1222E-002   1.6209E-001  -3.7354E-004  -3.8087E-002   2.4609E-002   2.6076E-001   4.1473E-004  -7.0795E-002  -1.8305E-003  -1.4760E-002  -1.5107E-003  -2.7267E-002   6.5061E-002   4.6696E-001  
-6.7622E-003  -1.4929E+001  -3.4936E-001  -4.4039E-002   1.0112E-001  -3.0931E-001   1.1486E-003  -1.3361E+000   7.9574E-002   1.0693E-001   9.4056E-003   1.5780E-001   4.2976E-002  -3.5461E-002   1.6815E-002   2.5868E-001   4.8720E-003  -6.6796E-002  -3.3794E-002  -1.5984E-002   3.5880E-003  -2.7442E-002   6.5576E-002   4.7780E-001  
-5.4601E-002  -1.4571E+001  -3.5016E-001  -4.7182E-002   4.6271E-002  -3.6986E-001   1.0304E-002  -1.3252E+000   1.5044E-001   7.3582E-002   3.6133E-003   1.4568E-001   8.3101E-002  -2.7767E-002   9.9507E-003   2.5291E-001   7.3437E-003  -5.4569E-002  -6.4272E-002  -1.9986E-002   7.4537E-003  -2.7352E-002   6.9452E-002   4.7287E-001  
-8.6414E-001  -1.3652E+001   1.5102E+000  -6.0526E-002  -7.9697E-002  -4.4614E-001   2.8482E-002  -1.3066E+000   2.1553E-001   1.6286E-002  -8.4416E-003   1.2789E-001   1.1519E-001  -1.4488E-002   5.0341E-003   2.4346E-001   5.8377E-003  -3.4042E-002  -9.1834E-002  -2.5710E-002   9.1250E-003  -2.6824E-002   7.6625E-002   4.9056E-001  
-3.1713E-001  -1.3843E+001   1.8343E+000  -9.6732E-002  -3.1099E-001  -5.0287E-001   6.0100E-002  -1.2800E+000   2.7055E-001  -6.7533E-002  -3.0107E-002   1.0779E-001   1.3411E-001   5.2851E-003   3.3175E-003   2.2968E-001  -1.3753E-003  -5.0981E-003  -1.1590E-001  -3.1771E-002   8.4129E-003  -2.6260E-002   8.6545E-002   4.9582E-001  
-8.6170E-002  -1.2395E+001  -1.7148E+000  -2.4340E-001   8.6162E-001  -7.4831E-001  -9.8227E-002  -1.2157E+000  -3.7562E-001  -2.2695E-002  -7.2267E-002   1.2316E-001  -1.0693E-001  -1.8723E-003   7.3231E-002   1.9769E-001   1.7572E-002  -3.0892E-002   1.4179E-001  -3.1587E-002  -1.9942E-002  -2.9764E-002   9.5519E-002   5.3441E-001  
-5.4617E-001  -1.2258E+001  -1.4115E+000  -1.7467E-001   5.3126E-001  -6.9147E-001  -5.8318E-002  -1.2481E+000  -2.9159E-001   7.9469E-002  -4.2447E-002   1.4643E-001  -1.0009E-001  -2.7017E-002   6.4711E-002   2.1614E-001   5.9276E-003  -6.1408E-002   1.0887E-001  -2.3240E-002  -1.8504E-002  -2.9270E-002   8.5085E-002   5.0701E-001  
-9.2289E-001  -1.2051E+001  -1.0823E+000  -1.3813E-001   3.2441E-001  -6.1546E-001  -3.2217E-002  -1.2713E+000  -1.9683E-001   1.5012E-001  -2.4455E-002   1.6671E-001  -7.5979E-002  -4.3797E-002   5.2792E-002   2.2863E-001   4.8597E-004  -8.2812E-002   7.3528E-002  -1.5633E-002  -1.4714E-002  -2.9022E-002   7.6935E-002   4.9256E-001  
-1.1752E+000  -1.1983E+001  -5.0080E-001  -1.2144E-001   2.0068E-001  -5.5490E-001  -1.5229E-002  -1.2854E+000  -9.5546E-002   1.9180E-001  -1.5216E-002   1.8024E-001  -4.0697E-002  -5.3122E-002   3.8830E-002   2.3564E-001  -6.9378E-004  -9.5275E-002   3.6141E-002  -9.9628E-003  -8.7781E-003  -2.9151E-002   7.1319E-002   4.8507E-001  
-1.2613E+000  -1.1932E+001  -2.9093E-002  -1.1682E-001   1.1984E-001  -5.3199E-001  -3.0727E-003  -1.2899E+000   7.7424E-003   2.0554E-001  -1.2379E-002   1.8507E-001  -5.0846E-004  -5.5914E-002   2.4199E-002   2.3802E-001   3.9023E-004  -9.9275E-002  -1.8670E-003  -7.7943E-003  -1.2122E-003  -2.9124E-002   6.8712E-002   4.6025E-001  
-1.1759E+000  -1.1978E+001   4.4765E-001  -1.2176E-001   3.9030E-002  -5.5352E-001   9.1491E-003  -1.2851E+000   1.1108E-001   1.9211E-001  -1.5119E-002   1.8026E-001   3.9715E-002  -5.2761E-002   9.6236E-003   2.3578E-001   1.5387E-003  -9.5188E-002  -3.9739E-002  -9.8529E-003   6.3199E-003  -2.8980E-002   6.9225E-002   4.7695E-001  
-9.2432E-001  -1.2045E+001   1.0255E+000  -1.3870E-001  -8.4689E-002  -6.1261E-001   2.6253E-002  -1.2706E+000   2.1247E-001   1.5082E-001  -2.4222E-002   1.6679E-001   7.5029E-002  -4.3082E-002  -4.1626E-003   2.2897E-001   4.7571E-004  -8.2596E-002  -7.6790E-002  -1.5492E-002   1.2233E-002  -2.8696E-002   7.3383E-002   4.7822E-001  
-5.4819E-001  -1.2251E+001   1.3589E+000  -1.7538E-001  -2.9150E-001  -6.8707E-001   5.2483E-002  -1.2468E+000   3.0741E-001   8.0652E-002  -4.1997E-002   1.4663E-001   9.9183E-002  -2.5997E-002  -1.5751E-002   2.1669E-001  -4.9036E-003  -6.1003E-002  -1.1163E-001  -2.3214E-002   1.6076E-002  -2.8849E-002   8.0878E-002   4.9011E-001  
-8.8301E-002  -1.2389E+001   1.6654E+000  -2.4437E-001  -6.2200E-001  -7.4224E-001   9.2449E-002  -1.2140E+000   3.9155E-001  -2.0865E-002  -7.1671E-002   1.2349E-001   1.0590E-001  -5.0506E-004  -2.3841E-002   1.9832E-001  -1.6633E-002  -3.0195E-002  -1.4397E-001  -3.1727E-002   1.7625E-002  -2.9435E-002   9.1284E-002   5.1766E-001  
-5.3495E-001  -1.2288E+001  -1.0748E+000  -1.0689E+000   1.9886E+000  -1.6703E+000   1.3953E-001  -1.6960E+000  -8.5602E-003  -2.9051E-002  -2.6813E-001  -1.3396E-001   2.4308E-001   5.1737E-002   3.2809E-001   5.9664E-002   8.1337E-002  -1.1013E-001   3.2187E-001   9.0679E-003   1.1300E-002  -2.4640E-002   9.2904E-002   5.3505E-001  
-2.1940E-001  -1.1628E+001  -1.5888E+000  -4.0156E-001   8.8898E-001  -1.1661E+000  -7.4337E-002  -1.1925E+000  -3.6787E-001   1.5945E-001  -1.0988E-001   1.1360E-001  -4.4426E-002  -5.1018E-002   1.1515E-001   1.5908E-001   2.5272E-002  -1.0320E-001   1.4852E-001  -1.7756E-002  -1.0684E-002  -3.1253E-002   9.1049E-002   5.3256E-001  
-4.9364E-001  -1.1488E+001  -1.0033E+000  -3.0649E-001   5.3578E-001  -1.0624E+000  -5.1834E-002  -1.1853E+000  -2.6769E-001   2.5964E-001  -7.3245E-002   1.5746E-001  -5.4490E-002  -6.8342E-002   7.1873E-002   1.8654E-001   9.5691E-003  -1.1855E-001   8.9110E-002  -9.7133E-003  -1.7094E-002  -3.1883E-002   8.4767E-002   5.1465E-001  
-6.8813E-001  -1.1364E+001  -6.3340E-001  -2.7356E-001   3.0324E-001  -1.0038E+000  -2.4965E-002  -1.2023E+000  -1.3072E-001   3.0952E-001  -5.9965E-002   1.7240E-001  -3.0929E-002  -8.0603E-002   4.8310E-002   1.9524E-001   3.7371E-003  -1.3209E-001   4.3793E-002  -3.8297E-003  -9.3840E-003  -3.1810E-002   7.8853E-002   4.9468E-001  
-7.6584E-001  -1.1325E+001  -2.6960E-002  -2.6353E-001   1.2022E-001  -9.8149E-001  -2.8290E-003  -1.2077E+000   8.5111E-003   3.2597E-001  -5.5694E-002   1.7774E-001  -5.2253E-004  -8.4484E-002   2.3930E-002   1.9830E-001   4.8605E-004  -1.3654E-001  -1.6332E-003  -1.7820E-003  -7.3145E-004  -3.1699E-002   7.6022E-002   4.7926E-001  
-6.8850E-001  -1.1366E+001   5.7532E-001  -2.7341E-001  -6.2658E-002  -1.0020E+000   1.9414E-002  -1.2015E+000   1.4794E-001   3.0994E-001  -5.9607E-002   1.7278E-001   3.0037E-002  -8.0261E-002  -2.4957E-004   1.9592E-001  -2.6714E-003  -1.3194E-001  -4.6821E-002  -3.9842E-003   7.9586E-003  -3.1407E-002   7.6850E-002   4.8565E-001  
-4.9426E-001  -1.1488E+001   9.4494E-001  -3.0628E-001  -2.9496E-001  -1.0588E+000   4.6474E-002  -1.1838E+000   2.8526E-001   2.6056E-001  -7.2632E-002   1.5815E-001   5.3843E-002  -6.7607E-002  -2.3390E-002   1.8764E-001  -8.3769E-003  -1.1814E-001  -9.1667E-002  -1.0022E-002   1.5732E-002  -3.1346E-002   8.1371E-002   5.0007E-001  
-2.1654E-001  -1.1618E+001   1.5364E+000  -3.9727E-001  -6.4392E-001  -1.1569E+000   7.1052E-002  -1.1859E+000   3.9019E-001   1.6232E-001  -1.0759E-001   1.1703E-001   4.6592E-002  -5.0373E-002  -6.2836E-002   1.6183E-001  -2.3440E-002  -1.0177E-001  -1.4842E-001  -1.9489E-002   1.1076E-002  -3.0798E-002   8.7081E-002   5.1516E-001  
-5.1847E-001  -1.2263E+001   1.0352E+000  -1.0445E+000  -1.7275E+000  -1.6510E+000  -1.3263E-001  -1.6670E+000   4.2646E-002  -2.6850E-002  -2.6202E-001  -1.1982E-001  -2.2896E-001   4.8745E-002  -2.7173E-001   6.4087E-002  -7.8874E-002  -1.0542E-001  -3.1325E-001   5.5298E-003  -1.1969E-002  -2.4311E-002   8.9332E-002   5.2165E-001  
