 3.4830E+000  -5.9793E+000   1.1026E+001   9.4190E-002  -3.1707E-001  -6.5767E-001  -3.0560E-001  -3.5203E-001  -5.6316E-001   9.7107E-002  -1.3503E-001   7.8510E-001  -3.2031E-001  -1.3886E-002   1.3735E-002  -8.3820E-002   2.0411E-001  -1.1602E+000   5.0222E-002   5.1440E-001   1.1165E+000  -1.1339E-002   6.9890E-001   2.4597E+000  
 3.9915E+000  -5.7793E+000   1.0736E+001   8.0992E-002  -5.6637E-001   3.2973E-002  -2.1319E-001  -2.7547E-001  -2.8953E-001  -9.1502E-001  -1.7032E-002   7.6391E-001  -2.1231E-001   9.1248E-001   3.1575E-001  -1.0143E-001   1.4998E-002  -1.1279E+000   2.1081E-002   2.6549E-001   4.8750E-001   4.1659E-002   8.1793E-001   3.3187E+000  
 4.6398E+000  -5.6163E+000   8.3950E+000   1.3510E-001  -2.9680E-001   1.7344E-001  -1.5702E-001  -2.7816E-001  -2.0408E-001  -9.6910E-001   4.7985E-002   7.9962E-001  -1.3693E-001   1.0265E+000   2.5148E-001  -1.2690E-001   6.3036E-003  -1.1890E+000   6.9432E-003   3.2104E-001   3.1219E-001   7.0592E-002   8.1713E-001   3.1278E+000  
 5.1163E+000  -5.6836E+000   4.9681E+000   1.6402E-001  -1.1713E-001   2.5978E-001  -8.5735E-002  -2.8070E-001  -1.1041E-001  -9.7617E-001   9.0358E-002   8.1997E-001  -6.1968E-002   1.0703E+000   1.3886E-001  -1.4638E-001   2.5069E-003  -1.2311E+000  -8.4776E-003   3.8140E-001   1.6372E-001   8.2403E-002   8.0778E-001   3.2193E+000  
 5.3346E+000  -5.8722E+000  -9.7813E-002   1.7300E-001   6.3988E-003   2.9037E-001   9.3228E-004  -2.8089E-001  -7.1276E-003  -9.7906E-001   1.0498E-001   8.2600E-001   6.4285E-003   1.0864E+000   9.1729E-003  -1.5239E-001  -3.0896E-004  -1.2471E+000  -1.2261E-002   4.0320E-001   7.0196E-003   8.6846E-002   8.0369E-001   3.2662E+000  
 5.0986E+000  -5.6555E+000  -5.1498E+000   1.6343E-001   1.3001E-001   2.5719E-001   8.7299E-002  -2.7955E-001   9.5725E-002  -9.7546E-001   8.9145E-002   8.1738E-001   7.4898E-002   1.0729E+000  -1.2067E-001  -1.4515E-001  -3.1879E-003  -1.2304E+000  -1.5833E-002   3.8413E-001  -1.5002E-001   8.1701E-002   8.0829E-001   3.2160E+000  
 4.6058E+000  -5.5540E+000  -8.5541E+000   1.3332E-001   3.1044E-001   1.6834E-001   1.5743E-001  -2.7547E-001   1.8772E-001  -9.6805E-001   4.5176E-002   7.9438E-001   1.5066E-001   1.0320E+000  -2.3364E-001  -1.2391E-001  -7.5020E-003  -1.1880E+000  -3.1022E-002   3.2623E-001  -2.9941E-001   6.8744E-002   8.1764E-001   3.1114E+000  
 3.9431E+000  -5.6826E+000  -1.0818E+001   7.4941E-002   5.8338E-001   2.3808E-002   2.1041E-001  -2.6814E-001   2.6851E-001  -9.1340E-001  -2.2828E-002   7.5467E-001   2.2942E-001   9.2073E-001  -2.9763E-001  -9.5205E-002  -1.7806E-002  -1.1268E+000  -4.6352E-002   2.7317E-001  -4.7625E-001   3.8916E-002   8.1802E-001   3.2898E+000  
 3.4255E+000  -5.8615E+000  -1.1080E+001   6.5445E-002   3.2414E-001  -6.7626E-001   2.9114E-001  -3.1951E-001   5.5348E-001   1.1050E-001  -1.5056E-001   7.6319E-001   3.5028E-001  -1.9456E-002  -8.1856E-003  -6.9786E-002  -2.1142E-001  -1.1574E+000  -7.9883E-002   5.3704E-001  -1.1036E+000  -1.2850E-002   6.9799E-001   2.4349E+000  
 2.2253E+000  -4.6444E+000   1.1805E+001   3.9557E-002  -6.2273E-001   2.0078E-001  -1.6292E-001  -5.8812E-002  -1.9351E-001  -6.4733E-001  -1.4046E-001   6.1518E-001  -3.7447E-001   8.8652E-001   4.8084E-001   2.2468E-002   7.1580E-002  -1.2237E+000   5.4873E-002   3.2147E-002   5.3648E-001  -3.5769E-002   8.5931E-001   3.3698E+000  
 2.9259E+000  -4.7956E+000   1.0839E+001   1.3258E-001  -2.9063E-001   2.8442E-001  -1.7716E-001  -7.2465E-002  -1.6949E-001  -6.0353E-001  -3.8153E-002   6.3537E-001  -2.3964E-001   9.3716E-001   3.9549E-001  -3.4578E-002   3.1993E-002  -1.2736E+000   2.3960E-002   1.4592E-001   4.4032E-001   4.1743E-003   8.8670E-001   3.1856E+000  
 3.4995E+000  -4.8866E+000   8.4306E+000   1.6536E-001  -1.1577E-001   3.8677E-001  -1.3927E-001  -6.3353E-002  -1.2376E-001  -5.8204E-001   1.9170E-002   6.4813E-001  -1.4867E-001   9.8206E-001   2.8584E-001  -5.8157E-002   2.1464E-002  -1.3335E+000   2.9269E-003   2.4726E-001   3.1570E-001   2.0593E-002   8.9416E-001   3.3447E+000  
 3.9152E+000  -5.2114E+000   4.2544E+000   1.7394E-001  -3.3273E-002   4.6208E-001  -7.3919E-002  -4.8251E-002  -6.5561E-002  -5.6909E-001   4.7301E-002   6.4855E-001  -6.9860E-002   1.0112E+000   1.5208E-001  -6.1225E-002   1.3083E-002  -1.3777E+000  -7.3745E-003   3.1511E-001   1.6763E-001   2.2410E-002   8.9526E-001   3.4367E+000  
 4.0663E+000  -5.4493E+000  -8.0156E-002   1.7476E-001   5.6146E-003   4.8836E-001   1.1139E-003  -4.1586E-002  -4.7205E-003  -5.6374E-001   5.5224E-002   6.4613E-001   5.4058E-003   1.0211E+000   8.9766E-003  -6.0059E-002  -2.0221E-004  -1.3929E+000  -1.3643E-002   3.4056E-001   6.5234E-003   2.0772E-002   8.9598E-001   3.4822E+000  
 3.9012E+000  -5.1760E+000  -4.4016E+000   1.7403E-001   4.4458E-002   4.6019E-001   7.5941E-002  -4.8363E-002   5.5759E-002  -5.6877E-001   4.6742E-002   6.4664E-001   8.0655E-002   1.0144E+000  -1.3425E-001  -6.0778E-002  -1.3442E-002  -1.3773E+000  -1.9640E-002   3.1782E-001  -1.5505E-001   2.2047E-002   8.9557E-001   3.4297E+000  
 3.4726E+000  -4.8189E+000  -8.5518E+000   1.6524E-001   1.2712E-001   3.8294E-001   1.4051E-001  -6.3242E-002   1.1256E-001  -5.8142E-001   1.7824E-002   6.4409E-001   1.5980E-001   9.8836E-001  -2.6819E-001  -5.6922E-002  -2.2001E-002  -1.3329E+000  -2.9465E-002   2.5250E-001  -3.0450E-001   1.9647E-002   8.9453E-001   3.3320E+000  
 2.8895E+000  -4.6991E+000  -1.0901E+001   1.3171E-001   3.0263E-001   2.7871E-001   1.7701E-001  -7.1566E-002   1.5577E-001  -6.0288E-001  -4.0585E-002   6.2915E-001   2.5170E-001   9.4655E-001  -3.7824E-001  -3.2264E-002  -3.3088E-002  -1.2732E+000  -4.9839E-002   1.5313E-001  -4.3087E-001   2.4735E-003   8.8684E-001   3.1851E+000  
 2.1841E+000  -4.5082E+000  -1.1821E+001   3.7451E-002   6.3567E-001   1.9326E-001   1.6113E-001  -5.6677E-002   1.7645E-001  -6.4683E-001  -1.4394E-001   6.0691E-001   3.8766E-001   8.9860E-001  -4.6434E-001   2.5809E-002  -7.3405E-002  -1.2234E+000  -7.9686E-002   4.0838E-002  -5.2914E-001  -3.8047E-002   8.5922E-001   3.3827E+000  
 1.3735E+000  -2.4689E+000   1.0985E+001   1.4526E-001  -3.0243E-001   2.8604E-001  -1.6266E-001  -1.3129E-002  -1.0626E-001  -3.9559E-001  -9.9636E-002   5.1261E-001  -3.4146E-001   8.1733E-001   5.5154E-001   5.5444E-003   5.1879E-002  -1.3605E+000   3.0503E-002  -7.3658E-002   5.2275E-001  -3.9472E-002   9.0885E-001   3.3347E+000  
 1.9317E+000  -3.7868E+000   1.0020E+001   1.8569E-001  -9.1375E-002   3.6644E-001  -1.6268E-001  -3.7361E-003  -9.6279E-002  -3.4019E-001  -2.1503E-002   5.2037E-001  -2.2927E-001   8.6296E-001   4.4668E-001  -2.9503E-002   3.0200E-002  -1.4375E+000   1.0851E-002   4.5122E-002   4.3425E-001  -1.3179E-002   9.4381E-001   3.3118E+000  
 1.9249E+000   3.5504E-001   2.1950E+000   1.9462E-001   3.4823E-004   4.6634E-001  -1.2295E-001   1.8751E-002  -7.2069E-002  -3.0992E-001   1.9675E-002   5.2376E-001  -1.4413E-001   9.0299E-001   3.1875E-001  -4.1371E-002   2.5902E-002  -1.5164E+000  -4.3286E-003   1.4696E-001   3.1022E-001  -6.4307E-003   9.6002E-001   3.5007E+000  
 1.6710E+000   1.2564E+000   5.7453E-001   1.9542E-001   1.9833E-002   5.4249E-001  -6.3969E-002   3.9056E-002  -3.8765E-002  -2.9307E-001   3.7073E-002   5.2162E-001  -6.8422E-002   9.3114E-001   1.6938E-001  -4.4479E-002   1.6845E-002  -1.5734E+000  -1.2416E-002   2.1274E-001   1.6158E-001  -7.8293E-003   9.6753E-001   3.6280E+000  
 1.6175E+000   1.2610E+000  -1.3532E-003   1.9566E-001   4.9954E-003   5.6961E-001   9.6004E-004   4.7540E-002  -2.8755E-003  -2.8658E-001   3.9928E-002   5.1997E-001   4.4181E-003   9.4210E-001   8.5170E-003  -4.6280E-002  -1.2839E-004  -1.5931E+000  -1.5408E-002   2.3519E-001   5.5969E-003  -8.7861E-003   9.7058E-001   3.6672E+000  
 1.6707E+000   1.2606E+000  -5.7681E-001   1.9552E-001  -9.9132E-003   5.4075E-001   6.5710E-002   3.8394E-002   3.2645E-002  -2.9281E-001   3.6896E-002   5.1988E-001   7.7290E-002   9.3469E-001  -1.5243E-001  -4.4293E-002  -1.7073E-002  -1.5732E+000  -1.8101E-002   2.1539E-001  -1.5089E-001  -7.9820E-003   9.6763E-001   3.6142E+000  
 1.9212E+000   3.7543E-001  -2.2091E+000   1.9479E-001   9.4081E-003   4.6286E-001   1.2420E-001   1.7656E-002   6.4830E-002  -3.0939E-001   1.9214E-002   5.2014E-001   1.5308E-001   9.0994E-001  -3.0209E-001  -4.0921E-002  -2.6091E-002  -1.5161E+000  -2.5292E-002   1.5202E-001  -3.0090E-001  -6.8264E-003   9.6024E-001   3.4917E+000  
 1.9065E+000  -3.6507E+000  -1.0050E+001   1.8580E-001   1.0098E-001   3.6140E-001   1.6312E-001  -4.9661E-003   8.7174E-002  -3.3955E-001  -2.2445E-002   5.1488E-001   2.3843E-001   8.7302E-001  -4.3065E-001  -2.8697E-002  -3.0497E-002  -1.4373E+000  -3.8980E-002   5.2177E-002  -4.2675E-001  -1.3913E-002   9.4389E-001   3.3123E+000  
 1.3468E+000  -2.3029E+000  -1.0960E+001   1.4484E-001   3.1219E-001   2.7948E-001   1.6199E-001  -1.3988E-002   9.4297E-002  -3.9496E-001  -1.0123E-001   5.0520E-001   3.5127E-001   8.3020E-001  -5.3626E-001   6.9557E-003  -5.2618E-002  -1.3605E+000  -5.6916E-002  -6.5404E-002  -5.1747E-001  -4.0706E-002   9.0864E-001   3.3392E+000  
 4.5938E-001   3.2969E+000   4.5973E+000  -8.7060E-001  -4.0141E-001   2.9193E-001   7.5132E-001   3.9648E-001   1.1746E-002   5.9597E-001  -9.2287E-001   7.8624E-001  -1.2837E+000  -9.4232E-003  -1.1407E-001   4.2295E-001   7.4580E-001  -1.4193E+000  -1.7870E-002  -8.3261E-001   1.1306E+000  -9.8897E-002   7.0797E-001   3.1459E+000  
-4.2540E-002   2.6408E+000   8.1627E+000  -3.4760E-002  -8.3089E-001   4.2441E-001  -1.3628E-002   9.0794E-003   8.6698E-003  -4.6479E-001  -2.9818E-001   4.3728E-001  -6.5126E-001   6.1302E-001   7.8733E-001   1.0471E-001   1.6719E-001  -1.3464E+000   9.0579E-003  -4.0022E-001   5.4590E-001  -1.1999E-001   8.2637E-001   3.2073E+000  
 3.2653E-001   1.6651E+000   9.6309E+000   1.4045E-001  -3.8340E-001   2.5479E-001  -1.1884E-001  -2.6644E-002  -2.6486E-002  -3.1358E-001  -1.5015E-001   4.0248E-001  -4.5574E-001   6.6240E-001   7.0997E-001   3.1576E-002   6.7405E-002  -1.4112E+000   1.3304E-002  -3.0308E-001   5.2467E-001  -6.4072E-002   8.9372E-001   3.3825E+000  
 6.9874E-001  -8.0280E-001   9.6804E+000   1.9748E-001  -1.2150E-001   2.5272E-001  -1.5349E-001  -2.3005E-002  -4.4631E-002  -2.1460E-001  -5.1863E-002   3.9989E-001  -3.1794E-001   7.0621E-001   6.1118E-001  -1.3587E-002   2.8820E-002  -1.5058E+000   7.3432E-003  -1.8989E-001   4.8162E-001  -2.5927E-002   9.5218E-001   3.5434E+000  
 1.5714E+000   1.2849E+000   1.6076E+000   2.0155E-001   6.9466E-003   3.3222E-001  -1.4129E-001   2.0787E-004  -4.6173E-002  -1.5564E-001   5.5535E-003   4.0378E-001  -2.1952E-001   7.5080E-001   4.9177E-001  -3.4070E-002   2.3441E-002  -1.6141E+000  -1.1317E-003  -7.4691E-002   3.9900E-001  -1.2916E-002   9.8700E-001   3.7596E+000  
 1.2963E+000   1.2726E+000   1.1242E+000   1.9271E-001   4.8011E-002   4.3161E-001  -9.9119E-002   2.9214E-002  -3.5348E-002  -1.2328E-001   3.2842E-002   4.0412E-001  -1.3843E-001   7.9012E-001   3.4917E-001  -4.2185E-002   2.4571E-002  -1.7153E+000  -8.0947E-003   2.1504E-002   2.8023E-001  -1.3274E-002   1.0027E+000   3.5754E+000  
 1.1144E+000   1.2620E+000   5.7490E-001   1.8644E-001   3.8140E-002   5.0732E-001  -4.9012E-002   5.0944E-002  -1.9376E-002  -1.0260E-001   4.5273E-002   4.0239E-001  -6.3798E-002   8.1590E-001   1.8383E-001  -5.1566E-002   1.3531E-002  -1.7818E+000  -1.3704E-002   8.3757E-002   1.4590E-001  -1.3505E-002   1.0128E+000   3.7403E+000  
 1.0511E+000   1.2582E+000   5.2303E-004   1.8458E-001   4.3521E-003   5.3423E-001   5.5961E-004   5.9589E-002  -1.5239E-003  -9.5337E-002   4.7917E-002   4.0221E-001   3.4290E-003   8.2589E-001   7.7003E-003  -5.7226E-002  -6.4184E-005  -1.8041E+000  -1.7371E-002   1.0585E-001   4.3061E-003  -1.2975E-002   1.0168E+000   3.7352E+000  
 1.1143E+000   1.2653E+000  -5.7343E-001   1.8638E-001  -2.9547E-002   5.0553E-001   5.0067E-002   5.0105E-002   1.6023E-002  -1.0236E-001   4.5282E-002   4.0064E-001   7.0707E-002   8.1976E-001  -1.6855E-001  -5.1358E-002  -1.3669E-002  -1.7817E+000  -2.0603E-002   8.6041E-002  -1.3771E-001  -1.3672E-002   1.0128E+000   3.7292E+000  
 1.2961E+000   1.2792E+000  -1.1214E+000   1.9264E-001  -3.9700E-002   4.2809E-001   9.9920E-002   2.7669E-002   3.1048E-002  -1.2279E-001   3.2835E-002   4.0059E-001   1.4541E-001   7.9763E-001  -3.3424E-001  -4.1898E-002  -2.4663E-002  -1.7152E+000  -2.4953E-002   2.5950E-002  -2.7331E-001  -1.3543E-002   1.0027E+000   3.5668E+000  
 1.5710E+000   1.2947E+000  -1.6027E+000   2.0155E-001   9.4149E-004   3.2715E-001   1.4161E-001  -1.8169E-003   4.0261E-002  -1.5492E-001   5.4257E-003   3.9843E-001   2.2651E-001   7.6149E-001  -4.7743E-001  -3.3778E-002  -2.3414E-002  -1.6142E+000  -2.9916E-002  -6.8413E-002  -3.9399E-001  -1.3182E-002   9.8693E-001   3.7701E+000  
 6.8708E-001  -6.2960E-001  -9.6342E+000   1.9735E-001   1.2906E-001   2.4621E-001   1.5310E-001  -2.5139E-002   3.6268E-002  -2.1369E-001  -5.2299E-002   3.9265E-001   3.2517E-001   7.1957E-001  -5.9753E-001  -1.3065E-002  -2.8912E-002  -1.5060E+000  -3.5990E-002  -1.8240E-001  -4.7896E-001  -2.6348E-002   9.5182E-001   3.5448E+000  
 3.1943E-001   1.8535E+000  -9.5543E+000   1.3985E-001   3.9073E-001   2.4688E-001   1.1789E-001  -2.8545E-002   1.4787E-002  -3.1253E-001  -1.5083E-001   3.9345E-001   4.6336E-001   6.7784E-001  -6.9710E-001   3.2395E-002  -6.7805E-002  -1.4117E+000  -3.9427E-002  -2.9509E-001  -5.2454E-001  -6.4716E-002   8.9297E-001   3.4083E+000  
-4.3035E-002   2.8320E+000  -8.0809E+000  -3.5593E-002   8.3785E-001   4.1479E-001   1.2934E-002   7.5560E-003  -2.4527E-002  -4.6341E-001  -2.9858E-001   4.2644E-001   6.5895E-001   6.2970E-001  -7.7527E-001   1.0554E-001  -1.6742E-001  -1.3469E+000  -3.2837E-002  -3.9216E-001  -5.4811E-001  -1.2033E-001   8.2537E-001   3.2129E+000  
 4.6529E-001   3.4760E+000  -4.4901E+000  -8.6881E-001   4.0175E-001   2.9532E-001  -7.4724E-001   3.9439E-001  -1.3025E-002   5.9574E-001  -9.2193E-001   7.6977E-001   1.2898E+000  -7.5722E-003   1.1445E-001   4.2651E-001  -7.4308E-001  -1.4179E+000  -6.3322E-003  -8.1284E-001  -1.1403E+000  -9.8651E-002   7.0724E-001   3.1525E+000  
-9.2484E-002   8.1527E+000   4.5621E+000  -2.8425E-001  -1.0881E+000   7.9438E-001   1.8951E-001   5.0831E-002   1.0525E-001  -6.2781E-001  -4.2891E-001   4.6602E-001  -8.7253E-001   4.3343E-001   9.1850E-001   1.5229E-001   3.0224E-001  -1.3718E+000  -6.9769E-002  -5.8303E-001   4.3748E-001  -1.4278E-001   8.0768E-001   3.3662E+000  
 1.1457E-001   6.3669E+000   7.4098E+000   8.5282E-002  -5.3181E-001   3.0499E-001  -5.4985E-002  -5.8102E-002   6.5871E-002  -3.4660E-001  -2.0609E-001   3.1111E-001  -5.9378E-001   4.7490E-001   8.4284E-001   6.2542E-002   1.0257E-001  -1.3951E+000  -2.6910E-002  -4.9691E-001   4.4899E-001  -9.0166E-002   8.6950E-001   3.3396E+000  
 1.9590E-001   3.9929E+000   7.6837E+000   1.9333E-001  -2.2714E-001   1.4149E-001  -1.2266E-001  -7.2054E-002   2.4849E-002  -1.8951E-001  -8.3525E-002   2.7641E-001  -4.2732E-001   5.1583E-001   7.5709E-001   1.2725E-002   2.3587E-002  -1.4971E+000  -1.3319E-002  -4.1046E-001   4.4633E-001  -3.8510E-002   9.3836E-001   3.5156E+000  
 1.5527E+000   1.2345E+000   1.9642E+000   2.0328E-001  -5.9678E-002   1.4251E-001  -1.3533E-001  -5.2832E-002  -7.9653E-004  -9.2207E-002  -7.6720E-003   2.7816E-001  -3.1075E-001   5.6090E-001   6.5676E-001  -1.2526E-002   8.1222E-003  -1.6346E+000  -9.2228E-003  -3.0149E-001   4.0276E-001  -1.7329E-002   9.9124E-001   3.6785E+000  
 1.1607E+000   1.1837E+000   1.5790E+000   1.8225E-001   1.7785E-002   2.2228E-001  -1.1110E-001  -2.0529E-002  -1.2019E-002  -3.4235E-002   3.0268E-002   2.8243E-001  -2.1978E-001   6.0283E-001   5.3106E-001  -1.9703E-002   1.9414E-002  -1.7761E+000  -1.1051E-002  -1.8832E-001   3.2431E-001  -1.8021E-002   1.0177E+000   3.8239E+000  
 8.4209E-001   1.1416E+000   1.0997E+000   1.6216E-001   4.0339E-002   3.1902E-001  -7.3025E-002   9.8384E-003  -1.2520E-002   6.5195E-003   4.9325E-002   2.8037E-001  -1.3533E-001   6.3506E-001   3.7495E-001  -2.9727E-002   1.5387E-002  -1.8880E+000  -1.3986E-002  -9.6294E-002   2.2680E-001  -1.8868E-002   1.0312E+000   3.6925E+000  
 6.3590E-001   1.1138E+000   5.6111E-001   1.4469E-001   2.9016E-002   3.9220E-001  -3.3635E-002   2.9543E-002  -8.0949E-003   3.1499E-002   6.1476E-002   2.7963E-001  -6.0148E-002   6.5590E-001   1.9579E-001  -3.9037E-002   5.1574E-003  -1.9576E+000  -1.5086E-002  -3.5618E-002   1.1782E-001  -2.3529E-002   1.0378E+000   3.7120E+000  
 5.6677E-001   1.1061E+000   1.9643E-003   1.3565E-001   3.5221E-003   4.1823E-001   1.6045E-004   3.3885E-002  -4.8782E-004   3.9387E-002   6.8717E-002   2.7967E-001   2.4175E-003   6.6346E-001   6.3798E-003  -3.9694E-002   3.6681E-005  -1.9790E+000  -1.9049E-002  -1.4432E-002   3.0545E-003  -2.9083E-002   1.0375E+000   3.6542E+000  
 6.3581E-001   1.1162E+000  -5.5678E-001   1.4461E-001  -2.2064E-002   3.9031E-001   3.3924E-002   2.8870E-002   6.8138E-003   3.1763E-002   6.1472E-002   2.7791E-001   6.5043E-002   6.5997E-001  -1.8312E-001  -3.8924E-002  -5.1203E-003  -1.9576E+000  -2.2527E-002  -3.3821E-002  -1.1216E-001  -2.3580E-002   1.0378E+000   3.7027E+000  
 8.4201E-001   1.1464E+000  -1.0942E+000   1.6191E-001  -3.3661E-002   3.1529E-001   7.3206E-002   8.4988E-003   1.0313E-002   7.0383E-003   4.9430E-002   2.7689E-001   1.4037E-001   6.4294E-001  -3.6255E-001  -2.9473E-002  -1.5428E-002  -1.8881E+000  -2.2235E-002  -9.2803E-002  -2.2240E-001  -1.9053E-002   1.0310E+000   3.6914E+000  
 1.1606E+000   1.1909E+000  -1.5713E+000   1.8193E-001  -1.1501E-002   2.1693E-001   1.1097E-001  -2.2427E-002   8.2937E-003  -3.3442E-002   3.0406E-002   2.7711E-001   2.2489E-001   6.1403E-001  -5.1910E-001  -1.9427E-002  -1.9364E-002  -1.7763E+000  -2.2927E-002  -1.8333E-001  -3.2183E-001  -1.8192E-002   1.0175E+000   3.8358E+000  
 1.5528E+000   1.2440E+000  -1.9536E+000   2.0289E-001   6.5459E-002   1.3575E-001   1.3476E-001  -5.5106E-002  -5.0909E-003  -9.1146E-002  -7.5479E-003   2.7093E-001   3.1591E-001   5.7472E-001  -6.4540E-001  -1.2236E-002  -7.9636E-003  -1.6349E+000  -2.1818E-002  -2.9536E-001  -4.0267E-001  -1.7414E-002   9.9078E-001   3.6844E+000  
 2.0412E-001   4.1440E+000  -7.5929E+000   1.9268E-001   2.3242E-001   1.3336E-001   1.2189E-001  -7.4445E-002  -3.3776E-002  -1.8813E-001  -8.3337E-002   2.6731E-001   4.3262E-001   5.3161E-001  -7.4634E-001   1.3106E-002  -2.3481E-002  -1.4975E+000  -1.4659E-002  -4.0387E-001  -4.4876E-001  -3.8592E-002   9.3760E-001   3.5125E+000  
 1.3011E-001   6.5374E+000  -7.3085E+000   8.4700E-002   5.3643E-001   2.9510E-001   5.4937E-002  -6.0451E-002  -7.8840E-002  -3.4468E-001  -2.0538E-001   2.9993E-001   5.9897E-001   4.9194E-001  -8.3262E-001   6.2838E-002  -1.0202E-001  -1.3955E+000   1.6366E-003  -4.9040E-001  -4.5365E-001  -8.9822E-002   8.6866E-001   3.3382E+000  
-6.6271E-002   8.3282E+000  -4.4418E+000  -2.8231E-001   1.0899E+000   7.8081E-001  -1.8555E-001   4.7726E-002  -1.2315E-001  -6.2321E-001  -4.2647E-001   4.5144E-001   8.7603E-001   4.4976E-001  -9.0779E-001   1.5214E-001  -2.9972E-001  -1.3711E+000   4.6336E-002  -5.7659E-001  -4.4523E-001  -1.4189E-001   8.0716E-001   3.3966E+000  
 7.1498E-001   1.0803E+001   3.6326E+000  -3.3140E-002  -6.7472E-001   5.5277E-001  -1.6835E-002  -7.9938E-002   1.7670E-001  -4.7959E-001  -2.6166E-001   2.4958E-001  -7.2464E-001   2.7424E-001   9.0107E-001   7.6202E-002   1.5149E-001  -1.2999E+000  -7.6300E-002  -6.5269E-001   3.1764E-001  -1.0363E-001   8.5517E-001   3.2015E+000  
 5.7952E-001   8.8032E+000   5.1366E+000   1.5230E-001  -3.7758E-001   1.5478E-001  -8.5054E-002  -1.1401E-001   1.0929E-001  -2.7601E-001  -1.2472E-001   1.7493E-001  -5.6417E-001   3.1530E-001   8.6652E-001   4.1188E-002   4.3062E-002  -1.4173E+000  -4.6112E-002  -5.8157E-001   3.3025E-001  -5.5065E-002   9.1623E-001   3.4155E+000  
 1.5437E+000   2.0882E+000   2.5687E+000   2.0046E-001  -1.9668E-001   5.7623E-003  -1.0492E-001  -1.0739E-001   5.8873E-002  -1.2887E-001  -3.5899E-002   1.5854E-001  -4.3351E-001   3.5355E-001   7.9574E-001   1.9649E-002   9.6311E-004  -1.5703E+000  -2.9907E-002  -4.9599E-001   3.2162E-001  -2.7522E-002   9.7317E-001   3.6381E+000  
 1.2765E+000   1.0421E+000   1.8882E+000   1.8644E-001  -9.0967E-002   4.2798E-003  -1.0261E-001  -7.8632E-002   2.7212E-002  -2.6078E-002   2.0319E-002   1.6339E-001  -3.2211E-001   3.8942E-001   6.9287E-001   7.2950E-003   1.2181E-003  -1.7403E+000  -2.0422E-002  -3.8941E-001   2.8568E-001  -2.0328E-002   1.0162E+000   3.8174E+000  
 8.3746E-001   9.5316E-001   1.5154E+000   1.5605E-001  -3.5022E-002   7.8268E-002  -7.7746E-002  -4.1693E-002   8.8432E-003   4.1726E-002   4.6375E-002   1.6869E-001  -2.2517E-001   4.2015E-001   5.5893E-001  -2.6928E-003   1.0112E-002  -1.8966E+000  -1.7973E-002  -2.7979E-001   2.2805E-001  -2.0844E-002   1.0361E+000   3.8965E+000  
 4.8439E-001   8.8375E-001   1.0524E+000   1.3050E-001  -9.4227E-003   1.7011E-001  -4.5383E-002  -8.9788E-003   8.0756E-004   9.0211E-002   5.5127E-002   1.6929E-001  -1.3583E-001   4.4333E-001   3.9315E-001  -1.8677E-002   1.0140E-003  -2.0129E+000  -1.8323E-002  -1.9009E-001   1.5973E-001  -1.5391E-002   1.0438E+000   3.7931E+000  
 2.6144E-001   8.4214E-001   5.3883E-001   1.0203E-001   1.4874E-003   2.3878E-001  -2.3156E-002   8.0541E-003  -6.2109E-004   1.1698E-001   7.0297E-002   1.7410E-001  -6.4729E-002   4.5689E-001   2.0360E-001  -2.5438E-002   2.2752E-003  -2.0784E+000  -1.8983E-002  -1.3140E-001   8.2497E-002  -2.5977E-002   1.0390E+000   3.6879E+000  
 1.8510E-001   8.2851E-001   2.9114E-003   9.1852E-002   2.4897E-003   2.6362E-001  -9.4992E-005   1.3838E-002   2.0580E-004   1.2626E-001   7.5119E-002   1.7524E-001   1.5429E-003   4.6315E-001   4.6303E-003  -2.8084E-002   3.1545E-005  -2.1000E+000  -2.0204E-002  -1.1074E-001   1.9782E-003  -2.9819E-002   1.0367E+000   3.6509E+000  
 2.6137E-001   8.4356E-001  -5.3260E-001   1.0191E-001   3.4419E-003   2.3679E-001   2.2899E-002   7.6415E-003   7.5232E-004   1.1724E-001   7.0317E-002   1.7243E-001   6.7814E-002   4.6105E-001  -1.9438E-001  -2.5455E-002  -2.2062E-003  -2.0785E+000  -2.0990E-002  -1.3022E-001  -7.8973E-002  -2.5918E-002   1.0389E+000   3.6806E+000  
 4.8431E-001   8.8660E-001  -1.0449E+000   1.3024E-001   1.4190E-002   1.6621E-001   4.4988E-002  -9.8050E-003  -1.5160E-003   9.0727E-002   5.5206E-002   1.6594E-001   1.3891E-001   4.5144E-001  -3.8409E-001  -1.8732E-002  -9.0426E-004  -2.0130E+000  -2.0328E-002  -1.8776E-001  -1.5745E-001  -1.5311E-002   1.0435E+000   3.7865E+000  
 8.3752E-001   9.5747E-001  -1.5059E+000   1.5555E-001   3.9486E-002   7.2671E-002   7.7136E-002  -4.3008E-002  -1.1022E-002   4.2512E-002   4.6634E-002   1.6349E-001   2.2833E-001   4.3168E-001  -5.5014E-001  -2.6128E-003  -9.9752E-003  -1.8968E+000  -1.8371E-002  -2.7648E-001  -2.2769E-001  -2.0857E-002   1.0357E+000   3.8967E+000  
 1.2768E+000   1.0478E+000  -1.8758E+000   1.8577E-001   9.5032E-002  -2.7612E-003   1.0166E-001  -8.0346E-002  -3.1492E-002  -2.5007E-002   2.0628E-002   1.5620E-001   3.2536E-001   4.0365E-001  -6.8444E-001   7.5077E-003  -9.6846E-004  -1.7407E+000  -1.2797E-002  -3.8532E-001  -2.8772E-001  -2.0286E-002   1.0156E+000   3.8205E+000  
 1.5477E+000   2.1133E+000  -2.5406E+000   1.9956E-001   2.0021E-001  -2.6221E-003   1.0397E-001  -1.0941E-001  -6.5957E-002  -1.2741E-001  -3.5315E-002   1.4942E-001   4.3680E-001   3.6965E-001  -7.8774E-001   1.9869E-002  -6.5784E-004  -1.5707E+000   1.9769E-004  -4.9151E-001  -3.2619E-001  -2.7335E-002   9.7242E-001   3.6326E+000  
 6.0810E-001   8.9351E+000  -5.0228E+000   1.5149E-001   3.8048E-001   1.4467E-001   8.5071E-002  -1.1614E-001  -1.2029E-001  -2.7403E-001  -1.2342E-001   1.6361E-001   5.6736E-001   3.3267E-001  -8.5889E-001   4.1307E-002  -4.2159E-002  -1.4178E+000   1.9457E-002  -5.7716E-001  -3.3684E-001  -5.4303E-002   9.1548E-001   3.4114E+000  
 7.5385E-001   1.0928E+001  -3.5130E+000  -3.2420E-002   6.7654E-001   5.3958E-001   1.9910E-002  -8.2236E-002  -1.9304E-001  -4.7663E-001  -2.5876E-001   2.3516E-001   7.2719E-001   2.9214E-001  -8.9369E-001   7.5932E-002  -1.4858E-001  -1.3002E+000   5.1857E-002  -6.4840E-001  -3.2586E-001  -1.0183E-001   8.5476E-001   3.1915E+000  
 1.6232E+000   1.1513E+001   2.8643E+000   4.2470E-002  -4.8616E-001   3.9703E-001  -8.6238E-002  -1.2215E-001   2.1104E-001  -4.7900E-001  -1.6699E-001   1.0455E-001  -6.9417E-001   1.2327E-001   9.0391E-001   5.0607E-002   7.8693E-002  -1.2770E+000  -8.0587E-002  -7.0201E-001   1.6593E-001  -6.1336E-002   8.9161E-001   3.7013E+000  
 1.2745E+000   9.9868E+000   3.4394E+000   1.7417E-001  -3.3383E-001   2.0845E-002  -9.1642E-002  -1.4406E-001   1.3462E-001  -2.6761E-001  -6.7077E-002   5.2000E-002  -5.6630E-001   1.5214E-001   8.7685E-001   3.5082E-002   6.1327E-003  -1.4253E+000  -4.9772E-002  -6.4256E-001   1.7309E-001  -2.9752E-002   9.4871E-001   3.3957E+000  
 1.6207E+000   8.9599E-001   1.9976E+000   1.9826E-001  -2.4059E-001  -1.2341E-001  -8.0626E-002  -1.2892E-001   7.6175E-002  -1.1223E-001  -3.1090E-003   4.6904E-002  -4.4955E-001   1.7386E-001   8.1394E-001   2.9028E-002  -1.6192E-002  -1.6095E+000  -3.4982E-002  -5.5753E-001   1.6979E-001  -1.8052E-002   9.9552E-001   3.6282E+000  
 1.0995E+000   7.4397E-001   1.7692E+000   1.7226E-001  -1.7929E-001  -1.2802E-001  -6.2927E-002  -9.2091E-002   3.9044E-002  -2.6940E-003   3.6225E-002   5.8295E-002  -3.3751E-001   1.9537E-001   7.1413E-001   2.2233E-002  -9.1646E-003  -1.8053E+000  -2.5056E-002  -4.4639E-001   1.4608E-001  -2.2185E-002   1.0267E+000   3.7913E+000  
 6.2906E-001   6.1923E-001   1.4199E+000   1.3862E-001  -1.3087E-001  -6.0865E-002  -4.2029E-002  -5.2414E-002   1.6580E-002   7.8466E-002   5.2452E-002   6.7652E-002  -2.3107E-001   2.1257E-001   5.7496E-001   5.4065E-003  -6.0562E-003  -1.9691E+000  -2.0078E-002  -3.3848E-001   1.1702E-001  -1.8257E-002   1.0433E+000   3.8304E+000  
 2.5863E-001   5.2918E-001   9.8851E-001   1.0148E-001  -8.4471E-002   2.4672E-002  -2.3484E-002  -2.3917E-002   6.3312E-003   1.3288E-001   6.4388E-002   7.4577E-002  -1.4505E-001   2.2457E-001   4.0233E-001  -5.8858E-003  -6.9295E-003  -2.0827E+000  -2.0346E-002  -2.5041E-001   8.1741E-002  -1.8543E-002   1.0414E+000   3.7970E+000  
 2.2145E-002   4.7420E-001   5.0619E-001   7.0591E-002  -4.0716E-002   9.0514E-002  -1.1686E-002  -6.8212E-003   2.0018E-003   1.6459E-001   7.4884E-002   8.1405E-002  -7.0100E-002   2.3278E-001   2.0721E-001  -1.3085E-002  -3.2262E-003  -2.1495E+000  -2.0447E-002  -1.9287E-001   4.2585E-002  -2.4806E-002   1.0334E+000   3.7108E+000  
-5.8423E-002   4.5609E-001   3.3862E-003   5.9356E-002   1.3428E-003   1.1406E-001  -2.5912E-004  -9.1579E-004   6.0523E-004   1.7484E-001   7.8666E-002   8.3143E-002   6.6853E-004   2.3689E-001   2.5901E-003  -1.5531E-002   1.3006E-005  -2.1718E+000  -2.0914E-002  -1.7291E-001   1.2167E-003  -2.7250E-002   1.0297E+000   3.5416E+000  
 2.2098E-002   4.7467E-001  -4.9900E-001   7.0393E-002   4.3374E-002   8.8488E-002   1.1111E-002  -7.0301E-003  -1.0469E-003   1.6482E-001   7.4994E-002   7.9742E-002   7.1424E-002   2.3696E-001  -2.0205E-001  -1.3118E-002   3.2751E-003  -2.1496E+000  -2.0924E-002  -1.9238E-001  -4.0575E-002  -2.4748E-002   1.0333E+000   3.7086E+000  
 2.5860E-001   5.3012E-001  -9.8006E-001   1.0105E-001   8.7030E-002   2.0698E-002   2.2785E-002  -2.4351E-002  -6.1956E-003   1.3335E-001   6.4642E-002   7.1229E-002   1.4634E-001   2.3272E-001  -3.9722E-001  -5.9549E-003   7.0398E-003  -2.0829E+000  -1.9703E-002  -2.4943E-001  -8.0959E-002  -1.8489E-002   1.0411E+000   3.7927E+000  
 6.2911E-001   6.2062E-001  -1.4094E+000   1.3798E-001   1.3330E-001  -6.6606E-002   4.1075E-002  -5.3034E-002  -1.7830E-002   7.9212E-002   5.2810E-002   6.2517E-002   2.3231E-001   2.2420E-001  -5.6993E-001   5.3183E-003   6.2945E-003  -1.9695E+000  -1.7763E-002  -3.3708E-001  -1.1816E-001  -1.8183E-002   1.0429E+000   3.8254E+000  
 1.0998E+000   7.4588E-001  -1.7559E+000   1.7146E-001   1.8146E-001  -1.3523E-001   6.1638E-002  -9.2980E-002  -4.2328E-002  -1.6740E-003   3.6607E-002   5.1144E-002   3.3882E-001   2.0974E-001  -7.0924E-001   2.2287E-002   9.5682E-003  -1.8058E+000  -9.6096E-003  -4.4465E-001  -1.4957E-001  -2.1998E-002   1.0261E+000   3.7824E+000  
 1.6215E+000   8.9838E-001  -1.9808E+000   1.9712E-001   2.4242E-001  -1.3196E-001   7.9389E-002  -1.3005E-001  -8.2171E-002  -1.1084E-001  -2.4382E-003   3.7792E-002   4.5094E-001   1.9011E-001  -8.0921E-001   2.9158E-002   1.6525E-002  -1.6101E+000   4.0032E-003  -5.5567E-001  -1.7578E-001  -1.7803E-002   9.9485E-001   3.6204E+000  
 1.3116E+000   1.0036E+001  -3.3347E+000   1.7301E-001   3.3526E-001   1.0628E-002   9.1513E-002  -1.4531E-001  -1.4443E-001  -2.6580E-001  -6.5560E-002   4.0656E-002   5.6766E-001   1.6963E-001  -8.7232E-001   3.5174E-002  -5.1857E-003  -1.4260E+000   2.2089E-002  -6.4074E-001  -1.8105E-001  -2.8937E-002   9.4810E-001   3.3894E+000  
 1.6700E+000   1.1560E+001  -2.7530E+000   4.2932E-002   4.8691E-001   3.8355E-001   8.9456E-002  -1.2358E-001  -2.2645E-001  -4.7650E-001  -1.6363E-001   8.9726E-002   6.9522E-001   1.4165E-001  -8.9951E-001   5.0469E-002  -7.5500E-002  -1.2776E+000   5.5069E-002  -7.0034E-001  -1.7506E-001  -5.9278E-002   8.9124E-001   3.6834E+000  
 2.6278E+000   1.1549E+001   1.6963E+000   8.4722E-002  -3.8460E-001   2.7602E-001  -1.5289E-001  -1.2327E-001   2.2707E-001  -5.4546E-001  -8.3438E-002  -3.5888E-002  -6.9450E-001  -2.1365E-002   8.9737E-001   4.1070E-002   1.0296E-002  -1.2530E+000  -6.7643E-002  -7.2117E-001  -4.3043E-004  -1.4257E-002   9.0434E-001   3.1389E+000  
 2.1195E+000   1.0083E+001   1.8881E+000   1.7210E-001  -3.4836E-001  -7.1824E-002  -8.9786E-002  -1.4524E-001   1.3586E-001  -3.1449E-001  -2.4745E-002  -5.3569E-002  -5.8375E-001  -1.3835E-002   8.7914E-001   3.6783E-002  -1.3230E-002  -1.4193E+000  -4.4997E-002  -6.6247E-001  -2.2198E-003  -1.2699E-002   9.5797E-001   3.3600E+000  
 1.5873E+000   5.6817E-001   1.8081E+000   1.9126E-001  -3.2403E-001  -2.1428E-001  -4.7781E-002  -1.2974E-001   7.4358E-002  -1.4068E-001   1.5346E-002  -5.0596E-002  -4.7363E-001  -1.0037E-002   8.1958E-001   3.7163E-002  -2.2603E-002  -1.6193E+000  -3.2108E-002  -5.7784E-001  -2.5029E-003  -1.4889E-002   1.0000E+000   3.5508E+000  
 1.0435E+000   3.7268E-001   1.6117E+000   1.6932E-001  -2.9232E-001  -2.2441E-001  -2.2038E-002  -9.3041E-002   3.5713E-002  -1.4449E-002   4.2457E-002  -3.8069E-002  -3.5625E-001  -8.0801E-003   7.1961E-001   2.9805E-002  -2.3721E-002  -1.8234E+000  -2.5623E-002  -4.6506E-001  -1.6140E-003  -1.8893E-002   1.0280E+000   3.6558E+000  
 5.6255E-001   2.1700E-001   1.2991E+000   1.2892E-001  -2.4260E-001  -1.6473E-001  -8.2547E-003  -5.5255E-002   1.4388E-002   7.9592E-002   6.0418E-002  -2.3538E-002  -2.4497E-001  -6.3441E-003   5.7918E-001   1.3038E-002  -2.1165E-002  -1.9923E+000  -2.2532E-002  -3.5863E-001  -5.7209E-004  -2.2089E-002   1.0454E+000   3.7797E+000  
 1.8454E-001   1.0673E-001   9.0773E-001   8.6884E-002  -1.7145E-001  -8.5474E-002  -2.1216E-003  -3.0042E-002   4.3468E-003   1.4150E-001   7.1992E-002  -1.0670E-002  -1.5753E-001  -4.4749E-003   4.0382E-001   4.1135E-003  -1.5705E-002  -2.1053E+000  -2.1290E-002  -2.7066E-001   2.6925E-004  -2.4518E-002   1.0393E+000   3.7616E+000  
-5.7937E-002   3.9520E-002   4.6555E-001   5.6049E-002  -8.8435E-002  -2.2964E-002  -2.6617E-004  -1.3483E-002   1.0145E-003   1.7785E-001   7.8489E-002  -2.1378E-003  -7.6947E-002  -2.4596E-003   2.0686E-001  -2.8301E-003  -8.3090E-003  -2.1734E+000  -2.1069E-002  -2.1400E-001   7.6273E-004  -2.6026E-002   1.0303E+000   3.6400E+000  
-1.4060E-001   1.7348E-002   3.3735E-003   4.4866E-002   1.4523E-004  -4.5320E-004  -3.1958E-004  -7.0747E-003   7.1806E-004   1.9009E-001   8.0596E-002   3.0834E-004  -2.1363E-004  -3.8035E-004   3.9689E-004  -4.8665E-003  -1.8459E-005  -2.1958E+000  -2.1135E-002  -1.9403E-001   8.4213E-004  -2.6494E-002   1.0267E+000   3.4875E+000  
-5.8004E-002   3.9021E-002  -4.5838E-001   5.5806E-002   8.8720E-002  -2.5000E-002  -4.1232E-004  -1.3475E-002   1.7660E-004   1.7805E-001   7.8634E-002  -3.7981E-003   7.6502E-002   1.6691E-003  -2.0605E-001  -2.8809E-003   8.3186E-003  -2.1735E+000  -2.0735E-002  -2.1421E-001   5.2067E-004  -2.5960E-002   1.0302E+000   3.6342E+000  
 1.8445E-001   1.0574E-001  -8.9929E-001   8.6376E-002   1.7172E-001  -8.9470E-002   1.3146E-003  -3.0031E-002  -3.9472E-003   1.4191E-001   7.2293E-002  -1.4013E-002   1.5704E-001   3.5759E-003  -4.0295E-001   4.0288E-003   1.5804E-002  -2.1055E+000  -1.9191E-002  -2.7108E-001  -1.9424E-004  -2.4447E-002   1.0391E+000   3.7565E+000  
 5.6253E-001   2.1552E-001  -1.2886E+000   1.2815E-001   2.4284E-001  -1.7050E-001   7.2117E-003  -5.5251E-002  -1.5346E-002   8.0242E-002   6.0851E-002  -2.8666E-002   2.4442E-001   5.1453E-003  -5.7823E-001   1.2946E-002   2.1388E-002  -1.9927E+000  -1.5757E-002  -3.5922E-001  -1.2335E-003  -2.2029E-002   1.0451E+000   3.7804E+000  
 1.0435E+000   3.7073E-001  -1.5983E+000   1.6847E-001   2.9250E-001  -2.3165E-001   2.0575E-002  -9.3066E-002  -3.8649E-002  -1.3527E-002   4.2805E-002  -4.5237E-002   3.5566E-001   6.1267E-003  -7.1856E-001   2.9741E-002   2.4247E-002  -1.8240E+000  -9.5201E-003  -4.6580E-001  -2.5160E-003  -1.8613E-002   1.0277E+000   3.6656E+000  
 1.5879E+000   5.6576E-001  -1.7912E+000   1.9004E-001   3.2412E-001  -2.2284E-001   4.6352E-002  -1.2983E-001  -7.9932E-002  -1.3944E-001   1.5958E-002  -5.9714E-002   4.7304E-001   6.0132E-003  -8.1844E-001   3.7159E-002   2.2974E-002  -1.6200E+000   7.0104E-004  -5.7873E-001  -4.0835E-003  -1.4612E-002   9.9968E-001   3.5636E+000  
 2.1576E+000   1.0067E+001  -1.7798E+000   1.7076E-001   3.4832E-001  -8.2024E-002   8.9511E-002  -1.4541E-001  -1.4520E-001  -3.1290E-001  -2.3220E-002  -6.4931E-002   5.8323E-001   3.4297E-003  -8.7793E-001   3.6845E-002   1.4170E-002  -1.4202E+000   1.6934E-002  -6.6349E-001  -6.2827E-003  -1.1940E-002   9.5764E-001   3.3705E+000  
 2.6758E+000   1.1536E+001  -1.5861E+000   8.4932E-002   3.8436E-001   2.6253E-001   1.5600E-001  -1.2355E-001  -2.4210E-001  -5.4346E-001  -8.0002E-002  -5.0833E-002   6.9408E-001  -3.0606E-003  -8.9610E-001   4.1163E-002  -7.1880E-003  -1.2539E+000   4.1665E-002  -7.2235E-001  -9.0050E-003  -1.2307E-002   9.0412E-001   3.1357E+000  
 3.7030E+000   1.1130E+001   4.4965E-001   1.0826E-001  -3.1801E-001   1.9898E-001  -2.2802E-001  -7.8036E-002   2.1598E-001  -6.7951E-001  -9.3521E-003  -1.6903E-001  -7.1892E-001  -1.6308E-001   8.8804E-001   4.7289E-002  -5.4185E-002  -1.2304E+000  -4.8086E-002  -7.0489E-001  -1.6825E-001   3.2622E-002   8.9001E-001   3.4311E+000  
 3.0562E+000   9.4563E+000   2.6821E-001   1.6134E-001  -3.7259E-001  -1.1880E-001  -9.4082E-002  -1.1428E-001   1.1432E-001  -4.0768E-001   9.5634E-003  -1.5182E-001  -6.0643E-001  -1.7850E-001   8.6756E-001   3.9111E-002  -2.9530E-002  -1.3945E+000  -3.5335E-002  -6.4291E-001  -1.7791E-001   4.2905E-003   9.4455E-001   3.4723E+000  
 1.6636E+000   1.9255E-001   1.5701E+000   1.8491E-001  -4.0488E-001  -2.5885E-001  -1.9614E-002  -1.1021E-001   5.4371E-002  -2.0441E-001   2.7331E-002  -1.4138E-001  -4.9480E-001  -1.9326E-001   8.0809E-001   3.7848E-002  -2.7263E-002  -1.5902E+000  -2.5138E-002  -5.5605E-001  -1.7459E-001  -1.0882E-002   9.9082E-001   3.6788E+000  
 1.1158E+000  -4.4359E-002   1.4183E+000   1.7449E-001  -3.9918E-001  -2.7411E-001   1.5610E-002  -8.1430E-002   1.8394E-002  -5.8243E-002   4.3207E-002  -1.2788E-001  -3.8057E-001  -2.1109E-001   7.0953E-001   3.3974E-002  -3.7115E-002  -1.7938E+000  -2.2802E-002  -4.4430E-001  -1.4898E-001  -1.4608E-002   1.0232E+000   3.8051E+000  
 6.4001E-001  -2.3025E-001   1.1531E+000   1.3322E-001  -3.4839E-001  -2.2168E-001   2.3382E-002  -4.7105E-002   1.9400E-003   4.9034E-002   6.3634E-002  -1.0816E-001  -2.6746E-001  -2.2501E-001   5.7064E-001   1.9233E-002  -3.5298E-002  -1.9629E+000  -2.2349E-002  -3.3671E-001  -1.1779E-001  -2.5022E-002   1.0412E+000   3.8171E+000  
 2.6605E-001  -3.6169E-001   8.1080E-001   9.0755E-002  -2.5549E-001  -1.4860E-001   1.8047E-002  -2.1933E-002  -4.4353E-003   1.2074E-001   7.5232E-002  -8.9363E-002  -1.7169E-001  -2.3339E-001   3.9804E-001   9.5196E-003  -2.3876E-002  -2.0801E+000  -2.0331E-002  -2.4917E-001  -8.0791E-002  -2.9518E-002   1.0402E+000   3.7691E+000  
 2.4837E-002  -4.4100E-001   4.1689E-001   6.2713E-002  -1.3480E-001  -8.9385E-002   1.0671E-002  -6.5182E-003  -3.4562E-003   1.6235E-001   7.7970E-002  -7.9128E-002  -8.4803E-002  -2.3765E-001   2.0285E-001   3.2463E-003  -1.3095E-002  -2.1491E+000  -2.0492E-002  -1.9230E-001  -4.0640E-002  -2.6238E-002   1.0329E+000   3.6809E+000  
-5.7499E-002  -4.6764E-001   2.8874E-003   5.2506E-002  -1.0523E-003  -6.7896E-002  -2.4992E-004  -9.9060E-004   5.4495E-004   1.7576E-001   7.8451E-002  -7.5974E-002  -1.1103E-003  -2.3766E-001  -1.8304E-003   1.0864E-003  -3.8067E-005  -2.1722E+000  -2.0849E-002  -1.7304E-001   9.0264E-004  -2.4729E-002   1.0295E+000   3.5439E+000  
 2.4704E-002  -4.4246E-001  -4.1069E-001   6.2475E-002   1.3271E-001  -9.1401E-002  -1.1234E-002  -6.2952E-003   4.2994E-003   1.6251E-001   7.8070E-002  -8.0787E-002   8.2563E-002  -2.3364E-001  -2.0646E-001   3.1873E-003   1.3057E-002  -2.1492E+000  -2.0757E-002  -1.9322E-001   4.2037E-002  -2.6146E-002   1.0328E+000   3.6855E+000  
 2.6583E-001  -3.6461E-001  -8.0333E-001   9.0256E-002   2.5347E-001  -1.5255E-001  -1.8752E-002  -2.1481E-002   4.4872E-003   1.2107E-001   7.5460E-002  -9.2708E-002   1.6941E-001  -2.2558E-001  -4.0148E-001   9.4329E-003   2.3941E-002  -2.0804E+000  -1.9610E-002  -2.5097E-001   8.1004E-002  -2.9406E-002   1.0401E+000   3.7780E+000  
 6.3978E-001  -2.3461E-001  -1.1435E+000   1.3250E-001   3.4644E-001  -2.2738E-001  -2.4371E-002  -4.6488E-002  -3.2276E-003   4.9555E-002   6.3944E-002  -1.1330E-001   2.6512E-001  -2.1387E-001  -5.7382E-001   1.9156E-002   3.5549E-002  -1.9634E+000  -1.5413E-002  -3.3928E-001   1.1616E-001  -2.4885E-002   1.0411E+000   3.8279E+000  
 1.1157E+000  -5.0159E-002  -1.4059E+000   1.7364E-001   3.9736E-001  -2.8125E-001  -1.6985E-002  -8.0610E-002  -2.1649E-002  -5.7463E-002   4.3502E-002  -1.3507E-001   3.7810E-001  -1.9733E-001  -7.1237E-001   3.3817E-002   3.7603E-002  -1.7944E+000  -1.1831E-002  -4.4751E-001   1.4508E-001  -1.4351E-002   1.0232E+000   3.8205E+000  
 1.6639E+000   1.8537E-001  -1.5541E+000   1.8375E-001   4.0322E-001  -2.6730E-001   1.8229E-002  -1.0927E-001  -6.0256E-002  -2.0338E-001   2.7885E-002  -1.5056E-001   4.9227E-001  -1.7773E-001  -8.1059E-001   3.7724E-002   2.7715E-002  -1.5910E+000  -5.8440E-003  -5.5965E-001   1.6828E-001  -1.0600E-002   9.9082E-001   3.6904E+000  
 3.0903E+000   9.3788E+000  -1.6089E-001   1.6017E-001   3.7107E-001  -1.2887E-001   9.3752E-002  -1.1339E-001  -1.2394E-001  -4.0636E-001   1.0982E-002  -1.6329E-001   6.0402E-001  -1.6182E-001  -8.6970E-001   3.9130E-002   3.0574E-002  -1.3955E+000   7.6088E-003  -6.4674E-001   1.6978E-001   5.0856E-003   9.4461E-001   3.4822E+000  
 3.7470E+000   1.1048E+001  -3.3425E-001   1.0863E-001   3.1675E-001   1.8573E-001   2.3096E-001  -7.7204E-002  -2.3112E-001  -6.7804E-001  -6.0614E-003  -1.8398E-001   7.1699E-001  -1.4555E-001  -8.8990E-001   4.7588E-002   5.7345E-002  -1.2314E+000   2.2489E-002  -7.0889E-001   1.5910E-001   3.4578E-002   8.9006E-001   3.4513E+000  
 4.8168E+000   1.0104E+001  -5.5044E-001   1.2323E-001  -2.4057E-001   1.6168E-001  -3.2336E-001   1.6185E-002   1.6705E-001  -8.7844E-001   5.5866E-002  -2.9371E-001  -7.6443E-001  -3.0502E-001   8.7060E-001   6.6348E-002  -1.1563E-001  -1.2069E+000  -3.2264E-002  -6.5634E-001  -3.2382E-001   7.4485E-002   8.5282E-001   3.3025E+000  
 4.0198E+000   7.8250E+000  -1.6132E+000   1.5187E-001  -3.6940E-001  -1.2935E-001  -1.1973E-001  -4.7739E-002   6.9540E-002  -5.5203E-001   4.2239E-002  -2.5368E-001  -6.3618E-001  -3.3698E-001   8.4778E-001   4.6128E-002  -5.6538E-002  -1.3552E+000  -2.3643E-002  -5.8198E-001  -3.3672E-001   2.9182E-002   9.0965E-001   3.5054E+000  
 2.0574E+000   7.5767E-001   8.6690E-001   1.7877E-001  -4.5295E-001  -2.6258E-001  -9.2020E-003  -6.4049E-002   1.5320E-002  -3.0831E-001   3.9157E-002  -2.3310E-001  -5.1764E-001  -3.7036E-001   7.8372E-001   3.4655E-002  -3.7768E-002  -1.5314E+000  -1.7798E-002  -4.9333E-001  -3.2673E-001  -2.7167E-004   9.6559E-001   3.7051E+000  
 1.3143E+000  -4.8470E-001   1.1888E+000   1.7980E-001  -4.7282E-001  -2.8028E-001   4.5000E-002  -5.1863E-002  -1.3155E-002  -1.3231E-001   4.1931E-002  -2.1421E-001  -4.0430E-001  -4.0378E-001   6.8415E-001   2.9053E-002  -4.3925E-002  -1.7184E+000  -1.7102E-002  -3.8516E-001  -2.8761E-001  -1.3498E-002   1.0099E+000   3.8579E+000  
 8.5316E-001  -6.9985E-001   9.7964E-001   1.5300E-001  -4.2618E-001  -2.3409E-001   5.2427E-002  -2.6413E-002  -2.2158E-002  -1.1523E-002   5.4618E-002  -1.9038E-001  -2.9505E-001  -4.3181E-001   5.5073E-001   2.3279E-002  -4.8709E-002  -1.8854E+000  -1.6378E-002  -2.7623E-001  -2.2766E-001  -1.9580E-002   1.0324E+000   3.9017E+000  
 4.9652E-001  -8.5490E-001   6.9707E-001   1.1216E-001  -3.2202E-001  -1.6709E-001   3.6114E-002  -8.0554E-004  -1.9973E-002   7.2143E-002   7.0780E-002  -1.6532E-001  -1.8717E-001  -4.5179E-001   3.8493E-001   1.0338E-002  -2.9962E-002  -2.0091E+000  -1.6552E-002  -1.8761E-001  -1.5757E-001  -2.9772E-002   1.0420E+000   3.7643E+000  
 2.6333E-001  -9.4686E-001   3.5942E-001   8.9919E-002  -1.7188E-001  -1.1065E-001   2.0557E-002   1.2505E-002  -1.1649E-002   1.1903E-001   6.9541E-002  -1.5307E-001  -9.3168E-002  -4.6165E-001   1.9518E-001   5.4673E-003  -1.7689E-002  -2.0790E+000  -1.8337E-002  -1.3026E-001  -7.9322E-002  -2.2077E-002   1.0385E+000   3.6537E+000  
 1.8396E-001  -9.7809E-001   1.9125E-003   8.1438E-002  -2.1984E-003  -9.0426E-002  -7.8804E-005   1.7403E-002   6.6870E-005   1.3474E-001   6.9144E-002  -1.4932E-001  -2.0277E-003  -4.6395E-001  -3.9659E-003   3.4231E-003  -6.1142E-005  -2.1020E+000  -2.0064E-002  -1.1099E-001   1.3618E-003  -1.9129E-002   1.0367E+000   3.6673E+000  
 2.6308E-001  -9.4928E-001  -3.5517E-001   8.9727E-002   1.6753E-001  -1.1262E-001  -2.0793E-002   1.2922E-002   1.1522E-002   1.1914E-001   6.9539E-002  -1.5473E-001   8.9091E-002  -4.5783E-001  -2.0303E-001   5.4234E-003   1.7602E-002  -2.0792E+000  -2.1367E-002  -1.3184E-001   8.1642E-002  -2.1959E-002   1.0386E+000   3.6647E+000  
 4.9608E-001  -8.5973E-001  -6.9154E-001   1.1177E-001   3.1779E-001  -1.7094E-001  -3.6527E-002   1.5356E-005   1.9063E-002   7.2368E-002   7.0812E-002  -1.6867E-001   1.8305E-001  -4.4435E-001  -3.9250E-001   1.0289E-002   2.9997E-002  -2.0094E+000  -2.1864E-002  -1.9071E-001   1.5874E-001  -2.9595E-002   1.0420E+000   3.7738E+000  
 8.5263E-001  -7.0709E-001  -9.7201E-001   1.5238E-001   4.2217E-001  -2.3961E-001  -5.3124E-002  -2.5150E-002   1.9878E-002  -1.1138E-002   5.4759E-002  -1.9559E-001   2.9078E-001  -4.2124E-001  -5.5785E-001   2.3125E-002   4.8899E-002  -1.8859E+000  -1.9804E-002  -2.8066E-001   2.2705E-001  -1.9465E-002   1.0325E+000   3.9076E+000  
 1.3137E+000  -4.9432E-001  -1.1783E+000   1.7905E-001   4.6909E-001  -2.8720E-001  -4.6125E-002  -5.0281E-002   8.9065E-003  -1.3171E-001   4.2056E-002  -2.2146E-001   3.9991E-001  -3.9076E-001  -6.9070E-001   2.8827E-002   4.4339E-002  -1.7190E+000  -1.6044E-002  -3.9065E-001   2.8478E-001  -1.3325E-002   1.0101E+000   3.8614E+000  
 2.0595E+000   7.2332E-001  -8.3786E-001   1.7784E-001   4.4957E-001  -2.7077E-001   7.9527E-003  -6.2283E-002  -2.2212E-002  -3.0751E-001   3.9513E-002  -2.4236E-001   5.1324E-001  -3.5569E-001  -7.8963E-001   3.4494E-002   3.8291E-002  -1.5322E+000  -1.1919E-002  -4.9947E-001   3.2157E-001  -7.4569E-006   9.6590E-001   3.7156E+000  
 4.0430E+000   7.6645E+000   1.7207E+000   1.5104E-001   3.6638E-001  -1.3915E-001   1.1933E-001  -4.6029E-002  -8.0164E-002  -5.5104E-001   4.3322E-002  -2.6519E-001   6.3198E-001  -3.2122E-001  -8.5312E-001   4.6140E-002   5.7622E-002  -1.3561E+000  -3.0771E-003  -5.8833E-001   3.2979E-001   2.9939E-002   9.1006E-001   3.5146E+000  
 4.8501E+000   9.9535E+000   6.7403E-001   1.2385E-001   2.3819E-001   1.4898E-001   3.2587E-001   1.7826E-002  -1.8282E-001  -8.7757E-001   5.8597E-002  -3.0836E-001   7.6100E-001  -2.8882E-001  -8.7544E-001   6.6783E-002   1.1858E-001  -1.2081E+000   7.7203E-003  -6.6291E-001   3.1556E-001   7.6216E-002   8.5311E-001   3.3162E+000  
 5.9262E+000   7.2610E+000  -1.8676E+000   2.4752E-001  -1.8880E-001   7.7350E-002  -5.6145E-001   2.0871E-001   9.2648E-002  -1.2060E+000   1.6654E-001  -4.7343E-001  -8.9945E-001  -4.4762E-001   8.6996E-001   1.2690E-001  -2.4162E-001  -1.2284E+000  -6.4454E-003  -5.8662E-001  -4.5037E-001   1.1310E-001   8.0725E-001   3.2963E+000  
 4.8945E+000   5.0281E+000  -4.2098E+000   1.5196E-001  -3.0841E-001  -1.2375E-001  -1.8260E-001   5.8443E-002  -6.5532E-003  -7.4786E-001   7.9520E-002  -3.6000E-001  -6.8040E-001  -4.8703E-001   8.1631E-001   6.1824E-002  -1.0025E-001  -1.3029E+000  -1.5488E-002  -4.9521E-001  -4.5833E-001   6.3993E-002   8.6329E-001   3.4441E+000  
 3.8980E+000   2.2829E+000  -4.4284E+000   1.6442E-001  -4.3216E-001  -2.4015E-001  -1.7174E-002   9.0667E-003  -4.7365E-002  -4.4624E-001   5.0898E-002  -3.2295E-001  -5.3862E-001  -5.2763E-001   7.4122E-001   2.9295E-002  -5.0539E-002  -1.4415E+000  -1.2290E-002  -4.0491E-001  -4.5140E-001   1.3361E-002   9.2948E-001   3.6006E+000  
 1.6189E+000  -9.1288E-001   9.2297E-001   1.7864E-001  -4.8598E-001  -2.5875E-001   5.9462E-002   1.5469E-003  -6.0522E-002  -2.3745E-001   3.9364E-002  -3.0134E-001  -4.2300E-001  -5.7271E-001   6.4504E-001   1.5205E-002  -4.4532E-002  -1.6047E+000  -1.0813E-002  -2.9501E-001  -4.0337E-001  -1.1986E-002   9.8352E-001   3.7435E+000  
 1.1844E+000  -1.1617E+000   7.8185E-001   1.7156E-001  -4.5720E-001  -2.1776E-001   7.3759E-002   1.4957E-002  -5.6743E-002  -9.8717E-002   4.3703E-002  -2.7650E-001  -3.1670E-001  -6.1322E-001   5.1999E-001   1.4645E-002  -5.3420E-002  -1.7628E+000  -9.7159E-003  -1.8300E-001  -3.2209E-001  -1.7535E-002   1.0135E+000   3.9105E+000  
 8.4876E-001  -1.3384E+000   5.6357E-001   1.4667E-001  -3.5300E-001  -1.5557E-001   5.6735E-002   3.3385E-002  -4.3414E-002  -4.1320E-003   5.1821E-002  -2.4878E-001  -2.0708E-001  -6.4296E-001   3.6367E-001   9.2735E-003  -4.1309E-002  -1.8859E+000  -1.1077E-002  -9.2677E-002  -2.2271E-001  -2.1407E-002   1.0298E+000   3.6882E+000  
 6.3346E-001  -1.4456E+000   2.9431E-001   1.2664E-001  -1.9299E-001  -1.0373E-001   2.8071E-002   4.6738E-002  -2.3003E-002   5.1673E-002   5.4950E-002  -2.3104E-001  -1.0019E-001  -6.6059E-001   1.8401E-001   2.6801E-003  -1.9048E-002  -1.9621E+000  -1.6158E-002  -3.3961E-002  -1.1272E-001  -1.9629E-002   1.0383E+000   3.7102E+000  
 5.5848E-001  -1.4810E+000   4.7247E-004   1.2149E-001  -3.2333E-003  -8.4682E-002   1.7446E-004   4.9526E-002  -7.3312E-004   6.9409E-002   5.2522E-002  -2.2624E-001  -2.9637E-003  -6.6445E-001  -5.8629E-003   2.8693E-003  -7.5445E-005  -1.9858E+000  -1.8809E-002  -1.4798E-002   2.1614E-003  -1.5026E-002   1.0386E+000   3.6602E+000  
 6.3310E-001  -1.4489E+000  -2.9294E-001   1.2648E-001   1.8660E-001  -1.0560E-001  -2.7778E-002   4.7378E-002   2.1263E-002   5.1716E-002   5.4889E-002  -2.3274E-001   9.4203E-002  -6.5703E-001  -1.9560E-001   2.5730E-003   1.8906E-002  -1.9623E+000  -2.1004E-002  -3.6131E-002   1.1664E-001  -1.9592E-002   1.0383E+000   3.7176E+000  
 8.4810E-001  -1.3452E+000  -5.6094E-001   1.4630E-001   3.4683E-001  -1.5924E-001  -5.6620E-002   3.4641E-002   4.0842E-002  -4.0126E-003   5.1789E-002  -2.5223E-001   2.0094E-001  -6.3604E-001  -3.7487E-001   9.0557E-003   4.1219E-002  -1.8863E+000  -2.4769E-002  -9.6892E-002   2.2550E-001  -2.1427E-002   1.0299E+000   3.6926E+000  
 1.1835E+000  -1.1717E+000  -7.7706E-001   1.7112E-001   4.5134E-001  -2.2302E-001  -7.4045E-002   1.6707E-002   5.2802E-002  -9.8489E-002   4.3623E-002  -2.8181E-001   3.1050E-001  -6.0342E-001  -5.3056E-001   1.4446E-002   5.3569E-002  -1.7633E+000  -2.4000E-002  -1.8901E-001   3.2316E-001  -1.7513E-002   1.0137E+000   3.8962E+000  
 1.6177E+000  -9.2614E-001  -9.1521E-001   1.7818E-001   4.8051E-001  -2.6535E-001  -6.0306E-002   3.5851E-003   5.4617E-002  -2.3704E-001   3.9203E-002  -3.0863E-001   4.1677E-001  -5.6068E-001  -6.5479E-001   1.5044E-002   4.4925E-002  -1.6052E+000  -2.0104E-002  -3.0243E-001   4.0231E-001  -1.1887E-002   9.8389E-001   3.7443E+000  
 3.8963E+000   2.0976E+000   4.5192E+000   1.6378E-001   4.2702E-001  -2.4802E-001   1.5961E-002   1.1102E-002   3.8672E-002  -4.4560E-001   5.0764E-002  -3.3221E-001   5.3231E-001  -5.1398E-001  -7.5013E-001   2.9093E-002   5.0952E-002  -1.4421E+000  -1.5675E-002  -4.1303E-001   4.4812E-001   1.3419E-002   9.3011E-001   3.6093E+000  
 4.9012E+000   4.8250E+000   4.3246E+000   1.5138E-001   3.0365E-001  -1.3318E-001   1.8190E-001   6.0271E-002  -5.8705E-003  -7.4710E-001   7.9895E-002  -3.7139E-001   6.7428E-001  -4.7240E-001  -8.2441E-001   6.1731E-002   1.0106E-001  -1.3037E+000  -9.8355E-003  -5.0357E-001   4.5318E-001   6.4379E-002   8.6407E-001   3.4517E+000  
 5.9440E+000   7.0645E+000   1.9989E+000   2.4885E-001   1.8578E-001   6.4985E-002   5.6394E-001   2.1079E-001  -1.0953E-001  -1.2064E+000   1.6852E-001  -4.8798E-001   8.9474E-001  -4.3369E-001  -8.7766E-001   1.2720E-001   2.4410E-001  -1.2298E+000  -1.6990E-002  -5.9552E-001   4.4281E-001   1.1399E-001   8.0782E-001   3.3027E+000  
 5.5718E+000   2.2570E+000  -2.2899E+000   4.8010E-001   1.4018E+000   7.7835E-001  -1.0423E+000   5.6554E-001  -1.2909E-002  -5.1719E-002   5.1834E-001  -7.1022E-001  -1.1950E+000   4.5071E-002  -1.9212E-001   3.4200E-001  -5.9486E-001  -1.2166E+000  -1.0429E-002  -8.2319E-001  -1.1533E+000   6.2426E-002   7.2670E-001   3.2277E+000  
 5.5553E+000   1.1149E+000  -5.4634E+000   1.4676E-001  -1.4608E-001  -1.2614E-001  -2.7412E-001   1.9894E-001  -1.2470E-001  -9.7646E-001   1.0579E-001  -4.5425E-001  -7.2760E-001  -6.1122E-001   7.5792E-001   8.8436E-002  -1.4198E-001  -1.2282E+000  -1.0226E-002  -3.9357E-001  -5.5653E-001   9.2833E-002   8.2218E-001   3.3238E+000  
 4.3961E+000  -3.5940E-001  -6.7638E+000   1.5144E-001  -3.2506E-001  -2.3242E-001  -5.7953E-002   1.1215E-001  -1.3856E-001  -6.2799E-001   6.0786E-002  -4.1710E-001  -5.7223E-001  -6.6514E-001   6.9201E-001   3.9536E-002  -7.6607E-002  -1.3405E+000  -5.4182E-003  -2.9374E-001  -5.3018E-001   3.9067E-002   8.8708E-001   3.4498E+000  
 3.2207E+000  -3.2300E+000  -7.0332E+000   1.7082E-001  -4.2010E-001  -2.4691E-001   5.0516E-002   7.7790E-002  -1.2831E-001  -3.7874E-001   3.5367E-002  -3.9216E-001  -4.4473E-001  -7.1317E-001   5.9851E-001   1.1722E-002  -5.3859E-002  -1.4705E+000  -1.0563E-003  -1.8049E-001  -4.8090E-001   1.1745E-005   9.4575E-001   3.6623E+000  
 1.6008E+000  -1.5810E+000   5.5486E-001   1.8001E-001  -4.2142E-001  -2.0575E-001   8.5118E-002   7.3714E-002  -1.0559E-001  -2.1050E-001   2.6414E-002  -3.6679E-001  -3.3361E-001  -7.5933E-001   4.7960E-001   2.8005E-003  -5.0847E-002  -1.6029E+000  -2.0711E-005  -6.7507E-002  -3.9432E-001  -1.6256E-002   9.8364E-001   3.9087E+000  
 1.2952E+000  -1.7845E+000   4.1150E-001   1.7298E-001  -3.3802E-001  -1.4667E-001   7.1564E-002   8.4558E-002  -7.5758E-002  -1.0438E-001   2.9742E-002  -3.4136E-001  -2.2434E-001  -7.9749E-001   3.3623E-001   1.0407E-003  -4.6201E-002  -1.7194E+000  -2.9153E-003   2.6112E-002  -2.7363E-001  -2.0302E-002   1.0029E+000   3.6201E+000  
 1.1016E+000  -1.9081E+000   2.1700E-001   1.5965E-001  -1.8808E-001  -9.7813E-002   3.8591E-002   9.6362E-002  -4.0023E-002  -4.1376E-002   3.4526E-002  -3.2269E-001  -1.1246E-001  -8.2078E-001   1.6981E-001  -4.6889E-003  -2.5366E-002  -1.7949E+000  -8.8303E-003   8.5757E-002  -1.3835E-001  -2.2973E-002   1.0153E+000   3.7069E+000  
 1.0362E+000  -1.9510E+000  -1.4466E-003   1.5329E-001  -4.0814E-003  -7.9756E-002   5.4259E-004   1.0243E-001  -1.9102E-003  -2.0558E-002   3.7320E-002  -3.1768E-001  -4.0137E-003  -8.2750E-001  -7.3743E-003  -9.2636E-003  -1.4723E-004  -1.8202E+000  -1.7031E-002   1.0530E-001   3.1710E-003  -2.4546E-002   1.0201E+000   3.6999E+000  
 1.1011E+000  -1.9123E+000  -2.1946E-001   1.5954E-001   1.8001E-001  -9.9579E-002  -3.7597E-002   9.7110E-002   3.5940E-002  -4.1378E-002   3.4420E-002  -3.2439E-001   1.0439E-001  -8.1756E-001  -1.8440E-001  -4.7985E-003   2.5111E-002  -1.7951E+000  -2.4832E-002   8.3136E-002   1.4432E-001  -2.3028E-002   1.0155E+000   3.7094E+000  
 1.2941E+000  -1.7930E+000  -4.1261E-001   1.7284E-001   3.3017E-001  -1.5013E-001  -7.0905E-002   8.5920E-002   7.0852E-002  -1.0437E-001   2.9504E-002  -3.4482E-001   2.1624E-001  -7.9124E-001  -3.5033E-001   9.3531E-004   4.6116E-002  -1.7198E+000  -2.9592E-002   2.1017E-002   2.7850E-001  -2.0376E-002   1.0031E+000   3.6121E+000  
 1.5992E+000  -1.5936E+000  -5.5375E-001   1.7995E-001   4.1391E-001  -2.1072E-001  -8.5064E-002   7.5455E-002   9.9267E-002  -2.1040E-001   2.5966E-002  -3.7209E-001   3.2555E-001  -7.5046E-001  -4.9292E-001   2.7426E-003   5.1023E-002  -1.6034E+000  -3.0655E-002  -7.4693E-002   3.9756E-001  -1.6304E-002   9.8398E-001   3.8948E+000  
 3.1978E+000  -3.4120E+000   7.0617E+000   1.7068E-001   4.1281E-001  -2.5323E-001  -5.1298E-002   7.9539E-002   1.1982E-001  -3.7845E-001   3.4561E-002  -3.9939E-001   4.3653E-001  -7.0214E-001  -6.1090E-001   1.1492E-002   5.4057E-002  -1.4710E+000  -2.7400E-002  -1.8913E-001   4.8210E-001  -1.8551E-004   9.4635E-001   3.6573E+000  
 4.3772E+000  -5.5578E-001   6.8392E+000   1.5092E-001   3.1785E-001  -2.4000E-001   5.6413E-002   1.1355E-001   1.2711E-001  -6.2739E-001   5.9719E-002  -4.2622E-001   5.6374E-001  -6.5250E-001  -7.0335E-001   3.9047E-002   7.6575E-002  -1.3408E+000  -2.0649E-002  -3.0314E-001   5.2922E-001   3.8605E-002   8.8804E-001   3.4525E+000  
 5.5435E+000   9.0853E-001   5.5663E+000   1.4597E-001   1.3892E-001  -1.3517E-001   2.7252E-001   1.9977E-001   1.0951E-001  -9.7555E-001   1.0495E-001  -4.6527E-001   7.1909E-001  -5.9768E-001  -7.6808E-001   8.7923E-002   1.4205E-001  -1.2285E+000  -1.3600E-002  -4.0334E-001   5.5365E-001   9.2579E-002   8.2345E-001   3.3257E+000  
 5.5793E+000   2.0602E+000   2.4280E+000   4.8840E-001  -1.3956E+000   7.7016E-001   1.0510E+000   5.6878E-001   5.0997E-003  -5.5797E-002   5.1988E-001  -7.2918E-001   1.1900E+000   4.7196E-002   1.8861E-001   3.3908E-001   5.9843E-001  -1.2191E+000  -1.4015E-002  -8.4206E-001   1.1446E+000   6.2816E-002   7.2764E-001   3.2287E+000  
 3.3695E+000  -5.0845E+000  -8.7410E+000   1.4680E-001  -2.4655E-001  -2.9532E-001   2.1490E-002   1.6209E-001  -2.2064E-001  -5.4852E-001   1.1253E-002  -4.7998E-001  -4.6046E-001  -8.1729E-001   5.4316E-001   1.6130E-002  -5.9911E-002  -1.3262E+000   1.3686E-002  -5.9685E-002  -5.1903E-001   1.5231E-002   9.0565E-001   3.5167E+000  
 2.1971E+000  -6.8121E+000  -8.1731E+000   1.7134E-001  -3.0065E-001  -2.5612E-001   7.9799E-002   1.3433E-001  -1.7017E-001  -3.5315E-001  -9.9459E-003  -4.5801E-001  -3.4446E-001  -8.6867E-001   4.3766E-001  -1.7174E-003  -4.6661E-002  -1.4348E+000   1.6487E-002   5.4922E-002  -4.2588E-001  -1.1433E-002   9.4291E-001   3.5071E+000  
 1.6847E+000  -3.0295E+000  -8.5194E-001   1.8395E-001  -2.6228E-001  -1.9901E-001   7.8800E-002   1.3142E-001  -1.1574E-001  -2.2786E-001  -1.5062E-002  -4.3501E-001  -2.3430E-001  -9.1035E-001   3.0740E-001  -3.4258E-003  -4.1116E-002  -1.5340E+000   1.3172E-002   1.5256E-001  -2.9960E-001  -2.0508E-002   9.6272E-001   3.4811E+000  
 1.6149E+000  -2.2893E+000   1.2922E-001   1.8653E-001  -1.5237E-001  -1.5150E-001   4.5964E-002   1.3760E-001  -6.0187E-002  -1.5591E-001  -1.2044E-002  -4.1518E-001  -1.2111E-001  -9.3740E-001   1.5507E-001  -6.8088E-004  -2.5743E-002  -1.6025E+000   1.5353E-003   2.1452E-001  -1.5080E-001  -2.0869E-002   9.7307E-001   3.5461E+000  
 1.5581E+000  -2.3374E+000  -3.7874E-003   1.8559E-001  -4.7635E-003  -1.3407E-001   8.8639E-004   1.4178E-001  -3.4469E-003  -1.3186E-001  -8.7646E-003  -4.0866E-001  -5.0076E-003  -9.4574E-001  -8.4064E-003  -1.0174E-003  -1.4553E-004  -1.6262E+000  -1.4960E-002   2.3391E-001   4.2537E-003  -2.0982E-002   9.7707E-001   3.5965E+000  
 1.6140E+000  -2.2944E+000  -1.3634E-001   1.8664E-001   1.4289E-001  -1.5321E-001  -4.4394E-002   1.3813E-001   5.2983E-002  -1.5601E-001  -1.2364E-002  -4.1683E-001   1.1110E-001  -9.3461E-001  -1.7174E-001  -6.9052E-004   2.5520E-002  -1.6028E+000  -3.1196E-002   2.1159E-001   1.5888E-001  -2.0911E-002   9.7321E-001   3.5573E+000  
 1.6791E+000  -3.0505E+000   8.2648E-001   1.8412E-001   2.5292E-001  -2.0243E-001  -7.7808E-002   1.3223E-001   1.0757E-001  -2.2802E-001  -1.5796E-002  -4.3846E-001   2.2426E-001  -9.0489E-001  -3.2364E-001  -3.5652E-003   4.1020E-002  -1.5345E+000  -4.2079E-002   1.4696E-001   3.0654E-001  -2.0719E-002   9.6294E-001   3.4732E+000  
 2.1616E+000  -6.9501E+000   8.1101E+000   1.7151E-001   2.9138E-001  -2.6106E-001  -7.9717E-002   1.3516E-001   1.6040E-001  -3.5322E-001  -1.1228E-002  -4.6332E-001   3.3433E-001  -8.6081E-001  -4.5306E-001  -2.0938E-003   4.6600E-002  -1.4353E+000  -4.4105E-002   4.7123E-002   4.3129E-001  -1.1912E-002   9.4335E-001   3.4987E+000  
 3.3301E+000  -5.2653E+000   8.7569E+000   1.4655E-001   2.3705E-001  -3.0170E-001  -2.2669E-002   1.6243E-001   2.0839E-001  -5.4832E-001   9.2747E-003  -4.8727E-001   4.4984E-001  -8.0726E-001  -5.5758E-001   1.5231E-002   5.9551E-002  -1.3265E+000  -3.9808E-002  -6.8895E-002   5.2258E-001   1.4272E-002   9.0637E-001   3.5074E+000  
 3.3296E+000  -7.1247E+000  -1.0102E+001   7.3979E-002   5.6239E-002  -4.8336E-001  -2.9936E-002   2.3044E-001  -3.3575E-001  -7.4729E-001  -4.8879E-002  -5.7774E-001  -4.5671E-001  -8.7987E-001   4.8360E-001   4.2731E-004  -5.6430E-002  -1.2006E+000   3.8554E-002   4.9287E-002  -5.2770E-001   1.0472E-002   8.5860E-001   3.1436E+000  
 2.1373E+000  -7.7911E+000  -9.3809E+000   1.0491E-001  -7.4439E-002  -4.5154E-001   5.8350E-002   1.6619E-001  -2.4631E-001  -5.3051E-001  -8.5214E-002  -5.6796E-001  -3.3317E-001  -9.4119E-001   3.9645E-001  -3.4271E-002  -3.2023E-002  -1.2903E+000   4.2166E-002   1.5799E-001  -4.2613E-001  -2.8470E-002   8.8721E-001   3.3884E+000  
 1.1579E+000  -8.2341E+000  -7.4428E+000   1.3837E-001  -1.1587E-001  -3.9977E-001   7.2267E-002   1.4165E-001  -1.6437E-001  -3.9115E-001  -9.9126E-002  -5.5278E-001  -2.2860E-001  -9.9200E-001   2.8097E-001  -4.2481E-002  -2.6771E-002  -1.3762E+000   3.2547E-002   2.5258E-001  -2.9992E-001  -4.4731E-002   8.9758E-001   3.4839E+000  
 4.6911E-001  -8.7889E+000  -3.8188E+000   1.6043E-001  -8.1558E-002  -3.5343E-001   4.5045E-002   1.3757E-001  -8.5183E-002  -3.0933E-001  -1.0270E-001  -5.3435E-001  -1.1944E-001  -1.0225E+000   1.4044E-001  -3.6579E-002  -1.7366E-002  -1.4350E+000   1.1476E-002   3.1487E-001  -1.5328E-001  -4.6798E-002   9.0146E-001   3.3292E+000  
 2.1318E-001  -9.1215E+000  -9.6641E-002   1.6825E-001  -5.4220E-003  -3.3585E-001   9.7696E-004   1.3807E-001  -5.4936E-003  -2.8180E-001  -1.0317E-001  -5.2648E-001  -5.9204E-003  -1.0308E+000  -9.0336E-003  -3.2740E-002  -1.2597E-004  -1.4551E+000  -1.3059E-002   3.3667E-001   5.0517E-003  -4.5462E-002   9.0316E-001   3.3813E+000  
 4.5209E-001  -8.8191E+000   3.6438E+000   1.6058E-001   7.0734E-002  -3.5527E-001  -4.3330E-002   1.3751E-001   7.3894E-002  -3.0954E-001  -1.0338E-001  -5.3609E-001   1.0764E-001  -1.0202E+000  -1.5833E-001  -3.6799E-002   1.7170E-002  -1.4353E+000  -3.7394E-002   3.1197E-001   1.6302E-001  -4.7073E-002   9.0150E-001   3.3345E+000  
 1.1246E+000  -8.3038E+000   7.2780E+000   1.3842E-001   1.0484E-001  -4.0350E-001  -7.1409E-002   1.4123E-001   1.5189E-001  -3.9153E-001  -1.0068E-001  -5.5648E-001   2.1655E-001  -9.8737E-001  -2.9853E-001  -4.3254E-002   2.6472E-002  -1.3768E+000  -5.8151E-002   2.4697E-001   3.0855E-001  -4.5492E-002   8.9783E-001   3.5007E+000  
 2.0904E+000  -7.8820E+000   9.2931E+000   1.0436E-001   6.2741E-002  -4.5710E-001  -5.8954E-002   1.6488E-001   2.3167E-001  -5.3080E-001  -8.7881E-002  -5.7375E-001   3.2039E-001  -9.3424E-001  -4.1341E-001  -3.5900E-002   3.1309E-002  -1.2909E+000  -6.7341E-002   1.5026E-001   4.3333E-001  -2.9879E-002   8.8777E-001   3.4000E+000  
 3.2758E+000  -7.2514E+000   1.0069E+001   7.2399E-002  -6.8884E-002  -4.9060E-001   2.7570E-002   2.2782E-001   3.1831E-001  -7.4727E-001  -5.2598E-002  -5.8554E-001   4.4306E-001  -8.7101E-001  -4.9953E-001  -2.0497E-003   5.5132E-002  -1.2010E+000  -6.2852E-002   3.9867E-002   5.3317E-001   8.5352E-003   8.5943E-001   3.1301E+000  
 2.6077E+000  -8.0635E+000  -9.8490E+000  -4.6214E-001   1.4870E+000  -3.9959E-001   1.2608E-001  -3.2163E-002  -8.8854E-002   1.1326E-001  -2.5436E-001  -8.2337E-001  -2.5001E-001   5.9353E-002   8.8589E-002  -2.1838E-001  -1.2654E-001  -1.1611E+000   1.2415E-001   5.5078E-001  -1.0932E+000  -2.3373E-002   6.9658E-001   2.3973E+000  
 1.9206E+000  -8.2480E+000  -9.7449E+000  -1.0813E-001   3.1581E-001  -8.8288E-001   4.8370E-002   1.0969E-001  -3.1462E-001  -6.9828E-001  -2.3638E-001  -7.3132E-001  -2.5453E-001  -9.1944E-001   3.3692E-001  -1.5322E-001   7.1690E-003  -1.1804E+000   9.4854E-002   2.7780E-001  -4.6557E-001  -6.8061E-002   8.1702E-001   3.5338E+000  
 9.6693E-001  -8.5175E+000  -7.7329E+000  -4.2455E-002   1.2597E-001  -8.7097E-001   5.9284E-002   6.8126E-002  -2.1270E-001  -6.0737E-001  -2.4797E-001  -7.3483E-001  -1.8795E-001  -1.0441E+000   2.5852E-001  -1.5711E-001   2.1197E-003  -1.2724E+000   6.1894E-002   3.2453E-001  -2.9151E-001  -9.6138E-002   8.1813E-001   3.0739E+000  
 2.7664E-001  -8.8593E+000  -4.7140E+000  -1.2404E-002   3.9335E-002  -8.4092E-001   4.1954E-002   3.8491E-002  -1.0599E-001  -5.3218E-001  -2.6196E-001  -7.3731E-001  -9.8487E-002  -1.0934E+000   1.3363E-001  -1.6698E-001   9.6624E-005  -1.3337E+000   3.1156E-002   3.7763E-001  -1.4567E-001  -1.0853E-001   8.1019E-001   3.1003E+000  
-2.8746E-002  -9.1569E+000  -1.0859E-001  -3.1613E-003  -6.2244E-003  -8.3003E-001   7.3632E-004   2.8426E-002  -8.0727E-003  -5.0871E-001  -2.6840E-001  -7.3819E-001  -6.7689E-003  -1.1099E+000  -9.2937E-003  -1.7002E-001  -1.3791E-004  -1.3567E+000  -1.1516E-002   3.9493E-001   5.5523E-003  -1.1349E-001   8.0656E-001   3.1462E+000  
 2.5625E-001  -8.8897E+000   4.4940E+000  -1.2837E-002  -5.1908E-002  -8.4341E-001  -4.0815E-002   3.7215E-002   8.9477E-002  -5.3280E-001  -2.6324E-001  -7.3961E-001   8.4879E-002  -1.0917E+000  -1.5203E-001  -1.6796E-001  -4.4393E-004  -1.3343E+000  -5.4073E-002   3.7480E-001   1.5653E-001  -1.0922E-001   8.1009E-001   3.1020E+000  
 9.2670E-001  -8.5733E+000   7.5297E+000  -4.3883E-002  -1.3932E-001  -8.7589E-001  -5.9339E-002   6.5196E-002   1.9474E-001  -6.0827E-001  -2.5086E-001  -7.3953E-001   1.7365E-001  -1.0404E+000  -2.7647E-001  -1.5955E-001  -2.9087E-003  -1.2732E+000  -8.4788E-002   3.1916E-001   3.0168E-001  -9.7875E-002   8.1825E-001   3.1026E+000  
 1.8636E+000  -8.3317E+000   9.6401E+000  -1.1237E-001  -3.3164E-001  -8.9067E-001  -5.1172E-002   1.0332E-001   2.9340E-001  -6.9906E-001  -2.4173E-001  -7.3904E-001   2.3780E-001  -9.1348E-001  -3.5428E-001  -1.5809E-001  -9.1843E-003  -1.1810E+000  -1.1864E-001   2.7007E-001   4.7498E-001  -7.0559E-002   8.1756E-001   3.5681E+000  
 2.5557E+000  -8.1473E+000   9.7913E+000  -4.7525E-001  -1.4805E+000  -4.0148E-001  -1.3489E-001  -4.9928E-002   9.1205E-002   1.0779E-001  -2.6739E-001  -8.3735E-001   2.2738E-001   5.2280E-002  -8.6111E-002  -2.3001E-001   1.2036E-001  -1.1624E+000  -1.4846E-001   5.2792E-001   1.1071E+000  -2.4615E-002   6.9803E-001   2.4195E+000  
