 2.1032E+000   3.0401E+000  -5.5481E+000   4.7101E-001   1.2092E-001   3.3065E-001  -6.2821E-001  -3.0488E-001  -6.9602E-001   7.1193E-001  -2.8088E-001  -1.1146E+000   2.7551E-001  -1.3952E-001   5.2627E-001   9.7087E-002   7.1945E-002  -1.4284E-001  -1.5272E-001   1.4474E-001   1.1645E-001  -1.5574E-002   3.8660E-001   1.7740E+000  
 4.1035E-001   4.4878E+000  -4.8323E+000  -7.6104E-002  -4.4025E-001  -1.7233E-001  -2.3152E-001   3.5460E-001   5.4211E-002   7.0936E-001  -2.5562E-001  -1.3735E+000  -1.4147E-002   3.8619E-002   1.1928E-001  -3.8151E-002   4.9476E-002  -6.9721E-002   4.1237E-002   8.8681E-002   1.5629E-001  -1.0582E-002   4.2236E-001   2.1311E+000  
-1.6770E-001   3.9158E+000  -3.6875E+000   2.9606E-002  -1.8181E-001   1.1866E-002  -1.6962E-001   3.2495E-001   1.2547E-002   6.1896E-001  -2.2309E-001  -1.3316E+000   1.9070E-002   7.1921E-002   1.0422E-001  -8.4621E-002   2.3086E-002  -8.7854E-002   7.2136E-003   1.2202E-001   9.7913E-002  -2.3191E-003   4.2247E-001   2.3084E+000  
-5.9389E-001   3.6223E+000  -2.4673E+000   6.0228E-002  -4.9925E-002   1.1036E-001  -1.0550E-001   3.3955E-001   9.8158E-003   5.8580E-001  -2.1734E-001  -1.3254E+000   1.0858E-002   8.3506E-002   5.5571E-002  -1.0133E-001   1.2886E-002  -8.7774E-002   1.4231E-005   1.4666E-001   4.9865E-002   5.3357E-003   4.2644E-001   2.4084E+000  
-7.9336E-001   3.5494E+000  -2.2307E-001   6.7973E-002   3.2682E-002   1.4893E-001  -4.9174E-002   3.4426E-001   8.0352E-003   5.7693E-001  -2.1573E-001  -1.3246E+000  -6.3082E-003   8.8456E-002   5.7085E-003  -1.0655E-001   8.4475E-003  -8.8869E-002  -4.7538E-003   1.5530E-001  -2.8949E-003   7.7989E-003   4.2773E-001   2.3754E+000  
-6.5481E-001   3.5466E+000   2.0240E+000   5.6039E-002   1.1526E-001   1.2190E-001   7.4781E-003   3.3844E-001   5.2363E-003   5.9183E-001  -2.1692E-001  -1.3303E+000  -2.2817E-002   8.5882E-002  -4.4337E-002  -1.0017E-001   3.6682E-003  -9.1184E-002  -9.5245E-003   1.4777E-001  -5.5849E-002   4.6159E-003   4.2691E-001   2.4100E+000  
-2.8710E-001   3.7673E+000   3.3005E+000   2.1488E-002   2.4659E-001   3.4700E-002   7.2821E-002   3.2267E-001   1.0638E-005   6.3096E-001  -2.2192E-001  -1.3410E+000  -2.9668E-002   7.6245E-002  -9.3908E-002  -8.2881E-002  -7.1884E-003  -9.4289E-002  -1.6212E-002   1.2404E-001  -1.0428E-001  -3.1171E-003   4.2363E-001   2.3189E+000  
 2.3854E-001   4.3021E+000   4.5400E+000  -8.9840E-002   5.0659E-001  -1.3941E-001   1.3567E-001   3.5268E-001  -4.8036E-002   7.2578E-001  -2.5411E-001  -1.3874E+000   7.0350E-003   4.6694E-002  -1.0898E-001  -3.5533E-002  -3.4754E-002  -7.9185E-002  -5.0167E-002   8.8716E-002  -1.6355E-001  -1.1436E-002   4.2470E-001   2.1451E+000  
 1.9079E+000   2.8047E+000   5.3232E+000   4.6368E-001  -6.0335E-002   4.0097E-001   5.3538E-001  -3.1972E-001   7.0575E-001   7.1072E-001  -2.7791E-001  -1.1236E+000  -2.8092E-001  -1.1711E-001  -5.2783E-001   1.0025E-001  -5.8944E-002  -1.5825E-001   1.4720E-001   1.3959E-001  -1.1806E-001  -1.5852E-002   3.9060E-001   1.7625E+000  
 1.3251E+000   5.5843E+000  -5.5099E+000   8.6000E-002  -2.8602E-001   2.6886E-001  -3.3409E-001   2.1411E-001   1.4605E-001   7.1941E-001  -1.4476E-001  -1.3526E+000   3.4352E-002   5.9169E-004   1.9643E-001  -6.7899E-002   4.8952E-002  -1.3853E-001  -3.9625E-002  -4.3381E-003   1.2196E-001  -7.9588E-003   4.1717E-001   1.9468E+000  
 4.6845E-001   5.1675E+000  -4.8104E+000   1.4488E-001  -6.5540E-002   4.1296E-001  -2.3546E-001   2.4372E-001   1.0600E-001   6.4286E-001  -1.3149E-001  -1.3541E+000   4.5879E-002   3.0904E-002   1.5471E-001  -9.5049E-002   2.3754E-002  -1.4681E-001  -3.8519E-002   4.2062E-002   1.0095E-001   4.4642E-003   4.2954E-001   2.1853E+000  
-2.4427E-001   4.7471E+000  -3.8431E+000   1.7636E-001   3.5459E-002   5.5169E-001  -1.6064E-001   2.6305E-001   6.9579E-002   5.9233E-001  -1.2425E-001  -1.3481E+000   4.2134E-002   5.3443E-002   1.0827E-001  -1.1865E-001   8.7180E-003  -1.5165E-001  -3.1541E-002   7.7069E-002   7.1279E-002   1.8386E-002   4.3823E-001   2.3658E+000  
-7.4428E-001   4.7222E+000  -2.1123E+000   1.8891E-001   5.2879E-002   6.5164E-001  -1.0129E-001   2.7358E-001   3.6658E-002   5.6343E-001  -1.2090E-001  -1.3412E+000   2.2734E-002   6.8810E-002   5.7739E-002  -1.3511E-001   5.3863E-003  -1.5476E-001  -1.9093E-002   9.7727E-002   3.5219E-002   2.8583E-002   4.4310E-001   2.4767E+000  
-9.4253E-001   4.5852E+000  -2.5898E-001   1.9097E-001   2.7547E-002   6.9120E-001  -4.9988E-002   2.7626E-001   5.8884E-003   5.5581E-001  -1.1977E-001  -1.3397E+000  -5.1814E-003   7.5062E-002   4.5565E-003  -1.4039E-001   8.9670E-003  -1.5688E-001  -3.6693E-003   1.0452E-001  -2.9735E-003   3.2489E-002   4.4523E-001   2.4364E+000  
-8.1170E-001   4.6561E+000   1.5942E+000   1.8539E-001   2.0616E-003   6.6339E-001   1.7287E-003   2.7238E-001  -2.5602E-002   5.6865E-001  -1.2014E-001  -1.3460E+000  -3.2631E-002   7.0274E-002  -4.9002E-002  -1.3457E-001   1.2248E-002  -1.5776E-001   1.1963E-002   9.8871E-002  -4.1138E-002   2.8312E-002   4.4389E-001   2.4805E+000  
-3.7591E-001   4.6261E+000   3.3955E+000   1.6915E-001   1.8854E-002   5.7491E-001   6.2484E-002   2.6071E-001  -6.0537E-002   6.0268E-001  -1.2267E-001  -1.3575E+000  -5.0936E-002   5.6141E-002  -1.0066E-001  -1.1756E-001   8.2509E-003  -1.5735E-001   2.5222E-002   7.9046E-002  -7.7228E-002   1.7876E-002   4.3981E-001   2.3771E+000  
 2.8004E-001   4.9748E+000   4.4832E+000   1.3380E-001   1.1875E-001   4.4694E-001   1.3962E-001   2.4042E-001  -1.0020E-001   6.5798E-001  -1.2910E-001  -1.3676E+000  -5.3015E-002   3.4420E-002  -1.4875E-001  -9.3396E-002  -7.7436E-003  -1.5476E-001   3.3433E-002   4.4339E-002  -1.0705E-001   3.7967E-003   4.3195E-001   2.2007E+000  
 1.0911E+000   5.3496E+000   5.2597E+000   7.0826E-002   3.3765E-001   3.1277E-001   2.4143E-001   2.0998E-001  -1.4443E-001   7.3872E-001  -1.4166E-001  -1.3695E+000  -3.9256E-002   4.4432E-003  -1.9282E-001  -6.5679E-002  -3.4196E-002  -1.4822E-001   3.6159E-002  -2.1929E-003  -1.2797E-001  -8.7239E-003   4.2049E-001   1.9695E+000  
 1.4698E+000   7.0819E+000  -5.7839E+000   1.9324E-001   2.5351E-002   5.5477E-001  -3.1567E-001   1.7309E-001   2.4724E-001   6.4108E-001  -6.3882E-002  -1.3932E+000   5.2821E-002  -3.5396E-002   1.8512E-001  -7.1800E-002   3.7963E-002  -1.6134E-001  -9.7020E-002  -2.2860E-002   7.7077E-002  -4.4095E-003   4.2811E-001   1.9548E+000  
 5.1688E-001   7.0126E+000  -4.9586E+000   2.1847E-001   1.4636E-001   6.9723E-001  -2.2229E-001   1.9588E-001   1.8007E-001   5.8233E-001  -5.6014E-002  -1.4011E+000   5.7447E-002  -4.6621E-003   1.4536E-001  -9.0165E-002   1.2442E-002  -1.6889E-001  -8.3101E-002   1.7482E-002   6.5820E-002   8.7626E-003   4.4442E-001   2.1813E+000  
 7.1419E-001   3.6871E+000  -8.0516E-001   2.2110E-001   1.6343E-001   8.3444E-001  -1.5168E-001   2.1207E-001   1.1935E-001   5.4335E-001  -5.3364E-002  -1.4000E+000   4.7041E-002   1.8786E-002   9.9744E-002  -1.0507E-001  -2.6225E-004  -1.7374E-001  -5.9937E-002   4.6788E-002   4.7643E-002   2.1176E-002   4.5610E-001   2.3726E+000  
 6.4544E-001   3.3381E+000  -1.2011E-001   2.1581E-001   1.1038E-001   9.3381E-001  -9.7085E-002   2.2055E-001   6.0745E-002   5.2184E-001  -5.1428E-002  -1.3955E+000   2.4966E-002   3.3994E-002   5.2277E-002  -1.1581E-001   6.0113E-004  -1.7627E-001  -3.2481E-002   6.4726E-002   2.3915E-002   3.0685E-002   4.6250E-001   2.5074E+000  
 5.4694E-001   3.3639E+000  -8.9884E-002   2.1178E-001   2.2226E-002   9.7314E-001  -5.0687E-002   2.2282E-001   3.9424E-003   5.1649E-001  -5.1148E-002  -1.3947E+000  -3.6409E-003   3.9642E-002   3.6151E-003  -1.2004E-001   9.3321E-003  -1.7768E-001  -2.6703E-003   7.0662E-002  -2.8040E-003   3.4038E-002   4.6494E-001   2.4845E+000  
 6.0824E-001   3.3435E+000  -6.0383E-002   2.1253E-001  -6.6124E-002   9.4557E-001  -3.7797E-003   2.1954E-001  -5.3450E-002   5.2614E-001  -5.0581E-002  -1.4004E+000  -3.1975E-002   3.4805E-002  -4.5441E-002  -1.1539E-001   1.7838E-002  -1.7879E-001   2.7502E-002   6.5650E-002  -2.9494E-002   3.0525E-002   4.6346E-001   2.5125E+000  
 6.2956E-001   3.6728E+000   5.7713E-001   2.1434E-001  -1.1971E-001   8.5774E-001   5.2270E-002   2.1011E-001  -1.1386E-001   5.5182E-001  -5.1723E-002  -1.4096E+000  -5.3145E-002   2.0264E-002  -9.4003E-002  -1.0416E-001   1.8040E-002  -1.7860E-001   5.5920E-002   4.8358E-002  -5.3088E-002   2.0758E-002   4.5796E-001   2.3838E+000  
 3.0970E-001   6.8070E+000   4.5872E+000   2.0811E-001  -1.0363E-001   7.3146E-001   1.2531E-001   1.9299E-001  -1.7744E-001   5.9466E-001  -5.3531E-002  -1.4149E+000  -6.2179E-002  -2.9487E-003  -1.4126E-001  -8.8836E-002   4.4405E-003  -1.7561E-001   8.0548E-002   1.9332E-002  -7.1075E-002   8.1338E-003   4.4708E-001   2.1967E+000  
 1.2144E+000   6.8671E+000   5.5186E+000   1.7903E-001   1.6013E-002   5.9907E-001   2.2204E-001   1.6941E-001  -2.4845E-001   6.5679E-001  -6.0603E-002  -1.4104E+000  -5.5712E-002  -3.3854E-002  -1.8298E-001  -6.9961E-002  -2.2311E-002  -1.6944E-001   9.6154E-002  -2.1304E-002  -8.2059E-002  -5.2725E-003   4.3149E-001   1.9749E+000  
 3.9930E+000   5.7238E+000  -1.2077E+000  -4.7245E-001  -1.2267E+000   1.3670E+000  -2.8687E-001   2.0257E-001   3.8988E-001   3.0828E-001  -7.7554E-002  -1.0587E+000  -2.1046E-001  -2.3601E-001   5.3690E-001  -4.5913E-003   4.7648E-002  -2.5636E-001  -2.1504E-001  -5.2402E-002  -4.7134E-002  -2.3229E-002   3.6316E-001   1.5422E+000  
 3.7654E+000   5.9298E+000  -3.4438E+000   1.3969E-001  -2.6221E-001   5.6548E-001  -5.8197E-001   8.0632E-002   5.4423E-001   6.9802E-001  -3.7752E-002  -1.3746E+000   1.9402E-002  -1.5423E-001   2.0832E-001  -3.0470E-002   1.0105E-001  -1.2791E-001  -1.4118E-001  -1.1239E-001   1.6286E-002  -1.9967E-002   3.9068E-001   1.6638E+000  
 2.7456E+000   6.4929E+000  -4.7579E+000   2.0668E-001   2.9353E-002   5.7268E-001  -4.2050E-001   1.1292E-001   4.2678E-001   6.0625E-001  -1.6005E-002  -1.4158E+000   3.8385E-002  -1.1380E-001   1.8856E-001  -3.9309E-002   7.1591E-002  -1.4276E-001  -1.4980E-001  -6.7047E-002   3.5186E-002  -2.2527E-002   4.1333E-001   1.6378E+000  
 1.6694E+000   7.2045E+000  -5.3524E+000   2.3591E-001   1.9467E-001   6.7347E-001  -3.0115E-001   1.3514E-001   3.2789E-001   5.4204E-001  -4.0710E-003  -1.4440E+000   5.1352E-002  -7.4869E-002   1.5783E-001  -5.0339E-002   3.4679E-002  -1.5345E-001  -1.3869E-001  -2.7106E-002   4.1701E-002  -1.5158E-002   4.3783E-001   1.8642E+000  
 1.0345E+000   2.7203E+000  -1.3760E-001   2.3388E-001   2.4916E-001   8.1615E-001  -2.1171E-001   1.5108E-001   2.3975E-001   4.9764E-001   5.1061E-004  -1.4552E+000   5.2873E-002  -4.2579E-002   1.2290E-001  -6.0702E-002   6.5737E-003  -1.6093E-001  -1.1439E-001   5.1321E-003   3.8125E-002  -3.2739E-003   4.5921E-001   2.0966E+000  
 5.9999E-001   2.8160E+000  -8.5474E-002   2.1493E-001   2.1913E-001   9.5378E-001  -1.4499E-001   1.6167E-001   1.5830E-001   4.6883E-001   1.9470E-003  -1.4556E+000   4.3165E-002  -1.8618E-002   8.4320E-002  -6.8526E-002  -6.2616E-003  -1.6561E-001  -8.0507E-002   2.8421E-002   2.8868E-002   7.0989E-003   4.7369E-001   2.3037E+000  
 3.1942E-001   2.8732E+000  -7.6010E-002   1.9476E-001   1.3179E-001   1.0530E+000  -9.3754E-002   1.6722E-001   7.9326E-002   4.5309E-001   4.3540E-003  -1.4520E+000   2.3534E-002  -3.2166E-003   4.4016E-002  -7.2843E-002  -2.7068E-003  -1.6775E-001  -4.1718E-002   4.2783E-002   1.4690E-002   1.3806E-002   4.8106E-001   2.4353E+000  
 2.1220E-001   2.8934E+000  -8.7375E-002   1.8571E-001   1.6622E-002   1.0920E+000  -5.1184E-002   1.6863E-001   2.2768E-003   4.4909E-001   5.2659E-003  -1.4513E+000  -1.9070E-003   1.9942E-003   2.8001E-003  -7.4312E-002   9.6376E-003  -1.6850E-001  -1.7105E-003   4.7591E-002  -2.6100E-003   1.6127E-002   4.8316E-001   2.4385E+000  
 2.8239E-001   2.8781E+000  -9.9453E-002   1.9163E-001  -9.8663E-002   1.0648E+000  -8.1202E-003   1.6645E-001  -7.5342E-002   4.5633E-001   5.1785E-003  -1.4571E+000  -2.7088E-002  -2.8776E-003  -3.8709E-002  -7.2435E-002   2.1753E-002  -1.6981E-001   3.8658E-002   4.3404E-002  -1.9849E-002   1.3615E-002   4.8214E-001   2.4407E+000  
 5.2589E-001   2.8260E+000  -9.2139E-002   2.0857E-001  -1.8640E-001   9.7709E-001   4.4596E-002   1.6011E-001  -1.5598E-001   4.7518E-001   3.5728E-003  -1.4655E+000  -4.5964E-002  -1.8083E-002  -7.9900E-002  -6.7727E-002   2.4701E-002  -1.6955E-001   7.8489E-002   2.9484E-002  -3.3837E-002   6.7570E-003   4.7576E-001   2.3148E+000  
 9.2392E-001   2.7354E+000  -4.3661E-002   2.2407E-001  -2.1707E-001   8.5046E-001   1.1372E-001   1.4876E-001  -2.4015E-001   5.0683E-001   2.9775E-003  -1.4692E+000  -5.4418E-002  -4.2159E-002  -1.1983E-001  -5.9549E-002   1.0933E-002  -1.6637E-001   1.1385E-001   6.2740E-003  -4.2771E-002  -3.8453E-003   4.6210E-001   2.1119E+000  
 1.3935E+000   6.9876E+000   5.0788E+000   2.2245E-001  -1.6358E-001   7.1800E-001   2.0658E-001   1.3213E-001  -3.3188E-001   5.5367E-001  -7.0250E-004  -1.4615E+000  -5.1380E-002  -7.5000E-002  -1.5636E-001  -4.8857E-002  -1.8411E-002  -1.5996E-001   1.3990E-001  -2.6308E-002  -4.5845E-002  -1.5962E-002   4.4135E-001   1.8836E+000  
 2.4344E+000   6.2910E+000   4.6223E+000   1.8934E-001   4.0556E-004   6.2648E-001   3.3038E-001   1.0925E-001  -4.3498E-001   6.1983E-001  -1.1694E-002  -1.4358E+000  -3.6698E-002  -1.1494E-001  -1.8892E-001  -3.7651E-002  -5.6831E-002  -1.4994E-001   1.5292E-001  -6.6935E-002  -3.8542E-002  -2.3544E-002   4.1734E-001   1.6597E+000  
 3.4314E+000   5.7501E+000   3.4444E+000   1.1778E-001   2.9080E-001   6.2731E-001   4.9683E-001   7.6705E-002  -5.5715E-001   7.1261E-001  -3.2862E-002  -1.3959E+000  -1.5330E-002  -1.5656E-001  -2.1069E-001  -2.8351E-002  -8.8402E-002  -1.3559E-001   1.4602E-001  -1.1325E-001  -1.8571E-002  -2.1490E-002   3.9499E-001   1.6890E+000  
 3.6767E+000   5.5450E+000   1.3467E+000  -4.9403E-001   1.2221E+000   1.4184E+000   2.0861E-001   1.9655E-001  -4.0597E-001   3.5079E-001  -7.4220E-002  -1.0782E+000   2.1764E-001  -2.5030E-001  -5.2654E-001  -4.3387E-004  -3.9302E-002  -2.6642E-001   2.2282E-001  -5.7758E-002   3.7559E-002  -2.4582E-002   3.6889E-001   1.5678E+000  
 4.9860E+000   4.5557E+000  -1.5151E+000   1.5280E-001  -3.2719E-001   7.0694E-001  -8.1731E-001   1.3384E-002   8.2108E-001   6.6090E-001   2.0274E-003  -1.3789E+000   2.9273E-002  -2.2073E-001   1.4983E-001  -2.4943E-002   1.0671E-001  -7.2194E-002  -1.4613E-001  -1.3468E-001  -5.8964E-002  -1.9270E-002   3.7447E-001   1.8045E+000  
 4.0166E+000   5.4224E+000  -2.9117E+000   1.9833E-001  -5.1168E-002   5.9397E-001  -5.6151E-001   6.1902E-002   6.3621E-001   5.3545E-001   1.2619E-002  -1.4075E+000   2.0443E-002  -1.8986E-001   1.6565E-001  -1.8768E-002   1.0908E-001  -1.0712E-001  -1.8280E-001  -8.9037E-002  -2.1150E-002  -3.2670E-002   3.8970E-001   1.8358E+000  
 2.9793E+000   6.0964E+000  -4.0883E+000   2.4181E-001   1.4741E-001   5.9590E-001  -4.0712E-001   8.2733E-002   5.0229E-001   4.6992E-001   3.1419E-002  -1.4550E+000   3.3183E-002  -1.4785E-001   1.4827E-001  -2.1999E-002   7.5093E-002  -1.1870E-001  -1.8458E-001  -5.4926E-002   3.2114E-003  -3.7625E-002   4.1612E-001   1.8298E+000  
 1.3891E+000   2.0603E+000  -1.2032E-001   2.4746E-001   2.4811E-001   6.9563E-001  -2.9141E-001   9.7234E-002   3.8722E-001   4.2372E-001   3.8979E-002  -1.4860E+000   4.0999E-002  -1.0785E-001   1.2295E-001  -2.5466E-002   3.5038E-002  -1.2732E-001  -1.6677E-001  -2.4499E-002   1.5784E-002  -3.1743E-002   4.4538E-001   1.8149E+000  
 7.7947E-001   2.1602E+000  -3.7868E-002   2.2497E-001   2.6405E-001   8.3789E-001  -2.0433E-001   1.0742E-001   2.8424E-001   3.9216E-001   4.0722E-002  -1.4994E+000   4.1199E-002  -7.4689E-002   9.4727E-002  -2.8884E-002   4.5028E-003  -1.3454E-001  -1.3563E-001  -1.1902E-003   1.9104E-002  -2.1341E-002   4.7059E-001   2.0182E+000  
 3.0928E-001   2.2287E+000  -2.1132E-002   1.8962E-001   2.1561E-001   9.7606E-001  -1.4046E-001   1.1333E-001   1.8711E-001   3.7180E-001   4.2958E-002  -1.4993E+000   3.3860E-002  -5.0043E-002   6.5171E-002  -3.1571E-002  -8.5673E-003  -1.3963E-001  -9.4807E-002   1.6102E-002   1.5898E-002  -1.2982E-002   4.8654E-001   2.2229E+000  
 7.4162E-003   2.2704E+000  -4.3575E-002   1.5722E-001   1.2383E-001   1.0757E+000  -9.2485E-002   1.1457E-001   9.2960E-002   3.6046E-001   4.8276E-002  -1.4948E+000   1.9052E-002  -3.4593E-002   3.4133E-002  -3.0951E-002  -3.6815E-003  -1.4140E-001  -4.8152E-002   2.7031E-002   8.0990E-003  -1.0586E-002   4.9365E-001   2.3094E+000  
-1.0621E-001   2.2858E+000  -8.5108E-002   1.4311E-001   1.0903E-002   1.1149E+000  -5.1521E-002   1.1388E-001   9.2743E-004   3.5739E-001   5.1762E-002  -1.4946E+000   6.1347E-005  -2.9441E-002   2.1853E-003  -2.9688E-002   9.8810E-003  -1.4191E-001  -9.1158E-004   3.0591E-002  -2.4663E-003  -1.1283E-002   4.9601E-001   2.3072E+000  
-2.9396E-002   2.2750E+000  -1.2733E-001   1.5430E-001  -1.0208E-001   1.0874E+000  -1.0093E-002   1.1400E-001  -9.1653E-002   3.6256E-001   4.9105E-002  -1.5000E+000  -1.8714E-002  -3.4615E-002  -2.9978E-002  -3.0511E-002   2.3224E-002  -1.4294E-001   4.6659E-002   2.7403E-002  -1.2967E-002  -1.0754E-002   4.9481E-001   2.3151E+000  
 2.3560E-001   2.2378E+000  -1.5189E-001   1.8366E-001  -1.9405E-001   9.9933E-001   3.9330E-002   1.1219E-001  -1.8741E-001   3.7591E-001   4.4606E-002  -1.5094E+000  -3.2865E-002  -5.0225E-002  -6.1633E-002  -3.0739E-002   2.7470E-002  -1.4253E-001   9.4308E-002   1.6707E-002  -2.0556E-002  -1.3297E-002   4.8878E-001   2.2335E+000  
 6.6951E-001   2.1739E+000  -1.3874E-001   2.1569E-001  -2.4281E-001   8.7216E-001   1.0561E-001   1.0574E-001  -2.8714E-001   3.9807E-001   4.3197E-002  -1.5137E+000  -3.9127E-002  -7.5281E-002  -9.2111E-002  -2.7738E-002   1.3403E-002  -1.3852E-001   1.3660E-001  -6.3771E-004  -2.3399E-002  -2.1885E-002   4.7366E-001   2.0331E+000  
 1.2434E+000   2.0786E+000  -6.1499E-002   2.3457E-001  -2.2737E-001   7.4019E-001   1.9615E-001   9.5039E-002  -3.9355E-001   4.3114E-001   4.2367E-002  -1.5037E+000  -3.7601E-002  -1.0925E-001  -1.2151E-001  -2.4155E-002  -1.8447E-002  -1.3203E-001   1.6949E-001  -2.4310E-002  -1.9483E-002  -3.2598E-002   4.4903E-001   1.8382E+000  
 2.6517E+000   5.9670E+000   3.9818E+000   2.2509E-001  -1.2743E-001   6.4974E-001   3.1639E-001   8.0109E-002  -5.1268E-001   4.7847E-001   3.5869E-002  -1.4750E+000  -2.8493E-002  -1.5049E-001  -1.4803E-001  -2.0660E-002  -6.0106E-002  -1.2384E-001   1.8915E-001  -5.5422E-002  -6.0295E-003  -3.8679E-002   4.2009E-001   1.8537E+000  
 3.6687E+000   5.3099E+000   2.9088E+000   1.7745E-001   7.0369E-002   6.5578E-001   4.7617E-001   5.9009E-002  -6.5104E-001   5.4459E-001   1.8041E-002  -1.4289E+000  -1.4279E-002  -1.9400E-001  -1.6665E-001  -1.7416E-002  -9.5979E-002  -1.1251E-001   1.8908E-001  -9.0439E-002   1.9478E-002  -3.3971E-002   3.9375E-001   1.8590E+000  
 4.6250E+000   4.4568E+000   1.6262E+000   1.2573E-001   3.4720E-001   7.7705E-001   7.3612E-001   1.1060E-002  -8.3946E-001   6.6819E-001   7.6836E-003  -1.3992E+000  -2.0439E-002  -2.2667E-001  -1.5366E-001  -2.3386E-002  -9.6387E-002  -7.8632E-002   1.5457E-001  -1.3625E-001   5.8981E-002  -2.0673E-002   3.7867E-001   1.8321E+000  
 5.1653E+000   3.2757E+000  -8.1162E-001   1.6448E-001  -1.5986E-001   7.2901E-001  -7.5446E-001   2.1180E-002   8.7997E-001   4.2534E-001   2.1541E-002  -1.3743E+000   8.0794E-003  -2.5203E-001   1.2016E-001  -1.0387E-002   1.3416E-001  -6.5806E-002  -1.8686E-001  -8.5421E-002  -8.8065E-002  -2.8247E-002   3.6526E-001   1.9393E+000  
 4.2431E+000   4.3592E+000  -1.9999E+000   2.2872E-001   3.4551E-002   5.7670E-001  -5.4862E-001   4.1241E-002   6.9865E-001   3.6278E-001   4.7491E-002  -1.4314E+000   1.5120E-002  -2.1608E-001   1.1522E-001  -7.9510E-003   1.1889E-001  -7.6996E-002  -2.0926E-001  -6.1171E-002  -4.7259E-002  -4.7090E-002   3.8750E-001   1.9805E+000  
 2.1621E+000   1.8732E+000  -6.7844E-001   2.5710E-001   1.5800E-001   5.7446E-001  -3.9917E-001   5.3282E-002   5.5328E-001   3.2128E-001   6.3939E-002  -1.4824E+000   2.3826E-002  -1.7281E-001   1.0126E-001  -7.7151E-003   8.0581E-002  -8.3708E-002  -2.0632E-001  -3.9106E-002  -1.8830E-002  -5.2548E-002   4.1639E-001   1.9891E+000  
 1.2107E+000   1.4314E+000  -2.4073E-002   2.4735E-001   2.1375E-001   6.7320E-001  -2.8472E-001   6.2042E-002   4.2758E-001   2.9096E-001   6.7317E-002  -1.5143E+000   2.7714E-002  -1.3172E-001   8.4032E-002  -7.2450E-003   3.7251E-002  -8.9958E-002  -1.8404E-001  -1.9090E-002  -2.5063E-003  -4.6474E-002   4.4824E-001   1.9638E+000  
 5.6286E-001   1.4955E+000   2.9577E-002   2.1269E-001   2.1253E-001   8.1538E-001  -1.9882E-001   6.8297E-002   3.1398E-001   2.7029E-001   6.4543E-002  -1.5270E+000   2.8346E-002  -9.8677E-002   6.4937E-002  -8.7358E-003   3.0855E-003  -9.5545E-002  -1.4950E-001  -3.3123E-003   5.2359E-003  -3.4079E-002   4.7456E-001   1.9316E+000  
 6.4744E-002   1.5392E+000   2.2643E-002   1.6705E-001   1.6756E-001   9.5257E-001  -1.3767E-001   7.2596E-002   2.0645E-001   2.5709E-001   6.5260E-002  -1.5234E+000   2.4129E-002  -7.3980E-002   4.5170E-002  -1.0763E-002  -9.5564E-003  -9.9186E-002  -1.0385E-001   8.0319E-003   6.7200E-003  -2.5304E-002   4.8779E-001   2.0940E+000  
-2.5490E-001   1.5655E+000  -2.0987E-002   1.2867E-001   9.3563E-002   1.0507E+000  -9.2276E-002   7.4271E-002   1.0196E-001   2.4885E-001   6.9010E-002  -1.5149E+000   1.4093E-002  -5.8916E-002   2.3673E-002  -1.1757E-002  -3.1571E-003  -9.8730E-002  -5.2122E-002   1.5351E-002   3.3299E-003  -2.2335E-002   4.9064E-001   2.1522E+000  
-3.7500E-001   1.5754E+000  -8.3034E-002   1.1404E-001   5.0912E-003   1.0894E+000  -5.1747E-002   7.4777E-002  -3.6044E-005   2.4668E-001   7.0745E-002  -1.5132E+000   2.2496E-003  -5.3627E-002   1.7386E-003  -1.1955E-002   1.0124E-002  -9.8667E-002  -3.6391E-004   1.7994E-002  -2.3846E-003  -2.0802E-002   4.9161E-001   2.1758E+000  
-2.9145E-001   1.5696E+000  -1.4576E-001   1.2596E-001  -8.3383E-002   1.0623E+000  -1.0741E-002   7.3913E-002  -1.0256E-001   2.4978E-001   6.9887E-002  -1.5201E+000  -9.4295E-003  -5.9203E-002  -2.0328E-002  -1.1299E-002   2.3162E-002  -9.9653E-002   5.1735E-002   1.5548E-002  -8.0357E-003  -2.2572E-002   4.9184E-001   2.1582E+000  
-8.4062E-003   1.5475E+000  -1.9150E-001   1.6149E-001  -1.5736E-001   9.7576E-001   3.6080E-002   7.1899E-002  -2.0862E-001   2.5889E-001   6.6981E-002  -1.5335E+000  -1.8954E-002  -7.4677E-002  -4.2166E-002  -9.8939E-003   2.8830E-002  -1.0093E-001   1.0441E-001   8.3103E-003  -1.1230E-002  -2.5714E-002   4.9012E-001   2.1036E+000  
 4.5368E-001   1.5078E+000  -2.0199E-001   2.0397E-001  -2.0234E-001   8.4955E-001   9.9659E-002   6.7290E-002  -3.1867E-001   2.7283E-001   6.7116E-002  -1.5414E+000  -2.2342E-002  -1.0002E-001  -6.2447E-002  -7.6056E-003   1.5079E-002  -9.7881E-002   1.5151E-001  -3.1387E-003  -9.3928E-003  -3.4653E-002   4.7778E-001   1.9489E+000  
 1.0661E+000   1.4478E+000  -1.5353E-001   2.3506E-001  -2.0359E-001   7.1763E-001   1.8909E-001   6.0768E-002  -4.3556E-001   2.9408E-001   7.0861E-002  -1.5320E+000  -2.0700E-002  -1.3405E-001  -8.2197E-002  -6.0767E-003  -2.0534E-002  -9.2650E-002   1.8775E-001  -1.9258E-002  -1.0834E-003  -4.7363E-002   4.5198E-001   1.9867E+000  
 1.9593E+000   1.8801E+000   5.1052E-001   2.4086E-001  -1.4793E-001   6.2816E-001   3.0818E-001   5.1860E-002  -5.6521E-001   3.2471E-001   6.8550E-002  -1.5025E+000  -1.5854E-002  -1.7652E-001  -1.0000E-001  -6.6392E-003  -6.5606E-002  -8.6578E-002   2.1177E-001  -3.9882E-002   1.6061E-002  -5.3807E-002   4.2034E-001   2.0133E+000  
 3.8868E+000   4.3031E+000   2.0225E+000   2.0831E-001  -2.4589E-002   6.3830E-001   4.6320E-001   3.9781E-002  -7.1488E-001   3.6623E-001   5.3264E-002  -1.4528E+000  -6.3008E-003  -2.2149E-001  -1.1445E-001  -6.9961E-003  -1.0587E-001  -7.9947E-002   2.1632E-001  -6.2731E-002   4.5546E-002  -4.8592E-002   3.9137E-001   2.0061E+000  
 4.7989E+000   3.2388E+000   9.2258E-001   1.3937E-001   1.6995E-001   7.9721E-001   6.7513E-001   1.9891E-002  -9.0041E-001   4.2832E-001   2.8199E-002  -1.3956E+000   1.7813E-003  -2.5938E-001  -1.1994E-001  -9.4693E-003  -1.2356E-001  -6.8958E-002   1.9546E-001  -8.7862E-002   8.7574E-002  -3.0004E-002   3.6896E-001   1.9671E+000  
 5.2771E+000   1.4601E+000  -4.4420E-001   1.8895E-001  -5.8594E-002   7.0719E-001  -7.4254E-001   1.1161E-002   9.2480E-001   2.1433E-001   4.2838E-002  -1.3867E+000   6.7179E-003  -2.6743E-001   6.3055E-002  -3.9383E-003   1.4244E-001  -3.5199E-002  -2.0245E-001  -4.3046E-002  -1.0556E-001  -3.6244E-002   3.6258E-001   2.0125E+000  
 4.3828E+000   1.7502E+000  -1.3807E+000   2.4416E-001   3.6088E-002   5.5070E-001  -5.4121E-001   2.0406E-002   7.3467E-001   1.8396E-001   6.8088E-002  -1.4450E+000   1.0534E-002  -2.3278E-001   5.9861E-002  -2.2242E-003   1.2637E-001  -4.0326E-002  -2.2361E-001  -3.0807E-002  -6.1784E-002  -5.6855E-002   3.8464E-001   2.0666E+000  
 1.8764E+000   6.8458E-001  -9.8922E-002   2.6320E-001   9.4569E-002   5.4619E-001  -3.9432E-001   2.5966E-002   5.8307E-001   1.6355E-001   8.1444E-002  -1.4970E+000   1.4751E-002  -1.8824E-001   5.2080E-002  -1.4312E-003   8.5389E-002  -4.3436E-002  -2.1764E-001  -2.0383E-002  -3.2190E-002  -6.2788E-002   4.1450E-001   2.0823E+000  
 1.0884E+000   7.2856E-001   3.1960E-002   2.4588E-001   1.1881E-001   6.4388E-001  -2.8035E-001   2.9942E-002   4.5070E-001   1.4827E-001   8.0705E-002  -1.5287E+000   1.6424E-002  -1.4701E-001   4.3321E-002  -6.2731E-004   3.8089E-002  -4.6312E-002  -1.9296E-001  -1.0425E-002  -1.3709E-002  -5.4511E-002   4.4672E-001   2.0491E+000  
 4.1575E-001   7.6008E-001   6.8233E-002   2.0596E-001   1.1422E-001   7.8578E-001  -1.9351E-001   3.3824E-002   3.3085E-001   1.3797E-001   7.2706E-002  -1.5404E+000   1.7345E-002  -1.1388E-001   3.3622E-002  -1.8133E-003  -1.5283E-004  -4.9020E-002  -1.5593E-001  -2.4483E-003  -3.4481E-003  -3.7550E-002   4.7260E-001   1.9694E+000  
-9.8899E-002   7.8168E-001   4.8602E-002   1.5290E-001   8.7815E-002   9.2138E-001  -1.3567E-001   3.6623E-002   2.1662E-001   1.3110E-001   7.4070E-002  -1.5330E+000   1.5717E-002  -8.8850E-002   2.3459E-002  -3.5192E-003  -9.9735E-003  -5.0408E-002  -1.0664E-001   3.4018E-003   8.0157E-004  -3.0004E-002   4.8202E-001   1.9359E+000  
-4.2916E-001   7.9530E-001  -7.5881E-003   1.1042E-001   4.7096E-002   1.0195E+000  -9.1620E-002   3.7671E-002   1.0680E-001   1.2679E-001   7.7614E-002  -1.5231E+000   1.0619E-002  -7.3841E-002   1.2592E-002  -3.6713E-003  -3.5281E-003  -4.9929E-002  -5.3173E-002   7.0926E-003   3.2375E-004  -2.7267E-002   4.8450E-001   1.9935E+000  
-5.5266E-001   8.0089E-001  -8.1140E-002   9.4496E-002  -8.0011E-004   1.0580E+000  -5.1854E-002   3.7940E-002  -5.6096E-004   1.2525E-001   7.9441E-002  -1.5212E+000   4.6231E-003  -6.8720E-002   1.4043E-003  -3.6956E-003   1.0352E-002  -4.9855E-002  -1.1809E-004   8.4315E-003  -2.3585E-003  -2.5789E-002   4.8523E-001   2.0240E+000  
-4.6539E-001   7.9894E-001  -1.5538E-001   1.0790E-001  -4.8627E-002   1.0312E+000  -1.1613E-002   3.7587E-002  -1.0843E-001   1.2652E-001   7.8567E-002  -1.5283E+000  -1.2533E-003  -7.4268E-002  -9.8075E-003  -3.2671E-003   2.3949E-002  -5.0204E-002   5.3268E-002   7.1690E-003  -4.9882E-003  -2.7624E-002   4.8576E-001   1.9991E+000  
-1.7142E-001   7.8897E-001  -2.1367E-001   1.4768E-001  -8.9140E-002   9.4445E-001   3.3884E-002   3.6455E-002  -2.1981E-001   1.3053E-001   7.5917E-002  -1.5431E+000  -6.0105E-003  -8.9819E-002  -2.0752E-002  -2.7858E-003   2.9576E-002  -5.0889E-002   1.0768E-001   3.4907E-003  -5.3121E-003  -3.0631E-002   4.8444E-001   1.9444E+000  
 3.0751E-001   7.7098E-001  -2.3688E-001   1.9779E-001  -1.1524E-001   8.1980E-001   9.4185E-002   3.3589E-002  -3.3648E-001   1.3705E-001   7.5444E-002  -1.5547E+000  -7.1414E-003  -1.1564E-001  -3.1040E-002  -8.7458E-004   1.8489E-002  -4.9585E-002   1.5841E-001  -2.4701E-003  -7.5838E-004  -3.8266E-002   4.7597E-001   1.9914E+000  
 9.4510E-001   7.4301E-001  -2.0582E-001   2.3416E-001  -1.1938E-001   6.8810E-001   1.8464E-001   2.9732E-002  -4.5954E-001   1.4695E-001   8.4501E-002  -1.5463E+000  -5.6234E-003  -1.4986E-001  -4.0853E-002   2.7741E-004  -2.1424E-002  -4.6889E-002   1.9710E-001  -1.0729E-002   9.9731E-003  -5.5520E-002   4.5054E-001   2.0727E+000  
 1.6985E+000   7.0256E-001  -8.2007E-002   2.4739E-001  -9.4556E-002   5.9965E-001   3.0339E-001   2.5884E-002  -5.9574E-001   1.6175E-001   8.6374E-002  -1.5168E+000  -3.4761E-003  -1.9256E-001  -4.9645E-002  -7.2616E-004  -7.0607E-002  -4.3945E-002   2.2347E-001  -2.1130E-002   2.9144E-002  -6.4269E-002   4.1849E-001   2.1067E+000  
 4.0244E+000   1.7723E+000   1.4046E+000   2.2407E-001  -3.5420E-002   6.1201E-001   4.5600E-001   2.0566E-002  -7.5146E-001   1.8157E-001   7.4277E-002  -1.4660E+000   1.0029E-003  -2.3889E-001  -5.7276E-002  -1.7750E-003  -1.1364E-001  -4.0786E-002   2.3105E-001  -3.2116E-002   5.9632E-002  -5.8625E-002   3.8851E-001   2.0925E+000  
 4.9099E+000   1.4812E+000   5.5820E-001   1.6432E-001   6.0061E-002   7.7495E-001   6.6373E-001   1.1683E-002  -9.4563E-001   2.1127E-001   5.0099E-002  -1.4078E+000   4.9967E-003  -2.7581E-001  -6.0153E-002  -3.6698E-003  -1.3197E-001  -3.5722E-002   2.1141E-001  -4.5075E-002   1.0426E-001  -3.8109E-002   3.6628E-001   2.0401E+000  
 5.3094E+000  -2.4930E-002  -1.4882E-001   1.9671E-001  -4.4005E-003   6.9748E-001  -7.3835E-001  -5.1043E-004   9.3972E-001   4.3035E-003   4.9473E-002  -1.3913E+000   6.7712E-003  -2.7281E-001   3.0904E-003   1.3553E-004   1.4524E-001  -1.1113E-003  -2.0738E-001   9.2599E-004  -1.1161E-001  -3.9312E-002   3.6154E-001   2.0270E+000  
 4.4030E+000  -2.6908E-002  -1.1717E+000   2.4874E-001  -5.1293E-003   5.3981E-001  -5.3837E-001  -1.7154E-004   7.4664E-001   3.8174E-003   7.4677E-002  -1.4494E+000   7.0261E-003  -2.3879E-001   2.6390E-003   1.4208E-005   1.2854E-001  -1.2281E-003  -2.2829E-001   7.6375E-004  -6.6599E-002  -6.0385E-002   3.8356E-001   2.0739E+000  
 1.8431E+000  -4.7407E-003  -7.2771E-002   2.6481E-001  -5.7465E-003   5.3458E-001  -3.9236E-001   1.3239E-004   5.9298E-001   3.2658E-003   8.7119E-002  -1.5013E+000   7.1835E-003  -1.9371E-001   2.2663E-003  -1.3895E-004   8.7647E-002  -1.2365E-003  -2.2119E-001   6.5953E-004  -3.6692E-002  -6.6176E-002   4.1349E-001   2.1027E+000  
 1.0453E+000  -3.3630E-003   5.1059E-002   2.4521E-001  -6.2190E-003   6.3157E-001  -2.7863E-001   3.9729E-004   4.5829E-001   2.6573E-003   8.4574E-002  -1.5328E+000   7.2731E-003  -1.5211E-001   1.9531E-003  -2.7336E-004   3.8309E-002  -1.1789E-003  -1.9534E-001   5.7790E-004  -1.7473E-002  -5.6824E-002   4.4515E-001   2.0678E+000  
 3.6388E-001  -1.9319E-003   8.1433E-002   2.0421E-001  -6.5428E-003   7.7346E-001  -1.9092E-001   6.0125E-004   3.3633E-001   2.0077E-003   7.3746E-002  -1.5449E+000   7.2761E-003  -1.1899E-001   1.6900E-003  -3.4031E-004  -2.0562E-003  -1.0643E-003  -1.5770E-001   5.4323E-004  -6.2526E-003  -3.7282E-002   4.7155E-001   1.9711E+000  
-1.5562E-001  -4.4220E-004   5.7994E-002   1.4737E-001  -6.7070E-003   9.0852E-001  -1.3510E-001   7.4054E-004   2.2026E-001   1.3111E-003   7.6627E-002  -1.5361E+000   7.2133E-003  -9.4224E-002   1.4665E-003  -3.1667E-004  -1.0070E-002  -8.8865E-004  -1.0743E-001   5.5504E-004  -1.3718E-003  -3.2147E-002   4.7970E-001   1.8542E+000  
-4.8937E-001   1.1046E-003  -2.1802E-003   1.0355E-001  -6.7422E-003   1.0064E+000  -9.1331E-002   8.6650E-004   1.0844E-001   5.8879E-004   8.0030E-002  -1.5260E+000   7.1528E-003  -7.9082E-002   1.2785E-003  -2.2368E-004  -3.5054E-003  -7.0468E-004  -5.3626E-002   5.7595E-004  -7.7708E-004  -2.9553E-002   4.8191E-001   1.8459E+000  
-6.1392E-001   2.6723E-003  -7.9460E-002   8.7220E-002  -6.6531E-003   1.0451E+000  -5.1828E-002   9.7882E-004  -6.0531E-004  -1.4384E-004   8.1832E-002  -1.5236E+000   7.1207E-003  -7.3957E-002   1.1324E-003  -1.0287E-004   1.0517E-002  -5.1839E-004  -1.9321E-004   5.9543E-004  -2.3703E-003  -2.8167E-002   4.8286E-001   1.8789E+000  
-5.2525E-001   4.2616E-003  -1.5743E-001   1.0116E-001  -6.4184E-003   1.0179E+000  -1.1841E-002   1.0820E-003  -1.1016E-001  -8.8410E-004   8.1045E-002  -1.5311E+000   7.1593E-003  -7.9506E-002   1.0650E-003   1.9858E-005   2.4226E-002  -3.1639E-004   5.3568E-002   5.9249E-004  -3.9350E-003  -3.0058E-002   4.8324E-001   1.8503E+000  
-2.2742E-001   5.8737E-003  -2.1972E-001   1.4243E-001  -6.0651E-003   9.3145E-001   3.3400E-002   1.1833E-003  -2.2349E-001  -1.6298E-003   7.8632E-002  -1.5460E+000   7.2314E-003  -9.5200E-002   1.0488E-003   1.1678E-004   2.9893E-002  -8.6571E-005   1.0832E-001   5.4749E-004  -3.2507E-003  -3.2994E-002   4.8224E-001   1.8748E+000  
 2.5673E-001   7.4718E-003  -2.4677E-001   1.9641E-001  -5.5957E-003   8.0726E-001   9.1717E-002   1.2825E-003  -3.4197E-001  -2.3672E-003   7.6711E-002  -1.5591E+000   7.3154E-003  -1.2075E-001   1.0910E-003   1.4580E-004   2.0478E-002   1.7067E-004   1.6004E-001   4.5900E-004   1.8097E-003  -3.8248E-002   4.7505E-001   1.9958E+000  
 9.0344E-001   9.0541E-003  -2.2169E-001   2.3385E-001  -4.9857E-003   6.7549E-001   1.8318E-001   1.4327E-003  -4.6710E-001  -3.0788E-003   8.8751E-002  -1.5501E+000   7.3495E-003  -1.5498E-001   1.2069E-003   8.3530E-005  -2.1819E-002   4.0362E-004   1.9932E-001   3.0167E-004   1.3345E-002  -5.8118E-002   4.4905E-001   2.0946E+000  
 1.6672E+000   1.0622E-002  -1.0502E-001   2.4927E-001  -4.2416E-003   5.8770E-001   3.0182E-001   1.6410E-003  -6.0556E-001  -3.7682E-003   9.2555E-002  -1.5208E+000   7.2944E-003  -1.9807E-001   1.4117E-003  -5.7696E-005  -7.3206E-002   5.9768E-004   2.2687E-001   8.7177E-005   3.3065E-002  -6.7975E-002   4.1757E-001   2.1314E+000  
 4.0499E+000   4.8434E-002   1.2053E+000   2.2885E-001  -3.3682E-003   6.0070E-001   4.5371E-001   1.8961E-003  -7.6324E-001  -4.4278E-003   8.1388E-002  -1.4701E+000   7.1642E-003  -2.4497E-001   1.7211E-003  -2.2120E-004  -1.1621E-001   7.1858E-004   2.3563E-001  -1.3530E-004   6.3604E-002  -6.2429E-002   3.8758E-001   2.1045E+000  
 4.9468E+000   4.5179E-002   2.6325E-001   1.7232E-001  -2.3839E-003   7.6478E-001   6.6028E-001   2.2097E-003  -9.6015E-001  -5.0558E-003   5.7287E-002  -1.4119E+000   6.9416E-003  -2.8143E-001   2.1571E-003  -3.3909E-004  -1.3504E-001   6.9838E-004   2.1636E-001  -4.0787E-004   1.0911E-001  -4.1295E-002   3.6553E-001   2.0596E+000  
 5.2714E+000  -1.5102E+000  -4.4789E-001   1.8898E-001   4.9930E-002   7.0770E-001  -7.4168E-001  -1.2368E-002   9.2570E-001  -2.0573E-001   4.2389E-002  -1.3873E+000   6.7685E-003  -2.6761E-001  -5.6992E-002   4.3027E-003   1.4200E-001   3.3038E-002  -2.0262E-001   4.4883E-002  -1.0699E-001  -3.6017E-002   3.6221E-001   2.0053E+000  
 4.3769E+000  -1.8039E+000  -1.3790E+000   2.4414E-001  -4.6253E-002   5.5121E-001  -5.4045E-001  -2.0914E-002   7.3539E-001  -1.7634E-001   6.7572E-002  -1.4454E+000   3.4406E-003  -2.3307E-001  -5.4660E-002   2.3880E-003   1.2593E-001   3.7917E-002  -2.2392E-001   3.2311E-002  -6.2875E-002  -5.6597E-002   3.8443E-001   2.0603E+000  
 1.8748E+000  -6.9396E-001  -9.6277E-002   2.6314E-001  -1.0596E-001   5.4663E-001  -3.9367E-001  -2.5852E-002   5.8371E-001  -1.5704E-001   8.0914E-002  -1.4973E+000  -4.3396E-004  -1.8854E-001  -4.7597E-002   1.3110E-003   8.5005E-002   4.0992E-002  -2.1801E-001   2.1657E-002  -3.2984E-002  -6.2487E-002   4.1436E-001   2.0768E+000  
 1.0872E+000  -7.3521E-001   3.4749E-002   2.4578E-001  -1.3116E-001   6.4426E-001  -2.7984E-001  -2.9285E-002   4.5128E-001  -1.4297E-001   8.0264E-002  -1.5290E+000  -1.9104E-003  -1.4726E-001  -3.9454E-002   2.2735E-004   3.7844E-002   4.3984E-002  -1.9338E-001   1.1550E-002  -1.4262E-002  -5.4195E-002   4.4660E-001   2.0448E+000  
 4.1500E-001  -7.6389E-001   7.1164E-002   2.0582E-001  -1.2724E-001   7.8607E-001  -1.9315E-001  -3.2720E-002   3.3140E-001  -1.3397E-001   7.2417E-002  -1.5405E+000  -2.7790E-003  -1.1410E-001  -3.0275E-002   1.2334E-003  -1.8230E-004   4.6912E-002  -1.5638E-001   3.5163E-003  -3.7949E-003  -3.7310E-002   4.7244E-001   1.9660E+000  
-9.9242E-002  -7.8253E-001   5.1634E-002   1.5281E-001  -1.0117E-001   9.2158E-001  -1.3539E-001  -3.5195E-002   2.1712E-001  -1.2848E-001   7.3879E-002  -1.5332E+000  -1.2318E-003  -8.9001E-002  -2.0548E-002   2.9597E-003  -9.8465E-003   4.8627E-002  -1.0710E-001  -2.3158E-003   6.2365E-004  -2.9836E-002   4.8183E-001   1.9347E+000  
-4.2910E-001  -7.9307E-001  -4.4911E-003   1.1045E-001  -6.0531E-002   1.0197E+000  -9.1386E-002  -3.5972E-002   1.0724E-001  -1.2561E-001   7.7511E-002  -1.5232E+000   3.7578E-003  -7.3930E-002  -1.0051E-002   3.2545E-003  -3.3287E-003   4.8515E-002  -5.3647E-002  -5.9487E-003   2.4589E-004  -2.7149E-002   4.8437E-001   1.9952E+000  
-5.5222E-001  -7.9553E-001  -7.7992E-002   9.4632E-002  -1.2446E-002   1.0581E+000  -5.1644E-002  -3.5997E-002  -1.4915E-004  -1.2554E-001   7.9392E-002  -1.5213E+000   9.7108E-003  -6.8731E-002   8.6498E-004   3.4848E-003   1.0581E-002   4.8817E-002  -5.9249E-004  -7.2354E-003  -2.3847E-003  -2.5790E-002   4.8516E-001   2.0226E+000  
-4.6457E-001  -7.9042E-001  -1.5219E-001   1.0814E-001   3.5833E-002   1.0311E+000  -1.1412E-002  -3.5416E-002  -1.0804E-001  -1.2828E-001   7.8577E-002  -1.5283E+000   1.5642E-002  -7.4202E-002   1.1924E-002   3.2660E-003   2.4156E-002   4.9573E-002   5.2798E-002  -5.9664E-003  -5.0286E-003  -2.7745E-002   4.8577E-001   1.9940E+000  
-1.7020E-001  -7.7725E-001  -2.1046E-001   1.4804E-001   7.7057E-002   9.4435E-001   3.4103E-002  -3.4062E-002  -2.1941E-001  -1.3379E-001   7.6025E-002  -1.5430E+000   2.0531E-002  -8.9694E-002   2.2833E-002   2.9373E-003   2.9714E-002   5.0719E-002   1.0724E-001  -2.3625E-003  -5.4162E-003  -3.0805E-002   4.8452E-001   1.9421E+000  
 3.0915E-001  -7.5607E-001  -2.3368E-001   1.9819E-001   1.0410E-001   8.1962E-001   9.4457E-002  -3.0952E-002  -3.3608E-001  -1.4177E-001   7.5665E-002  -1.5546E+000   2.1787E-002  -1.1545E-001   3.3199E-002   1.0622E-003   1.8476E-002   4.9909E-002   1.5797E-001   3.4157E-003  -9.9667E-004  -3.8512E-002   4.7603E-001   1.9948E+000  
 9.4720E-001  -7.2497E-001  -2.0268E-001   2.3451E-001   1.0948E-001   6.8784E-001   1.8504E-001  -2.6755E-002  -4.5914E-001  -1.5309E-001   8.4899E-002  -1.5462E+000   2.0287E-002  -1.4963E-001   4.3238E-002  -2.5532E-004  -2.1667E-002   4.7667E-002   1.9670E-001   1.1370E-002   9.5606E-003  -5.5841E-002   4.5058E-001   2.0768E+000  
 1.7011E+000  -6.8141E-001  -7.8933E-002   2.4767E-001   8.6149E-002   5.9931E-001   3.0392E-001  -2.2473E-002  -5.9532E-001  -1.6927E-001   8.6892E-002  -1.5165E+000   1.8013E-002  -1.9231E-001   5.2432E-002   4.5774E-004  -7.1007E-002   4.5110E-002   2.2311E-001   2.1356E-002   2.8517E-002  -6.4574E-002   4.1855E-001   2.1118E+000  
 4.0338E+000  -1.6808E+000   1.4073E+000   2.2429E-001   2.8763E-002   6.1159E-001   4.5669E-001  -1.6612E-002  -7.5098E-001  -1.9043E-001   7.4822E-002  -1.4657E+000   1.3266E-002  -2.3864E-001   6.0640E-002   1.2168E-003  -1.1407E-001   4.2151E-002   2.3076E-001   3.1875E-002   5.8696E-002  -5.8845E-002   3.8867E-001   2.0980E+000  
 4.9189E+000  -1.3955E+000   5.5221E-001   1.6456E-001  -6.4681E-002   7.7447E-001   6.6462E-001  -7.0647E-003  -9.4501E-001  -2.2144E-001   5.0640E-002  -1.4074E+000   8.8710E-003  -2.7570E-001   6.4311E-002   2.9234E-003  -1.3227E-001   3.7005E-002   2.1123E-001   4.4307E-002   1.0293E-001  -3.8234E-002   3.6661E-001   2.0460E+000  
 5.1537E+000  -3.3273E+000  -8.1844E-001   1.6444E-001   1.5166E-001   7.3005E-001  -7.5270E-001  -2.2883E-002   8.8172E-001  -4.1675E-001   2.0647E-002  -1.3752E+000   5.2937E-003  -2.5236E-001  -1.1447E-001   1.0941E-002   1.3339E-001   6.3855E-002  -1.8717E-001   8.7169E-002  -9.0841E-002  -2.7924E-002   3.6470E-001   1.9331E+000  
 4.2316E+000  -4.4123E+000  -2.0056E+000   2.2869E-001  -4.4407E-002   5.7769E-001  -5.4705E-001  -4.2203E-002   7.0011E-001  -3.5522E-001   4.6538E-002  -1.4321E+000  -1.3548E-003  -2.1670E-001  -1.1026E-001   8.3848E-003   1.1810E-001   7.4742E-002  -2.0979E-001   6.2591E-002  -4.9357E-002  -4.6679E-002   3.8716E-001   1.9750E+000  
 2.1575E+000  -1.8888E+000  -6.7473E-001   2.5699E-001  -1.6912E-001   5.7533E-001  -3.9786E-001  -5.3586E-002   5.5457E-001  -3.1483E-001   6.2996E-002  -1.4830E+000  -9.6840E-003  -1.7343E-001  -9.6949E-002   7.9561E-003   7.9862E-002   8.1368E-002  -2.0700E-001   4.0282E-002  -2.0359E-002  -5.2076E-002   4.1615E-001   1.9841E+000  
 1.2082E+000  -1.4378E+000  -1.8512E-002   2.4718E-001  -2.2586E-001   6.7392E-001  -2.8367E-001  -6.1759E-002   4.2876E-001  -2.8573E-001   6.6506E-002  -1.5148E+000  -1.3293E-002  -1.3226E-001  -8.0290E-002   7.2455E-003   3.6748E-002   8.7698E-002  -1.8480E-001   2.0118E-002  -3.5408E-003  -4.5966E-002   4.4799E-001   1.9591E+000  
 5.6128E-001  -1.4991E+000   3.5396E-002   2.1247E-001  -2.2531E-001   8.1594E-001  -1.9801E-001  -6.7505E-002   3.1508E-001  -2.6633E-001   6.3946E-002  -1.5273E+000  -1.3759E-002  -9.9108E-002  -6.1671E-002   8.5078E-003   2.9148E-003   9.3487E-002  -1.5034E-001   4.3006E-003   4.6295E-003  -3.3660E-002   4.7426E-001   1.9335E+000  
 6.4055E-002  -1.5399E+000   2.8689E-002   1.6688E-001  -1.8074E-001   9.5298E-001  -1.3707E-001  -7.1334E-002   2.0746E-001  -2.5449E-001   6.4941E-002  -1.5237E+000  -9.4861E-003  -7.4303E-002  -4.2324E-002   1.0396E-002  -9.3714E-003   9.7402E-002  -1.0475E-001  -7.0068E-003   6.4300E-003  -2.5050E-002   4.8745E-001   2.0933E+000  
-2.5479E-001  -1.5632E+000  -1.4808E-002   1.2871E-001  -1.0684E-001   1.0509E+000  -9.1766E-002  -7.2665E-002   1.0288E-001  -2.4768E-001   6.8819E-002  -1.5151E+000   4.8953E-004  -5.9094E-002  -2.1175E-002   1.1446E-002  -2.8325E-003   9.7310E-002  -5.3064E-002  -1.4243E-002   3.2560E-003  -2.2171E-002   4.9039E-001   2.1548E+000  
-3.7411E-001  -1.5701E+000  -7.6746E-002   1.1430E-001  -1.8173E-002   1.0895E+000  -5.1280E-002  -7.2873E-002   8.2978E-004  -2.4697E-001   7.0669E-002  -1.5133E+000   1.2322E-002  -5.3649E-002   5.1541E-004   1.1728E-002   1.0515E-002   9.7631E-002  -1.3039E-003  -1.6782E-002  -2.3582E-003  -2.0809E-002   4.9151E-001   2.1744E+000  
-2.8978E-001  -1.5611E+000  -1.3941E-001   1.2644E-001   7.0737E-002   1.0623E+000  -1.0294E-002  -7.1726E-002  -1.0173E-001  -2.5153E-001   6.9930E-002  -1.5201E+000   2.4024E-002  -5.9072E-002   2.2409E-002   1.1162E-002   2.3503E-002   9.9030E-002   5.0802E-002  -1.4280E-002  -8.0377E-003  -2.2748E-002   4.9188E-001   2.1525E+000  
-5.9396E-003  -1.5358E+000  -1.8509E-001   1.6217E-001   1.4542E-001   9.7557E-001   3.6556E-002  -6.9414E-002  -2.0780E-001  -2.6213E-001   6.7169E-002  -1.5335E+000   3.3634E-002  -7.4407E-002   4.4199E-002   9.8274E-003   2.9041E-002   1.0076E-001   1.0353E-001  -7.0920E-003  -1.1377E-002  -2.5987E-002   4.9027E-001   2.1011E+000  
 4.5702E-001  -1.4931E+000  -1.9564E-001   2.0470E-001   1.9139E-001   8.4921E-001   1.0029E-001  -6.4417E-002  -3.1785E-001  -2.7751E-001   6.7598E-002  -1.5412E+000   3.7018E-002  -9.9644E-002   6.4550E-002   7.4277E-003   1.4948E-002   9.8165E-002   1.5071E-001   4.1907E-003  -9.7899E-003  -3.5085E-002   4.7792E-001   1.9526E+000  
 1.0703E+000  -1.4300E+000  -1.4726E-001   2.3571E-001   1.9388E-001   7.1713E-001   1.8994E-001  -5.7481E-002  -4.3474E-001  -3.0018E-001   7.1598E-002  -1.5317E+000   3.5275E-002  -1.3357E-001   8.4489E-002   5.6863E-003  -2.1026E-002   9.3367E-002   1.8703E-001   2.0019E-002  -1.8480E-003  -4.7884E-002   4.5207E-001   1.9921E+000  
 1.9664E+000  -1.8501E+000   5.1429E-001   2.4141E-001   1.3972E-001   6.2749E-001   3.0931E-001  -4.8071E-002  -5.6434E-001  -3.3221E-001   6.9479E-002  -1.5021E+000   3.0234E-002  -1.7597E-001   1.0263E-001   6.0214E-003  -6.6324E-002   8.7615E-002   2.1114E-001   4.0237E-002   1.4833E-002  -5.4261E-002   4.2043E-001   2.0191E+000  
 3.9047E+000  -4.2214E+000   2.0174E+000   2.0877E-001   1.8187E-002   6.3746E-001   4.6464E-001  -3.5395E-002  -7.1392E-001  -3.7511E-001   5.4263E-002  -1.4522E+000   2.0391E-002  -2.2096E-001   1.1756E-001   6.1906E-003  -1.0662E-001   8.1103E-002   2.1581E-001   6.2628E-002   4.3735E-002  -4.8933E-002   3.9159E-001   2.0126E+000  
 4.8163E+000  -3.1589E+000   9.1584E-001   1.3989E-001  -1.7416E-001   7.9621E-001   6.7691E-001  -1.4791E-002  -8.9925E-001  -4.3859E-001   2.9200E-002  -1.3950E+000   1.2003E-002  -2.5915E-001   1.2366E-001   8.5395E-003  -1.2418E-001   6.9968E-002   1.9513E-001   8.7275E-002   8.5035E-002  -3.0212E-002   3.6945E-001   1.9738E+000  
 4.9686E+000  -4.5967E+000  -1.5218E+000   1.5253E-001   3.1994E-001   7.0888E-001  -8.1438E-001  -1.5785E-002   8.2328E-001  -6.5203E-001   7.5028E-004  -1.3798E+000  -1.6098E-002  -2.2141E-001  -1.4522E-001   2.5748E-002   1.0557E-001   7.0594E-002  -1.4668E-001   1.3572E-001  -6.2938E-002  -1.8809E-002   3.7388E-001   1.7993E+000  
 3.9994E+000  -5.4659E+000  -2.9133E+000   1.9827E-001   4.1861E-002   5.9540E-001  -5.5916E-001  -6.3464E-002   6.3836E-001  -5.2803E-001   1.1328E-002  -1.4084E+000  -6.9879E-003  -1.9084E-001  -1.6109E-001   1.9465E-002   1.0803E-001   1.0507E-001  -1.8348E-001   9.0233E-002  -2.4047E-002  -3.2195E-002   3.8936E-001   1.8255E+000  
 2.9621E+000  -6.1396E+000  -4.0893E+000   2.4176E-001  -1.5809E-001   5.9714E-001  -4.0513E-001  -8.3595E-002   5.0426E-001  -4.6361E-001   3.0211E-002  -1.4557E+000  -1.9355E-002  -1.4886E-001  -1.4424E-001   2.2595E-002   7.4122E-002   1.1651E-001  -1.8546E-001   5.5932E-002   1.1136E-003  -3.7027E-002   4.1584E-001   1.8257E+000  
 1.3854E+000  -2.0663E+000  -1.1205E-001   2.4732E-001  -2.5979E-001   6.9666E-001  -2.8975E-001  -9.7474E-002   3.8906E-001  -4.1858E-001   3.7907E-002  -1.4866E+000  -2.6751E-002  -1.0872E-001  -1.1939E-001   2.5872E-002   3.4316E-002   1.2518E-001  -1.6777E-001   2.5389E-002   1.4425E-002  -3.1151E-002   4.4502E-001   1.8110E+000  
 7.7705E-001  -2.1635E+000  -2.9235E-002   2.2478E-001  -2.7644E-001   8.3870E-001  -2.0299E-001  -1.0707E-001   2.8592E-001  -3.8827E-001   3.9893E-002  -1.4998E+000  -2.6655E-002  -7.5380E-002  -9.1603E-002   2.9092E-002   4.1457E-003   1.3256E-001  -1.3677E-001   2.0569E-003   1.8381E-002  -2.0846E-002   4.7014E-001   2.0182E+000  
 3.0816E-001  -2.2292E+000  -1.2196E-002   1.8950E-001  -2.2845E-001   9.7665E-001  -1.3939E-001  -1.1242E-001   1.8866E-001  -3.6924E-001   4.2459E-002  -1.4996E+000  -1.9121E-002  -5.0544E-002  -6.2431E-002   3.1607E-002  -8.5440E-003   1.3789E-001  -9.6061E-002  -1.5176E-002   1.5655E-002  -1.2639E-002   4.8608E-001   2.2226E+000  
 7.5567E-003  -2.2680E+000  -3.4393E-002   1.5728E-001  -1.3681E-001   1.0760E+000  -9.1590E-002  -1.1316E-001   9.4424E-002  -3.5931E-001   4.8032E-002  -1.4950E+000  -4.2006E-003  -3.4872E-002  -3.1698E-002   3.0804E-002  -3.3597E-003   1.3999E-001  -4.9486E-002  -2.5950E-002   8.1861E-003  -1.0432E-002   4.9330E-001   2.3101E+000  
-1.0487E-001  -2.2804E+000  -7.5764E-002   1.4347E-001  -2.3716E-002   1.1150E+000  -5.0710E-002  -1.1203E-001   2.3071E-003  -3.5767E-001   5.1686E-002  -1.4947E+000   1.4817E-002  -2.9474E-002   1.1372E-005   2.9439E-002   1.0296E-002   1.4088E-001  -2.2758E-003  -2.9353E-002  -2.2304E-003  -1.1296E-002   4.9589E-001   2.3092E+000  
-2.6871E-002  -2.2666E+000  -1.1788E-001   1.5496E-001   8.9703E-002   1.0873E+000  -9.2897E-003  -1.1173E-001  -9.0330E-002  -3.6431E-001   4.9197E-002  -1.5001E+000   3.3583E-002  -3.4405E-002   3.2007E-002   3.0165E-002   2.3571E-002   1.4234E-001   4.5345E-002  -2.6054E-002  -1.2779E-002  -1.0936E-002   4.9493E-001   2.3117E+000  
 2.3938E-001  -2.2264E+000  -1.4241E-001   1.8451E-001   1.8239E-001   9.9906E-001   4.0216E-002  -1.0946E-001  -1.8614E-001  -3.7912E-001   4.4963E-002  -1.5094E+000   4.7663E-002  -4.9798E-002   6.3584E-002   3.0232E-002   2.7549E-002   1.4236E-001   9.3097E-002  -1.5341E-002  -2.0597E-002  -1.3665E-002   4.8904E-001   2.2310E+000  
 6.7459E-001  -2.1594E+000  -1.2931E-001   2.1660E-001   2.3217E-001   8.7167E-001   1.0668E-001  -1.0251E-001  -2.8586E-001  -4.0271E-001   4.3902E-002  -1.5136E+000   5.3786E-002  -7.4670E-002   9.4107E-002   2.7085E-002   1.3108E-002   1.3876E-001   1.3554E-001   1.8561E-003  -2.3827E-002  -2.2400E-002   4.7392E-001   2.0303E+000  
 1.2498E+000  -2.0611E+000  -5.2176E-002   2.3539E-001   2.1798E-001   7.3947E-001   1.9751E-001  -9.1301E-002  -3.9225E-001  -4.3716E-001   4.3360E-002  -1.5034E+000   5.2022E-002  -1.0846E-001   1.2366E-001   2.3321E-002  -1.9145E-002   1.3266E-001   1.6858E-001   2.5249E-002  -2.0463E-002  -3.3217E-002   4.4920E-001   1.8438E+000  
 2.6770E+000  -5.9081E+000   3.9854E+000   2.2577E-001   1.1955E-001   6.4877E-001   3.1812E-001  -7.5822E-002  -5.1137E-001  -4.8587E-001   3.7063E-002  -1.4747E+000   4.2565E-002  -1.4956E-001   1.5042E-001   1.9658E-002  -6.1068E-002   1.2472E-001   1.8835E-001   5.6010E-002  -7.6991E-003  -3.9272E-002   4.2018E-001   1.8599E+000  
 3.6942E+000  -5.2441E+000   2.9074E+000   1.7814E-001  -7.6334E-002   6.5453E-001   4.7838E-001  -5.4065E-002  -6.4967E-001  -5.5341E-001   1.9396E-002  -1.4284E+000   2.8087E-002  -1.9312E-001   1.6935E-001   1.6346E-002  -9.6969E-002   1.1343E-001   1.8843E-001   9.0672E-002   1.6995E-002  -3.4373E-002   3.9392E-001   1.8691E+000  
 4.6512E+000  -4.3895E+000   1.6049E+000   1.2699E-001  -3.5024E-001   7.7484E-001   7.3941E-001  -5.1680E-003  -8.3832E-001  -6.7923E-001   9.1751E-003  -1.3989E+000   3.4233E-002  -2.2611E-001   1.5594E-001   2.2251E-002  -9.7284E-002   7.9112E-002   1.5390E-001   1.3672E-001   5.5256E-002  -2.1014E-002   3.7918E-001   1.8395E+000  
 4.0199E+000  -5.7166E+000  -1.2790E+000  -4.4620E-001   1.1710E+000   1.3398E+000  -3.0637E-001  -1.9252E-001   3.9352E-001  -3.3996E-001  -7.7247E-002  -1.0671E+000   2.1133E-001  -2.4827E-001  -5.1294E-001   4.9292E-003   4.6888E-002   2.4971E-001  -2.1467E-001   5.7516E-002  -4.3048E-002  -2.3345E-002   3.6383E-001   1.5465E+000  
 3.7436E+000  -5.9584E+000  -3.4500E+000   1.3923E-001   2.5392E-001   5.6716E-001  -5.7870E-001  -8.3129E-002   5.4725E-001  -6.9082E-001  -3.9477E-002  -1.3756E+000  -5.9974E-003  -1.5560E-001  -2.0404E-001   3.0996E-002   1.0011E-001   1.2605E-001  -1.4163E-001   1.1335E-001   1.3116E-002  -1.9831E-002   3.9041E-001   1.6568E+000  
 2.7244E+000  -6.5196E+000  -4.7524E+000   2.0658E-001  -3.9309E-002   5.7416E-001  -4.1781E-001  -1.1448E-001   4.2950E-001  -6.0016E-001  -1.7425E-002  -1.4166E+000  -2.4845E-002  -1.1523E-001  -1.8476E-001   4.0059E-002   7.0512E-002   1.4073E-001  -1.5063E-001   6.7856E-002   3.2914E-002  -2.2053E-002   4.1302E-001   1.6297E+000  
 1.6494E+000  -7.2295E+000  -5.3349E+000   2.3582E-001  -2.0571E-001   6.7473E-001  -2.9884E-001  -1.3601E-001   3.3046E-001  -5.3705E-001  -5.2916E-003  -1.4446E+000  -3.7346E-002  -7.6115E-002  -1.5447E-001   5.0977E-002   3.3826E-002   1.5144E-001  -1.3974E-001   2.7854E-002   4.0316E-002  -1.4607E-002   4.3737E-001   1.8703E+000  
 1.0312E+000  -2.7232E+000  -1.2623E-001   2.3381E-001  -2.6100E-001   8.1718E-001  -2.0975E-001  -1.5123E-001   2.4211E-001  -4.9384E-001  -4.1580E-004  -1.4556E+000  -3.8464E-002  -4.3590E-002  -1.1998E-001   6.1236E-002   6.0348E-003   1.5906E-001  -1.1571E-001  -4.4078E-003   3.7516E-002  -2.7613E-003   4.5865E-001   2.1015E+000  
 5.9841E-001  -2.8162E+000  -7.3727E-002   2.1493E-001  -2.3146E-001   9.5454E-001  -1.4335E-001  -1.6114E-001   1.6048E-001  -4.6633E-001   1.3333E-003  -1.4558E+000  -2.8422E-002  -1.9326E-002  -8.1718E-002   6.8842E-002  -6.4602E-003   1.6396E-001  -8.2030E-002  -2.7589E-002   2.8896E-002   7.4517E-003   4.7313E-001   2.3043E+000  
 3.1954E-001  -2.8706E+000  -6.3949E-002   1.9492E-001  -1.4430E-001   1.0535E+000  -9.2312E-002  -1.6605E-001   8.1388E-002  -4.5197E-001   4.0483E-003  -1.4523E+000  -8.5243E-003  -3.5995E-003  -4.1670E-002   7.2870E-002  -2.6150E-003   1.6640E-001  -4.3322E-002  -4.1739E-002   1.5156E-002   1.3956E-002   4.8066E-001   2.4361E+000  
 2.1397E-001  -2.8879E+000  -7.5095E-002   1.8614E-001  -2.9011E-002   1.0922E+000  -4.9851E-002  -1.6683E-001   4.2347E-003  -4.4939E-001   5.2063E-003  -1.4515E+000   1.7015E-002   1.9529E-003  -6.8407E-004   7.4032E-002   9.8467E-003   1.6753E-001  -3.3429E-003  -4.6316E-002  -1.9524E-003   1.6112E-002   4.8305E-001   2.4407E+000  
 2.8581E-001  -2.8698E+000  -8.7034E-002   1.9235E-001   8.6716E-002   1.0647E+000  -6.8028E-003  -1.6404E-001  -7.3459E-002  -4.5805E-001   5.3549E-003  -1.4573E+000   4.2140E-002  -2.5790E-003   4.0664E-002   7.1860E-002   2.1892E-002   1.6924E-001   3.7083E-002  -4.1945E-002  -1.9258E-002   1.3445E-002   4.8233E-001   2.4363E+000  
 5.3100E-001  -2.8147E+000  -7.9674E-002   2.0947E-001   1.7517E-001   9.7674E-001   4.5991E-002  -1.5710E-001  -1.5416E-001  -4.7835E-001   4.0550E-003  -1.4656E+000   6.0803E-002  -1.7466E-002   8.1740E-002   6.6890E-002   2.4585E-002   1.6939E-001   7.7033E-002  -2.7951E-002  -3.3560E-002   6.3908E-003   4.7614E-001   2.3108E+000  
 9.3075E-001  -2.7212E+000  -3.1227E-002   2.2503E-001   2.0686E-001   8.4985E-001   1.1534E-001  -1.4512E-001  -2.3831E-001  -5.1139E-001   3.7933E-003  -1.4693E+000   6.8981E-002  -4.1242E-002   1.2167E-001   5.8520E-002   1.0478E-002   1.6659E-001   1.1264E-001  -4.8489E-003  -4.3013E-002  -4.3824E-003   4.6247E-001   2.1033E+000  
 1.4213E+000  -6.9698E+000   5.1104E+000   2.2338E-001   1.5467E-001   7.1714E-001   2.0853E-001  -1.2783E-001  -3.3001E-001  -5.5958E-001   4.6361E-004  -1.4614E+000   6.5594E-002  -7.3843E-002   1.5836E-001   4.7746E-002  -1.9215E-002   1.6051E-001   1.3897E-001   2.7470E-002  -4.6761E-002  -1.6553E-002   4.4160E-001   1.8739E+000  
 2.4645E+000  -6.2631E+000   4.6388E+000   1.9024E-001  -7.7280E-003   6.2532E-001   3.3276E-001  -1.0431E-001  -4.3313E-001  -6.2707E-001  -1.0249E-002  -1.4355E+000   5.0516E-002  -1.1358E-001   1.9110E-001   3.6459E-002  -5.7870E-002   1.5070E-001   1.5219E-001   6.7839E-002  -4.0274E-002  -2.4028E-002   4.1743E-001   1.6688E+000  
 3.4627E+000  -5.7180E+000   3.4419E+000   1.1907E-001  -2.9592E-001   6.2584E-001   4.9994E-001  -7.0845E-002  -5.5517E-001  -7.2129E-001  -3.1017E-002  -1.3954E+000   2.9132E-002  -1.5524E-001   2.1315E-001   2.7444E-002  -8.9240E-002   1.3634E-001   1.4563E-001   1.1385E-001  -2.1162E-002  -2.1560E-002   3.9508E-001   1.6974E+000  
 3.6490E+000  -5.5442E+000   1.2575E+000  -5.2421E-001  -1.2829E+000   1.4544E+000   1.8489E-001  -2.0477E-001  -4.0032E-001  -3.1272E-001  -7.4721E-002  -1.0685E+000  -2.1761E-001  -2.3772E-001   5.5352E-001  -1.6425E-004  -3.9955E-002   2.7260E-001   2.2358E-001   5.2448E-002   4.3286E-002  -2.4432E-002   3.6812E-001   1.5586E+000  
 1.4469E+000  -7.0986E+000  -5.7726E+000   1.9303E-001  -3.5377E-002   5.5612E-001  -3.1259E-001  -1.7467E-001   2.5075E-001  -6.3623E-001  -6.5214E-002  -1.3938E+000  -3.8930E-002  -3.6915E-002  -1.8182E-001   7.2422E-002   3.7125E-002   1.5955E-001  -9.7824E-002   2.3643E-002   7.6040E-002  -4.0321E-003   4.2758E-001   1.9607E+000  
 4.9726E-001  -7.0250E+000  -4.9190E+000   2.1846E-001  -1.5736E-001   6.9840E-001  -2.1962E-001  -1.9655E-001   1.8325E-001  -5.7862E-001  -5.6981E-002  -1.4015E+000  -4.3181E-002  -5.9282E-003  -1.4257E-001   9.0777E-002   1.1802E-002   1.6721E-001  -8.4352E-002  -1.6768E-002   6.5628E-002   9.1854E-003   4.4375E-001   2.1859E+000  
 7.1035E-001  -3.6874E+000  -7.8355E-001   2.2123E-001  -1.7502E-001   8.3534E-001  -1.4932E-001  -2.1193E-001   1.2231E-001  -5.4089E-001  -5.4018E-002  -1.4003E+000  -3.2368E-002   1.7899E-002  -9.7307E-002   1.0546E-001  -6.5067E-004   1.7225E-001  -6.1480E-002  -4.5948E-002   4.8223E-002   2.1485E-002   4.5545E-001   2.3728E+000  
 6.4550E-001  -3.3353E+000  -1.0527E-001   2.1614E-001  -1.2224E-001   9.3439E-001  -9.4957E-002  -2.1959E-001   6.3513E-002  -5.2074E-001  -5.1765E-002  -1.3957E+000  -9.9995E-003   3.3500E-002  -5.0106E-002   1.1592E-001   3.7354E-004   1.7502E-001  -3.4205E-002  -6.3693E-002   2.5055E-002   3.0896E-002   4.6206E-001   2.5089E+000  
 5.4912E-001  -3.3584E+000  -7.4768E-002   2.1230E-001  -3.3992E-002   9.7339E-001  -4.8671E-002  -2.2107E-001   6.5966E-003  -5.1679E-001  -5.1214E-002  -1.3950E+000   1.8781E-002   3.9598E-002  -1.6276E-003   1.1976E-001   9.2129E-003   1.7678E-001  -4.4144E-003  -6.9339E-002  -1.4300E-003   3.4052E-002   4.6483E-001   2.4873E+000  
 6.1254E-001  -3.3353E+000  -4.5098E-002   2.1324E-001   5.4760E-002   9.4547E-001  -1.8004E-003  -2.1703E-001  -5.0896E-002  -5.2786E-001  -5.0387E-002  -1.4008E+000   4.7007E-002   3.5208E-002   4.7233E-002   1.1472E-001   1.7670E-002   1.7827E-001   2.5819E-002  -6.4085E-002  -2.8215E-002   3.0339E-002   4.6368E-001   2.5073E+000  
 6.3770E-001  -3.6633E+000   6.0052E-001   2.1526E-001   1.0911E-001   8.5733E-001   5.4347E-002  -2.0681E-001  -1.1133E-001  -5.5498E-001  -5.1214E-002  -1.4100E+000   6.7949E-002   2.1051E-002   9.5700E-002   1.0322E-001   1.7752E-002   1.7841E-001   5.4473E-002  -4.6747E-002  -5.2234E-002   2.0460E-002   4.5840E-001   2.3800E+000  
 3.3455E-001  -6.8022E+000   4.6391E+000   2.0911E-001   9.4091E-002   7.3077E-001   1.2760E-001  -1.8891E-001  -1.7489E-001  -5.9918E-001  -5.2685E-002  -1.4152E+000   7.6626E-002  -1.7832E-003   1.4301E-001   8.7675E-002   3.8829E-003   1.7578E-001   7.9441E-002  -1.7809E-002  -7.0853E-002   7.6754E-003   4.4754E-001   2.1885E+000  
 1.2443E+000  -6.8556E+000   5.5543E+000   1.8018E-001  -2.4112E-002   5.9818E-001   2.2470E-001  -1.6448E-001  -2.4580E-001  -6.6259E-001  -5.9319E-002  -1.4105E+000   6.9827E-002  -3.2410E-002   1.8498E-001   6.8792E-002  -2.3102E-002   1.6989E-001   9.5500E-002   2.2541E-002  -8.2546E-002  -5.7163E-003   4.3179E-001   1.9655E+000  
 1.3002E+000  -5.5829E+000  -5.4925E+000   8.5503E-002   2.7748E-001   2.7018E-001  -3.3007E-001  -2.1645E-001   1.5073E-001  -7.1462E-001  -1.4616E-001  -1.3532E+000  -2.0484E-002  -9.9199E-004  -1.9307E-001   6.8422E-002   4.8199E-002   1.3714E-001  -3.9918E-002   5.4259E-003   1.2153E-001  -7.6612E-003   4.1653E-001   1.9498E+000  
 4.4761E-001  -5.1657E+000  -4.7670E+000   1.4469E-001   5.5832E-002   4.1415E-001  -2.3186E-001  -2.4501E-001   1.1029E-001  -6.3912E-001  -1.3257E-001  -1.3545E+000  -3.1612E-002   2.9625E-002  -1.5188E-001   9.5499E-002   2.3136E-002   1.4549E-001  -3.9332E-002  -4.1017E-002   1.0149E-001   4.7000E-003   4.2868E-001   2.1888E+000  
-2.5869E-001  -4.7472E+000  -3.7786E+000   1.7651E-001  -4.6007E-002   5.5268E-001  -1.5742E-001  -2.6325E-001   7.3458E-002  -5.8981E-001  -1.2499E-001  -1.3484E+000  -2.7561E-002   5.2499E-002  -1.0597E-001   1.1899E-001   8.2056E-003   1.5046E-001  -3.2848E-002  -7.6059E-002   7.2624E-002   1.8585E-002   4.3741E-001   2.3659E+000  
-7.5120E-001  -4.7214E+000  -2.0275E+000   1.8928E-001  -6.3848E-002   6.5229E-001  -9.8340E-002  -2.7282E-001   4.0251E-002  -5.6229E-001  -1.2134E-001  -1.3415E+000  -7.9386E-003   6.8304E-002  -5.5784E-002   1.3516E-001   4.9220E-003   1.5375E-001  -2.0701E-002  -9.6575E-002   3.7230E-002   2.8691E-002   4.4255E-001   2.4781E+000  
-9.4140E-001  -4.5823E+000  -1.7791E-001   1.9155E-001  -3.8567E-002   6.9146E-001  -4.7249E-002  -2.7459E-001   9.2367E-003  -5.5613E-001  -1.1988E-001  -1.3401E+000   1.9984E-002   7.5024E-002  -2.8759E-003   1.4011E-001   8.4868E-003   1.5609E-001  -5.4564E-003  -1.0314E-001  -6.6638E-004   3.2511E-002   4.4509E-001   2.4356E+000  
-8.0153E-001  -4.6540E+000   1.6819E+000   1.8618E-001  -1.2598E-002   6.6327E-001   4.5182E-003  -2.6980E-001  -2.2263E-002  -5.7046E-001  -1.1992E-001  -1.3465E+000   4.7499E-002   7.0694E-002   5.0585E-002   1.3397E-001   1.1839E-002   1.5720E-001   1.0407E-002  -9.7320E-002  -3.8990E-002   2.8249E-002   4.4416E-001   2.4750E+000  
-3.5744E-001  -4.6244E+000   3.4735E+000   1.7015E-001  -2.8538E-002   5.7444E-001   6.5394E-002  -2.5721E-001  -5.7170E-002  -6.0595E-001  -1.2215E-001  -1.3581E+000   6.5654E-002   5.6983E-002   1.0223E-001   1.1666E-001   7.8232E-003   1.5706E-001   2.4022E-002  -7.7497E-002  -7.5618E-002   1.7695E-002   4.4036E-001   2.3729E+000  
 3.0520E-001  -4.9806E+000   4.5328E+000   1.3507E-001  -1.2718E-001   4.4627E-001   1.4277E-001  -2.3587E-001  -9.6675E-002  -6.6258E-001  -1.2819E-001  -1.3680E+000   6.7468E-002   3.5605E-002   1.5059E-001   9.2348E-002  -8.3062E-003   1.5475E-001   3.2769E-002  -4.3035E-002  -1.0608E-001   3.5176E-003   4.3253E-001   2.1928E+000  
 1.1216E+000  -5.3606E+000   5.3013E+000   7.2335E-002  -3.4449E-001   3.1193E-001   2.4499E-001  -2.0440E-001  -1.4078E-001  -7.4454E-001  -1.4033E-001  -1.3698E+000   5.3368E-002   5.9800E-003   1.9496E-001   6.4559E-002  -3.4908E-002   1.4843E-001   3.6013E-002   3.2585E-003  -1.2782E-001  -9.0757E-003   4.2083E-001   1.9630E+000  
 2.0983E+000  -2.9994E+000  -5.5300E+000   4.8614E-001  -1.3563E-001   3.5563E-001  -6.2851E-001   3.1828E-001  -6.9749E-001  -6.8993E-001  -2.8101E-001  -1.1077E+000  -2.6762E-001  -1.2950E-001  -5.2809E-001  -9.6910E-002   7.1997E-002   1.4343E-001  -1.5616E-001  -1.3616E-001   1.1344E-001  -1.5412E-002   3.8475E-001   1.7637E+000  
 3.8772E-001  -4.4798E+000  -4.7973E+000  -7.8089E-002   4.3443E-001  -1.7184E-001  -2.2587E-001  -3.5792E-001   6.1888E-002  -7.0481E-001  -2.5737E-001  -1.3747E+000   2.9699E-002   3.9076E-002  -1.1505E-001   3.7902E-002   4.9129E-002   6.9012E-002   4.1966E-002  -8.5435E-002   1.5793E-001  -1.0556E-002   4.2117E-001   2.1342E+000  
-1.8284E-001  -3.9047E+000  -3.6272E+000   2.9376E-002   1.7284E-001   1.2773E-002  -1.6532E-001  -3.2572E-001   1.7622E-002  -6.1634E-001  -2.2411E-001  -1.3322E+000  -4.4727E-003   7.1167E-002  -1.0183E-001   8.4558E-002   2.2569E-002   8.7053E-002   6.5076E-003  -1.2054E-001   1.0023E-001  -2.4218E-003   4.2130E-001   2.3075E+000  
-6.0068E-001  -3.6151E+000  -2.3849E+000   6.0316E-002   4.0220E-002   1.1098E-001  -1.0162E-001  -3.3918E-001   1.4282E-002  -5.8456E-001  -2.1806E-001  -1.3260E+000   3.7515E-003   8.3205E-002  -5.3815E-002   1.0096E-001   1.2339E-002   8.7107E-002  -1.2716E-003  -1.4515E-001   5.2719E-002   5.0607E-003   4.2561E-001   2.4081E+000  
-7.9158E-001  -3.5459E+000  -1.4182E-001   6.8571E-002  -4.2638E-002   1.4917E-001  -4.5564E-002  -3.4272E-001   1.2033E-002  -5.7730E-001  -2.1592E-001  -1.3252E+000   2.0798E-002   8.8447E-002  -4.4105E-003   1.0626E-001   7.8247E-003   8.8187E-002  -6.3866E-003  -1.5384E-001   1.2201E-004   7.7848E-003   4.2752E-001   2.3780E+000  
-6.4436E-001  -3.5474E+000   2.1004E+000   5.7168E-002  -1.2462E-001   1.2179E-001   1.1173E-002  -3.3573E-001   9.3728E-003  -5.9384E-001  -2.1658E-001  -1.3308E+000   3.7500E-002   8.6152E-002   4.5721E-002   9.9985E-002   3.1535E-003   9.0514E-002  -1.0783E-002  -1.4643E-001  -5.2906E-002   4.8906E-003   4.2733E-001   2.4054E+000  
-2.6836E-001  -3.7717E+000   3.3638E+000   2.2923E-002  -2.5485E-001   3.4312E-002   7.6757E-002  -3.1882E-001   4.4579E-003  -6.3444E-001  -2.2125E-001  -1.3415E+000   4.4408E-002   7.6946E-002   9.5615E-002   8.2383E-002  -7.6637E-003   9.3838E-002  -1.6835E-002  -1.2282E-001  -1.0175E-001  -3.0143E-003   4.2440E-001   2.3146E+000  
 2.6524E-001  -4.3073E+000   4.5878E+000  -8.6764E-002  -5.1138E-001  -1.3930E-001   1.4079E-001  -3.4633E-001  -4.1264E-002  -7.3119E-001  -2.5268E-001  -1.3873E+000   8.6314E-003   4.6279E-002   1.1238E-001   3.5108E-002  -3.5140E-002   7.8847E-002  -4.9346E-002  -8.9469E-002  -1.6144E-001  -1.1521E-002   4.2546E-001   2.1369E+000  
 1.9284E+000  -2.8309E+000   5.3619E+000   4.5684E-001   5.6110E-002   3.8334E-001   5.3828E-001   3.1582E-001   7.0989E-001  -7.3217E-001  -2.7664E-001  -1.1296E+000   2.9259E-001  -1.2717E-001   5.2820E-001  -1.0037E-001  -5.8264E-002   1.5652E-001   1.4514E-001  -1.4589E-001  -1.1916E-001  -1.6050E-002   3.9189E-001   1.7733E+000  
