 2.6400E+000   2.7330E+000  -1.1804E+000  -3.7949E-001   7.7624E-001  -4.2365E+000  -8.1428E-001   4.8499E-001  -7.4774E-002   4.3231E+000  -2.2225E-001  -9.6105E-001   3.9443E-001  -2.7373E+000  -1.7635E+000   1.1594E-001  -1.0753E-002   5.5476E-001   1.2201E-001   6.4048E-001   1.1867E+000  -1.6987E-002   4.2015E-001   2.2047E+000  
 2.7236E+000   1.5912E+000   6.0444E-001  -2.0827E-001  -5.7961E-001  -7.5124E-001  -3.8544E-002   6.3902E-002  -8.2397E-002   1.6778E-001  -1.8468E-001  -1.8659E-001  -5.8578E-002  -1.0448E-001  -2.0001E-001   6.8611E-002   1.3527E-002   1.8307E-001   1.6924E-001  -1.3128E-001  -2.3240E-001   1.0017E-002   8.3262E-001   2.4701E+000  
 2.7711E+000   1.4940E+000   4.2557E-001   4.0993E-002  -2.3094E-001  -3.7765E-001  -4.5273E-002  -1.5152E-001  -1.7509E-001  -1.5243E-001  -1.0114E-001   6.9546E-003   8.4564E-003   2.4408E-002   3.6831E-002   1.3423E-002   2.7545E-003   8.3242E-002   8.2959E-002  -1.2638E-001  -4.4196E-001   1.5203E-003   8.8267E-001   2.4671E+000  
 2.6748E+000   1.6116E+000   2.3961E-001   6.8214E-002  -1.1058E-001  -3.0487E-001  -9.6771E-003  -1.4344E-001  -6.8676E-002  -2.0972E-001  -8.8914E-002   2.6629E-002  -1.4302E-002   7.4081E-003   5.2156E-002   1.3481E-002   1.0234E-002   7.1333E-002   7.1822E-002  -6.2126E-002  -4.5656E-001  -6.6137E-003   8.8802E-001   2.5014E+000  
 2.6486E+000   1.6389E+000   1.3599E-002   8.4808E-002  -2.9407E-002  -2.6635E-001   1.5039E-002  -1.5225E-001   3.3159E-002  -2.3599E-001  -8.1552E-002   4.3550E-002  -3.0204E-002  -1.2246E-002   6.2330E-002   9.8189E-003   1.2020E-002   5.4113E-002   5.2051E-002   4.4652E-003  -4.6323E-001  -1.3260E-002   8.8964E-001   2.5331E+000  
 2.6903E+000   1.5872E+000  -2.1654E-001   8.3005E-002   5.7408E-002  -2.7198E-001   3.4783E-002  -1.6904E-001   1.3251E-001  -2.3526E-001  -8.3762E-002   5.3153E-002  -3.7450E-002  -2.9098E-002   6.5960E-002   9.9443E-003   6.8340E-003   3.0823E-002   2.5428E-002   6.9233E-002  -4.6201E-001  -2.0013E-002   8.8773E-001   2.5500E+000  
 2.7906E+000   1.4634E+000  -4.2027E-001   4.9984E-002   2.0247E-001  -3.1814E-001   5.1025E-002  -1.8524E-001   2.2515E-001  -2.0949E-001  -1.0151E-001   5.1859E-002  -2.8268E-002  -3.7390E-002   6.3079E-002   2.1871E-002  -7.3201E-003   4.9699E-005  -9.2655E-003   1.2857E-001  -4.5061E-001  -2.8741E-002   8.8172E-001   2.5472E+000  
 3.1291E+000   9.6630E-001  -4.9186E-001   1.7620E-001   3.1491E-001  -1.0036E-001   1.1959E-001  -4.3300E-001   5.0037E-001  -3.8486E-001  -7.4184E-002   2.0967E-001  -8.2798E-002   1.0673E-001  -1.5900E-001  -8.8045E-003  -1.2126E-002  -1.3087E-001   2.8709E-002   1.2617E-001  -2.4309E-001  -3.8683E-002   8.3168E-001   2.4781E+000  
 3.3426E+000  -4.8120E-001  -2.4667E+000  -3.2638E-002   2.6201E+000   3.1491E+000  -6.6476E-001  -7.4709E-001   5.3885E-001  -4.3316E+000  -1.8386E-001   8.9810E-001   5.0168E-001   2.7886E+000  -1.6707E+000   3.4219E-002  -9.6679E-002  -5.5213E-001  -8.1535E-002  -6.5947E-001   1.1751E+000  -1.8366E-002   4.2021E-001   2.1131E+000  
 2.7524E+000   1.3060E+000   8.5220E-001   5.8007E-002  -3.2002E-001  -1.6898E-001  -1.1085E-001  -1.3709E-001  -2.6223E-001   9.0024E-002  -9.5985E-002  -1.1333E-002   5.4856E-002   6.3524E-002   1.1437E-002   2.0430E-002   6.9309E-004   4.5896E-002   4.9367E-002  -2.6117E-001  -3.8513E-001  -1.8472E-002   8.8427E-001   2.5241E+000  
 2.5023E+000   1.5476E+000   7.6345E-001   1.1373E-001  -1.0768E-001  -1.0535E-001  -6.5429E-002  -1.0714E-001  -1.9692E-001  -1.5018E-002  -6.4743E-002   7.6138E-003   4.6620E-002   5.8295E-002   3.1854E-002   1.0100E-002  -6.1682E-003   4.9703E-002   5.3346E-002  -2.0878E-001  -4.1059E-001  -1.2643E-002   8.9700E-001   2.5606E+000  
 2.3035E+000   1.7107E+000   5.6864E-001   1.4224E-001  -9.9926E-003  -2.0096E-002  -3.2847E-002  -9.1037E-002  -1.3110E-001  -8.6726E-002  -4.4891E-002   2.9186E-002   2.8232E-002   4.3042E-002   5.1573E-002   5.4220E-003  -1.0433E-003   4.5650E-002   4.8459E-002  -1.4458E-001  -4.2861E-001  -1.6465E-002   9.0541E-001   2.5975E+000  
 2.1772E+000   1.7992E+000   3.0157E-001   1.6259E-001   1.2251E-002   5.0466E-002  -1.2113E-002  -8.8819E-002  -6.6127E-002  -1.2842E-001  -2.9291E-002   4.9840E-002   1.0589E-002   1.9998E-002   6.8623E-002  -5.8981E-003   2.8463E-003   3.8511E-002   3.4598E-002  -7.1051E-002  -4.4125E-001  -1.4957E-002   9.1065E-001   2.6192E+000  
 2.1343E+000   1.8257E+000   4.0345E-003   1.7119E-001  -8.1703E-003   7.8418E-002   4.6837E-003  -8.9820E-002   4.3896E-003  -1.4178E-001  -2.3682E-002   5.9682E-002  -1.0716E-002  -5.0658E-003   7.5430E-002  -1.3011E-002   6.7725E-003   3.0657E-002   2.1155E-002   2.2612E-003  -4.4628E-001  -1.2369E-002   9.1289E-001   2.6218E+000  
 2.1803E+000   1.7902E+000  -2.9538E-001   1.7124E-001  -2.5787E-002   6.0612E-002   1.8740E-002  -9.6762E-002   7.4608E-002  -1.3260E-001  -2.6197E-002   6.2226E-002  -2.7800E-002  -2.8734E-002   7.5227E-002  -1.7029E-002   6.6626E-003   1.8252E-002   4.0082E-003   7.4595E-002  -4.4421E-001  -9.8303E-003   9.1102E-001   2.6069E+000  
 2.3123E+000   1.6888E+000  -5.6543E-001   1.6083E-001  -5.3142E-004   7.3851E-003   3.5091E-002  -1.1260E-001   1.4605E-001  -1.0483E-001  -3.6028E-002   6.1803E-002  -4.0170E-002  -4.7105E-002   6.5113E-002  -1.8642E-002   3.3669E-003  -3.0602E-003  -1.3169E-002   1.4499E-001  -4.3402E-001  -8.5457E-003   9.0599E-001   2.5760E+000  
 2.5081E+000   1.5285E+000  -7.7435E-001   1.2254E-001   1.1746E-001  -6.3714E-002   5.1969E-002  -1.2758E-001   2.0566E-001  -5.8151E-002  -6.0827E-002   5.3035E-002  -3.4455E-002  -5.2924E-002   5.0829E-002  -6.6138E-003  -7.8839E-003  -3.2930E-002  -3.8328E-002   2.0445E-001  -4.1571E-001  -1.3198E-002   8.9711E-001   2.5422E+000  
 2.7449E+000   1.2993E+000  -8.8370E-001   5.3347E-002   3.6720E-001  -1.1783E-001   7.6575E-002  -1.4428E-001   2.5022E-001   9.7734E-003  -9.6862E-002   3.9806E-002  -1.3352E-002  -4.3887E-002   3.1269E-002   6.7966E-003  -1.7518E-002  -6.8908E-002  -6.8732E-002   2.5317E-001  -3.8653E-001  -8.8858E-003   8.8457E-001   2.4722E+000  
 2.3527E+000   1.3860E+000   1.1026E+000   1.5310E-001  -1.7149E-002  -1.2650E-002  -7.9364E-002  -9.1592E-002  -1.6406E-001   8.7964E-002  -4.1082E-002   5.4476E-003   7.0757E-002   7.8460E-002   1.3705E-002  -7.5375E-003  -1.3001E-002   1.1598E-002   2.0868E-002  -2.8742E-001  -3.5845E-001  -1.0376E-002   9.0431E-001   2.5930E+000  
 2.0428E+000   1.5750E+000   9.4051E-001   1.7821E-001   1.0421E-001   4.7673E-002  -4.5513E-002  -6.7567E-002  -1.2856E-001   9.6669E-003  -1.6075E-002   2.0168E-002   5.7530E-002   6.6938E-002   3.0551E-002  -9.8753E-003  -1.2877E-002   1.7703E-002   2.7236E-002  -2.2625E-001  -3.7451E-001  -1.2701E-002   9.1575E-001   2.6215E+000  
 1.7961E+000   1.7026E+000   6.8005E-001   1.8481E-001   1.2631E-001   1.2890E-001  -2.3290E-002  -5.3881E-002  -9.0568E-002  -4.1522E-002   3.0046E-004   3.6533E-002   3.9426E-002   4.6013E-002   4.6347E-002  -1.1279E-002  -6.9636E-003   1.9894E-002   2.3920E-002  -1.5305E-001  -3.8299E-001  -1.8759E-002   9.2310E-001   2.6393E+000  
 1.6367E+000   1.7753E+000   3.5449E-001   1.8673E-001   7.9635E-002   1.9359E-001  -9.1836E-003  -4.7823E-002  -4.8013E-002  -6.9893E-002   1.0908E-002   4.8782E-002   1.9403E-002   2.2759E-002   5.7061E-002  -1.5328E-002  -2.3702E-003   1.9504E-002   1.6496E-002  -7.6954E-002  -3.8826E-001  -1.9742E-002   9.2779E-001   2.6386E+000  
 1.5829E+000   1.7958E+000   4.6763E-004   1.9064E-001  -1.1712E-003   2.1938E-001   5.4940E-004  -4.8347E-002  -3.3653E-003  -7.8297E-002   1.6156E-002   5.6020E-002  -1.1110E-003  -1.6946E-003   6.2411E-002  -2.2702E-002   1.0463E-003   1.6023E-002   6.0364E-003   8.9584E-004  -3.9068E-001  -1.4458E-002   9.2947E-001   2.6221E+000  
 1.6385E+000   1.7686E+000  -3.5254E-001   1.9507E-001  -8.3378E-002   1.9868E-001   1.0991E-002  -5.3397E-002   4.4821E-002  -6.8582E-002   1.4774E-002   5.6314E-002  -2.4271E-002  -2.5528E-002   5.9805E-002  -2.8084E-002   6.2659E-003   9.0535E-003  -2.7105E-003   7.8333E-002  -3.8949E-001  -8.6097E-003   9.2817E-001   2.5918E+000  
 1.7983E+000   1.6945E+000  -6.7950E-001   1.9357E-001  -1.2779E-001   1.3776E-001   2.2761E-002  -6.1330E-002   9.0394E-002  -4.1288E-002   4.5727E-003   4.8786E-002  -4.1826E-002  -4.6271E-002   5.1858E-002  -2.5881E-002   7.8344E-003  -2.5505E-003  -1.4280E-002   1.5278E-001  -3.8501E-001  -8.1634E-003   9.2353E-001   2.5733E+000  
 2.0429E+000   1.5712E+000  -9.4638E-001   1.7843E-001  -9.7383E-002   5.9960E-002   3.8210E-002  -7.2130E-002   1.2931E-001   3.1510E-003  -1.5795E-002   3.6464E-002  -4.8492E-002  -6.2183E-002   3.7628E-002  -1.6478E-002   2.8513E-003  -2.0520E-002  -2.8197E-002   2.2370E-001  -3.7568E-001  -1.2433E-002   9.1576E-001   2.5980E+000  
 2.3447E+000   1.3950E+000  -1.1202E+000   1.3821E-001   4.5399E-002  -1.4380E-003   6.0311E-002  -8.3275E-002   1.5144E-001   6.5186E-002  -4.8438E-002   1.9289E-002  -3.8326E-002  -6.4712E-002   2.0194E-002  -7.8380E-004  -6.4852E-003  -4.5917E-002  -4.9713E-002   2.8207E-001  -3.5676E-001  -1.4814E-002   9.0390E-001   2.5667E+000  
 2.6606E+000  -1.1922E+000   2.7067E+000  -3.6862E-001   7.9478E-001   4.2208E+000   4.7445E-001  -8.1731E-001  -4.3199E+000   9.1374E-002  -2.2093E-001   9.5556E-001   3.9763E-001  -2.7411E+000   1.7551E+000  -1.0368E-002   1.1499E-001  -1.2018E-001  -5.5311E-001   1.1855E+000   6.4343E-001  -1.6988E-002   4.1945E-001   2.2125E+000  
 2.7524E+000   8.5220E-001   1.3060E+000   5.8081E-002  -3.2000E-001   1.6889E-001  -1.3719E-001  -1.1085E-001  -8.9910E-002   2.6229E-001  -9.5927E-002   1.1238E-002   5.4895E-002   6.3684E-002  -1.1386E-002   6.8505E-004   2.0341E-002  -4.9291E-002  -4.5764E-002  -3.8478E-001  -2.6183E-001  -1.8438E-002   8.8422E-001   2.5275E+000  
 2.3527E+000   1.1026E+000   1.3860E+000   1.5308E-001  -1.7173E-002   1.2625E-002  -9.1607E-002  -7.9327E-002  -8.7923E-002   1.6406E-001  -4.1083E-002  -5.4834E-003   7.0724E-002   7.8496E-002  -1.3590E-002  -1.2938E-002  -7.5512E-003  -2.0837E-002  -1.1523E-002  -3.5798E-001  -2.8794E-001  -1.0394E-002   9.0424E-001   2.5997E+000  
 1.9458E+000   1.2960E+000   1.2960E+000   1.8865E-001   1.5142E-001  -1.8002E-006  -5.4368E-002  -5.4359E-002  -8.2548E-002   8.2561E-002  -6.2672E-003  -1.0621E-005   6.6760E-002   7.5905E-002   5.5101E-005  -1.7322E-002  -1.7356E-002  -7.4045E-003   7.4441E-003  -3.0400E-001  -3.0447E-001  -7.9242E-003   9.1919E-001   2.5930E+000  
 1.5813E+000   1.4347E+000   1.0762E+000   1.9307E-001   2.1261E-001   6.1260E-002  -3.0265E-002  -3.9667E-002  -7.2699E-002   2.4315E-002   1.7445E-002   1.5851E-002   5.6225E-002   6.1188E-002   1.7160E-002  -2.0876E-002  -1.6294E-002   1.1610E-004   1.1753E-002  -2.3465E-001  -3.1302E-001  -1.1050E-002   9.2979E-001   2.6032E+000  
 1.2912E+000   1.5296E+000   7.6608E-001   1.8260E-001   1.8935E-001   1.4162E-001  -1.5085E-002  -2.9695E-002  -5.4339E-002  -1.3445E-002   3.2075E-002   3.0352E-002   3.9454E-002   4.1911E-002   3.0467E-002  -2.1564E-002  -1.0387E-002   4.9123E-003   1.1217E-002  -1.5835E-001  -3.1653E-001  -1.6771E-002   9.3698E-001   2.6101E+000  
 1.1040E+000   1.5843E+000   3.9543E-001   1.7268E-001   1.0900E-001   2.0490E-001  -6.1577E-003  -2.4565E-002  -3.0275E-002  -3.3118E-002   4.0783E-002   3.9534E-002   2.1162E-002   2.0455E-002   3.8624E-002  -2.3202E-002  -5.8100E-003   7.9379E-003   7.3920E-003  -7.8949E-002  -3.1745E-001  -1.8499E-002   9.4116E-001   2.5982E+000  
 1.0397E+000   1.6020E+000  -2.2079E-004   1.6888E-001  -2.7630E-004   2.2834E-001   2.6294E-004  -2.2666E-002  -2.7205E-003  -3.8051E-002   4.3042E-002   4.2476E-002   7.5275E-004  -5.1144E-004   4.1670E-002  -2.4007E-002  -4.7993E-004   7.6935E-003   2.2786E-003   3.6453E-004  -3.1782E-001  -1.8476E-002   9.4262E-001   2.5745E+000  
 1.1036E+000   1.5842E+000  -3.9547E-001   1.7324E-001  -1.0925E-001   2.0497E-001   5.9978E-003  -2.4121E-002   2.5898E-002  -2.9127E-002   3.9829E-002   3.8803E-002  -2.0588E-002  -2.1142E-002   3.9487E-002  -2.3613E-002   5.8791E-003   4.6336E-003  -3.9108E-003   7.9546E-002  -3.1757E-001  -1.7468E-002   9.4116E-001   2.5455E+000  
 1.2909E+000   1.5297E+000  -7.6572E-001   1.8295E-001  -1.8942E-001   1.4174E-001   1.4550E-002  -2.9480E-002   5.3024E-002  -5.8552E-003   3.1412E-002   2.9051E-002  -4.0020E-002  -4.1542E-002   3.1922E-002  -2.1637E-002   1.1249E-002  -1.0034E-003  -1.0295E-002   1.5861E-001  -3.1658E-001  -1.6224E-002   9.3698E-001   2.5698E+000  
 1.5802E+000   1.4375E+000  -1.0789E+000   1.8815E-001  -2.0922E-001   6.1552E-002   2.7611E-002  -3.7462E-002   7.3493E-002   3.0772E-002   1.5096E-002   1.5458E-002  -5.1352E-002  -5.8433E-002   1.8835E-002  -1.5451E-002   1.0953E-002  -1.1370E-002  -1.8149E-002   2.3389E-001  -3.1255E-001  -1.7925E-002   9.2957E-001   2.6127E+000  
 1.9433E+000   1.3022E+000  -1.3022E+000   1.7916E-001  -1.4153E-001  -2.2477E-006   4.8983E-002  -4.8981E-002   8.2226E-002   8.2218E-002  -1.0283E-002   3.0096E-006  -5.3046E-002  -6.8699E-002  -5.0260E-005  -7.1421E-003   7.1232E-003  -2.7719E-002  -2.7720E-002   3.0243E-001  -3.0198E-001  -1.8081E-002   9.1874E-001   2.6191E+000  
 2.3447E+000   1.1202E+000  -1.3950E+000   1.3826E-001   4.5351E-002   1.4290E-003   8.3299E-002  -6.0345E-002   6.5208E-002   1.5147E-001  -4.8423E-002  -1.9297E-002  -3.8387E-002  -6.4700E-002  -2.0293E-002   6.4259E-003   8.1498E-004  -4.9651E-002  -4.5895E-002   3.5717E-001  -2.8150E-001  -1.4784E-002   9.0383E-001   2.5680E+000  
 2.7449E+000   8.8367E-001  -1.2994E+000   5.3297E-002   3.6715E-001   1.1786E-001   1.4424E-001  -7.6584E-002   9.8546E-003   2.5027E-001  -9.6914E-002  -3.9773E-002  -1.3364E-002  -4.3973E-002  -3.1378E-002   1.7545E-002  -6.8724E-003  -6.8642E-002  -6.8824E-002   3.8697E-001  -2.5266E-001  -8.9519E-003   8.8451E-001   2.4750E+000  
 3.3587E+000   2.4528E+000   4.9922E-001  -2.4994E-002   2.6012E+000  -3.1550E+000   7.5211E-001   6.5879E-001  -4.3284E+000   5.5294E-001  -1.8306E-001  -8.9727E-001   4.9678E-001   2.7836E+000   1.6774E+000   9.5811E-002  -3.4324E-002  -8.0249E-002  -5.5047E-001  -1.1770E+000   6.5705E-001  -1.8346E-002   4.1949E-001   2.1201E+000  
 2.7239E+000   6.0418E-001   1.5909E+000  -2.0819E-001  -5.7899E-001   7.5101E-001   6.3741E-002  -3.8725E-002  -1.6781E-001   8.3195E-002  -1.8484E-001   1.8661E-001  -5.8329E-002  -1.0470E-001   1.9932E-001   1.3645E-002   6.8937E-002  -1.6879E-001  -1.8311E-001  -2.3262E-001  -1.3149E-001   9.7616E-003   8.3269E-001   2.4812E+000  
 2.5023E+000   7.6343E-001   1.5475E+000   1.1378E-001  -1.0763E-001   1.0530E-001  -1.0721E-001  -6.5428E-002   1.5045E-002   1.9701E-001  -6.4734E-002  -7.6657E-003   4.6684E-002   5.8357E-002  -3.1809E-002  -6.1707E-003   1.0036E-002  -5.3204E-002  -4.9657E-002  -4.1023E-001  -2.0941E-001  -1.2634E-002   8.9691E-001   2.5617E+000  
 2.0428E+000   9.4054E-001   1.5750E+000   1.7821E-001   1.0420E-001  -4.7706E-002  -6.7599E-002  -4.5467E-002  -9.6262E-003   1.2857E-001  -1.6076E-002  -2.0206E-002   5.7515E-002   6.7002E-002  -3.0449E-002  -1.2832E-002  -9.9103E-003  -2.7184E-002  -1.7638E-002  -3.7411E-001  -2.2683E-001  -1.2697E-002   9.1569E-001   2.6243E+000  
 1.5813E+000   1.0762E+000   1.4346E+000   1.9309E-001   2.1262E-001  -6.1265E-002  -3.9684E-002  -3.0252E-002  -2.4310E-002   7.2719E-002   1.7445E-002  -1.5863E-002   5.6239E-002   6.1197E-002  -1.7063E-002  -1.6283E-002  -2.0923E-002  -1.1696E-002  -9.8635E-005  -3.1262E-001  -2.3513E-001  -1.1019E-002   9.2978E-001   2.6094E+000  
 1.1680E+000   1.1750E+000   1.1750E+000   1.7701E-001   2.3483E-001  -1.7430E-006  -1.9460E-002  -1.9443E-002  -3.0244E-002   3.0256E-002   3.7070E-002  -4.6432E-007   4.5801E-002   4.7518E-002   4.2178E-005  -1.7182E-002  -1.7202E-002  -4.6175E-003   4.6523E-003  -2.3789E-001  -2.3827E-001  -1.6891E-002   9.3979E-001   2.5497E+000  
 8.4187E-001   1.2411E+000   8.2840E-001   1.5413E-001   1.9370E-001   8.0355E-002  -9.2690E-003  -1.3311E-002  -2.6547E-002   3.3690E-003   5.1058E-002   1.4377E-002   3.3180E-002   3.1562E-002   1.2852E-002  -1.9437E-002  -1.2429E-002   7.2074E-004   5.1076E-003  -1.5948E-001  -2.3930E-001  -2.0012E-002   9.4680E-001   2.5398E+000  
 6.3145E-001   1.2794E+000   4.2562E-001   1.3581E-001   1.0761E-001   1.4394E-001  -3.2553E-003  -9.5525E-003  -1.5609E-002  -1.1372E-002   5.8159E-002   2.3704E-002   1.7691E-002   1.5626E-002   2.0835E-002  -2.1190E-002  -6.9721E-003   2.9973E-003   3.6084E-003  -7.9625E-002  -2.3997E-001  -2.1049E-002   9.5119E-001   2.5319E+000  
 5.5980E-001   1.2920E+000  -5.6041E-005   1.2851E-001  -1.3695E-004   1.6754E-001   4.0829E-005  -8.7303E-003  -1.0137E-003  -1.5396E-002   6.0835E-002   2.6724E-002   1.7149E-004  -1.5572E-004   2.3623E-002  -2.1232E-002  -1.0269E-004   3.1656E-003   7.5211E-004   2.2158E-004  -2.4021E-001  -2.1891E-002   9.5270E-001   2.5111E+000  
 6.3172E-001   1.2797E+000  -4.2570E-001   1.3528E-001  -1.0791E-001   1.4412E-001   3.3024E-003  -1.0151E-002   1.4200E-002  -9.3161E-003   5.8725E-002   2.3109E-002  -1.7365E-002  -1.5771E-002   2.1119E-002  -2.0339E-002   6.8474E-003   1.2515E-003  -2.4631E-003   8.0009E-002  -2.3993E-001  -2.1769E-002   9.5118E-001   2.4934E+000  
 8.4172E-001   1.2412E+000  -8.2804E-001   1.5429E-001  -1.9368E-001   8.0629E-002   8.5652E-003  -1.3412E-002   2.7313E-002   7.2622E-003   5.0777E-002   1.3476E-002  -3.3898E-002  -3.1198E-002   1.3216E-002  -1.9303E-002   1.3427E-002  -2.8428E-003  -5.7883E-003   1.5973E-001  -2.3910E-001  -1.9873E-002   9.4680E-001   2.5333E+000  
 1.1684E+000   1.1750E+000  -1.1750E+000   1.7638E-001  -2.3495E-001   6.2005E-006   1.9698E-002  -1.9712E-002   3.4889E-002   3.4874E-002   3.7854E-002   5.5653E-006  -4.6743E-002  -4.6312E-002  -2.7073E-005  -1.7025E-002   1.7006E-002  -8.4459E-003  -8.4254E-003   2.3807E-001  -2.3773E-001  -1.8081E-002   9.3979E-001   2.5853E+000  
 1.5802E+000   1.0789E+000  -1.4375E+000   1.8813E-001  -2.0922E-001  -6.1541E-002   3.7454E-002  -2.7624E-002   3.0777E-002   7.3465E-002   1.5099E-002  -1.5442E-002  -5.1343E-002  -5.8391E-002  -1.8916E-002  -1.0966E-002   1.5419E-002  -1.8182E-002  -1.1367E-002   3.1286E-001  -2.3342E-001  -1.7945E-002   9.2956E-001   2.6150E+000  
 2.0429E+000   9.4632E-001  -1.5713E+000   1.7844E-001  -9.7410E-002  -5.9931E-002   7.2116E-002  -3.8257E-002   3.1855E-003   1.2930E-001  -1.5788E-002  -3.6436E-002  -4.8525E-002  -6.2137E-002  -3.7724E-002  -2.9012E-003   1.6472E-002  -2.8198E-002  -2.0471E-002   3.7597E-001  -2.2313E-001  -1.2423E-002   9.1570E-001   2.6031E+000  
 2.5081E+000   7.7431E-001  -1.5286E+000   1.2252E-001   1.1744E-001   6.3747E-002   1.2756E-001  -5.2000E-002  -5.8116E-002   2.0564E-001  -6.0819E-002  -5.3002E-002  -3.4466E-002  -5.2859E-002  -5.0950E-002   7.8637E-003   6.5853E-003  -3.8341E-002  -3.2871E-002   4.1598E-001  -2.0382E-001  -1.3209E-002   8.9702E-001   2.5463E+000  
 3.1295E+000   4.9154E-001  -9.6579E-001   1.7676E-001   3.1449E-001   1.0013E-001   4.3352E-001  -1.1986E-001  -3.8479E-001   5.0066E-001  -7.3840E-002  -2.0994E-001  -8.3167E-002   1.0664E-001   1.5887E-001   1.1935E-002   9.2270E-003   2.8834E-002  -1.3083E-001   2.4357E-001  -1.2561E-001  -3.8511E-002   8.3175E-001   2.4916E+000  
 2.7711E+000   4.2554E-001   1.4940E+000   4.1016E-002  -2.3082E-001   3.7768E-001  -1.5154E-001  -4.5314E-002   1.5233E-001   1.7526E-001  -1.0114E-001  -6.9325E-003   8.5539E-003   2.4355E-002  -3.6894E-002   2.7702E-003   1.3408E-002  -8.2754E-002  -8.3358E-002  -4.4178E-001  -1.2696E-001   1.5041E-003   8.8266E-001   2.4648E+000  
 2.3035E+000   5.6865E-001   1.7107E+000   1.4225E-001  -9.9614E-003   2.0101E-002  -9.1043E-002  -3.2853E-002   8.6724E-002   1.3113E-001  -4.4900E-002  -2.9188E-002   2.8263E-002   4.3142E-002  -5.1498E-002  -1.0333E-003   5.4000E-003  -4.8362E-002  -4.5665E-002  -4.2832E-001  -1.4530E-001  -1.6461E-002   9.0537E-001   2.5946E+000  
 1.7961E+000   6.8007E-001   1.7026E+000   1.8482E-001   1.2632E-001  -1.2891E-001  -5.3915E-002  -2.3280E-002   4.1534E-002   9.0578E-002   3.2281E-004  -3.6547E-002   3.9435E-002   4.6095E-002  -4.6247E-002  -6.9401E-003  -1.1315E-002  -2.3881E-002  -1.9881E-002  -3.8269E-001  -1.5367E-001  -1.8741E-002   9.2308E-001   2.6364E+000  
 1.2912E+000   7.6610E-001   1.5296E+000   1.8261E-001   1.8935E-001  -1.4162E-001  -2.9706E-002  -1.5068E-002   1.3459E-002   5.4350E-002   3.2077E-002  -3.0361E-002   3.9452E-002   4.1962E-002  -3.0392E-002  -1.0354E-002  -2.1586E-002  -1.1182E-002  -4.8922E-003  -3.1626E-001  -1.5885E-001  -1.6767E-002   9.3698E-001   2.6086E+000  
 8.4187E-001   8.2842E-001   1.2411E+000   1.5413E-001   1.9369E-001  -8.0355E-002  -1.3323E-002  -9.2549E-003  -3.3594E-003   2.6559E-002   5.1061E-002  -1.4378E-002   3.3180E-002   3.1583E-002  -1.2788E-002  -1.2404E-002  -1.9453E-002  -5.0758E-003  -6.9589E-004  -2.3903E-001  -1.5986E-001  -2.0013E-002   9.4680E-001   2.5411E+000  
 4.8779E-001   8.7035E-001   8.7033E-001   1.2104E-001   1.5407E-001   1.2798E-006  -5.1931E-003  -5.1824E-003  -8.5053E-003   8.5153E-003   6.3300E-002   8.9809E-007   2.4144E-002   2.1161E-002   2.4669E-005  -1.4342E-002  -1.4360E-002  -1.3874E-003   1.4120E-003  -1.6034E-001  -1.6060E-001  -2.2493E-002   9.5426E-001   2.4668E+000  
 2.6025E-001   8.9471E-001   4.4601E-001   9.5870E-002   8.4287E-002   6.3622E-002  -1.4986E-003  -2.9877E-003  -6.1971E-003  -1.5183E-003   7.0014E-002   9.4835E-003   1.2663E-002   1.0521E-002   7.9049E-003  -1.5390E-002  -7.6841E-003   5.2812E-004   1.3142E-003  -8.0155E-002  -1.6111E-001  -2.3869E-002   9.5983E-001   2.4529E+000  
 1.8267E-001   9.0261E-001  -2.1070E-005   8.6612E-002  -1.1875E-004   8.7172E-002  -9.2443E-006  -2.3208E-003  -2.8098E-004  -4.4306E-003   7.2184E-002   1.2797E-002   6.9444E-005  -3.9320E-005   1.0556E-002  -1.5693E-002  -9.8161E-006   9.3182E-004   1.9452E-004   1.3317E-004  -1.6125E-001  -2.4393E-002   9.6170E-001   2.4364E+000  
 2.6025E-001   8.9470E-001  -4.4605E-001   9.5847E-002  -8.4535E-002   6.3611E-002   1.4821E-003  -2.9891E-003   6.0593E-003  -7.3918E-004   6.9998E-002   9.4858E-003  -1.2524E-002  -1.0531E-002   7.9603E-003  -1.5398E-002   7.6655E-003  -3.7147E-005  -1.2228E-003   8.0404E-002  -1.6100E-001  -2.3902E-002   9.5983E-001   2.4358E+000  
 4.8765E-001   8.7025E-001  -8.7028E-001   1.2121E-001  -1.5426E-001   4.2499E-006   5.0109E-003  -5.0198E-003   9.7109E-003   9.7026E-003   6.3008E-002   4.1304E-006  -2.4221E-002  -2.0984E-002  -6.5077E-006  -1.4612E-002   1.4596E-002  -2.3319E-003  -2.3172E-003   1.6057E-001  -1.6035E-001  -2.2254E-002   9.5427E-001   2.4893E+000  
 8.4172E-001   8.2801E-001  -1.2412E+000   1.5429E-001  -1.9368E-001  -8.0620E-002   1.3404E-002  -8.5765E-003   7.2699E-003   2.7297E-002   5.0775E-002  -1.3466E-002  -3.3898E-002  -3.1180E-002  -1.3247E-002  -1.3449E-002   1.9290E-002  -5.8085E-003  -2.8277E-003   2.3932E-001  -1.5939E-001  -1.9872E-002   9.4680E-001   2.5394E+000  
 1.2909E+000   7.6569E-001  -1.5297E+000   1.8295E-001  -1.8943E-001  -1.4173E-001   2.9473E-002  -1.4563E-002  -5.8472E-003   5.3002E-002   3.1406E-002  -2.9035E-002  -4.0021E-002  -4.1497E-002  -3.1972E-002  -1.1277E-002   2.1622E-002  -1.0316E-002  -9.9087E-004   3.1678E-001  -1.5815E-001  -1.6226E-002   9.3698E-001   2.5787E+000  
 1.7983E+000   6.7946E-001  -1.6946E+000   1.9357E-001  -1.2780E-001  -1.3774E-001   6.1310E-002  -2.2775E-002  -4.1283E-002   9.0381E-002   4.5551E-003  -4.8771E-002  -4.1836E-002  -4.6200E-002  -5.1901E-002  -7.8662E-003   2.5868E-002  -1.4285E-002  -2.5350E-003   3.8517E-001  -1.5223E-001  -8.1687E-003   9.2350E-001   2.5836E+000  
 2.3123E+000   5.6539E-001  -1.6888E+000   1.6084E-001  -5.3978E-004  -7.3777E-003   1.1260E-001  -3.5104E-002  -1.0482E-001   1.4604E-001  -3.6014E-002  -6.1789E-002  -4.0186E-002  -4.7016E-002  -6.5173E-002  -3.4013E-003   1.8635E-002  -1.3189E-002  -3.0389E-003   4.3417E-001  -1.4439E-001  -8.5452E-003   9.0596E-001   2.5692E+000  
 2.7906E+000   4.2023E-001  -1.4634E+000   4.9974E-002   2.0249E-001   3.1816E-001   1.8522E-001  -5.1040E-002  -2.0950E-001   2.2509E-001  -1.0151E-001  -5.1833E-002  -2.8271E-002  -3.7187E-002  -6.3230E-002   7.2705E-003  -2.1885E-002  -9.3270E-003   4.4472E-005   4.5083E-001  -1.2779E-001  -2.8730E-002   8.8172E-001   2.5391E+000  
 2.6748E+000   2.3959E-001   1.6116E+000   6.8255E-002  -1.1054E-001   3.0493E-001  -1.4347E-001  -9.6998E-003   2.0962E-001   6.8714E-002  -8.8853E-002  -2.6594E-002  -1.4250E-002   7.4111E-003  -5.2103E-002   1.0216E-002   1.3408E-002  -7.1768E-002  -7.1489E-002  -4.5641E-001  -6.2794E-002  -6.5363E-003   8.8808E-001   2.5017E+000  
 2.1772E+000   3.0158E-001   1.7992E+000   1.6261E-001   1.2265E-002  -5.0464E-002  -8.8837E-002  -1.2108E-002   1.2843E-001   6.6155E-002  -2.9275E-002  -4.9843E-002   1.0603E-002   2.0126E-002  -6.8596E-002   2.8636E-003  -5.9219E-003  -3.4538E-002  -3.8528E-002  -4.4113E-001  -7.1777E-002  -1.4946E-002   9.1068E-001   2.6204E+000  
 1.6367E+000   3.5452E-001   1.7753E+000   1.8673E-001   7.9626E-002  -1.9358E-001  -4.7815E-002  -9.1575E-003   6.9909E-002   4.8018E-002   1.0892E-002  -4.8775E-002   1.9390E-002   2.2873E-002  -5.7013E-002  -2.3317E-003  -1.5329E-002  -1.6466E-002  -1.9484E-002  -3.8811E-001  -7.7587E-002  -1.9747E-002   9.2780E-001   2.6368E+000  
 1.1040E+000   3.9545E-001   1.5843E+000   1.7268E-001   1.0899E-001  -2.0490E-001  -2.4572E-002  -6.1327E-003   3.3127E-002   3.0289E-002   4.0780E-002  -3.9533E-002   2.1165E-002   2.0519E-002  -3.8580E-002  -5.7840E-003  -2.3217E-002  -7.3587E-003  -7.9249E-003  -3.1730E-001  -7.9442E-002  -1.8494E-002   9.4116E-001   2.5952E+000  
 6.3145E-001   4.2564E-001   1.2794E+000   1.3581E-001   1.0761E-001  -1.4393E-001  -9.5590E-003  -3.2371E-003   1.1380E-002   1.5622E-002   5.8159E-002  -2.3704E-002   1.7690E-002   1.5661E-002  -2.0794E-002  -6.9415E-003  -2.1201E-002  -3.5771E-003  -2.9842E-003  -2.3983E-001  -7.9999E-002  -2.1049E-002   9.5119E-001   2.5296E+000  
 2.6025E-001   4.4602E-001   8.9470E-001   9.5869E-002   8.4287E-002  -6.3619E-002  -2.9930E-003  -1.4874E-003   1.5258E-003   6.2084E-003   7.0013E-002  -9.4812E-003   1.2663E-002   1.0533E-002  -7.8703E-003  -7.6645E-003  -1.5398E-002  -1.2885E-003  -5.1148E-004  -1.6097E-001  -8.0408E-002  -2.3870E-002   9.5983E-001   2.4557E+000  
 2.2016E-002   4.5782E-001   4.5781E-001   6.6532E-002   4.5749E-002   1.2568E-006  -5.1238E-004  -5.0703E-004  -1.0160E-003   1.0225E-003   7.6461E-002   5.2335E-007   6.6159E-003   5.2512E-003   1.4930E-005  -8.1196E-003  -8.1293E-003  -1.5811E-004   1.7409E-004  -8.0516E-002  -8.0646E-002  -2.5424E-002   9.6552E-001   2.3685E+000  
-5.9186E-002   4.6164E-001  -1.8825E-005   5.5923E-002  -1.2348E-004   2.3566E-002  -5.6616E-006  -1.9844E-004  -3.3549E-005  -5.3661E-004   7.8503E-002   3.3142E-003   7.1763E-005  -1.0926E-005   2.6340E-003  -8.2718E-003  -6.1023E-006   1.1746E-004   2.3901E-005   6.4785E-005  -8.0687E-002  -2.5948E-002   9.6742E-001   2.3466E+000  
 2.2012E-002   4.5782E-001  -4.5785E-001   6.6522E-002  -4.5997E-002   3.0543E-006   5.0311E-004  -5.0938E-004   1.1614E-003   1.1550E-003   7.6454E-002   2.6377E-006  -6.4728E-003  -5.2569E-003   6.5071E-006  -8.1300E-003   8.1189E-003  -2.8527E-004  -2.7375E-004   8.0642E-002  -8.0530E-002  -2.5438E-002   9.6552E-001   2.3700E+000  
 2.6024E-001   4.4602E-001  -8.9473E-001   9.5847E-002  -8.4536E-002  -6.3604E-002   2.9862E-003  -1.4934E-003  -7.3503E-004   6.0484E-003   6.9997E-002  -9.4793E-003  -1.2524E-002  -1.0520E-002  -7.9568E-003  -7.6854E-003   1.5392E-002  -1.2418E-003  -2.8639E-005   1.6110E-001  -8.0171E-002  -2.3904E-002   9.5983E-001   2.4395E+000  
 6.3172E-001   4.2567E-001  -1.2797E+000   1.3528E-001  -1.0791E-001  -1.4411E-001   1.0149E-002  -3.3180E-003  -9.3139E-003   1.4183E-002   5.8725E-002  -2.3103E-002  -1.7367E-002  -1.5740E-002  -2.1125E-002  -6.8737E-003   2.0334E-002  -2.4894E-003   1.2586E-003   2.4003E-001  -7.9657E-002  -2.1770E-002   9.5118E-001   2.4919E+000  
 1.1036E+000   3.9544E-001  -1.5843E+000   1.7323E-001  -1.0926E-001  -2.0496E-001   2.4118E-002  -6.0223E-003  -2.9129E-002   2.5877E-002   3.9831E-002  -3.8797E-002  -2.0584E-002  -2.1084E-002  -3.9506E-002  -5.9017E-003   2.3604E-002  -3.9364E-003   4.6428E-003   3.1766E-001  -7.9076E-002  -1.7476E-002   9.4116E-001   2.5335E+000  
 1.6385E+000   3.5249E-001  -1.7686E+000   1.9507E-001  -8.3390E-002  -1.9867E-001   5.3409E-002  -1.1019E-002  -6.8581E-002   4.4809E-002   1.4789E-002  -5.6310E-002  -2.4286E-002  -2.5457E-002  -5.9831E-002  -6.3063E-003   2.8084E-002  -2.7277E-003   9.0769E-003   3.8958E-001  -7.7780E-002  -8.6102E-003   9.2819E-001   2.5817E+000  
 2.1802E+000   2.9534E-001  -1.7903E+000   1.7122E-001  -2.5790E-002  -6.0588E-002   9.6738E-002  -1.8755E-002  -1.3259E-001   7.4584E-002  -2.6216E-002  -6.2192E-002  -2.7806E-002  -2.8637E-002  -7.5277E-002  -6.6934E-003   1.6996E-002   3.9818E-003   1.8279E-002   4.4432E-001  -7.3970E-002  -9.8486E-003   9.1106E-001   2.5992E+000  
 2.6903E+000   2.1651E-001  -1.5873E+000   8.2952E-002   5.7394E-002   2.7200E-001   1.6898E-001  -3.4793E-002  -2.3528E-001   1.3252E-001  -8.3829E-002  -5.3117E-002  -3.7458E-002  -2.8910E-002  -6.5954E-002  -6.8443E-003  -1.0021E-002   2.5451E-002   3.0796E-002   4.6206E-001  -6.8497E-002  -2.0075E-002   8.8778E-001   2.5442E+000  
 2.6485E+000   1.3652E-002   1.6389E+000   8.4789E-002  -2.9494E-002   2.6639E-001  -1.5222E-001   1.5110E-002   2.3595E-001  -3.3258E-002  -8.1561E-002  -4.3508E-002  -3.0288E-002  -1.2142E-002  -6.2216E-002   1.2072E-002   9.8284E-003  -5.2150E-002  -5.4177E-002  -4.6316E-001   3.7558E-003  -1.3255E-002   8.8973E-001   2.5303E+000  
 2.1343E+000   4.0691E-003   1.8257E+000   1.7118E-001  -8.2099E-003  -7.8406E-002  -8.9816E-002   4.7405E-003   1.4178E-001  -4.4094E-003  -2.3687E-002  -5.9669E-002  -1.0755E-002  -4.9448E-003  -7.5410E-002   6.8200E-003  -1.3003E-002  -2.1170E-002  -3.0675E-002  -4.4628E-001   1.5813E-003  -1.2378E-002   9.1295E-001   2.6187E+000  
 1.5829E+000   4.8662E-004   1.7958E+000   1.9064E-001  -1.1669E-003  -2.1938E-001  -4.8347E-002   5.6901E-004   7.8305E-002   3.3961E-003   1.6153E-002  -5.6014E-002  -1.1032E-003  -1.5970E-003  -6.2424E-002   1.0683E-003  -2.2699E-002  -5.9819E-003  -1.6025E-002  -3.9067E-001   3.0104E-004  -1.4467E-002   9.2948E-001   2.6197E+000  
 1.0397E+000  -1.9524E-004   1.6020E+000   1.6888E-001  -2.7795E-004  -2.2833E-001  -2.2667E-002   2.8222E-004   3.8058E-002   2.7375E-003   4.3041E-002  -4.2474E-002   7.4672E-004  -4.4683E-004  -4.1659E-002  -4.4304E-004  -2.4008E-002  -2.2431E-003  -7.6898E-003  -3.1779E-001  -1.1696E-004  -1.8478E-002   9.4262E-001   2.5710E+000  
 5.5980E-001  -3.3096E-005   1.2920E+000   1.2851E-001  -1.3725E-004  -1.6754E-001  -8.7322E-003   5.8709E-005   1.5398E-002   1.0276E-003   6.0833E-002  -2.6722E-002   1.6937E-004  -1.1894E-004  -2.3608E-002  -7.1685E-005  -2.1235E-002  -7.2094E-004  -3.1619E-003  -2.4018E-001  -1.4141E-004  -2.1892E-002   9.5270E-001   2.5032E+000  
 1.8267E-001  -3.0642E-006   9.0261E-001   8.6610E-002  -1.1871E-004  -8.7167E-002  -2.3226E-003   2.8828E-006   4.4305E-003   2.9340E-004   7.2182E-002  -1.2794E-002   6.9097E-005  -2.3561E-005  -1.0537E-002   1.0926E-005  -1.5694E-002  -1.6846E-004  -9.2858E-004  -1.6123E-001  -1.1067E-004  -2.4395E-002   9.6170E-001   2.4278E+000  
-5.9186E-002  -5.5726E-006   4.6163E-001   5.5922E-002  -1.2374E-004  -2.3562E-002  -1.9834E-004   7.0640E-007   5.3551E-004   4.0185E-005   7.8503E-002  -3.3123E-003   7.1328E-005  -6.8516E-006  -2.6127E-003   4.8241E-006  -8.2710E-003  -7.8557E-006  -1.1490E-004  -8.0679E-002  -5.7436E-005  -2.5948E-002   9.6742E-001   2.3398E+000  
-1.4160E-001  -6.9452E-006  -1.4247E-005   4.4864E-002  -1.2394E-004   1.7630E-006   2.8131E-007  -2.3404E-007  -6.6738E-007  -1.3294E-007   8.0505E-002   9.5757E-007   7.2725E-005  -7.4092E-006   1.0106E-005  -1.2607E-007   9.2403E-007   1.7737E-006   1.4035E-006  -7.7247E-007   1.5161E-007  -2.6469E-002   9.6933E-001   2.2460E+000  
-5.9187E-002  -8.2395E-006  -4.6166E-001   5.5922E-002  -1.2391E-004  -2.3561E-002   1.9835E-004  -1.0694E-006  -5.3650E-004  -4.0419E-005   7.8503E-002  -3.3112E-003   7.1339E-005  -7.9740E-006  -2.6125E-003  -4.8995E-006   8.2722E-003   1.1455E-005   1.1803E-004   8.0677E-002   5.7364E-005  -2.5949E-002   9.6742E-001   2.3398E+000  
 1.8267E-001  -1.0744E-005  -9.0264E-001   8.6611E-002  -1.1931E-004  -8.7166E-002   2.3228E-003  -3.1304E-006  -4.4317E-003  -2.9372E-004   7.2182E-002  -1.2793E-002   6.8840E-005  -2.4861E-005  -1.0536E-002  -1.0880E-005   1.5696E-002   1.7189E-004   9.3128E-004   1.6123E-001   1.1069E-004  -2.4396E-002   9.6170E-001   2.4279E+000  
 5.5980E-001   1.9279E-005  -1.2920E+000   1.2851E-001  -1.3802E-004  -1.6753E-001   8.7329E-003  -5.8778E-005  -1.5400E-002  -1.0280E-003   6.0833E-002  -2.6722E-002   1.6907E-004  -1.2025E-004  -2.3607E-002   7.1939E-005   2.1237E-002   7.2424E-004   3.1639E-003   2.4018E-001   1.4189E-004  -2.1892E-002   9.5270E-001   2.5032E+000  
 1.0397E+000   1.8128E-004  -1.6020E+000   1.6888E-001  -2.7865E-004  -2.2833E-001   2.2668E-002  -2.8231E-004  -3.8059E-002  -2.7381E-003   4.3042E-002  -4.2473E-002   7.4671E-004  -4.4842E-004  -4.1657E-002   4.4326E-004   2.4009E-002   2.2460E-003   7.6921E-003   3.1779E-001   1.1723E-004  -1.8479E-002   9.4262E-001   2.5711E+000  
 1.5829E+000  -5.0070E-004  -1.7959E+000   1.9064E-001  -1.1679E-003  -2.1938E-001   4.8347E-002  -5.6899E-004  -7.8305E-002  -3.3972E-003   1.6154E-002  -5.6013E-002  -1.1034E-003  -1.5992E-003  -6.2424E-002  -1.0681E-003   2.2699E-002   5.9841E-003   1.6028E-002   3.9067E-001  -3.0135E-004  -1.4467E-002   9.2948E-001   2.6196E+000  
 2.1342E+000  -4.0837E-003  -1.8258E+000   1.7118E-001  -8.2117E-003  -7.8405E-002   8.9816E-002  -4.7407E-003  -1.4178E-001   4.4085E-003  -2.3684E-002  -5.9668E-002  -1.0756E-002  -4.9480E-003  -7.5410E-002  -6.8204E-003   1.3004E-002   2.1173E-002   3.0680E-002   4.4628E-001  -1.5827E-003  -1.2376E-002   9.1296E-001   2.6186E+000  
 2.6485E+000  -1.3668E-002  -1.6389E+000   8.4796E-002  -2.9497E-002   2.6639E-001   1.5222E-001  -1.5111E-002  -2.3595E-001   3.3260E-002  -8.1556E-002  -4.3510E-002  -3.0292E-002  -1.2145E-002  -6.2214E-002  -1.2074E-002  -9.8234E-003   5.2154E-002   5.4182E-002   4.6316E-001  -3.7575E-003  -1.3251E-002   8.8973E-001   2.5303E+000  
 2.6903E+000  -2.1653E-001   1.5873E+000   8.2942E-002   5.7399E-002   2.7200E-001  -1.6897E-001   3.4790E-002   2.3528E-001  -1.3252E-001  -8.3835E-002  -5.3114E-002  -3.7452E-002  -2.8906E-002  -6.5956E-002   6.8419E-003   1.0028E-002  -2.5445E-002  -3.0791E-002  -4.6206E-001   6.8495E-002  -2.0080E-002   8.8778E-001   2.5442E+000  
 2.1802E+000  -2.9535E-001   1.7902E+000   1.7122E-001  -2.5787E-002  -6.0589E-002  -9.6737E-002   1.8753E-002   1.3259E-001  -7.4584E-002  -2.6220E-002  -6.2193E-002  -2.7803E-002  -2.8632E-002  -7.5277E-002   6.6919E-003  -1.6994E-002  -3.9785E-003  -1.8274E-002  -4.4432E-001   7.3968E-002  -9.8515E-003   9.1105E-001   2.5992E+000  
 1.6385E+000  -3.5251E-001   1.7686E+000   1.9507E-001  -8.3388E-002  -1.9867E-001  -5.3408E-002   1.1018E-002   6.8582E-002  -4.4809E-002   1.4787E-002  -5.6310E-002  -2.4284E-002  -2.5454E-002  -5.9831E-002   6.3055E-003  -2.8082E-002   2.7306E-003  -9.0727E-003  -3.8958E-001   7.7780E-002  -8.6114E-003   9.2819E-001   2.5817E+000  
 1.1036E+000  -3.9545E-001   1.5842E+000   1.7323E-001  -1.0925E-001  -2.0496E-001  -2.4118E-002   6.0216E-003   2.9129E-002  -2.5877E-002   3.9830E-002  -3.8798E-002  -2.0583E-002  -2.1082E-002  -3.9506E-002   5.9016E-003  -2.3603E-002   3.9393E-003  -4.6399E-003  -3.1766E-001   7.9076E-002  -1.7476E-002   9.4116E-001   2.5335E+000  
 6.3172E-001  -4.2568E-001   1.2797E+000   1.3528E-001  -1.0791E-001  -1.4411E-001  -1.0149E-002   3.3176E-003   9.3124E-003  -1.4184E-002   5.8725E-002  -2.3103E-002  -1.7366E-002  -1.5739E-002  -2.1126E-002   6.8740E-003  -2.0332E-002   2.4925E-003  -1.2564E-003  -2.4003E-001   7.9657E-002  -2.1770E-002   9.5118E-001   2.4919E+000  
 2.6025E-001  -4.4603E-001   8.9470E-001   9.5846E-002  -8.4535E-002  -6.3604E-002  -2.9861E-003   1.4930E-003   7.3370E-004  -6.0488E-003   6.9997E-002  -9.4800E-003  -1.2523E-002  -1.0519E-002  -7.9571E-003   7.6855E-003  -1.5391E-002   1.2451E-003   3.1160E-005  -1.6110E-001   8.0171E-002  -2.3903E-002   9.5983E-001   2.4395E+000  
 2.2013E-002  -4.5783E-001   4.5782E-001   6.6522E-002  -4.5997E-002   2.5899E-006  -5.0311E-004   5.0900E-004  -1.1625E-003  -1.1553E-003   7.6455E-002   1.8397E-006  -6.4719E-003  -5.2557E-003   7.0881E-006   8.1300E-003  -8.1177E-003   2.8868E-004   2.7668E-004  -8.0644E-002   8.0530E-002  -2.5437E-002   9.6552E-001   2.3699E+000  
-5.9186E-002  -4.6165E-001  -9.6826E-006   5.5923E-002  -1.2284E-004   2.3566E-002   6.0810E-006   1.9805E-004   3.2082E-005   5.3630E-004   7.8503E-002   3.3142E-003   7.2692E-005  -1.0715E-005   2.6350E-003   8.2717E-003   7.7186E-006  -1.1397E-004  -2.1350E-005  -6.6598E-005   8.0688E-002  -2.5948E-002   9.6742E-001   2.3467E+000  
 2.2015E-002  -4.5783E-001  -4.5784E-001   6.6532E-002   4.5749E-002   2.3761E-006   5.1252E-004   5.0665E-004   1.0150E-003  -1.0229E-003   7.6460E-002   1.7457E-006   6.6167E-003   5.2504E-003   1.5975E-005   8.1194E-003   8.1307E-003   1.6154E-004  -1.7100E-004   8.0514E-002   8.0646E-002  -2.5424E-002   9.6552E-001   2.3685E+000  
 2.6025E-001  -4.4604E-001  -8.9473E-001   9.5869E-002   8.4287E-002  -6.3618E-002   2.9933E-003   1.4870E-003  -1.5267E-003  -6.2088E-003   7.0013E-002  -9.4798E-003   1.2664E-002   1.0531E-002  -7.8689E-003   7.6640E-003   1.5400E-002   1.2918E-003   5.1439E-004   1.6097E-001   8.0408E-002  -2.3870E-002   9.5983E-001   2.4557E+000  
 6.3144E-001  -4.2565E-001  -1.2794E+000   1.3581E-001   1.0761E-001  -1.4393E-001   9.5597E-003   3.2367E-003  -1.1381E-002  -1.5622E-002   5.8159E-002  -2.3703E-002   1.7690E-002   1.5659E-002  -2.0792E-002   6.9411E-003   2.1204E-002   3.5804E-003   2.9863E-003   2.3982E-001   7.9999E-002  -2.1049E-002   9.5119E-001   2.5295E+000  
 1.1040E+000  -3.9547E-001  -1.5843E+000   1.7268E-001   1.0899E-001  -2.0490E-001   2.4573E-002   6.1328E-003  -3.3128E-002  -3.0290E-002   4.0781E-002  -3.9533E-002   2.1165E-002   2.0517E-002  -3.8578E-002   5.7842E-003   2.3219E-002   7.3616E-003   7.9272E-003   3.1729E-001   7.9442E-002  -1.8494E-002   9.4116E-001   2.5952E+000  
 1.6367E+000  -3.5453E-001  -1.7753E+000   1.8673E-001   7.9626E-002  -1.9358E-001   4.7815E-002   9.1582E-003  -6.9909E-002  -4.8020E-002   1.0892E-002  -4.8775E-002   1.9391E-002   2.2872E-002  -5.7012E-002   2.3325E-003   1.5330E-002   1.6468E-002   1.9488E-002   3.8811E-001   7.7586E-002  -1.9748E-002   9.2780E-001   2.6367E+000  
 2.1772E+000  -3.0159E-001  -1.7992E+000   1.6261E-001   1.2264E-002  -5.0462E-002   8.8837E-002   1.2108E-002  -1.2843E-001  -6.6157E-002  -2.9274E-002  -4.9843E-002   1.0603E-002   2.0124E-002  -6.8595E-002  -2.8630E-003   5.9219E-003   3.4540E-002   3.8532E-002   4.4113E-001   7.1775E-002  -1.4946E-002   9.1069E-001   2.6204E+000  
 2.6748E+000  -2.3960E-001  -1.6117E+000   6.8259E-002  -1.1054E-001   3.0493E-001   1.4347E-001   9.6999E-003  -2.0962E-001  -6.8714E-002  -8.8850E-002  -2.6594E-002  -1.4252E-002   7.4085E-003  -5.2101E-002  -1.0216E-002  -1.3405E-002   7.1772E-002   7.1494E-002   4.5641E-001   6.2793E-002  -6.5342E-003   8.8808E-001   2.5017E+000  
 2.7906E+000  -4.2025E-001   1.4634E+000   4.9967E-002   2.0249E-001   3.1816E-001  -1.8522E-001   5.1037E-002   2.0950E-001  -2.2508E-001  -1.0151E-001  -5.1830E-002  -2.8266E-002  -3.7183E-002  -6.3233E-002  -7.2720E-003   2.1890E-002   9.3324E-003  -4.0413E-005  -4.5083E-001   1.2779E-001  -2.8732E-002   8.8172E-001   2.5391E+000  
 2.3123E+000  -5.6541E-001   1.6888E+000   1.6083E-001  -5.3491E-004  -7.3773E-003  -1.1260E-001   3.5101E-002   1.0482E-001  -1.4604E-001  -3.6018E-002  -6.1787E-002  -4.0182E-002  -4.7011E-002  -6.5174E-002   3.3990E-003  -1.8631E-002   1.3194E-002   3.0437E-003  -4.3417E-001   1.4439E-001  -8.5481E-003   9.0595E-001   2.5692E+000  
 1.7983E+000  -6.7948E-001   1.6945E+000   1.9356E-001  -1.2779E-001  -1.3775E-001  -6.1309E-002   2.2773E-002   4.1284E-002  -9.0381E-002   4.5526E-003  -4.8771E-002  -4.1832E-002  -4.6196E-002  -5.1900E-002   7.8647E-003  -2.5865E-002   1.4288E-002   2.5400E-003  -3.8517E-001   1.5223E-001  -8.1703E-003   9.2350E-001   2.5836E+000  
 1.2909E+000  -7.6570E-001   1.5297E+000   1.8295E-001  -1.8942E-001  -1.4174E-001  -2.9472E-002   1.4562E-002   5.8475E-003  -5.3002E-002   3.1405E-002  -2.9035E-002  -4.0018E-002  -4.1493E-002  -3.1971E-002   1.1277E-002  -2.1620E-002   1.0320E-002   9.9480E-004  -3.1678E-001   1.5815E-001  -1.6227E-002   9.3698E-001   2.5787E+000  
 8.4172E-001  -8.2802E-001   1.2412E+000   1.5429E-001  -1.9368E-001  -8.0620E-002  -1.3403E-002   8.5757E-003  -7.2708E-003  -2.7297E-002   5.0774E-002  -1.3466E-002  -3.3895E-002  -3.1178E-002  -1.3247E-002   1.3449E-002  -1.9288E-002   5.8120E-003   2.8303E-003  -2.3932E-001   1.5939E-001  -1.9871E-002   9.4680E-001   2.5394E+000  
 4.8765E-001  -8.7026E-001   8.7025E-001   1.2121E-001  -1.5426E-001   4.1465E-006  -5.0108E-003   5.0193E-003  -9.7121E-003  -9.7028E-003   6.3008E-002   3.8666E-006  -2.4219E-002  -2.0983E-002  -6.1270E-006   1.4612E-002  -1.4595E-002   2.3354E-003   2.3197E-003  -1.6057E-001   1.6035E-001  -2.2253E-002   9.5427E-001   2.4893E+000  
 2.6025E-001  -8.9472E-001   4.4602E-001   9.5848E-002  -8.4534E-002   6.3611E-002  -1.4822E-003   2.9888E-003  -6.0605E-003   7.3885E-004   6.9998E-002   9.4854E-003  -1.2522E-002  -1.0530E-002   7.9614E-003   1.5399E-002  -7.6644E-003   4.0496E-005   1.2254E-003  -8.0406E-002   1.6100E-001  -2.3901E-002   9.5983E-001   2.4358E+000  
 1.8267E-001  -9.0263E-001  -7.1705E-006   8.6612E-002  -1.1778E-004   8.7172E-002   9.7488E-006   2.3205E-003   2.7960E-004   4.4303E-003   7.2184E-002   1.2798E-002   7.0793E-005  -3.8922E-005   1.0558E-002   1.5693E-002   1.1373E-005  -9.2839E-004  -1.9206E-004  -1.3494E-004   1.6125E-001  -2.4393E-002   9.6170E-001   2.4365E+000  
 2.6025E-001  -8.9472E-001  -4.4604E-001   9.5869E-002   8.4288E-002   6.3624E-002   1.4988E-003   2.9875E-003   6.1961E-003   1.5180E-003   7.0013E-002   9.4848E-003   1.2665E-002   1.0520E-002   7.9066E-003   1.5390E-002   7.6853E-003  -5.2472E-004  -1.3114E-003   8.0154E-002   1.6111E-001  -2.3870E-002   9.5983E-001   2.4530E+000  
 4.8778E-001  -8.7036E-001  -8.7036E-001   1.2104E-001   1.5407E-001   2.8180E-006   5.1935E-003   5.1824E-003   8.5044E-003  -8.5155E-003   6.3300E-002   2.3520E-006   2.4145E-002   2.1160E-002   2.6523E-005   1.4342E-002   1.4362E-002   1.3909E-003  -1.4092E-003   1.6034E-001   1.6060E-001  -2.2493E-002   9.5426E-001   2.4668E+000  
 8.4186E-001  -8.2843E-001  -1.2411E+000   1.5413E-001   1.9369E-001  -8.0354E-002   1.3325E-002   9.2551E-003   3.3586E-003  -2.6560E-002   5.1061E-002  -1.4377E-002   3.3180E-002   3.1583E-002  -1.2786E-002   1.2404E-002   1.9456E-002   5.0793E-003   6.9855E-004   2.3903E-001   1.5986E-001  -2.0013E-002   9.4680E-001   2.5411E+000  
 1.2912E+000  -7.6611E-001  -1.5296E+000   1.8261E-001   1.8935E-001  -1.4162E-001   2.9707E-002   1.5068E-002  -1.3459E-002  -5.4351E-002   3.2078E-002  -3.0360E-002   3.9453E-002   4.1961E-002  -3.0390E-002   1.0355E-002   2.1590E-002   1.1185E-002   4.8952E-003   3.1626E-001   1.5885E-001  -1.6767E-002   9.3698E-001   2.6086E+000  
 1.7961E+000  -6.8008E-001  -1.7026E+000   1.8482E-001   1.2632E-001  -1.2891E-001   5.3916E-002   2.3281E-002  -4.1533E-002  -9.0579E-002   3.2397E-004  -3.6546E-002   3.9437E-002   4.6094E-002  -4.6246E-002   6.9417E-003   1.1317E-002   2.3883E-002   1.9885E-002   3.8269E-001   1.5367E-001  -1.8741E-002   9.2308E-001   2.6364E+000  
 2.3034E+000  -5.6866E-001  -1.7107E+000   1.4226E-001  -9.9609E-003   2.0103E-002   9.1043E-002   3.2856E-002  -8.6723E-002  -1.3114E-001  -4.4899E-002  -2.9186E-002   2.8265E-002   4.3140E-002  -5.1496E-002   1.0353E-003  -5.4000E-003   4.8365E-002   4.5670E-002   4.2832E-001   1.4530E-001  -1.6461E-002   9.0537E-001   2.5946E+000  
 2.7711E+000  -4.2555E-001  -1.4940E+000   4.1019E-002  -2.3082E-001   3.7768E-001   1.5154E-001   4.5316E-002  -1.5233E-001  -1.7526E-001  -1.0114E-001  -6.9301E-003   8.5548E-003   2.4353E-002  -3.6890E-002  -2.7679E-003  -1.3407E-002   8.2758E-002   8.3363E-002   4.4178E-001   1.2696E-001   1.5058E-003   8.8267E-001   2.4648E+000  
 3.1295E+000  -4.9156E-001   9.6577E-001   1.7675E-001   3.1450E-001   1.0014E-001  -4.3352E-001   1.1986E-001   3.8478E-001  -5.0065E-001  -7.3842E-002  -2.0993E-001  -8.3164E-002   1.0665E-001   1.5887E-001  -1.1934E-002  -9.2264E-003  -2.8828E-002   1.3083E-001  -2.4357E-001   1.2560E-001  -3.8510E-002   8.3175E-001   2.4916E+000  
 2.5081E+000  -7.7433E-001   1.5285E+000   1.2252E-001   1.1745E-001   6.3749E-002  -1.2756E-001   5.1998E-002   5.8117E-002  -2.0564E-001  -6.0821E-002  -5.3000E-002  -3.4462E-002  -5.2855E-002  -5.0952E-002  -7.8640E-003  -6.5824E-003   3.8347E-002   3.2874E-002  -4.1598E-001   2.0382E-001  -1.3209E-002   8.9702E-001   2.5463E+000  
 2.0429E+000  -9.4634E-001   1.5712E+000   1.7844E-001  -9.7405E-002  -5.9930E-002  -7.2114E-002   3.8255E-002  -3.1837E-003  -1.2930E-001  -1.5790E-002  -3.6436E-002  -4.8521E-002  -6.2132E-002  -3.7723E-002   2.9006E-003  -1.6470E-002   2.8202E-002   2.0476E-002  -3.7597E-001   2.2313E-001  -1.2423E-002   9.1570E-001   2.6030E+000  
 1.5802E+000  -1.0789E+000   1.4375E+000   1.8813E-001  -2.0921E-001  -6.1542E-002  -3.7452E-002   2.7622E-002  -3.0776E-002  -7.3464E-002   1.5098E-002  -1.5442E-002  -5.1339E-002  -5.8386E-002  -1.8915E-002   1.0966E-002  -1.5416E-002   1.8186E-002   1.1372E-002  -3.1286E-001   2.3342E-001  -1.7945E-002   9.2956E-001   2.6151E+000  
 1.1684E+000  -1.1750E+000   1.1750E+000   1.7637E-001  -2.3494E-001   6.4519E-006  -1.9697E-002   1.9711E-002  -3.4889E-002  -3.4873E-002   3.7854E-002   5.8233E-006  -4.6739E-002  -4.6309E-002  -2.6312E-005   1.7025E-002  -1.7003E-002   8.4502E-003   8.4287E-003  -2.3807E-001   2.3773E-001  -1.8082E-002   9.3979E-001   2.5853E+000  
 8.4172E-001  -1.2412E+000   8.2802E-001   1.5429E-001  -1.9368E-001   8.0629E-002  -8.5646E-003   1.3411E-002  -2.7314E-002  -7.2617E-003   5.0777E-002   1.3476E-002  -3.3895E-002  -3.1196E-002   1.3217E-002   1.9303E-002  -1.3425E-002   2.8470E-003   5.7910E-003  -1.5973E-001   2.3910E-001  -1.9872E-002   9.4680E-001   2.5333E+000  
 6.3172E-001  -1.2797E+000   4.2568E-001   1.3528E-001  -1.0791E-001   1.4412E-001  -3.3023E-003   1.0151E-002  -1.4201E-002   9.3160E-003   5.8726E-002   2.3109E-002  -1.7363E-002  -1.5769E-002   2.1120E-002   2.0339E-002  -6.8464E-003  -1.2481E-003   2.4657E-003  -8.0011E-002   2.3993E-001  -2.1767E-002   9.5118E-001   2.4935E+000  
 5.5980E-001  -1.2920E+000   2.8115E-005   1.2851E-001  -1.3587E-004   1.6754E-001  -4.0318E-005   8.7304E-003   1.0124E-003   1.5396E-002   6.0835E-002   2.6725E-002   1.7293E-004  -1.5509E-004   2.3625E-002   2.1233E-002   1.0406E-004  -3.1622E-003  -7.4982E-004  -2.2364E-004   2.4021E-001  -2.1890E-002   9.5270E-001   2.5110E+000  
 6.3145E-001  -1.2794E+000  -4.2565E-001   1.3581E-001   1.0762E-001   1.4394E-001   3.2557E-003   9.5527E-003   1.5609E-002   1.1372E-002   5.8159E-002   2.3705E-002   1.7693E-002   1.5626E-002   2.0837E-002   2.1191E-002   6.9735E-003  -2.9938E-003  -3.6054E-003   7.9624E-002   2.3997E-001  -2.1049E-002   9.5119E-001   2.5320E+000  
 8.4186E-001  -1.2411E+000  -8.2843E-001   1.5413E-001   1.9370E-001   8.0357E-002   9.2699E-003   1.3312E-002   2.6547E-002  -3.3692E-003   5.1058E-002   1.4379E-002   3.3182E-002   3.1561E-002   1.2855E-002   1.9438E-002   1.2431E-002  -7.1745E-004  -5.1043E-003   1.5948E-001   2.3930E-001  -2.0013E-002   9.4680E-001   2.5399E+000  
 1.1680E+000  -1.1750E+000  -1.1750E+000   1.7701E-001   2.3483E-001   1.6432E-007   1.9461E-002   1.9444E-002   3.0244E-002  -3.0256E-002   3.7071E-002   1.2472E-006   4.5803E-002   4.7518E-002   4.5511E-005   1.7183E-002   1.7206E-002   4.6208E-003  -4.6489E-003   2.3788E-001   2.3828E-001  -1.6891E-002   9.3979E-001   2.5497E+000  
 1.5813E+000  -1.0762E+000  -1.4347E+000   1.9309E-001   2.1262E-001  -6.1263E-002   3.9686E-002   3.0253E-002   2.4311E-002  -7.2719E-002   1.7446E-002  -1.5861E-002   5.6242E-002   6.1196E-002  -1.7059E-002   1.6285E-002   2.0927E-002   1.1700E-002   1.0274E-004   3.1262E-001   2.3513E-001  -1.1018E-002   9.2978E-001   2.6093E+000  
 2.0428E+000  -9.4055E-001  -1.5750E+000   1.7822E-001   1.0420E-001  -4.7704E-002   6.7601E-002   4.5469E-002   9.6279E-003  -1.2857E-001  -1.6074E-002  -2.0204E-002   5.7518E-002   6.7002E-002  -3.0446E-002   1.2835E-002   9.9133E-003   2.7188E-002   1.7643E-002   3.7410E-001   2.2683E-001  -1.2695E-002   9.1569E-001   2.6242E+000  
 2.5023E+000  -7.6344E-001  -1.5476E+000   1.1379E-001  -1.0762E-001   1.0530E-001   1.0721E-001   6.5431E-002  -1.5042E-002  -1.9701E-001  -6.4732E-002  -7.6626E-003   4.6686E-002   5.8357E-002  -3.1806E-002   6.1735E-003  -1.0035E-002   5.3207E-002   4.9663E-002   4.1023E-001   2.0941E-001  -1.2632E-002   8.9691E-001   2.5617E+000  
 2.7239E+000  -6.0418E-001  -1.5909E+000  -2.0818E-001  -5.7899E-001   7.5101E-001  -6.3740E-002   3.8730E-002   1.6782E-001  -8.3196E-002  -1.8484E-001   1.8661E-001  -5.8324E-002  -1.0471E-001   1.9932E-001  -1.3641E-002  -6.8935E-002   1.6880E-001   1.8312E-001   2.3261E-001   1.3149E-001   9.7639E-003   8.3269E-001   2.4813E+000  
 3.3587E+000  -2.4528E+000  -4.9922E-001  -2.5008E-002   2.6012E+000  -3.1550E+000  -7.5210E-001  -6.5880E-001   4.3284E+000  -5.5292E-001  -1.8307E-001  -8.9727E-001   4.9679E-001   2.7836E+000   1.6774E+000  -9.5811E-002   3.4325E-002   8.0257E-002   5.5047E-001   1.1770E+000  -6.5706E-001  -1.8346E-002   4.1949E-001   2.1201E+000  
 2.7449E+000  -8.8368E-001   1.2993E+000   5.3296E-002   3.6715E-001   1.1786E-001  -1.4424E-001   7.6584E-002  -9.8562E-003  -2.5027E-001  -9.6914E-002  -3.9770E-002  -1.3362E-002  -4.3972E-002  -3.1380E-002  -1.7544E-002   6.8733E-003   6.8646E-002   6.8825E-002  -3.8697E-001   2.5266E-001  -8.9505E-003   8.8451E-001   2.4750E+000  
 2.3447E+000  -1.1202E+000   1.3950E+000   1.3826E-001   4.5354E-002   1.4296E-003  -8.3298E-002   6.0344E-002  -6.5207E-002  -1.5147E-001  -4.8423E-002  -1.9296E-002  -3.8384E-002  -6.4696E-002  -2.0293E-002  -6.4254E-003  -8.1337E-004   4.9654E-002   4.5898E-002  -3.5717E-001   2.8150E-001  -1.4782E-002   9.0383E-001   2.5680E+000  
 1.9433E+000  -1.3022E+000   1.3022E+000   1.7916E-001  -1.4152E-001  -2.0252E-006  -4.8982E-002   4.8979E-002  -8.2224E-002  -8.2217E-002  -1.0284E-002   3.4078E-006  -5.3042E-002  -6.8693E-002  -4.9099E-005   7.1413E-003  -7.1205E-003   2.7723E-002   2.7725E-002  -3.0243E-001   3.0198E-001  -1.8080E-002   9.1874E-001   2.6191E+000  
 1.5802E+000  -1.4375E+000   1.0789E+000   1.8814E-001  -2.0922E-001   6.1553E-002  -2.7609E-002   3.7461E-002  -7.3492E-002  -3.0770E-002   1.5095E-002   1.5458E-002  -5.1347E-002  -5.8427E-002   1.8836E-002   1.5450E-002  -1.0950E-002   1.1375E-002   1.8153E-002  -2.3389E-001   3.1255E-001  -1.7925E-002   9.2957E-001   2.6127E+000  
 1.2909E+000  -1.5297E+000   7.6570E-001   1.8295E-001  -1.8942E-001   1.4174E-001  -1.4549E-002   2.9479E-002  -5.3024E-002   5.8567E-003   3.1411E-002   2.9052E-002  -4.0016E-002  -4.1538E-002   3.1922E-002   2.1636E-002  -1.1246E-002   1.0085E-003   1.0298E-002  -1.5861E-001   3.1658E-001  -1.6224E-002   9.3698E-001   2.5698E+000  
 1.1036E+000  -1.5842E+000   3.9544E-001   1.7324E-001  -1.0925E-001   2.0497E-001  -5.9970E-003   2.4121E-002  -2.5898E-002   2.9128E-002   3.9829E-002   3.8804E-002  -2.0585E-002  -2.1139E-002   3.9489E-002   2.3614E-002  -5.8774E-003  -4.6294E-003   3.9139E-003  -7.9548E-002   3.1757E-001  -1.7467E-002   9.4116E-001   2.5455E+000  
 1.0397E+000  -1.6020E+000   1.9347E-004   1.6888E-001  -2.7475E-004   2.2834E-001  -2.6218E-004   2.2666E-002   2.7198E-003   3.8051E-002   4.3042E-002   4.2477E-002   7.5487E-004  -5.1042E-004   4.1672E-002   2.4008E-002   4.8150E-004  -7.6899E-003  -2.2759E-003  -3.6722E-004   3.1782E-001  -1.8474E-002   9.4262E-001   2.5745E+000  
 1.1040E+000  -1.5843E+000  -3.9546E-001   1.7268E-001   1.0900E-001   2.0490E-001   6.1584E-003   2.4566E-002   3.0275E-002   3.3118E-002   4.0783E-002   3.9536E-002   2.1164E-002   2.0455E-002   3.8627E-002   2.3203E-002   5.8115E-003  -7.9345E-003  -7.3887E-003   7.8946E-002   3.1745E-001  -1.8498E-002   9.4116E-001   2.5983E+000  
 1.2912E+000  -1.5296E+000  -7.6610E-001   1.8260E-001   1.8936E-001   1.4162E-001   1.5087E-002   2.9696E-002   5.4340E-002   1.3445E-002   3.2076E-002   3.0354E-002   3.9457E-002   4.1911E-002   3.0471E-002   2.1566E-002   1.0390E-002  -4.9092E-003  -1.1213E-002   1.5835E-001   3.1653E-001  -1.6770E-002   9.3698E-001   2.6101E+000  
 1.5813E+000  -1.4347E+000  -1.0762E+000   1.9307E-001   2.1261E-001   6.1263E-002   3.0267E-002   3.9669E-002   7.2700E-002  -2.4315E-002   1.7446E-002   1.5854E-002   5.6229E-002   6.1188E-002   1.7165E-002   2.0878E-002   1.6298E-002  -1.1322E-004  -1.1749E-002   2.3465E-001   3.1302E-001  -1.1049E-002   9.2979E-001   2.6032E+000  
 1.9458E+000  -1.2960E+000  -1.2960E+000   1.8865E-001   1.5142E-001   3.6393E-007   5.4370E-002   5.4361E-002   8.2550E-002  -8.2561E-002  -6.2656E-003  -8.8580E-006   6.6764E-002   7.5905E-002   6.0134E-005   1.7324E-002   1.7360E-002   7.4076E-003  -7.4396E-003   3.0400E-001   3.0447E-001  -7.9231E-003   9.1920E-001   2.5929E+000  
 2.3527E+000  -1.1026E+000  -1.3860E+000   1.5308E-001  -1.7170E-002   1.2628E-002   9.1609E-002   7.9330E-002   8.7925E-002  -1.6406E-001  -4.1081E-002  -5.4819E-003   7.0729E-002   7.8496E-002  -1.3585E-002   1.2940E-002   7.5548E-003   2.0840E-002   1.1528E-002   3.5797E-001   2.8794E-001  -1.0393E-002   9.0424E-001   2.5998E+000  
 2.7524E+000  -8.5221E-001  -1.3060E+000   5.8085E-002  -3.2000E-001   1.6889E-001   1.3719E-001   1.1085E-001   8.9914E-002  -2.6229E-001  -9.5926E-002   1.1241E-002   5.4899E-002   6.3683E-002  -1.1381E-002  -6.8335E-004  -2.0340E-002   4.9294E-002   4.5771E-002   3.8478E-001   2.6183E-001  -1.8439E-002   8.8422E-001   2.5276E+000  
 2.6606E+000   1.1922E+000  -2.7066E+000  -3.6861E-001   7.9481E-001   4.2208E+000  -4.7444E-001   8.1732E-001   4.3199E+000  -9.1394E-002  -2.2093E-001   9.5556E-001   3.9764E-001  -2.7411E+000   1.7551E+000   1.0369E-002  -1.1499E-001   1.2018E-001   5.5311E-001  -1.1856E+000  -6.4343E-001  -1.6988E-002   4.1945E-001   2.2124E+000  
 2.3447E+000  -1.3951E+000   1.1202E+000   1.3821E-001   4.5402E-002  -1.4379E-003  -6.0310E-002   8.3274E-002  -1.5143E-001  -6.5185E-002  -4.8437E-002   1.9289E-002  -3.8323E-002  -6.4708E-002   2.0195E-002   7.8425E-004   6.4865E-003   4.5920E-002   4.9716E-002  -2.8207E-001   3.5676E-001  -1.4812E-002   9.0390E-001   2.5667E+000  
 2.0429E+000  -1.5712E+000   9.4635E-001   1.7843E-001  -9.7378E-002   5.9960E-002  -3.8208E-002   7.2128E-002  -1.2931E-001  -3.1492E-003  -1.5796E-002   3.6464E-002  -4.8486E-002  -6.2178E-002   3.7629E-002   1.6476E-002  -2.8482E-003   2.0525E-002   2.8202E-002  -2.2370E-001   3.7568E-001  -1.2433E-002   9.1576E-001   2.5980E+000  
 1.7983E+000  -1.6945E+000   6.7948E-001   1.9356E-001  -1.2778E-001   1.3776E-001  -2.2759E-002   6.1329E-002  -9.0392E-002   4.1290E-002   4.5716E-003   4.8786E-002  -4.1820E-002  -4.6266E-002   5.1860E-002   2.5880E-002  -7.8308E-003   2.5557E-003   1.4285E-002  -1.5278E-001   3.8501E-001  -8.1640E-003   9.2352E-001   2.5732E+000  
 1.6385E+000  -1.7686E+000   3.5251E-001   1.9507E-001  -8.3374E-002   1.9868E-001  -1.0989E-002   5.3397E-002  -4.4820E-002   6.8584E-002   1.4773E-002   5.6315E-002  -2.4265E-002  -2.5525E-002   5.9807E-002   2.8084E-002  -6.2627E-003  -9.0482E-003   2.7154E-003  -7.8335E-002   3.8949E-001  -8.6097E-003   9.2817E-001   2.5919E+000  
 1.5829E+000  -1.7958E+000  -4.9379E-004   1.9064E-001  -1.1683E-003   2.1939E-001  -5.4777E-004   4.8348E-002   3.3659E-003   7.8298E-002   1.6156E-002   5.6023E-002  -1.1070E-003  -1.6927E-003   6.2414E-002   2.2705E-002  -1.0438E-003  -1.6018E-002  -6.0327E-003  -8.9879E-004   3.9068E-001  -1.4457E-002   9.2947E-001   2.6222E+000  
 1.6367E+000  -1.7753E+000  -3.5452E-001   1.8673E-001   7.9637E-002   1.9359E-001   9.1847E-003   4.7825E-002   4.8013E-002   6.9893E-002   1.0908E-002   4.8785E-002   1.9406E-002   2.2759E-002   5.7065E-002   1.5331E-002   2.3719E-003  -1.9500E-002  -1.6493E-002   7.6951E-002   3.8826E-001  -1.9741E-002   9.2779E-001   2.6387E+000  
 1.7961E+000  -1.7026E+000  -6.8008E-001   1.8481E-001   1.2631E-001   1.2890E-001   2.3292E-002   5.3884E-002   9.0569E-002   4.1522E-002   3.0108E-004   3.6536E-002   3.9430E-002   4.6012E-002   4.6351E-002   1.1283E-002   6.9662E-003  -1.9892E-002  -2.3917E-002   1.5304E-001   3.8299E-001  -1.8758E-002   9.2310E-001   2.6393E+000  
 2.0428E+000  -1.5750E+000  -9.4054E-001   1.7821E-001   1.0421E-001   4.7675E-002   4.5516E-002   6.7570E-002   1.2856E-001  -9.6671E-003  -1.6074E-002   2.0171E-002   5.7534E-002   6.6938E-002   3.0556E-002   9.8784E-003   1.2881E-002  -1.7700E-002  -2.7233E-002   2.2625E-001   3.7451E-001  -1.2701E-002   9.1575E-001   2.6216E+000  
 2.3527E+000  -1.3860E+000  -1.1026E+000   1.5310E-001  -1.7146E-002  -1.2648E-002   7.9366E-002   9.1594E-002   1.6406E-001  -8.7965E-002  -4.1081E-002   5.4492E-003   7.0761E-002   7.8459E-002   1.3710E-002   7.5398E-003   1.3004E-002  -1.1595E-002  -2.0864E-002   2.8742E-001   3.5845E-001  -1.0375E-002   9.0431E-001   2.5930E+000  
 2.7449E+000  -1.2993E+000   8.8367E-001   5.3349E-002   3.6720E-001  -1.1783E-001  -7.6576E-002   1.4428E-001  -2.5022E-001  -9.7740E-003  -9.6860E-002   3.9807E-002  -1.3351E-002  -4.3885E-002   3.1271E-002  -6.7938E-003   1.7518E-002   6.8910E-002   6.8736E-002  -2.5317E-001   3.8653E-001  -8.8825E-003   8.8457E-001   2.4721E+000  
 2.5081E+000  -1.5285E+000   7.7433E-001   1.2254E-001   1.1746E-001  -6.3714E-002  -5.1967E-002   1.2758E-001  -2.0566E-001   5.8152E-002  -6.0826E-002   5.3036E-002  -3.4451E-002  -5.2920E-002   5.0832E-002   6.6162E-003   7.8858E-003   3.2933E-002   3.8333E-002  -2.0445E-001   4.1571E-001  -1.3195E-002   8.9711E-001   2.5421E+000  
 2.3123E+000  -1.6888E+000   5.6541E-001   1.6083E-001  -5.2519E-004   7.3863E-003  -3.5087E-002   1.1259E-001  -1.4605E-001   1.0483E-001  -3.6028E-002   6.1804E-002  -4.0163E-002  -4.7100E-002   6.5117E-002   1.8643E-002  -3.3630E-003   3.0656E-003   1.3175E-002  -1.4499E-001   4.3402E-001  -8.5448E-003   9.0599E-001   2.5760E+000  
 2.1803E+000  -1.7902E+000   2.9535E-001   1.7124E-001  -2.5782E-002   6.0614E-002  -1.8737E-002   9.6762E-002  -7.4605E-002   1.3261E-001  -2.6198E-002   6.2228E-002  -2.7793E-002  -2.8729E-002   7.5230E-002   1.7029E-002  -6.6588E-003  -1.8246E-002  -4.0023E-003  -7.4597E-002   4.4421E-001  -9.8303E-003   9.1101E-001   2.6070E+000  
 2.1342E+000  -1.8257E+000  -4.0591E-003   1.7119E-001  -8.1658E-003   7.8420E-002  -4.6808E-003   8.9821E-002  -4.3872E-003   1.4178E-001  -2.3683E-002   5.9685E-002  -1.0710E-002  -5.0624E-003   7.5434E-002   1.3011E-002  -6.7689E-003  -3.0651E-002  -2.1150E-002  -2.2629E-003   4.4628E-001  -1.2371E-002   9.1289E-001   2.6218E+000  
 2.1772E+000  -1.7992E+000  -3.0159E-001   1.6260E-001   1.2254E-002   5.0469E-002   1.2115E-002   8.8822E-002   6.6129E-002   1.2842E-001  -2.9291E-002   4.9844E-002   1.0593E-002   1.9999E-002   6.8626E-002   5.9008E-003  -2.8435E-003  -3.8506E-002  -3.4594E-002   7.1049E-002   4.4125E-001  -1.4957E-002   9.1065E-001   2.6192E+000  
 2.3035E+000  -1.7107E+000  -5.6867E-001   1.4225E-001  -9.9901E-003  -2.0093E-002   3.2848E-002   9.1040E-002   1.3110E-001   8.6726E-002  -4.4891E-002   2.9189E-002   2.8235E-002   4.3042E-002   5.1577E-002  -5.4183E-003   1.0460E-003  -4.5647E-002  -4.8457E-002   1.4457E-001   4.2861E-001  -1.6464E-002   9.0541E-001   2.5975E+000  
 2.5023E+000  -1.5476E+000  -7.6347E-001   1.1373E-001  -1.0768E-001  -1.0535E-001   6.5431E-002   1.0714E-001   1.9692E-001   1.5018E-002  -6.4742E-002   7.6164E-003   4.6623E-002   5.8295E-002   3.1857E-002  -1.0096E-002   6.1710E-003  -4.9700E-002  -5.3344E-002   2.0878E-001   4.1059E-001  -1.2643E-002   8.9700E-001   2.5606E+000  
 2.7523E+000  -1.3061E+000  -8.5223E-001   5.8010E-002  -3.2002E-001  -1.6898E-001   1.1085E-001   1.3709E-001   2.6223E-001  -9.0023E-002  -9.5985E-002  -1.1332E-002   5.4859E-002   6.3525E-002   1.1441E-002  -2.0428E-002  -6.9080E-004  -4.5893E-002  -4.9365E-002   2.6116E-001   3.8513E-001  -1.8471E-002   8.8427E-001   2.5241E+000  
 3.3426E+000   4.8120E-001   2.4666E+000  -3.2623E-002   2.6201E+000   3.1491E+000   6.6475E-001   7.4710E-001  -5.3886E-001   4.3316E+000  -1.8385E-001   8.9811E-001   5.0167E-001   2.7886E+000  -1.6707E+000  -3.4215E-002   9.6679E-002   5.5213E-001   8.1532E-002   6.5947E-001  -1.1751E+000  -1.8364E-002   4.2021E-001   2.1131E+000  
 3.1291E+000  -9.6630E-001   4.9183E-001   1.7622E-001   3.1490E-001  -1.0035E-001  -1.1959E-001   4.3301E-001  -5.0037E-001   3.8486E-001  -7.4177E-002   2.0968E-001  -8.2800E-002   1.0674E-001  -1.5900E-001   8.8148E-003   1.2125E-002   1.3088E-001  -2.8708E-002  -1.2617E-001   2.4309E-001  -3.8677E-002   8.3168E-001   2.4781E+000  
 2.7906E+000  -1.4634E+000   4.2024E-001   4.9987E-002   2.0247E-001  -3.1814E-001  -5.1024E-002   1.8524E-001  -2.2515E-001   2.0949E-001  -1.0151E-001   5.1862E-002  -2.8263E-002  -3.7385E-002   6.3082E-002  -2.1867E-002   7.3218E-003  -4.4051E-005   9.2706E-003  -1.2857E-001   4.5061E-001  -2.8739E-002   8.8172E-001   2.5472E+000  
 2.6903E+000  -1.5872E+000   2.1652E-001   8.3004E-002   5.7415E-002  -2.7198E-001  -3.4780E-002   1.6904E-001  -1.3250E-001   2.3526E-001  -8.3764E-002   5.3154E-002  -3.7443E-002  -2.9092E-002   6.5964E-002  -9.9448E-003  -6.8305E-003  -3.0817E-002  -2.5422E-002  -6.9233E-002   4.6201E-001  -2.0014E-002   8.8773E-001   2.5500E+000  
 2.6486E+000  -1.6389E+000  -1.3622E-002   8.4805E-002  -2.9401E-002  -2.6635E-001  -1.5035E-002   1.5225E-001  -3.3155E-002   2.3600E-001  -8.1555E-002   4.3551E-002  -3.0197E-002  -1.2242E-002   6.2334E-002  -9.8214E-003  -1.2016E-002  -5.4108E-002  -5.2046E-002  -4.4654E-003   4.6323E-001  -1.3263E-002   8.8964E-001   2.5331E+000  
 2.6748E+000  -1.6117E+000  -2.3963E-001   6.8213E-002  -1.1058E-001  -3.0486E-001   9.6801E-003   1.4344E-001   6.8678E-002   2.0972E-001  -8.8917E-002   2.6631E-002  -1.4297E-002   7.4109E-003   5.2159E-002  -1.3482E-002  -1.0230E-002  -7.1329E-002  -7.1818E-002   6.2126E-002   4.5656E-001  -6.6169E-003   8.8802E-001   2.5015E+000  
 2.7711E+000  -1.4940E+000  -4.2560E-001   4.0994E-002  -2.3094E-001  -3.7765E-001   4.5275E-002   1.5152E-001   1.7509E-001   1.5243E-001  -1.0114E-001   6.9571E-003   8.4604E-003   2.4409E-002   3.6834E-002  -1.3421E-002  -2.7514E-003  -8.3239E-002  -8.2956E-002   1.2638E-001   4.4196E-001   1.5186E-003   8.8267E-001   2.4671E+000  
 2.7236E+000  -1.5912E+000  -6.0447E-001  -2.0827E-001  -5.7961E-001  -7.5124E-001   3.8544E-002  -6.3900E-002   8.2397E-002  -1.6778E-001  -1.8468E-001  -1.8659E-001  -5.8575E-002  -1.0447E-001  -2.0001E-001  -6.8608E-002  -1.3525E-002  -1.8307E-001  -1.6924E-001   1.3128E-001   2.3240E-001   1.0017E-002   8.3262E-001   2.4701E+000  
 2.6400E+000  -2.7330E+000   1.1803E+000  -3.7951E-001   7.7622E-001  -4.2366E+000   8.1427E-001  -4.8501E-001   7.4758E-002  -4.3231E+000  -2.2226E-001  -9.6106E-001   3.9441E-001  -2.7373E+000  -1.7635E+000  -1.1595E-001   1.0750E-002  -5.5476E-001  -1.2201E-001  -6.4049E-001  -1.1867E+000  -1.6989E-002   4.2015E-001   2.2046E+000  
