-8.5940E+000   1.5256E+001   8.7888E+000  -6.0429E+000  -1.2846E+001  -7.4479E+000   2.7623E+000   4.7836E+000   9.5033E+000   1.3894E-002  -8.6671E-001  -1.5079E+000  -2.6127E+000   2.8128E+000  -4.9031E+000   3.4192E-001   1.9713E-001  -1.5754E-004   1.0864E+000  -1.7326E+000   1.0114E+000  -2.6799E-002   3.4015E-001   2.2835E+000  
 2.7548E+000   1.5801E+000   7.4321E-001  -2.2019E-001  -7.9607E-001  -5.8705E-001   7.7546E-002   5.0800E-002   7.5760E-002  -1.4058E-001  -1.9274E-001  -7.6460E-002  -1.9877E-001   1.0752E-001  -2.1297E-001   6.3529E-002   4.0409E-002  -4.4626E-003   2.6168E-001   2.4806E-001  -7.5802E-002   1.2408E-002   8.2013E-001   2.5030E+000  
 2.8385E+000   1.4786E+000   4.4043E-001   5.8609E-002  -2.5027E-001  -3.3066E-001  -3.0007E-002  -1.7070E-001  -1.6792E-001  -2.0951E-001  -1.0206E-001   4.6529E-002  -1.3525E-002  -5.4085E-002   1.6521E-002   1.6187E-002   1.6683E-002   1.9166E-003   9.0678E-002   4.4455E-001  -1.2235E-001  -1.3502E-002   8.7028E-001   2.4589E+000  
 2.7480E+000   1.5889E+000   2.3747E-001   9.6280E-002  -1.0120E-001  -2.6234E-001  -1.2001E-002  -1.6955E-001  -8.4723E-002  -2.5122E-001  -8.4340E-002   6.3665E-002  -6.6787E-003  -7.1385E-002   8.8665E-003   9.2576E-003   1.0493E-002   5.5702E-003   4.6793E-002   4.6038E-001  -6.1453E-002  -1.9568E-002   8.7537E-001   2.4976E+000  
 2.7173E+000   1.6235E+000   1.2890E-006   1.0990E-001   1.3847E-006  -2.3693E-001  -1.0663E-005  -1.7033E-001  -4.8044E-006  -2.6455E-001  -7.7695E-002   7.0204E-002   1.5153E-005  -7.7498E-002  -6.0921E-005   5.0668E-003  -8.3057E-006   7.0744E-003  -1.6527E-005   4.6583E-001   3.5266E-004  -2.0376E-002   8.7713E-001   2.5079E+000  
 2.7480E+000   1.5889E+000  -2.3747E-001   9.6269E-002   1.0120E-001  -2.6235E-001   1.1984E-002  -1.6954E-001   8.4715E-002  -2.5120E-001  -8.4344E-002   6.3648E-002   6.7021E-003  -7.1361E-002  -8.9832E-003   9.2579E-003  -1.0504E-002   5.6005E-003  -4.6821E-002   4.6028E-001   6.2152E-002  -1.9557E-002   8.7537E-001   2.4974E+000  
 2.8384E+000   1.4786E+000  -4.4041E-001   5.8605E-002   2.5025E-001  -3.3069E-001   3.0005E-002  -1.7068E-001   1.6792E-001  -2.0946E-001  -1.0206E-001   4.6500E-002   1.3522E-002  -5.4046E-002  -1.6623E-002   1.6177E-002  -1.6677E-002   1.9792E-003  -9.0688E-002   4.4435E-001   1.2303E-001  -1.3478E-002   8.7028E-001   2.4587E+000  
 2.7545E+000   1.5805E+000  -7.4326E-001  -2.2046E-001   7.9621E-001  -5.8751E-001  -7.7596E-002   5.1152E-002  -7.6015E-002  -1.4016E-001  -1.9281E-001  -7.6740E-002   1.9885E-001   1.0734E-001   2.1320E-001   6.3569E-002  -4.0403E-002  -4.2261E-003  -2.6178E-001   2.4786E-001   7.6172E-002   1.2450E-002   8.2013E-001   2.5038E+000  
-8.5943E+000   1.5258E+001  -8.7859E+000  -6.0430E+000   1.2843E+001  -7.4535E+000  -2.7611E+000   4.7844E+000  -9.5035E+000   2.0519E-002  -8.6670E-001  -1.5093E+000   2.6119E+000   2.8085E+000   4.9056E+000   3.4194E-001  -1.9703E-001   6.8970E-004  -1.0863E+000  -1.7316E+000  -1.0132E+000  -2.6791E-002   3.4015E-001   2.2805E+000  
 2.7993E+000   1.3194E+000   8.7142E-001   6.5699E-002  -3.6493E-001  -1.6541E-001  -9.1289E-002  -1.2425E-001  -2.2125E-001   5.9159E-002  -9.6885E-002  -4.6204E-003   1.8325E-002  -1.4475E-002   4.4808E-002   1.4909E-002   3.9651E-003   9.6766E-004   1.1160E-001   3.8006E-001  -2.5437E-001  -1.9972E-003   8.7217E-001   2.4554E+000  
 2.5568E+000   1.5520E+000   7.7977E-001   1.2156E-001  -1.3488E-001  -9.0191E-002  -4.8172E-002  -1.0506E-001  -1.7909E-001  -4.0488E-002  -6.8197E-002   2.5332E-002   1.7035E-002  -3.8228E-002   4.5432E-002   1.0627E-002   9.4173E-003   7.8683E-004   8.6586E-002   4.0769E-001  -2.0219E-001  -1.3307E-002   8.8421E-001   2.5160E+000  
 2.3656E+000   1.7035E+000   5.7388E-001   1.6305E-001  -1.6927E-002  -2.3768E-003  -2.6933E-002  -1.0021E-001  -1.2989E-001  -1.0037E-001  -4.2049E-002   5.0569E-002   1.9242E-002  -6.2414E-002   3.7423E-002  -4.0714E-003   6.4760E-003   5.9191E-003   5.4673E-002   4.3010E-001  -1.3945E-001  -1.4594E-002   8.9299E-001   2.5633E+000  
 2.2393E+000   1.7925E+000   3.0128E-001   1.8504E-001   1.4290E-002   6.3438E-002  -1.2366E-002  -9.6800E-002  -6.8477E-002  -1.3362E-001  -2.6207E-002   6.5851E-002   1.2939E-002  -7.6694E-002   2.1729E-002  -1.5874E-002   2.4385E-003   1.0387E-002   2.5380E-002   4.4197E-001  -7.2170E-002  -1.0854E-002   8.9839E-001   2.5704E+000  
 2.1950E+000   1.8229E+000   5.6236E-006   1.9042E-001  -1.1960E-005   8.6152E-002  -2.8615E-006  -9.4032E-002   1.5672E-005  -1.4313E-001  -2.2039E-002   6.9311E-002   1.7341E-006  -8.1743E-002  -6.8744E-005  -1.8501E-002  -4.6788E-006   1.3161E-002   7.1513E-006   4.4498E-001   3.3970E-004  -9.7097E-003   8.9964E-001   2.5410E+000  
 2.2393E+000   1.7925E+000  -3.0126E-001   1.8503E-001  -1.4316E-002   6.3436E-002   1.2363E-002  -9.6793E-002   6.8509E-002  -1.3362E-001  -2.6211E-002   6.5844E-002  -1.2939E-002  -7.6660E-002  -2.1860E-002  -1.5866E-002  -2.4443E-003   1.0401E-002  -2.5364E-002   4.4186E-001   7.2845E-002  -1.0859E-002   8.9839E-001   2.5704E+000  
 2.3656E+000   1.7035E+000  -5.7387E-001   1.6303E-001   1.6898E-002  -2.3868E-003   2.6932E-002  -1.0019E-001   1.2992E-001  -1.0035E-001  -4.2057E-002   5.0549E-002  -1.9247E-002  -6.2352E-002  -3.7534E-002  -4.0550E-003  -6.4771E-003   5.9558E-003  -5.4653E-002   4.2988E-001   1.4011E-001  -1.4600E-002   8.9299E-001   2.5632E+000  
 2.5568E+000   1.5520E+000  -7.7974E-001   1.2156E-001   1.3483E-001  -9.0207E-002   4.8183E-002  -1.0505E-001   1.7913E-001  -4.0454E-002  -6.8200E-002   2.5305E-002  -1.7060E-002  -3.8154E-002  -4.5518E-002   1.0636E-002  -9.4057E-003   8.4998E-004  -8.6549E-002   4.0737E-001   2.0282E-001  -1.3305E-002   8.8422E-001   2.5156E+000  
 2.7993E+000   1.3194E+000  -8.7139E-001   6.5709E-002   3.6485E-001  -1.6543E-001   9.1320E-002  -1.2425E-001   2.2130E-001   5.9223E-002  -9.6882E-002  -4.6491E-003  -1.8378E-002  -1.4409E-002  -4.4865E-002   1.4912E-002  -3.9473E-003   1.0564E-003  -1.1154E-001   3.7967E-001   2.5496E-001  -2.0025E-003   8.7218E-001   2.4552E+000  
 2.4043E+000   1.4021E+000   1.1134E+000   1.5312E-001  -3.9169E-002  -1.8973E-002  -7.0075E-002  -7.6804E-002  -1.4553E-001   8.1874E-002  -4.8612E-002  -1.9072E-003   4.5131E-002  -9.0730E-003   6.8466E-002   8.3891E-003  -3.3183E-003  -3.1508E-003   6.4064E-002   3.5222E-001  -2.8455E-001  -1.6408E-002   8.9119E-001   2.5660E+000  
 2.1010E+000   1.5789E+000   9.4597E-001   1.8855E-001   9.6577E-002   5.1620E-002  -4.0986E-002  -6.6194E-002  -1.2817E-001   7.6093E-003  -1.7637E-002   2.5240E-002   4.7032E-002  -3.3787E-002   6.2290E-002  -5.6222E-003  -4.9739E-003   7.1125E-004   4.3317E-002   3.7274E-001  -2.2280E-001  -1.7681E-002   9.0261E-001   2.6104E+000  
 1.8556E+000   1.7027E+000   6.8243E-001   2.0042E-001   1.2342E-001   1.3403E-001  -2.1116E-002  -5.5487E-002  -9.1166E-002  -4.0014E-002   6.9318E-004   4.3154E-002   3.5387E-002  -4.9499E-002   4.3937E-002  -1.3090E-002  -3.2943E-003   5.0872E-003   2.9257E-002   3.8128E-001  -1.5152E-001  -1.8571E-002   9.1013E-001   2.6021E+000  
 1.6972E+000   1.7725E+000   3.5406E-001   2.0713E-001   8.0759E-002   1.9865E-001  -9.7631E-003  -5.1505E-002  -4.8275E-002  -6.5994E-002   1.3476E-002   5.5719E-002   2.1031E-002  -6.0732E-002   2.3020E-002  -2.2974E-002  -3.6362E-003   9.2657E-003   1.3229E-002   3.8720E-001  -7.5894E-002  -1.2963E-002   9.1484E-001   2.5766E+000  
 1.6428E+000   1.7951E+000   6.0419E-006   2.0868E-001  -1.4773E-005   2.2267E-001   6.4389E-007  -5.0202E-002   2.0668E-005  -7.4785E-002   1.7453E-002   6.0369E-002  -4.6867E-006  -6.3876E-002  -5.6287E-005  -2.6594E-002  -2.3164E-007   1.0013E-002   1.9195E-005   3.8877E-001   2.9702E-004  -1.0691E-002   9.1652E-001   2.5398E+000  
 1.6972E+000   1.7725E+000  -3.5405E-001   2.0712E-001  -8.0787E-002   1.9865E-001   9.7636E-003  -5.1500E-002   4.8313E-002  -6.5995E-002   1.3472E-002   5.5716E-002  -2.1039E-002  -6.0699E-002  -2.3126E-002  -2.2964E-002   3.6342E-003   9.2725E-003  -1.3192E-002   3.8708E-001   7.6486E-002  -1.2972E-002   9.1484E-001   2.5766E+000  
 1.8556E+000   1.7027E+000  -6.8242E-001   2.0041E-001  -1.2345E-001   1.3403E-001   2.1117E-002  -5.5481E-002   9.1203E-002  -4.0014E-002   6.8792E-004   4.3149E-002  -3.5396E-002  -4.9434E-002  -4.4029E-002  -1.3080E-002   3.2934E-003   5.1044E-003  -2.9217E-002   3.8104E-001   1.5210E-001  -1.8579E-002   9.1013E-001   2.6021E+000  
 2.1010E+000   1.5789E+000  -9.4596E-001   1.8855E-001  -9.6614E-002   5.1626E-002   4.0992E-002  -6.6190E-002   1.2820E-001   7.6139E-003  -1.7639E-002   2.5233E-002  -4.7050E-002  -3.3697E-002  -6.2361E-002  -5.6186E-003   4.9818E-003   7.3886E-004  -4.3269E-002   3.7239E-001   2.2337E-001  -1.7680E-002   9.0262E-001   2.6100E+000  
 2.4043E+000   1.4021E+000  -1.1134E+000   1.5313E-001   3.9114E-002  -1.8960E-002   7.0092E-002  -7.6810E-002   1.4558E-001   8.1892E-002  -4.8609E-002  -1.9084E-003  -4.5169E-002  -8.9761E-003  -6.8509E-002   8.3819E-003   3.3343E-003  -3.1076E-003  -6.3994E-002   3.5178E-001   2.8510E-001  -1.6406E-002   8.9120E-001   2.5658E+000  
 1.4705E+001  -7.5044E+000  -1.3015E+001   5.6626E+000   1.1010E+001  -6.3725E+000  -5.0482E+000  -2.9117E+000   2.9153E-002   1.0128E+001   4.6048E-001  -1.4461E+000   2.5046E+000  -2.7614E+000  -4.8202E+000  -1.1063E-001  -1.9092E-001   8.8293E-001  -2.0571E-003  -1.0037E+000   1.7161E+000  -8.5776E-003   3.3871E-001   2.1168E+000  
 2.8171E+000   8.6579E-001   1.2879E+000   7.6866E-002  -3.2176E-001   1.2119E-001  -1.5884E-001  -9.7271E-002  -4.0672E-002   2.9112E-001  -9.4862E-002  -3.3162E-002   5.0089E-002   3.4107E-002   6.5023E-002   1.4012E-002   1.1908E-002  -6.5974E-003   2.3992E-002   2.5691E-001  -3.8837E-001  -2.5048E-002   8.7133E-001   2.5247E+000  
 2.4122E+000   1.1109E+000   1.3808E+000   1.6915E-001  -2.2942E-002  -4.9914E-003  -9.9437E-002  -7.0693E-002  -7.1274E-002   1.6999E-001  -3.9900E-002  -2.6648E-002   6.4098E-002   2.2764E-002   7.5069E-002  -3.3600E-003  -1.6875E-002  -6.5036E-003   3.1203E-002   2.8374E-001  -3.5766E-001  -8.6611E-003   8.9151E-001   2.5638E+000  
 2.0041E+000   1.3019E+000   1.2979E+000   1.9938E-001   1.4666E-001  -3.8761E-003  -5.4715E-002  -4.9760E-002  -8.1257E-002   8.3527E-002  -7.7496E-003  -5.1466E-003   5.9987E-002   3.5777E-003   7.0384E-002  -8.7370E-003  -1.5957E-002  -6.5007E-003   2.8661E-002   2.9931E-001  -3.0093E-001  -1.2889E-002   9.0564E-001   2.5951E+000  
 1.6399E+000   1.4387E+000   1.0791E+000   2.0356E-001   2.0964E-001   6.2077E-002  -2.8810E-002  -3.7586E-002  -7.5770E-002   2.5964E-002   1.5848E-002   1.6762E-002   5.1748E-002  -1.5495E-002   5.8741E-002  -1.4719E-002  -1.1916E-002  -4.0828E-003   2.1119E-002   3.0933E-001  -2.3262E-001  -1.7801E-002   9.1608E-001   2.6063E+000  
 1.3509E+000   1.5308E+000   7.6628E-001   1.9765E-001   1.8948E-001   1.4330E-001  -1.5361E-002  -3.0344E-002  -5.7330E-002  -8.7849E-003   3.2947E-002   3.1879E-002   4.0251E-002  -3.0673E-002   4.0442E-002  -2.1000E-002  -1.0890E-002   1.5984E-003   1.3712E-002   3.1359E-001  -1.5664E-001  -1.7236E-002   9.2325E-001   2.5825E+000  
 1.1633E+000   1.5854E+000   3.9544E-001   1.8831E-001   1.0901E-001   2.0663E-001  -5.9712E-003  -2.4744E-002  -3.0025E-002  -2.8713E-002   4.0783E-002   4.0892E-002   2.1526E-002  -3.8957E-002   2.0096E-002  -2.3113E-002  -6.4142E-003   4.5992E-003   7.3688E-003   3.1462E-001  -7.8146E-002  -1.7903E-002   9.2736E-001   2.5415E+000  
 1.0992E+000   1.6031E+000   4.2358E-006   1.8439E-001  -1.2925E-005   2.3001E-001   6.6371E-007  -2.2886E-002   1.9683E-005  -3.5181E-002   4.3249E-002   4.4181E-002  -5.2435E-006  -4.1682E-002  -3.8394E-005  -2.3890E-002   3.1543E-007   5.6532E-003   2.2906E-005   3.1496E-001   2.4071E-004  -1.8069E-002   9.2877E-001   2.5187E+000  
 1.1633E+000   1.5854E+000  -3.9543E-001   1.8831E-001  -1.0903E-001   2.0664E-001   5.9733E-003  -2.4744E-002   3.0063E-002  -2.8716E-002   4.0782E-002   4.0895E-002  -2.1536E-002  -3.8929E-002  -2.0169E-002  -2.3113E-002   6.4145E-003   4.6013E-003  -7.3226E-003   3.1450E-001   7.8628E-002  -1.7905E-002   9.2736E-001   2.5416E+000  
 1.3509E+000   1.5308E+000  -7.6628E-001   1.9765E-001  -1.8950E-001   1.4331E-001   1.5362E-002  -3.0343E-002   5.7367E-002  -8.7895E-003   3.2945E-002   3.1884E-002  -4.0260E-002  -3.0615E-002  -4.0503E-002  -2.1001E-002   1.0889E-002   1.6036E-003  -1.3664E-002   3.1335E-001   1.5712E-001  -1.7237E-002   9.2325E-001   2.5822E+000  
 1.6399E+000   1.4387E+000  -1.0791E+000   2.0357E-001  -2.0967E-001   6.2092E-002   2.8813E-002  -3.7586E-002   7.5805E-002   2.5958E-002   1.5848E-002   1.6768E-002  -5.1761E-002  -1.5411E-002  -5.8782E-002  -1.4723E-002   1.1920E-002  -4.0759E-003  -2.1066E-002   3.0897E-001   2.3310E-001  -1.7795E-002   9.1608E-001   2.6060E+000  
 2.0041E+000   1.3019E+000  -1.2978E+000   1.9939E-001  -1.4669E-001  -3.8541E-003   5.4719E-002  -4.9763E-002   8.1294E-002   8.3528E-002  -7.7487E-003  -5.1373E-003  -6.0007E-002   3.6759E-003  -7.0397E-002  -8.7462E-003   1.5963E-002  -6.4858E-003  -2.8598E-002   2.9884E-001   3.0140E-001  -1.2883E-002   9.0564E-001   2.5949E+000  
 2.4122E+000   1.1109E+000  -1.3808E+000   1.6916E-001   2.2895E-002  -4.9546E-003   9.9444E-002  -7.0709E-002   7.1330E-002   1.7000E-001  -3.9895E-002  -2.6624E-002  -6.4132E-002   2.2856E-002  -7.5056E-002  -3.3790E-003   1.6879E-002  -6.4807E-003  -3.1113E-002   2.8319E-001   3.5810E-001  -8.6569E-003   8.9151E-001   2.5636E+000  
 2.8171E+000   8.6574E-001  -1.2880E+000   7.6873E-002   3.2170E-001   1.2126E-001   1.5883E-001  -9.7304E-002   4.0777E-002   2.9114E-001  -9.4859E-002  -3.3105E-002  -5.0134E-002   3.4164E-002  -6.4999E-002   1.3991E-002  -1.1922E-002  -6.5774E-003  -2.3856E-002   2.5632E-001   3.8877E-001  -2.5054E-002   8.7133E-001   2.5241E+000  
 1.4704E+001  -7.5072E+000   1.3013E+001   5.6623E+000  -1.1013E+001  -6.3667E+000   5.0472E+000  -2.9128E+000  -2.2440E-002   1.0128E+001   4.6045E-001  -1.4446E+000  -2.5053E+000  -2.7656E+000   4.8176E+000  -1.1073E-001   1.9085E-001   8.8289E-001   2.9745E-003  -1.0019E+000  -1.7171E+000  -8.5714E-003   3.3872E-001   2.1199E+000  
 3.2166E+000   3.5479E-001   9.7995E-001   2.1894E-001  -9.9105E-002   2.6358E-001  -4.2163E-001  -2.3582E-001   7.7876E-002   6.5780E-001  -6.5147E-002  -1.0011E-001   2.2236E-001  -1.0366E-001  -1.7178E-001  -1.4857E-002  -4.1320E-003   1.2063E-001  -5.5688E-002   8.6829E-002  -2.5451E-001  -4.0695E-002   8.1917E-001   2.5029E+000  
 2.5728E+000   7.5904E-001   1.5260E+000   1.4598E-001  -8.9725E-002   7.8390E-002  -1.3155E-001  -7.0137E-002   3.2810E-002   2.2368E-001  -5.6205E-002  -3.5597E-002   6.4312E-002   4.3617E-002   6.4430E-002  -7.9007E-003  -7.6351E-003  -4.9662E-003  -1.5823E-002   2.0816E-001  -4.1218E-001  -1.2234E-002   8.8426E-001   2.5596E+000  
 2.1038E+000   9.4213E-001   1.5694E+000   1.9897E-001   1.0533E-001  -5.6171E-002  -7.4854E-002  -4.3559E-002  -5.2076E-003   1.2969E-001  -1.3236E-002  -3.1402E-002   5.9076E-002   3.8517E-002   6.9524E-002  -1.0864E-002  -2.0888E-002  -1.2135E-002   3.5541E-003   2.2487E-001  -3.7546E-001  -7.3242E-003   9.0293E-001   2.5727E+000  
 1.6407E+000   1.0773E+000   1.4351E+000   2.0849E-001   2.1245E-001  -6.0835E-002  -4.0659E-002  -2.9881E-002  -2.9078E-002   7.0435E-002   1.7715E-002  -1.4596E-002   5.5925E-002   1.8244E-002   6.0487E-002  -1.5452E-002  -2.1799E-002  -8.7714E-003   7.2521E-003   2.3293E-001  -3.1020E-001  -1.0991E-002   9.1623E-001   2.5703E+000  
 1.2277E+000   1.1757E+000   1.1757E+000   1.9207E-001   2.3498E-001   1.3956E-003  -2.0304E-002  -1.9665E-002  -3.4704E-002   3.0412E-002   3.7962E-002   2.8110E-003   4.6305E-002   5.8185E-004   4.6389E-002  -1.7269E-002  -1.7055E-002  -4.5803E-003   8.5197E-003   2.3585E-001  -2.3567E-001  -1.7405E-002   9.2597E-001   2.5590E+000  
 9.0131E-001   1.2418E+000   8.2863E-001   1.6962E-001   1.9368E-001   8.1960E-002  -9.3156E-003  -1.3412E-002  -2.8705E-002   5.0742E-003   5.1365E-002   1.6418E-002   3.3819E-002  -1.2723E-002   3.0809E-002  -1.9527E-002  -1.3070E-002  -5.9255E-004   7.1636E-003   2.3702E-001  -1.5792E-001  -1.9860E-002   9.3286E-001   2.5299E+000  
 6.9112E-001   1.2804E+000   4.2579E-001   1.5090E-001   1.0772E-001   1.4564E-001  -3.3256E-003  -1.0081E-002  -1.5850E-002  -9.4823E-003   5.8897E-002   2.5476E-002   1.7772E-002  -2.0799E-002   1.5348E-002  -2.0631E-002  -7.2059E-003   1.6384E-003   3.9335E-003   2.3777E-001  -7.8850E-002  -2.1319E-002   9.3717E-001   2.4887E+000  
 6.1952E-001   1.2930E+000   2.9468E-006   1.4355E-001  -1.0587E-005   1.6921E-001   1.6480E-006  -9.2687E-003   1.8193E-005  -1.4203E-002   6.1660E-002   2.8625E-002  -4.1900E-006  -2.3490E-002  -2.2434E-005  -2.0658E-002   9.0506E-007   2.4437E-003   2.4878E-005   2.3799E-001   1.8137E-004  -2.2228E-002   9.3866E-001   2.4720E+000  
 6.9112E-001   1.2804E+000  -4.2579E-001   1.5090E-001  -1.0774E-001   1.4564E-001   3.3277E-003  -1.0080E-002   1.5886E-002  -9.4831E-003   5.8895E-002   2.5478E-002  -1.7780E-002  -2.0779E-002  -1.5389E-002  -2.0632E-002   7.2063E-003   1.6403E-003  -3.8837E-003   2.3764E-001   7.9212E-002  -2.1320E-002   9.3717E-001   2.4889E+000  
 9.0131E-001   1.2418E+000  -8.2863E-001   1.6962E-001  -1.9370E-001   8.1971E-002   9.3174E-003  -1.3412E-002   2.8739E-002   5.0724E-003   5.1364E-002   1.6423E-002  -3.3826E-002  -1.2680E-002  -3.0838E-002  -1.9527E-002   1.3070E-002  -5.8930E-004  -7.1134E-003   2.3677E-001   1.5828E-001  -1.9860E-002   9.3286E-001   2.5297E+000  
 1.2277E+000   1.1757E+000  -1.1757E+000   1.9207E-001  -2.3500E-001   1.4119E-003   2.0305E-002  -1.9664E-002   3.4735E-002   3.0409E-002   3.7960E-002   2.8169E-003  -4.6311E-002   6.4525E-004  -4.6397E-002  -1.7268E-002   1.7055E-002  -4.5778E-003  -8.4685E-003   2.3548E-001   2.3603E-001  -1.7404E-002   9.2598E-001   2.5586E+000  
 1.6407E+000   1.0773E+000  -1.4352E+000   2.0849E-001  -2.1247E-001  -6.0812E-002   4.0660E-002  -2.9882E-002   2.9108E-002   7.0436E-002   1.7716E-002  -1.4588E-002  -5.5934E-002   1.8322E-002  -6.0468E-002  -1.5457E-002   2.1800E-002  -8.7662E-003  -7.1966E-003   2.3245E-001   3.1056E-001  -1.0986E-002   9.1623E-001   2.5700E+000  
 2.1038E+000   9.4212E-001  -1.5694E+000   1.9897E-001  -1.0535E-001  -5.6133E-002   7.4849E-002  -4.3565E-002   5.2489E-003   1.2969E-001  -1.3237E-002  -3.1377E-002  -5.9088E-002   3.8599E-002  -6.9480E-002  -1.0874E-002   2.0877E-002  -1.2132E-002  -3.4797E-003   2.2429E-001   3.7580E-001  -7.3250E-003   9.0294E-001   2.5727E+000  
 2.5728E+000   7.5901E-001  -1.5260E+000   1.4597E-001   8.9696E-002   7.8457E-002   1.3154E-001  -7.0149E-002  -3.2736E-002   2.2368E-001  -5.6209E-002  -3.5546E-002  -6.4328E-002   4.3679E-002  -6.4373E-002  -7.9149E-003   7.6156E-003  -4.9739E-003   1.5934E-002   2.0752E-001   4.1250E-001  -1.2234E-002   8.8426E-001   2.5593E+000  
 3.2162E+000   3.5486E-001  -9.8045E-001   2.1863E-001   9.9287E-002   2.6413E-001   4.2124E-001  -2.3576E-001  -7.7397E-002   6.5748E-001  -6.5235E-002  -9.9776E-002  -2.2226E-001  -1.0386E-001   1.7149E-001  -1.4860E-002   4.0642E-003   1.2048E-001   5.5982E-002   8.6466E-002   2.5471E-001  -4.0657E-002   8.1918E-001   2.5023E+000  
 2.8422E+000   4.0615E-001   1.4814E+000   6.3149E-002  -1.8283E-001   3.6465E-001  -1.6784E-001  -6.6816E-002   1.5253E-001   2.3244E-001  -9.9724E-002  -1.2295E-002   5.0297E-002   4.1313E-002   4.2739E-002  -6.5936E-003   1.9207E-002  -1.3865E-003  -8.1243E-002   1.3171E-001  -4.4291E-001  -1.3877E-002   8.7010E-001   2.5009E+000  
 2.3694E+000   5.6095E-001   1.6981E+000   1.7115E-001   7.7585E-003   9.7999E-003  -1.0526E-001  -4.1570E-002   9.1396E-002   1.4732E-001  -3.7728E-002  -4.0743E-002   4.9291E-002   5.8544E-002   5.1102E-002  -1.0972E-002  -9.6121E-003  -6.8696E-003  -3.6439E-002   1.4581E-001  -4.3018E-001  -1.0153E-002   8.9308E-001   2.5967E+000  
 1.8578E+000   6.7797E-001   1.6965E+000   2.0883E-001   1.3090E-001  -1.3286E-001  -6.1095E-002  -2.5493E-002   4.2812E-002   8.9799E-002   5.1968E-003  -4.2224E-002   4.5943E-002   4.9242E-002   4.9597E-002  -1.1576E-002  -2.4287E-002  -8.9276E-003  -1.2231E-002   1.5440E-001  -3.8182E-001  -8.1765E-003   9.1037E-001   2.6034E+000  
 1.3503E+000   7.6643E-001   1.5303E+000   1.9869E-001   1.8947E-001  -1.4019E-001  -2.9928E-002  -1.4819E-002   1.0550E-002   5.0026E-002   3.1554E-002  -2.7559E-002   3.9287E-002   3.1065E-002   4.1996E-002  -1.0827E-002  -2.2368E-002  -7.8067E-003  -2.2543E-003   1.5741E-001  -3.1358E-001  -1.5588E-002   9.2317E-001   2.5612E+000  
 9.0138E-001   8.2878E-001   1.2419E+000   1.6951E-001   1.9380E-001  -7.9073E-002  -1.4109E-002  -9.0509E-003  -5.5263E-003   2.5130E-002   5.1457E-002  -1.1442E-002   3.3292E-002   1.3089E-002   3.1238E-002  -1.2854E-002  -1.9320E-002  -3.7630E-003   1.5815E-003   1.5832E-001  -2.3689E-001  -1.9872E-002   9.3283E-001   2.4924E+000  
 5.4728E-001   8.7087E-001   8.7074E-001   1.3645E-001   1.5420E-001   1.5650E-003  -5.4903E-003  -5.2471E-003  -9.5630E-003   8.6230E-003   6.3651E-002   2.1979E-003   2.4190E-002   8.3518E-005   2.0843E-002  -1.4401E-002  -1.4615E-002  -1.3923E-003   2.3772E-003   1.5907E-001  -1.5884E-001  -2.2304E-002   9.4019E-001   2.4653E+000  
 3.1981E-001   8.9529E-001   4.4625E-001   1.1118E-001   8.4433E-002   6.5188E-002  -1.6886E-003  -3.1303E-003  -6.4476E-003  -9.6437E-004   7.0500E-002   1.1693E-002   1.2598E-002  -7.8431E-003   1.0358E-002  -1.5316E-002  -7.7499E-003   2.8767E-004   1.6158E-003   1.5959E-001  -7.9400E-002  -2.3819E-002   9.4565E-001   2.4246E+000  
 2.4223E-001   9.0320E-001   1.6999E-006   1.0192E-001  -7.3948E-006   8.8747E-002   1.5059E-006  -2.4608E-003   1.7576E-005  -4.0526E-003   7.2678E-002   1.5012E-002  -2.8298E-006  -1.0468E-002  -9.6816E-006  -1.5614E-002   8.1197E-007   8.3253E-004   2.5642E-005   1.5973E-001   1.2144E-004  -2.4328E-002   9.4749E-001   2.4062E+000  
 3.1981E-001   8.9529E-001  -4.4625E-001   1.1118E-001  -8.4448E-002   6.5193E-002   1.6905E-003  -3.1310E-003   6.4832E-003  -9.6276E-004   7.0498E-002   1.1694E-002  -1.2604E-002  -7.8311E-003  -1.0373E-002  -1.5317E-002   7.7503E-003   2.9027E-004  -1.5635E-003   1.5947E-001   7.9643E-002  -2.3821E-002   9.4565E-001   2.4244E+000  
 5.4728E-001   8.7087E-001  -8.7074E-001   1.3645E-001  -1.5421E-001   1.5753E-003   5.4925E-003  -5.2469E-003   9.5964E-003   8.6240E-003   6.3651E-002   2.2003E-003  -2.4195E-002   1.0872E-004  -2.0848E-002  -1.4400E-002   1.4616E-002  -1.3904E-003  -2.3262E-003   1.5882E-001   1.5908E-001  -2.2305E-002   9.4019E-001   2.4651E+000  
 9.0138E-001   8.2877E-001  -1.2419E+000   1.6951E-001  -1.9382E-001  -7.9057E-002   1.4110E-002  -9.0510E-003   5.5573E-003   2.5132E-002   5.1457E-002  -1.1438E-002  -3.3296E-002   1.3126E-002  -3.1222E-002  -1.2853E-002   1.9319E-002  -3.7606E-003  -1.5302E-003   1.5796E-001   2.3713E-001  -1.9873E-002   9.3283E-001   2.4921E+000  
 1.3503E+000   7.6642E-001  -1.5303E+000   1.9869E-001  -1.8948E-001  -1.4017E-001   2.9927E-002  -1.4818E-002  -1.0521E-002   5.0030E-002   3.1554E-002  -2.7553E-002  -3.9291E-002   3.1115E-002  -4.1954E-002  -1.0825E-002   2.2364E-002  -7.8052E-003   2.3064E-003   1.5692E-001   3.1382E-001  -1.5591E-002   9.2318E-001   2.5610E+000  
 1.8578E+000   6.7796E-001  -1.6965E+000   2.0882E-001  -1.3091E-001  -1.3283E-001   6.1089E-002  -2.5492E-002  -4.2775E-002   8.9804E-002   5.1911E-003  -4.2204E-002  -4.5946E-002   4.9294E-002  -4.9528E-002  -1.1574E-002   2.4270E-002  -8.9320E-003   1.2295E-002   1.5380E-001   3.8206E-001  -8.1880E-003   9.1037E-001   2.6034E+000  
 2.3693E+000   5.6094E-001  -1.6981E+000   1.7114E-001  -7.7658E-003   9.8550E-003   1.0524E-001  -4.1567E-002  -9.1342E-002   1.4732E-001  -3.7738E-002  -4.0703E-002  -4.9286E-002   5.8589E-002  -5.1019E-002  -1.0969E-002   9.5853E-003  -6.8932E-003   3.6524E-002   1.4515E-001   4.3041E-001  -1.0162E-002   8.9308E-001   2.5965E+000  
 2.8422E+000   4.0615E-001  -1.4814E+000   6.3134E-002   1.8284E-001   3.6474E-001   1.6781E-001  -6.6811E-002  -1.5244E-001   2.3241E-001  -9.9729E-002  -1.2241E-002  -5.0286E-002   4.1328E-002  -4.2670E-002  -6.5959E-003  -1.9209E-002  -1.4402E-003   8.1357E-002   1.3102E-001   4.4311E-001  -1.3858E-002   8.7010E-001   2.5006E+000  
 2.7361E+000   2.1895E-001   1.6124E+000   8.5968E-002  -6.6471E-002   3.1403E-001  -1.4483E-001  -3.2830E-002   1.9370E-001   1.1672E-001  -8.7316E-002  -1.6178E-002   3.0063E-002   4.9683E-002   2.2600E-002  -7.1881E-003   1.3932E-002   6.8597E-004  -9.6681E-002   6.7618E-002  -4.5379E-001  -6.9276E-003   8.7556E-001   2.5111E+000  
 2.2372E+000   2.9604E-001   1.7993E+000   1.7973E-001   2.3915E-002  -4.8019E-002  -9.0425E-002  -1.8792E-002   1.2743E-001   7.2301E-002  -2.8261E-002  -4.6284E-002   2.5566E-002   6.8065E-002   2.8473E-002  -6.3529E-003  -7.2695E-003  -5.1254E-003  -4.6369E-002   7.5980E-002  -4.3901E-001  -1.3783E-002   8.9806E-001   2.6256E+000  
 1.6971E+000   3.5341E-001   1.7736E+000   2.0552E-001   8.2340E-002  -1.9388E-001  -5.1074E-002  -1.0677E-002   7.2522E-002   4.4522E-002   1.3215E-002  -4.9436E-002   2.2663E-002   5.8055E-002   2.5931E-002  -5.0374E-003  -2.0649E-002  -6.0050E-003  -1.9252E-002   7.7906E-002  -3.8630E-001  -1.5204E-002   9.1465E-001   2.6342E+000  
 1.1633E+000   3.9594E-001   1.5850E+000   1.8836E-001   1.0931E-001  -2.0339E-001  -2.5024E-002  -6.4525E-003   3.3580E-002   2.6129E-002   4.0834E-002  -3.7484E-002   2.0243E-002   3.8343E-002   2.1048E-002  -5.3040E-003  -2.3860E-002  -3.9492E-003  -7.9172E-003   7.8868E-002  -3.1440E-001  -1.7897E-002   9.2728E-001   2.5825E+000  
 6.9116E-001   4.2603E-001   1.2802E+000   1.5088E-001   1.0785E-001  -1.4249E-001  -1.0420E-002  -3.4950E-003   1.1243E-002   1.3932E-002   5.8978E-002  -2.1349E-002   1.7296E-002   2.0691E-002   1.5690E-002  -6.6416E-003  -2.1003E-002  -2.1704E-003  -2.5622E-003   7.9296E-002  -2.3763E-001  -2.1346E-002   9.3713E-001   2.5103E+000  
 3.1982E-001   4.4632E-001   8.9515E-001   1.1118E-001   8.4420E-002  -6.2070E-002  -3.3806E-003  -1.5584E-003   1.3256E-003   5.7829E-003   7.0506E-002  -7.2746E-003   1.2597E-002   7.8430E-003   1.0442E-002  -7.6339E-003  -1.5538E-002  -9.5744E-004  -1.5366E-004   7.9662E-002  -1.5947E-001  -2.3809E-002   9.4563E-001   2.4293E+000  
 8.1585E-002   4.5812E-001   4.5805E-001   8.1837E-002   4.5880E-002   1.5672E-003  -7.0712E-004  -5.7774E-004  -1.0853E-003   1.0640E-003   7.6957E-002   2.2216E-003   6.5461E-003  -3.7201E-006   5.1880E-003  -8.0847E-003  -8.2000E-003  -1.2979E-004   3.5781E-004   7.9890E-002  -7.9763E-002  -2.5358E-002   9.5123E-001   2.3497E+000  
 3.8550E-004   4.6194E-001   9.3544E-007   7.1226E-002  -5.2054E-006   2.5142E-002   1.4234E-006  -2.6881E-004   1.7514E-005  -4.5476E-004   7.9001E-002   5.5423E-003  -3.1062E-006  -2.6069E-003  -2.5209E-006  -8.2323E-003   9.4773E-007   1.3882E-004   2.6226E-005   7.9926E-002   6.0659E-005  -2.5879E-002   9.5310E-001   2.3161E+000  
 8.1585E-002   4.5812E-001  -4.5805E-001   8.1837E-002  -4.5890E-002   1.5728E-003   7.0804E-004  -5.7831E-004   1.1212E-003   1.0658E-003   7.6956E-002   2.2233E-003  -6.5514E-003   3.7135E-008  -5.1895E-003  -8.0849E-003   8.1995E-003  -1.2787E-004  -3.0412E-004   7.9765E-002   7.9885E-002  -2.5359E-002   9.5123E-001   2.3495E+000  
 3.1982E-001   4.4632E-001  -8.9515E-001   1.1118E-001  -8.4430E-002  -6.2061E-002   3.3830E-003  -1.5595E-003  -1.2908E-003   5.7857E-003   7.0506E-002  -7.2732E-003  -1.2601E-002   7.8506E-003  -1.0432E-002  -7.6344E-003   1.5539E-002  -9.5510E-004   2.0630E-004   7.9415E-002   1.5959E-001  -2.3810E-002   9.4563E-001   2.4293E+000  
 6.9116E-001   4.2602E-001  -1.2802E+000   1.5088E-001  -1.0786E-001  -1.4248E-001   1.0420E-002  -3.4958E-003  -1.1209E-002   1.3938E-002   5.8975E-002  -2.1347E-002  -1.7300E-002   2.0704E-002  -1.5660E-002  -6.6416E-003   2.1002E-002  -2.1673E-003   2.6144E-003   7.8926E-002   2.3776E-001  -2.1350E-002   9.3713E-001   2.5104E+000  
 1.1633E+000   3.9593E-001  -1.5850E+000   1.8836E-001  -1.0932E-001  -2.0337E-001   2.5024E-002  -6.4524E-003  -3.3548E-002   2.6137E-002   4.0832E-002  -3.7479E-002  -2.0246E-002   3.8359E-002  -2.0990E-002  -5.3023E-003   2.3856E-002  -3.9483E-003   7.9692E-003   7.8380E-002   3.1453E-001  -1.7903E-002   9.2728E-001   2.5825E+000  
 1.6971E+000   3.5341E-001  -1.7736E+000   2.0551E-001  -8.2347E-002  -1.9385E-001   5.1069E-002  -1.0674E-002  -7.2486E-002   4.4529E-002   1.3208E-002  -4.9421E-002  -2.2662E-002   5.8071E-002  -2.5845E-002  -5.0318E-003   2.0633E-002  -6.0123E-003   1.9310E-002   7.7307E-002   3.8642E-001  -1.5220E-002   9.1466E-001   2.6343E+000  
 2.2372E+000   2.9604E-001  -1.7993E+000   1.7971E-001  -2.3915E-002  -4.7978E-002   9.0416E-002  -1.8786E-002  -1.2739E-001   7.2299E-002  -2.8269E-002  -4.6261E-002  -2.5556E-002   6.8077E-002  -2.8366E-002  -6.3428E-003   7.2522E-003  -5.1522E-003   4.6434E-002   7.5297E-002   4.3913E-001  -1.3794E-002   8.9806E-001   2.6256E+000  
 2.7361E+000   2.1896E-001  -1.6125E+000   8.5947E-002   6.6502E-002   3.1409E-001   1.4481E-001  -3.2809E-002  -1.9363E-001   1.1667E-001  -8.7326E-002  -1.6139E-002  -3.0025E-002   4.9678E-002  -2.2513E-002  -7.1716E-003  -1.3945E-002   6.1342E-004   9.6763E-002   6.6911E-002   4.5389E-001  -6.9241E-003   8.7557E-001   2.5109E+000  
 2.6989E+000  -4.5967E-006   1.6567E+000   9.0835E-002   2.1125E-005   2.9532E-001  -1.3607E-001  -1.1919E-005   2.0730E-001   2.4656E-005  -8.4346E-002  -1.6958E-002   2.4159E-005   5.2958E-002   4.7852E-005  -1.1220E-005   1.4163E-002   4.0258E-005  -1.0136E-001   3.5695E-004  -4.5751E-001  -5.8036E-003   8.7734E-001   2.5151E+000  
 2.1926E+000   2.9712E-006   1.8310E+000   1.8291E-001   4.7643E-006  -7.1084E-002  -8.7272E-002  -3.6264E-006   1.4047E-001   2.3615E-006  -2.4285E-002  -5.0142E-002   8.8805E-006   7.1766E-002   5.7825E-005  -6.8913E-006  -7.7765E-003   1.6204E-005  -4.8160E-002   3.4366E-004  -4.4118E-001  -1.4836E-002   8.9920E-001   2.6366E+000  
 1.6421E+000   5.9750E-006   1.7988E+000   2.0341E-001  -1.0910E-006  -2.1637E-001  -4.7856E-002  -2.6615E-008   8.1872E-002  -3.7815E-006   1.5875E-002  -5.1734E-002   5.7714E-007   6.0641E-002   4.8016E-005  -1.9730E-006  -1.8985E-002   4.2873E-006  -2.1989E-002   3.0017E-004  -3.8760E-001  -1.8086E-002   9.1619E-001   2.6436E+000  
 1.0994E+000   6.6279E-006   1.6028E+000   1.8412E-001  -2.2872E-006  -2.2683E-001  -2.3517E-002   4.1540E-007   4.0975E-002  -3.8794E-006   4.3833E-002  -4.0815E-002  -1.8389E-006   4.0768E-002   3.1757E-005  -4.0449E-007  -2.4282E-002   4.4944E-007  -9.6789E-003   2.4366E-004  -3.1473E-001  -1.8713E-002   9.2869E-001   2.5897E+000  
 6.1921E-001   6.8100E-006   1.2925E+000   1.4414E-001  -2.6270E-006  -1.6595E-001  -8.9905E-003   1.1191E-006   1.6625E-002  -3.0440E-006   6.0999E-002  -2.4838E-002  -2.0691E-006   2.3239E-002   1.7776E-005   2.5261E-007  -2.1912E-002  -1.5081E-006  -3.8423E-003   1.8381E-004  -2.3792E-001  -2.1403E-002   9.3862E-001   2.5180E+000  
 2.4224E-001   6.4068E-006   9.0306E-001   1.0194E-001  -2.4363E-006  -8.5635E-002  -2.7181E-003   6.8020E-007   4.8387E-003  -1.9912E-006   7.2686E-002  -1.0585E-002  -2.0991E-006   1.0414E-002   7.8748E-006  -1.0137E-007  -1.5842E-002  -1.5272E-006  -9.8677E-004   1.2288E-004  -1.5972E-001  -2.4314E-002   9.4747E-001   2.4387E+000  
 3.8809E-004   6.1291E-006   4.6187E-001   7.1231E-002  -1.9134E-006  -2.1999E-002  -3.9813E-004   3.5831E-007   6.4466E-004  -1.0749E-006   7.9005E-002  -1.0866E-003  -1.6681E-006   2.5895E-003   2.7315E-006  -2.7302E-007  -8.3470E-003  -8.8880E-007  -5.5352E-005   6.1419E-005  -7.9923E-002  -2.5873E-002   9.5309E-001   2.3444E+000  
-8.2029E-002   5.8944E-006   1.8849E-008   6.0165E-002  -2.3543E-006   1.5773E-003   5.4622E-007   1.7626E-007   1.8000E-005  -2.1208E-007   8.1004E-002   2.2346E-003  -2.4934E-006  -9.1133E-006   1.6188E-006  -3.1665E-007   8.0579E-008  -1.8940E-007   2.7116E-005  -3.3229E-007   3.1913E-007  -2.6398E-002   9.5497E-001   2.2357E+000  
 3.8809E-004   5.6662E-006  -4.6187E-001   7.1231E-002  -1.7580E-006  -2.1994E-002   3.9908E-004  -2.1148E-008  -6.0867E-004   5.2716E-007   7.9005E-002  -1.0852E-003  -1.5160E-006   2.5858E-003   2.5676E-006  -3.3441E-007   8.3470E-003   3.8802E-007   1.0939E-004  -6.1828E-005   7.9923E-002  -2.5873E-002   9.5310E-001   2.3443E+000  
 2.4224E-001   5.2151E-006  -9.0306E-001   1.0194E-001  -2.2670E-006  -8.5624E-002   2.7191E-003  -5.1244E-007  -4.8032E-003   1.6308E-006   7.2686E-002  -1.0582E-002  -2.0175E-006   1.0407E-002   7.7200E-006  -8.3982E-007   1.5842E-002   1.2436E-006   1.0397E-003  -1.2336E-004   1.5972E-001  -2.4314E-002   9.4747E-001   2.4386E+000  
 6.1921E-001   4.6737E-006  -1.2925E+000   1.4414E-001  -2.5907E-006  -1.6594E-001   8.9916E-003  -1.0210E-006  -1.6590E-002   2.9301E-006   6.0999E-002  -2.4833E-002  -2.2145E-006   2.3228E-002   1.7767E-005  -1.3855E-006   2.1912E-002   1.4756E-006   3.8941E-003  -1.8471E-004   2.3792E-001  -2.1403E-002   9.3862E-001   2.5179E+000  
 1.0994E+000   4.6737E-006  -1.6028E+000   1.8412E-001  -2.5579E-006  -2.2681E-001   2.3518E-002  -4.2917E-007  -4.0939E-002   4.3575E-006   4.3832E-002  -4.0808E-002  -2.4329E-006   4.0753E-002   3.2389E-005  -8.7084E-007   2.4279E-002   2.1218E-007   9.7299E-003  -2.4524E-004   3.1473E-001  -1.8715E-002   9.2869E-001   2.5898E+000  
 1.6421E+000   5.1400E-006  -1.7988E+000   2.0341E-001  -1.7795E-006  -2.1634E-001   4.7856E-002  -5.6402E-008  -8.1833E-002   4.8324E-006   1.5873E-002  -5.1723E-002  -5.7699E-007   6.0622E-002   4.9144E-005   7.1988E-007   1.8980E-002  -3.0427E-006   2.2040E-002  -3.0236E-004   3.8761E-001  -1.8089E-002   9.1619E-001   2.6436E+000  
 2.1926E+000   7.8503E-006  -1.8310E+000   1.8290E-001   3.5309E-006  -7.1049E-002   8.7269E-002   3.3973E-006  -1.4043E-001  -1.0724E-006  -2.4288E-002  -5.0126E-002   7.0037E-006   7.1742E-002   5.8948E-005   5.6032E-006   7.7690E-003  -1.4894E-005   4.8211E-002  -3.4563E-004   4.4118E-001  -1.4841E-002   8.9920E-001   2.6365E+000  
 2.6989E+000   1.5217E-005  -1.6567E+000   9.0827E-002   1.9943E-005   2.9536E-001   1.3606E-001   1.1684E-005  -2.0726E-001  -2.3781E-005  -8.4350E-002  -1.6938E-002   2.2196E-005   5.2928E-002   4.7945E-005   9.9250E-006  -1.4173E-002  -3.9368E-005   1.0141E-001  -3.5728E-004   4.5751E-001  -5.8086E-003   8.7734E-001   2.5151E+000  
 2.7361E+000  -2.1896E-001   1.6124E+000   8.5954E-002   6.6509E-002   3.1405E-001  -1.4481E-001   3.2809E-002   1.9368E-001  -1.1667E-001  -8.7322E-002  -1.6159E-002  -3.0021E-002   4.9709E-002  -2.2509E-002   7.1696E-003   1.3936E-002  -6.1248E-004  -9.6712E-002  -6.6911E-002  -4.5389E-001  -6.9195E-003   8.7557E-001   2.5109E+000  
 2.2372E+000  -2.9604E-001   1.7993E+000   1.7972E-001  -2.3908E-002  -4.8013E-002  -9.0418E-002   1.8785E-002   1.2743E-001  -7.2297E-002  -2.8267E-002  -4.6277E-002  -2.5552E-002   6.8101E-002  -2.8363E-002   6.3407E-003  -7.2590E-003   5.1537E-003  -4.6383E-002  -7.5299E-002  -4.3913E-001  -1.3790E-002   8.9806E-001   2.6256E+000  
 1.6971E+000  -3.5340E-001   1.7736E+000   2.0551E-001  -8.2341E-002  -1.9388E-001  -5.1069E-002   1.0675E-002   7.2524E-002  -4.4528E-002   1.3209E-002  -4.9433E-002  -2.2660E-002   5.8091E-002  -2.5842E-002   5.0304E-003  -2.0638E-002   6.0134E-003  -1.9259E-002  -7.7309E-002  -3.8642E-001  -1.5216E-002   9.1466E-001   2.6343E+000  
 1.1633E+000  -3.9592E-001   1.5850E+000   1.8836E-001  -1.0932E-001  -2.0340E-001  -2.5023E-002   6.4532E-003   3.3584E-002  -2.6137E-002   4.0832E-002  -3.7486E-002  -2.0245E-002   3.8374E-002  -2.0987E-002   5.3018E-003  -2.3858E-002   3.9487E-003  -7.9182E-003  -7.8382E-002  -3.1452E-001  -1.7901E-002   9.2728E-001   2.5824E+000  
 6.9116E-001  -4.2602E-001   1.2802E+000   1.5088E-001  -1.0786E-001  -1.4249E-001  -1.0419E-002   3.4967E-003   1.1245E-002  -1.3938E-002   5.8975E-002  -2.1351E-002  -1.7298E-002   2.0715E-002  -1.5656E-002   6.6415E-003  -2.1002E-002   2.1675E-003  -2.5626E-003  -7.8928E-002  -2.3776E-001  -2.1349E-002   9.3713E-001   2.5104E+000  
 3.1982E-001  -4.4631E-001   8.9515E-001   1.1118E-001  -8.4424E-002  -6.2072E-002  -3.3820E-003   1.5606E-003   1.3263E-003  -5.7861E-003   7.0505E-002  -7.2760E-003  -1.2600E-002   7.8580E-003  -1.0429E-002   7.6345E-003  -1.5539E-002   9.5484E-004  -1.5371E-004  -7.9416E-002  -1.5959E-001  -2.3809E-002   9.4563E-001   2.4295E+000  
 8.1585E-002  -4.5811E-001   4.5805E-001   8.1837E-002  -4.5884E-002   1.5672E-003  -7.0730E-004   5.7901E-004  -1.0855E-003  -1.0662E-003   7.6956E-002   2.2217E-003  -6.5503E-003   3.4830E-006  -5.1860E-003   8.0847E-003  -8.1997E-003   1.2750E-004   3.5758E-004  -7.9766E-002  -7.9885E-002  -2.5359E-002   9.5123E-001   2.3494E+000  
 3.8582E-004  -4.6193E-001  -6.9011E-007   7.1226E-002   2.6672E-007   2.5141E-002  -6.1882E-007   2.6903E-004   1.8061E-005   4.5424E-004   7.9001E-002   5.5421E-003  -1.9253E-006  -2.6072E-003   1.0573E-006   8.2315E-003  -1.1627E-006  -1.3927E-004   2.7308E-005  -7.9926E-002  -6.0660E-005  -2.5879E-002   9.5310E-001   2.3162E+000  
 8.1585E-002  -4.5811E-001  -4.5805E-001   8.1837E-002   4.5885E-002   1.5726E-003   7.0783E-004   5.7763E-004   1.1209E-003  -1.0645E-003   7.6957E-002   2.2229E-003   6.5475E-003  -7.5127E-006   5.1914E-003   8.0834E-003   8.1996E-003   1.2929E-004  -3.0441E-004  -7.9889E-002   7.9763E-002  -2.5358E-002   9.5123E-001   2.3498E+000  
 3.1982E-001  -4.4631E-001  -8.9515E-001   1.1118E-001   8.4426E-002  -6.2060E-002   3.3816E-003   1.5581E-003  -1.2899E-003  -5.7833E-003   7.0505E-002  -7.2719E-003   1.2598E-002   7.8354E-003   1.0445E-002   7.6323E-003   1.5538E-002   9.5710E-004   2.0656E-004  -7.9661E-002   1.5947E-001  -2.3809E-002   9.4563E-001   2.4293E+000  
 6.9116E-001  -4.2601E-001  -1.2802E+000   1.5088E-001   1.0786E-001  -1.4247E-001   1.0421E-002   3.4946E-003  -1.1207E-002  -1.3932E-002   5.8978E-002  -2.1345E-002   1.7297E-002   2.0680E-002   1.5694E-002   6.6397E-003   2.1002E-002   2.1705E-003   2.6143E-003  -7.9296E-002   2.3764E-001  -2.1347E-002   9.3713E-001   2.5104E+000  
 1.1633E+000  -3.9592E-001  -1.5850E+000   1.8836E-001   1.0932E-001  -2.0337E-001   2.5024E-002   6.4519E-003  -3.3543E-002  -2.6129E-002   4.0833E-002  -3.7476E-002   2.0243E-002   3.8328E-002   2.1052E-002   5.3022E-003   2.3858E-002   3.9501E-003   7.9687E-003  -7.8870E-002   3.1440E-001  -1.7899E-002   9.2728E-001   2.5825E+000  
 1.6971E+000  -3.5340E-001  -1.7736E+000   2.0552E-001   8.2344E-002  -1.9385E-001   5.1074E-002   1.0676E-002  -7.2484E-002  -4.4521E-002   1.3213E-002  -4.9425E-002   2.2663E-002   5.8035E-002   2.5936E-002   5.0360E-003   2.0645E-002   6.0062E-003   1.9303E-002  -7.7908E-002   3.8630E-001  -1.5208E-002   9.1466E-001   2.6343E+000  
 2.2372E+000  -2.9603E-001  -1.7993E+000   1.7972E-001   2.3919E-002  -4.7984E-002   9.0423E-002   1.8791E-002  -1.2739E-001  -7.2300E-002  -2.8265E-002  -4.6269E-002   2.5566E-002   6.8041E-002   2.8477E-002   6.3518E-003   7.2628E-003   5.1264E-003   4.6419E-002  -7.5982E-002   4.3902E-001  -1.3787E-002   8.9806E-001   2.6257E+000  
 2.7361E+000  -2.1894E-001  -1.6124E+000   8.5960E-002  -6.6466E-002   3.1407E-001   1.4483E-001   3.2829E-002  -1.9365E-001  -1.1672E-001  -8.7320E-002  -1.6158E-002   3.0063E-002   4.9653E-002   2.2604E-002   7.1871E-003  -1.3942E-002  -6.8561E-004   9.6732E-002  -6.7618E-002   4.5379E-001  -6.9329E-003   8.7556E-001   2.5111E+000  
 2.8422E+000  -4.0615E-001   1.4814E+000   6.3139E-002   1.8285E-001   3.6469E-001  -1.6782E-001   6.6811E-002   1.5248E-001  -2.3241E-001  -9.9726E-002  -1.2263E-002  -5.0281E-002   4.1359E-002  -4.2661E-002   6.5929E-003   1.9201E-002   1.4403E-003  -8.1306E-002  -1.3102E-001  -4.4310E-001  -1.3856E-002   8.7010E-001   2.5007E+000  
 2.3693E+000  -5.6094E-001   1.6981E+000   1.7114E-001  -7.7532E-003   9.8195E-003  -1.0524E-001   4.1567E-002   9.1385E-002  -1.4732E-001  -3.7737E-002  -4.0719E-002  -4.9280E-002   5.8614E-002  -5.1012E-002   1.0966E-002  -9.5905E-003   6.8948E-003  -3.6473E-002  -1.4515E-001  -4.3040E-001  -1.0160E-002   8.9308E-001   2.5966E+000  
 1.8578E+000  -6.7796E-001   1.6965E+000   2.0882E-001  -1.3090E-001  -1.3285E-001  -6.1088E-002   2.5492E-002   4.2815E-002  -8.9803E-002   5.1918E-003  -4.2216E-002  -4.5941E-002   4.9314E-002  -4.9520E-002   1.1572E-002  -2.4273E-002   8.9330E-003  -1.2244E-002  -1.5381E-001  -3.8206E-001  -8.1862E-003   9.1037E-001   2.6035E+000  
 1.3503E+000  -7.6641E-001   1.5303E+000   1.9869E-001  -1.8947E-001  -1.4019E-001  -2.9926E-002   1.4819E-002   1.0559E-002  -5.0030E-002   3.1554E-002  -2.7560E-002  -3.9287E-002   3.1130E-002  -4.1946E-002   1.0824E-002  -2.2365E-002   7.8054E-003  -2.2553E-003  -1.5692E-001  -3.1382E-001  -1.5590E-002   9.2318E-001   2.5611E+000  
 9.0138E-001  -8.2877E-001   1.2419E+000   1.6951E-001  -1.9381E-001  -7.9073E-002  -1.4109E-002   9.0521E-003  -5.5213E-003  -2.5132E-002   5.1457E-002  -1.1443E-002  -3.3293E-002   1.3137E-002  -3.1215E-002   1.2853E-002  -1.9318E-002   3.7607E-003   1.5816E-003  -1.5796E-001  -2.3713E-001  -1.9874E-002   9.3283E-001   2.4921E+000  
 5.4728E-001  -8.7086E-001   8.7074E-001   1.3645E-001  -1.5420E-001   1.5642E-003  -5.4915E-003   5.2479E-003  -9.5611E-003  -8.6242E-003   6.3650E-002   2.1972E-003  -2.4192E-002   1.1605E-004  -2.0841E-002   1.4400E-002  -1.4616E-002   1.3903E-003   2.3781E-003  -1.5882E-001  -1.5908E-001  -2.2306E-002   9.4019E-001   2.4650E+000  
 3.1981E-001  -8.9528E-001   4.4625E-001   1.1118E-001  -8.4437E-002   6.5187E-002  -1.6902E-003   3.1319E-003  -6.4481E-003   9.6244E-004   7.0498E-002   1.1693E-002  -1.2602E-002  -7.8279E-003  -1.0366E-002   1.5317E-002  -7.7509E-003  -2.9044E-004   1.6158E-003  -1.5947E-001  -7.9643E-002  -2.3821E-002   9.4564E-001   2.4243E+000  
 2.4223E-001  -9.0319E-001  -5.2476E-007   1.0192E-001   3.5460E-006   8.8747E-002  -1.1317E-006   2.4614E-003   1.7510E-005   4.0522E-003   7.2678E-002   1.5011E-002  -3.4378E-007  -1.0469E-002  -2.2839E-006   1.5613E-002  -1.5823E-006  -8.3280E-004   2.6729E-005  -1.5973E-001  -1.2209E-004  -2.4328E-002   9.4749E-001   2.4062E+000  
 3.1981E-001  -8.9527E-001  -4.4625E-001   1.1118E-001   8.4444E-002   6.5193E-002   1.6892E-003   3.1304E-003   6.4830E-003   9.6402E-004   7.0499E-002   1.1694E-002   1.2601E-002  -7.8470E-003   1.0365E-002   1.5315E-002   7.7493E-003  -2.8787E-004  -1.5633E-003  -1.5959E-001   7.9400E-002  -2.3819E-002   9.4565E-001   2.4246E+000  
 5.4728E-001  -8.7086E-001  -8.7074E-001   1.3645E-001   1.5421E-001   1.5756E-003   5.4910E-003   5.2470E-003   9.5988E-003  -8.6233E-003   6.3650E-002   2.2004E-003   2.4193E-002   7.5918E-005   2.0850E-002   1.4400E-002   1.4615E-002   1.3921E-003  -2.3249E-003  -1.5907E-001   1.5884E-001  -2.2304E-002   9.4019E-001   2.4655E+000  
 9.0138E-001  -8.2876E-001  -1.2419E+000   1.6951E-001   1.9381E-001  -7.9057E-002   1.4110E-002   9.0502E-003   5.5627E-003  -2.5130E-002   5.1456E-002  -1.1437E-002   3.3294E-002   1.3078E-002   3.1245E-002   1.2853E-002   1.9319E-002   3.7634E-003  -1.5297E-003  -1.5832E-001   2.3689E-001  -1.9872E-002   9.3283E-001   2.4925E+000  
 1.3503E+000  -7.6641E-001  -1.5303E+000   1.9869E-001   1.8948E-001  -1.4017E-001   2.9928E-002   1.4817E-002  -1.0513E-002  -5.0025E-002   3.1552E-002  -2.7552E-002   3.9289E-002   3.1050E-002   4.2004E-002   1.0825E-002   2.2366E-002   7.8081E-003   2.3058E-003  -1.5741E-001   3.1358E-001  -1.5590E-002   9.2318E-001   2.5611E+000  
 1.8578E+000  -6.7795E-001  -1.6965E+000   2.0883E-001   1.3091E-001  -1.3283E-001   6.1095E-002   2.5491E-002  -4.2773E-002  -8.9798E-002   5.1944E-003  -4.2214E-002   4.5945E-002   4.9223E-002   4.9606E-002   1.1574E-002   2.4283E-002   8.9293E-003   1.2281E-002  -1.5440E-001   3.8182E-001  -8.1792E-003   9.1037E-001   2.6035E+000  
 2.3693E+000  -5.6093E-001  -1.6981E+000   1.7115E-001   7.7681E-003   9.8343E-003   1.0526E-001   4.1568E-002  -9.1355E-002  -1.4732E-001  -3.7731E-002  -4.0728E-002   4.9292E-002   5.8521E-002   5.1111E-002   1.0971E-002   9.6065E-003   6.8705E-003   3.6488E-002  -1.4581E-001   4.3018E-001  -1.0156E-002   8.9308E-001   2.5967E+000  
 2.8422E+000  -4.0613E-001  -1.4814E+000   6.3141E-002  -1.8282E-001   3.6469E-001   1.6784E-001   6.6815E-002  -1.5248E-001  -2.3244E-001  -9.9728E-002  -1.2275E-002   5.0299E-002   4.1283E-002   4.2747E-002   6.5931E-003  -1.9216E-002   1.3869E-003   8.1294E-002  -1.3171E-001   4.4291E-001  -1.3881E-002   8.7010E-001   2.5010E+000  
 3.2162E+000  -3.5486E-001   9.8042E-001   2.1864E-001   9.9303E-002   2.6408E-001  -4.2125E-001   2.3576E-001   7.7454E-002  -6.5748E-001  -6.5231E-002  -9.9804E-002  -2.2225E-001  -1.0382E-001   1.7151E-001   1.4856E-002  -4.0730E-003  -1.2048E-001  -5.5926E-002  -8.6464E-002  -2.5471E-001  -4.0656E-002   8.1918E-001   2.5022E+000  
 2.5728E+000  -7.5902E-001   1.5260E+000   1.4597E-001   8.9715E-002   7.8421E-002  -1.3154E-001   7.0148E-002   3.2781E-002  -2.2368E-001  -5.6208E-002  -3.5563E-002  -6.4319E-002   4.3704E-002  -6.4362E-002   7.9106E-003  -7.6198E-003   4.9754E-003  -1.5882E-002  -2.0752E-001  -4.1250E-001  -1.2233E-002   8.8426E-001   2.5593E+000  
 2.1038E+000  -9.4212E-001   1.5694E+000   1.9897E-001  -1.0534E-001  -5.6162E-002  -7.4848E-002   4.3565E-002  -5.2078E-003  -1.2969E-001  -1.3238E-002  -3.1389E-002  -5.9081E-002   3.8618E-002  -6.9468E-002   1.0870E-002  -2.0878E-002   1.2133E-002   3.5309E-003  -2.2429E-001  -3.7580E-001  -7.3256E-003   9.0293E-001   2.5727E+000  
 1.6407E+000  -1.0773E+000   1.4351E+000   2.0849E-001  -2.1246E-001  -6.0835E-002  -4.0658E-002   2.9883E-002  -2.9069E-002  -7.0436E-002   1.7715E-002  -1.4596E-002  -5.5928E-002   1.8338E-002  -6.0456E-002   1.5454E-002  -2.1800E-002   8.7662E-003   7.2476E-003  -2.3245E-001  -3.1056E-001  -1.0987E-002   9.1623E-001   2.5700E+000  
 1.2277E+000  -1.1757E+000   1.1757E+000   1.9207E-001  -2.3499E-001   1.3952E-003  -2.0304E-002   1.9664E-002  -3.4698E-002  -3.0410E-002   3.7960E-002   2.8112E-003  -4.6305E-002   6.5635E-004  -4.6386E-002   1.7267E-002  -1.7054E-002   4.5778E-003   8.5195E-003  -2.3549E-001  -2.3603E-001  -1.7406E-002   9.2597E-001   2.5587E+000  
 9.0131E-001  -1.2418E+000   8.2863E-001   1.6962E-001  -1.9369E-001   8.1959E-002  -9.3166E-003   1.3413E-002  -2.8703E-002  -5.0725E-003   5.1364E-002   1.6419E-002  -3.3821E-002  -1.2673E-002  -3.0827E-002   1.9526E-002  -1.3069E-002   5.8949E-004   7.1646E-003  -2.3678E-001  -1.5828E-001  -1.9862E-002   9.3286E-001   2.5295E+000  
 6.9112E-001  -1.2804E+000   4.2579E-001   1.5090E-001  -1.0772E-001   1.4564E-001  -3.3274E-003   1.0081E-002  -1.5851E-002   9.4829E-003   5.8895E-002   2.5477E-002  -1.7775E-002  -2.0776E-002  -1.5378E-002   2.0631E-002  -7.2068E-003  -1.6402E-003   3.9353E-003  -2.3765E-001  -7.9214E-002  -2.1320E-002   9.3717E-001   2.4888E+000  
 6.1952E-001  -1.2930E+000   1.5979E-007   1.4355E-001   5.7283E-006   1.6921E-001  -1.4684E-006   9.2694E-003   1.6895E-005   1.4203E-002   6.1660E-002   2.8624E-002  -3.2033E-007  -2.3491E-002  -1.1322E-005   2.0657E-002  -1.7959E-006  -2.4440E-003   2.6505E-005  -2.3799E-001  -1.8272E-004  -2.2228E-002   9.3866E-001   2.4720E+000  
 6.9112E-001  -1.2804E+000  -4.2579E-001   1.5090E-001   1.0774E-001   1.4564E-001   3.3258E-003   1.0081E-002   1.5886E-002   9.4819E-003   5.8896E-002   2.5477E-002   1.7776E-002  -2.0803E-002   1.5359E-002   2.0631E-002   7.2051E-003  -1.6387E-003  -3.8820E-003  -2.3777E-001   7.8848E-002  -2.1318E-002   9.3717E-001   2.4888E+000  
 9.0131E-001  -1.2418E+000  -8.2863E-001   1.6962E-001   1.9370E-001   8.1970E-002   9.3158E-003   1.3412E-002   2.8741E-002  -5.0744E-003   5.1364E-002   1.6421E-002   3.3824E-002  -1.2730E-002   3.0820E-002   1.9527E-002   1.3070E-002   5.9249E-004  -7.1122E-003  -2.3702E-001   1.5792E-001  -1.9859E-002   9.3286E-001   2.5299E+000  
 1.2277E+000  -1.1757E+000  -1.1757E+000   1.9207E-001   2.3500E-001   1.4119E-003   2.0304E-002   1.9664E-002   3.4741E-002  -3.0412E-002   3.7960E-002   2.8160E-003   4.6309E-002   5.7093E-004   4.6400E-002   1.7268E-002   1.7055E-002   4.5809E-003  -8.4686E-003  -2.3585E-001   2.3567E-001  -1.7404E-002   9.2597E-001   2.5589E+000  
 1.6407E+000  -1.0773E+000  -1.4352E+000   2.0849E-001   2.1247E-001  -6.0812E-002   4.0658E-002   2.9879E-002   2.9116E-002  -7.0434E-002   1.7712E-002  -1.4588E-002   5.5928E-002   1.8229E-002   6.0500E-002   1.5451E-002   2.1797E-002   8.7731E-003  -7.2012E-003  -2.3293E-001   3.1020E-001  -1.0992E-002   9.1623E-001   2.5703E+000  
 2.1038E+000  -9.4211E-001  -1.5694E+000   1.9897E-001   1.0534E-001  -5.6142E-002   7.4853E-002   4.3557E-002   5.2476E-003  -1.2969E-001  -1.3238E-002  -3.1391E-002   5.9079E-002   3.8498E-002   6.9537E-002   1.0863E-002   2.0885E-002   1.2137E-002  -3.5041E-003  -2.2487E-001   3.7546E-001  -7.3248E-003   9.0293E-001   2.5729E+000  
 2.5728E+000  -7.5901E-001  -1.5260E+000   1.4598E-001  -8.9709E-002   7.8425E-002   1.3155E-001   7.0136E-002  -3.2768E-002  -2.2368E-001  -5.6206E-002  -3.5583E-002   6.4317E-002   4.3594E-002   6.4442E-002   7.9014E-003   7.6317E-003   4.9670E-003   1.5873E-002  -2.0816E-001   4.1218E-001  -1.2235E-002   8.8426E-001   2.5596E+000  
 3.2166E+000  -3.5476E-001  -9.7997E-001   2.1893E-001  -9.9090E-002   2.6363E-001   4.2162E-001   2.3582E-001  -7.7824E-002  -6.5779E-001  -6.5151E-002  -1.0008E-001   2.2237E-001  -1.0369E-001  -1.7177E-001   1.4859E-002   4.1238E-003  -1.2063E-001   5.5742E-002  -8.6831E-002   2.5451E-001  -4.0696E-002   8.1917E-001   2.5029E+000  
 1.4704E+001   7.5072E+000  -1.3013E+001   5.6623E+000  -1.1013E+001  -6.3668E+000  -5.0472E+000   2.9128E+000   2.2533E-002  -1.0128E+001   4.6045E-001  -1.4447E+000  -2.5052E+000  -2.7656E+000   4.8176E+000   1.1071E-001  -1.9086E-001  -8.8290E-001  -2.9010E-003   1.0019E+000   1.7171E+000  -8.5722E-003   3.3872E-001   2.1199E+000  
 2.8171E+000  -8.6575E-001   1.2879E+000   7.6873E-002   3.2172E-001   1.2122E-001  -1.5883E-001   9.7302E-002  -4.0730E-002  -2.9114E-001  -9.4859E-002  -3.3122E-002  -5.0123E-002   3.4190E-002  -6.4985E-002  -1.3996E-002   1.1918E-002   6.5792E-003   2.3908E-002  -2.5632E-001  -3.8877E-001  -2.5053E-002   8.7133E-001   2.5242E+000  
 2.4122E+000  -1.1109E+000   1.3808E+000   1.6916E-001   2.2918E-002  -4.9834E-003  -9.9442E-002   7.0708E-002  -7.1287E-002  -1.7000E-001  -3.9897E-002  -2.6637E-002  -6.4122E-002   2.2876E-002  -7.5040E-002   3.3738E-003  -1.6878E-002   6.4815E-003   3.1163E-002  -2.8319E-001  -3.5810E-001  -8.6589E-003   8.9151E-001   2.5637E+000  
 2.0041E+000  -1.3019E+000   1.2978E+000   1.9938E-001  -1.4667E-001  -3.8768E-003  -5.4718E-002   4.9763E-002  -8.1254E-002  -8.3528E-002  -7.7503E-003  -5.1465E-003  -5.9998E-002   3.6914E-003  -7.0380E-002   8.7420E-003  -1.5961E-002   6.4858E-003   2.8648E-002  -2.9884E-001  -3.0140E-001  -1.2886E-002   9.0564E-001   2.5949E+000  
 1.6399E+000  -1.4387E+000   1.0791E+000   2.0356E-001  -2.0964E-001   6.2075E-002  -2.8812E-002   3.7586E-002  -7.5766E-002  -2.5959E-002   1.5847E-002   1.6761E-002  -5.1752E-002  -1.5400E-002  -5.8766E-002   1.4719E-002  -1.1919E-002   4.0755E-003   2.1117E-002  -3.0897E-001  -2.3310E-001  -1.7798E-002   9.1608E-001   2.6060E+000  
 1.3509E+000  -1.5308E+000   7.6628E-001   1.9765E-001  -1.8948E-001   1.4330E-001  -1.5361E-002   3.0343E-002  -5.7330E-002   8.7893E-003   3.2945E-002   3.1880E-002  -4.0252E-002  -3.0608E-002  -4.0488E-002   2.0998E-002  -1.0888E-002  -1.6034E-003   1.3715E-002  -3.1335E-001  -1.5712E-001  -1.7240E-002   9.2325E-001   2.5821E+000  
 1.1633E+000  -1.5854E+000   3.9544E-001   1.8831E-001  -1.0901E-001   2.0663E-001  -5.9729E-003   2.4744E-002  -3.0027E-002   2.8716E-002   4.0781E-002   4.0893E-002  -2.1529E-002  -3.8925E-002  -2.0154E-002   2.3111E-002  -6.4142E-003  -4.6010E-003   7.3738E-003  -3.1450E-001  -7.8630E-002  -1.7906E-002   9.2736E-001   2.5415E+000  
 1.0992E+000  -1.6031E+000   2.0411E-006   1.8439E-001   8.8676E-006   2.3001E-001  -4.9504E-007   2.2887E-002   1.6492E-005   3.5181E-002   4.3248E-002   4.4180E-002   8.1031E-007  -4.1682E-002  -2.3391E-005   2.3890E-002  -3.9929E-007  -5.6533E-003   2.7855E-005  -3.1496E-001  -2.4254E-004  -1.8070E-002   9.2877E-001   2.5188E+000  
 1.1633E+000  -1.5854E+000  -3.9544E-001   1.8831E-001   1.0903E-001   2.0664E-001   5.9710E-003   2.4745E-002   3.0061E-002   2.8712E-002   4.0782E-002   4.0893E-002   2.1532E-002  -3.8960E-002   2.0111E-002   2.3114E-002   6.4136E-003  -4.5992E-003  -7.3183E-003  -3.1462E-001   7.8144E-002  -1.7902E-002   9.2736E-001   2.5414E+000  
 1.3509E+000  -1.5308E+000  -7.6628E-001   1.9765E-001   1.8950E-001   1.4331E-001   1.5361E-002   3.0344E-002   5.7367E-002   8.7850E-003   3.2946E-002   3.1883E-002   4.0257E-002  -3.0680E-002   4.0457E-002   2.1001E-002   1.0889E-002  -1.5980E-003  -1.3662E-002  -3.1359E-001   1.5664E-001  -1.7234E-002   9.2325E-001   2.5824E+000  
 1.6399E+000  -1.4387E+000  -1.0791E+000   2.0356E-001   2.0966E-001   6.2094E-002   2.8809E-002   3.7585E-002   7.5807E-002  -2.5963E-002   1.5846E-002   1.6768E-002   5.1754E-002  -1.5506E-002   5.8756E-002   1.4720E-002   1.1915E-002   4.0838E-003  -2.1069E-002  -3.0933E-001   2.3262E-001  -1.7799E-002   9.1608E-001   2.6063E+000  
 2.0041E+000  -1.3019E+000  -1.2979E+000   1.9938E-001   1.4668E-001  -3.8529E-003   5.4714E-002   4.9758E-002   8.1297E-002  -8.3525E-002  -7.7515E-003  -5.1370E-003   5.9993E-002   3.5624E-003   7.0401E-002   8.7376E-003   1.5955E-002   6.5027E-003  -2.8611E-002  -2.9931E-001   3.0093E-001  -1.2889E-002   9.0564E-001   2.5952E+000  
 2.4122E+000  -1.1109E+000  -1.3808E+000   1.6915E-001  -2.2921E-002  -4.9621E-003   9.9436E-002   7.0692E-002   7.1316E-002  -1.6999E-001  -3.9901E-002  -2.6636E-002   6.4105E-002   2.2745E-002   7.5087E-002   3.3615E-003   1.6874E-002   6.5057E-003  -3.1153E-002  -2.8374E-001   3.5766E-001  -8.6597E-003   8.9151E-001   2.5638E+000  
 2.8171E+000  -8.6576E-001  -1.2880E+000   7.6869E-002  -3.2174E-001   1.2122E-001   1.5884E-001   9.7272E-002   4.0717E-002  -2.9112E-001  -9.4861E-002  -3.3147E-002   5.0099E-002   3.4083E-002   6.5039E-002  -1.4008E-002  -1.1907E-002   6.5972E-003  -2.3942E-002  -2.5691E-001   3.8838E-001  -2.5045E-002   8.7133E-001   2.5246E+000  
 1.4705E+001   7.5044E+000   1.3015E+001   5.6626E+000   1.1010E+001  -6.3724E+000   5.0482E+000   2.9117E+000  -2.9058E-002  -1.0128E+001   4.6048E-001  -1.4460E+000   2.5046E+000  -2.7614E+000  -4.8202E+000   1.1064E-001   1.9091E-001  -8.8293E-001   2.1324E-003   1.0037E+000  -1.7161E+000  -8.5769E-003   3.3871E-001   2.1168E+000  
 2.4043E+000  -1.4021E+000   1.1134E+000   1.5312E-001   3.9143E-002  -1.8983E-002  -7.0090E-002   7.6809E-002  -1.4553E-001  -8.1892E-002  -4.8611E-002  -1.9182E-003  -4.5157E-002  -8.9607E-003  -6.8488E-002  -8.3874E-003  -3.3317E-003   3.1076E-003   6.4044E-002  -3.5178E-001  -2.8510E-001  -1.6409E-002   8.9119E-001   2.5658E+000  
 2.1010E+000  -1.5789E+000   9.4596E-001   1.8855E-001  -9.6584E-002   5.1608E-002  -4.0991E-002   6.6189E-002  -1.2816E-001  -7.6146E-003  -1.7640E-002   2.5225E-002  -4.7039E-002  -3.3685E-002  -6.2341E-002   5.6136E-003  -4.9794E-003  -7.3911E-004   4.3319E-002  -3.7239E-001  -2.2337E-001  -1.7683E-002   9.0261E-001   2.6100E+000  
 1.8556E+000  -1.7027E+000   6.8243E-001   2.0041E-001  -1.2342E-001   1.3402E-001  -2.1116E-002   5.5480E-002  -9.1163E-002   4.0013E-002   6.8648E-004   4.3143E-002  -3.5385E-002  -4.9426E-002  -4.4009E-002   1.3076E-002  -3.2915E-003  -5.1041E-003   2.9268E-002  -3.8104E-001  -1.5211E-001  -1.8582E-002   9.1013E-001   2.6021E+000  
 1.6972E+000  -1.7725E+000   3.5406E-001   2.0712E-001  -8.0759E-002   1.9864E-001  -9.7630E-003   5.1500E-002  -4.8275E-002   6.5995E-002   1.3470E-002   5.5713E-002  -2.1029E-002  -6.0695E-002  -2.3107E-002   2.2962E-002  -3.6327E-003  -9.2721E-003   1.3243E-002  -3.8709E-001  -7.6487E-002  -1.2975E-002   9.1483E-001   2.5766E+000  
 1.6428E+000  -1.7951E+000   4.5353E-006   2.0868E-001   1.3126E-005   2.2267E-001  -3.2569E-007   5.0202E-002   1.7391E-005   7.4785E-002   1.7452E-002   6.0367E-002   4.5941E-006  -6.3876E-002  -3.6644E-005   2.6593E-002   1.4111E-006  -1.0013E-002   3.1139E-005  -3.8877E-001  -2.9898E-004  -1.0691E-002   9.1652E-001   2.5398E+000  
 1.6972E+000  -1.7725E+000  -3.5405E-001   2.0713E-001   8.0786E-002   1.9865E-001   9.7628E-003   5.1505E-002   4.8312E-002   6.5994E-002   1.3476E-002   5.5720E-002   2.1040E-002  -6.0735E-002   2.3039E-002   2.2974E-002   3.6364E-003  -9.2654E-003  -1.3179E-002  -3.8720E-001   7.5892E-002  -1.2962E-002   9.1484E-001   2.5765E+000  
 1.8556E+000  -1.7027E+000  -6.8242E-001   2.0042E-001   1.2345E-001   1.3404E-001   2.1115E-002   5.5487E-002   9.1204E-002   4.0014E-002   6.9199E-004   4.3158E-002   3.5396E-002  -4.9506E-002   4.3956E-002   1.3091E-002   3.2941E-003  -5.0865E-003  -2.9208E-002  -3.8128E-001   1.5152E-001  -1.8569E-002   9.1013E-001   2.6020E+000  
 2.1010E+000  -1.5789E+000  -9.4596E-001   1.8855E-001   9.6604E-002   5.1637E-002   4.0985E-002   6.6194E-002   1.2821E-001  -7.6083E-003  -1.7638E-002   2.5247E-002   4.7041E-002  -3.3798E-002   6.2310E-002   5.6246E-003   4.9732E-003  -7.0998E-004  -4.3268E-002  -3.7274E-001   2.2280E-001  -1.7679E-002   9.0261E-001   2.6104E+000  
 2.4043E+000  -1.4021E+000  -1.1134E+000   1.5312E-001  -3.9141E-002  -1.8950E-002   7.0075E-002   7.6805E-002   1.4557E-001  -8.1872E-002  -4.8613E-002  -1.8970E-003   4.5140E-002  -9.0896E-003   6.8487E-002  -8.3859E-003   3.3175E-003   3.1524E-003  -6.4014E-002  -3.5222E-001   2.8455E-001  -1.6406E-002   8.9119E-001   2.5659E+000  
 2.7993E+000  -1.3194E+000   8.7140E-001   6.5701E-002   3.6489E-001  -1.6545E-001  -9.1316E-002   1.2424E-001  -2.2126E-001  -5.9224E-002  -9.6887E-002  -4.6608E-003  -1.8360E-002  -1.4393E-002  -4.4839E-002  -1.4921E-002   3.9523E-003  -1.0563E-003   1.1159E-001  -3.7967E-001  -2.5496E-001  -2.0067E-003   8.7217E-001   2.4552E+000  
 2.5568E+000  -1.5520E+000   7.7976E-001   1.2155E-001   1.3487E-001  -9.0225E-002  -4.8181E-002   1.0505E-001  -1.7908E-001   4.0453E-002  -6.8202E-002   2.5296E-002  -1.7045E-002  -3.8142E-002  -4.5493E-002  -1.0642E-002   9.4088E-003  -8.5037E-004   8.6599E-002  -4.0737E-001  -2.0282E-001  -1.3308E-002   8.8422E-001   2.5156E+000  
 2.3656E+000  -1.7035E+000   5.7388E-001   1.6303E-001   1.6933E-002  -2.3993E-003  -2.6931E-002   1.0019E-001  -1.2988E-001   1.0035E-001  -4.2059E-002   5.0543E-002  -1.9233E-002  -6.2345E-002  -3.7509E-002   4.0500E-003   6.4799E-003  -5.9557E-003   5.4703E-002  -4.2988E-001  -1.4011E-001  -1.4603E-002   8.9299E-001   2.5632E+000  
 2.2393E+000  -1.7925E+000   3.0128E-001   1.8503E-001  -1.4281E-002   6.3429E-002  -1.2362E-002   9.6791E-002  -6.8467E-002   1.3362E-001  -2.6213E-002   6.5841E-002  -1.2925E-002  -7.6656E-002  -2.1836E-002   1.5862E-002   2.4471E-003  -1.0401E-002   2.5414E-002  -4.4186E-001  -7.2846E-002  -1.0862E-002   8.9839E-001   2.5703E+000  
 2.1950E+000  -1.8229E+000   1.0122E-005   1.9041E-001   2.2201E-005   8.6151E-002   3.3902E-006   9.4031E-002   2.4829E-005   1.4313E-001  -2.2041E-002   6.9309E-002   1.4431E-005  -8.1743E-002  -4.4593E-005   1.8499E-002   6.9889E-006  -1.3161E-002   4.2664E-005  -4.4498E-001  -3.4173E-004  -9.7112E-003   8.9964E-001   2.5410E+000  
 2.2393E+000  -1.7925E+000  -3.0126E-001   1.8504E-001   1.4323E-002   6.3443E-002   1.2366E-002   9.6799E-002   6.8518E-002   1.3362E-001  -2.6208E-002   6.5852E-002   1.2951E-002  -7.6697E-002   2.1753E-002   1.5874E-002  -2.4370E-003  -1.0386E-002  -2.5330E-002  -4.4197E-001   7.2168E-002  -1.0854E-002   8.9839E-001   2.5704E+000  
 2.3656E+000  -1.7035E+000  -5.7387E-001   1.6305E-001  -1.6893E-002  -2.3658E-003   2.6933E-002   1.0021E-001   1.2993E-001   1.0037E-001  -4.2050E-002   5.0573E-002   1.9254E-002  -6.2422E-002   3.7447E-002   4.0732E-003  -6.4748E-003  -5.9181E-003  -5.4623E-002  -4.3010E-001   1.3945E-001  -1.4593E-002   8.9299E-001   2.5633E+000  
 2.5568E+000  -1.5520E+000  -7.7976E-001   1.2157E-001  -1.3484E-001  -9.0173E-002   4.8172E-002   1.0506E-001   1.7913E-001   4.0489E-002  -6.8197E-002   2.5340E-002   1.7048E-002  -3.8241E-002   4.5458E-002  -1.0623E-002  -9.4164E-003  -7.8540E-004  -8.6535E-002  -4.0769E-001   2.0219E-001  -1.3305E-002   8.8422E-001   2.5160E+000  
 2.7993E+000  -1.3193E+000  -8.7142E-001   6.5703E-002  -3.6489E-001  -1.6539E-001   9.1289E-002   1.2425E-001   2.2130E-001  -5.9158E-002  -9.6884E-002  -4.6082E-003   1.8341E-002  -1.4493E-002   4.4836E-002  -1.4902E-002  -3.9641E-003  -9.6583E-004  -1.1155E-001  -3.8006E-001   2.5437E-001  -1.9949E-003   8.7218E-001   2.4554E+000  
-8.5945E+000  -1.5259E+001   8.7860E+000  -6.0431E+000   1.2843E+001  -7.4536E+000   2.7611E+000  -4.7846E+000   9.5036E+000  -2.0532E-002  -8.6673E-001  -1.5093E+000   2.6120E+000   2.8085E+000   4.9057E+000  -3.4197E-001   1.9704E-001  -6.9042E-004   1.0864E+000   1.7316E+000   1.0132E+000  -2.6796E-002   3.4015E-001   2.2804E+000  
 2.7545E+000  -1.5806E+000   7.4329E-001  -2.2048E-001   7.9627E-001  -5.8754E-001   7.7606E-002  -5.1172E-002   7.6076E-002   1.4016E-001  -1.9282E-001  -7.6759E-002   1.9888E-001   1.0736E-001   2.1324E-001  -6.3585E-002   4.0411E-002   4.2235E-003   2.6183E-001  -2.4786E-001  -7.6168E-002   1.2446E-002   8.2012E-001   2.5038E+000  
 2.8384E+000  -1.4786E+000   4.4043E-001   5.8598E-002   2.5030E-001  -3.3071E-001  -3.0003E-002   1.7067E-001  -1.6788E-001   2.0946E-001  -1.0206E-001   4.6491E-002   1.3540E-002  -5.4039E-002  -1.6593E-002  -1.6184E-002   1.6681E-002  -1.9801E-003   9.0738E-002  -4.4435E-001  -1.2303E-001  -1.3481E-002   8.7028E-001   2.4587E+000  
 2.7480E+000  -1.5889E+000   2.3749E-001   9.6263E-002   1.0124E-001  -2.6236E-001  -1.1982E-002   1.6953E-001  -8.4670E-002   2.5120E-001  -8.4348E-002   6.3643E-002   6.7191E-003  -7.1357E-002  -8.9542E-003  -9.2639E-003   1.0507E-002  -5.6009E-003   4.6871E-002  -4.6028E-001  -6.2155E-002  -1.9561E-002   8.7537E-001   2.4973E+000  
 2.7173E+000  -1.6235E+000   2.0693E-005   1.0989E-001   4.2133E-005  -2.3693E-001   1.1800E-005   1.7032E-001   4.8720E-005   2.6455E-001  -7.7697E-002   7.0202E-002   3.1618E-005  -7.7498E-002  -3.2179E-005  -5.0696E-003   1.1945E-005  -7.0743E-003   6.6285E-005  -4.6583E-001  -3.5498E-004  -2.0378E-002   8.7713E-001   2.5079E+000  
 2.7480E+000  -1.5889E+000  -2.3745E-001   9.6280E-002  -1.0116E-001  -2.6233E-001   1.2002E-002   1.6955E-001   8.4767E-002   2.5122E-001  -8.4340E-002   6.3666E-002  -6.6621E-003  -7.1388E-002   8.8965E-003  -9.2572E-003  -1.0490E-002  -5.5696E-003  -4.6742E-002  -4.6038E-001   6.1451E-002  -1.9567E-002   8.7537E-001   2.4976E+000  
 2.8385E+000  -1.4786E+000  -4.4040E-001   5.8613E-002  -2.5023E-001  -3.3064E-001   3.0009E-002   1.7070E-001   1.6797E-001   2.0951E-001  -1.0206E-001   4.6534E-002  -1.3507E-002  -5.4093E-002   1.6552E-002  -1.6183E-002  -1.6680E-002  -1.9156E-003  -9.0626E-002  -4.4455E-001   1.2235E-001  -1.3500E-002   8.7028E-001   2.4588E+000  
 2.7548E+000  -1.5800E+000  -7.4318E-001  -2.2017E-001  -7.9601E-001  -5.8701E-001  -7.7536E-002  -5.0778E-002  -7.5694E-002   1.4058E-001  -1.9273E-001  -7.6441E-002  -1.9874E-001   1.0750E-001  -2.1292E-001  -6.3517E-002  -4.0403E-002   4.4659E-003  -2.6162E-001  -2.4807E-001   7.5807E-002   1.2410E-002   8.2013E-001   2.5031E+000  
-8.5939E+000  -1.5256E+001  -8.7887E+000  -6.0428E+000  -1.2846E+001  -7.4479E+000  -2.7622E+000  -4.7835E+000  -9.5032E+000  -1.3901E-002  -8.6668E-001  -1.5079E+000  -2.6126E+000   2.8127E+000  -4.9030E+000  -3.4189E-001  -1.9711E-001   1.5557E-004  -1.0863E+000   1.7326E+000  -1.0114E+000  -2.6795E-002   3.4016E-001   2.2836E+000  
