 3.0126E+000   1.1445E+000   5.5196E-001  -1.9489E-001  -1.0618E+000  -2.4959E-001  -1.0836E-001  -1.2426E-001  -3.2275E-001  -8.9245E-001  -2.0201E-001  -1.0509E-001  -4.9531E-003  -6.6978E-002  -8.9978E-002   8.1591E-002   3.1346E-002   1.3459E-001   9.9851E-002  -4.2187E-003   9.8244E-003  -1.7752E-002   2.6686E-002   1.8537E-001  
 2.9157E+000   1.3309E+000   5.1047E-001  -2.7952E-002  -5.8959E-001  -1.1773E-001  -8.1582E-002  -1.6792E-001  -2.8454E-001  -1.0350E+000  -1.3469E-001  -4.4443E-002   2.7943E-002  -6.8990E-002  -5.4602E-002   3.8841E-002   1.1764E-002   1.3964E-001   7.3667E-002  -2.2994E-003   8.0393E-003  -1.6358E-002   3.2820E-002   2.2689E-001  
 2.7739E+000   1.5282E+000   3.9685E-001   3.7710E-002  -3.0977E-001  -3.2094E-002  -5.0365E-002  -1.5753E-001  -1.9841E-001  -1.1161E+000  -1.0533E-001  -2.1609E-002   2.9796E-002  -7.3432E-002  -3.2854E-002   2.6078E-002   4.6804E-003   1.5239E-001   4.7109E-002   8.1423E-006   3.9082E-003  -1.7281E-002   3.2850E-002   1.8109E-001  
 2.6747E+000   1.6521E+000   2.1524E-001   6.7045E-002  -1.3069E-001   2.7721E-002  -2.3135E-002  -1.4489E-001  -9.9484E-002  -1.1596E+000  -9.0715E-002  -1.1169E-002   1.6966E-002  -7.7544E-002  -1.6810E-002   2.1011E-002   1.7378E-003   1.6199E-001   2.3873E-002   2.0998E-003   2.4774E-003  -1.7812E-002   3.2693E-002   1.5562E-001  
 2.6405E+000   1.6925E+000  -5.8668E-006   7.6044E-002  -3.5190E-005   4.9907E-002  -5.3654E-007  -1.4081E-001   1.0397E-004  -1.1737E+000  -8.5982E-002  -7.5365E-003   5.3195E-006  -7.8933E-002   7.3038E-006   1.9378E-002  -4.5706E-007   1.6515E-001  -1.2747E-005   2.9145E-003   2.6103E-007  -1.8035E-002   3.2655E-002   1.3786E-001  
 2.6747E+000   1.6521E+000  -2.1525E-001   6.7044E-002   1.3062E-001   2.7730E-002   2.3134E-002  -1.4489E-001   9.9692E-002  -1.1596E+000  -9.0716E-002  -1.1172E-002  -1.6955E-002  -7.7542E-002   1.6824E-002   2.1012E-002  -1.7387E-003   1.6199E-001  -2.3898E-002   2.0999E-003  -2.4769E-003  -1.7812E-002   3.2693E-002   1.5562E-001  
 2.7739E+000   1.5282E+000  -3.9686E-001   3.7707E-002   3.0970E-001  -3.2075E-002   5.0363E-002  -1.5753E-001   1.9862E-001  -1.1160E+000  -1.0533E-001  -2.1614E-002  -2.9785E-002  -7.3428E-002   3.2869E-002   2.6080E-002  -4.6817E-003   1.5239E-001  -4.7135E-002   8.1702E-006  -3.9080E-003  -1.7282E-002   3.2849E-002   1.8106E-001  
 2.9157E+000   1.3309E+000  -5.1048E-001  -2.7960E-002   5.8953E-001  -1.1770E-001   8.1577E-002  -1.6791E-001   2.8474E-001  -1.0350E+000  -1.3470E-001  -4.4451E-002  -2.7927E-002  -6.8983E-002   5.4621E-002   3.8846E-002  -1.1767E-002   1.3964E-001  -7.3695E-002  -2.3003E-003  -8.0404E-003  -1.6360E-002   3.2819E-002   2.2693E-001  
 3.0126E+000   1.1446E+000  -5.5198E-001  -1.9491E-001   1.0617E+000  -2.4956E-001   1.0835E-001  -1.2424E-001   3.2295E-001  -8.9245E-001  -2.0202E-001  -1.0511E-001   4.9784E-003  -6.6968E-002   8.9996E-002   8.1599E-002  -3.1351E-002   1.3459E-001  -9.9885E-002  -4.2185E-003  -9.8244E-003  -1.7753E-002   2.6683E-002   1.8535E-001  
 2.7501E+000   1.3210E+000   8.1994E-001   5.7691E-002  -5.2504E-001   1.3052E-001  -1.0062E-001  -1.3930E-001  -2.5670E-001  -8.8748E-001  -9.5340E-002  -2.5908E-002   6.2151E-002  -4.7212E-002  -4.7730E-002   1.3734E-002   5.0578E-003   9.8231E-002   5.8635E-002  -4.7205E-003  -1.1343E-004  -1.2694E-002   3.4173E-002   1.9899E-001  
 2.5038E+000   1.5648E+000   7.3436E-001   1.1685E-001  -2.5068E-001   1.9055E-001  -6.2263E-002  -1.1379E-001  -2.0086E-001  -9.8023E-001  -6.3376E-002  -9.0769E-003   5.9533E-002  -5.2783E-002  -3.7405E-002   4.1137E-003  -6.4397E-004   1.1724E-001   4.6057E-002  -3.6524E-003   1.1504E-003  -1.3739E-002   3.3613E-002   2.0052E-001  
 2.3052E+000   1.7316E+000   5.4434E-001   1.4914E-001  -9.7451E-002   2.6940E-001  -3.5920E-002  -9.7600E-002  -1.3804E-001  -1.0431E+000  -4.1401E-002   6.5355E-003   4.6285E-002  -5.6822E-002  -2.5282E-002  -3.4030E-003  -2.7049E-003   1.3013E-001   3.1181E-002  -2.0554E-003   1.4208E-003  -1.4282E-002   3.3877E-002   2.0552E-001  
 2.1755E+000   1.8293E+000   2.8719E-001   1.6425E-001  -2.7283E-002   3.3173E-001  -1.6360E-002  -8.8505E-002  -7.0070E-002  -1.0800E+000  -2.8567E-002   1.7432E-002   2.5156E-002  -5.8879E-002  -1.2445E-002  -8.1388E-003  -2.0745E-003   1.3737E-001   1.5472E-002  -9.9401E-004   6.9387E-004  -1.4495E-002   3.4451E-002   1.9278E-001  
 2.1309E+000   1.8612E+000  -4.2830E-006   1.6844E-001  -3.0549E-005   3.5475E-001  -2.6420E-007  -8.5523E-002   1.0517E-004  -1.0919E+000  -2.4441E-002   2.1202E-002   4.2480E-006  -5.9467E-002   5.9293E-006  -9.6558E-003  -2.0160E-007   1.3971E-001  -1.2676E-005  -7.2521E-004   3.9937E-007  -1.4577E-002   3.4676E-002   1.8457E-001  
 2.1755E+000   1.8293E+000  -2.8720E-001   1.6425E-001   2.7222E-002   3.3174E-001   1.6359E-002  -8.8505E-002   7.0280E-002  -1.0800E+000  -2.8567E-002   1.7431E-002  -2.5148E-002  -5.8877E-002   1.2457E-002  -8.1383E-003   2.0741E-003   1.3737E-001  -1.5497E-002  -9.9384E-004  -6.9302E-004  -1.4495E-002   3.4451E-002   1.9276E-001  
 2.3052E+000   1.7316E+000  -5.4435E-001   1.4914E-001   9.7390E-002   2.6942E-001   3.5920E-002  -9.7599E-002   1.3825E-001  -1.0431E+000  -4.1402E-002   6.5323E-003  -4.6276E-002  -5.6817E-002   2.5294E-002  -3.4018E-003   2.7043E-003   1.3013E-001  -3.1206E-002  -2.0550E-003  -1.4201E-003  -1.4283E-002   3.3877E-002   2.0549E-001  
 2.5038E+000   1.5648E+000  -7.3437E-001   1.1685E-001   2.5062E-001   1.9058E-001   6.2262E-002  -1.1379E-001   2.0107E-001  -9.8023E-001  -6.3377E-002  -9.0818E-003  -5.9523E-002  -5.2777E-002   3.7417E-002   4.1155E-003   6.4298E-004   1.1724E-001  -4.6083E-002  -3.6520E-003  -1.1500E-003  -1.3740E-002   3.3613E-002   2.0049E-001  
 2.7501E+000   1.3210E+000  -8.1995E-001   5.7688E-002   5.2498E-001   1.3056E-001   1.0062E-001  -1.3930E-001   2.5691E-001  -8.8748E-001  -9.5342E-002  -2.5915E-002  -6.2140E-002  -4.7203E-002   4.7743E-002   1.3736E-002  -5.0592E-003   9.8231E-002  -5.8661E-002  -4.7202E-003   1.1354E-004  -1.2695E-002   3.4173E-002   1.9896E-001  
 2.3504E+000   1.3982E+000   1.0722E+000   1.4758E-001  -2.1466E-001   2.2339E-001  -7.4453E-002  -8.7404E-002  -1.5805E-001  -8.7017E-001  -4.3881E-002  -1.9281E-002   8.0935E-002  -3.9015E-002  -3.9785E-002  -4.9641E-003  -6.0793E-003   9.1551E-002   3.4911E-002  -3.4406E-003  -2.9116E-003  -1.1158E-002   3.2917E-002   1.8143E-001  
 2.0427E+000   1.5883E+000   9.1475E-001   1.7840E-001  -3.7844E-002   2.8501E-001  -4.4494E-002  -6.8528E-002  -1.2884E-001  -9.4550E-001  -1.5883E-002  -2.7099E-003   7.1683E-002  -4.2739E-002  -3.0676E-002  -1.2694E-002  -8.9653E-003   1.0727E-001   2.7688E-002  -2.8246E-003  -1.5454E-003  -1.2462E-002   3.2487E-002   1.8422E-001  
 1.7961E+000   1.7187E+000   6.6082E-001   1.8848E-001   3.4204E-002   3.6488E-001  -2.4593E-002  -5.5793E-002  -9.0266E-002  -9.9651E-001   2.4737E-003   1.1901E-002   5.2741E-002  -4.4991E-002  -2.0842E-002  -1.7555E-002  -7.7926E-003   1.1783E-001   1.9243E-002  -2.3496E-003  -6.3031E-004  -1.4043E-002   3.2384E-002   1.9258E-001  
 1.6360E+000   1.7949E+000   3.4410E-001   1.8983E-001   3.5134E-002   4.2785E-001  -1.0854E-002  -4.8645E-002  -4.6221E-002  -1.0261E+000   1.3092E-002   2.1922E-002   2.7803E-002  -4.6225E-002  -1.0426E-002  -2.0469E-002  -4.4334E-003   1.2395E-001   9.7476E-003  -1.9465E-003  -2.2271E-004  -1.5081E-002   3.2535E-002   1.9225E-001  
 1.5812E+000   1.8198E+000  -3.0386E-006   1.8948E-001  -2.5611E-005   4.5117E-001  -1.7320E-007  -4.6383E-002   1.0594E-004  -1.0358E+000   1.6533E-002   2.5450E-002   3.4351E-006  -4.6555E-002   4.8150E-006  -2.1432E-002  -9.4478E-008   1.2588E-001  -1.2819E-005  -1.8517E-003   3.5358E-007  -1.5437E-002   3.2643E-002   1.9138E-001  
 1.6360E+000   1.7949E+000  -3.4410E-001   1.8983E-001  -3.5185E-002   4.2786E-001   1.0853E-002  -4.8645E-002   4.6433E-002  -1.0261E+000   1.3092E-002   2.1921E-002  -2.7796E-002  -4.6222E-002   1.0436E-002  -2.0469E-002   4.4333E-003   1.2395E-001  -9.7733E-003  -1.9463E-003   2.2349E-004  -1.5081E-002   3.2535E-002   1.9222E-001  
 1.7961E+000   1.7187E+000  -6.6082E-001   1.8848E-001  -3.4255E-002   3.6490E-001   2.4593E-002  -5.5792E-002   9.0478E-002  -9.9651E-001   2.4735E-003   1.1899E-002  -5.2734E-002  -4.4987E-002   2.0852E-002  -1.7554E-002   7.7924E-003   1.1783E-001  -1.9268E-002  -2.3492E-003   6.3099E-004  -1.4044E-002   3.2385E-002   1.9255E-001  
 2.0427E+000   1.5883E+000  -9.1476E-001   1.7840E-001   3.7793E-002   2.8504E-001   4.4494E-002  -6.8527E-002   1.2905E-001  -9.4550E-001  -1.5884E-002  -2.7140E-003  -7.1676E-002  -4.2733E-002   3.0686E-002  -1.2693E-002   8.9649E-003   1.0727E-001  -2.7714E-002  -2.8238E-003   1.5459E-003  -1.2462E-002   3.2487E-002   1.8419E-001  
 2.3504E+000   1.3982E+000  -1.0722E+000   1.4758E-001   2.1461E-001   2.2343E-001   7.4452E-002  -8.7403E-002   1.5826E-001  -8.7017E-001  -4.3882E-002  -1.9287E-002  -8.0927E-002  -3.9007E-002   3.9795E-002  -4.9630E-003   6.0786E-003   9.1551E-002  -3.4937E-002  -3.4399E-003   2.9119E-003  -1.1159E-002   3.2918E-002   1.8146E-001  
 3.0822E+000   5.4767E-001   9.6117E-001  -1.0858E-001  -1.1515E+000   6.7380E-001  -2.2795E-001  -1.3069E-001   4.7839E-003  -5.5541E-001  -1.7160E-001  -3.1204E-002   5.5202E-002  -2.7269E-002  -4.6422E-002   2.5084E-002   4.4119E-002   3.8972E-002  -1.2732E-003   3.1864E-003  -5.0656E-003  -1.3691E-002   3.5516E-002   1.5326E-001  
 2.7575E+000   8.4410E-001   1.2493E+000   6.6130E-002  -6.1283E-001   3.2381E-001  -1.5263E-001  -1.0014E-001  -5.0348E-002  -6.7829E-001  -9.1012E-002  -4.3400E-002   7.9780E-002  -2.8881E-002  -4.7786E-002   3.5921E-003   4.0879E-003   5.2592E-002   1.1136E-002   1.2532E-003  -5.1221E-003  -8.5957E-003   3.4228E-002   1.5892E-001  
 2.3524E+000   1.1013E+000   1.3502E+000   1.4960E-001  -2.6014E-001   1.9070E-001  -9.3092E-002  -7.2056E-002  -7.6864E-002  -7.8823E-001  -4.3043E-002  -3.8318E-002   8.8295E-002  -3.0119E-002  -4.2720E-002  -5.5830E-003  -8.4826E-003   7.4146E-002   1.6816E-002  -9.8518E-005  -5.0322E-003  -9.7423E-003   3.2072E-002   1.6668E-001  
 1.9459E+000   1.2986E+000   1.2682E+000   1.8528E-001  -3.8103E-002   1.8488E-001  -5.4719E-002  -5.1990E-002  -8.2423E-002  -8.7065E-001  -8.0729E-003  -2.4719E-002   8.5079E-002  -3.2522E-002  -3.6035E-002  -1.2909E-002  -1.4018E-002   9.1544E-002   1.7373E-002  -1.0034E-003  -3.6350E-003  -1.1806E-002   3.0335E-002   1.6846E-001  
 1.5809E+000   1.4425E+000   1.0547E+000   1.9093E-001   7.1848E-002   2.4680E-001  -3.0831E-002  -3.8016E-002  -7.3037E-002  -9.3006E-001   1.6136E-002  -8.5519E-003   7.2054E-002  -3.4455E-002  -2.7695E-002  -1.8153E-002  -1.4302E-002   1.0403E-001   1.4841E-002  -1.2591E-003  -2.4943E-003  -1.4184E-002   2.9330E-002   1.7134E-001  
 1.2906E+000   1.5409E+000   7.5076E-001   1.8259E-001   9.6447E-002   3.2724E-001  -1.6119E-002  -2.8661E-002  -5.3574E-002  -9.7013E-001   3.1834E-002   5.6553E-003   5.1764E-002  -3.5656E-002  -1.8704E-002  -2.1287E-002  -1.1066E-002   1.1249E-001   1.0753E-002  -1.3749E-003  -1.5775E-003  -1.6644E-002   2.8665E-002   1.7291E-001  
 1.1030E+000   1.5985E+000   3.8793E-001   1.7245E-001   6.2768E-002   3.9059E-001  -6.7927E-003  -2.3295E-002  -2.7979E-002  -9.9329E-001   4.0689E-002   1.5190E-002   2.6813E-002  -3.6267E-002  -9.4191E-003  -2.2879E-002  -5.8759E-003   1.1745E-001   5.6546E-003  -1.5564E-003  -7.5249E-004  -1.8460E-002   2.8305E-002   1.8076E-001  
 1.0388E+000   1.6172E+000  -2.0126E-006   1.6827E-001  -2.0524E-005   4.1404E-001  -1.2736E-007  -2.1585E-002   1.0647E-004  -1.0008E+000   4.3523E-002   1.8500E-002   2.7259E-006  -3.6467E-002   3.8220E-006  -2.3398E-002  -1.4396E-008   1.1906E-001  -1.3061E-005  -1.6129E-003   2.5233E-007  -1.9066E-002   2.8210E-002   1.8449E-001  
 1.1030E+000   1.5985E+000  -3.8794E-001   1.7245E-001  -6.2809E-002   3.9060E-001   6.7925E-003  -2.3295E-002   2.8192E-002  -9.9329E-001   4.0689E-002   1.5188E-002  -2.6807E-002  -3.6264E-002   9.4268E-003  -2.2879E-002   5.8759E-003   1.1745E-001  -5.6807E-003  -1.5562E-003   7.5305E-004  -1.8460E-002   2.8305E-002   1.8077E-001  
 1.2906E+000   1.5409E+000  -7.5076E-001   1.8259E-001  -9.6488E-002   3.2726E-001   1.6119E-002  -2.8661E-002   5.3787E-002  -9.7013E-001   3.1834E-002   5.6528E-003  -5.1759E-002  -3.5652E-002   1.8711E-002  -2.1287E-002   1.1066E-002   1.1249E-001  -1.0779E-002  -1.3744E-003   1.5781E-003  -1.6644E-002   2.8666E-002   1.7293E-001  
 1.5809E+000   1.4425E+000  -1.0547E+000   1.9093E-001  -7.1889E-002   2.4683E-001   3.0831E-002  -3.8016E-002   7.3249E-002  -9.3006E-001   1.6136E-002  -8.5558E-003  -7.2048E-002  -3.4449E-002   2.7703E-002  -1.8153E-002   1.4301E-002   1.0403E-001  -1.4867E-002  -1.2582E-003   2.4947E-003  -1.4184E-002   2.9330E-002   1.7135E-001  
 1.9459E+000   1.2986E+000  -1.2682E+000   1.8528E-001   3.8063E-002   1.8492E-001   5.4719E-002  -5.1989E-002   8.2634E-002  -8.7066E-001  -8.0731E-003  -2.4724E-002  -8.5073E-002  -3.2514E-002   3.6043E-002  -1.2909E-002   1.4018E-002   9.1544E-002  -1.7398E-002  -1.0026E-003   3.6351E-003  -1.1806E-002   3.0336E-002   1.6850E-001  
 2.3524E+000   1.1013E+000  -1.3502E+000   1.4960E-001   2.6009E-001   1.9075E-001   9.3092E-002  -7.2056E-002   7.7073E-002  -7.8823E-001  -4.3043E-002  -3.8325E-002  -8.8289E-002  -3.0108E-002   4.2728E-002  -5.5823E-003   8.4826E-003   7.4146E-002  -1.6841E-002  -9.7640E-005   5.0319E-003  -9.7426E-003   3.2073E-002   1.6670E-001  
 2.7575E+000   8.4411E-001  -1.2493E+000   6.6130E-002   6.1279E-001   3.2387E-001   1.5263E-001  -1.0014E-001   5.0554E-002  -6.7829E-001  -9.1012E-002  -4.3409E-002  -7.9773E-002  -2.8868E-002   4.7794E-002   3.5929E-003  -4.0875E-003   5.2592E-002  -1.1162E-002   1.2539E-003   5.1218E-003  -8.5958E-003   3.4228E-002   1.5894E-001  
 3.0822E+000   5.4769E-001  -9.6116E-001  -1.0858E-001   1.1515E+000   6.7386E-001   2.2795E-001  -1.3068E-001  -4.5921E-003  -5.5541E-001  -1.7160E-001  -3.1223E-002  -5.5191E-002  -2.7247E-002   4.6435E-002   2.5087E-002  -4.4117E-002   3.8972E-002   1.2403E-003   3.1845E-003   5.0663E-003  -1.3691E-002   3.5516E-002   1.5323E-001  
 2.9492E+000   4.9684E-001   1.2111E+000   1.1191E-002  -7.4728E-001   5.4655E-001  -2.1363E-001  -9.5084E-002   1.1360E-001  -6.2395E-001  -1.1666E-001  -4.5447E-002   7.5437E-002  -2.9507E-002  -5.7315E-002   3.5911E-003   1.2408E-002   4.9374E-002  -2.3354E-002   2.0102E-003  -2.7049E-004  -8.7893E-003   3.5697E-002   1.6465E-001  
 2.5108E+000   7.4095E-001   1.4996E+000   1.2440E-001  -3.8590E-001   2.2061E-001  -1.2465E-001  -6.3298E-002   3.7011E-002  -7.4064E-001  -5.9758E-002  -5.1795E-002   8.2165E-002  -2.5297E-002  -4.6805E-002  -2.7505E-003  -4.6062E-003   6.4388E-002  -8.1456E-003   3.6946E-003  -3.8194E-003  -8.9659E-003   3.2804E-002   1.4882E-001  
 2.0452E+000   9.2763E-001   1.5436E+000   1.8061E-001  -1.2985E-001   8.4490E-002  -7.3193E-002  -4.3668E-002  -6.3065E-003  -8.2258E-001  -1.5441E-002  -4.7342E-002   8.4804E-002  -2.4751E-002  -4.1689E-002  -9.2563E-003  -1.5692E-002   8.1468E-002   1.3991E-003   2.0206E-003  -3.9187E-003  -1.0639E-002   3.0164E-002   1.2873E-001  
 1.5817E+000   1.0707E+000   1.4131E+000   1.9159E-001   2.5668E-002   7.7637E-002  -4.0450E-002  -2.9479E-002  -2.7487E-002  -8.8440E-001   1.5900E-002  -3.3899E-002   7.8242E-002  -2.5593E-002  -3.4966E-002  -1.4112E-002  -1.9215E-002   9.4928E-002   5.5243E-003   7.0130E-004  -2.9598E-003  -1.3615E-002   2.7739E-002   1.2217E-001  
 1.1684E+000   1.1749E+000   1.1579E+000   1.7710E-001   9.5572E-002   1.3927E-001  -2.0916E-002  -1.9427E-002  -3.2459E-002  -9.2903E-001   3.7076E-002  -1.7974E-002   6.4306E-002  -2.6359E-002  -2.6934E-002  -1.7251E-002  -1.7564E-002   1.0443E-001   6.5078E-003  -6.6247E-005  -2.0491E-003  -1.7084E-002   2.5948E-002   1.3025E-001  
 8.4156E-001   1.2458E+000   8.1688E-001   1.5424E-001   1.0066E-001   2.1984E-001  -9.9673E-003  -1.2863E-002  -2.6825E-002  -9.5907E-001   5.0840E-002  -3.8677E-003   4.5438E-002  -2.6876E-002  -1.8254E-002  -1.9353E-002  -1.3011E-002   1.1090E-001   5.4413E-003  -5.8528E-004  -1.3173E-003  -1.9889E-002   2.5006E-002   1.3803E-001  
 6.3108E-001   1.2871E+000   4.2004E-001   1.3538E-001   6.1380E-002   2.8344E-001  -3.8809E-003  -9.1471E-003  -1.4788E-002  -9.7639E-001   5.8543E-002   5.6708E-003   2.3383E-002  -2.7203E-002  -9.1737E-003  -2.0651E-002  -6.8448E-003   1.1469E-001   3.0020E-003  -8.7442E-004  -6.3890E-004  -2.1561E-002   2.4613E-002   1.4459E-001  
 5.5918E-001   1.3004E+000  -1.2587E-006   1.2833E-001  -1.5370E-005   3.0699E-001  -1.5338E-007  -7.9188E-003   1.0687E-004  -9.8198E-001   6.0932E-002   8.9982E-003   2.1459E-006  -2.7305E-002   2.8458E-006  -2.1139E-002  -5.3806E-008   1.1590E-001  -1.3272E-005  -9.6209E-004   1.3566E-007  -2.2043E-002   2.4500E-002   1.4775E-001  
 6.3108E-001   1.2871E+000  -4.2004E-001   1.3538E-001  -6.1411E-002   2.8345E-001   3.8807E-003  -9.1471E-003   1.5002E-002  -9.7639E-001   5.8543E-002   5.6695E-003  -2.3379E-002  -2.7201E-002   9.1794E-003  -2.0651E-002   6.8447E-003   1.1469E-001  -3.0287E-003  -8.7418E-004   6.3922E-004  -2.1561E-002   2.4613E-002   1.4459E-001  
 8.4156E-001   1.2458E+000  -8.1689E-001   1.5424E-001  -1.0069E-001   2.1986E-001   9.9672E-003  -1.2863E-002   2.7038E-002  -9.5907E-001   5.0841E-002  -3.8702E-003  -4.5434E-002  -2.6872E-002   1.8260E-002  -1.9354E-002   1.3011E-002   1.1091E-001  -5.4680E-003  -5.8478E-004   1.3175E-003  -1.9889E-002   2.5007E-002   1.3804E-001  
 1.1684E+000   1.1749E+000  -1.1579E+000   1.7710E-001  -9.5603E-002   1.3930E-001   2.0916E-002  -1.9427E-002   3.2671E-002  -9.2903E-001   3.7076E-002  -1.7978E-002  -6.4302E-002  -2.6353E-002   2.6940E-002  -1.7251E-002   1.7564E-002   1.0443E-001  -6.5341E-003  -6.5560E-005   2.0492E-003  -1.7084E-002   2.5949E-002   1.3027E-001  
 1.5817E+000   1.0707E+000  -1.4131E+000   1.9159E-001  -2.5699E-002   7.7677E-002   4.0450E-002  -2.9479E-002   2.7699E-002  -8.8441E-001   1.5900E-002  -3.3904E-002  -7.8237E-002  -2.5585E-002   3.4972E-002  -1.4112E-002   1.9215E-002   9.4927E-002  -5.5503E-003   7.0217E-004   2.9595E-003  -1.3615E-002   2.7739E-002   1.2217E-001  
 2.0452E+000   9.2764E-001  -1.5436E+000   1.8061E-001   1.2982E-001   8.4541E-002   7.3193E-002  -4.3668E-002   6.5168E-003  -8.2258E-001  -1.5441E-002  -4.7348E-002  -8.4800E-002  -2.4741E-002   4.1695E-002  -9.2562E-003   1.5693E-002   8.1467E-002  -1.4248E-003   2.0216E-003   3.9182E-003  -1.0639E-002   3.0164E-002   1.2873E-001  
 2.5108E+000   7.4096E-001  -1.4995E+000   1.2440E-001   3.8587E-001   2.2067E-001   1.2465E-001  -6.3298E-002  -3.6802E-002  -7.4064E-001  -5.9758E-002  -5.1803E-002  -8.2160E-002  -2.5284E-002   4.6810E-002  -2.7503E-003   4.6071E-003   6.4388E-002   8.1199E-003   3.6956E-003   3.8189E-003  -8.9654E-003   3.2804E-002   1.4882E-001  
 2.9492E+000   4.9685E-001  -1.2111E+000   1.1195E-002   7.4725E-001   5.4662E-001   2.1364E-001  -9.5084E-002  -1.1340E-001  -6.2395E-001  -1.1666E-001  -4.5460E-002  -7.5434E-002  -2.9491E-002   5.7322E-002   3.5911E-003  -1.2405E-002   4.9375E-002   2.3327E-002   2.0100E-003   2.7059E-004  -8.7886E-003   3.5697E-002   1.6462E-001  
 2.7879E+000   3.7696E-001   1.4451E+000   5.3966E-002  -5.3344E-001   4.3576E-001  -1.7750E-001  -5.5557E-002   1.8266E-001  -7.3460E-001  -9.6964E-002  -4.6827E-002   6.8314E-002  -2.5177E-002  -5.4270E-002   3.3759E-004   9.8478E-003   6.4898E-002  -4.0643E-002   5.1906E-003   3.3255E-004  -9.6212E-003   3.4520E-002   1.8245E-001  
 2.3110E+000   5.3573E-001   1.6749E+000   1.5485E-001  -2.8044E-001   9.7610E-002  -1.0576E-001  -3.7592E-002   9.6312E-002  -8.0841E-001  -3.9128E-002  -5.9415E-002   7.3239E-002  -2.0180E-002  -4.8323E-002  -4.4360E-003  -1.0170E-002   7.8385E-002  -2.0916E-002   4.6206E-003  -1.5451E-003  -1.0029E-002   3.1995E-002   1.6652E-001  
 1.7986E+000   6.5960E-001   1.6790E+000   1.9065E-001  -1.0435E-001  -4.0927E-002  -5.9584E-002  -2.4856E-002   4.1619E-002  -8.6439E-001   2.4334E-003  -5.5269E-002   7.1610E-002  -1.8072E-002  -4.2298E-002  -8.3582E-003  -2.0145E-002   9.0417E-002  -8.5224E-003   2.9685E-003  -2.2088E-003  -1.2155E-002   2.9052E-002   1.3695E-001  
 1.2916E+000   7.5451E-001   1.5143E+000   1.8346E-001   3.7973E-003  -4.8782E-002  -3.0630E-002  -1.5640E-002   9.7572E-003  -9.0681E-001   3.1167E-002  -4.1769E-002   6.3819E-002  -1.7756E-002  -3.5102E-002  -1.1157E-002  -2.2234E-002   9.9854E-002  -1.9509E-003   1.4608E-003  -1.8420E-003  -1.5865E-002   2.6004E-002   1.0406E-001  
 8.4189E-001   8.2345E-001   1.2297E+000   1.5455E-001   5.4270E-002   1.2505E-002  -1.4246E-002  -9.2141E-003  -5.2116E-003  -9.3744E-001   5.0548E-002  -2.5836E-002   5.1438E-002  -1.7875E-002  -2.6850E-002  -1.3082E-002  -1.9680E-002   1.0651E-001   1.0616E-003   6.0306E-004  -1.3988E-003  -1.9544E-002   2.3927E-002   9.6156E-002  
 4.8760E-001   8.7029E-001   8.6277E-001   1.2112E-001   6.1089E-002   9.3042E-002  -5.8900E-003  -5.0727E-003  -9.0038E-003  -9.5802E-001   6.3129E-002  -1.1773E-002   3.5970E-002  -1.8060E-002  -1.8137E-002  -1.4447E-002  -1.4415E-002   1.1107E-001   1.8589E-003   1.8326E-005  -9.2842E-004  -2.2369E-002   2.2814E-002   1.0506E-001  
 2.5990E-001   8.9752E-001   4.4227E-001   9.5811E-002   3.7980E-002   1.5672E-001  -1.8910E-003  -2.6732E-003  -6.0207E-003  -9.6987E-001   7.0001E-002  -2.3016E-003   1.8468E-002  -1.8186E-002  -9.0939E-003  -1.5377E-002  -7.6367E-003   1.1364E-001   1.2547E-003  -3.1976E-004  -4.5208E-004  -2.3905E-002   2.2303E-002   1.1058E-001  
 1.8224E-001   9.0636E-001  -7.3981E-007   8.6555E-002  -1.0263E-005   1.8030E-001  -1.9301E-007  -1.9070E-003   1.0701E-004  -9.7371E-001   7.2180E-002   1.0077E-003   1.5785E-006  -1.8229E-002   1.8460E-006  -1.5687E-002  -1.9170E-007   1.1448E-001  -1.3564E-005  -4.2659E-004  -4.1408E-008  -2.4413E-002   2.2184E-002   1.1381E-001  
 2.5990E-001   8.9752E-001  -4.4227E-001   9.5811E-002  -3.8001E-002   1.5673E-001   1.8908E-003  -2.6731E-003   6.2346E-003  -9.6987E-001   7.0001E-002  -2.3029E-003  -1.8465E-002  -1.8184E-002   9.0976E-003  -1.5377E-002   7.6365E-003   1.1364E-001  -1.2819E-003  -3.1958E-004   4.5210E-004  -2.3905E-002   2.2303E-002   1.1058E-001  
 4.8760E-001   8.7029E-001  -8.6277E-001   1.2112E-001  -6.1110E-002   9.3062E-002   5.8899E-003  -5.0726E-003   9.2173E-003  -9.5802E-001   6.3129E-002  -1.1776E-002  -3.5967E-002  -1.8056E-002   1.8141E-002  -1.4447E-002   1.4415E-002   1.1107E-001  -1.8859E-003   1.8764E-005   9.2844E-004  -2.2369E-002   2.2814E-002   1.0505E-001  
 8.4189E-001   8.2346E-001  -1.2297E+000   1.5455E-001  -5.4290E-002   1.2536E-002   1.4246E-002  -9.2140E-003   5.4246E-003  -9.3745E-001   5.0548E-002  -2.5839E-002  -5.1435E-002  -1.7869E-002   2.6853E-002  -1.3082E-002   1.9680E-002   1.0651E-001  -1.0883E-003   6.0367E-004   1.3986E-003  -1.9544E-002   2.3927E-002   9.6170E-002  
 1.2916E+000   7.5451E-001  -1.5143E+000   1.8346E-001  -3.8180E-003  -4.8741E-002   3.0630E-002  -1.5640E-002  -9.5450E-003  -9.0681E-001   3.1167E-002  -4.1774E-002  -6.3816E-002  -1.7748E-002   3.5106E-002  -1.1157E-002   2.2234E-002   9.9854E-002   1.9246E-003   1.4616E-003   1.8416E-003  -1.5865E-002   2.6004E-002   1.0404E-001  
 1.7986E+000   6.5960E-001  -1.6790E+000   1.9065E-001   1.0433E-001  -4.0876E-002   5.9584E-002  -2.4856E-002  -4.1408E-002  -8.6439E-001   2.4335E-003  -5.5275E-002  -7.1607E-002  -1.8062E-002   4.2302E-002  -8.3583E-003   2.0146E-002   9.0417E-002   8.4966E-003   2.9694E-003   2.2082E-003  -1.2155E-002   2.9052E-002   1.3693E-001  
 2.3110E+000   5.3573E-001  -1.6749E+000   1.5485E-001   2.8042E-001   9.7671E-002   1.0576E-001  -3.7592E-002  -9.6102E-002  -8.0841E-001  -3.9127E-002  -5.9424E-002  -7.3237E-002  -2.0167E-002   4.8327E-002  -4.4361E-003   1.0172E-002   7.8385E-002   2.0891E-002   4.6214E-003   1.5445E-003  -1.0029E-002   3.1995E-002   1.6652E-001  
 2.7879E+000   3.7696E-001  -1.4451E+000   5.3968E-002   5.3342E-001   4.3582E-001   1.7751E-001  -5.5557E-002  -1.8245E-001  -7.3460E-001  -9.6963E-002  -4.6839E-002  -6.8311E-002  -2.5161E-002   5.4274E-002   3.3756E-004  -9.8450E-003   6.4898E-002   4.0617E-002   5.1911E-003  -3.3274E-004  -9.6199E-003   3.4521E-002   1.8242E-001  
 2.6857E+000   1.8079E-001   1.5830E+000   7.9523E-002  -4.0330E-001   3.3232E-001  -1.6047E-001  -2.8400E-002   2.2360E-001  -8.3830E-001  -8.4336E-002  -4.8569E-002   5.8894E-002  -1.9858E-002  -5.9193E-002  -1.6907E-003   7.8772E-003   8.6508E-002  -5.0418E-002   4.0553E-003   2.8361E-003  -1.1217E-002   3.4139E-002   1.9552E-001  
 2.1800E+000   2.6489E-001   1.7825E+000   1.6828E-001  -2.5775E-001  -9.8746E-003  -9.4449E-002  -1.8714E-002   1.3080E-001  -8.7936E-001  -2.7326E-002  -6.2763E-002   5.7027E-002  -1.3318E-002  -5.1135E-002  -3.4443E-003  -1.2951E-002   9.3436E-002  -2.8206E-002   4.0273E-003   5.9025E-004  -1.1282E-002   3.2062E-002   1.7484E-001  
 1.6381E+000   3.3072E-001   1.7622E+000   1.9155E-001  -1.5033E-001  -1.5003E-001  -5.1463E-002  -1.1983E-002   6.9439E-002  -9.1051E-001   1.2676E-002  -5.8780E-002   5.2301E-002  -1.0214E-002  -4.3487E-002  -4.9418E-003  -2.2393E-002   1.0001E-001  -1.4131E-002   3.0024E-003  -6.3301E-004  -1.3575E-002   2.9115E-002   1.6293E-001  
 1.1039E+000   3.8130E-001   1.5766E+000   1.7333E-001  -7.6546E-002  -1.5860E-001  -2.4820E-002  -7.2610E-003   3.1232E-002  -9.3408E-001   3.9947E-002  -4.5187E-002   4.4808E-002  -9.2829E-003  -3.5491E-002  -6.0559E-003  -2.3773E-002   1.0552E-001  -6.2787E-003   1.7855E-003  -8.1434E-004  -1.7591E-002   2.5681E-002   1.2841E-001  
 6.3154E-001   4.1816E-001   1.2739E+000   1.3566E-001  -3.1669E-002  -9.7644E-002  -1.0331E-002  -4.0026E-003   1.0460E-002  -9.5114E-001   5.8302E-002  -2.9339E-002   3.5248E-002  -9.0906E-003  -2.6977E-002  -6.8619E-003  -2.0866E-002   1.0953E-001  -2.1548E-003   9.7321E-004  -6.7223E-004  -2.1259E-002   2.3281E-002   1.0341E-001  
 2.6007E-001   4.4322E-001   8.9094E-001   9.5836E-002  -8.7106E-003  -1.7206E-002  -3.3891E-003  -1.7756E-003   1.2367E-003  -9.6261E-001   7.0003E-002  -1.5356E-002   2.4376E-002  -9.0666E-003  -1.8139E-002  -7.5984E-003  -1.5355E-002   1.1213E-001  -2.5614E-004   3.7984E-004  -4.5755E-004  -2.3895E-002   2.1848E-002   8.5687E-002  
 2.1721E-002   4.5783E-001   4.5594E-001   6.6492E-002  -5.8232E-004   4.6443E-002  -7.0886E-004  -4.9316E-004  -9.8116E-004  -9.6927E-001   7.6457E-002  -5.8791E-003   1.2423E-002  -9.0872E-003  -9.0776E-003  -8.0779E-003  -8.1064E-003   1.1363E-001   2.1051E-004   2.7894E-005  -2.2660E-004  -2.5439E-002   2.1223E-002   8.3496E-002  
-5.9518E-002   4.6259E-001  -3.6370E-007   5.5883E-002  -5.1742E-006   7.0021E-002  -1.7919E-007  -8.4354E-005   1.0718E-004  -9.7143E-001   7.8503E-002  -2.5687E-003   9.1441E-007  -9.0984E-003   7.9702E-007  -8.2351E-003  -2.1008E-007   1.1412E-001  -1.3627E-005  -8.6446E-005  -1.1029E-008  -2.5956E-002   2.1070E-002   8.6689E-002  
 2.1721E-002   4.5783E-001  -4.5594E-001   6.6492E-002   5.7190E-004   4.6453E-002   7.0866E-004  -4.9319E-004   1.1953E-003  -9.6927E-001   7.6457E-002  -5.8804E-003  -1.2422E-002  -9.0850E-003   9.0792E-003  -8.0780E-003   8.1062E-003   1.1363E-001  -2.3781E-004   2.8028E-005   2.2658E-004  -2.5439E-002   2.1223E-002   8.3495E-002  
 2.6007E-001   4.4322E-001  -8.9094E-001   9.5836E-002   8.7002E-003  -1.7186E-002   3.3892E-003  -1.7756E-003  -1.0229E-003  -9.6261E-001   7.0003E-002  -1.5358E-002  -2.4374E-002  -9.0623E-003   1.8141E-002  -7.5985E-003   1.5355E-002   1.1213E-001   2.2890E-004   3.8015E-004   4.5745E-004  -2.3895E-002   2.1848E-002   8.5689E-002  
 6.3154E-001   4.1816E-001  -1.2739E+000   1.3566E-001   3.1659E-002  -9.7613E-002   1.0331E-002  -4.0024E-003  -1.0247E-002  -9.5114E-001   5.8302E-002  -2.9343E-002  -3.5246E-002  -9.0843E-003   2.6978E-002  -6.8620E-003   2.0866E-002   1.0953E-001   2.1279E-003   9.7369E-004   6.7187E-004  -2.1259E-002   2.3280E-002   1.0341E-001  
 1.1039E+000   3.8130E-001  -1.5766E+000   1.7333E-001   7.6535E-002  -1.5856E-001   2.4820E-002  -7.2608E-003  -3.1020E-002  -9.3408E-001   3.9947E-002  -4.5192E-002  -4.4807E-002  -9.2746E-003   3.5492E-002  -6.0560E-003   2.3773E-002   1.0552E-001   6.2522E-003   1.7861E-003   8.1379E-004  -1.7591E-002   2.5680E-002   1.2840E-001  
 1.6381E+000   3.3072E-001  -1.7622E+000   1.9155E-001   1.5032E-001  -1.4998E-001   5.1464E-002  -1.1983E-002  -6.9227E-002  -9.1051E-001   1.2676E-002  -5.8786E-002  -5.2299E-002  -1.0203E-002   4.3488E-002  -4.9418E-003   2.2394E-002   1.0001E-001   1.4106E-002   3.0030E-003   6.3236E-004  -1.3575E-002   2.9115E-002   1.6290E-001  
 2.1800E+000   2.6489E-001  -1.7825E+000   1.6828E-001   2.5774E-001  -9.8142E-003   9.4449E-002  -1.8714E-002  -1.3059E-001  -8.7936E-001  -2.7326E-002  -6.2771E-002  -5.7026E-002  -1.3305E-002   5.1136E-002  -3.4441E-003   1.2952E-002   9.3436E-002   2.8180E-002   4.0279E-003  -5.9084E-004  -1.1281E-002   3.2062E-002   1.7482E-001  
 2.6857E+000   1.8079E-001  -1.5829E+000   7.9525E-002   4.0329E-001   3.3239E-001   1.6047E-001  -2.8399E-002  -2.2339E-001  -8.3830E-001  -8.4335E-002  -4.8581E-002  -5.8892E-002  -1.9842E-002   5.9195E-002  -1.6906E-003  -7.8743E-003   8.6509E-002   5.0392E-002   4.0558E-003  -2.8363E-003  -1.1215E-002   3.4139E-002   1.9553E-001  
 2.6483E+000  -4.7755E-002   1.6388E+000   8.4764E-002  -3.2010E-001   2.6633E-001  -1.5223E-001  -5.7923E-003   2.3608E-001  -9.4026E-001  -8.1556E-002  -4.3523E-002   4.6488E-002  -1.2201E-002  -6.5638E-002  -2.9707E-003   9.8261E-003   1.0925E-001  -5.4158E-002   1.5067E-003   4.1104E-003  -1.3259E-002   3.3860E-002   2.1353E-001  
 2.1339E+000  -3.4364E-002   1.8256E+000   1.7115E-001  -2.7705E-001  -7.8443E-002  -8.9819E-002  -3.2173E-003   1.4189E-001  -9.5053E-001  -2.3684E-002  -5.9672E-002   3.7513E-002  -5.0111E-003  -5.4330E-002  -1.3323E-003  -1.3005E-002   1.0864E-001  -3.0678E-002   2.6364E-003   1.9215E-003  -1.2375E-002   3.2899E-002   1.8205E-001  
 1.5826E+000  -2.3661E-002   1.7958E+000   1.9060E-001  -2.3196E-001  -2.1941E-001  -4.8348E-002  -1.9498E-003   7.8408E-002  -9.5758E-001   1.6155E-002  -5.6014E-002   3.0328E-002  -1.6502E-003  -4.4787E-002  -5.3143E-004  -2.2699E-002   1.0964E-001  -1.6036E-002   2.5464E-003   5.9821E-004  -1.4464E-002   3.0241E-002   1.8773E-001  
 1.0394E+000  -1.5038E-002   1.6020E+000   1.6885E-001  -1.8568E-001  -2.2835E-001  -2.2667E-002  -1.3297E-003   3.8162E-002  -9.6272E-001   4.3042E-002  -4.2472E-002   2.3866E-002  -4.8178E-004  -3.5958E-002  -1.3613E-004  -2.4006E-002   1.1136E-001  -7.7040E-003   1.7758E-003   1.2290E-004  -1.8479E-002   2.6515E-002   1.5148E-001  
 5.5949E-001  -8.3977E-003   1.2920E+000   1.2847E-001  -1.3943E-001  -1.6755E-001  -8.7313E-003  -8.7383E-004   1.5504E-002  -9.6660E-001   6.0834E-002  -2.6721E-002   1.7652E-002  -1.3877E-004  -2.7161E-002   1.2154E-004  -2.1232E-002   1.1278E-001  -3.1769E-003   1.0547E-003   3.9226E-005  -2.1894E-002   2.3732E-002   1.2448E-001  
 1.8235E-001  -3.7282E-003   9.0258E-001   8.6579E-002  -9.3136E-002  -8.7179E-002  -2.3228E-003  -3.8553E-004   4.5373E-003  -9.6928E-001   7.2185E-002  -1.2794E-002   1.1786E-002  -3.2685E-005  -1.8187E-002   8.4641E-005  -1.5694E-002   1.1355E-001  -9.4436E-004   4.8625E-004   1.0954E-005  -2.4395E-002   2.1909E-002   9.8788E-002  
-5.9503E-002  -9.0903E-004   4.6163E-001   5.5891E-002  -4.6460E-002  -2.3568E-002  -1.9985E-004  -8.4440E-005   6.4297E-004  -9.7089E-001   7.8506E-002  -3.3119E-003   5.8805E-003  -9.2187E-006  -9.0845E-003   5.6139E-005  -8.2727E-003   1.1400E-001  -1.3039E-004   1.3937E-004   3.6837E-006  -2.5948E-002   2.1038E-002   7.9691E-002  
-1.4192E-001   2.4056E-005  -1.9883E-007   4.4833E-002  -1.5726E-007   6.2063E-008  -1.6941E-007   1.5347E-005   1.0721E-004  -9.7142E-001   8.0508E-002   3.6348E-008   1.9377E-007  -6.5411E-006  -2.5622E-007   4.6826E-005  -2.2200E-007   1.1415E-001  -1.3694E-005   2.4441E-005  -5.1029E-008  -2.6467E-002   2.0799E-002   7.4120E-002  
-5.9503E-002  -9.0889E-004  -4.6163E-001   5.5891E-002   4.6460E-002  -2.3558E-002   1.9970E-004  -8.4430E-005  -4.2876E-004  -9.7089E-001   7.8506E-002  -3.3133E-003  -5.8801E-003  -7.0034E-006   9.0840E-003   5.6131E-005   8.2725E-003   1.1400E-001   1.0294E-004   1.3941E-004  -3.7604E-006  -2.5948E-002   2.1038E-002   7.9695E-002  
 1.8235E-001  -3.7279E-003  -9.0258E-001   8.6579E-002   9.3136E-002  -8.7159E-002   2.3229E-003  -3.8551E-004  -4.3235E-003  -9.6928E-001   7.2185E-002  -1.2797E-002  -1.1786E-002  -2.8361E-005   1.8187E-002   8.4623E-005   1.5694E-002   1.1355E-001   9.1702E-004   4.8633E-004  -1.1007E-005  -2.4395E-002   2.1909E-002   9.8789E-002  
 5.5949E-001  -8.3973E-003  -1.2920E+000   1.2847E-001   1.3943E-001  -1.6752E-001   8.7315E-003  -8.7380E-004  -1.5291E-002  -9.6660E-001   6.0834E-002  -2.6725E-002  -1.7652E-002  -1.3245E-004   2.7160E-002   1.2152E-004   2.1232E-002   1.1278E-001   3.1501E-003   1.0549E-003  -3.9483E-005  -2.1893E-002   2.3732E-002   1.2448E-001  
 1.0394E+000  -1.5038E-002  -1.6020E+000   1.6885E-001   1.8568E-001  -2.2831E-001   2.2667E-002  -1.3297E-003  -3.7949E-002  -9.6272E-001   4.3042E-002  -4.2477E-002  -2.3865E-002  -4.7342E-004   3.5957E-002  -1.3614E-004   2.4006E-002   1.1136E-001   7.6776E-003   1.7760E-003  -1.2339E-004  -1.8479E-002   2.6515E-002   1.5148E-001  
 1.5826E+000  -2.3660E-002  -1.7957E+000   1.9060E-001   2.3196E-001  -2.1936E-001   4.8348E-002  -1.9497E-003  -7.8197E-002  -9.5759E-001   1.6155E-002  -5.6021E-002  -3.0328E-002  -1.6398E-003   4.4787E-002  -5.3142E-004   2.2699E-002   1.0964E-001   1.6010E-002   2.5467E-003  -5.9889E-004  -1.4464E-002   3.0241E-002   1.8774E-001  
 2.1339E+000  -3.4364E-002  -1.8256E+000   1.7115E-001   2.7705E-001  -7.8383E-002   8.9820E-002  -3.2172E-003  -1.4168E-001  -9.5053E-001  -2.3684E-002  -5.9680E-002  -3.7512E-002  -4.9984E-003   5.4329E-002  -1.3323E-003   1.3006E-002   1.0864E-001   3.0652E-002   2.6367E-003  -1.9221E-003  -1.2374E-002   3.2899E-002   1.8204E-001  
 2.6483E+000  -4.7754E-002  -1.6388E+000   8.4767E-002   3.2009E-001   2.6640E-001   1.5224E-001  -5.7921E-003  -2.3587E-001  -9.4026E-001  -8.1555E-002  -4.3535E-002  -4.6488E-002  -1.2186E-002   6.5637E-002  -2.9707E-003  -9.8232E-003   1.0925E-001   5.4132E-002   1.5069E-003  -4.1106E-003  -1.3258E-002   3.3860E-002   2.1353E-001  
 2.6788E+000  -2.7530E-001   1.6157E+000   7.1618E-002  -2.3532E-001   2.4450E-001  -1.5199E-001   1.6077E-002   2.2155E-001  -1.0395E+000  -8.8344E-002  -3.1164E-002   3.5718E-002  -1.7482E-003  -7.3024E-002  -5.0769E-003   1.5557E-002   1.3287E-001  -5.1826E-002  -1.4956E-003   3.5672E-003  -1.5407E-002   3.3472E-002   1.9988E-001  
 2.1769E+000  -3.3201E-001   1.8067E+000   1.6549E-001  -2.9579E-001  -1.0125E-001  -9.1131E-002   1.2144E-002   1.3043E-001  -1.0201E+000  -2.8163E-002  -4.9279E-002   1.8629E-002   4.6854E-003  -5.7778E-002   3.7919E-004  -9.9678E-003   1.2401E-001  -2.8601E-002   9.5561E-004   2.2780E-003  -1.3512E-002   3.3858E-002   1.8848E-001  
 1.6364E+000  -3.7627E-001   1.7815E+000   1.9017E-001  -3.1334E-001  -2.4228E-001  -4.9759E-002   8.1925E-003   6.9258E-002  -1.0033E+000   1.3006E-002  -4.6303E-002   8.6257E-003   7.5304E-003  -4.6268E-002   3.6949E-003  -2.1016E-002   1.1921E-001  -1.4450E-002   1.6544E-003   1.4188E-003  -1.4782E-002   3.1880E-002   1.9484E-001  
 1.1031E+000  -4.0956E-001   1.5918E+000   1.7252E-001  -2.9478E-001  -2.5130E-001  -2.3869E-002   4.8940E-003   3.1233E-002  -9.9025E-001   4.0666E-002  -3.3140E-002   3.0589E-003   8.6525E-003  -3.6385E-002   5.6302E-003  -2.3042E-002   1.1682E-001  -6.3147E-003   1.5433E-003   9.2828E-004  -1.8380E-002   2.8203E-002   1.7180E-001  
 6.3100E-001  -4.3313E-001   1.2852E+000   1.3536E-001  -2.4718E-001  -1.9043E-001  -9.3745E-003   2.5533E-003   1.0445E-002  -9.8095E-001   5.8584E-002  -1.7466E-002   1.9287E-004   8.9763E-003  -2.7285E-002   6.9537E-003  -2.0663E-002   1.1560E-001  -2.1162E-003   8.9357E-004   6.9155E-004  -2.1562E-002   2.4870E-002   1.4470E-001  
 2.5979E-001  -4.4880E-001   8.9841E-001   9.5815E-002  -1.7752E-001  -1.1004E-001  -2.5901E-003   1.2053E-003   1.2365E-003  -9.7487E-001   7.0011E-002  -3.6061E-003  -8.1068E-004   9.0668E-003  -1.8212E-002   7.7502E-003  -1.5433E-002   1.1467E-001  -2.5621E-004   3.6314E-004   4.6336E-004  -2.3880E-002   2.2629E-002   1.1728E-001  
 2.1673E-002  -4.5778E-001   4.5967E-001   6.6498E-002  -9.2318E-002  -4.6453E-002  -3.0913E-004   5.2458E-004  -9.8133E-004  -9.7144E-001   7.6463E-002   5.8804E-003  -6.6542E-004   9.0818E-003  -9.0798E-003   8.1717E-003  -8.1436E-003   1.1408E-001   2.1045E-004   2.1223E-005   2.3284E-004  -2.5423E-002   2.1383E-002   9.2627E-002  
-5.9489E-002  -4.6067E-001  -2.4016E-007   5.5898E-002   4.8483E-006  -2.2894E-002  -1.5226E-007   3.1517E-004   1.0716E-004  -9.7035E-001   7.8509E-002   9.1940E-003  -5.3888E-007   9.0821E-003  -1.3181E-006   8.3101E-003  -2.0975E-007   1.1388E-001  -1.3669E-005  -9.4393E-005  -1.4113E-008  -2.5939E-002   2.1006E-002   7.8042E-002  
 2.1673E-002  -4.5778E-001  -4.5967E-001   6.6498E-002   9.2327E-002  -4.6443E-002   3.0898E-004   5.2464E-004   1.1955E-003  -9.7144E-001   7.6463E-002   5.8791E-003   6.6443E-004   9.0840E-003   9.0771E-003   8.1718E-003   8.1433E-003   1.1407E-001  -2.3782E-004   2.1166E-005  -2.3285E-004  -2.5423E-002   2.1383E-002   9.2627E-002  
 2.5979E-001  -4.4880E-001  -8.9841E-001   9.5815E-002   1.7753E-001  -1.1002E-001   2.5902E-003   1.2053E-003  -1.0228E-003  -9.7487E-001   7.0011E-002  -3.6088E-003   8.0969E-004   9.0711E-003   1.8209E-002   7.7503E-003   1.5433E-002   1.1467E-001   2.2890E-004   3.6299E-004  -4.6344E-004  -2.3880E-002   2.2629E-002   1.1728E-001  
 6.3100E-001  -4.3313E-001  -1.2852E+000   1.3536E-001   2.4719E-001  -1.9040E-001   9.3747E-003   2.5533E-003  -1.0231E-002  -9.8095E-001   5.8584E-002  -1.7470E-002  -1.9375E-004   8.9825E-003   2.7282E-002   6.9539E-003   2.0663E-002   1.1560E-001   2.0893E-003   8.9334E-004  -6.9186E-004  -2.1562E-002   2.4870E-002   1.4471E-001  
 1.1031E+000  -4.0956E-001  -1.5918E+000   1.7252E-001   2.9479E-001  -2.5126E-001   2.3869E-002   4.8940E-003  -3.1020E-002  -9.9025E-001   4.0666E-002  -3.3145E-002  -3.0597E-003   8.6609E-003   3.6383E-002   5.6304E-003   2.3042E-002   1.1682E-001   6.2882E-003   1.5430E-003  -9.2879E-004  -1.8380E-002   2.8203E-002   1.7182E-001  
 1.6365E+000  -3.7627E-001  -1.7815E+000   1.9018E-001   3.1335E-001  -2.4223E-001   4.9760E-002   8.1925E-003  -6.9047E-002  -1.0033E+000   1.3006E-002  -4.6310E-002  -8.6265E-003   7.5408E-003   4.6265E-002   3.6948E-003   2.1016E-002   1.1921E-001   1.4424E-002   1.6543E-003  -1.4194E-003  -1.4782E-002   3.1880E-002   1.9482E-001  
 2.1769E+000  -3.3201E-001  -1.8067E+000   1.6549E-001   2.9580E-001  -1.0119E-001   9.1132E-002   1.2144E-002  -1.3022E-001  -1.0201E+000  -2.8162E-002  -4.9288E-002  -1.8630E-002   4.6981E-003   5.7776E-002   3.7909E-004   9.9689E-003   1.2401E-001   2.8575E-002   9.5554E-004  -2.2786E-003  -1.3511E-002   3.3858E-002   1.8847E-001  
 2.6788E+000  -2.7530E-001  -1.6157E+000   7.1620E-002   2.3533E-001   2.4457E-001   1.5199E-001   1.6077E-002  -2.2135E-001  -1.0395E+000  -8.8343E-002  -3.1175E-002  -3.5719E-002  -1.7324E-003   7.3021E-002  -5.0770E-003  -1.5555E-002   1.3287E-001   5.1799E-002  -1.4956E-003  -3.5674E-003  -1.5405E-002   3.3472E-002   1.9986E-001  
 2.7732E+000  -4.6878E-001   1.5121E+000   3.6948E-002  -1.0006E-001   2.5999E-001  -1.5925E-001   4.0770E-002   1.7942E-001  -1.1349E+000  -1.0569E-001  -1.1947E-002   3.1540E-002   1.2260E-002  -8.0568E-002  -9.7203E-003   2.5451E-002   1.5705E-001  -4.2727E-002  -3.6587E-003   1.1791E-003  -1.7603E-002   3.2706E-002   1.7668E-001  
 2.3042E+000  -5.9826E-001   1.7244E+000   1.4817E-001  -2.7098E-001  -8.4953E-002  -9.7885E-002   3.0356E-002   9.5446E-002  -1.0856E+000  -4.1787E-002  -3.1556E-002   4.8134E-003   1.6204E-002  -6.1934E-002  -1.4957E-005  -3.0536E-003   1.3998E-001  -2.1715E-002  -1.0044E-003   1.2973E-003  -1.4980E-002   3.4091E-002   1.9876E-001  
 1.7951E+000  -6.9987E-001   1.7180E+000   1.8767E-001  -3.5843E-001  -2.2578E-001  -5.5636E-002   2.1198E-002   4.1408E-002  -1.0454E+000   2.4447E-003  -3.0040E-002  -9.6529E-003   1.7885E-002  -4.7882E-002   6.4429E-003  -1.7023E-002   1.2860E-001  -8.8460E-003   7.1940E-004   1.3582E-003  -1.4762E-002   3.3356E-002   1.8935E-001  
 1.2899E+000  -7.7722E-001   1.5448E+000   1.8203E-001  -3.7496E-001  -2.3462E-001  -2.8548E-002   1.3994E-002   9.7598E-003  -1.0142E+000   3.2321E-002  -1.7624E-002  -1.5656E-002   1.8169E-002  -3.6621E-002   1.0475E-002  -2.0968E-002   1.2136E-001  -1.9779E-003   1.1759E-003   1.6171E-003  -1.7131E-002   3.0505E-002   1.9452E-001  
 8.4106E-001  -8.3291E-001   1.2525E+000   1.5380E-001  -3.3308E-001  -1.7352E-001  -1.2479E-002   8.6191E-003  -5.2038E-003  -9.9130E-001   5.1290E-002  -2.0080E-003  -1.5639E-002   1.8257E-002  -2.7264E-002   1.2770E-002  -1.9058E-002   1.1741E-001   1.0417E-003   5.6220E-004   1.2887E-003  -2.0343E-002   2.6586E-002   1.6461E-001  
 4.8721E-001  -8.7025E-001   8.7777E-001   1.2106E-001  -2.4721E-001  -9.3062E-002  -4.3132E-003   5.1305E-003  -8.9978E-003  -9.7624E-001   6.3181E-002   1.1776E-002  -1.2394E-002   1.8237E-002  -1.8142E-002   1.4506E-002  -1.4538E-002   1.1480E-001   1.8419E-003   3.3085E-005   9.1314E-004  -2.2381E-002   2.3873E-002   1.3278E-001  
 2.5996E-001  -8.9183E-001   4.4975E-001   9.5840E-002  -1.3082E-001  -2.9503E-002  -1.0901E-003   3.3061E-003  -6.0211E-003  -9.6761E-001   7.0013E-002   2.1267E-002  -6.7199E-003   1.8188E-002  -9.0277E-003   1.5411E-002  -7.7122E-003   1.1316E-001   1.2545E-003  -3.2648E-004   4.6857E-004  -2.3870E-002   2.2183E-002   1.0271E-001  
 1.8246E-001  -8.9881E-001  -4.8192E-007   8.6603E-002   9.9253E-006  -5.9628E-003  -1.3974E-007   2.7387E-003   1.0698E-004  -9.6485E-001   7.2190E-002   2.4583E-002  -1.2226E-006   1.8168E-002  -2.3814E-006   1.5701E-002  -1.7878E-007   1.1262E-001  -1.3615E-005  -4.4951E-004  -8.8303E-009  -2.4377E-002   2.1632E-002   8.3997E-002  
 2.5996E-001  -8.9183E-001  -4.4975E-001   9.5840E-002   1.3084E-001  -2.9493E-002   1.0900E-003   3.3061E-003   6.2349E-003  -9.6761E-001   7.0013E-002   2.1266E-002   6.7176E-003   1.8190E-002   9.0229E-003   1.5411E-002   7.7121E-003   1.1316E-001  -1.2818E-003  -3.2659E-004  -4.6847E-004  -2.3870E-002   2.2183E-002   1.0271E-001  
 4.8721E-001  -8.7025E-001  -8.7777E-001   1.2106E-001   2.4723E-001  -9.3042E-002   4.3133E-003   5.1305E-003   9.2113E-003  -9.7624E-001   6.3181E-002   1.1773E-002   1.2392E-002   1.8241E-002   1.8137E-002   1.4506E-002   1.4538E-002   1.1480E-001  -1.8690E-003   3.2793E-005  -9.1303E-004  -2.2381E-002   2.3873E-002   1.3278E-001  
 8.4106E-001  -8.3292E-001  -1.2525E+000   1.5380E-001   3.3310E-001  -1.7348E-001   1.2480E-002   8.6191E-003   5.4167E-003  -9.9130E-001   5.1290E-002  -2.0119E-003   1.5637E-002   1.8263E-002   2.7260E-002   1.2771E-002   1.9058E-002   1.1741E-001  -1.0685E-003   5.6182E-004  -1.2888E-003  -2.0343E-002   2.6586E-002   1.6463E-001  
 1.2899E+000  -7.7722E-001  -1.5448E+000   1.8203E-001   3.7498E-001  -2.3458E-001   2.8548E-002   1.3994E-002  -9.5478E-003  -1.0142E+000   3.2321E-002  -1.7629E-002   1.5654E-002   1.8178E-002   3.6616E-002   1.0476E-002   2.0968E-002   1.2136E-001   1.9515E-003   1.1754E-003  -1.6175E-003  -1.7130E-002   3.0505E-002   1.9455E-001  
 1.7951E+000  -6.9987E-001  -1.7180E+000   1.8767E-001   3.5845E-001  -2.2573E-001   5.5637E-002   2.1198E-002  -4.1197E-002  -1.0454E+000   2.4447E-003  -3.0047E-002   9.6507E-003   1.7895E-002   4.7877E-002   6.4430E-003   1.7024E-002   1.2860E-001   8.8201E-003   7.1905E-004  -1.3588E-003  -1.4762E-002   3.3355E-002   1.8933E-001  
 2.3042E+000  -5.9826E-001  -1.7244E+000   1.4817E-001   2.7100E-001  -8.4892E-002   9.7886E-002   3.0355E-002  -9.5237E-002  -1.0856E+000  -4.1787E-002  -3.1564E-002  -4.8156E-003   1.6217E-002   6.1929E-002  -1.4939E-005   3.0545E-003   1.3998E-001   2.1689E-002  -1.0046E-003  -1.2979E-003  -1.4980E-002   3.4091E-002   1.9874E-001  
 2.7732E+000  -4.6878E-001  -1.5121E+000   3.6950E-002   1.0008E-001   2.6006E-001   1.5926E-001   4.0769E-002  -1.7922E-001  -1.1349E+000  -1.0569E-001  -1.1958E-002  -3.1542E-002   1.2276E-002   8.0563E-002  -9.7204E-003  -2.5449E-002   1.5705E-001   4.2701E-002  -3.6588E-003  -1.1793E-003  -1.7602E-002   3.2707E-002   1.7668E-001  
 2.9004E+000  -6.0067E-001   1.3495E+000  -4.5635E-002   1.4948E-001   3.0738E-001  -1.5295E-001   6.2002E-002   1.0253E-001  -1.2044E+000  -1.4286E-001   2.3692E-002   5.2543E-002   3.1601E-002  -1.0008E-001  -2.2296E-002   4.7847E-002   1.9081E-001  -2.9219E-002  -9.8081E-003  -5.5536E-003  -1.9754E-002   2.8760E-002   1.9754E-001  
 2.4991E+000  -7.9671E-001   1.5763E+000   1.1182E-001  -1.6076E-001  -5.1615E-002  -1.1009E-001   5.4117E-002   3.6364E-002  -1.1433E+000  -6.5801E-002  -8.8508E-003   1.0512E-003   3.0724E-002  -6.5869E-002  -4.4555E-003   8.0788E-003   1.5600E-001  -8.6587E-003  -1.7365E-003  -1.1464E-003  -1.6877E-002   3.3353E-002   1.5013E-001  
 2.0398E+000  -9.5913E-001   1.6025E+000   1.7597E-001  -3.3142E-001  -1.9217E-001  -6.6514E-002   4.0058E-002  -6.2960E-003  -1.0804E+000  -1.6424E-002  -9.2862E-003  -2.1230E-002   2.9556E-002  -4.8869E-002   6.4750E-003  -1.0672E-002   1.3688E-001   1.4023E-003   5.0059E-004   7.9850E-004  -1.4489E-002   3.4502E-002   1.8747E-001  
 1.5791E+000  -1.0842E+000   1.4589E+000   1.8956E-001  -3.9613E-001  -2.0049E-001  -3.6685E-002   2.8399E-002  -2.7387E-002  -1.0306E+000   1.6645E-002   2.5984E-003  -2.9341E-002   2.8371E-002  -3.6735E-002   1.3136E-002  -1.7118E-002   1.2482E-001   5.7131E-003   8.1199E-004   1.7269E-003  -1.5355E-002   3.2521E-002   1.9201E-001  
 1.1674E+000  -1.1750E+000   1.1920E+000   1.7622E-001  -3.7417E-001  -1.3930E-001  -1.8242E-002   1.9730E-002  -3.2459E-002  -9.9416E-001   3.7850E-002   1.7978E-002  -2.8241E-002   2.7563E-002  -2.6940E-002   1.6954E-002  -1.6642E-002   1.1750E-001   6.5381E-003   1.1536E-004   1.8668E-003  -1.7890E-002   2.8834E-002   1.7889E-001  
 8.4140E-001  -1.2364E+000   8.3948E-001   1.5412E-001  -2.8668E-001  -5.8881E-002  -7.8659E-003   1.3862E-002  -2.6818E-002  -9.6970E-001   5.0998E-002   3.1718E-002  -2.1641E-002   2.7261E-002  -1.7850E-002   1.9384E-002  -1.2841E-002   1.1304E-001   5.4245E-003  -4.7632E-004   1.3580E-003  -1.9998E-002   2.5561E-002   1.4519E-001  
 6.3145E-001  -1.2719E+000   4.3124E-001   1.3564E-001  -1.5411E-001   4.5949E-003  -2.6751E-003   1.0559E-002  -1.4805E-002  -9.5570E-001   5.8343E-002   4.1139E-002  -1.1675E-002   2.7093E-002  -8.8735E-003   2.0877E-002  -6.9711E-003   1.1044E-001   3.0429E-003  -8.9527E-004   7.1881E-004  -2.1260E-002   2.3551E-002   1.1335E-001  
 5.5979E-001  -1.2835E+000  -8.7860E-007   1.2862E-001   1.5030E-005   2.8089E-002  -8.0581E-008   9.5440E-003   1.0683E-004  -9.5119E-001   6.0736E-002   4.4447E-002  -1.7952E-006   2.7034E-002  -3.3766E-006   2.1325E-002  -4.4053E-008   1.0957E-001  -1.3325E-005  -1.0422E-003   2.0002E-007  -2.1745E-002   2.2845E-002   8.8976E-002  
 6.3145E-001  -1.2719E+000  -4.3124E-001   1.3564E-001   1.5414E-001   4.6051E-003   2.6750E-003   1.0559E-002   1.5018E-002  -9.5570E-001   5.8343E-002   4.1138E-002   1.1671E-002   2.7095E-002   8.8667E-003   2.0877E-002   6.9711E-003   1.1044E-001  -3.0697E-003  -8.9544E-004  -7.1836E-004  -2.1260E-002   2.3552E-002   1.1334E-001  
 8.4140E-001  -1.2364E+000  -8.3949E-001   1.5412E-001   2.8671E-001  -5.8861E-002   7.8660E-003   1.3863E-002   2.7031E-002  -9.6970E-001   5.0998E-002   3.1715E-002   2.1637E-002   2.7265E-002   1.7844E-002   1.9385E-002   1.2841E-002   1.1304E-001  -5.4513E-003  -4.7667E-004  -1.3576E-003  -1.9998E-002   2.5561E-002   1.4519E-001  
 1.1674E+000  -1.1750E+000  -1.1920E+000   1.7622E-001   3.7420E-001  -1.3927E-001   1.8242E-002   1.9730E-002   3.2671E-002  -9.9416E-001   3.7850E-002   1.7974E-002   2.8237E-002   2.7570E-002   2.6934E-002   1.6954E-002   1.6642E-002   1.1750E-001  -6.5647E-003   1.1493E-004  -1.8667E-003  -1.7891E-002   2.8835E-002   1.7890E-001  
 1.5791E+000  -1.0843E+000  -1.4589E+000   1.8956E-001   3.9616E-001  -2.0045E-001   3.6685E-002   2.8399E-002   2.7598E-002  -1.0306E+000   1.6645E-002   2.5931E-003   2.9338E-002   2.8379E-002   3.6728E-002   1.3136E-002   1.7118E-002   1.2482E-001  -5.7393E-003   8.1152E-004  -1.7271E-003  -1.5355E-002   3.2522E-002   1.9200E-001  
 2.0398E+000  -9.5914E-001  -1.6025E+000   1.7597E-001   3.3145E-001  -1.9212E-001   6.6515E-002   4.0058E-002   6.5061E-003  -1.0804E+000  -1.6424E-002  -9.2930E-003   2.1226E-002   2.9567E-002   4.8863E-002   6.4749E-003   1.0672E-002   1.3688E-001  -1.4281E-003   5.0011E-004  -7.9894E-004  -1.4489E-002   3.4502E-002   1.8745E-001  
 2.4991E+000  -7.9672E-001  -1.5763E+000   1.1183E-001   1.6079E-001  -5.1555E-002   1.1010E-001   5.4117E-002  -3.6156E-002  -1.1433E+000  -6.5801E-002  -8.8595E-003  -1.0550E-003   3.0737E-002   6.5862E-002  -4.4558E-003  -8.0781E-003   1.5600E-001   8.6329E-003  -1.7369E-003   1.1459E-003  -1.6877E-002   3.3353E-002   1.5016E-001  
 2.9004E+000  -6.0067E-001  -1.3495E+000  -4.5632E-002  -1.4945E-001   3.0745E-001   1.5296E-001   6.2002E-002  -1.0233E-001  -1.2044E+000  -1.4286E-001   2.3679E-002  -5.2546E-002   3.1618E-002   1.0007E-001  -2.2297E-002  -4.7845E-002   1.9081E-001   2.9192E-002  -9.8076E-003   5.5536E-003  -1.9753E-002   2.8761E-002   1.9756E-001  
 2.9433E+000  -7.0867E-001   1.2382E+000  -2.7977E-001   6.5084E-001   3.8898E-001  -5.4382E-002   3.0526E-002   4.4653E-003  -1.2004E+000  -2.3174E-001   8.8285E-002   1.5216E-001   7.1042E-002  -1.2556E-001  -6.0255E-002   1.0508E-001   2.3871E-001  -1.4413E-003  -5.9168E-003  -9.9039E-003  -2.1697E-002   1.3370E-002   9.8540E-002  
 2.7392E+000  -8.9164E-001   1.3559E+000   4.5166E-002   7.4399E-002  -3.7093E-002  -1.2877E-001   8.7297E-002  -4.9224E-002  -1.1908E+000  -1.0183E-001   1.4910E-002   1.1545E-002   4.8548E-002  -6.7707E-002  -1.4631E-002   2.3139E-002   1.7061E-001   1.1876E-002  -5.4286E-004  -3.4690E-003  -1.8781E-002   3.2221E-002   1.3105E-001  
 2.3444E+000  -1.1214E+000   1.4306E+000   1.4165E-001  -1.9756E-001  -1.7668E-001  -8.1796E-002   6.7620E-002  -7.6066E-002  -1.1037E+000  -4.6469E-002   1.3568E-002  -2.0807E-002   4.3885E-002  -4.9324E-002   9.3016E-004   1.4174E-004   1.4468E-001   1.7505E-002   1.1477E-003  -8.6568E-004  -1.5444E-002   3.4027E-002   1.7807E-001  
 1.9426E+000  -1.2994E+000   1.3298E+000   1.8246E-001  -3.3101E-001  -1.8492E-001  -4.8629E-002   5.1358E-002  -8.2142E-002  -1.0354E+000  -8.4746E-003   2.4724E-002  -3.4732E-002   3.9725E-002  -3.6044E-002   1.1562E-002  -1.0452E-002   1.2669E-001   1.7747E-002   1.0260E-003   1.6045E-003  -1.4200E-002   3.3561E-002   1.8667E-001  
 1.5799E+000  -1.4294E+000   1.1003E+000   1.9021E-001  -3.4994E-001  -1.2402E-001  -2.7046E-002   3.9119E-002  -7.2939E-002  -9.8515E-001   1.6409E-002   3.9862E-002  -3.5530E-002   3.7234E-002  -2.5941E-002   1.8180E-002  -1.2946E-002   1.1529E-001   1.5024E-002  -2.7610E-005   2.3833E-003  -1.4786E-002   3.1143E-002   1.9722E-001  
 1.2909E+000  -1.5182E+000   7.8097E-001   1.8290E-001  -2.8229E-001  -4.3904E-002  -1.3514E-002   3.0518E-002  -5.3571E-002  -9.5082E-001   3.1654E-002   5.3745E-002  -2.7713E-002   3.6074E-002  -1.7198E-002   2.1916E-002  -1.0567E-002   1.0859E-001   1.0726E-002  -1.1519E-003   1.8627E-003  -1.6351E-002   2.7899E-002   1.5863E-001  
 1.1040E+000  -1.5699E+000   4.0293E-001   1.7340E-001  -1.5544E-001   1.9259E-002  -5.3623E-003   2.5394E-002  -2.7979E-002  -9.3104E-001   3.9924E-002   6.3144E-002  -1.4941E-002   3.5642E-002  -8.5352E-003   2.3936E-002  -5.8104E-003   1.0488E-001   5.6190E-003  -1.6726E-003   9.9526E-004  -1.7511E-002   2.5553E-002   1.2439E-001  
 1.0400E+000  -1.5867E+000  -1.5218E-006   1.6942E-001   2.0167E-005   4.2631E-002  -4.9464E-008   2.3749E-002   1.0640E-004  -9.2466E-001   4.2560E-002   6.6449E-002  -2.4029E-006   3.5512E-002  -4.3697E-006   2.4613E-002  -2.2937E-008   1.0367E-001  -1.3160E-005  -1.8610E-003   3.0856E-007  -1.7892E-002   2.4752E-002   9.3635E-002  
 1.1040E+000  -1.5700E+000  -4.0293E-001   1.7340E-001   1.5548E-001   1.9269E-002   5.3623E-003   2.5394E-002   2.8191E-002  -9.3104E-001   3.9924E-002   6.3143E-002   1.4936E-002   3.5644E-002   8.5265E-003   2.3936E-002   5.8104E-003   1.0488E-001  -5.6454E-003  -1.6727E-003  -9.9459E-004  -1.7511E-002   2.5553E-002   1.2440E-001  
 1.2909E+000  -1.5182E+000  -7.8097E-001   1.8290E-001   2.8233E-001  -4.3884E-002   1.3514E-002   3.0518E-002   5.3784E-002  -9.5083E-001   3.1654E-002   5.3743E-002   2.7708E-002   3.6078E-002   1.7189E-002   2.1915E-002   1.0567E-002   1.0859E-001  -1.0752E-002  -1.1522E-003  -1.8621E-003  -1.6352E-002   2.7899E-002   1.5862E-001  
 1.5799E+000  -1.4295E+000  -1.1003E+000   1.9021E-001   3.4998E-001  -1.2399E-001   2.7046E-002   3.9119E-002   7.3150E-002  -9.8515E-001   1.6409E-002   3.9858E-002   3.5525E-002   3.7240E-002   2.5932E-002   1.8179E-002   1.2946E-002   1.1529E-001  -1.5050E-002  -2.8162E-005  -2.3829E-003  -1.4786E-002   3.1144E-002   1.9720E-001  
 1.9426E+000  -1.2994E+000  -1.3298E+000   1.8246E-001   3.3105E-001  -1.8488E-001   4.8629E-002   5.1358E-002   8.2352E-002  -1.0354E+000  -8.4748E-003   2.4719E-002   3.4727E-002   3.9733E-002   3.6035E-002   1.1561E-002   1.0452E-002   1.2669E-001  -1.7773E-002   1.0255E-003  -1.6044E-003  -1.4200E-002   3.3562E-002   1.8665E-001  
 2.3444E+000  -1.1214E+000  -1.4306E+000   1.4165E-001   1.9760E-001  -1.7663E-001   8.1796E-002   6.7620E-002   7.6275E-002  -1.1037E+000  -4.6469E-002   1.3561E-002   2.0802E-002   4.3895E-002   4.9315E-002   9.2941E-004  -1.4186E-004   1.4468E-001  -1.7531E-002   1.1473E-003   8.6546E-004  -1.5444E-002   3.4027E-002   1.7807E-001  
 2.7392E+000  -8.9165E-001  -1.3559E+000   4.5166E-002  -7.4359E-002  -3.7033E-002   1.2877E-001   8.7296E-002   4.9431E-002  -1.1908E+000  -1.0183E-001   1.4901E-002  -1.1550E-002   4.8561E-002   6.7698E-002  -1.4632E-002  -2.3139E-002   1.7061E-001  -1.1902E-002  -5.4320E-004   3.4687E-003  -1.8781E-002   3.2221E-002   1.3102E-001  
 2.9433E+000  -7.0869E-001  -1.2382E+000  -2.7977E-001  -6.5081E-001   3.8904E-001   5.4385E-002   3.0518E-002  -4.2735E-003  -1.2004E+000  -2.3174E-001   8.8266E-002  -1.5217E-001   7.1065E-002   1.2554E-001  -6.0258E-002  -1.0508E-001   2.3871E-001   1.4083E-003  -5.9149E-003   9.9047E-003  -2.1697E-002   1.3371E-002   9.8547E-002  
 2.3464E+000  -1.3826E+000   1.1504E+000   1.4368E-001  -1.5207E-001  -2.3750E-001  -6.5223E-002   8.7485E-002  -1.5725E-001  -1.0233E+000  -4.5630E-002   4.4044E-002  -2.8169E-002   5.2783E-002  -3.3200E-002   3.3776E-003  -4.3393E-004   1.2590E-001   3.5599E-002   2.4554E-003   1.6646E-003  -1.4027E-002   3.3774E-002   1.9558E-001  
 2.0424E+000  -1.5578E+000   9.7201E-001   1.7818E-001  -2.3939E-001  -1.7741E-001  -3.9232E-002   7.1180E-002  -1.2882E-001  -9.5831E-001  -1.5981E-002   5.9348E-002  -3.4354E-002   4.7548E-002  -2.3513E-002   1.3671E-002  -6.7664E-003   1.1009E-001   2.7695E-002   2.9349E-004   3.0654E-003  -1.2666E-002   3.2659E-002   1.8349E-001  
 1.7976E+000  -1.6783E+000   6.9865E-001   1.8984E-001  -2.1985E-001  -9.8242E-002  -2.1461E-002   5.9428E-002  -9.0484E-002  -9.1369E-001   2.4045E-003   7.3417E-002  -2.8526E-002   4.4810E-002  -1.5273E-002   1.9614E-002  -7.0090E-003   1.0049E-001   1.8915E-002  -1.5016E-003   2.8798E-003  -1.2873E-002   3.0326E-002   1.8152E-001  
 1.6385E+000  -1.7488E+000   3.6289E-001   1.9190E-001  -1.2783E-001  -3.5594E-002  -9.3223E-003   5.2578E-002  -4.6398E-002  -8.8764E-001   1.2590E-002   8.3169E-002  -1.5878E-002   4.3549E-002  -7.6576E-003   2.2941E-002  -4.2035E-003   9.5392E-002   9.4280E-003  -2.7351E-003   1.5715E-003  -1.3277E-002   2.8338E-002   1.3610E-001  
 1.5839E+000  -1.7717E+000  -2.4385E-006   1.9173E-001   2.5217E-005  -1.2405E-002  -1.0913E-007   5.0312E-002   1.0580E-004  -8.7917E-001   1.5776E-002   8.6584E-002  -3.1555E-006   4.3265E-002  -5.3823E-006   2.3966E-002  -1.3570E-007   9.3835E-002  -1.2968E-005  -3.0511E-003   3.8290E-007  -1.3491E-002   2.7535E-002   1.1330E-001  
 1.6385E+000  -1.7488E+000  -3.6289E-001   1.9190E-001   1.2788E-001  -3.5584E-002   9.3222E-003   5.2578E-002   4.6610E-002  -8.8765E-001   1.2590E-002   8.3167E-002   1.5872E-002   4.3551E-002   7.6468E-003   2.2940E-002   4.2033E-003   9.5392E-002  -9.4540E-003  -2.7352E-003  -1.5706E-003  -1.3277E-002   2.8338E-002   1.3611E-001  
 1.7976E+000  -1.6783E+000  -6.9865E-001   1.8983E-001   2.1990E-001  -9.8221E-002   2.1460E-002   5.9428E-002   9.0695E-002  -9.1369E-001   2.4043E-003   7.3414E-002   2.8520E-002   4.4814E-002   1.5262E-002   1.9614E-002   7.0086E-003   1.0049E-001  -1.8941E-002  -1.5018E-003  -2.8791E-003  -1.2874E-002   3.0326E-002   1.8150E-001  
 2.0424E+000  -1.5578E+000  -9.7202E-001   1.7818E-001   2.3944E-001  -1.7738E-001   3.9232E-002   7.1180E-002   1.2903E-001  -9.5831E-001  -1.5982E-002   5.9344E-002   3.4347E-002   4.7554E-002   2.3502E-002   1.3670E-002   6.7660E-003   1.1009E-001  -2.7721E-002   2.9304E-004  -3.0648E-003  -1.2666E-002   3.2659E-002   1.8347E-001  
 2.3464E+000  -1.3826E+000  -1.1504E+000   1.4368E-001   1.5212E-001  -2.3746E-001   6.5223E-002   8.7484E-002   1.5746E-001  -1.0233E+000  -4.5631E-002   4.4038E-002   2.8162E-002   5.2792E-002   3.3189E-002   3.3764E-003   4.3331E-004   1.2590E-001  -3.5625E-002   2.4551E-003  -1.6643E-003  -1.4028E-002   3.3774E-002   1.9557E-001  
 2.7465E+000  -1.2841E+000   9.1580E-001   5.3607E-002   1.6221E-001  -4.1734E-001  -8.6810E-002   1.4210E-001  -2.5559E-001  -9.8726E-001  -9.7502E-002   5.4414E-002  -6.0883E-003   6.6882E-002  -2.7831E-002  -1.3491E-002   1.3164E-002   1.2127E-001   5.9359E-002   3.8681E-003   1.9086E-003  -1.4681E-002   3.3741E-002   2.0266E-001  
 2.5060E+000  -1.5111E+000   8.0331E-001   1.1937E-001  -2.5508E-002  -3.5964E-001  -5.5153E-002   1.2096E-001  -2.0154E-001  -9.0706E-001  -6.2182E-002   6.9736E-002  -2.1585E-002   5.8216E-002  -1.8360E-002   6.4329E-004   2.3482E-003   1.0046E-001   4.5530E-002   1.3108E-003   4.2806E-003  -1.2103E-002   3.3650E-002   1.9906E-001  
 2.3099E+000  -1.6677E+000   5.8965E-001   1.5387E-001  -8.7947E-002  -2.8214E-001  -3.2028E-002   1.0604E-001  -1.3891E-001  -8.5158E-001  -3.9512E-002   8.4447E-002  -2.2147E-002   5.2853E-002  -1.1688E-002   9.8229E-003  -1.7169E-003   8.7524E-002   3.0385E-002  -1.8105E-003   4.2045E-003  -1.0726E-002   3.2488E-002   1.7749E-001  
 2.1813E+000  -1.7599E+000   3.0970E-001   1.6951E-001  -6.5268E-002  -2.2067E-001  -1.4499E-002   9.7075E-002  -7.0457E-002  -8.1893E-001  -2.6922E-002   9.4619E-002  -1.3249E-002   5.0257E-002  -5.8164E-003   1.4781E-002  -1.7493E-003   8.0592E-002   1.5077E-002  -3.8654E-003   2.3786E-003  -1.0298E-002   3.1142E-002   1.5505E-001  
 2.1370E+000  -1.7901E+000  -3.5712E-006   1.7386E-001   3.0114E-005  -1.9792E-001  -2.1013E-007   9.4116E-002   1.0498E-004  -8.0834E-001  -2.2927E-002   9.8150E-002  -4.0097E-006   4.9457E-002  -6.5192E-006   1.6355E-002  -2.5629E-007   7.8384E-002  -1.2856E-005  -4.5715E-003   4.2722E-007  -1.0173E-002   3.0619E-002   1.3051E-001  
 2.1813E+000  -1.7599E+000  -3.0971E-001   1.6951E-001   6.5328E-002  -2.2066E-001   1.4499E-002   9.7075E-002   7.0667E-002  -8.1893E-001  -2.6922E-002   9.4618E-002   1.3241E-002   5.0259E-002   5.8034E-003   1.4781E-002   1.7488E-003   8.0592E-002  -1.5103E-002  -3.8655E-003  -2.3777E-003  -1.0298E-002   3.1142E-002   1.5507E-001  
 2.3099E+000  -1.6677E+000  -5.8965E-001   1.5387E-001   8.8007E-002  -2.8212E-001   3.2027E-002   1.0604E-001   1.3912E-001  -8.5158E-001  -3.9513E-002   8.4444E-002   2.2138E-002   5.2858E-002   1.1675E-002   9.8219E-003   1.7162E-003   8.7524E-002  -3.0411E-002  -1.8106E-003  -4.2038E-003  -1.0726E-002   3.2488E-002   1.7750E-001  
 2.5060E+000  -1.5111E+000  -8.0331E-001   1.1937E-001   2.5567E-002  -3.5961E-001   5.5152E-002   1.2096E-001   2.0174E-001  -9.0706E-001  -6.2183E-002   6.9731E-002   2.1576E-002   5.8223E-002   1.8346E-002   6.4157E-004  -2.3492E-003   1.0046E-001  -4.5556E-002   1.3106E-003  -4.2801E-003  -1.2104E-002   3.3650E-002   1.9905E-001  
 2.7465E+000  -1.2841E+000  -9.1581E-001   5.3605E-002  -1.6216E-001  -4.1730E-001   8.6809E-002   1.4209E-001   2.5580E-001  -9.8726E-001  -9.7504E-002   5.4407E-002   6.0783E-003   6.6891E-002   2.7817E-002  -1.3493E-002  -1.3166E-002   1.2127E-001  -5.9385E-002   3.8681E-003  -1.9083E-003  -1.4683E-002   3.3741E-002   2.0268E-001  
 3.0131E+000  -1.0546E+000   7.0431E-001  -1.9337E-001   7.4047E-001  -8.1324E-001  -5.2888E-002   1.5816E-001  -3.2206E-001  -8.8341E-001  -2.0131E-001   4.8059E-002   9.1960E-002   1.1075E-001  -1.0887E-002  -6.7600E-002   5.3990E-002   1.3191E-001   9.9842E-002   1.0750E-002  -7.2145E-004  -1.7635E-002   2.6913E-002   1.8528E-001  
 2.9339E+000  -1.2298E+000   5.8709E-001  -6.5544E-003   3.0730E-001  -7.3634E-001  -7.5461E-002   1.9860E-001  -2.9567E-001  -8.1902E-001  -1.2485E-001   6.6192E-002   5.0982E-003   7.1133E-002  -1.1832E-002  -2.1432E-002   1.4135E-002   8.7099E-002   6.7782E-002   3.5484E-003   3.7737E-003  -1.2179E-002   3.5343E-002   2.1902E-001  
 2.7872E+000  -1.4290E+000   4.4889E-001   5.3209E-002   1.2366E-001  -6.6374E-001  -4.5963E-002   1.7923E-001  -2.0167E-001  -7.5417E-001  -9.7318E-002   8.0399E-002  -6.9862E-003   6.0527E-002  -6.5766E-003  -9.2165E-003   5.3762E-003   6.9045E-002   4.5021E-002  -1.5063E-003   4.9409E-003  -9.9410E-003   3.4555E-002   1.8698E-001  
 2.6898E+000  -1.5466E+000   2.4085E-001   8.4099E-002   3.7350E-002  -6.0461E-001  -2.1343E-002   1.6757E-001  -1.0152E-001  -7.1467E-001  -8.1964E-002   9.0916E-002  -6.2192E-003   5.5951E-002  -2.9966E-003  -2.4201E-003   1.6476E-003   5.9777E-002   2.2460E-002  -4.3063E-003   3.0739E-003  -8.8097E-003   3.3920E-002   1.6274E-001  
 2.6560E+000  -1.5851E+000  -5.0232E-006   9.3487E-002   3.4768E-005  -5.8265E-001  -4.6708E-007   1.6366E-001   1.0377E-004  -7.0178E-001  -7.7130E-002   9.4595E-002  -5.0518E-006   5.4545E-002  -7.8590E-006  -2.7133E-004  -4.9752E-007   5.6864E-002  -1.2907E-005  -5.3091E-003   3.2559E-007  -8.4819E-003   3.3618E-002   1.4531E-001  
 2.6898E+000  -1.5466E+000  -2.4086E-001   8.4098E-002  -3.7281E-002  -6.0460E-001   2.1342E-002   1.6757E-001   1.0172E-001  -7.1467E-001  -8.1964E-002   9.0914E-002   6.2089E-003   5.5953E-002   2.9808E-003  -2.4211E-003  -1.6486E-003   5.9776E-002  -2.2486E-002  -4.3063E-003  -3.0733E-003  -8.8100E-003   3.3920E-002   1.6277E-001  
 2.7872E+000  -1.4290E+000  -4.4890E-001   5.3207E-002  -1.2359E-001  -6.6372E-001   4.5962E-002   1.7923E-001   2.0188E-001  -7.5417E-001  -9.7320E-002   8.0395E-002   6.9752E-003   6.0531E-002   6.5603E-003  -9.2188E-003  -5.3776E-003   6.9044E-002  -4.5048E-002  -1.5063E-003  -4.9405E-003  -9.9418E-003   3.4555E-002   1.8700E-001  
 2.9339E+000  -1.2298E+000  -5.8710E-001  -6.5621E-003  -3.0723E-001  -7.3631E-001   7.5457E-002   1.9860E-001   2.9587E-001  -8.1902E-001  -1.2486E-001   6.6184E-002  -5.1130E-003   7.1140E-002   1.1813E-002  -2.1437E-002  -1.4138E-002   8.7098E-002  -6.7811E-002   3.5495E-003  -3.7748E-003  -1.2180E-002   3.5343E-002   2.1905E-001  
 3.0131E+000  -1.0547E+000  -7.0432E-001  -1.9339E-001  -7.4041E-001  -8.1320E-001   5.2877E-002   1.5814E-001   3.2225E-001  -8.8341E-001  -2.0132E-001   4.8045E-002  -9.1984E-002   1.1076E-001   1.0868E-002  -6.7609E-002  -5.3995E-002   1.3191E-001  -9.9876E-002   1.0750E-002   7.2128E-004  -1.7636E-002   2.6910E-002   1.8526E-001  
