 2.6360E+000   1.5839E+000   7.4172E-001  -4.0845E-001  -9.8704E-001  -9.3828E-001  -9.9851E-002   6.8031E-002  -3.6721E-001   4.2789E-001  -2.5813E-001  -1.8845E-001   1.8416E-002  -8.1919E-001   7.1509E-002   1.2153E-001   5.3758E-002   1.3856E-001   2.4636E-002   1.0528E+000   2.9291E-001  -2.2212E-002   1.3945E-001   5.8698E-001  
 2.9688E+000   1.2131E+000   4.9368E-001   2.4062E-002  -3.3781E-001  -4.5533E-001  -1.3571E-001  -2.1434E-001  -4.4075E-001   7.9560E-002  -1.1552E-001  -1.5247E-002   9.0919E-002  -6.4038E-001   1.0305E-001   2.4522E-002  -1.8829E-002   7.0702E-002   2.8927E-002   9.6229E-001   2.3112E-001  -1.4175E-002   1.9028E-001   7.4587E-001  
 2.7832E+000   1.4648E+000   4.2099E-001   3.2438E-002  -1.9480E-001  -3.8266E-001  -5.9216E-002  -1.5562E-001  -2.4596E-001  -3.8887E-002  -1.0711E-001  -3.2502E-003   3.5664E-002  -5.5651E-001   1.0669E-002   3.6711E-002  -7.8532E-003   5.9570E-002   4.0158E-002   9.0613E-001   2.2164E-001  -1.7927E-002   2.0776E-001   8.0720E-001  
 2.6794E+000   1.5970E+000   2.3449E-001   4.8610E-002  -7.9873E-002  -3.2739E-001  -2.4036E-002  -1.3421E-001  -1.0551E-001  -8.5031E-002  -9.8164E-002   1.9200E-003   1.4424E-002  -5.3648E-001  -5.6526E-002   4.3489E-002  -1.7148E-003   6.5696E-002   2.2826E-002   9.0382E-001   2.1886E-001  -2.4351E-002   2.0779E-001   8.4076E-001  
 2.6458E+000   1.6366E+000   1.0838E-002   5.6856E-002  -8.2167E-003  -3.0357E-001   4.5911E-003  -1.3043E-001   2.9857E-002  -1.0589E-001  -9.3747E-002   6.6883E-003  -5.9725E-003  -5.1867E-001  -1.2095E-001   4.2627E-002   3.5986E-003   6.7154E-002   2.5380E-003   9.0341E-001   2.1568E-001  -2.5522E-002   2.0816E-001   8.4555E-001  
 2.6847E+000   1.5872E+000  -2.1234E-001   5.8480E-002   6.2968E-002  -3.1812E-001   3.3288E-002  -1.4259E-001   1.6561E-001  -1.0386E-001  -9.4070E-002   1.0743E-002  -2.7123E-002  -5.0145E-001  -1.8671E-001   3.3930E-002   8.8811E-003   6.3423E-002  -1.6902E-002   9.0380E-001   2.1315E-001  -2.0564E-002   2.0931E-001   8.1981E-001  
 2.7930E+000   1.4473E+000  -3.9840E-001   4.9186E-002   1.7769E-001  -3.6466E-001   6.7923E-002  -1.7077E-001   3.0608E-001  -7.6812E-002  -1.0046E-001   1.2936E-002  -4.8933E-002  -4.8587E-001  -2.5756E-001   2.1283E-002   1.3824E-002   5.4696E-002  -3.2429E-002   9.0607E-001   2.1247E-001  -1.3016E-002   2.1021E-001   7.7514E-001  
 3.0359E+000   1.1120E+000  -4.4436E-001   1.0046E-001   2.7177E-001  -3.6615E-001   1.6488E-001  -2.9910E-001   5.5841E-001  -1.5012E-002  -8.8213E-002   4.8135E-002  -1.3495E-001  -5.2254E-001  -4.0679E-001  -1.0041E-002   2.7399E-002   4.4488E-002   8.0898E-003   9.6696E-001   2.3963E-001  -1.3368E-002   1.9068E-001   6.9238E-001  
 2.5027E+000   1.6919E+000  -8.9473E-001  -4.8474E-001   1.1619E+000  -8.4025E-001   1.0306E-002   8.7876E-002   3.7391E-001   1.8325E-001  -2.7793E-001  -1.0977E-001   3.9271E-002  -5.6458E-001  -4.0741E-001   1.3175E-001  -6.8470E-002   6.0165E-002  -1.3146E-003   1.0387E+000   2.2582E-001  -2.4002E-002   1.3612E-001   5.1358E-001  
 2.7710E+000   1.2444E+000   8.5176E-001   8.7284E-002  -2.9512E-001  -1.3859E-001  -1.1482E-001  -1.6681E-001  -3.7604E-001   1.3510E-001  -8.4136E-002   1.6154E-002   7.5051E-002  -5.0003E-001   1.7822E-001  -7.6859E-003  -1.4725E-002  -1.5564E-003   4.4017E-002   8.9989E-001   2.1792E-001  -4.0862E-003   2.1462E-001   7.6335E-001  
 2.5173E+000   1.4976E+000   7.6545E-001   1.3038E-001  -8.7390E-002  -8.9246E-002  -6.9390E-002  -1.2761E-001  -2.7382E-001   4.8159E-002  -5.8114E-002   2.4915E-002   6.1214E-002  -4.7345E-001   1.0202E-001  -5.0778E-003  -1.5120E-002   1.1367E-002   4.1872E-002   8.9188E-001   2.1706E-001  -6.6868E-003   2.1698E-001   8.1660E-001  
 2.3151E+000   1.6703E+000   5.7171E-001   1.4963E-001   5.3088E-003  -1.5621E-002  -3.7300E-002  -1.0328E-001  -1.7393E-001  -1.2735E-002  -4.1644E-002   3.6033E-002   4.0532E-002  -4.5126E-001   3.2004E-002   3.1526E-004  -8.8460E-003   1.8200E-002   3.2377E-002   8.8824E-001   2.1628E-001  -1.4856E-002   2.1740E-001   8.6273E-001  
 2.1854E+000   1.7684E+000   3.0600E-001   1.5994E-001   2.1436E-002   4.5737E-002  -1.5457E-002  -9.2627E-002  -7.7568E-002  -5.0418E-002  -3.0401E-002   4.6185E-002   2.0186E-002  -4.3284E-001  -3.3746E-002   1.2238E-003  -3.5292E-003   2.1848E-002   1.5979E-002   8.8832E-001   2.1466E-001  -1.9948E-002   2.1677E-001   9.0586E-001  
 2.1415E+000   1.7992E+000   8.7300E-003   1.6402E-001  -3.1661E-003   6.9720E-002   2.2504E-003  -9.0193E-002   1.7862E-002  -6.6990E-002  -2.6222E-002   5.0930E-002  -1.3868E-003  -4.1554E-001  -9.8533E-002  -1.8662E-004   1.3038E-003   2.2978E-002  -1.7227E-003   8.8823E-001   2.1272E-001  -2.0664E-002   2.1705E-001   9.2235E-001  
 2.1868E+000   1.7658E+000  -2.8843E-001   1.6327E-001  -2.7617E-002   4.8505E-002   1.9808E-002  -9.4421E-002   1.1270E-001  -6.2676E-002  -2.9400E-002   4.8714E-002  -2.3201E-002  -3.9992E-001  -1.6371E-001  -3.0823E-003   6.1342E-003   2.2823E-002  -1.9013E-002   8.8816E-001   2.1080E-001  -1.6952E-002   2.1786E-001   9.2914E-001  
 2.3186E+000   1.6641E+000  -5.5355E-001   1.5686E-001  -1.1810E-002  -8.7368E-003   4.1677E-002  -1.0830E-001   2.0853E-001  -3.8663E-002  -3.8892E-002   4.2525E-002  -4.5006E-002  -3.8459E-001  -2.3209E-001  -8.7728E-003   1.1605E-002   1.8777E-002  -3.2993E-002   8.8823E-001   2.1035E-001  -9.3575E-003   2.1908E-001   8.9097E-001  
 2.5227E+000   1.4891E+000  -7.4787E-001   1.3893E-001   8.2036E-002  -7.7585E-002   7.2613E-002  -1.3531E-001   3.0617E-001   6.8359E-003  -5.4625E-002   3.5541E-002  -6.5391E-002  -3.7193E-001  -3.0621E-001  -1.5746E-002   1.5936E-002   9.8547E-003  -3.9893E-002   8.9191E-001   2.1170E-001  -1.9810E-003   2.1856E-001   7.7757E-001  
 2.7755E+000   1.2376E+000  -8.3938E-001   9.0915E-002   2.9649E-001  -1.2114E-001   1.1277E-001  -1.7371E-001   4.0213E-001   7.3557E-002  -8.2876E-002   3.1432E-002  -7.2912E-002  -3.5993E-001  -3.8871E-001  -1.5028E-002   9.4673E-003  -8.6306E-003  -4.0910E-002   8.9972E-001   2.1552E-001  -3.0047E-003   2.1540E-001   7.5642E-001  
 2.3598E+000   1.3448E+000   1.1098E+000   1.6300E-001  -9.2685E-003   5.1669E-004  -7.6413E-002  -1.0315E-001  -2.4487E-001   1.1907E-001  -3.7936E-002   1.6567E-002   7.2948E-002  -4.0918E-001   1.9242E-001  -2.1097E-002  -1.6967E-002  -1.7678E-002   3.5183E-002   8.8753E-001   2.1306E-001  -4.0208E-004   2.2022E-001   7.6357E-001  
 2.0500E+000   1.5363E+000   9.4801E-001   1.8496E-001   1.1098E-001   5.4959E-002  -4.3679E-002  -7.7176E-002  -1.8204E-001   5.3561E-002  -1.4168E-002   2.7994E-002   5.8837E-002  -3.8776E-001   1.1879E-001  -1.8744E-002  -1.4884E-002  -7.2072E-003   3.4351E-002   8.8542E-001   2.1430E-001  -6.3440E-003   2.1993E-001   8.2757E-001  
 1.8039E+000   1.6649E+000   6.8699E-001   1.9073E-001   1.3192E-001   1.3242E-001  -2.3113E-002  -6.2891E-002  -1.1951E-001   8.4371E-003   2.7656E-003   4.1941E-002   4.1669E-002  -3.7133E-001   5.1491E-002  -1.8293E-002  -9.7855E-003  -6.0859E-004   2.4290E-002   8.8943E-001   2.1495E-001  -1.2620E-002   2.1668E-001   8.6811E-001  
 1.6443E+000   1.7400E+000   3.6187E-001   1.8945E-001   8.2439E-002   1.9418E-001  -8.9534E-003  -5.4889E-002  -5.3872E-002  -1.9277E-002   1.2398E-002   5.1300E-002   2.0933E-002  -3.5495E-001  -1.5364E-002  -1.7535E-002  -4.1504E-003   3.5001E-003   1.1880E-002   8.9200E-001   2.1485E-001  -1.7286E-002   2.1469E-001   8.9786E-001  
 1.5901E+000   1.7639E+000   8.0794E-003   1.8912E-001  -1.3419E-003   2.1754E-001   1.5354E-003  -5.2823E-002   1.1080E-002  -3.1142E-002   1.5910E-002   5.4900E-002   2.9591E-004  -3.3908E-001  -8.0773E-002  -1.8421E-002   4.7451E-005   5.6343E-003  -2.6758E-003   8.9322E-001   2.1404E-001  -1.7799E-002   2.1403E-001   8.9827E-001  
 1.6452E+000   1.7391E+000  -3.4549E-001   1.9094E-001  -8.5190E-002   1.9536E-001   1.2063E-002  -5.5478E-002   7.5585E-002  -2.8604E-002   1.2705E-002   5.2067E-002  -2.0930E-002  -3.2248E-001  -1.4656E-001  -1.9578E-002   4.6246E-003   5.1358E-003  -1.6523E-002   8.9190E-001   2.1297E-001  -1.5469E-002   2.1530E-001   8.7761E-001  
 1.8057E+000   1.6632E+000  -6.7029E-001   1.9333E-001  -1.3443E-001   1.3481E-001   2.6123E-002  -6.4161E-002   1.3924E-001  -1.0389E-002   3.4710E-003   4.3433E-002  -4.2536E-002  -3.0622E-001  -2.1402E-001  -2.1807E-002   1.0626E-002   2.5293E-003  -2.7562E-002   8.8924E-001   2.1180E-001  -9.7059E-003   2.1768E-001   8.3601E-001  
 2.0525E+000   1.5347E+000  -9.3198E-001   1.8690E-001  -1.1196E-001   5.8703E-002   4.5803E-002  -7.8603E-002   1.9762E-001   2.4175E-002  -1.3676E-002   3.0560E-002  -5.8984E-002  -2.8940E-001  -2.8240E-001  -2.1858E-002   1.4198E-002  -3.8332E-003  -3.6312E-002   8.8508E-001   2.1135E-001  -4.5744E-003   2.2093E-001   7.9655E-001  
 2.3623E+000   1.3444E+000  -1.0964E+000   1.6195E-001   1.1946E-002   6.6003E-003   7.6141E-002  -1.0406E-001   2.5425E-001   7.6287E-002  -3.8502E-002   2.1668E-002  -6.9802E-002  -2.7572E-001  -3.5915E-001  -2.2162E-002   1.2239E-002  -1.6692E-002  -3.5578E-002   8.8725E-001   2.1333E-001  -1.4042E-003   2.2036E-001   7.9064E-001  
 3.1858E+000   2.9610E-001   1.0240E+000  -9.9727E-002  -5.8175E-001   8.2234E-001  -1.2379E-001  -2.6766E-001  -5.7151E-001   3.1721E-001  -1.7752E-001   2.1995E-001   7.6303E-002  -6.7527E-001   6.7124E-001   1.8159E-002   6.6133E-002  -1.2846E-001  -1.8712E-001   1.0920E+000   2.7342E-001  -1.5314E-002   1.4516E-001   4.5789E-001  
 2.7527E+000   8.2148E-001   1.3180E+000   5.7103E-002  -3.2490E-001   1.8137E-001  -1.3066E-001  -1.1379E-001  -1.9116E-001   2.3356E-001  -9.6056E-002   1.4524E-002   4.7322E-002  -3.8795E-001   3.7900E-001  -5.7862E-003   2.2690E-002  -6.1521E-002  -5.0857E-003   9.0544E-001   2.1259E-001  -1.3521E-002   2.1001E-001   7.8291E-001  
 2.3548E+000   1.0705E+000   1.3962E+000   1.5303E-001  -1.7220E-002   2.1708E-002  -8.6759E-002  -8.2940E-002  -1.7065E-001   1.6017E-001  -4.2062E-002  -4.2369E-003   6.4490E-002  -3.5528E-001   2.8440E-001  -1.4679E-002  -6.4694E-003  -3.4475E-002   1.9084E-002   8.8925E-001   2.1084E-001  -7.6524E-003   2.1852E-001   8.4643E-001  
 1.9496E+000   1.2622E+000   1.3047E+000   1.8974E-001   1.5504E-001   6.1378E-003  -5.1506E-002  -5.9917E-002  -1.4637E-001   9.7974E-002  -6.8437E-003   1.2342E-003   6.4263E-002  -3.3362E-001   2.0698E-001  -1.8632E-002  -1.6740E-002  -1.9557E-002   2.6376E-002   8.8773E-001   2.1189E-001  -7.1474E-003   2.1874E-001   8.2599E-001  
 1.5855E+000   1.4014E+000   1.0846E+000   1.9371E-001   2.1596E-001   6.3988E-002  -2.8292E-002  -4.4599E-002  -1.1526E-001   5.1672E-002   1.6541E-002   1.5564E-002   5.4467E-002  -3.1711E-001   1.3700E-001  -2.0540E-002  -1.6163E-002  -1.0741E-002   2.3857E-002   8.9270E-001   2.1420E-001  -1.1167E-002   2.1475E-001   7.8783E-001  
 1.2960E+000   1.4962E+000   7.7420E-001   1.8355E-001   1.9180E-001   1.4259E-001  -1.3746E-002  -3.4587E-002  -7.7613E-002   1.9336E-002   3.1404E-002   2.9945E-002   3.8352E-002  -3.0162E-001   6.9574E-002  -2.1165E-002  -1.0758E-002  -5.4979E-003   1.7048E-002   8.9890E-001   2.1574E-001  -1.6325E-002   2.1023E-001   8.2336E-001  
 1.1092E+000   1.5508E+000   4.0376E-001   1.7345E-001   1.1002E-001   2.0517E-001  -5.0584E-003  -2.9437E-002  -3.6080E-002  -1.4829E-004   4.0272E-002   3.9771E-002   2.0094E-002  -2.8647E-001   2.2592E-003  -2.2646E-002  -5.5361E-003  -1.8023E-003   7.6518E-003   9.0356E-001   2.1673E-001  -1.8344E-002   2.0694E-001   8.3900E-001  
 1.0455E+000   1.5686E+000   8.0179E-003   1.6945E-001  -7.9678E-004   2.2849E-001   1.4957E-003  -2.7748E-002   6.9080E-003  -8.7101E-003   4.2963E-002   4.3010E-002   3.8974E-004  -2.7065E-001  -6.4697E-002  -2.3224E-002  -1.8998E-004  -7.8820E-005  -1.9043E-003   9.0511E-001   2.1690E-001  -1.8823E-002   2.0587E-001   8.4385E-001  
 1.1099E+000   1.5509E+000  -3.8765E-001   1.7364E-001  -1.1144E-001   2.0545E-001   7.9244E-003  -2.9452E-002   4.9047E-002  -7.1293E-003   4.0217E-002   3.9480E-002  -1.9512E-002  -2.5417E-001  -1.3157E-001  -2.2721E-002   5.3013E-003   1.0712E-004  -1.1262E-002   9.0353E-001   2.1635E-001  -1.8172E-002   2.0712E-001   8.4008E-001  
 1.2974E+000   1.4962E+000  -7.5794E-001   1.8396E-001  -1.9278E-001   1.4312E-001   1.6367E-002  -3.4584E-002   8.7968E-002   5.3568E-003   3.1241E-002   2.9351E-002  -3.8177E-002  -2.3696E-001  -1.9864E-001  -2.1313E-002   1.0764E-002  -1.7829E-003  -1.9941E-002   8.9883E-001   2.1514E-001  -1.5997E-002   2.1049E-001   8.2543E-001  
 1.5877E+000   1.4015E+000  -1.0684E+000   1.9393E-001  -2.1618E-001   6.4763E-002   3.0816E-002  -4.4688E-002   1.2129E-001   3.0358E-002   1.6520E-002   1.5133E-002  -5.4380E-002  -2.2020E-001  -2.6597E-001  -2.0512E-002   1.5712E-002  -5.5835E-003  -2.5542E-002   8.9254E-001   2.1366E-001  -1.1261E-002   2.1508E-001   8.0042E-001  
 1.9523E+000   1.2630E+000  -1.2900E+000   1.8811E-001  -1.5307E-001   7.8059E-003   5.2899E-002  -5.9651E-002   1.4625E-001   6.7261E-002  -7.4177E-003   2.4404E-003  -6.2328E-002  -2.0326E-001  -3.3740E-001  -1.7300E-002   1.3445E-002  -1.5254E-002  -2.6464E-002   8.8772E-001   2.1399E-001  -9.3728E-003   2.1836E-001   8.3691E-001  
 2.3560E+000   1.0744E+000  -1.3861E+000   1.4592E-001   2.5478E-002   2.4716E-002   8.4235E-002  -7.9822E-002   1.6056E-001   1.1606E-001  -4.5269E-002  -5.8406E-004  -5.6097E-002  -1.8789E-001  -4.1810E-001  -9.2614E-003  -2.4758E-003  -3.4365E-002  -1.9089E-002   8.8897E-001   2.1575E-001  -1.3237E-002   2.1741E-001   8.6861E-001  
 2.7495E+000   8.3217E-001  -1.3155E+000   4.2242E-002   3.4621E-001   1.8541E-001   1.2165E-001  -1.0411E-001   1.6514E-001   1.6968E-001  -1.0234E-001   1.9616E-002  -2.7857E-002  -1.7718E-001  -5.1966E-001   4.3499E-003  -3.5197E-002  -6.9472E-002   1.9804E-003   9.0532E-001   2.2063E-001  -1.8308E-002   2.0800E-001   8.0331E-001  
 3.4053E+000   2.0607E-001  -7.3842E-001   1.8700E-002   4.9820E-001   6.5111E-001   2.3006E-001  -2.7825E-001   4.2516E-001   2.9350E-001  -1.4705E-001   1.6442E-001  -5.6118E-002  -3.3484E-001  -8.0508E-001   9.7992E-003  -4.2684E-002  -1.7058E-001   1.4048E-001   1.0783E+000   2.3048E-001  -1.2806E-002   1.4390E-001   4.7490E-001  
 2.8064E+000   5.6636E-001   1.4801E+000  -1.5786E-001  -5.4749E-001   6.1414E-001  -2.0353E-002  -4.5291E-002  -1.2294E-001   9.3422E-002  -1.8031E-001   1.1975E-001  -5.7859E-002  -3.8418E-001   5.9001E-001   2.3387E-002   9.6460E-002  -1.3416E-001  -8.8779E-002   9.8620E-001   2.1882E-001  -1.5504E-002   1.7825E-001   6.5087E-001  
 2.5020E+000   7.3575E-001   1.5611E+000   1.0483E-001  -1.1252E-001   1.1250E-001  -1.0195E-001  -6.5903E-002  -6.4762E-002   1.5488E-001  -6.8601E-002  -8.8236E-003   3.6352E-002  -3.1103E-001   3.8446E-001  -1.7126E-004   2.0839E-002  -4.8763E-002  -1.2244E-002   8.9733E-001   2.1171E-001  -2.0676E-002   2.1231E-001   8.4221E-001  
 2.0449E+000   9.0911E-001   1.5834E+000   1.7682E-001   1.0504E-001  -4.3051E-002  -6.6129E-002  -4.9161E-002  -7.5324E-002   1.1097E-001  -1.6508E-002  -2.3891E-002   5.3410E-002  -2.8455E-001   2.9610E-001  -9.7169E-003  -8.6943E-003  -2.5417E-002   9.2931E-003   8.8912E-001   2.1160E-001  -1.4528E-002   2.1704E-001   8.8232E-001  
 1.5835E+000   1.0440E+000   1.4436E+000   1.9173E-001   2.1453E-001  -5.7038E-002  -3.7165E-002  -3.4862E-002  -7.5098E-002   7.1320E-002   1.6343E-002  -1.7164E-002   5.3552E-002  -2.6555E-001   2.2153E-001  -1.3897E-002  -1.9106E-002  -1.3779E-002   1.6898E-002   8.9289E-001   2.1373E-001  -1.3483E-002   2.1447E-001   8.7992E-001  
 1.1713E+000   1.1419E+000   1.1830E+000   1.7720E-001   2.3739E-001   2.5440E-003  -1.8051E-002  -2.5012E-002  -6.5325E-002   4.0628E-002   3.7191E-002  -1.1566E-003   4.5086E-002  -2.5039E-001   1.5387E-001  -1.6261E-002  -1.7456E-002  -8.4955E-003   1.5221E-002   9.0203E-001   2.1620E-001  -1.7286E-002   2.0800E-001   8.0192E-001  
 8.4541E-001   1.2080E+000   8.3647E-001   1.5438E-001   1.9537E-001   8.1865E-002  -7.8321E-003  -1.8797E-002  -4.6673E-002   1.9860E-002   5.1093E-002   1.3621E-002   3.2503E-002  -2.3538E-001   8.6604E-002  -1.8352E-002  -1.2685E-002  -4.8143E-003   1.0852E-002   9.0962E-001   2.1810E-001  -2.0317E-002   2.0256E-001   7.4481E-001  
 6.3539E-001   1.2462E+000   4.3380E-001   1.3603E-001   1.0834E-001   1.4481E-001  -1.9662E-003  -1.4965E-002  -2.2390E-002   7.1351E-003   5.8261E-002   2.3450E-002   1.7173E-002  -2.1976E-001   1.8772E-002  -2.0092E-002  -6.9120E-003  -2.6529E-003   5.1303E-003   9.1429E-001   2.1918E-001  -2.1451E-002   1.9914E-001   7.5667E-001  
 5.6391E-001   1.2585E+000   8.0740E-003   1.2917E-001  -4.5050E-004   1.6815E-001   1.4113E-003  -1.3730E-002   3.8991E-003   1.3003E-003   6.0502E-002   2.6830E-002   1.5100E-004  -2.0375E-001  -4.8754E-002  -2.0707E-002  -1.0315E-004  -1.4354E-003  -1.2000E-003   9.1584E-001   2.1946E-001  -2.1746E-002   1.9804E-001   7.6085E-001  
 6.3619E-001   1.2462E+000  -4.1765E-001   1.3604E-001  -1.0917E-001   1.4487E-001   4.8048E-003  -1.5101E-002   2.9299E-002   1.8804E-003   5.8412E-002   2.3241E-002  -1.6883E-002  -1.8732E-001  -1.1622E-001  -1.9934E-002   6.6727E-003  -1.1438E-003  -7.2195E-003   9.1427E-001   2.1899E-001  -2.1573E-002   1.9924E-001   7.5909E-001  
 8.4689E-001   1.2080E+000  -8.2022E-001   1.5460E-001  -1.9590E-001   8.1942E-002   1.0505E-002  -1.8891E-002   5.0937E-002   9.3631E-003   5.1116E-002   1.3217E-002  -3.2488E-002  -1.7044E-001  -1.8387E-001  -1.8262E-002   1.2630E-002  -1.9378E-003  -1.2144E-002   9.0957E-001   2.1784E-001  -2.0262E-002   2.0273E-001   7.4806E-001  
 1.1735E+000   1.1419E+000  -1.1667E+000   1.7746E-001  -2.3744E-001   2.4902E-003   2.0730E-002  -2.5099E-002   6.5231E-002   2.4905E-002   3.7290E-002  -1.5589E-003  -4.5347E-002  -1.5337E-001  -2.5083E-001  -1.6143E-002   1.7305E-002  -4.2757E-003  -1.5295E-002   9.0196E-001   2.1606E-001  -1.7349E-002   2.0820E-001   8.0781E-001  
 1.5864E+000   1.0445E+000  -1.4280E+000   1.9096E-001  -2.1331E-001  -5.7295E-002   3.9547E-002  -3.4560E-002   6.8657E-002   4.9616E-002   1.6204E-002  -1.6996E-002  -5.3017E-002  -1.3615E-001  -3.1849E-001  -1.2811E-002   1.7422E-002  -9.0468E-003  -1.5710E-002   8.9272E-001   2.1429E-001  -1.5010E-002   2.1451E-001   8.8029E-001  
 2.0480E+000   9.1073E-001  -1.5693E+000   1.7412E-001  -1.0116E-001  -4.3681E-002   6.7519E-002  -4.7757E-002   5.9822E-002   8.1704E-002  -1.7532E-002  -2.3017E-002  -5.0334E-002  -1.2118E-001  -3.9393E-001  -6.5241E-003   4.7048E-003  -2.1718E-002  -7.3485E-003   8.8878E-001   2.1330E-001  -1.7920E-002   2.1678E-001   9.0474E-001  
 2.5035E+000   7.4158E-001  -1.5504E+000   9.8064E-002   1.2465E-001   1.1055E-001   1.0041E-001  -5.9968E-002   3.4129E-002   1.1225E-001  -7.1754E-002  -8.3941E-003  -2.5182E-002  -1.0720E-001  -4.8685E-001   7.6813E-003  -2.7204E-002  -5.1106E-002   1.1119E-002   8.9739E-001   2.1681E-001  -2.4753E-002   2.1105E-001   8.6782E-001  
 2.7795E+000   6.0471E-001  -1.5045E+000  -1.9460E-001   6.1528E-001   6.1884E-001  -9.6282E-003  -1.0738E-002   5.5492E-002  -7.1479E-003  -1.9381E-001   1.2283E-001   1.0690E-001  -1.0467E-001  -7.2238E-001   4.0702E-002  -1.0799E-001  -1.6309E-001   7.3462E-002   9.9100E-001   2.4501E-001  -1.5745E-002   1.7349E-001   6.0000E-001  
 2.7629E+000   4.0009E-001   1.5256E+000   9.5080E-003  -2.3962E-001   3.9476E-001  -1.3289E-001  -4.4555E-002   7.2654E-002   9.2467E-002  -1.1581E-001   9.5840E-003  -4.8363E-003  -2.7708E-001   4.9319E-001   1.4946E-002   5.2264E-002  -5.9920E-002  -5.5537E-002   9.1040E-001   2.1781E-001  -2.4295E-002   2.0415E-001   8.0536E-001  
 2.3041E+000   5.3696E-001   1.7207E+000   1.3707E-001  -1.0314E-002   2.5104E-002  -8.9644E-002  -3.7166E-002   2.5067E-002   7.8851E-002  -4.6174E-002  -3.1051E-002   2.5966E-002  -2.4080E-001   3.9105E-001   2.8509E-003   1.2621E-002  -2.9878E-002  -1.9527E-002   8.9310E-001   2.1286E-001  -2.3876E-002   2.1355E-001   8.8918E-001  
 1.7974E+000   6.4739E-001   1.7098E+000   1.8476E-001   1.2724E-001  -1.2562E-001  -5.3715E-002  -2.8179E-002  -7.4269E-003   5.8548E-002   1.1083E-003  -4.0097E-002   3.8402E-002  -2.1714E-001   3.0946E-001  -5.1022E-003  -1.1895E-002  -1.3820E-002  -3.8221E-004   8.9176E-001   2.1319E-001  -1.8989E-002   2.1466E-001   9.0306E-001  
 1.2924E+000   7.3289E-001   1.5376E+000   1.8255E-001   1.9112E-001  -1.3826E-001  -2.8132E-002  -2.0478E-002  -2.4687E-002   3.9002E-002   3.1976E-002  -3.1437E-002   3.9137E-002  -1.9931E-001   2.3779E-001  -9.5612E-003  -2.1515E-002  -6.5358E-003   7.0472E-003   8.9938E-001   2.1543E-001  -1.7086E-002   2.0975E-001   8.6852E-001  
 8.4343E-001   7.9514E-001   1.2491E+000   1.5430E-001   1.9527E-001  -7.8279E-002  -1.1823E-002  -1.4484E-002  -2.9370E-002   2.3262E-002   5.0913E-002  -1.5122E-002   3.2872E-002  -1.8401E-001   1.7075E-001  -1.1729E-002  -1.9613E-002  -4.1892E-003   7.5534E-003   9.0979E-001   2.1800E-001  -2.0134E-002   2.0239E-001   7.9191E-001  
 4.8973E-001   8.3706E-001   8.7838E-001   1.2125E-001   1.5522E-001   1.2779E-003  -3.7533E-003  -1.0411E-002  -2.3842E-002   1.2828E-002   6.3177E-002  -4.1321E-004   2.3778E-002  -1.6845E-001   1.0332E-001  -1.3577E-002  -1.4509E-002  -2.7086E-003   6.1591E-003   9.1742E-001   2.1987E-001  -2.2581E-002   1.9676E-001   7.0505E-001  
 2.6260E-001   8.6141E-001   4.5411E-001   9.6096E-002   8.4831E-002   6.4453E-002  -9.1120E-005  -8.2447E-003  -1.2185E-002   6.3778E-003   6.9956E-002   9.2619E-003   1.2436E-002  -1.5254E-001   3.5229E-002  -1.4547E-002  -7.7772E-003  -1.7771E-003   3.0200E-003   9.2204E-001   2.2097E-001  -2.3998E-002   1.9330E-001   6.6500E-001  
 1.8539E-001   8.6931E-001   8.0858E-003   8.6904E-002  -2.4891E-004   8.7831E-002   1.4009E-003  -7.5777E-003   1.7128E-003   3.1509E-003   7.2140E-002   1.2622E-002   6.6279E-005  -1.3640E-001  -3.2656E-002  -1.4844E-002  -9.4948E-005  -1.1125E-003  -5.7202E-004   9.2357E-001   2.2130E-001  -2.4493E-002   1.9215E-001   6.7008E-001  
 2.6334E-001   8.6141E-001  -4.3793E-001   9.6208E-002  -8.5275E-002   6.4328E-002   2.8915E-003  -8.2467E-003   1.4736E-002   2.8541E-003   6.9969E-002   9.2247E-003  -1.2336E-002  -1.1999E-001  -1.0049E-001  -1.4550E-002   7.5834E-003  -7.1484E-004  -3.8987E-003   9.2202E-001   2.2088E-001  -2.3974E-002   1.9336E-001   6.6699E-001  
 4.9120E-001   8.3705E-001  -8.6219E-001   1.2149E-001  -1.5549E-001   9.7438E-004   6.5294E-003  -1.0394E-002   2.3754E-002   5.7670E-003   6.3171E-002  -4.5355E-004  -2.3796E-002  -1.0330E-001  -1.6843E-001  -1.3604E-002   1.4334E-002  -6.0552E-004  -6.2564E-003   9.1739E-001   2.1974E-001  -2.2500E-002   1.9689E-001   7.0658E-001  
 8.4558E-001   7.9505E-001  -1.2328E+000   1.5472E-001  -1.9517E-001  -7.8863E-002   1.4507E-002  -1.4362E-002   2.4931E-002   1.2748E-002   5.0823E-002  -1.5115E-002  -3.3205E-002  -8.6694E-002  -2.3565E-001  -1.1865E-002   1.9530E-002  -1.2608E-003  -6.4586E-003   9.0974E-001   2.1789E-001  -1.9957E-002   2.0253E-001   7.9210E-001  
 1.2954E+000   7.3278E-001  -1.5214E+000   1.8285E-001  -1.9057E-001  -1.3938E-001   3.1034E-002  -2.0358E-002   1.4179E-002   2.5013E-002   3.2165E-002  -3.1141E-002  -3.9685E-002  -7.0178E-002  -3.0241E-001  -9.6026E-003   2.1123E-002  -2.7905E-003  -4.3958E-003   8.9931E-001   2.1534E-001  -1.7214E-002   2.0989E-001   8.6875E-001  
 1.8009E+000   6.4790E-001  -1.6942E+000   1.8436E-001  -1.2514E-001  -1.2756E-001   5.6144E-002  -2.7407E-002  -1.1873E-002   3.9855E-002   7.4381E-004  -3.9674E-002  -3.7544E-002  -5.4875E-002  -3.7442E-001  -3.7766E-003   1.0637E-002  -1.0512E-002   4.0540E-003   8.9157E-001   2.1314E-001  -2.0052E-002   2.1481E-001   9.1207E-001  
 2.3084E+000   5.3904E-001  -1.7042E+000   1.3742E-001   1.5855E-002   1.9830E-002   9.2965E-002  -3.4505E-002  -5.8544E-002   5.3553E-002  -4.6338E-002  -3.3552E-002  -2.1711E-002  -4.1515E-002  -4.5759E-001   6.6798E-003  -1.2013E-002  -2.8937E-002   2.0826E-002   8.9309E-001   2.1280E-001  -2.4023E-002   2.1366E-001   8.9244E-001  
 2.7694E+000   4.0641E-001  -1.5044E+000   1.3033E-002   2.5339E-001   3.7957E-001   1.4049E-001  -3.7142E-002  -1.3150E-001   5.6045E-002  -1.1479E-001  -1.5833E-003   1.6459E-002  -3.0432E-002  -5.6372E-001   2.2558E-002  -4.7447E-002  -6.4536E-002   4.8053E-002   9.1035E-001   2.1600E-001  -2.3439E-002   2.0468E-001   8.0669E-001  
 2.6692E+000   2.0634E-001   1.6340E+000   4.9446E-002  -1.1041E-001   3.1824E-001  -1.3193E-001  -1.5447E-002   1.5277E-001  -1.6733E-002  -9.7191E-002  -1.3973E-002  -1.3876E-002  -2.0559E-001   4.9730E-001   1.6184E-002   3.7832E-002  -3.4621E-002  -5.9029E-002   9.0443E-001   2.1908E-001  -2.3458E-002   2.0722E-001   8.2722E-001  
 2.1760E+000   2.6792E-001   1.8094E+000   1.5849E-001   1.2452E-002  -4.5622E-002  -8.6595E-002  -1.7908E-002   8.7318E-002   2.7739E-003  -3.0332E-002  -4.9113E-002   1.2508E-002  -1.7180E-001   3.9905E-001   4.0387E-003  -2.4484E-004  -9.3905E-003  -2.4989E-002   8.8957E-001   2.1431E-001  -2.0102E-002   2.1565E-001   8.9222E-001  
 1.6367E+000   3.2079E-001   1.7821E+000   1.8751E-001   8.0490E-002  -1.9142E-001  -4.7829E-002  -1.4775E-002   3.9001E-002   5.3760E-003   1.2132E-002  -5.1111E-002   2.0815E-002  -1.4998E-001   3.2325E-001  -2.1331E-003  -1.6985E-002  -9.1231E-004  -8.5618E-003   8.9355E-001   2.1426E-001  -1.8495E-002   2.1338E-001   8.9458E-001  
 1.1036E+000   3.6215E-001   1.5922E+000   1.7269E-001   1.0982E-001  -2.0273E-001  -2.2878E-002  -1.1281E-002   1.0037E-002   4.4171E-003   4.0401E-002  -4.0222E-002   2.1169E-002  -1.3241E-001   2.5416E-001  -4.9961E-003  -2.3377E-002   1.0321E-003  -6.4801E-004   9.0391E-001   2.1660E-001  -1.8410E-002   2.0651E-001   8.4891E-001  
 6.3153E-001   3.9236E-001   1.2874E+000   1.3573E-001   1.0868E-001  -1.4259E-001  -8.1550E-003  -8.4765E-003  -4.1321E-003   3.0681E-003   5.8103E-002  -2.4127E-002   1.7516E-002  -1.1650E-001   1.8731E-001  -6.1326E-003  -2.1218E-002   6.0704E-004   1.9465E-003   9.1448E-001   2.1912E-001  -2.1179E-002   1.9894E-001   7.6968E-001  
 2.6071E-001   4.1275E-001   9.0275E-001   9.5878E-002   8.5181E-002  -6.2761E-002  -1.5884E-003  -6.7441E-003  -7.5729E-003   2.5497E-003   6.9972E-002  -9.7595E-003   1.2433E-002  -1.0058E-001   1.1996E-001  -6.8295E-003  -1.5486E-002   5.3746E-005   2.3039E-003   9.2210E-001   2.2095E-001  -2.3960E-002   1.9321E-001   6.8367E-001  
 2.2843E-002   4.2454E-001   4.6590E-001   6.6603E-002   4.6245E-002   5.4831E-004   8.9161E-004  -5.7607E-003  -4.7941E-003   2.1728E-003   7.6431E-002  -1.5736E-004   6.4509E-003  -8.4410E-002   5.1750E-002  -7.2757E-003  -8.2217E-003  -3.0526E-004   1.2792E-003   9.2674E-001   2.2206E-001  -2.5492E-002   1.8964E-001   5.9257E-001  
-5.7987E-002   4.2836E-001   8.0882E-003   5.6053E-002  -1.1016E-004   2.3951E-002   1.4010E-003  -5.4515E-003   3.8957E-004   1.5048E-003   7.8483E-002   3.1935E-003   2.4729E-005  -6.8154E-002  -1.6318E-002  -7.4224E-003  -9.5809E-005  -2.5374E-004  -1.7486E-004   9.2828E-001   2.2241E-001  -2.5997E-002   1.8845E-001   5.7846E-001  
 2.3583E-002   4.2454E-001  -4.4972E-001   6.6713E-002  -4.6438E-002   3.4097E-004   1.9099E-003  -5.7615E-003   4.6977E-003   4.1534E-004   7.6443E-002  -1.4696E-004  -6.4182E-003  -5.1781E-002  -8.4360E-002  -7.2761E-003   8.0293E-003   2.2706E-004  -1.3647E-003   9.2673E-001   2.2201E-001  -2.5469E-002   1.8967E-001   5.9177E-001  
 2.6219E-001   4.1275E-001  -8.8658E-001   9.6100E-002  -8.5292E-002  -6.3232E-002   4.3869E-003  -6.7445E-003   4.8314E-003  -9.7415E-004   6.9998E-002  -9.7069E-003  -1.2448E-002  -3.5285E-002  -1.5249E-001  -6.8266E-003   1.5290E-002   1.1152E-003  -1.5948E-003   9.2209E-001   2.2087E-001  -2.3912E-002   1.9327E-001   6.8139E-001  
 6.3376E-001   3.9232E-001  -1.2713E+000   1.3605E-001  -1.0862E-001  -1.4346E-001   1.0988E-002  -8.4242E-003  -2.9605E-003  -2.1900E-003   5.8158E-002  -2.3906E-002  -1.7671E-002  -1.8998E-002  -2.1973E-001  -6.1886E-003   2.0981E-002   2.1265E-003  -3.8881E-005   9.1445E-001   2.1899E-001  -2.1125E-002   1.9904E-001   7.6726E-001  
 1.1065E+000   3.6201E-001  -1.5761E+000   1.7316E-001  -1.0947E-001  -2.0423E-001   2.5736E-002  -1.1080E-002  -2.3168E-002  -2.5399E-003   4.0424E-002  -3.9681E-002  -2.1604E-002  -3.0243E-003  -2.8643E-001  -5.2037E-003   2.3149E-002   2.8737E-003   4.0313E-003   9.0388E-001   2.1634E-001  -1.8256E-002   2.0666E-001   8.4498E-001  
 1.6404E+000   3.2070E-001  -1.7655E+000   1.8881E-001  -7.9792E-002  -1.9415E-001   5.0908E-002  -1.4566E-002  -6.0637E-002  -3.4354E-003   1.2235E-002  -5.1120E-002  -2.1164E-002   1.1682E-002  -3.5537E-001  -2.1004E-003   1.7932E-002   1.2973E-003   1.3295E-002   8.9345E-001   2.1296E-001  -1.7410E-002   2.1383E-001   8.8740E-001  
 2.1811E+000   2.6850E-001  -1.7905E+000   1.6220E-001  -1.0236E-002  -5.2133E-002   9.1469E-002  -1.6853E-002  -1.2265E-001  -9.1198E-003  -2.9368E-002  -5.2736E-002  -1.1251E-002   2.5654E-002  -4.3179E-001   5.4188E-003   4.7455E-003  -8.3018E-003   2.7846E-002   8.8942E-001   2.1064E-001  -1.7164E-002   2.1671E-001   9.1883E-001  
 2.6794E+000   2.0853E-001  -1.6054E+000   6.1346E-002   1.1598E-001   2.9897E-001   1.4562E-001  -1.2384E-002  -2.1391E-001  -3.3477E-002  -9.2627E-002  -2.9432E-002   1.8304E-002   3.7858E-002  -5.3178E-001   1.9501E-002  -2.5461E-002  -3.6131E-002   5.2577E-002   9.0443E-001   2.1247E-001  -1.9043E-002   2.0900E-001   8.0566E-001  
 2.6426E+000  -2.1665E-002   1.6543E+000   7.7415E-002  -2.8147E-002   2.7669E-001  -1.4445E-001   8.1029E-003   2.0492E-001  -1.2483E-001  -8.4417E-002  -3.5019E-002  -2.6012E-002  -1.3351E-001   5.0482E-001   1.6147E-002   1.7401E-002  -1.0340E-002  -5.7251E-002   9.0034E-001   2.1958E-001  -1.6222E-002   2.1064E-001   8.0969E-001  
 2.1314E+000  -3.0491E-002   1.8353E+000   1.6886E-001  -7.9602E-003  -7.5089E-002  -8.7293E-002  -1.6748E-003   1.2392E-001  -7.4743E-002  -2.4261E-002  -5.7823E-002  -6.7690E-003  -1.0337E-001   4.1126E-001   6.6061E-003  -1.0210E-002   7.3426E-003  -2.8848E-002   8.8793E-001   2.1429E-001  -1.4377E-002   2.1730E-001   8.8548E-001  
 1.5807E+000  -3.3225E-002   1.8042E+000   1.8976E-001  -1.2392E-003  -2.1790E-001  -4.6783E-002  -4.6575E-003   6.7037E-002  -4.6404E-002   1.6112E-002  -5.5948E-002   3.6111E-004  -8.2493E-002   3.3715E-001   1.4171E-003  -2.1951E-002   1.1250E-002  -1.3558E-002   8.9336E-001   2.1447E-001  -1.5281E-002   2.1381E-001   8.6721E-001  
 1.0379E+000  -3.3513E-002   1.6100E+000   1.6861E-001   1.7374E-004  -2.2753E-001  -2.1233E-002  -4.8508E-003   3.1047E-002  -2.8929E-002   4.3026E-002  -4.2764E-002   9.1725E-004  -6.5208E-002   2.7003E-001   4.4211E-004  -2.4106E-002   8.0224E-003  -5.8470E-003   9.0529E-001   2.1695E-001  -1.8573E-002   2.0560E-001   8.2072E-001  
 5.5835E-001  -3.3303E-002   1.3000E+000   1.2836E-001   7.4765E-004  -1.6705E-001  -7.2705E-003  -5.2105E-003   1.1412E-002  -1.6329E-002   6.0752E-002  -2.6873E-002   9.0246E-005  -4.8919E-002   2.0349E-001   8.1352E-004  -2.1405E-002   5.0574E-003  -2.0713E-003   9.1598E-001   2.1946E-001  -2.1861E-002   1.9784E-001   7.4196E-001  
 1.8162E-001  -3.3271E-002   9.1067E-001   8.6469E-002   7.1163E-004  -8.6906E-002  -9.2327E-004  -5.2524E-003   2.6218E-003  -7.1733E-003   7.2173E-002  -1.2837E-002  -8.7095E-005  -3.2704E-002   1.3630E-001   8.5179E-004  -1.5790E-002   2.4102E-003  -4.4393E-004   9.2364E-001   2.2129E-001  -2.4419E-002   1.9204E-001   6.5524E-001  
-5.9866E-002  -3.3271E-002   4.6972E-001   5.5837E-002   4.1153E-004  -2.3446E-002   1.2012E-003  -5.2519E-003   4.9296E-005  -1.6277E-003   7.8500E-002  -3.3258E-003  -7.7912E-005  -1.6335E-002   6.8109E-002   8.5007E-004  -8.3682E-003   7.4193E-004  -2.7874E-005   9.2829E-001   2.2241E-001  -2.5959E-002   1.8842E-001   5.6577E-001  
-1.4191E-001  -3.3273E-002   8.0882E-003   4.4835E-002   8.2778E-008  -2.2250E-007   1.4010E-003  -5.2512E-003  -4.8767E-005   2.0659E-004   8.0508E-002  -3.4626E-007  -1.2851E-006  -6.2851E-006   4.8312E-007   8.5085E-004  -9.6016E-005   1.8554E-004  -4.3154E-005   9.2983E-001   2.2278E-001  -2.6468E-002   1.8720E-001   4.8802E-001  
-5.9126E-002  -3.3272E-002  -4.5354E-001   5.5948E-002  -4.1133E-004  -2.3681E-002   1.6005E-003  -5.2519E-003  -1.0223E-003  -1.6276E-003   7.8512E-002  -3.2998E-003   7.5371E-005   1.6319E-002  -6.8108E-002   8.5018E-004   8.1763E-003   7.4166E-004   2.0570E-004   9.2829E-001   2.2240E-001  -2.5937E-002   1.8843E-001   5.6378E-001  
 1.8310E-001  -3.3273E-002  -8.9450E-001   8.6692E-002  -7.1144E-004  -8.7433E-002   3.7224E-003  -5.2525E-003  -6.2392E-003  -7.1729E-003   7.2198E-002  -1.2754E-002   8.4539E-005   3.2643E-002  -1.3630E-001   8.5183E-004   1.5597E-002   2.4099E-003   1.4174E-003   9.2364E-001   2.2127E-001  -2.4371E-002   1.9205E-001   6.5150E-001  
 5.6064E-001  -3.3306E-002  -1.2839E+000   1.2859E-001  -7.4745E-004  -1.6802E-001   1.0193E-002  -5.2107E-003  -1.9384E-002  -1.6329E-002   6.0917E-002  -2.6573E-002  -9.2753E-005   4.8648E-002  -2.0349E-001   8.1356E-004   2.1059E-002   5.0570E-003   4.2554E-003   9.1598E-001   2.1938E-001  -2.1927E-002   1.9786E-001   7.3684E-001  
 1.0409E+000  -3.3517E-002  -1.5939E+000   1.6909E-001  -1.7347E-004  -2.2914E-001   2.4102E-002  -4.8512E-003  -4.5065E-002  -2.8928E-002   4.3057E-002  -4.2185E-002  -9.1963E-004   6.4253E-002  -2.7003E-001   4.4212E-004   2.3905E-002   8.0218E-003   9.5343E-003   9.0530E-001   2.1670E-001  -1.8386E-002   2.0568E-001   8.1309E-001  
 1.5844E+000  -3.3230E-002  -1.7873E+000   1.9145E-001   1.2395E-003  -2.2087E-001   4.9913E-002  -4.6580E-003  -8.9567E-002  -4.6403E-002   1.6198E-002  -5.6086E-002  -3.6345E-004   7.9203E-002  -3.3714E-001   1.4170E-003   2.3446E-002   1.1249E-002   1.8488E-002   8.9336E-001   2.1327E-001  -1.3647E-002   2.1415E-001   8.9157E-001  
 2.1365E+000  -3.0497E-002  -1.8159E+000   1.7344E-001   7.9602E-003  -8.1737E-002   9.2346E-002  -1.6756E-003  -1.5965E-001  -7.4742E-002  -2.3107E-002  -6.1528E-002   6.7665E-003   9.3357E-002  -4.1126E-001   6.6058E-003   1.5801E-002   7.3421E-003   3.2482E-002   8.8793E-001   2.1044E-001  -1.0373E-002   2.1836E-001   8.5548E-001  
 2.6539E+000  -2.1672E-002  -1.6233E+000   9.2120E-002   2.8146E-002   2.5605E-001   1.6002E-001   8.1017E-003  -2.6703E-001  -1.2483E-001  -7.8694E-002  -5.2040E-002   2.6009E-002   1.0912E-001  -5.0482E-001   1.6147E-002  -2.2481E-003  -1.0340E-002   5.1037E-002   9.0034E-001   2.1136E-001  -1.0296E-002   2.1285E-001   7.8487E-001  
 2.6851E+000  -2.4756E-001   1.5932E+000   8.9802E-002   5.1986E-002   2.7791E-001  -1.6685E-001   3.2094E-002   2.3103E-001  -2.3469E-001  -8.0051E-002  -5.0313E-002  -4.1482E-002  -5.9448E-002   5.1795E-001   1.6115E-002  -2.0306E-003   1.0229E-002  -4.9639E-002   8.9887E-001   2.1887E-001  -7.5784E-003   2.1341E-001   7.7868E-001  
 2.1758E+000  -3.2840E-001   1.7987E+000   1.7157E-001  -2.7809E-002  -5.8933E-002  -9.4112E-002   1.4006E-002   1.3837E-001  -1.4986E-001  -2.6120E-002  -5.9313E-002  -2.7149E-002  -3.4275E-002   4.2515E-001   9.2424E-003  -1.8174E-002   2.2274E-002  -2.8935E-002   8.8634E-001   2.1351E-001  -7.6295E-003   2.1934E-001   8.2938E-001  
 1.6342E+000  -3.8629E-001   1.7782E+000   1.9292E-001  -8.3221E-002  -1.9811E-001  -5.0317E-002   5.6108E-003   7.7848E-002  -9.6268E-002   1.3447E-002  -5.3969E-002  -2.2513E-002  -1.4356E-002   3.5259E-001   6.5364E-003  -2.5477E-002   2.0499E-002  -1.5261E-002   8.9210E-001   2.1375E-001  -1.0948E-002   2.1514E-001   8.4448E-001  
 1.1005E+000  -4.2886E-001   1.5923E+000   1.7268E-001  -1.0878E-001  -2.0563E-001  -2.2954E-002   1.0754E-003   3.9085E-002  -5.8711E-002   4.0190E-002  -3.8651E-002  -2.0147E-002   2.4021E-003   2.8554E-001   6.4826E-003  -2.3665E-002   1.4174E-002  -8.5355E-003   9.0363E-001   2.1646E-001  -1.7715E-002   2.0686E-001   7.8440E-001  
 6.2879E-001  -4.5897E-001   1.2877E+000   1.3497E-001  -1.0690E-001  -1.4459E-001  -8.7184E-003  -1.8681E-003   1.7731E-002  -3.1997E-002   5.8729E-002  -2.2903E-002  -1.7385E-002   1.8890E-002   2.1942E-001   7.6272E-003  -2.0547E-002   8.1983E-003  -4.2826E-003   9.1437E-001   2.1901E-001  -2.1697E-002   1.9908E-001   7.0654E-001  
 2.5769E-001  -4.7927E-001   9.0277E-001   9.5555E-002  -8.3529E-002  -6.3996E-002  -1.5926E-003  -3.7634E-003   7.0909E-003  -1.3230E-002   7.0017E-002  -9.2578E-003  -1.2740E-002   3.5290E-002   1.5242E-001   8.5219E-003  -1.5498E-002   3.6519E-003  -2.0799E-003   9.2207E-001   2.2087E-001  -2.3863E-002   1.9328E-001   6.6075E-001  
 1.9826E-002  -4.9108E-001   4.6590E-001   6.6281E-002  -4.5307E-002  -3.4112E-004   8.9222E-004  -4.7438E-003   2.5209E-003  -1.7614E-003   7.6477E-002   1.4666E-004  -6.6718E-003   5.1778E-002   8.4361E-002   8.9735E-003  -8.2198E-003   6.7562E-004  -9.1658E-004   9.2672E-001   2.2202E-001  -2.5393E-002   1.8968E-001   6.1529E-001  
-6.1004E-002  -4.9490E-001   8.0872E-003   5.5732E-002   1.1028E-004   2.3175E-002   1.4010E-003  -5.0521E-003   3.8948E-004   2.5766E-003   7.8530E-002   3.4312E-003  -2.7356E-005   6.8139E-002   1.6319E-002   9.1226E-003  -9.5558E-005  -4.8704E-004  -1.7485E-004   9.2827E-001   2.2241E-001  -2.5898E-002   1.8846E-001   5.6312E-001  
 2.0566E-002  -4.9108E-001  -4.4972E-001   6.6391E-002   4.5501E-002  -5.4852E-004   1.9091E-003  -4.7431E-003  -2.6175E-003  -3.6480E-006   7.6489E-002   1.5698E-004   6.6340E-003   8.4407E-002  -5.1749E-002   8.9740E-003   8.0274E-003   1.4289E-004   8.3114E-004   9.2673E-001   2.2205E-001  -2.5370E-002   1.8965E-001   6.0383E-001  
 2.5917E-001  -4.7927E-001  -8.8660E-001   9.5777E-002   8.3641E-002  -6.4467E-002   4.3908E-003  -3.7632E-003  -9.8325E-003  -9.7055E-003   7.0042E-002  -9.2054E-003   1.2750E-002   1.0059E-001  -1.1989E-001   8.5192E-003   1.5302E-002   2.5898E-003   2.7891E-003   9.2209E-001   2.2094E-001  -2.3816E-002   1.9323E-001   6.5351E-001  
 6.3102E-001  -4.5893E-001  -1.2716E+000   1.3529E-001   1.0684E-001  -1.4546E-001   1.1551E-002  -1.9207E-003  -2.4824E-002  -2.6738E-002   5.8784E-002  -2.2682E-002   1.7536E-002   1.1639E-001  -1.8700E-001   7.6833E-003   2.0310E-002   6.6781E-003   6.1901E-003   9.1440E-001   2.1910E-001  -2.1643E-002   1.9900E-001   7.0014E-001  
 1.1034E+000  -4.2873E-001  -1.5762E+000   1.7316E-001   1.0843E-001  -2.0713E-001   2.5812E-002   8.7373E-004  -5.2216E-002  -5.1753E-002   4.0213E-002  -3.8110E-002   2.0576E-002   1.3178E-001  -2.5327E-001   6.6901E-003   2.3437E-002   1.2331E-002   1.1918E-002   9.0366E-001   2.1648E-001  -1.7562E-002   2.0679E-001   7.7369E-001  
 1.6379E+000  -3.8621E-001  -1.7616E+000   1.9422E-001   8.2524E-002  -2.0085E-001   5.3395E-002   5.3998E-003  -9.9484E-002  -8.7454E-002   1.3550E-002  -5.3978E-002   2.2857E-002   1.4730E-001  -3.2048E-001   6.5034E-003   2.6424E-002   1.8288E-002   1.9994E-002   8.9220E-001   2.1348E-001  -9.8634E-003   2.1514E-001   8.2191E-001  
 2.1808E+000  -3.2899E-001  -1.7798E+000   1.7528E-001   2.5593E-002  -6.5445E-002   9.8986E-002   1.2950E-002  -1.7371E-001  -1.3796E-001  -2.5156E-002  -6.2937E-002   2.5887E-002   1.6318E-001  -3.9241E-001   7.8616E-003   2.2674E-002   2.1184E-002   3.1791E-002   8.8650E-001   2.1144E-001  -4.6912E-003   2.1987E-001   8.0170E-001  
 2.6953E+000  -2.4976E-001  -1.5647E+000   1.0170E-001  -5.7560E-002   2.5864E-001   1.8053E-001   2.9029E-002  -2.9218E-001  -2.1794E-001  -7.5488E-002  -6.5772E-002   3.7048E-002   1.8400E-001  -4.8347E-001   1.2797E-002   1.4401E-002   1.1738E-002   4.3187E-002   8.9888E-001   2.1268E-001  -3.1637E-003   2.1508E-001   7.5914E-001  
 2.7917E+000  -4.3933E-001   1.4527E+000   7.7888E-002   1.7997E-001   3.1624E-001  -1.9627E-001   5.9186E-002   2.3038E-001  -3.4425E-001  -8.7858E-002  -5.7203E-002  -5.3233E-002   1.7531E-002   5.3743E-001   1.2501E-002  -1.2152E-002   2.7621E-002  -3.5290E-002   9.0150E-001   2.1751E-001  -3.7833E-003   2.1395E-001   7.5689E-001  
 2.3067E+000  -5.9495E-001   1.6951E+000   1.6560E-001  -6.4125E-003  -7.1122E-003  -1.1068E-001   3.3444E-002   1.3300E-001  -2.2361E-001  -3.4576E-002  -5.7427E-002  -4.6716E-002   3.7550E-002   4.4399E-001   1.1101E-002  -2.5238E-002   3.2655E-002  -2.1780E-002   8.8747E-001   2.1255E-001  -9.8537E-004   2.2006E-001   7.7711E-001  
 1.7928E+000  -7.1157E-001   1.7027E+000   1.9395E-001  -1.2897E-001  -1.3909E-001  -5.9077E-002   1.8648E-002   7.0942E-002  -1.4111E-001   4.1347E-003  -4.5641E-002  -4.3719E-002   5.4697E-002   3.6884E-001   1.1025E-002  -2.6532E-002   2.7672E-002  -1.3289E-002   8.8932E-001   2.1230E-001  -6.8656E-003   2.1760E-001   8.0598E-001  
 1.2861E+000  -7.9895E-001   1.5377E+000   1.8265E-001  -1.8821E-001  -1.4398E-001  -2.8145E-002   9.2762E-003   3.3484E-002  -8.2346E-002   3.1324E-002  -2.8257E-002  -3.9790E-002   7.0600E-002   3.0090E-001   1.2030E-002  -2.2078E-002   1.8715E-002  -8.2983E-003   8.9902E-001   2.1512E-001  -1.5781E-002   2.1021E-001   8.0892E-001  
 8.3739E-001  -8.6131E-001   1.2493E+000   1.5364E-001  -1.9220E-001  -8.2117E-002  -1.2220E-002   3.4713E-003   1.4302E-002  -4.1110E-002   5.1016E-002  -1.2733E-002  -3.3873E-002   8.7083E-002   2.3524E-001   1.3987E-002  -1.9208E-002   9.6319E-003  -4.3284E-003   9.0970E-001   2.1778E-001  -1.9930E-002   2.0258E-001   7.8524E-001  
 4.8362E-001  -9.0349E-001   8.7834E-001   1.2069E-001  -1.5283E-001  -9.7454E-004  -3.6741E-003  -1.9024E-004   5.5382E-003  -1.2449E-002   6.3140E-002   4.5329E-004  -2.4569E-002   1.0348E-001   1.6843E-001   1.5349E-002  -1.4619E-002   3.1225E-003  -2.5286E-003   9.1741E-001   2.1973E-001  -2.2250E-002   1.9688E-001   7.4645E-001  
 2.5654E-001  -9.2794E-001   4.5409E-001   9.5447E-002  -8.3545E-002   6.2899E-002  -8.9452E-005  -2.2673E-003   2.4798E-003   5.1135E-003   7.0045E-002   9.7394E-003  -1.2851E-002   1.2000E-001   1.0056E-001   1.6238E-002  -7.7646E-003  -1.1997E-003  -1.3624E-003   9.2202E-001   2.2089E-001  -2.3801E-002   1.9336E-001   6.9813E-001  
 1.7933E-001  -9.3586E-001   8.0838E-003   8.6257E-002   2.4901E-004   8.6507E-002   1.4008E-003  -2.9321E-003   1.7126E-003   1.2012E-002   7.2231E-002   1.2968E-002  -6.8944E-005   1.3634E-001   3.2657E-002   1.6544E-002  -9.4666E-005  -2.9736E-003  -5.7199E-004   9.2355E-001   2.2130E-001  -2.4296E-002   1.9217E-001   6.4256E-001  
 2.5728E-001  -9.2794E-001  -4.3792E-001   9.5558E-002   8.3990E-002   6.2775E-002   2.8895E-003  -2.2656E-003   7.0837E-005   8.6375E-003   7.0059E-002   9.7020E-003   1.2747E-002   1.5255E-001  -3.5298E-002   1.6241E-002   7.5710E-003  -2.2623E-003   4.8391E-004   9.2203E-001   2.2095E-001  -2.3777E-002   1.9331E-001   6.8004E-001  
 4.8509E-001  -9.0348E-001  -8.6216E-001   1.2093E-001   1.5310E-001  -1.2782E-003   6.4497E-003  -2.0846E-004  -5.6275E-003  -5.3865E-003   6.3134E-002   4.1272E-004   2.4582E-002   1.6863E-001  -1.0332E-001   1.5376E-002   1.4444E-002   1.0189E-003   2.4314E-003   9.1744E-001   2.1988E-001  -2.2169E-002   1.9675E-001   7.3257E-001  
 8.3954E-001  -8.6124E-001  -1.2331E+000   1.5407E-001   1.9210E-001  -8.2701E-002   1.4903E-002   3.3485E-003  -1.8742E-002  -3.0594E-002   5.0926E-002  -1.2726E-002   3.4201E-002   1.8440E-001  -1.7033E-001   1.4123E-002   1.9125E-002   6.7029E-003   5.4228E-003   9.0975E-001   2.1811E-001  -1.9753E-002   2.0240E-001   7.7742E-001  
 1.2891E+000  -7.9884E-001  -1.5216E+000   1.8294E-001   1.8766E-001  -1.4509E-001   3.1047E-002   9.1558E-003  -4.3993E-002  -6.8355E-002   3.1513E-002  -2.7961E-002   4.0333E-002   1.9974E-001  -2.3628E-001   1.2071E-002   2.1686E-002   1.4969E-002   1.0949E-002   8.9909E-001   2.1566E-001  -1.5909E-002   2.0997E-001   8.1180E-001  
 1.7963E+000  -7.1209E-001  -1.6872E+000   1.9356E-001   1.2687E-001  -1.4104E-001   6.1505E-002   1.7875E-002  -9.0243E-002  -1.2241E-001   3.7697E-003  -4.5218E-002   4.2856E-002   2.1696E-001  -3.0388E-001   9.6988E-003   2.5273E-002   2.4363E-002   1.6960E-002   8.8951E-001   2.1404E-001  -7.9291E-003   2.1701E-001   8.3762E-001  
 2.3110E+000  -5.9704E-001  -1.6785E+000   1.6595E-001   8.7038E-004  -1.2385E-002   1.1400E-001   3.0781E-002  -1.6648E-001  -1.9831E-001  -3.4740E-002  -5.9928E-002   4.2455E-002   2.3684E-001  -3.7744E-001   7.2716E-003   2.5845E-002   3.1713E-002   2.3078E-002   8.8748E-001   2.1311E-001  -1.1338E-003   2.1986E-001   7.7914E-001  
 2.7982E+000  -4.4566E-001  -1.4316E+000   8.1411E-002  -1.9374E-001   3.0105E-001   2.0387E-001   5.1770E-002  -2.8922E-001  -3.0782E-001  -8.6843E-002  -6.8370E-002   4.1605E-002   2.6418E-001  -4.6690E-001   4.8880E-003   1.6968E-002   3.2236E-002   2.7806E-002   9.0155E-001   2.1630E-001  -2.9291E-003   2.1425E-001   7.6180E-001  
 3.0698E+000  -4.9306E-001   1.0568E+000   1.5975E-001   2.8190E-001   2.3561E-001  -3.7577E-001   1.4616E-001   2.7123E-001  -5.8717E-001  -6.5814E-002  -1.4437E-001  -1.2954E-001   1.0678E-001   6.7927E-001   1.4778E-002  -4.7674E-002  -2.1473E-002   2.0859E-002   9.7898E-001   2.3912E-001  -1.2779E-002   1.8884E-001   6.9709E-001  
 2.5063E+000  -7.9608E-001   1.5255E+000   1.3816E-001   1.0046E-001   5.8511E-002  -1.3434E-001   5.7448E-002   1.0730E-001  -2.9036E-001  -5.3805E-002  -5.2259E-002  -5.5930E-002   1.1264E-001   4.6779E-001   5.9759E-003  -2.3732E-002   4.0507E-002  -5.6598E-003   8.9196E-001   2.1184E-001  -1.0906E-003   2.1846E-001   8.3399E-001  
 2.0370E+000  -9.7604E-001   1.5768E+000   1.8247E-001  -1.0044E-001  -6.3953E-002  -7.2190E-002   3.5970E-002   4.7008E-002  -1.7617E-001  -1.4333E-002  -3.3617E-002  -5.5699E-002   1.2599E-001   3.8676E-001   9.2074E-003  -2.1659E-002   3.3691E-002  -4.5221E-003   8.8726E-001   2.1018E-001  -7.2089E-003   2.1932E-001   8.5971E-001  
 1.5744E+000  -1.1105E+000   1.4440E+000   1.9019E-001  -2.0852E-001  -6.5515E-002  -3.7589E-002   2.3318E-002   1.3571E-002  -9.6572E-002   1.6343E-002  -1.4310E-002  -5.4565E-002   1.3894E-001   3.1672E-001   1.4437E-002  -1.8911E-002   2.0845E-002  -4.4475E-003   8.9283E-001   2.1306E-001  -1.3960E-002   2.1469E-001   9.0117E-001  
 1.1623E+000  -1.2080E+000   1.1832E+000   1.7586E-001  -2.3234E-001  -2.4905E-003  -1.8429E-002   1.4060E-002   1.0103E-004  -4.0225E-002   3.7638E-002   1.5586E-003  -4.7198E-002   1.5458E-001   2.5083E-001   1.8063E-002  -1.6901E-002   8.7969E-003  -2.2224E-003   9.0214E-001   2.1588E-001  -1.7626E-002   2.0804E-001   8.6521E-001  
 8.3608E-001  -1.2742E+000   8.3615E-001   1.5376E-001  -1.9148E-001   7.9038E-002  -7.3285E-003   7.8345E-003  -2.9203E-003  -1.2657E-003   5.0723E-002   1.4630E-002  -3.4590E-002   1.7082E-001   1.8428E-001   2.0476E-002  -1.3222E-002   1.9239E-004  -1.2520E-003   9.0968E-001   2.1788E-001  -1.9625E-002   2.0262E-001   8.2718E-001  
 6.2636E-001  -1.3128E+000   4.3363E-001   1.3499E-001  -1.0635E-001   1.4318E-001  -1.7513E-003   4.6057E-003  -5.0811E-004   2.2572E-002   5.8475E-002   2.3567E-002  -1.8174E-002   1.8721E-001   1.1653E-001   2.1594E-002  -7.1426E-003  -5.3876E-003  -1.1481E-003   9.1425E-001   2.1907E-001  -2.1249E-002   1.9925E-001   7.7954E-001  
 5.5508E-001  -1.3254E+000   8.0709E-003   1.2778E-001   4.5065E-004   1.6693E-001   1.4111E-003   3.7331E-003   3.8986E-003   3.2096E-002   6.1167E-002   2.6615E-002  -1.5359E-004   2.0348E-001   4.8755E-002   2.1756E-002  -1.0293E-004  -7.7620E-003  -1.2001E-003   9.1576E-001   2.1946E-001  -2.2041E-002   1.9810E-001   7.2378E-001  
 6.2716E-001  -1.3128E+000  -4.1749E-001   1.3499E-001   1.0718E-001   1.4324E-001   4.5893E-003   4.7409E-003   7.4158E-003   2.7827E-002   5.8626E-002   2.3358E-002   1.7878E-002   2.1965E-001  -1.9077E-002   2.1436E-002   6.9035E-003  -6.8969E-003  -9.4112E-004   9.1427E-001   2.1910E-001  -2.1371E-002   1.9918E-001   7.5216E-001  
 8.3756E-001  -1.2742E+000  -8.1991E-001   1.5398E-001   1.9200E-001   7.9115E-002   1.0001E-002   7.9278E-003   7.1835E-003   9.2319E-003   5.0746E-002   1.4226E-002   3.4570E-002   2.3577E-001  -8.7013E-002   2.0385E-002   1.3167E-002  -2.6845E-003  -4.0611E-005   9.0973E-001   2.1806E-001  -1.9569E-002   2.0246E-001   8.0261E-001  
 1.1645E+000  -1.2080E+000  -1.1669E+000   1.7612E-001   2.3238E-001  -2.5445E-003   2.1107E-002   1.4145E-002  -1.9615E-004  -2.4502E-002   3.7737E-002   1.1559E-003   4.7454E-002   2.5160E-001  -1.5387E-001   1.7944E-002   1.6750E-002   4.5764E-003   2.1478E-003   9.0221E-001   2.1638E-001  -1.7689E-002   2.0775E-001   8.4689E-001  
 1.5773E+000  -1.1110E+000  -1.4284E+000   1.8942E-001   2.0730E-001  -6.5772E-002   3.9970E-002   2.3015E-002  -2.0013E-002  -7.4866E-002   1.6203E-002  -1.4143E-002   5.4024E-002   2.6833E-001  -2.1977E-001   1.3350E-002   1.7227E-002   1.6112E-002   5.6341E-003   8.9300E-001   2.1496E-001  -1.5487E-002   2.1399E-001   8.7814E-001  
 2.0401E+000  -9.7766E-001  -1.5627E+000   1.7977E-001   9.6562E-002  -6.4583E-002   7.3578E-002   3.4565E-002  -6.2512E-002  -1.4690E-001  -1.5357E-002  -3.2743E-002   5.2618E-002   2.8936E-001  -2.8893E-001   6.0139E-003   1.7669E-002   2.9992E-002   6.4659E-003   8.8760E-001   2.1472E-001  -1.0601E-002   2.1789E-001   8.5881E-001  
 2.5079E+000  -8.0193E-001  -1.5148E+000   1.3140E-001  -1.1259E-001   5.6564E-002   1.3279E-001   5.1511E-002  -1.3793E-001  -2.4773E-001  -5.6959E-002  -5.1830E-002   4.4755E-002   3.1647E-001  -3.6540E-001  -1.8771E-003   1.7365E-002   4.2849E-002   4.5338E-003   8.9190E-001   2.1668E-001  -5.1675E-003   2.1707E-001   8.1389E-001  
 3.0426E+000  -5.3156E-001  -1.0813E+000   1.2282E-001  -3.4991E-001   2.4039E-001   3.4560E-001   1.1147E-001  -3.3873E-001  -4.8641E-001  -7.9400E-002  -1.4123E-001   8.0334E-002   3.8639E-001  -5.4684E-001  -2.5798E-003   3.6068E-002   7.5618E-003  -3.6206E-002   9.7422E-001   2.2478E-001  -1.3009E-002   1.9016E-001   7.0162E-001  
 2.6186E+000  -1.0516E+000   1.4628E+000  -4.0801E-001   1.3058E+000   4.1236E-001  -5.1497E-002  -1.1759E-001   4.3450E-001  -3.5038E-001  -2.5640E-001  -1.0719E-001   1.5353E-001   3.7902E-001   7.2565E-001  -7.5559E-002   1.0655E-001   2.9305E-002   1.3785E-001   1.0692E+000   2.1538E-001  -2.2578E-002   1.3992E-001   5.8819E-001  
 2.7472E+000  -9.0358E-001   1.2896E+000   6.9056E-002   3.4098E-001   1.0137E-001  -1.5975E-001   8.3320E-002   6.5362E-002  -3.4281E-001  -9.0507E-002  -4.8115E-002  -4.0374E-002   1.9686E-001   4.9975E-001  -1.3874E-002  -7.9692E-003   4.8549E-002   2.5019E-002   9.0352E-001   2.1204E-001  -9.0688E-003   2.1218E-001   8.0835E-001  
 2.3408E+000  -1.1483E+000   1.3947E+000   1.4534E-001   3.7058E-002  -1.0643E-002  -9.0654E-002   5.9855E-002   7.4183E-003  -1.9945E-001  -4.4242E-002  -2.4172E-002  -5.3002E-002   2.0167E-001   4.1151E-001  -2.7488E-003  -1.0816E-002   3.6171E-002   1.5257E-002   8.9022E-001   2.0986E-001  -1.1950E-002   2.1757E-001   9.0808E-001  
 1.9362E+000  -1.3350E+000   1.3080E+000   1.7964E-001  -1.3987E-001  -7.8059E-003  -5.0450E-002   4.3698E-002  -1.8523E-002  -9.7515E-002  -9.1291E-003  -2.4404E-003  -5.7480E-002   2.1047E-001   3.3740E-001   7.1705E-003  -1.1026E-002   1.9892E-002   8.6807E-003   8.8975E-001   2.1196E-001  -1.6633E-002   2.1658E-001   9.3196E-001  
 1.5731E+000  -1.4705E+000   1.0865E+000   1.8722E-001  -2.0565E-001   5.8046E-002  -2.7063E-002   3.2449E-002  -2.4898E-002  -2.4728E-002   1.6026E-002   1.6172E-002  -5.3202E-002   2.2298E-001   2.6773E-001   1.5821E-002  -1.1536E-002   5.6800E-003   4.3495E-003   8.9377E-001   2.1355E-001  -1.7709E-002   2.1369E-001   9.3005E-001  
 1.2842E+000  -1.5629E+000   7.7379E-001   1.8153E-001  -1.8600E-001   1.4024E-001  -1.3267E-002   2.4594E-002  -1.9391E-002   2.4661E-002   3.2248E-002   3.0046E-002  -4.1298E-002   2.3738E-001   2.0016E-001   2.1889E-002  -1.0869E-002  -5.6853E-003   1.5642E-003   8.9905E-001   2.1543E-001  -1.6998E-002   2.1019E-001   9.0100E-001  
 1.0971E+000  -1.6176E+000   4.0321E-001   1.7220E-001  -1.0680E-001   2.0441E-001  -4.2310E-003   1.9238E-002  -7.1239E-003   5.5123E-002   4.0397E-002   3.8853E-002  -2.2239E-002   2.5355E-001   1.3246E-001   2.4093E-002  -6.3847E-003  -1.2460E-002   3.7249E-005   9.0342E-001   2.1659E-001  -1.7800E-002   2.0719E-001   8.5141E-001  
 1.0334E+000  -1.6354E+000   8.0138E-003   1.6824E-001   7.9681E-004   2.2818E-001   1.4952E-003   1.7585E-002   6.9071E-003   6.7401E-002   4.3121E-002   4.1938E-002  -3.9239E-004   2.6969E-001   6.4698E-002   2.4786E-002  -1.8993E-004  -1.5460E-002  -1.9046E-003   9.0486E-001   2.1690E-001  -1.8136E-002   2.0613E-001   7.9462E-001  
 1.0978E+000  -1.6176E+000  -3.8711E-001   1.7240E-001   1.0823E-001   2.0469E-001   7.0961E-003   1.9253E-002   2.0089E-002   6.2104E-002   4.0342E-002   3.8561E-002   2.1651E-002   2.8585E-001  -3.1508E-003   2.4168E-002   6.1499E-003  -1.4369E-002  -3.6482E-003   9.0345E-001   2.1648E-001  -1.7628E-002   2.0713E-001   8.1319E-001  
 1.2856E+000  -1.5630E+000  -7.5754E-001   1.8194E-001   1.8698E-001   1.4077E-001   1.5887E-002   2.4591E-002   2.9744E-002   3.8642E-002   3.2085E-002   2.9452E-002   4.1118E-002   3.0204E-001  -7.1088E-002   2.2036E-002   1.0874E-002  -9.4006E-003  -4.4573E-003   8.9912E-001   2.1545E-001  -1.6670E-002   2.1007E-001   8.6415E-001  
 1.5753E+000  -1.4706E+000  -1.0704E+000   1.8744E-001   2.0587E-001   5.8821E-002   2.9586E-002   3.2536E-002   3.0926E-002  -3.4123E-003   1.6006E-002   1.5742E-002   5.3109E-002   3.1990E-001  -1.3876E-001   1.5792E-002   1.1084E-002   5.2247E-004  -6.0348E-003   8.9393E-001   2.1431E-001  -1.7803E-002   2.1330E-001   9.0237E-001  
 1.9389E+000  -1.3358E+000  -1.2933E+000   1.7801E-001   1.3790E-001  -6.1383E-003   5.1842E-002   4.3430E-002   1.8409E-002  -6.6800E-002  -9.7036E-003  -1.2348E-003   5.5540E-002   3.4083E-001  -2.0698E-001   5.8373E-003   7.7296E-003   1.5588E-002  -8.7703E-003   8.8976E-001   2.1392E-001  -1.8859E-002   2.1585E-001   9.1594E-001  
 2.3420E+000  -1.1522E+000  -1.3846E+000   1.3823E-001  -4.5317E-002  -7.6359E-003   8.8129E-002   5.6735E-002  -1.7508E-002  -1.5534E-001  -4.7450E-002  -2.0519E-002   4.4603E-002   3.6906E-001  -2.7780E-001  -8.1675E-003   1.8699E-003   3.6060E-002  -1.5263E-002   8.9050E-001   2.1674E-001  -1.7535E-002   2.1550E-001   8.8493E-001  
 2.7440E+000  -9.1428E-001  -1.2871E+000   5.4194E-002  -3.6229E-001   1.0541E-001   1.5074E-001   7.3642E-002  -9.1381E-002  -2.7894E-001  -9.6788E-002  -4.3023E-002   2.0904E-002   4.0763E-001  -3.5909E-001  -2.4011E-002  -4.5377E-003   5.6498E-002  -2.8124E-002   9.0364E-001   2.2118E-001  -1.3857E-002   2.0970E-001   8.0109E-001  
 2.8403E+000  -9.6001E-001  -1.1747E+000  -2.8833E-001  -1.2202E+000   2.4010E-001   1.5882E-001  -1.0634E-001  -5.8071E-001  -3.2804E-001  -2.2579E-001  -1.6300E-001  -1.7317E-001   7.1908E-001  -5.9227E-001  -6.7178E-002  -8.3061E-002   7.1229E-002  -1.8446E-001   1.0830E+000   2.8838E-001  -2.0076E-002   1.4342E-001   5.5718E-001  
 2.3345E+000  -1.4364E+000   1.1263E+000   1.2931E-001   5.0590E-002  -2.0672E-002  -6.3536E-002   7.0828E-002  -6.1261E-002  -7.6853E-002  -5.1009E-002   3.0884E-003  -3.9297E-002   2.8950E-001   3.6574E-001  -1.3822E-002   5.7271E-003   1.7655E-002   3.4957E-002   8.9315E-001   2.1209E-001  -2.3782E-002   2.1401E-001   9.2592E-001  
 2.0326E+000  -1.6113E+000   9.5479E-001   1.6969E-001  -8.9639E-002   4.8931E-002  -3.7925E-002   6.1105E-002  -6.0256E-002   1.1362E-002  -1.8187E-002   2.6074E-002  -4.7049E-002   2.9421E-001   2.8958E-001   4.5061E-003  -1.5332E-003  -1.0060E-003   1.9097E-002   8.8820E-001   2.1287E-001  -2.0554E-002   2.1700E-001   9.6349E-001  
 1.7880E+000  -1.7338E+000   6.8918E-001   1.8499E-001  -1.1968E-001   1.3185E-001  -1.9932E-002   5.1060E-002  -4.1721E-002   7.2426E-002   1.4080E-003   4.1882E-002  -3.8728E-002   3.0604E-001   2.1960E-001   1.5362E-002  -4.1753E-003  -1.4813E-002   1.0620E-002   8.9009E-001   2.1405E-001  -1.7211E-002   2.1607E-001   9.3808E-001  
 1.6294E+000  -1.8046E+000   3.6150E-001   1.9079E-001  -7.7823E-002   1.9690E-001  -8.1135E-003   4.5746E-002  -1.7248E-002   1.0988E-001   1.2977E-002   5.3022E-002  -2.2748E-002   3.1980E-001   1.4934E-001   2.3831E-002  -4.0121E-003  -2.3420E-002   2.6773E-003   8.9111E-001   2.1432E-001  -1.2889E-002   2.1583E-001   9.0876E-001  
 1.5751E+000  -1.8276E+000   8.0743E-003   1.9209E-001   1.3416E-003   2.2122E-001   1.5348E-003   4.3873E-002   1.1078E-002   1.2546E-001   1.6401E-002   5.7134E-002  -2.9885E-004   3.3579E-001   8.0774E-002   2.6977E-002   4.7339E-005  -2.6411E-002  -2.6763E-003   8.9202E-001   2.1404E-001  -1.1129E-002   2.1539E-001   8.4163E-001  
 1.6303E+000  -1.8037E+000  -3.4512E-001   1.9229E-001   8.0574E-002   1.9808E-001   1.1222E-002   4.6334E-002   3.8958E-002   1.1921E-001   1.3285E-002   5.3789E-002   2.2739E-002   3.5228E-001   1.2586E-002   2.5874E-002   4.4859E-003  -2.5056E-002  -7.3216E-003   8.9122E-001   2.1350E-001  -1.1072E-002   2.1596E-001   8.5634E-001  
 1.7899E+000  -1.7321E+000  -6.7249E-001   1.8758E-001   1.2218E-001   1.3423E-001   2.2941E-002   5.2329E-002   6.1448E-002   9.1253E-002   2.1130E-003   4.3373E-002   3.9589E-002   3.7115E-001  -5.7070E-002   1.8876E-002   5.0152E-003  -1.7951E-002  -1.3893E-002   8.9028E-001   2.1270E-001  -1.4297E-002   2.1631E-001   8.8600E-001  
 2.0351E+000  -1.6098E+000  -9.3877E-001   1.7163E-001   9.0622E-002   5.2675E-002   4.0047E-002   6.2532E-002   7.5829E-002   4.0749E-002  -1.7696E-002   2.8639E-002   4.7190E-002   3.9257E-001  -1.2596E-001   7.6202E-003   8.4724E-004  -4.3805E-003  -2.1059E-002   8.8854E-001   2.1278E-001  -1.8784E-002   2.1681E-001   9.2143E-001  
 2.3370E+000  -1.4361E+000  -1.1129E+000   1.2826E-001  -5.3268E-002  -1.4589E-002   6.3263E-002   7.1734E-002   7.0644E-002  -3.4073E-002  -5.1575E-002   8.1887E-003   3.6146E-002   4.2296E-001  -1.9901E-001  -1.2757E-002  -1.0454E-002   1.6667E-002  -3.5354E-002   8.9343E-001   2.1431E-001  -2.4784E-002   2.1319E-001   8.9165E-001  
 2.7212E+000  -1.3675E+000   8.9637E-001   2.0383E-002   3.9070E-001  -1.6564E-001  -7.4668E-002   1.0769E-001  -1.1036E-001  -2.6221E-002  -1.0997E-001  -2.9332E-003   4.6809E-003   3.7961E-001   4.0862E-001  -4.2256E-002   2.7692E-002   1.4408E-002   7.7110E-002   9.0831E-001   2.1732E-001  -2.4372E-002   2.0552E-001   8.3254E-001  
 2.4871E+000  -1.5869E+000   7.8986E-001   9.7181E-002   1.4317E-001  -9.1541E-002  -4.4745E-002   9.9330E-002  -9.6321E-002   7.9990E-002  -7.0999E-002   2.5042E-002  -1.5619E-002   3.7741E-001   3.2537E-001  -1.9311E-002   1.7689E-002  -6.9335E-003   5.1812E-002   8.9695E-001   2.1719E-001  -2.3898E-002   2.1148E-001   8.8256E-001  
 2.2966E+000  -1.7352E+000   5.8043E-001   1.4615E-001   2.1252E-002  -3.9813E-003  -2.6272E-002   9.5339E-002  -6.8638E-002   1.5288E-001  -4.2021E-002   4.8454E-002  -2.3421E-002   3.8063E-001   2.4569E-001   4.4514E-003   7.1843E-003  -2.3829E-002   2.8597E-002   8.8847E-001   2.1598E-001  -1.5652E-002   2.1729E-001   9.1064E-001  
 2.1700E+000  -1.8234E+000   3.0847E-001   1.7050E-001  -1.0429E-002   6.2561E-002  -1.1052E-002   9.1160E-002  -2.8035E-002   1.9835E-001  -2.6088E-002   6.3335E-002  -1.5199E-002   3.9130E-001   1.7035E-001   1.9837E-002   2.3108E-003  -3.3958E-002   1.1561E-002   8.8529E-001   2.1387E-001  -7.8418E-003   2.2029E-001   8.8544E-001  
 2.1264E+000  -1.8521E+000   8.7238E-003   1.7828E-001   3.1653E-003   8.7105E-002   2.2494E-003   8.9446E-002   1.7860E-002   2.1658E-001  -2.1145E-002   6.8421E-002   1.3835E-003   4.0553E-001   9.8533E-002   2.5824E-002   1.3033E-003  -3.8352E-002  -1.7234E-003   8.8439E-001   2.1272E-001  -4.0850E-003   2.2139E-001   8.4283E-001  
 2.1714E+000  -1.8209E+000  -2.9091E-001   1.7384E-001   1.6608E-002   6.5329E-002   1.5401E-002   9.2953E-002   6.3167E-002   2.1061E-001  -2.5087E-002   6.5864E-002   1.8209E-002   4.2422E-001   2.7105E-002   2.4143E-002   2.9360E-004  -3.4933E-002  -1.4597E-002   8.8544E-001   2.1159E-001  -4.8448E-003   2.2084E-001   8.2436E-001  
 2.3001E+000  -1.7290E+000  -5.6229E-001   1.5339E-001  -1.4753E-002   2.9020E-003   3.0648E-002   1.0036E-001   1.0323E-001   1.7881E-001  -3.9270E-002   5.4946E-002   2.7889E-002   4.4729E-001  -4.5610E-002   1.3539E-002  -4.4256E-003  -2.4406E-002  -2.9215E-002   8.8849E-001   2.1065E-001  -1.0153E-002   2.1864E-001   8.8230E-001  
 2.4926E+000  -1.5782E+000  -7.7223E-001   1.0584E-001  -1.3772E-001  -7.9814E-002   4.8025E-002   1.0714E-001   1.2879E-001   1.2133E-001  -6.7444E-002   3.5739E-002   1.9893E-002   4.7889E-001  -1.2108E-001  -8.5502E-003  -1.6825E-002  -5.4124E-003  -4.9741E-002   8.9684E-001   2.1163E-001  -1.9155E-002   2.1286E-001   8.3415E-001  
 2.7257E+000  -1.3607E+000  -8.8400E-001   2.4015E-002  -3.9207E-001  -1.4819E-001   7.2615E-002   1.1459E-001   1.3645E-001   3.5322E-002  -1.0871E-001   1.2345E-002  -6.8243E-003   5.1971E-001  -1.9813E-001  -3.4913E-002  -3.2949E-002   2.1481E-002  -7.4004E-002   9.0848E-001   2.1613E-001  -2.3290E-002   2.0566E-001   8.1923E-001  
 3.5168E+000  -5.1438E-001   3.6624E-001   9.2581E-002   6.4634E-001  -2.2508E-001  -1.4874E-001   3.6704E-001  -2.6729E-001   1.9307E-001  -1.2594E-001   5.2011E-002   5.9527E-002   6.0954E-001   4.8762E-001  -1.7644E-002   1.7011E-002   5.7653E-002   1.9903E-001   1.0540E+000   2.3496E-001  -1.1346E-002   1.4174E-001   4.6283E-001  
 2.8132E+000  -1.4493E+000   6.5357E-001  -1.3546E-001   6.2563E-001  -4.8818E-001   8.1471E-003   6.6928E-002  -2.1483E-002   2.0099E-001  -1.7151E-001  -2.6585E-002   1.1250E-001   5.2493E-001   4.4985E-001  -7.0467E-002   5.3385E-002  -8.0115E-003   1.4982E-001   9.7299E-001   2.5147E-001  -1.5149E-002   1.8078E-001   6.7788E-001  
 2.7681E+000  -1.5099E+000   4.4733E-001   4.1734E-002   2.5568E-001  -3.3115E-001  -2.8405E-002   1.6599E-001  -9.4214E-002   2.8506E-001  -1.0219E-001   4.5849E-002   1.2159E-002   4.7297E-001   2.8386E-001  -1.4014E-002   2.3882E-002  -2.8647E-002   5.9727E-002   9.0455E-001   2.2132E-001  -1.4208E-002   2.0958E-001   8.0489E-001  
 2.6798E+000  -1.6114E+000   2.4375E-001   9.2666E-002   1.0500E-001  -2.5877E-001  -1.1190E-002   1.6988E-001  -3.5597E-002   3.4109E-001  -7.8609E-002   6.9000E-002   3.9454E-003   4.7986E-001   2.0054E-001   1.0497E-002   1.2267E-002  -3.8795E-002   2.9456E-002   8.9739E-001   2.1870E-001  -6.0582E-003   2.1494E-001   7.8677E-001  
 2.6508E+000  -1.6410E+000   1.0831E-002   1.1268E-001   8.2156E-003  -2.2917E-001   4.5898E-003   1.7405E-001   2.9854E-002   3.6606E-001  -6.9363E-002   8.0370E-002   5.9691E-003   4.9428E-001   1.2095E-001   2.2978E-002   3.5979E-003  -4.1135E-002   2.5371E-003   8.9519E-001   2.1568E-001  -9.9521E-004   2.1731E-001   7.8898E-001  
 2.6851E+000  -1.6017E+000  -2.2161E-001   1.0254E-001  -8.8095E-002  -2.4949E-001   2.0440E-002   1.7825E-001   9.5696E-002   3.5991E-001  -7.4514E-002   7.7824E-002   8.7468E-003   5.1489E-001   4.2699E-002   2.0057E-002  -5.1017E-003  -3.6521E-002  -2.3534E-002   8.9741E-001   2.1331E-001  -2.2702E-003   2.1636E-001   7.6002E-001  
 2.7778E+000  -1.4924E+000  -4.2476E-001   5.8482E-002  -2.3856E-001  -3.1316E-001   3.7110E-002   1.8114E-001   1.5434E-001   3.2299E-001  -9.5542E-002   6.2035E-002   1.1047E-003   5.4361E-001  -3.6961E-002   1.4146E-003  -1.7911E-002  -2.3774E-002  -5.1999E-002   9.0462E-001   2.1279E-001  -9.2955E-003   2.1175E-001   7.5575E-001  
 2.8803E+000  -1.3483E+000  -6.0430E-001  -5.9125E-002  -5.5965E-001  -3.9905E-001   2.0991E-002   1.5161E-001   1.3909E-001   2.9555E-001  -1.4423E-001   3.6764E-002  -6.8522E-002   6.4276E-001  -1.4612E-001  -3.5924E-002  -4.4828E-002   1.8201E-002  -1.1284E-001   9.6832E-001   2.1929E-001  -1.4334E-002   1.8686E-001   7.0731E-001  
 3.3865E+000  -6.1874E-001  -5.1714E-001   1.8135E-002  -8.1837E-001  -1.2545E-001   6.0130E-002   3.4877E-001   2.7592E-001   4.3769E-001  -1.4552E-001   1.3113E-001  -1.1641E-001   8.6373E-001  -1.5103E-001  -2.7793E-002  -3.1679E-002   1.3604E-001  -1.7541E-001   1.0680E+000   2.8387E-001  -1.3151E-002   1.4353E-001   4.6789E-001  
