 3.3602E+000  -5.0346E-001   2.4538E+000  -2.3528E-002  -2.6015E+000   3.1598E+000   6.6030E-001  -7.5480E-001  -5.5410E-001  -4.3317E+000  -1.8281E-001   9.0041E-001  -4.9767E-001   2.7842E+000   1.6782E+000   3.3803E-002   9.6443E-002  -5.5213E-001   7.9990E-002  -6.5680E-001  -1.1767E+000  -1.8357E-002   4.2020E-001   2.1097E+000  
 3.1288E+000   9.6560E-001   4.9145E-001   1.7648E-001  -3.1437E-001  -1.0011E-001  -1.1983E-001  -4.3337E-001  -5.0093E-001  -3.8481E-001  -7.4083E-002   2.0980E-001   8.3119E-002   1.0658E-001   1.5930E-001  -8.8573E-003   1.2087E-002  -1.3083E-001  -2.9002E-002   1.2579E-001   2.4321E-001  -3.8724E-002   8.3167E-001   2.4790E+000  
 2.7900E+000   1.4632E+000   4.2017E-001   4.9932E-002  -2.0242E-001  -3.1817E-001  -5.1054E-002  -1.8524E-001  -2.2520E-001  -2.0945E-001  -1.0151E-001   5.1831E-002   2.8315E-002  -3.7309E-002  -6.3124E-002   2.1875E-002   7.3036E-003   1.0175E-004   9.1977E-003   1.2789E-001   4.5081E-001  -2.8744E-002   8.8172E-001   2.5471E+000  
 2.6897E+000   1.5870E+000   2.1649E-001   8.2937E-002  -5.7383E-002  -2.7202E-001  -3.4800E-002  -1.6902E-001  -1.3253E-001  -2.3522E-001  -8.3764E-002   5.3114E-002   3.7476E-002  -2.8998E-002  -6.5985E-002   9.9521E-003  -6.8473E-003   3.0884E-002  -2.5463E-002   6.8531E-002   4.6211E-001  -2.0009E-002   8.8773E-001   2.5500E+000  
 2.6479E+000   1.6387E+000  -1.3599E-002   8.4731E-002   2.9407E-002  -2.6639E-001  -1.5039E-002  -1.5223E-001  -3.3159E-002  -2.3595E-001  -8.1559E-002   4.3508E-002   3.0204E-002  -1.2141E-002  -6.2330E-002   9.8313E-003  -1.2020E-002   5.4177E-002  -5.2051E-002   3.7570E-003   4.6323E-001  -1.3257E-002   8.8964E-001   2.5332E+000  
 2.6742E+000   1.6114E+000  -2.3955E-001   6.8146E-002   1.1056E-001  -3.0491E-001   9.6932E-003  -1.4343E-001   6.8699E-002  -2.0968E-001  -8.8916E-002   2.6591E-002   1.4276E-002   7.5077E-003  -5.2131E-002   1.3488E-002  -1.0220E-002   7.1394E-002  -7.1787E-002  -6.2828E-002   4.5646E-001  -6.6093E-003   8.8802E-001   2.5017E+000  
 2.7705E+000   1.4938E+000  -4.2547E-001   4.0941E-002   2.3089E-001  -3.7767E-001   4.5301E-002  -1.5152E-001   1.7514E-001  -1.5239E-001  -1.0114E-001   6.9265E-003  -8.5034E-003   2.4489E-002  -3.6785E-002   1.3426E-002  -2.7380E-003   8.3294E-002  -8.2891E-002  -1.2706E-001   4.4176E-001   1.5180E-003   8.8267E-001   2.4667E+000  
 2.7233E+000   1.5905E+000  -6.0403E-001  -2.0799E-001   5.7907E-001  -7.5100E-001   3.8784E-002   6.3534E-002   8.2957E-002   1.6782E-001  -1.8457E-001  -1.8646E-001   5.8257E-002  -1.0463E-001   1.9972E-001   6.8558E-002  -1.3488E-002   1.8311E-001  -1.6895E-001  -1.3167E-001   2.3227E-001   9.9760E-003   8.3263E-001   2.4692E+000  
 2.6576E+000   2.7107E+000   1.1933E+000  -3.7037E-001  -7.9484E-001  -4.2258E+000   8.1874E-001   4.7727E-001   9.0033E-002   4.3231E+000  -2.2120E-001  -9.5874E-001  -3.9844E-001  -2.7417E+000   1.7560E+000   1.1553E-001   1.0989E-002   5.5476E-001  -1.2047E-001   6.4315E-001  -1.1852E+000  -1.6978E-002   4.2016E-001   2.2016E+000  
 2.7443E+000   1.2991E+000   8.8354E-001   5.3297E-002  -3.6717E-001  -1.1780E-001  -7.6580E-002  -1.4431E-001  -2.5027E-001   9.7544E-003  -9.6858E-002   3.9833E-002   1.3372E-002  -4.3844E-002  -3.1349E-002   6.7971E-003   1.7531E-002  -6.8935E-002   6.8652E-002   2.5258E-001   3.8693E-001  -8.9055E-003   8.8457E-001   2.4722E+000  
 2.5075E+000   1.5283E+000   7.7422E-001   1.2250E-001  -1.1742E-001  -6.3707E-002  -5.1986E-002  -1.2761E-001  -2.0569E-001  -5.8148E-002  -6.0815E-002   5.3040E-002   3.4489E-002  -5.2855E-002  -5.0912E-002  -6.6269E-003   7.8737E-003  -3.2924E-002   3.8267E-002   2.0382E-001   4.1603E-001  -1.3200E-002   8.9712E-001   2.5420E+000  
 2.3117E+000   1.6886E+000   5.6535E-001   1.6078E-001   5.4937E-004   7.3786E-003  -3.5102E-002  -1.1261E-001  -1.4607E-001  -1.0482E-001  -3.6022E-002   6.1793E-002   4.0192E-002  -4.7006E-002  -6.5180E-002  -1.8646E-002  -3.3776E-003  -3.0445E-003   1.3132E-002   1.4433E-001   4.3424E-001  -8.5447E-003   9.0599E-001   2.5761E+000  
 2.1796E+000   1.7900E+000   2.9533E-001   1.7118E-001   2.5794E-002   6.0601E-002  -1.8745E-002  -9.6763E-002  -7.4610E-002  -1.3260E-001  -2.6196E-002   6.2210E-002   2.7809E-002  -2.8617E-002  -7.5264E-002  -1.7021E-002  -6.6695E-003   1.8271E-002  -4.0230E-003   7.3921E-002   4.4432E-001  -9.8363E-003   9.1102E-001   2.6071E+000  
 2.1336E+000   1.8255E+000  -4.0345E-003   1.7112E-001   8.1703E-003   7.8408E-002  -4.6837E-003  -8.9820E-002  -4.3896E-003  -1.4179E-001  -2.3684E-002   5.9669E-002   1.0716E-002  -4.9440E-003  -7.5430E-002  -1.3000E-002  -6.7725E-003   3.0674E-002  -2.1155E-002   1.5838E-003   4.4628E-001  -1.2380E-002   9.1289E-001   2.6220E+000  
 2.1766E+000   1.7990E+000  -3.0152E-001   1.6253E-001  -1.2258E-002   5.0455E-002   1.2119E-002  -8.8820E-002   6.6129E-002  -1.2842E-001  -2.9290E-002   4.9824E-002  -1.0597E-002   2.0114E-002  -6.8586E-002  -5.8897E-003  -2.8394E-003   3.8529E-002  -3.4583E-002  -7.1725E-002   4.4114E-001  -1.4963E-002   9.1064E-001   2.6189E+000  
 2.3028E+000   1.7105E+000  -5.6855E-001   1.4219E-001   9.9746E-003  -2.0103E-002   3.2858E-002  -9.1047E-002   1.3111E-001  -8.6723E-002  -4.4885E-002   2.9177E-002  -2.8253E-002   4.3141E-002  -5.1506E-002   5.4182E-003   1.0540E-003   4.5666E-002  -4.8423E-002  -1.4524E-001   4.2839E-001  -1.6463E-002   9.0541E-001   2.5972E+000  
 2.5017E+000   1.5474E+000  -7.6332E-001   1.1369E-001   1.0765E-001  -1.0534E-001   6.5447E-002  -1.0717E-001   1.9695E-001  -1.5016E-002  -6.4731E-002   7.6193E-003  -4.6653E-002   5.8364E-002  -3.1771E-002   1.0087E-002   6.1784E-003   4.9708E-002  -5.3284E-002  -2.0941E-001   4.1028E-001  -1.2645E-002   8.9700E-001   2.5603E+000  
 2.7518E+000   1.3058E+000  -8.5205E-001   5.7957E-002   3.1999E-001  -1.6895E-001   1.1086E-001  -1.3712E-001   2.6228E-001   9.0005E-002  -9.5981E-002  -1.1307E-002  -5.4876E-002   6.3567E-002  -1.1357E-002   2.0431E-002  -7.0653E-004   4.5870E-002  -4.9287E-002  -2.6176E-001   3.8474E-001  -1.8491E-002   8.8427E-001   2.5240E+000  
 2.3441E+000   1.3949E+000   1.1201E+000   1.3817E-001  -4.5388E-002  -1.4222E-003  -6.0313E-002  -8.3297E-002  -1.5145E-001   6.5175E-002  -4.8428E-002   1.9309E-002   3.8338E-002  -6.4683E-002  -2.0301E-002  -8.0262E-004   6.4889E-003  -4.5944E-002   4.9667E-002   2.8153E-001   3.5720E-001  -1.4810E-002   9.0390E-001   2.5666E+000  
 2.0423E+000   1.5711E+000   9.4626E-001   1.7838E-001   9.7389E-002   5.9961E-002  -3.8213E-002  -7.2142E-002  -1.2931E-001   3.1458E-003  -1.5789E-002   3.6466E-002   4.8500E-002  -6.2123E-002  -3.7725E-002  -1.6489E-002  -2.8538E-003  -2.0530E-002   2.8173E-002   2.2313E-001   3.7603E-001  -1.2427E-002   9.1576E-001   2.5980E+000  
 1.7977E+000   1.6943E+000   6.7942E-001   1.9351E-001   1.2780E-001   1.3775E-001  -2.2764E-002  -6.1340E-002  -9.0393E-002  -4.1294E-002   4.5788E-003   4.8782E-002   4.1834E-002  -4.6190E-002  -5.1927E-002  -2.5889E-002  -7.8374E-003  -2.5521E-003   1.4262E-002   1.5220E-001   3.8524E-001  -8.1588E-003   9.2353E-001   2.5732E+000  
 1.6379E+000   1.7685E+000   3.5250E-001   1.9501E-001   8.3379E-002   1.9867E-001  -1.0992E-002  -5.3402E-002  -4.4818E-002  -6.8592E-002   1.4775E-002   5.6307E-002   2.4271E-002  -2.5432E-002  -5.9840E-002  -2.8081E-002  -6.2664E-003   9.0519E-003   2.7049E-003   7.7742E-002   3.8961E-001  -8.6158E-003   9.2818E-001   2.5921E+000  
 1.5823E+000   1.7957E+000  -4.6763E-004   1.9058E-001   1.1712E-003   2.1938E-001  -5.4940E-004  -4.8350E-002   3.3653E-003  -7.8308E-002   1.6155E-002   5.6014E-002   1.1110E-003  -1.5955E-003  -6.2411E-002  -2.2695E-002  -1.0463E-003   1.6023E-002  -6.0364E-003   3.0238E-004   3.9068E-001  -1.4470E-002   9.2947E-001   2.6225E+000  
 1.6361E+000   1.7751E+000  -3.5445E-001   1.8667E-001  -7.9635E-002   1.9359E-001   9.1848E-003  -4.7827E-002   4.8010E-002  -6.9903E-002   1.0910E-002   4.8776E-002  -1.9403E-002   2.2855E-002  -5.7026E-002  -1.5325E-002   2.3707E-003   1.9502E-002  -1.6491E-002  -7.7546E-002   3.8814E-001  -1.9748E-002   9.2778E-001   2.6382E+000  
 1.7955E+000   1.7024E+000  -6.7997E-001   1.8476E-001  -1.2632E-001   1.2890E-001   2.3293E-002  -5.3891E-002   9.0567E-002  -4.1528E-002   3.0658E-004   3.6530E-002  -3.9434E-002   4.6094E-002  -4.6279E-002  -1.1287E-002   6.9667E-003   1.9893E-002  -2.3903E-002  -1.5363E-001   3.8276E-001  -1.8754E-002   9.2310E-001   2.6389E+000  
 2.0422E+000   1.5748E+000  -9.4039E-001   1.7816E-001  -1.0422E-001   4.7674E-002   4.5517E-002  -6.7579E-002   1.2856E-001   9.6617E-003  -1.6068E-002   2.0171E-002  -5.7538E-002   6.6998E-002  -3.0454E-002  -9.8867E-003   1.2880E-002   1.7693E-002  -2.7211E-002  -2.2682E-001   3.7416E-001  -1.2695E-002   9.1575E-001   2.6213E+000  
 2.3521E+000   1.3858E+000  -1.1024E+000   1.5305E-001   1.7137E-002  -1.2634E-002   7.9366E-002  -9.1615E-002   1.6408E-001   8.7953E-002  -4.1073E-002   5.4673E-003  -7.0770E-002   7.8488E-002  -1.3599E-002  -7.5563E-003   1.2997E-002   1.1570E-002  -2.0823E-002  -2.8797E-001   3.5801E-001  -1.0372E-002   9.0431E-001   2.5929E+000  
 3.3402E+000   2.4652E+000  -4.7774E-001  -3.4051E-002  -2.6195E+000  -3.1443E+000  -7.4455E-001   6.6313E-001   4.3283E+000   5.3783E-001  -1.8408E-001  -8.9498E-001  -5.0071E-001   2.7879E+000  -1.6699E+000   9.6046E-002   3.4738E-002  -8.1768E-002   5.5046E-001  -1.1755E+000  -6.5971E-001  -1.8359E-002   4.1950E-001   2.1235E+000  
 2.7443E+000   8.8354E-001   1.2992E+000   5.3222E-002  -3.6719E-001   1.1789E-001  -1.4421E-001  -7.6582E-002  -9.8678E-003   2.5021E-001  -9.6916E-002  -3.9738E-002   1.3333E-002  -4.4004E-002   3.1298E-002   1.7539E-002   6.8867E-003  -6.8729E-002   6.8802E-002   3.8658E-001   2.5324E-001  -8.9387E-003   8.8451E-001   2.4749E+000  
 2.3441E+000   1.1200E+000   1.3949E+000   1.3819E-001  -4.5364E-002   1.4466E-003  -8.3282E-002  -6.0350E-002  -6.5216E-002   1.5145E-001  -4.8427E-002  -1.9273E-002   3.8371E-002  -6.4719E-002   2.0186E-002   6.4262E-003  -7.8896E-004  -4.9699E-002   4.5870E-002   3.5673E-001   2.8205E-001  -1.4793E-002   9.0383E-001   2.5681E+000  
 1.9427E+000   1.3020E+000   1.3020E+000   1.7911E-001   1.4153E-001   1.8096E-006  -4.8981E-002  -4.8990E-002  -8.2227E-002   8.2214E-002  -1.0279E-002   1.0624E-005   5.3045E-002  -6.8694E-002  -5.5141E-005  -7.1482E-003  -7.1137E-003  -2.7741E-002   2.7701E-002   3.0197E-001   3.0244E-001  -1.8082E-002   9.1874E-001   2.6190E+000  
 1.5796E+000   1.4373E+000   1.0788E+000   1.8809E-001   2.0923E-001   6.1549E-002  -2.7613E-002  -3.7469E-002  -7.3488E-002   3.0771E-002   1.5102E-002   1.5455E-002   5.1354E-002  -5.8402E-002  -1.8923E-002  -1.5457E-002  -1.0954E-002  -1.1380E-002   1.8139E-002   2.3342E-001   3.1291E-001  -1.7921E-002   9.2957E-001   2.6126E+000  
 1.2903E+000   1.5295E+000   7.6565E-001   1.8290E-001   1.8942E-001   1.4174E-001  -1.4549E-002  -2.9485E-002  -5.3018E-002  -5.8599E-003   3.1414E-002   2.9046E-002   4.0018E-002  -4.1490E-002  -3.1982E-002  -2.1637E-002  -1.1245E-002  -1.0099E-003   1.0289E-002   1.5813E-001   3.1682E-001  -1.6225E-002   9.3698E-001   2.5697E+000  
 1.1030E+000   1.5841E+000   3.9543E-001   1.7318E-001   1.0925E-001   2.0496E-001  -5.9975E-003  -2.4125E-002  -2.5895E-002  -2.9134E-002   3.9831E-002   3.8799E-002   2.0586E-002  -2.1077E-002  -3.9516E-002  -2.3612E-002  -5.8761E-003   4.6289E-003   3.9078E-003   7.9064E-002   3.1769E-001  -1.7473E-002   9.4116E-001   2.5457E+000  
 1.0391E+000   1.6019E+000   2.2079E-004   1.6882E-001   2.7630E-004   2.2833E-001  -2.6294E-004  -2.2669E-002   2.7205E-003  -3.8060E-002   4.3042E-002   4.2473E-002  -7.5275E-004  -4.4389E-004  -4.1670E-002  -2.4004E-002   4.7993E-004   7.6880E-003  -2.2786E-003  -1.1735E-004   3.1782E-001  -1.8483E-002   9.4262E-001   2.5740E+000  
 1.1034E+000   1.5842E+000  -3.9540E-001   1.7262E-001  -1.0899E-001   2.0489E-001   6.1573E-003  -2.4570E-002   3.0272E-002  -3.3125E-002   4.0785E-002   3.9529E-002  -2.1160E-002   2.0519E-002  -3.8595E-002  -2.3201E-002   5.8070E-003   7.9332E-003  -7.3890E-003  -7.9431E-002   3.1733E-001  -1.8504E-002   9.4116E-001   2.5978E+000  
 1.2906E+000   1.5295E+000  -7.6600E-001   1.8255E-001  -1.8935E-001   1.4161E-001   1.5084E-002  -2.9699E-002   5.4334E-002  -1.3450E-002   3.2077E-002   3.0346E-002  -3.9452E-002   4.1964E-002  -3.0407E-002  -2.1565E-002   1.0383E-002   4.9058E-003  -1.1211E-002  -1.5883E-001   3.1629E-001  -1.6772E-002   9.3698E-001   2.6097E+000  
 1.5806E+000   1.4345E+000  -1.0761E+000   1.9301E-001  -2.1261E-001   6.1257E-002   3.0268E-002  -3.9674E-002   7.2695E-002   2.4314E-002   1.7451E-002   1.5848E-002  -5.6226E-002   6.1218E-002  -1.7072E-002  -2.0881E-002   1.6294E-002   1.0676E-004  -1.1742E-002  -2.3512E-001   3.1266E-001  -1.1045E-002   9.2979E-001   2.6029E+000  
 1.9452E+000   1.2958E+000  -1.2958E+000   1.8859E-001  -1.5142E-001   2.2546E-006   5.4365E-002  -5.4367E-002   8.2550E-002   8.2557E-002  -6.2633E-003  -3.0077E-006  -6.6759E-002   7.5910E-002   5.0302E-005  -1.7328E-002   1.7347E-002  -7.4261E-003  -7.4250E-003  -3.0446E-001   3.0401E-001  -7.9255E-003   9.1919E-001   2.5931E+000  
 2.3521E+000   1.1025E+000  -1.3858E+000   1.5300E-001   1.7186E-002   1.2643E-002   9.1590E-002  -7.9331E-002   8.7931E-002   1.6404E-001  -4.1087E-002  -5.4597E-003  -7.0709E-002   7.8476E-002   1.3698E-002  -1.2938E-002   7.5251E-003  -2.0885E-002   1.1548E-002  -3.5841E-001   2.8740E-001  -1.0402E-002   9.0424E-001   2.5999E+000  
 2.7518E+000   8.5208E-001  -1.3058E+000   5.8007E-002   3.2004E-001   1.6892E-001   1.3716E-001  -1.1085E-001   8.9924E-002   2.6223E-001  -9.5929E-002   1.1274E-002  -5.4864E-002   6.3653E-002   1.1466E-002   6.7935E-004  -2.0355E-002  -4.9378E-002   4.5786E-002  -3.8517E-001   2.6125E-001  -1.8425E-002   8.8422E-001   2.5276E+000  
 2.6420E+000  -1.1798E+000  -2.7281E+000  -3.7768E-001  -7.7644E-001   4.2315E+000  -4.8202E-001  -8.1296E-001   4.3199E+000   7.6264E-002  -2.2195E-001   9.5785E-001  -3.9370E-001  -2.7368E+000  -1.7626E+000  -1.0133E-002  -1.1540E-001  -1.2170E-001   5.5311E-001   1.1871E+000  -6.4077E-001  -1.7001E-002   4.1944E-001   2.2155E+000  
 3.1285E+000   4.9174E-001   9.6598E-001   1.7637E-001  -3.1502E-001   1.0038E-001  -4.3317E-001  -1.1963E-001   3.8483E-001   5.0010E-001  -7.3929E-002  -2.0980E-001   8.2846E-002   1.0681E-001  -1.5858E-001   1.1974E-002  -9.1739E-003   2.8539E-002   1.3087E-001   2.4344E-001   1.2599E-001  -3.8467E-002   8.3176E-001   2.4914E+000  
 2.5075E+000   7.7423E-001   1.5283E+000   1.2245E-001  -1.1748E-001   6.3758E-002  -1.2754E-001  -5.1987E-002   5.8122E-002   2.0560E-001  -6.0824E-002  -5.2988E-002   3.4425E-002  -5.2917E-002   5.0867E-002   7.8763E-003  -6.5631E-003  -3.8409E-002   3.2879E-002   4.1567E-001   2.0445E-001  -1.3209E-002   8.9702E-001   2.5462E+000  
 2.0423E+000   9.4623E-001   1.5711E+000   1.7838E-001   9.7402E-002  -5.9928E-002  -7.2110E-002  -3.8260E-002  -3.1866E-003   1.2930E-001  -1.5787E-002  -3.6429E-002   4.8515E-002  -6.2187E-002   3.7623E-002  -2.8987E-003  -1.6454E-002  -2.8224E-002   2.0465E-002   3.7563E-001   2.2371E-001  -1.2432E-002   9.1570E-001   2.6031E+000  
 1.5796E+000   1.0788E+000   1.4373E+000   1.8807E-001   2.0922E-001  -6.1544E-002  -3.7452E-002  -2.7627E-002  -3.0775E-002   7.3468E-002   1.5102E-002  -1.5444E-002   5.1339E-002  -5.8411E-002   1.8825E-002  -1.0964E-002  -1.5409E-002  -1.8195E-002   1.1362E-002   3.1251E-001   2.3390E-001  -1.7951E-002   9.2956E-001   2.6151E+000  
 1.1677E+000   1.1749E+000   1.1749E+000   1.7632E-001   2.3495E-001   1.7525E-006  -1.9699E-002  -1.9715E-002  -3.4886E-002   3.4874E-002   3.7858E-002   4.6565E-007   4.6742E-002  -4.6307E-002  -4.2202E-005  -1.7023E-002  -1.7003E-002  -8.4548E-003   8.4200E-003   2.3770E-001   2.3809E-001  -1.8084E-002   9.3979E-001   2.5852E+000  
 8.4109E-001   1.2411E+000   8.2797E-001   1.5423E-001   1.9368E-001   8.0624E-002  -8.5647E-003  -1.3415E-002  -2.7310E-002   7.2594E-003   5.0781E-002   1.3470E-002   3.3895E-002  -3.1173E-002  -1.3262E-002  -1.9301E-002  -1.3423E-002  -2.8508E-003   5.7849E-003   1.5937E-001   2.3934E-001  -1.9875E-002   9.4680E-001   2.5332E+000  
 6.3109E-001   1.2796E+000   4.2567E-001   1.3522E-001   1.0791E-001   1.4411E-001  -3.3008E-003  -1.0154E-002  -1.4197E-002  -9.3190E-003   5.8728E-002   2.3105E-002   1.7363E-002  -1.5734E-002  -2.1141E-002  -2.0338E-002  -6.8435E-003   1.2468E-003   2.4632E-003   7.9646E-002   2.4005E-001  -2.1773E-002   9.5118E-001   2.4939E+000  
 5.5918E-001   1.2919E+000   5.6041E-005   1.2845E-001   1.3695E-004   1.6754E-001  -4.0828E-005  -8.7332E-003   1.0137E-003  -1.5399E-002   6.0835E-002   2.6721E-002  -1.7149E-004  -1.1555E-004  -2.3623E-002  -2.1231E-002   1.0269E-004   3.1614E-003  -7.5211E-004  -1.4220E-004   2.4021E-001  -2.1897E-002   9.5270E-001   2.5107E+000  
 6.3082E-001   1.2793E+000  -4.2558E-001   1.3575E-001  -1.0761E-001   1.4393E-001   3.2537E-003  -9.5560E-003   1.5606E-002  -1.1375E-002   5.8162E-002   2.3699E-002  -1.7689E-002   1.5663E-002  -2.0812E-002  -2.1189E-002   6.9682E-003   2.9925E-003  -3.6085E-003  -7.9988E-002   2.3986E-001  -2.1053E-002   9.5119E-001   2.5315E+000  
 8.4124E-001   1.2410E+000  -8.2832E-001   1.5408E-001  -1.9369E-001   8.0351E-002   9.2686E-003  -1.3314E-002   2.6544E-002   3.3662E-003   5.1062E-002   1.4372E-002  -3.3177E-002   3.1586E-002  -1.2806E-002  -1.9434E-002   1.2425E-002   7.1280E-004  -5.1042E-003  -1.5984E-001   2.3906E-001  -2.0014E-002   9.4680E-001   2.5395E+000  
 1.1674E+000   1.1749E+000  -1.1749E+000   1.7695E-001  -2.3483E-001  -6.1931E-006   1.9460E-002  -1.9446E-002   3.0241E-002   3.0256E-002   3.7074E-002  -5.5661E-006  -4.5799E-002   4.7523E-002   2.7100E-005  -1.7180E-002   1.7199E-002  -4.6264E-003  -4.6469E-003  -2.3825E-001   2.3791E-001  -1.6894E-002   9.3979E-001   2.5499E+000  
 1.5806E+000   1.0761E+000  -1.4345E+000   1.9303E-001  -2.1261E-001  -6.1268E-002   3.9683E-002  -3.0255E-002   2.4308E-002   7.2723E-002   1.7447E-002  -1.5864E-002  -5.6235E-002   6.1176E-002   1.7153E-002  -1.6281E-002   2.0913E-002  -1.1709E-002   1.0357E-004  -3.1298E-001   2.3466E-001  -1.1025E-002   9.2978E-001   2.6095E+000  
 2.0422E+000   9.4045E-001  -1.5748E+000   1.7815E-001  -1.0419E-001  -4.7703E-002   6.7593E-002  -4.5470E-002   9.6272E-003   1.2857E-001  -1.6075E-002  -2.0198E-002  -5.7505E-002   6.6952E-002   3.0551E-002  -1.2830E-002   9.8920E-003  -2.7211E-002   1.7643E-002  -3.7445E-001   2.2625E-001  -1.2705E-002   9.1569E-001   2.6245E+000  
 2.5017E+000   7.6336E-001  -1.5473E+000   1.1370E-001   1.0766E-001   1.0531E-001   1.0718E-001  -6.5415E-002  -1.5050E-002   1.9697E-001  -6.4739E-002  -7.6514E-003  -4.6643E-002   5.8298E-002   3.1892E-002  -6.1581E-003  -1.0058E-002  -5.3271E-002   4.9649E-002  -4.1055E-001   2.0878E-001  -1.2634E-002   8.9691E-001   2.5619E+000  
 2.7229E+000   6.0438E-001  -1.5911E+000  -2.0858E-001   5.7952E-001   7.5125E-001  -6.4095E-002  -3.8492E-002   1.6776E-001   8.2635E-002  -1.8493E-001   1.8675E-001   5.8650E-002  -1.0454E-001  -1.9961E-001   1.3685E-002  -6.8990E-002  -1.6909E-001   1.8307E-001  -2.3274E-001   1.3110E-001   9.8062E-003   8.3268E-001   2.4814E+000  
 2.7900E+000   4.2020E-001   1.4632E+000   4.9909E-002  -2.0254E-001   3.1814E-001  -1.8522E-001  -5.1013E-002   2.0955E-001   2.2503E-001  -1.0151E-001  -5.1853E-002   2.8217E-002  -3.7256E-002   6.3188E-002   7.2880E-003   2.1890E-002  -9.4023E-003   1.3866E-005   4.5063E-001   1.2847E-001  -2.8727E-002   8.8172E-001   2.5392E+000  
 2.3117E+000   5.6534E-001   1.6886E+000   1.6077E-001   5.1819E-004  -7.3835E-003  -1.1260E-001  -3.5095E-002   1.0482E-001   1.4603E-001  -3.6013E-002  -6.1792E-002   4.0160E-002  -4.7106E-002   6.5105E-002  -3.3876E-003  -1.8624E-002  -1.3229E-002   3.0591E-003   4.3395E-001   1.4505E-001  -8.5478E-003   9.0596E-001   2.5693E+000  
 1.7976E+000   6.7940E-001   1.6944E+000   1.9350E-001   1.2779E-001  -1.3775E-001  -6.1307E-002  -2.2774E-002   4.1282E-002   9.0383E-002   4.5565E-003  -4.8769E-002   4.1825E-002  -4.6272E-002   5.1827E-002  -7.8609E-003  -2.5853E-002  -1.4302E-002   2.5388E-003   3.8494E-001   1.5282E-001  -8.1761E-003   9.2350E-001   2.5835E+000  
 1.2903E+000   7.6563E-001   1.5295E+000   1.8289E-001   1.8942E-001  -1.4174E-001  -2.9473E-002  -1.4567E-002   5.8463E-003   5.3008E-002   3.1412E-002  -2.9037E-002   4.0020E-002  -4.1540E-002   3.1907E-002  -1.1278E-002  -2.1615E-002  -1.0323E-002   9.8974E-004   3.1654E-001   1.5863E-001  -1.6228E-002   9.3698E-001   2.5788E+000  
 8.4109E-001   8.2795E-001   1.2411E+000   1.5423E-001   1.9368E-001  -8.0625E-002  -1.3403E-002  -8.5789E-003  -7.2690E-003   2.7297E-002   5.0778E-002  -1.3470E-002   3.3895E-002  -3.1195E-002   1.3199E-002  -1.3448E-002  -1.9285E-002  -5.8167E-003   2.8259E-003   2.3907E-001   1.5975E-001  -1.9874E-002   9.4680E-001   2.5392E+000  
 4.8702E-001   8.7019E-001   8.7020E-001   1.2115E-001   1.5426E-001  -1.2731E-006  -5.0105E-003  -5.0212E-003  -9.7099E-003   9.6999E-003   6.3011E-002  -9.0105E-007   2.4218E-002  -2.0979E-002  -2.4678E-005  -1.4610E-002  -1.4592E-002  -2.3403E-003   2.3158E-003   1.6033E-001   1.6059E-001  -2.2258E-002   9.5427E-001   2.4891E+000  
 2.5962E-001   8.9464E-001   4.4601E-001   9.5790E-002   8.4534E-002   6.3605E-002  -1.4826E-003  -2.9920E-003  -6.0586E-003  -7.4115E-004   7.0001E-002   9.4808E-003   1.2522E-002  -1.0516E-002  -7.9753E-003  -1.5398E-002  -7.6644E-003  -4.3019E-005   1.2222E-003   8.0162E-002   1.6112E-001  -2.3906E-002   9.5983E-001   2.4362E+000  
 1.8204E-001   9.0255E-001   2.1071E-005   8.6555E-002   1.1875E-004   8.7167E-002   9.2480E-006  -2.3254E-003   2.8098E-004  -4.4302E-003   7.2188E-002   1.2793E-002  -6.9445E-005  -2.1756E-005  -1.0556E-002  -1.5695E-002   9.8209E-006   9.2959E-004  -1.9451E-004  -1.1074E-004   1.6125E-001  -2.4397E-002   9.6170E-001   2.4360E+000  
 2.5963E-001   8.9464E-001  -4.4597E-001   9.5813E-002  -8.4286E-002   6.3617E-002   1.4991E-003  -2.9907E-003   6.1964E-003  -1.5202E-003   7.0017E-002   9.4786E-003  -1.2661E-002   1.0536E-002  -7.8898E-003  -1.5389E-002   7.6830E-003   5.2225E-004  -1.3136E-003  -8.0398E-002   1.6099E-001  -2.3873E-002   9.5983E-001   2.4525E+000  
 4.8716E-001   8.7029E-001  -8.7025E-001   1.2098E-001  -1.5406E-001  -4.2443E-006   5.1927E-003  -5.1839E-003   8.5043E-003   8.5125E-003   6.3303E-002  -4.1348E-006  -2.4141E-002   2.1166E-002   6.5223E-006  -1.4340E-002   1.4356E-002  -1.3959E-003  -1.4106E-003  -1.6058E-001   1.6036E-001  -2.2497E-002   9.5426E-001   2.4663E+000  
 8.4124E-001   8.2836E-001  -1.2410E+000   1.5408E-001  -1.9369E-001  -8.0359E-002   1.3322E-002  -9.2573E-003   3.3585E-003   2.6560E-002   5.1065E-002  -1.4381E-002  -3.3177E-002   3.1568E-002   1.2836E-002  -1.2404E-002   1.9447E-002  -5.0840E-003   6.9765E-004  -2.3928E-001   1.5950E-001  -2.0015E-002   9.4680E-001   2.5413E+000  
 1.2906E+000   7.6604E-001  -1.5294E+000   1.8255E-001  -1.8935E-001  -1.4162E-001   2.9707E-002  -1.5071E-002  -1.3458E-002   5.4356E-002   3.2083E-002  -3.0363E-002  -3.9451E-002   4.1919E-002   3.0458E-002  -1.0355E-002   2.1579E-002  -1.1189E-002   4.8933E-003  -3.1650E-001   1.5837E-001  -1.6769E-002   9.3698E-001   2.6090E+000  
 1.7955E+000   6.8001E-001  -1.7024E+000   1.8476E-001  -1.2631E-001  -1.2891E-001   5.3912E-002  -2.3279E-002  -4.1533E-002   9.0580E-002   3.2426E-004  -3.6545E-002  -3.9424E-002   4.6023E-002   4.6321E-002  -6.9348E-003   1.1300E-002  -2.3898E-002   1.9877E-002  -3.8292E-001   1.5308E-001  -1.8749E-002   9.2308E-001   2.6367E+000  
 2.3028E+000   5.6860E-001  -1.7104E+000   1.4219E-001   9.9830E-003   2.0095E-002   9.1040E-002  -3.2844E-002  -8.6731E-002   1.3112E-001  -4.4899E-002  -2.9191E-002  -2.8237E-002   4.3052E-002   5.1566E-002  -1.0196E-003  -5.4110E-003  -4.8403E-002   4.5645E-002  -4.2854E-001   1.4464E-001  -1.6464E-002   9.0537E-001   2.5949E+000  
 2.7705E+000   4.2551E-001  -1.4937E+000   4.0951E-002   2.3088E-001   3.7765E-001   1.5154E-001  -4.5287E-002  -1.5237E-001   1.7521E-001  -1.0114E-001  -6.9526E-003  -8.5002E-003   2.4286E-002   3.6937E-002   2.7876E-003  -1.3412E-002  -8.2829E-002   8.3300E-002  -4.4198E-001   1.2628E-001   1.5061E-003   8.8266E-001   2.4651E+000  
 2.6897E+000   2.1650E-001   1.5870E+000   8.2896E-002  -5.7425E-002   2.7196E-001  -1.6900E-001  -3.4777E-002   2.3533E-001   1.3249E-001  -8.3825E-002  -5.3150E-002   3.7424E-002  -2.9001E-002   6.5932E-002  -6.8298E-003   1.0025E-002   2.5409E-002  -3.0728E-002   4.6196E-001   6.9199E-002  -2.0086E-002   8.8778E-001   2.5443E+000  
 2.1796E+000   2.9532E-001   1.7900E+000   1.7117E-001   2.5780E-002  -6.0603E-002  -9.6745E-002  -1.8751E-002   1.3259E-001   7.4582E-002  -2.6213E-002  -6.2207E-002   2.7794E-002  -2.8746E-002   7.5237E-002  -6.6868E-003  -1.6997E-002   3.9637E-003  -1.8254E-002   4.4421E-001   7.4647E-002  -9.8479E-003   9.1106E-001   2.5991E+000  
 1.6379E+000   3.5247E-001   1.7685E+000   1.9501E-001   8.3387E-002  -1.9868E-001  -5.3410E-002  -1.1019E-002   6.8576E-002   4.4813E-002   1.4792E-002  -5.6314E-002   2.4284E-002  -2.5546E-002   5.9792E-002  -6.3048E-003  -2.8080E-002  -2.7351E-003  -9.0712E-003   3.8946E-001   7.8374E-002  -8.6105E-003   9.2819E-001   2.5815E+000  
 1.1030E+000   3.9541E-001   1.5841E+000   1.7317E-001   1.0925E-001  -2.0496E-001  -2.4118E-002  -6.0225E-003   2.9126E-002   2.5881E-002   3.9834E-002  -3.8799E-002   2.0583E-002  -2.1141E-002   3.9472E-002  -5.9021E-003  -2.3597E-002  -3.9411E-003  -4.6419E-003   3.1754E-001   7.9557E-002  -1.7478E-002   9.4116E-001   2.5332E+000  
 6.3109E-001   4.2564E-001   1.2796E+000   1.3522E-001   1.0791E-001  -1.4411E-001  -1.0148E-002  -3.3190E-003   9.3118E-003   1.4184E-002   5.8729E-002  -2.3104E-002   1.7364E-002  -1.5769E-002   2.1100E-002  -6.8741E-003  -2.0327E-002  -2.4945E-003  -1.2599E-003   2.3991E-001   8.0019E-002  -2.1773E-002   9.5118E-001   2.4924E+000  
 2.5962E-001   4.4599E-001   8.9465E-001   9.5791E-002   8.4534E-002  -6.3609E-002  -2.9868E-003  -1.4938E-003   7.3365E-004   6.0473E-003   7.0002E-002  -9.4832E-003   1.2522E-002  -1.0528E-002   7.9408E-003  -7.6840E-003  -1.5389E-002  -1.2479E-003   2.6387E-005   1.6098E-001   8.0415E-002  -2.3905E-002   9.5983E-001   2.4399E+000  
 2.1384E-002   4.5779E-001   4.5780E-001   6.6467E-002   4.5996E-002  -1.2557E-006  -5.0565E-004  -5.1098E-004  -1.1607E-003   1.1541E-003   7.6460E-002  -5.3570E-007   6.4715E-003  -5.2544E-003  -1.4932E-005  -8.1299E-003  -8.1202E-003  -2.9015E-004   2.7418E-004   8.0522E-002   8.0653E-002  -2.5439E-002   9.6552E-001   2.3699E+000  
-5.9815E-002   4.6161E-001   1.8825E-005   5.5868E-002   1.2348E-004   2.3561E-002   5.6632E-006  -2.0131E-004   3.3548E-005  -5.3510E-004   7.8510E-002   3.3111E-003  -7.1764E-005  -5.3091E-006  -2.6340E-003  -8.2732E-003   6.1076E-006   1.1593E-004  -2.3897E-005  -5.7083E-005   8.0687E-002  -2.5948E-002   9.6742E-001   2.3461E+000  
 2.1388E-002   4.5780E-001  -4.5777E-001   6.6477E-002  -4.5748E-002  -3.0517E-006   5.1492E-004  -5.0864E-004   1.0153E-003   1.0217E-003   7.6467E-002  -2.6479E-006  -6.6146E-003   5.2536E-003  -6.5042E-006  -8.1195E-003   8.1306E-003  -1.6298E-004  -1.7451E-004  -8.0636E-002   8.0523E-002  -2.5424E-002   9.6552E-001   2.3680E+000  
 2.5963E-001   4.4600E-001  -8.9462E-001   9.5813E-002  -8.4285E-002  -6.3624E-002   2.9936E-003  -1.4878E-003  -1.5244E-003   6.2073E-003   7.0019E-002  -9.4850E-003  -1.2661E-002   1.0524E-002   7.8864E-003  -7.6631E-003   1.5395E-002  -1.2945E-003   5.1373E-004  -1.6109E-001   8.0164E-002  -2.3872E-002   9.5983E-001   2.4553E+000  
 6.3082E-001   4.2562E-001  -1.2793E+000   1.3575E-001  -1.0761E-001  -1.4394E-001   9.5574E-003  -3.2381E-003  -1.1378E-002   1.5623E-002   5.8162E-002  -2.3706E-002  -1.7687E-002   1.5632E-002   2.0819E-002  -6.9419E-003   2.1194E-002  -3.5821E-003   2.9855E-003  -2.3995E-001   7.9636E-002  -2.1052E-002   9.5118E-001   2.5291E+000  
 1.1034E+000   3.9543E-001  -1.5841E+000   1.7262E-001  -1.0899E-001  -2.0490E-001   2.4572E-002  -6.1329E-003  -3.3123E-002   3.0293E-002   4.0784E-002  -3.9535E-002  -2.1163E-002   2.0462E-002   3.8614E-002  -5.7845E-003   2.3209E-002  -7.3634E-003   7.9240E-003  -3.1742E-001   7.8961E-002  -1.8496E-002   9.4116E-001   2.5947E+000  
 1.6361E+000   3.5449E-001  -1.7751E+000   1.8667E-001  -7.9623E-002  -1.9359E-001   4.7816E-002  -9.1573E-003  -6.9904E-002   4.8023E-002   1.0894E-002  -4.8780E-002  -1.9388E-002   2.2784E-002   5.7053E-002  -2.3302E-003   1.5325E-002  -1.6474E-002   1.9479E-002  -3.8823E-001   7.6993E-002  -1.9748E-002   9.2780E-001   2.6363E+000  
 2.1766E+000   3.0156E-001  -1.7990E+000   1.6255E-001  -1.2255E-002  -5.0479E-002   8.8844E-002  -1.2104E-002  -1.2844E-001   6.6153E-002  -2.9271E-002  -4.9858E-002  -1.0591E-002   2.0017E-002   6.8636E-002   2.8702E-003   5.9227E-003  -3.4557E-002   3.8502E-002  -4.4125E-001   7.1099E-002  -1.4945E-002   9.1069E-001   2.6200E+000  
 2.6742E+000   2.3959E-001  -1.6113E+000   6.8200E-002   1.1057E-001   3.0489E-001   1.4349E-001  -9.6834E-003  -2.0966E-001   6.8687E-002  -8.8849E-002  -2.6627E-002   1.4284E-002   7.3199E-003   5.2125E-002   1.0231E-002  -1.3412E-002  -7.1810E-002   7.1422E-002  -4.5651E-001   6.2092E-002  -6.5472E-003   8.8808E-001   2.5013E+000  
 2.6480E+000  -1.3652E-002   1.6387E+000   8.4750E-002   2.9494E-002   2.6634E-001  -1.5225E-001  -1.5110E-002   2.3599E-001   3.3258E-002  -8.1549E-002  -4.3550E-002   3.0288E-002  -1.2245E-002   6.2216E-002  -1.2072E-002   9.8218E-003   5.2150E-002  -5.4112E-002   4.6316E-001   4.4666E-003  -1.3263E-002   8.8973E-001   2.5302E+000  
 2.1336E+000  -4.0691E-003   1.8255E+000   1.7113E-001   8.2099E-003  -7.8420E-002  -8.9824E-002  -4.7405E-003   1.4178E-001   4.4094E-003  -2.3680E-002  -5.9683E-002   1.0755E-002  -5.0651E-003   7.5410E-002  -6.8200E-003  -1.3008E-002   2.1170E-002  -3.0655E-002   4.4628E-001   2.2639E-003  -1.2372E-002   9.1295E-001   2.6184E+000  
 1.5823E+000  -4.8662E-004   1.7957E+000   1.9058E-001   1.1669E-003  -2.1939E-001  -4.8350E-002  -5.6900E-004   7.8300E-002  -3.3961E-003   1.6158E-002  -5.6020E-002   1.1032E-003  -1.6931E-003   6.2424E-002  -1.0683E-003  -2.2699E-002   5.9819E-003  -1.6021E-002   3.9067E-001   8.9736E-004  -1.4462E-002   9.2948E-001   2.6193E+000  
 1.0391E+000   1.9524E-004   1.6019E+000   1.6882E-001   2.7795E-004  -2.2834E-001  -2.2667E-002  -2.8222E-004   3.8053E-002  -2.7375E-003   4.3044E-002  -4.2475E-002  -7.4673E-004  -5.0854E-004   4.1659E-002   4.4305E-004  -2.4003E-002   2.2431E-003  -7.6918E-003   3.1779E-001   3.6429E-004  -1.8480E-002   9.4262E-001   2.5708E+000  
 5.5918E-001   3.3098E-005   1.2919E+000   1.2845E-001   1.3725E-004  -1.6754E-001  -8.7313E-003  -5.8705E-005   1.5397E-002  -1.0276E-003   6.0837E-002  -2.6723E-002  -1.6937E-004  -1.5236E-004   2.3608E-002   7.1690E-005  -2.1229E-002   7.2094E-004  -3.1651E-003   2.4018E-001   2.2090E-004  -2.1896E-002   9.5270E-001   2.5028E+000  
 1.8204E-001   3.0660E-006   9.0256E-001   8.6556E-002   1.1871E-004  -8.7171E-002  -2.3236E-003  -2.8786E-006   4.4303E-003  -2.9340E-004   7.2190E-002  -1.2796E-002  -6.9098E-005  -3.7528E-005   1.0537E-002  -1.0920E-005  -1.5694E-002   1.6846E-004  -9.3282E-004   1.6123E-001   1.3317E-004  -2.4395E-002   9.6170E-001   2.4275E+000  
-5.9815E-002   5.5716E-006   4.6162E-001   5.5868E-002   1.2374E-004  -2.3565E-002  -2.0142E-004  -7.0645E-007   5.3621E-004  -4.0182E-005   7.8510E-002  -3.3130E-003  -7.1327E-005  -9.3841E-006   2.6127E-003  -4.8206E-006  -8.2740E-003   7.8549E-006  -1.1847E-004   8.0679E-002   6.5177E-005  -2.5948E-002   9.6742E-001   2.3394E+000  
-1.4223E-001   6.9450E-006   1.4247E-005   4.4810E-002   1.2395E-004  -1.7580E-006  -2.8076E-007   2.3398E-007   6.6659E-007   1.3313E-007   8.0513E-002  -9.6542E-007  -7.2722E-005  -5.6535E-006  -1.0102E-005   1.2599E-007  -9.2383E-007  -1.7735E-006  -1.4036E-006   7.7254E-007  -1.5085E-007  -2.6466E-002   9.6933E-001   2.2456E+000  
-5.9814E-002   8.2380E-006  -4.6159E-001   5.5868E-002   1.2391E-004  -2.3566E-002   2.0142E-004   1.0705E-006  -5.3522E-004   4.0419E-005   7.8510E-002  -3.3141E-003  -7.1333E-005  -8.2621E-006   2.6125E-003   4.8964E-006   8.2728E-003  -1.1457E-005   1.1534E-004  -8.0677E-002  -6.5102E-005  -2.5947E-002   9.6742E-001   2.3394E+000  
 1.8204E-001   1.0741E-005  -9.0253E-001   8.6556E-002   1.1931E-004  -8.7172E-002   2.3234E-003   3.1272E-006  -4.4291E-003   2.9372E-004   7.2190E-002  -1.2797E-002  -6.8840E-005  -3.6227E-005   1.0536E-002   1.0874E-005   1.5692E-002  -1.7189E-004   9.3011E-004  -1.6123E-001  -1.3318E-004  -2.4394E-002   9.6170E-001   2.4276E+000  
 5.5918E-001  -1.9282E-005  -1.2919E+000   1.2845E-001   1.3802E-004  -1.6754E-001   8.7306E-003   5.8774E-005  -1.5395E-002   1.0280E-003   6.0836E-002  -2.6724E-002  -1.6907E-004  -1.5105E-004   2.3607E-002  -7.1944E-005   2.1226E-002  -7.2424E-004   3.1632E-003  -2.4018E-001  -2.2137E-004  -2.1895E-002   9.5270E-001   2.5028E+000  
 1.0391E+000  -1.8129E-004  -1.6019E+000   1.6882E-001   2.7865E-004  -2.2834E-001   2.2667E-002   2.8231E-004  -3.8052E-002   2.7381E-003   4.3043E-002  -4.2476E-002  -7.4671E-004  -5.0695E-004   4.1657E-002  -4.4327E-004   2.4001E-002  -2.2460E-003   7.6895E-003  -3.1779E-001  -3.6455E-004  -1.8480E-002   9.4262E-001   2.5707E+000  
 1.5823E+000   5.0070E-004  -1.7956E+000   1.9058E-001   1.1679E-003  -2.1939E-001   4.8350E-002   5.6898E-004  -7.8300E-002   3.3972E-003   1.6157E-002  -5.6021E-002   1.1034E-003  -1.6910E-003   6.2424E-002   1.0681E-003   2.2698E-002  -5.9841E-003   1.6017E-002  -3.9067E-001  -8.9705E-004  -1.4462E-002   9.2948E-001   2.6193E+000  
 2.1336E+000   4.0837E-003  -1.8255E+000   1.7112E-001   8.2117E-003  -7.8421E-002   8.9824E-002   4.7407E-003  -1.4179E-001  -4.4085E-003  -2.3682E-002  -5.9683E-002   1.0756E-002  -5.0618E-003   7.5410E-002   6.8204E-003   1.3007E-002  -2.1173E-002   3.0650E-002  -4.4628E-001  -2.2624E-003  -1.2374E-002   9.1296E-001   2.6183E+000  
 2.6480E+000   1.3668E-002  -1.6386E+000   8.4743E-002   2.9497E-002   2.6635E-001   1.5225E-001   1.5111E-002  -2.3600E-001  -3.3260E-002  -8.1554E-002  -4.3548E-002   3.0292E-002  -1.2242E-002   6.2214E-002   1.2074E-002  -9.8268E-003  -5.2154E-002   5.4108E-002  -4.6316E-001  -4.4649E-003  -1.3267E-002   8.8973E-001   2.5302E+000  
 2.6742E+000  -2.3957E-001   1.6114E+000   6.8209E-002   1.1057E-001   3.0488E-001  -1.4349E-001   9.6863E-003   2.0966E-001  -6.8690E-002  -8.8843E-002  -2.6630E-002   1.4278E-002   7.3159E-003   5.2128E-002  -1.0228E-002   1.3405E-002   7.1805E-002  -7.1426E-002   4.5651E-001  -6.2090E-002  -6.5422E-003   8.8808E-001   2.5013E+000  
 2.1766E+000  -3.0155E-001   1.7990E+000   1.6256E-001  -1.2258E-002  -5.0478E-002  -8.8845E-002   1.2105E-002   1.2843E-001  -6.6153E-002  -2.9268E-002  -4.9858E-002  -1.0594E-002   2.0013E-002   6.8636E-002  -2.8688E-003  -5.9254E-003   3.4553E-002  -3.8507E-002   4.4125E-001  -7.1098E-002  -1.4942E-002   9.1068E-001   2.6200E+000  
 1.6361E+000  -3.5448E-001   1.7751E+000   1.8667E-001  -7.9625E-002  -1.9359E-001  -4.7816E-002   9.1585E-003   6.9904E-002  -4.8022E-002   1.0896E-002  -4.8779E-002  -1.9390E-002   2.2781E-002   5.7052E-002   2.3311E-003  -1.5326E-002   1.6471E-002  -1.9483E-002   3.8823E-001  -7.6992E-002  -1.9746E-002   9.2780E-001   2.6364E+000  
 1.1034E+000  -3.9542E-001   1.5842E+000   1.7262E-001  -1.0899E-001  -2.0490E-001  -2.4572E-002   6.1336E-003   3.3124E-002  -3.0293E-002   4.0785E-002  -3.9534E-002  -2.1165E-002   2.0460E-002   3.8614E-002   5.7846E-003  -2.3211E-002   7.3605E-003  -7.9269E-003   3.1742E-001  -7.8961E-002  -1.8496E-002   9.4116E-001   2.5948E+000  
 6.3082E-001  -4.2560E-001   1.2793E+000   1.3575E-001  -1.0761E-001  -1.4394E-001  -9.5579E-003   3.2384E-003   1.1379E-002  -1.5623E-002   5.8162E-002  -2.3705E-002  -1.7688E-002   1.5631E-002   2.0819E-002   6.9417E-003  -2.1196E-002   3.5791E-003  -2.9876E-003   2.3995E-001  -7.9637E-002  -2.1052E-002   9.5118E-001   2.5291E+000  
 2.5963E-001  -4.4599E-001   8.9465E-001   9.5814E-002  -8.4286E-002  -6.3623E-002  -2.9937E-003   1.4882E-003   1.5257E-003  -6.2069E-003   7.0019E-002  -9.4843E-003  -1.2662E-002   1.0523E-002   7.8867E-003   7.6630E-003  -1.5397E-002   1.2912E-003  -5.1625E-004   1.6109E-001  -8.0165E-002  -2.3872E-002   9.5983E-001   2.4553E+000  
 2.1388E-002  -4.5778E-001   4.5780E-001   6.6477E-002  -4.5749E-002  -2.5872E-006  -5.1492E-004   5.0902E-004  -1.0142E-003  -1.0214E-003   7.6466E-002  -1.8498E-006  -6.6155E-003   5.2525E-003  -7.0828E-006   8.1195E-003  -8.1318E-003   1.5957E-004   1.7158E-004   8.0638E-002  -8.0523E-002  -2.5425E-002   9.6552E-001   2.3680E+000  
-5.9814E-002  -4.6160E-001   9.6811E-006   5.5868E-002   1.2284E-004   2.3561E-002  -6.0803E-006   2.0170E-004  -3.2086E-005   5.3540E-004   7.8510E-002   3.3110E-003  -7.2689E-005  -5.5218E-006  -2.6350E-003   8.2733E-003  -7.7233E-006  -1.1942E-004   2.1349E-005   5.8897E-005  -8.0688E-002  -2.5948E-002   9.6742E-001   2.3462E+000  
 2.1385E-002  -4.5778E-001  -4.5778E-001   6.6467E-002   4.5996E-002  -2.3758E-006   5.0551E-004   5.1137E-004   1.1617E-003  -1.1538E-003   7.6461E-002  -1.7588E-006   6.4706E-003  -5.2536E-003  -1.5977E-005   8.1301E-003   8.1188E-003   2.8672E-004  -2.7727E-004  -8.0521E-002  -8.0653E-002  -2.5438E-002   9.6552E-001   2.3698E+000  
 2.5962E-001  -4.4598E-001  -8.9462E-001   9.5791E-002   8.4534E-002  -6.3610E-002   2.9865E-003   1.4942E-003  -7.3270E-004  -6.0469E-003   7.0002E-002  -9.4845E-003   1.2521E-002  -1.0527E-002   7.9393E-003   7.6844E-003   1.5387E-002   1.2446E-003  -2.9301E-005  -1.6098E-001  -8.0415E-002  -2.3905E-002   9.5983E-001   2.4399E+000  
 6.3109E-001  -4.2563E-001  -1.2796E+000   1.3522E-001   1.0791E-001  -1.4411E-001   1.0147E-002   3.3193E-003  -9.3104E-003  -1.4184E-002   5.8728E-002  -2.3105E-002   1.7364E-002  -1.5767E-002   2.1099E-002   6.8745E-003   2.0324E-002   2.4911E-003   1.2578E-003  -2.3990E-001  -8.0020E-002  -2.1773E-002   9.5118E-001   2.4924E+000  
 1.1030E+000  -3.9540E-001  -1.5841E+000   1.7317E-001   1.0925E-001  -2.0496E-001   2.4117E-002   6.0224E-003  -2.9125E-002  -2.5880E-002   3.9833E-002  -3.8800E-002   2.0583E-002  -2.1139E-002   3.9471E-002   5.9020E-003   2.3595E-002   3.9382E-003   4.6396E-003  -3.1754E-001  -7.9557E-002  -1.7477E-002   9.4116E-001   2.5331E+000  
 1.6379E+000  -3.5246E-001  -1.7684E+000   1.9501E-001   8.3388E-002  -1.9868E-001   5.3410E-002   1.1018E-002  -6.8576E-002  -4.4811E-002   1.4791E-002  -5.6315E-002   2.4283E-002  -2.5545E-002   5.9791E-002   6.3040E-003   2.8079E-002   2.7331E-003   9.0680E-003  -3.8946E-001  -7.8374E-002  -8.6097E-003   9.2819E-001   2.5814E+000  
 2.1796E+000  -2.9531E-001  -1.7900E+000   1.7116E-001   2.5781E-002  -6.0604E-002   9.6745E-002   1.8750E-002  -1.3260E-001  -7.4580E-002  -2.6214E-002  -6.2208E-002   2.7794E-002  -2.8744E-002   7.5237E-002   6.6861E-003   1.6997E-002  -3.9658E-003   1.8249E-002  -4.4421E-001  -7.4646E-002  -9.8477E-003   9.1106E-001   2.5989E+000  
 2.6897E+000  -2.1649E-001  -1.5870E+000   8.2892E-002  -5.7423E-002   2.7196E-001   1.6900E-001   3.4777E-002  -2.3533E-001  -1.3249E-001  -8.3828E-002  -5.3150E-002   3.7426E-002  -2.8999E-002   6.5929E-002   6.8299E-003  -1.0027E-002  -2.5413E-002   3.0724E-002  -4.6196E-001  -6.9198E-002  -2.0088E-002   8.8778E-001   2.5443E+000  
 2.7705E+000  -4.2549E-001   1.4938E+000   4.0958E-002   2.3087E-001   3.7765E-001  -1.5154E-001   4.5289E-002   1.5237E-001  -1.7521E-001  -1.0114E-001  -6.9557E-003  -8.5047E-003   2.4282E-002   3.6939E-002  -2.7861E-003   1.3407E-002   8.2824E-002  -8.3304E-002   4.4198E-001  -1.2628E-001   1.5085E-003   8.8266E-001   2.4651E+000  
 2.3028E+000  -5.6858E-001   1.7105E+000   1.4219E-001   9.9781E-003   2.0095E-002  -9.1043E-002   3.2847E-002   8.6729E-002  -1.3112E-001  -4.4895E-002  -2.9192E-002  -2.8242E-002   4.3047E-002   5.1567E-002   1.0218E-003   5.4070E-003   4.8397E-002  -4.5649E-002   4.2854E-001  -1.4464E-001  -1.6461E-002   9.0537E-001   2.5949E+000  
 1.7955E+000  -6.7999E-001   1.7024E+000   1.8476E-001  -1.2631E-001  -1.2891E-001  -5.3913E-002   2.3281E-002   4.1531E-002  -9.0581E-002   3.2676E-004  -3.6544E-002  -3.9428E-002   4.6018E-002   4.6321E-002   6.9363E-003  -1.1303E-002   2.3895E-002  -1.9882E-002   3.8292E-001  -1.5308E-001  -1.8747E-002   9.2307E-001   2.6368E+000  
 1.2906E+000  -7.6602E-001   1.5295E+000   1.8255E-001  -1.8936E-001  -1.4162E-001  -2.9707E-002   1.5072E-002   1.3457E-002  -5.4356E-002   3.2084E-002  -3.0362E-002  -3.9454E-002   4.1915E-002   3.0457E-002   1.0355E-002  -2.1582E-002   1.1185E-002  -4.8972E-003   3.1650E-001  -1.5837E-001  -1.6769E-002   9.3698E-001   2.6090E+000  
 8.4124E-001  -8.2834E-001   1.2410E+000   1.5408E-001  -1.9369E-001  -8.0359E-002  -1.3323E-002   9.2580E-003  -3.3576E-003  -2.6560E-002   5.1065E-002  -1.4381E-002  -3.3179E-002   3.1566E-002   1.2836E-002   1.2404E-002  -1.9450E-002   5.0805E-003  -7.0030E-004   2.3928E-001  -1.5950E-001  -2.0016E-002   9.4680E-001   2.5413E+000  
 4.8716E-001  -8.7027E-001   8.7028E-001   1.2098E-001  -1.5407E-001  -4.1394E-006  -5.1929E-003   5.1843E-003  -8.5030E-003  -8.5124E-003   6.3303E-002  -3.8699E-006  -2.4143E-002   2.1164E-002   6.1430E-006   1.4340E-002  -1.4358E-002   1.3924E-003   1.4081E-003   1.6058E-001  -1.6036E-001  -2.2498E-002   9.5426E-001   2.4664E+000  
 2.5963E-001  -8.9463E-001   4.4600E-001   9.5812E-002  -8.4287E-002   6.3617E-002  -1.4990E-003   2.9909E-003  -6.1952E-003   1.5206E-003   7.0017E-002   9.4790E-003  -1.2663E-002   1.0535E-002  -7.8909E-003   1.5389E-002  -7.6841E-003  -5.2560E-004   1.3109E-003   8.0400E-002  -1.6099E-001  -2.3874E-002   9.5983E-001   2.4525E+000  
 1.8204E-001  -9.0254E-001   7.1684E-006   8.6555E-002   1.1778E-004   8.7166E-002  -9.7506E-006   2.3258E-003  -2.7961E-004   4.4305E-003   7.2188E-002   1.2793E-002  -7.0792E-005  -2.2154E-005  -1.0558E-002   1.5695E-002  -1.1377E-005  -9.3303E-004   1.9206E-004   1.1252E-004  -1.6125E-001  -2.4397E-002   9.6170E-001   2.4360E+000  
 2.5962E-001  -8.9463E-001  -4.4598E-001   9.5791E-002   8.4533E-002   6.3604E-002   1.4824E-003   2.9923E-003   6.0596E-003   7.4147E-004   7.0002E-002   9.4795E-003   1.2520E-002  -1.0516E-002  -7.9771E-003   1.5398E-002   7.6632E-003   3.9614E-005  -1.2250E-003  -8.0160E-002  -1.6112E-001  -2.3905E-002   9.5983E-001   2.4362E+000  
 4.8703E-001  -8.7017E-001  -8.7017E-001   1.2115E-001   1.5426E-001  -2.8125E-006   5.0101E-003   5.0213E-003   9.7108E-003  -9.6996E-003   6.3011E-002  -2.3562E-006   2.4217E-002  -2.0978E-002  -2.6532E-005   1.4610E-002   1.4591E-002   2.3369E-003  -2.3186E-003  -1.6032E-001  -1.6059E-001  -2.2257E-002   9.5427E-001   2.4892E+000  
 8.4110E-001  -8.2794E-001  -1.2410E+000   1.5423E-001   1.9368E-001  -8.0626E-002   1.3401E-002   8.5786E-003   7.2698E-003  -2.7297E-002   5.0778E-002  -1.3471E-002   3.3894E-002  -3.1194E-002   1.3197E-002   1.3448E-002   1.9282E-002   5.8132E-003  -2.8286E-003  -2.3907E-001  -1.5975E-001  -1.9874E-002   9.4680E-001   2.5392E+000  
 1.2903E+000  -7.6561E-001  -1.5295E+000   1.8289E-001   1.8942E-001  -1.4174E-001   2.9472E-002   1.4566E-002  -5.8460E-003  -5.3007E-002   3.1411E-002  -2.9038E-002   4.0019E-002  -4.1539E-002   3.1904E-002   1.1277E-002   2.1612E-002   1.0320E-002  -9.9281E-004  -3.1654E-001  -1.5863E-001  -1.6229E-002   9.3698E-001   2.5788E+000  
 1.7976E+000  -6.7939E-001  -1.6943E+000   1.9350E-001   1.2779E-001  -1.3775E-001   6.1306E-002   2.2773E-002  -4.1282E-002  -9.0382E-002   4.5553E-003  -4.8770E-002   4.1824E-002  -4.6271E-002   5.1825E-002   7.8593E-003   2.5851E-002   1.4300E-002  -2.5428E-003  -3.8494E-001  -1.5282E-001  -8.1763E-003   9.2350E-001   2.5835E+000  
 2.3117E+000  -5.6533E-001  -1.6886E+000   1.6077E-001   5.1769E-004  -7.3857E-003   1.1260E-001   3.5093E-002  -1.0483E-001  -1.4603E-001  -3.6014E-002  -6.1794E-002   4.0158E-002  -4.7104E-002   6.5103E-002   3.3855E-003   1.8624E-002   1.3227E-002  -3.0640E-003  -4.3395E-001  -1.4505E-001  -8.5478E-003   9.0596E-001   2.5693E+000  
 2.7900E+000  -4.2019E-001  -1.4632E+000   4.9906E-002  -2.0254E-001   3.1813E-001   1.8522E-001   5.1011E-002  -2.0955E-001  -2.2503E-001  -1.0151E-001  -5.1855E-002   2.8216E-002  -3.7254E-002   6.3184E-002  -7.2903E-003  -2.1890E-002   9.3981E-003  -1.9358E-005  -4.5063E-001  -1.2847E-001  -2.8729E-002   8.8172E-001   2.5392E+000  
 2.7229E+000  -6.0436E-001   1.5911E+000  -2.0857E-001   5.7952E-001   7.5125E-001   6.4091E-002   3.8494E-002  -1.6776E-001  -8.2640E-002  -1.8493E-001   1.8674E-001   5.8647E-002  -1.0454E-001  -1.9960E-001  -1.3685E-002   6.8990E-002   1.6908E-001  -1.8307E-001   2.3275E-001  -1.3110E-001   9.8052E-003   8.3268E-001   2.4814E+000  
 2.5017E+000  -7.6334E-001   1.5473E+000   1.1371E-001   1.0766E-001   1.0531E-001  -1.0719E-001   6.5417E-002   1.5050E-002  -1.9697E-001  -6.4737E-002  -7.6542E-003  -4.6647E-002   5.8295E-002   3.1893E-002   6.1584E-003   1.0055E-002   5.3266E-002  -4.9653E-002   4.1055E-001  -2.0878E-001  -1.2634E-002   8.9691E-001   2.5619E+000  
 2.0422E+000  -9.4043E-001   1.5748E+000   1.7815E-001  -1.0419E-001  -4.7704E-002  -6.7595E-002   4.5472E-002  -9.6291E-003  -1.2857E-001  -1.6074E-002  -2.0199E-002  -5.7509E-002   6.6947E-002   3.0550E-002   1.2830E-002  -9.8946E-003   2.7206E-002  -1.7648E-002   3.7445E-001  -2.2625E-001  -1.2705E-002   9.1569E-001   2.6245E+000  
 1.5806E+000  -1.0761E+000   1.4345E+000   1.9303E-001  -2.1262E-001  -6.1268E-002  -3.9684E-002   3.0256E-002  -2.4309E-002  -7.2724E-002   1.7449E-002  -1.5864E-002  -5.6240E-002   6.1171E-002   1.7152E-002   1.6282E-002  -2.0916E-002   1.1705E-002  -1.0809E-004   3.1297E-001  -2.3465E-001  -1.1025E-002   9.2977E-001   2.6096E+000  
 1.1674E+000  -1.1749E+000   1.1749E+000   1.7695E-001  -2.3483E-001  -6.4428E-006  -1.9461E-002   1.9447E-002  -3.0241E-002  -3.0257E-002   3.7074E-002  -5.8232E-006  -4.5803E-002   4.7519E-002   2.6341E-005   1.7180E-002  -1.7202E-002   4.6221E-003   4.6436E-003   2.3825E-001  -2.3791E-001  -1.6893E-002   9.3978E-001   2.5499E+000  
 8.4124E-001  -1.2410E+000   8.2835E-001   1.5408E-001  -1.9370E-001   8.0350E-002  -9.2692E-003   1.3315E-002  -2.6543E-002  -3.3667E-003   5.1062E-002   1.4372E-002  -3.3180E-002   3.1584E-002  -1.2807E-002   1.9435E-002  -1.2427E-002  -7.1692E-004   5.1015E-003   1.5984E-001  -2.3906E-001  -2.0015E-002   9.4680E-001   2.5394E+000  
 6.3082E-001  -1.2793E+000   4.2561E-001   1.3575E-001  -1.0762E-001   1.4393E-001  -3.2538E-003   9.5561E-003  -1.5605E-002   1.1375E-002   5.8161E-002   2.3699E-002  -1.7691E-002   1.5661E-002  -2.0813E-002   2.1189E-002  -6.9693E-003  -2.9960E-003   3.6058E-003   7.9990E-002  -2.3986E-001  -2.1055E-002   9.5119E-001   2.5315E+000  
 5.5918E-001  -1.2919E+000  -2.8115E-005   1.2845E-001   1.3588E-004   1.6753E-001   4.0318E-005   8.7331E-003  -1.0124E-003   1.5399E-002   6.0835E-002   2.6720E-002  -1.7293E-004  -1.1619E-004  -2.3625E-002   2.1231E-002  -1.0407E-004  -3.1648E-003   7.4982E-004   1.4426E-004  -2.4021E-001  -2.1898E-002   9.5270E-001   2.5107E+000  
 6.3109E-001  -1.2796E+000  -4.2564E-001   1.3522E-001   1.0791E-001   1.4411E-001   3.3004E-003   1.0154E-002   1.4198E-002   9.3191E-003   5.8728E-002   2.3103E-002   1.7361E-002  -1.5734E-002  -2.1143E-002   2.0337E-002   6.8421E-003  -1.2503E-003  -2.4662E-003  -7.9644E-002  -2.4005E-001  -2.1773E-002   9.5118E-001   2.4939E+000  
 8.4110E-001  -1.2411E+000  -8.2794E-001   1.5423E-001   1.9368E-001   8.0622E-002   8.5638E-003   1.3414E-002   2.7310E-002  -7.2592E-003   5.0781E-002   1.3468E-002   3.3892E-002  -3.1173E-002  -1.3265E-002   1.9300E-002   1.3421E-002   2.8475E-003  -5.7882E-003  -1.5937E-001  -2.3935E-001  -1.9875E-002   9.4680E-001   2.5332E+000  
 1.1677E+000  -1.1749E+000  -1.1749E+000   1.7632E-001   2.3494E-001  -1.5600E-007   1.9697E-002   1.9714E-002   3.4886E-002  -3.4874E-002   3.7857E-002  -1.2466E-006   4.6740E-002  -4.6307E-002  -4.5535E-005   1.7022E-002   1.7000E-002   8.4515E-003  -8.4234E-003  -2.3770E-001  -2.3809E-001  -1.8084E-002   9.3980E-001   2.5852E+000  
 1.5796E+000  -1.0788E+000  -1.4373E+000   1.8807E-001   2.0921E-001  -6.1546E-002   3.7450E-002   2.7625E-002   3.0774E-002  -7.3468E-002   1.5101E-002  -1.5445E-002   5.1337E-002  -5.8411E-002   1.8821E-002   1.0962E-002   1.5405E-002   1.8192E-002  -1.1366E-002  -3.1250E-001  -2.3390E-001  -1.7952E-002   9.2956E-001   2.6151E+000  
 2.0423E+000  -9.4622E-001  -1.5710E+000   1.7837E-001   9.7401E-002  -5.9930E-002   7.2108E-002   3.8257E-002   3.1848E-003  -1.2930E-001  -1.5789E-002  -3.6431E-002   4.8512E-002  -6.2187E-002   3.7619E-002   2.8963E-003   1.6451E-002   2.8221E-002  -2.0471E-002  -3.7563E-001  -2.2371E-001  -1.2433E-002   9.1570E-001   2.6031E+000  
 2.5075E+000  -7.7422E-001  -1.5283E+000   1.2244E-001  -1.1748E-001   6.3755E-002   1.2754E-001   5.1984E-002  -5.8125E-002  -2.0560E-001  -6.0826E-002  -5.2991E-002   3.4422E-002  -5.2917E-002   5.0864E-002  -7.8791E-003   6.5619E-003   3.8405E-002  -3.2885E-002  -4.1566E-001  -2.0445E-001  -1.3211E-002   8.9703E-001   2.5462E+000  
 3.1285E+000  -4.9173E-001  -9.6595E-001   1.7636E-001  -3.1503E-001   1.0037E-001   4.3317E-001   1.1962E-001  -3.8484E-001  -5.0010E-001  -7.3933E-002  -2.0980E-001   8.2841E-002   1.0681E-001  -1.5858E-001  -1.1979E-002   9.1722E-003  -2.8542E-002  -1.3088E-001  -2.4344E-001  -1.2599E-001  -3.8469E-002   8.3176E-001   2.4915E+000  
 2.6421E+000   1.1798E+000   2.7281E+000  -3.7767E-001  -7.7647E-001   4.2315E+000   4.8201E-001   8.1297E-001  -4.3199E+000  -7.6287E-002  -2.2195E-001   9.5785E-001  -3.9371E-001  -2.7368E+000  -1.7626E+000   1.0133E-002   1.1540E-001   1.2169E-001  -5.5312E-001  -1.1871E+000   6.4078E-001  -1.7001E-002   4.1944E-001   2.2155E+000  
 2.7518E+000  -8.5206E-001   1.3058E+000   5.8008E-002   3.2004E-001   1.6892E-001  -1.3716E-001   1.1085E-001  -8.9922E-002  -2.6223E-001  -9.5929E-002   1.1271E-002  -5.4866E-002   6.3652E-002   1.1468E-002  -6.8072E-004   2.0354E-002   4.9374E-002  -4.5787E-002   3.8517E-001  -2.6125E-001  -1.8427E-002   8.8421E-001   2.5277E+000  
 2.3521E+000  -1.1025E+000   1.3858E+000   1.5300E-001   1.7182E-002   1.2642E-002  -9.1591E-002   7.9333E-002  -8.7932E-002  -1.6404E-001  -4.1088E-002  -5.4609E-003  -7.0712E-002   7.8472E-002   1.3697E-002   1.2937E-002  -7.5268E-003   2.0882E-002  -1.1552E-002   3.5841E-001  -2.8740E-001  -1.0404E-002   9.0423E-001   2.5999E+000  
 1.9452E+000  -1.2958E+000   1.2958E+000   1.8859E-001  -1.5142E-001   2.0333E-006  -5.4367E-002   5.4369E-002  -8.2551E-002  -8.2559E-002  -6.2627E-003  -3.4059E-006  -6.6764E-002   7.5904E-002   4.9142E-005   1.7328E-002  -1.7349E-002   7.4219E-003   7.4205E-003   3.0446E-001  -3.0401E-001  -7.9262E-003   9.1919E-001   2.5931E+000  
 1.5806E+000  -1.4345E+000   1.0761E+000   1.9301E-001  -2.1261E-001   6.1257E-002  -3.0269E-002   3.9676E-002  -7.2695E-002  -2.4315E-002   1.7452E-002   1.5848E-002  -5.6231E-002   6.1212E-002  -1.7073E-002   2.0882E-002  -1.6297E-002  -1.1170E-004   1.1738E-002   2.3512E-001  -3.1266E-001  -1.1045E-002   9.2979E-001   2.6029E+000  
 1.2906E+000  -1.5295E+000   7.6603E-001   1.8255E-001  -1.8936E-001   1.4161E-001  -1.5086E-002   2.9700E-002  -5.4334E-002   1.3448E-002   3.2078E-002   3.0346E-002  -3.9456E-002   4.1960E-002  -3.0408E-002   2.1565E-002  -1.0386E-002  -4.9109E-003   1.1207E-002   1.5883E-001  -3.1629E-001  -1.6772E-002   9.3698E-001   2.6098E+000  
 1.1034E+000  -1.5842E+000   3.9542E-001   1.7262E-001  -1.0900E-001   2.0489E-001  -6.1581E-003   2.4570E-002  -3.0272E-002   3.3124E-002   4.0785E-002   3.9529E-002  -2.1163E-002   2.0517E-002  -3.8596E-002   2.3200E-002  -5.8087E-003  -7.9374E-003   7.3859E-003   7.9433E-002  -3.1733E-001  -1.8505E-002   9.4116E-001   2.5978E+000  
 1.0391E+000  -1.6019E+000  -1.9346E-004   1.6882E-001   2.7475E-004   2.2833E-001   2.6218E-004   2.2669E-002  -2.7198E-003   3.8060E-002   4.3042E-002   4.2471E-002  -7.5487E-004  -4.4490E-004  -4.1672E-002   2.4003E-002  -4.8150E-004  -7.6917E-003   2.2760E-003   1.2005E-004  -3.1782E-001  -1.8484E-002   9.4262E-001   2.5740E+000  
 1.1030E+000  -1.5841E+000  -3.9541E-001   1.7318E-001   1.0925E-001   2.0496E-001   5.9967E-003   2.4124E-002   2.5895E-002   2.9134E-002   3.9831E-002   3.8796E-002   2.0584E-002  -2.1077E-002  -3.9520E-002   2.3610E-002   5.8746E-003  -4.6323E-003  -3.9111E-003  -7.9062E-002  -3.1769E-001  -1.7474E-002   9.4117E-001   2.5457E+000  
 1.2903E+000  -1.5295E+000  -7.6562E-001   1.8290E-001   1.8942E-001   1.4174E-001   1.4547E-002   2.9483E-002   5.3018E-002   5.8601E-003   3.1414E-002   2.9043E-002   4.0015E-002  -4.1489E-002  -3.1986E-002   2.1635E-002   1.1243E-002   1.0068E-003  -1.0293E-002  -1.5813E-001  -3.1682E-001  -1.6226E-002   9.3698E-001   2.5697E+000  
 1.5796E+000  -1.4373E+000  -1.0788E+000   1.8809E-001   2.0922E-001   6.1546E-002   2.7611E-002   3.7467E-002   7.3487E-002  -3.0770E-002   1.5101E-002   1.5452E-002   5.1350E-002  -5.8402E-002  -1.8927E-002   1.5454E-002   1.0950E-002   1.1377E-002  -1.8143E-002  -2.3341E-001  -3.1291E-001  -1.7922E-002   9.2958E-001   2.6126E+000  
 1.9427E+000  -1.3020E+000  -1.3020E+000   1.7910E-001   1.4152E-001  -3.5609E-007   4.8979E-002   4.8988E-002   8.2225E-002  -8.2214E-002  -1.0281E-002   8.8610E-006   5.3041E-002  -6.8694E-002  -6.0173E-005   7.1458E-003   7.1096E-003   2.7737E-002  -2.7705E-002  -3.0197E-001  -3.0244E-001  -1.8083E-002   9.1874E-001   2.6189E+000  
 2.3441E+000  -1.1200E+000  -1.3948E+000   1.3819E-001  -4.5366E-002   1.4443E-003   8.3280E-002   6.0347E-002   6.5214E-002  -1.5145E-001  -4.8429E-002  -1.9275E-002   3.8367E-002  -6.4719E-002   2.0181E-002  -6.4284E-003   7.8529E-004   4.9696E-002  -4.5875E-002  -3.5673E-001  -2.8205E-001  -1.4794E-002   9.0383E-001   2.5680E+000  
 2.7443E+000  -8.8354E-001  -1.2991E+000   5.3219E-002  -3.6719E-001   1.1789E-001   1.4421E-001   7.6579E-002   9.8640E-003  -2.5021E-001  -9.6917E-002  -3.9741E-002   1.3330E-002  -4.4003E-002   3.1294E-002  -1.7541E-002  -6.8876E-003   6.8726E-002  -6.8809E-002  -3.8657E-001  -2.5324E-001  -8.9383E-003   8.8452E-001   2.4749E+000  
 3.3402E+000  -2.4652E+000   4.7773E-001  -3.4068E-002  -2.6196E+000  -3.1443E+000   7.4454E-001  -6.6314E-001  -4.3283E+000  -5.3781E-001  -1.8408E-001  -8.9499E-001  -5.0072E-001   2.7879E+000  -1.6699E+000  -9.6046E-002  -3.4739E-002   8.1766E-002  -5.5047E-001   1.1755E+000   6.5972E-001  -1.8359E-002   4.1950E-001   2.1235E+000  
 2.3521E+000  -1.3858E+000   1.1024E+000   1.5305E-001   1.7134E-002  -1.2634E-002  -7.9367E-002   9.1615E-002  -1.6408E-001  -8.7954E-002  -4.1073E-002   5.4671E-003  -7.0773E-002   7.8484E-002  -1.3600E-002   7.5559E-003  -1.2998E-002  -1.1573E-002   2.0820E-002   2.8797E-001  -3.5801E-001  -1.0374E-002   9.0430E-001   2.5929E+000  
 2.0422E+000  -1.5748E+000   9.4041E-001   1.7816E-001  -1.0422E-001   4.7674E-002  -4.5519E-002   6.7581E-002  -1.2856E-001  -9.6635E-003  -1.6067E-002   2.0171E-002  -5.7543E-002   6.6993E-002  -3.0456E-002   9.8880E-003  -1.2883E-002  -1.7698E-002   2.7207E-002   2.2682E-001  -3.7416E-001  -1.2696E-002   9.1575E-001   2.6213E+000  
 1.7955E+000  -1.7024E+000   6.7999E-001   1.8476E-001  -1.2632E-001   1.2890E-001  -2.3295E-002   5.3893E-002  -9.0569E-002   4.1526E-002   3.0769E-004   3.6529E-002  -3.9440E-002   4.6089E-002  -4.6280E-002   1.1288E-002  -6.9703E-003  -1.9898E-002   2.3898E-002   1.5363E-001  -3.8276E-001  -1.8753E-002   9.2310E-001   2.6389E+000  
 1.6361E+000  -1.7751E+000   3.5448E-001   1.8667E-001  -7.9639E-002   1.9358E-001  -9.1870E-003   4.7828E-002  -4.8011E-002   6.9901E-002   1.0910E-002   4.8775E-002  -1.9409E-002   2.2851E-002  -5.7028E-002   1.5325E-002  -2.3739E-003  -1.9507E-002   1.6486E-002   7.7548E-002  -3.8814E-001  -1.9748E-002   9.2778E-001   2.6381E+000  
 1.5823E+000  -1.7957E+000   4.9379E-004   1.9058E-001   1.1683E-003   2.1938E-001   5.4777E-004   4.8349E-002  -3.3659E-003   7.8306E-002   1.6155E-002   5.6012E-002   1.1070E-003  -1.5974E-003  -6.2414E-002   2.2693E-002   1.0438E-003  -1.6027E-002   6.0327E-003  -2.9943E-004  -3.9068E-001  -1.4471E-002   9.2947E-001   2.6225E+000  
 1.6379E+000  -1.7684E+000  -3.5247E-001   1.9501E-001   8.3376E-002   1.9867E-001   1.0991E-002   5.3400E-002   4.4818E-002   6.8592E-002   1.4775E-002   5.6304E-002   2.4268E-002  -2.5432E-002  -5.9843E-002   2.8078E-002   6.2646E-003  -9.0555E-003  -2.7084E-003  -7.7739E-002  -3.8961E-001  -8.6168E-003   9.2818E-001   2.5920E+000  
 1.7977E+000  -1.6943E+000  -6.7939E-001   1.9351E-001   1.2779E-001   1.3775E-001   2.2763E-002   6.1338E-002   9.0392E-002   4.1294E-002   4.5782E-003   4.8779E-002   4.1830E-002  -4.6190E-002  -5.1931E-002   2.5886E-002   7.8348E-003   2.5492E-003  -1.4266E-002  -1.5220E-001  -3.8524E-001  -8.1599E-003   9.2353E-001   2.5733E+000  
 2.0423E+000  -1.5710E+000  -9.4623E-001   1.7838E-001   9.7386E-002   5.9959E-002   3.8211E-002   7.2140E-002   1.2931E-001  -3.1456E-003  -1.5789E-002   3.6463E-002   4.8496E-002  -6.2123E-002  -3.7730E-002   1.6486E-002   2.8502E-003   2.0527E-002  -2.8176E-002  -2.2313E-001  -3.7603E-001  -1.2428E-002   9.1576E-001   2.5980E+000  
 2.3441E+000  -1.3948E+000  -1.1201E+000   1.3817E-001  -4.5390E-002  -1.4242E-003   6.0311E-002   8.3295E-002   1.5145E-001  -6.5174E-002  -4.8429E-002   1.9307E-002   3.8335E-002  -6.4683E-002  -2.0306E-002   8.0039E-004  -6.4923E-003   4.5941E-002  -4.9671E-002  -2.8152E-001  -3.5720E-001  -1.4811E-002   9.0390E-001   2.5666E+000  
 2.7518E+000  -1.3058E+000   8.5207E-001   5.7955E-002   3.1999E-001  -1.6895E-001  -1.1086E-001   1.3712E-001  -2.6228E-001  -9.0004E-002  -9.5983E-002  -1.1307E-002  -5.4877E-002   6.3565E-002  -1.1359E-002  -2.0434E-002   7.0628E-004  -4.5872E-002   4.9284E-002   2.6176E-001  -3.8474E-001  -1.8495E-002   8.8427E-001   2.5240E+000  
 2.5017E+000  -1.5474E+000   7.6334E-001   1.1369E-001   1.0765E-001  -1.0534E-001  -6.5448E-002   1.0717E-001  -1.9695E-001   1.5014E-002  -6.4732E-002   7.6181E-003  -4.6658E-002   5.8360E-002  -3.1774E-002  -1.0089E-002  -6.1802E-003  -4.9712E-002   5.3279E-002   2.0942E-001  -4.1028E-001  -1.2648E-002   8.9700E-001   2.5603E+000  
 2.3029E+000  -1.7104E+000   5.6858E-001   1.4219E-001   9.9684E-003  -2.0104E-002  -3.2861E-002   9.1048E-002  -1.3111E-001   8.6720E-002  -4.4885E-002   2.9175E-002  -2.8260E-002   4.3136E-002  -5.1510E-002  -5.4184E-003  -1.0578E-003  -4.5671E-002   4.8416E-002   1.4524E-001  -4.2839E-001  -1.6464E-002   9.0541E-001   2.5972E+000  
 2.1766E+000  -1.7990E+000   3.0155E-001   1.6253E-001  -1.2263E-002   5.0453E-002  -1.2122E-002   8.8820E-002  -6.6132E-002   1.2842E-001  -2.9290E-002   4.9822E-002  -1.0604E-002   2.0109E-002  -6.8589E-002   5.8896E-003   2.8356E-003  -3.8535E-002   3.4577E-002   7.1726E-002  -4.4114E-001  -1.4963E-002   9.1064E-001   2.6189E+000  
 2.1336E+000  -1.8255E+000   4.0591E-003   1.7112E-001   8.1658E-003   7.8406E-002   4.6808E-003   8.9819E-002   4.3872E-003   1.4178E-001  -2.3683E-002   5.9667E-002   1.0710E-002  -4.9474E-003  -7.5434E-002   1.2999E-002   6.7689E-003  -3.0679E-002   2.1150E-002  -1.5820E-003  -4.4628E-001  -1.2379E-002   9.1289E-001   2.6220E+000  
 2.1796E+000  -1.7900E+000  -2.9531E-001   1.7118E-001   2.5791E-002   6.0598E-002   1.8743E-002   9.6761E-002   7.4608E-002   1.3260E-001  -2.6196E-002   6.2207E-002   2.7804E-002  -2.8618E-002  -7.5268E-002   1.7018E-002   6.6667E-003  -1.8275E-002   4.0189E-003  -7.3919E-002  -4.4433E-001  -9.8361E-003   9.1102E-001   2.6071E+000  
 2.3117E+000  -1.6886E+000  -5.6532E-001   1.6078E-001   5.4686E-004   7.3757E-003   3.5100E-002   1.1260E-001   1.4607E-001   1.0482E-001  -3.6022E-002   6.1790E-002   4.0188E-002  -4.7006E-002  -6.5184E-002   1.8643E-002   3.3749E-003   3.0416E-003  -1.3135E-002  -1.4433E-001  -4.3424E-001  -8.5451E-003   9.0599E-001   2.5760E+000  
 2.5075E+000  -1.5283E+000  -7.7419E-001   1.2250E-001  -1.1743E-001  -6.3709E-002   5.1985E-002   1.2760E-001   2.0569E-001   5.8148E-002  -6.0816E-002   5.3038E-002   3.4486E-002  -5.2855E-002  -5.0915E-002   6.6233E-003  -7.8766E-003   3.2921E-002  -3.8269E-002  -2.0382E-001  -4.1603E-001  -1.3200E-002   8.9712E-001   2.5420E+000  
 2.7443E+000  -1.2991E+000  -8.8352E-001   5.3293E-002  -3.6717E-001  -1.1780E-001   7.6579E-002   1.4431E-001   2.5027E-001  -9.7548E-003  -9.6859E-002   3.9831E-002   1.3369E-002  -4.3845E-002  -3.1353E-002  -6.7995E-003  -1.7533E-002   6.8931E-002  -6.8655E-002  -2.5257E-001  -3.8693E-001  -8.9060E-003   8.8457E-001   2.4722E+000  
 2.6576E+000  -2.7107E+000  -1.1932E+000  -3.7039E-001  -7.9483E-001  -4.2258E+000  -8.1873E-001  -4.7729E-001  -9.0027E-002  -4.3231E+000  -2.2121E-001  -9.5875E-001  -3.9843E-001  -2.7417E+000   1.7560E+000  -1.1553E-001  -1.0989E-002  -5.5476E-001   1.2047E-001  -6.4315E-001   1.1852E+000  -1.6979E-002   4.2016E-001   2.2016E+000  
 2.7233E+000  -1.5905E+000   6.0406E-001  -2.0800E-001   5.7908E-001  -7.5101E-001  -3.8782E-002  -6.3545E-002  -8.2953E-002  -1.6783E-001  -1.8458E-001  -1.8647E-001   5.8259E-002  -1.0464E-001   1.9972E-001  -6.8569E-002   1.3489E-002  -1.8311E-001   1.6895E-001   1.3167E-001  -2.3227E-001   9.9700E-003   8.3263E-001   2.4692E+000  
 2.7705E+000  -1.4938E+000   4.2549E-001   4.0938E-002   2.3089E-001  -3.7768E-001  -4.5303E-002   1.5152E-001  -1.7514E-001   1.5239E-001  -1.0114E-001   6.9232E-003  -8.5082E-003   2.4484E-002  -3.6789E-002  -1.3430E-002   2.7363E-003  -8.3300E-002   8.2886E-002   1.2706E-001  -4.4176E-001   1.5153E-003   8.8267E-001   2.4667E+000  
 2.6742E+000  -1.6114E+000   2.3958E-001   6.8147E-002   1.1055E-001  -3.0491E-001  -9.6968E-003   1.4343E-001  -6.8703E-002   2.0968E-001  -8.8915E-002   2.6589E-002   1.4269E-002   7.5023E-003  -5.2135E-002  -1.3488E-002   1.0217E-002  -7.1400E-002   7.1781E-002   6.2829E-002  -4.5646E-001  -6.6087E-003   8.8802E-001   2.5017E+000  
 2.6479E+000  -1.6387E+000   1.3622E-002   8.4734E-002   2.9401E-002  -2.6639E-001   1.5035E-002   1.5223E-001   3.3155E-002   2.3595E-001  -8.1556E-002   4.3508E-002   3.0197E-002  -1.2145E-002  -6.2334E-002  -9.8288E-003   1.2016E-002  -5.4181E-002   5.2046E-002  -3.7568E-003  -4.6323E-001  -1.3254E-002   8.8964E-001   2.5332E+000  
 2.6897E+000  -1.5870E+000  -2.1646E-001   8.2939E-002  -5.7387E-002  -2.7202E-001   3.4797E-002   1.6902E-001   1.3253E-001   2.3522E-001  -8.3761E-002   5.3113E-002   3.7471E-002  -2.9001E-002  -6.5987E-002  -9.9509E-003   6.8434E-003  -3.0888E-002   2.5459E-002  -6.8531E-002  -4.6211E-001  -2.0005E-002   8.8773E-001   2.5500E+000  
 2.7900E+000  -1.4632E+000  -4.2014E-001   4.9930E-002  -2.0242E-001  -3.1817E-001   5.1052E-002   1.8524E-001   2.2520E-001   2.0945E-001  -1.0151E-001   5.1828E-002   2.8311E-002  -3.7310E-002  -6.3127E-002  -2.1876E-002  -7.3067E-003  -1.0513E-004  -9.2005E-003  -1.2789E-001  -4.5081E-001  -2.8742E-002   8.8172E-001   2.5471E+000  
 3.1288E+000  -9.6559E-001  -4.9142E-001   1.7648E-001  -3.1437E-001  -1.0011E-001   1.1983E-001   4.3337E-001   5.0093E-001   3.8481E-001  -7.4083E-002   2.0980E-001   8.3117E-002   1.0658E-001   1.5929E-001   8.8545E-003  -1.2089E-002   1.3083E-001   2.9000E-002  -1.2579E-001  -2.4321E-001  -3.8724E-002   8.3167E-001   2.4790E+000  
 3.3602E+000   5.0351E-001  -2.4538E+000  -2.3499E-002  -2.6015E+000   3.1598E+000  -6.6029E-001   7.5483E-001   5.5412E-001   4.3317E+000  -1.8280E-001   9.0042E-001  -4.9766E-001   2.7842E+000   1.6782E+000  -3.3799E-002  -9.6441E-002   5.5213E-001  -7.9988E-002   6.5680E-001   1.1767E+000  -1.8354E-002   4.2020E-001   2.1097E+000  
