 3.3865E+000   6.1872E-001   5.1713E-001   1.8133E-002  -8.1837E-001  -1.2544E-001  -6.0129E-002  -3.4877E-001  -2.7592E-001  -4.3769E-001  -1.4552E-001   1.3113E-001  -1.1641E-001   8.6373E-001  -1.5103E-001   2.7792E-002   3.1678E-002  -1.3604E-001   1.7541E-001  -1.0680E+000  -2.8387E-001  -1.3151E-002   1.4353E-001   4.6789E-001  
 2.8803E+000   1.3483E+000   6.0429E-001  -5.9125E-002  -5.5965E-001  -3.9905E-001  -2.0991E-002  -1.5161E-001  -1.3909E-001  -2.9555E-001  -1.4423E-001   3.6765E-002  -6.8520E-002   6.4276E-001  -1.4612E-001   3.5925E-002   4.4829E-002  -1.8202E-002   1.1284E-001  -9.6832E-001  -2.1929E-001  -1.4335E-002   1.8686E-001   7.0726E-001  
 2.7778E+000   1.4924E+000   4.2475E-001   5.8481E-002  -2.3856E-001  -3.1316E-001  -3.7111E-002  -1.8114E-001  -1.5434E-001  -3.2299E-001  -9.5543E-002   6.2036E-002   1.1073E-003   5.4361E-001  -3.6962E-002  -1.4138E-003   1.7911E-002   2.3774E-002   5.1998E-002  -9.0462E-001  -2.1279E-001  -9.2966E-003   2.1175E-001   7.5562E-001  
 2.6851E+000   1.6016E+000   2.2160E-001   1.0254E-001  -8.8094E-002  -2.4949E-001  -2.0441E-002  -1.7825E-001  -9.5699E-002  -3.5991E-001  -7.4515E-002   7.7824E-002   8.7500E-003   5.1489E-001   4.2698E-002  -2.0056E-002   5.1012E-003   3.6521E-002   2.3533E-002  -8.9741E-001  -2.1331E-001  -2.2711E-003   2.1636E-001   7.6017E-001  
 2.6507E+000   1.6410E+000  -1.0838E-002   1.1268E-001   8.2167E-003  -2.2917E-001  -4.5911E-003  -1.7405E-001  -2.9857E-002  -3.6606E-001  -6.9364E-002   8.0370E-002   5.9725E-003   4.9428E-001   1.2095E-001  -2.2977E-002  -3.5985E-003   4.1136E-002  -2.5379E-003  -8.9519E-001  -2.1568E-001  -9.9587E-004   2.1731E-001   7.8873E-001  
 2.6798E+000   1.6114E+000  -2.4376E-001   9.2666E-002   1.0500E-001  -2.5877E-001   1.1189E-002  -1.6988E-001   3.5595E-002  -3.4109E-001  -7.8609E-002   6.9001E-002   3.9485E-003   4.7986E-001   2.0054E-001  -1.0497E-002  -1.2267E-002   3.8795E-002  -2.9457E-002  -8.9740E-001  -2.1870E-001  -6.0583E-003   2.1493E-001   7.8659E-001  
 2.7680E+000   1.5099E+000  -4.4734E-001   4.1734E-002   2.5568E-001  -3.3115E-001   2.8404E-002  -1.6599E-001   9.4213E-002  -2.8506E-001  -1.0219E-001   4.5849E-002   1.2162E-002   4.7297E-001   2.8385E-001   1.4014E-002  -2.3882E-002   2.8648E-002  -5.9728E-002  -9.0455E-001  -2.2132E-001  -1.4208E-002   2.0957E-001   8.0484E-001  
 2.8132E+000   1.4493E+000  -6.5357E-001  -1.3546E-001   6.2563E-001  -4.8818E-001  -8.1480E-003  -6.6928E-002   2.1482E-002  -2.0099E-001  -1.7151E-001  -2.6584E-002   1.1250E-001   5.2493E-001   4.4984E-001   7.0466E-002  -5.3385E-002   8.0116E-003  -1.4982E-001  -9.7299E-001  -2.5147E-001  -1.5149E-002   1.8078E-001   6.7786E-001  
 3.5168E+000   5.1436E-001  -3.6624E-001   9.2585E-002   6.4633E-001  -2.2507E-001   1.4874E-001  -3.6704E-001   2.6730E-001  -1.9307E-001  -1.2594E-001   5.2012E-002   5.9528E-002   6.0953E-001   4.8762E-001   1.7643E-002  -1.7011E-002  -5.7653E-002  -1.9903E-001  -1.0540E+000  -2.3496E-001  -1.1346E-002   1.4174E-001   4.6282E-001  
 2.7257E+000   1.3607E+000   8.8399E-001   2.4015E-002  -3.9207E-001  -1.4819E-001  -7.2616E-002  -1.1459E-001  -1.3645E-001  -3.5321E-002  -1.0871E-001   1.2346E-002  -6.8222E-003   5.1971E-001  -1.9813E-001   3.4913E-002   3.2949E-002  -2.1482E-002   7.4003E-002  -9.0848E-001  -2.1612E-001  -2.3291E-002   2.0567E-001   8.1923E-001  
 2.4926E+000   1.5782E+000   7.7222E-001   1.0584E-001  -1.3772E-001  -7.9813E-002  -4.8025E-002  -1.0714E-001  -1.2879E-001  -1.2133E-001  -6.7444E-002   3.5740E-002   1.9895E-002   4.7889E-001  -1.2108E-001   8.5501E-003   1.6826E-002   5.4119E-003   4.9741E-002  -8.9684E-001  -2.1163E-001  -1.9156E-002   2.1286E-001   8.3415E-001  
 2.3001E+000   1.7290E+000   5.6228E-001   1.5339E-001  -1.4752E-002   2.9027E-003  -3.0648E-002  -1.0036E-001  -1.0323E-001  -1.7881E-001  -3.9270E-002   5.4947E-002   2.7892E-002   4.4729E-001  -4.5611E-002  -1.3540E-002   4.4251E-003   2.4406E-002   2.9214E-002  -8.8849E-001  -2.1065E-001  -1.0153E-002   2.1864E-001   8.8228E-001  
 2.1714E+000   1.8209E+000   2.9090E-001   1.7384E-001   1.6609E-002   6.5330E-002  -1.5402E-002  -9.2954E-002  -6.3169E-002  -2.1061E-001  -2.5087E-002   6.5865E-002   1.8212E-002   4.2422E-001   2.7104E-002  -2.4143E-002  -2.9410E-004   3.4933E-002   1.4596E-002  -8.8545E-001  -2.1159E-001  -4.8448E-003   2.2084E-001   8.2422E-001  
 2.1264E+000   1.8521E+000  -8.7300E-003   1.7828E-001   3.1661E-003   8.7106E-002  -2.2504E-003  -8.9446E-002  -1.7862E-002  -2.1658E-001  -2.1146E-002   6.8422E-002   1.3868E-003   4.0553E-001   9.8533E-002  -2.5824E-002  -1.3038E-003   3.8352E-002   1.7226E-003  -8.8439E-001  -2.1272E-001  -4.0853E-003   2.2139E-001   8.4296E-001  
 2.1700E+000   1.8234E+000  -3.0847E-001   1.7050E-001  -1.0428E-002   6.2561E-002   1.1051E-002  -9.1160E-002   2.8033E-002  -1.9835E-001  -2.6088E-002   6.3336E-002  -1.5196E-002   3.9130E-001   1.7035E-001  -1.9837E-002  -2.3109E-003   3.3958E-002  -1.1562E-002  -8.8529E-001  -2.1387E-001  -7.8417E-003   2.2029E-001   8.8556E-001  
 2.2965E+000   1.7352E+000  -5.8044E-001   1.4615E-001   2.1253E-002  -3.9811E-003   2.6271E-002  -9.5339E-002   6.8637E-002  -1.5289E-001  -4.2021E-002   4.8455E-002  -2.3418E-002   3.8063E-001   2.4569E-001  -4.4517E-003  -7.1843E-003   2.3828E-002  -2.8598E-002  -8.8847E-001  -2.1598E-001  -1.5652E-002   2.1728E-001   9.1069E-001  
 2.4871E+000   1.5869E+000  -7.8986E-001   9.7180E-002   1.4317E-001  -9.1540E-002   4.4744E-002  -9.9330E-002   9.6320E-002  -7.9990E-002  -7.0999E-002   2.5043E-002  -1.5616E-002   3.7741E-001   3.2537E-001   1.9310E-002  -1.7689E-002   6.9337E-003  -5.1812E-002  -8.9695E-001  -2.1719E-001  -2.3898E-002   2.1147E-001   8.8258E-001  
 2.7212E+000   1.3675E+000  -8.9636E-001   2.0384E-002   3.9070E-001  -1.6564E-001   7.4667E-002  -1.0769E-001   1.1036E-001   2.6221E-002  -1.0997E-001  -2.9329E-003   4.6833E-003   3.7961E-001   4.0862E-001   4.2255E-002  -2.7691E-002  -1.4408E-002  -7.7110E-002  -9.0831E-001  -2.1732E-001  -2.4372E-002   2.0552E-001   8.3249E-001  
 2.3370E+000   1.4361E+000   1.1129E+000   1.2826E-001  -5.3268E-002  -1.4589E-002  -6.3263E-002  -7.1734E-002  -7.0645E-002   3.4074E-002  -5.1575E-002   8.1893E-003   3.6148E-002   4.2296E-001  -1.9901E-001   1.2757E-002   1.0454E-002  -1.6668E-002   3.5353E-002  -8.9343E-001  -2.1431E-001  -2.4784E-002   2.1319E-001   8.9178E-001  
 2.0350E+000   1.6098E+000   9.3876E-001   1.7163E-001   9.0622E-002   5.2675E-002  -4.0047E-002  -6.2532E-002  -7.5830E-002  -4.0748E-002  -1.7696E-002   2.8640E-002   4.7193E-002   3.9257E-001  -1.2596E-001  -7.6204E-003  -8.4728E-004   4.3801E-003   2.1058E-002  -8.8854E-001  -2.1278E-001  -1.8784E-002   2.1681E-001   9.2126E-001  
 1.7898E+000   1.7321E+000   6.7248E-001   1.8758E-001   1.2218E-001   1.3423E-001  -2.2941E-002  -5.2330E-002  -6.1450E-002  -9.1252E-002   2.1129E-003   4.3374E-002   3.9591E-002   3.7115E-001  -5.7071E-002  -1.8876E-002  -5.0156E-003   1.7951E-002   1.3893E-002  -8.9028E-001  -2.1270E-001  -1.4297E-002   2.1631E-001   8.8583E-001  
 1.6302E+000   1.8037E+000   3.4512E-001   1.9229E-001   8.0574E-002   1.9808E-001  -1.1222E-002  -4.6335E-002  -3.8959E-002  -1.1921E-001   1.3285E-002   5.3789E-002   2.2741E-002   3.5228E-001   1.2585E-002  -2.5874E-002  -4.4862E-003   2.5056E-002   7.3213E-003  -8.9122E-001  -2.1350E-001  -1.1072E-002   2.1596E-001   8.5636E-001  
 1.5751E+000   1.8276E+000  -8.0794E-003   1.9209E-001   1.3419E-003   2.2122E-001  -1.5354E-003  -4.3873E-002  -1.1080E-002  -1.2546E-001   1.6400E-002   5.7135E-002  -2.9590E-004   3.3579E-001   8.0773E-002  -2.6977E-002  -4.7458E-005   2.6411E-002   2.6758E-003  -8.9202E-001  -2.1404E-001  -1.1129E-002   2.1539E-001   8.4165E-001  
 1.6294E+000   1.8046E+000  -3.6150E-001   1.9079E-001  -7.7823E-002   1.9690E-001   8.1127E-003  -4.5746E-002   1.7246E-002  -1.0988E-001   1.2977E-002   5.3022E-002  -2.2745E-002   3.1980E-001   1.4934E-001  -2.3831E-002   4.0120E-003   2.3420E-002  -2.6782E-003  -8.9111E-001  -2.1432E-001  -1.2889E-002   2.1583E-001   9.0887E-001  
 1.7880E+000   1.7338E+000  -6.8918E-001   1.8499E-001  -1.1968E-001   1.3185E-001   1.9931E-002  -5.1060E-002   4.1719E-002  -7.2426E-002   1.4075E-003   4.1883E-002  -3.8725E-002   3.0604E-001   2.1960E-001  -1.5362E-002   4.1752E-003   1.4813E-002  -1.0621E-002  -8.9009E-001  -2.1405E-001  -1.7211E-002   2.1607E-001   9.3819E-001  
 2.0326E+000   1.6113E+000  -9.5479E-001   1.6969E-001  -8.9638E-002   4.8931E-002   3.7924E-002  -6.1105E-002   6.0255E-002  -1.1363E-002  -1.8188E-002   2.6075E-002  -4.7045E-002   2.9421E-001   2.8957E-001  -4.5058E-003   1.5329E-003   1.0061E-003  -1.9097E-002  -8.8820E-001  -2.1287E-001  -2.0554E-002   2.1700E-001   9.6359E-001  
 2.3345E+000   1.4364E+000  -1.1263E+000   1.2931E-001   5.0590E-002  -2.0672E-002   6.3535E-002  -7.0828E-002   6.1260E-002   7.6852E-002  -5.1009E-002   3.0885E-003  -3.9294E-002   2.8950E-001   3.6574E-001   1.3822E-002  -5.7268E-003  -1.7654E-002  -3.4958E-002  -8.9315E-001  -2.1209E-001  -2.3782E-002   2.1401E-001   9.2606E-001  
 2.8402E+000   9.6000E-001   1.1747E+000  -2.8833E-001  -1.2202E+000   2.4010E-001  -1.5882E-001   1.0634E-001   5.8071E-001   3.2804E-001  -2.2579E-001  -1.6300E-001  -1.7317E-001   7.1908E-001  -5.9227E-001   6.7177E-002   8.3060E-002  -7.1229E-002   1.8446E-001  -1.0830E+000  -2.8838E-001  -2.0076E-002   1.4342E-001   5.5716E-001  
 2.7440E+000   9.1427E-001   1.2871E+000   5.4196E-002  -3.6229E-001   1.0541E-001  -1.5074E-001  -7.3643E-002   9.1380E-002   2.7894E-001  -9.6787E-002  -4.3024E-002   2.0907E-002   4.0763E-001  -3.5909E-001   2.4010E-002   4.5366E-003  -5.6499E-002   2.8124E-002  -9.0364E-001  -2.2118E-001  -1.3856E-002   2.0970E-001   8.0101E-001  
 2.3420E+000   1.1522E+000   1.3846E+000   1.3823E-001  -4.5317E-002  -7.6361E-003  -8.8129E-002  -5.6736E-002   1.7507E-002   1.5534E-001  -4.7449E-002  -2.0520E-002   4.4606E-002   3.6906E-001  -2.7780E-001   8.1673E-003  -1.8710E-003  -3.6061E-002   1.5263E-002  -8.9050E-001  -2.1674E-001  -1.7534E-002   2.1550E-001   8.8509E-001  
 1.9389E+000   1.3358E+000   1.2933E+000   1.7801E-001   1.3791E-001  -6.1379E-003  -5.1843E-002  -4.3431E-002  -1.8410E-002   6.6801E-002  -9.7036E-003  -1.2342E-003   5.5543E-002   3.4083E-001  -2.0698E-001  -5.8376E-003  -7.7297E-003  -1.5588E-002   8.7696E-003  -8.8976E-001  -2.1392E-001  -1.8858E-002   2.1585E-001   9.1578E-001  
 1.5753E+000   1.4706E+000   1.0704E+000   1.8744E-001   2.0587E-001   5.8821E-002  -2.9586E-002  -3.2537E-002  -3.0928E-002   3.4129E-003   1.6005E-002   1.5743E-002   5.3112E-002   3.1989E-001  -1.3876E-001  -1.5792E-002  -1.1085E-002  -5.2297E-004   6.0341E-003  -8.9393E-001  -2.1431E-001  -1.7803E-002   2.1330E-001   9.0221E-001  
 1.2855E+000   1.5630E+000   7.5753E-001   1.8194E-001   1.8698E-001   1.4077E-001  -1.5888E-002  -2.4591E-002  -2.9745E-002  -3.8641E-002   3.2085E-002   2.9453E-002   4.1120E-002   3.0204E-001  -7.1089E-002  -2.2037E-002  -1.0875E-002   9.4003E-003   4.4572E-003  -8.9912E-001  -2.1545E-001  -1.6670E-002   2.1007E-001   8.6415E-001  
 1.0978E+000   1.6176E+000   3.8711E-001   1.7240E-001   1.0823E-001   2.0469E-001  -7.0966E-003  -1.9253E-002  -2.0090E-002  -6.2104E-002   4.0342E-002   3.8562E-002   2.1654E-002   2.8585E-001  -3.1516E-003  -2.4168E-002  -6.1501E-003   1.4369E-002   3.6480E-003  -9.0345E-001  -2.1648E-001  -1.7628E-002   2.0713E-001   8.1332E-001  
 1.0334E+000   1.6354E+000  -8.0179E-003   1.6824E-001   7.9682E-004   2.2818E-001  -1.4957E-003  -1.7586E-002  -6.9080E-003  -6.7401E-002   4.3121E-002   4.1939E-002  -3.8974E-004   2.6969E-001   6.4697E-002  -2.4786E-002   1.8998E-004   1.5460E-002   1.9043E-003  -9.0486E-001  -2.1690E-001  -1.8136E-002   2.0613E-001   7.9446E-001  
 1.0971E+000   1.6176E+000  -4.0322E-001   1.7220E-001  -1.0680E-001   2.0442E-001   4.2306E-003  -1.9238E-002   7.1229E-003  -5.5123E-002   4.0397E-002   3.8853E-002  -2.2236E-002   2.5355E-001   1.3246E-001  -2.4093E-002   6.3849E-003   1.2460E-002  -3.7780E-005  -9.0342E-001  -2.1659E-001  -1.7799E-002   2.0719E-001   8.5132E-001  
 1.2841E+000   1.5629E+000  -7.7379E-001   1.8153E-001  -1.8600E-001   1.4024E-001   1.3266E-002  -2.4594E-002   1.9390E-002  -2.4662E-002   3.2248E-002   3.0046E-002  -4.1295E-002   2.3738E-001   2.0016E-001  -2.1889E-002   1.0869E-002   5.6853E-003  -1.5647E-003  -8.9905E-001  -2.1543E-001  -1.6998E-002   2.1019E-001   9.0109E-001  
 1.5731E+000   1.4705E+000  -1.0865E+000   1.8722E-001  -2.0565E-001   5.8046E-002   2.7062E-002  -3.2448E-002   2.4897E-002   2.4727E-002   1.6026E-002   1.6173E-002  -5.3198E-002   2.2298E-001   2.6773E-001  -1.5821E-002   1.1536E-002  -5.6800E-003  -4.3498E-003  -8.9377E-001  -2.1355E-001  -1.7709E-002   2.1369E-001   9.3015E-001  
 1.9362E+000   1.3350E+000  -1.3080E+000   1.7964E-001  -1.3987E-001  -7.8060E-003   5.0449E-002  -4.3697E-002   1.8522E-002   9.7514E-002  -9.1296E-003  -2.4404E-003  -5.7477E-002   2.1047E-001   3.3740E-001  -7.1699E-003   1.1026E-002  -1.9891E-002  -8.6812E-003  -8.8975E-001  -2.1196E-001  -1.6633E-002   2.1657E-001   9.3204E-001  
 2.3408E+000   1.1483E+000  -1.3947E+000   1.4534E-001   3.7059E-002  -1.0644E-002   9.0654E-002  -5.9854E-002  -7.4193E-003   1.9945E-001  -4.4242E-002  -2.4172E-002  -5.2999E-002   2.0167E-001   4.1151E-001   2.7492E-003   1.0816E-002  -3.6170E-002  -1.5258E-002  -8.9022E-001  -2.0986E-001  -1.1950E-002   2.1757E-001   9.0818E-001  
 2.7472E+000   9.0358E-001  -1.2896E+000   6.9057E-002   3.4098E-001   1.0137E-001   1.5974E-001  -8.3320E-002  -6.5362E-002   3.4281E-001  -9.0506E-002  -4.8115E-002  -4.0372E-002   1.9686E-001   4.9975E-001   1.3874E-002   7.9697E-003  -4.8548E-002  -2.5018E-002  -9.0352E-001  -2.1204E-001  -9.0684E-003   2.1218E-001   8.0838E-001  
 2.6185E+000   1.0516E+000  -1.4628E+000  -4.0802E-001   1.3058E+000   4.1237E-001   5.1486E-002   1.1760E-001  -4.3449E-001   3.5036E-001  -2.5640E-001  -1.0718E-001   1.5354E-001   3.7902E-001   7.2564E-001   7.5559E-002  -1.0655E-001  -2.9307E-002  -1.3784E-001  -1.0692E+000  -2.1538E-001  -2.2577E-002   1.3992E-001   5.8818E-001  
 3.0426E+000   5.3155E-001   1.0813E+000   1.2282E-001  -3.4990E-001   2.4039E-001  -3.4560E-001  -1.1147E-001   3.3873E-001   4.8642E-001  -7.9399E-002  -1.4123E-001   8.0338E-002   3.8639E-001  -5.4684E-001   2.5791E-003  -3.6068E-002  -7.5619E-003   3.6205E-002  -9.7422E-001  -2.2478E-001  -1.3008E-002   1.9016E-001   7.0163E-001  
 2.5078E+000   8.0192E-001   1.5148E+000   1.3140E-001  -1.1259E-001   5.6563E-002  -1.3279E-001  -5.1512E-002   1.3793E-001   2.4773E-001  -5.6958E-002  -5.1830E-002   4.4757E-002   3.1647E-001  -3.6540E-001   1.8767E-003  -1.7366E-002  -4.2850E-002  -4.5341E-003  -8.9190E-001  -2.1668E-001  -5.1667E-003   2.1707E-001   8.1387E-001  
 2.0401E+000   9.7766E-001   1.5627E+000   1.7977E-001   9.6562E-002  -6.4583E-002  -7.3579E-002  -3.4566E-002   6.2511E-002   1.4690E-001  -1.5356E-002  -3.2743E-002   5.2620E-002   2.8936E-001  -2.8893E-001  -6.0141E-003  -1.7670E-002  -2.9992E-002  -6.4659E-003  -8.8760E-001  -2.1472E-001  -1.0600E-002   2.1789E-001   8.5878E-001  
 1.5773E+000   1.1110E+000   1.4284E+000   1.8942E-001   2.0730E-001  -6.5772E-002  -3.9971E-002  -2.3016E-002   2.0012E-002   7.4867E-002   1.6203E-002  -1.4142E-002   5.4026E-002   2.6833E-001  -2.1977E-001  -1.3351E-002  -1.7227E-002  -1.6113E-002  -5.6346E-003  -8.9300E-001  -2.1496E-001  -1.5487E-002   2.1399E-001   8.7799E-001  
 1.1645E+000   1.2080E+000   1.1669E+000   1.7612E-001   2.3238E-001  -2.5441E-003  -2.1107E-002  -1.4146E-002   1.9519E-004   2.4502E-002   3.7736E-002   1.1566E-003   4.7456E-002   2.5160E-001  -1.5387E-001  -1.7944E-002  -1.6750E-002  -4.5769E-003  -2.1483E-003  -9.0221E-001  -2.1638E-001  -1.7689E-002   2.0775E-001   8.4708E-001  
 8.3754E-001   1.2742E+000   8.1990E-001   1.5398E-001   1.9200E-001   7.9115E-002  -1.0001E-002  -7.9283E-003  -7.1840E-003  -9.2314E-003   5.0746E-002   1.4227E-002   3.4572E-002   2.3577E-001  -8.7014E-002  -2.0386E-002  -1.3168E-002   2.6842E-003   4.0657E-005  -9.0973E-001  -2.1806E-001  -1.9569E-002   2.0246E-001   8.0256E-001  
 6.2715E-001   1.3128E+000   4.1748E-001   1.3499E-001   1.0718E-001   1.4324E-001  -4.5898E-003  -4.7413E-003  -7.4161E-003  -2.7826E-002   5.8626E-002   2.3358E-002   1.7881E-002   2.1965E-001  -1.9078E-002  -2.1436E-002  -6.9037E-003   6.8970E-003   9.4126E-004  -9.1427E-001  -2.1910E-001  -2.1371E-002   1.9918E-001   7.5220E-001  
 5.5507E-001   1.3254E+000  -8.0740E-003   1.2778E-001   4.5054E-004   1.6693E-001  -1.4113E-003  -3.7335E-003  -3.8991E-003  -3.2095E-002   6.1167E-002   2.6616E-002  -1.5099E-004   2.0348E-001   4.8754E-002  -2.1756E-002   1.0315E-004   7.7624E-003   1.2000E-003  -9.1576E-001  -2.1946E-001  -2.2041E-002   1.9810E-001   7.2375E-001  
 6.2634E-001   1.3128E+000  -4.3363E-001   1.3499E-001  -1.0635E-001   1.4318E-001   1.7511E-003  -4.6058E-003   5.0762E-004  -2.2572E-002   5.8475E-002   2.3567E-002  -1.8171E-002   1.8721E-001   1.1653E-001  -2.1594E-002   7.1430E-003   5.3878E-003   1.1479E-003  -9.1425E-001  -2.1907E-001  -2.1249E-002   1.9925E-001   7.7952E-001  
 8.3606E-001   1.2742E+000  -8.3615E-001   1.5376E-001  -1.9148E-001   7.9038E-002   7.3281E-003  -7.8342E-003   2.9199E-003   1.2653E-003   5.0722E-002   1.4631E-002  -3.4587E-002   1.7082E-001   1.8428E-001  -2.0476E-002   1.3223E-002  -1.9221E-004   1.2518E-003  -9.0968E-001  -2.1788E-001  -1.9625E-002   2.0262E-001   8.2724E-001  
 1.1623E+000   1.2080E+000  -1.1832E+000   1.7586E-001  -2.3234E-001  -2.4903E-003   1.8428E-002  -1.4059E-002  -1.0131E-004   4.0225E-002   3.7637E-002   1.5589E-003  -4.7195E-002   1.5458E-001   2.5083E-001  -1.8062E-002   1.6900E-002  -8.7966E-003   2.2224E-003  -9.0214E-001  -2.1588E-001  -1.7626E-002   2.0804E-001   8.6537E-001  
 1.5744E+000   1.1105E+000  -1.4440E+000   1.9019E-001  -2.0852E-001  -6.5515E-002   3.7588E-002  -2.3318E-002  -1.3571E-002   9.6571E-002   1.6342E-002  -1.4311E-002  -5.4562E-002   1.3894E-001   3.1672E-001  -1.4436E-002   1.8911E-002  -2.0845E-002   4.4470E-003  -8.9283E-001  -2.1306E-001  -1.3960E-002   2.1469E-001   9.0125E-001  
 2.0370E+000   9.7604E-001  -1.5768E+000   1.8247E-001  -1.0044E-001  -6.3953E-002   7.2189E-002  -3.5969E-002  -4.7009E-002   1.7617E-001  -1.4333E-002  -3.3618E-002  -5.5696E-002   1.2599E-001   3.8676E-001  -9.2069E-003   2.1660E-002  -3.3691E-002   4.5213E-003  -8.8726E-001  -2.1018E-001  -7.2087E-003   2.1932E-001   8.5978E-001  
 2.5063E+000   7.9609E-001  -1.5255E+000   1.3816E-001   1.0046E-001   5.8511E-002   1.3434E-001  -5.7447E-002  -1.0730E-001   2.9036E-001  -5.3805E-002  -5.2260E-002  -5.5927E-002   1.1264E-001   4.6779E-001  -5.9758E-003   2.3732E-002  -4.0506E-002   5.6597E-003  -8.9196E-001  -2.1184E-001  -1.0902E-003   2.1846E-001   8.3406E-001  
 3.0698E+000   4.9306E-001  -1.0567E+000   1.5974E-001   2.8190E-001   2.3561E-001   3.7577E-001  -1.4615E-001  -2.7123E-001   5.8716E-001  -6.5815E-002  -1.4436E-001  -1.2954E-001   1.0678E-001   6.7927E-001  -1.4778E-002   4.7672E-002   2.1473E-002  -2.0857E-002  -9.7898E-001  -2.3912E-001  -1.2779E-002   1.8884E-001   6.9711E-001  
 2.7982E+000   4.4565E-001   1.4316E+000   8.1411E-002  -1.9374E-001   3.0105E-001  -2.0387E-001  -5.1771E-002   2.8922E-001   3.0783E-001  -8.6842E-002  -6.8369E-002   4.1607E-002   2.6418E-001  -4.6690E-001  -4.8882E-003  -1.6967E-002  -3.2237E-002  -2.7807E-002  -9.0155E-001  -2.1630E-001  -2.9289E-003   2.1425E-001   7.6194E-001  
 2.3110E+000   5.9703E-001   1.6785E+000   1.6595E-001   8.7060E-004  -1.2386E-002  -1.1400E-001  -3.0782E-002   1.6648E-001   1.9831E-001  -3.4740E-002  -5.9928E-002   4.2457E-002   2.3684E-001  -3.7744E-001  -7.2718E-003  -2.5846E-002  -3.1714E-002  -2.3078E-002  -8.8748E-001  -2.1310E-001  -1.1334E-003   2.1986E-001   7.7879E-001  
 1.7963E+000   7.1209E-001   1.6872E+000   1.9356E-001   1.2687E-001  -1.4104E-001  -6.1506E-002  -1.7875E-002   9.0242E-002   1.2241E-001   3.7702E-003  -4.5219E-002   4.2858E-002   2.1696E-001  -3.0388E-001  -9.6990E-003  -2.5274E-002  -2.4363E-002  -1.6960E-002  -8.8951E-001  -2.1404E-001  -7.9285E-003   2.1701E-001   8.3759E-001  
 1.2891E+000   7.9884E-001   1.5216E+000   1.8294E-001   1.8766E-001  -1.4509E-001  -3.1047E-002  -9.1562E-003   4.3992E-002   6.8356E-002   3.1513E-002  -2.7961E-002   4.0335E-002   1.9974E-001  -2.3628E-001  -1.2071E-002  -2.1687E-002  -1.4970E-002  -1.0950E-002  -8.9909E-001  -2.1566E-001  -1.5909E-002   2.0998E-001   8.1181E-001  
 8.3953E-001   8.6123E-001   1.2331E+000   1.5407E-001   1.9210E-001  -8.2701E-002  -1.4903E-002  -3.3490E-003   1.8741E-002   3.0595E-002   5.0925E-002  -1.2726E-002   3.4203E-002   1.8440E-001  -1.7034E-001  -1.4123E-002  -1.9125E-002  -6.7033E-003  -5.4233E-003  -9.0975E-001  -2.1811E-001  -1.9753E-002   2.0240E-001   7.7748E-001  
 4.8507E-001   9.0348E-001   8.6215E-001   1.2093E-001   1.5310E-001  -1.2780E-003  -6.4501E-003   2.0815E-004   5.6272E-003   5.3869E-003   6.3134E-002   4.1322E-004   2.4584E-002   1.6863E-001  -1.0332E-001  -1.5376E-002  -1.4444E-002  -1.0192E-003  -2.4313E-003  -9.1744E-001  -2.1988E-001  -2.2169E-002   1.9675E-001   7.3258E-001  
 2.5727E-001   9.2794E-001   4.3791E-001   9.5558E-002   8.3990E-002   6.2775E-002  -2.8899E-003   2.2653E-003  -7.0949E-005  -8.6372E-003   7.0059E-002   9.7024E-003   1.2750E-002   1.5255E-001  -3.5299E-002  -1.6241E-002  -7.5714E-003   2.2622E-003  -4.8366E-004  -9.2203E-001  -2.2095E-001  -2.3777E-002   1.9331E-001   6.8007E-001  
 1.7932E-001   9.3585E-001  -8.0858E-003   8.6257E-002   2.4895E-004   8.6507E-002  -1.4009E-003   2.9318E-003  -1.7128E-003  -1.2012E-002   7.2231E-002   1.2969E-002  -6.6277E-005   1.3634E-001   3.2656E-002  -1.6544E-002   9.4948E-005   2.9739E-003   5.7202E-004  -9.2355E-001  -2.2130E-001  -2.4296E-002   1.9217E-001   6.4253E-001  
 2.5653E-001   9.2793E-001  -4.5409E-001   9.5447E-002  -8.3546E-002   6.2900E-002   8.9480E-005   2.2672E-003  -2.4801E-003  -5.1135E-003   7.0045E-002   9.7397E-003  -1.2849E-002   1.2000E-001   1.0056E-001  -1.6238E-002   7.7652E-003   1.1999E-003   1.3623E-003  -9.2202E-001  -2.2089E-001  -2.3801E-002   1.9336E-001   6.9809E-001  
 4.8360E-001   9.0349E-001  -8.7834E-001   1.2069E-001  -1.5283E-001  -9.7445E-004   3.6739E-003   1.9028E-004  -5.5383E-003   1.2448E-002   6.3140E-002   4.5355E-004  -2.4566E-002   1.0348E-001   1.6843E-001  -1.5349E-002   1.4619E-002  -3.1223E-003   2.5286E-003  -9.1741E-001  -2.1973E-001  -2.2250E-002   1.9688E-001   7.4646E-001  
 8.3737E-001   8.6131E-001  -1.2493E+000   1.5364E-001  -1.9220E-001  -8.2117E-002   1.2219E-002  -3.4711E-003  -1.4302E-002   4.1109E-002   5.1016E-002  -1.2733E-002  -3.3870E-002   8.7082E-002   2.3523E-001  -1.3987E-002   1.9208E-002  -9.6317E-003   4.3286E-003  -9.0970E-001  -2.1778E-001  -1.9930E-002   2.0258E-001   7.8528E-001  
 1.2860E+000   7.9895E-001  -1.5377E+000   1.8265E-001  -1.8821E-001  -1.4398E-001   2.8144E-002  -9.2757E-003  -3.3484E-002   8.2345E-002   3.1324E-002  -2.8257E-002  -3.9787E-002   7.0600E-002   3.0090E-001  -1.2030E-002   2.2078E-002  -1.8715E-002   8.2982E-003  -8.9902E-001  -2.1512E-001  -1.5781E-002   2.1021E-001   8.0896E-001  
 1.7928E+000   7.1157E-001  -1.7027E+000   1.9395E-001  -1.2897E-001  -1.3909E-001   5.9077E-002  -1.8647E-002  -7.0943E-002   1.4111E-001   4.1348E-003  -4.5642E-002  -4.3716E-002   5.4698E-002   3.6884E-001  -1.1025E-002   2.6532E-002  -2.7671E-002   1.3288E-002  -8.8933E-001  -2.1230E-001  -6.8654E-003   2.1760E-001   8.0577E-001  
 2.3067E+000   5.9495E-001  -1.6950E+000   1.6560E-001  -6.4120E-003  -7.1125E-003   1.1068E-001  -3.3443E-002  -1.3300E-001   2.2361E-001  -3.4576E-002  -5.7428E-002  -4.6713E-002   3.7551E-002   4.4399E-001  -1.1101E-002   2.5237E-002  -3.2655E-002   2.1779E-002  -8.8747E-001  -2.1255E-001  -9.8564E-004   2.2006E-001   7.7714E-001  
 2.7917E+000   4.3934E-001  -1.4527E+000   7.7886E-002   1.7998E-001   3.1625E-001   1.9627E-001  -5.9185E-002  -2.3038E-001   3.4425E-001  -8.7859E-002  -5.7202E-002  -5.3230E-002   1.7531E-002   5.3743E-001  -1.2500E-002   1.2150E-002  -2.7621E-002   3.5291E-002  -9.0150E-001  -2.1751E-001  -3.7843E-003   2.1395E-001   7.5696E-001  
 2.6953E+000   2.4976E-001   1.5647E+000   1.0170E-001  -5.7559E-002   2.5864E-001  -1.8053E-001  -2.9030E-002   2.9217E-001   2.1794E-001  -7.5488E-002  -6.5771E-002   3.7051E-002   1.8400E-001  -4.8347E-001  -1.2797E-002  -1.4400E-002  -1.1738E-002  -4.3189E-002  -8.9888E-001  -2.1268E-001  -3.1638E-003   2.1508E-001   7.5912E-001  
 2.1808E+000   3.2898E-001   1.7798E+000   1.7528E-001   2.5593E-002  -6.5445E-002  -9.8986E-002  -1.2950E-002   1.7371E-001   1.3796E-001  -2.5156E-002  -6.2937E-002   2.5890E-002   1.6318E-001  -3.9241E-001  -7.8619E-003  -2.2674E-002  -2.1184E-002  -3.1792E-002  -8.8649E-001  -2.1144E-001  -4.6909E-003   2.1988E-001   8.0181E-001  
 1.6379E+000   3.8620E-001   1.7616E+000   1.9422E-001   8.2524E-002  -2.0085E-001  -5.3395E-002  -5.4004E-003   9.9484E-002   8.7455E-002   1.3551E-002  -5.3978E-002   2.2859E-002   1.4730E-001  -3.2048E-001  -6.5036E-003  -2.6425E-002  -1.8289E-002  -1.9994E-002  -8.9220E-001  -2.1348E-001  -9.8630E-003   2.1514E-001   8.2171E-001  
 1.1034E+000   4.2872E-001   1.5762E+000   1.7316E-001   1.0843E-001  -2.0713E-001  -2.5812E-002  -8.7411E-004   5.2215E-002   5.1753E-002   4.0213E-002  -3.8110E-002   2.0579E-002   1.3178E-001  -2.5327E-001  -6.6901E-003  -2.3437E-002  -1.2332E-002  -1.1919E-002  -9.0366E-001  -2.1648E-001  -1.7562E-002   2.0679E-001   7.7349E-001  
 6.3100E-001   4.5892E-001   1.2716E+000   1.3529E-001   1.0684E-001  -1.4546E-001  -1.1551E-002   1.9205E-003   2.4823E-002   2.6738E-002   5.8784E-002  -2.2682E-002   1.7538E-002   1.1639E-001  -1.8700E-001  -7.6831E-003  -2.0311E-002  -6.6787E-003  -6.1906E-003  -9.1440E-001  -2.1910E-001  -2.1643E-002   1.9900E-001   7.0014E-001  
 2.5916E-001   4.7927E-001   8.8659E-001   9.5777E-002   8.3640E-002  -6.4467E-002  -4.3911E-003   3.7630E-003   9.8323E-003   9.7060E-003   7.0042E-002  -9.2049E-003   1.2752E-002   1.0059E-001  -1.1989E-001  -8.5191E-003  -1.5302E-002  -2.5901E-003  -2.7890E-003  -9.2209E-001  -2.2094E-001  -2.3815E-002   1.9323E-001   6.5349E-001  
 2.0550E-002   4.9107E-001   4.4972E-001   6.6391E-002   4.5501E-002  -5.4838E-004  -1.9095E-003   4.7429E-003   2.6174E-003   3.9092E-006   7.6489E-002   1.5737E-004   6.6365E-003   8.4406E-002  -5.1750E-002  -8.9739E-003  -8.0279E-003  -1.4301E-004  -8.3096E-004  -9.2673E-001  -2.2205E-001  -2.5370E-002   1.8965E-001   6.0391E-001  
-6.1020E-002   4.9490E-001  -8.0882E-003   5.5732E-002   1.1020E-004   2.3176E-002  -1.4010E-003   5.0519E-003  -3.8956E-004  -2.5765E-003   7.8529E-002   3.4318E-003  -2.4729E-005   6.8138E-002   1.6318E-002  -9.1226E-003   9.5810E-005   4.8711E-004   1.7487E-004  -9.2827E-001  -2.2241E-001  -2.5898E-002   1.8846E-001   5.6312E-001  
 1.9811E-002   4.9108E-001  -4.6590E-001   6.6281E-002  -4.5307E-002  -3.4103E-004  -8.9201E-004   4.7436E-003  -2.5210E-003   1.7613E-003   7.6477E-002   1.4697E-004  -6.6692E-003   5.1778E-002   8.4360E-002  -8.9736E-003   8.2204E-003  -6.7532E-004   9.1644E-004  -9.2672E-001  -2.2202E-001  -2.5393E-002   1.8968E-001   6.1523E-001  
 2.5767E-001   4.7927E-001  -9.0277E-001   9.5555E-002  -8.3529E-002  -6.3996E-002   1.5926E-003   3.7635E-003  -7.0908E-003   1.3230E-002   7.0017E-002  -9.2574E-003  -1.2737E-002   3.5290E-002   1.5242E-001  -8.5219E-003   1.5498E-002  -3.6516E-003   2.0799E-003  -9.2207E-001  -2.2088E-001  -2.3863E-002   1.9328E-001   6.6077E-001  
 6.2877E-001   4.5897E-001  -1.2877E+000   1.3497E-001  -1.0690E-001  -1.4459E-001   8.7180E-003   1.8683E-003  -1.7731E-002   3.1996E-002   5.8729E-002  -2.2903E-002  -1.7383E-002   1.8889E-002   2.1942E-001  -7.6272E-003   2.0547E-002  -8.1981E-003   4.2830E-003  -9.1437E-001  -2.1901E-001  -2.1697E-002   1.9908E-001   7.0651E-001  
 1.1005E+000   4.2886E-001  -1.5923E+000   1.7268E-001  -1.0878E-001  -2.0563E-001   2.2953E-002  -1.0750E-003  -3.9085E-002   5.8710E-002   4.0190E-002  -3.8651E-002  -2.0144E-002   2.4018E-003   2.8554E-001  -6.4825E-003   2.3665E-002  -1.4173E-002   8.5356E-003  -9.0363E-001  -2.1646E-001  -1.7715E-002   2.0686E-001   7.8435E-001  
 1.6342E+000   3.8629E-001  -1.7782E+000   1.9292E-001  -8.3221E-002  -1.9811E-001   5.0316E-002  -5.6101E-003  -7.7848E-002   9.6267E-002   1.3447E-002  -5.3969E-002  -2.2510E-002  -1.4356E-002   3.5259E-001  -6.5362E-003   2.5477E-002  -2.0499E-002   1.5261E-002  -8.9210E-001  -2.1375E-001  -1.0948E-002   2.1514E-001   8.4439E-001  
 2.1758E+000   3.2840E-001  -1.7987E+000   1.7157E-001  -2.7809E-002  -5.8933E-002   9.4112E-002  -1.4005E-002  -1.3837E-001   1.4986E-001  -2.6120E-002  -5.9314E-002  -2.7146E-002  -3.4274E-002   4.2515E-001  -9.2421E-003   1.8174E-002  -2.2273E-002   2.8935E-002  -8.8634E-001  -2.1351E-001  -7.6296E-003   2.1934E-001   8.2972E-001  
 2.6851E+000   2.4757E-001  -1.5932E+000   8.9800E-002   5.1987E-002   2.7791E-001   1.6685E-001  -3.2093E-002  -2.3103E-001   2.3468E-001  -8.0052E-002  -5.0312E-002  -4.1478E-002  -5.9448E-002   5.1795E-001  -1.6114E-002   2.0290E-003  -1.0228E-002   4.9640E-002  -8.9887E-001  -2.1887E-001  -7.5791E-003   2.1341E-001   7.7877E-001  
 2.6539E+000   2.1665E-002   1.6233E+000   9.2120E-002   2.8147E-002   2.5605E-001  -1.6002E-001  -8.1029E-003   2.6703E-001   1.2483E-001  -7.8694E-002  -5.2040E-002   2.6012E-002   1.0912E-001  -5.0482E-001  -1.6147E-002   2.2491E-003   1.0340E-002  -5.1038E-002  -9.0034E-001  -2.1136E-001  -1.0296E-002   2.1285E-001   7.8488E-001  
 2.1365E+000   3.0491E-002   1.8159E+000   1.7344E-001   7.9602E-003  -8.1737E-002  -9.2346E-002   1.6748E-003   1.5965E-001   7.4743E-002  -2.3106E-002  -6.1529E-002   6.7690E-003   9.3357E-002  -4.1127E-001  -6.6061E-003  -1.5801E-002  -7.3427E-003  -3.2482E-002  -8.8793E-001  -2.1044E-001  -1.0373E-002   2.1836E-001   8.5569E-001  
 1.5844E+000   3.3225E-002   1.7873E+000   1.9145E-001   1.2393E-003  -2.2087E-001  -4.9913E-002   4.6574E-003   8.9567E-002   4.6404E-002   1.6198E-002  -5.6086E-002  -3.6110E-004   7.9203E-002  -3.3715E-001  -1.4171E-003  -2.3447E-002  -1.1250E-002  -1.8487E-002  -8.9336E-001  -2.1327E-001  -1.3647E-002   2.1415E-001   8.9134E-001  
 1.0409E+000   3.3513E-002   1.5939E+000   1.6909E-001  -1.7370E-004  -2.2914E-001  -2.4101E-002   4.8508E-003   4.5064E-002   2.8929E-002   4.3057E-002  -4.2185E-002  -9.1725E-004   6.4252E-002  -2.7003E-001  -4.4211E-004  -2.3905E-002  -8.0224E-003  -9.5346E-003  -9.0529E-001  -2.1670E-001  -1.8386E-002   2.0568E-001   8.1311E-001  
 5.6062E-001   3.3303E-002   1.2839E+000   1.2859E-001  -7.4761E-004  -1.6802E-001  -1.0193E-002   5.2105E-003   1.9383E-002   1.6329E-002   6.0917E-002  -2.6572E-002  -9.0244E-005   4.8647E-002  -2.0349E-001  -8.1352E-004  -2.1059E-002  -5.0574E-003  -4.2558E-003  -9.1598E-001  -2.1938E-001  -2.1927E-002   1.9786E-001   7.3688E-001  
 1.8309E-001   3.3271E-002   8.9450E-001   8.6692E-002  -7.1159E-004  -8.7433E-002  -3.7226E-003   5.2524E-003   6.2389E-003   7.1733E-003   7.2198E-002  -1.2753E-002   8.7098E-005   3.2642E-002  -1.3630E-001  -8.5179E-004  -1.5598E-002  -2.4102E-003  -1.4175E-003  -9.2364E-001  -2.2127E-001  -2.4371E-002   1.9205E-001   6.5152E-001  
-5.9142E-002   3.3271E-002   4.5354E-001   5.5948E-002  -4.1149E-004  -2.3681E-002  -1.6008E-003   5.2519E-003   1.0224E-003   1.6277E-003   7.8512E-002  -3.2995E-003   7.7912E-005   1.6319E-002  -6.8109E-002  -8.5007E-004  -8.1769E-003  -7.4193E-004  -2.0550E-004  -9.2829E-001  -2.2240E-001  -2.5936E-002   1.8843E-001   5.6377E-001  
-1.4193E-001   3.3273E-002  -8.0882E-003   4.4834E-002  -4.2257E-008   1.5984E-007  -1.4010E-003   5.2512E-003   4.8767E-005  -2.0659E-004   8.0508E-002   3.5772E-007   1.2854E-006  -7.0106E-006  -6.2020E-007  -8.5085E-004   9.6016E-005  -1.8554E-004   4.3153E-005  -9.2983E-001  -2.2278E-001  -2.6467E-002   1.8720E-001   4.8802E-001  
-5.9881E-002   3.3272E-002  -4.6971E-001   5.5838E-002   4.1137E-004  -2.3446E-002  -1.2008E-003   5.2519E-003  -4.9358E-005   1.6276E-003   7.8500E-002  -3.3254E-003  -7.5366E-005  -1.6336E-002   6.8108E-002  -8.5018E-004   8.3687E-003  -7.4166E-004   2.7676E-005  -9.2829E-001  -2.2241E-001  -2.5959E-002   1.8842E-001   5.6575E-001  
 1.8160E-001   3.3273E-002  -9.1067E-001   8.6469E-002   7.1148E-004  -8.6906E-002   9.2351E-004   5.2525E-003  -2.6216E-003   7.1729E-003   7.2173E-002  -1.2837E-002  -8.4536E-005  -3.2704E-002   1.3630E-001  -8.5183E-004   1.5791E-002  -2.4099E-003   4.4405E-004  -9.2364E-001  -2.2129E-001  -2.4419E-002   1.9204E-001   6.5517E-001  
 5.5834E-001   3.3306E-002  -1.3000E+000   1.2836E-001   7.4749E-004  -1.6705E-001   7.2703E-003   5.2107E-003  -1.1411E-002   1.6329E-002   6.0752E-002  -2.6872E-002   9.2756E-005  -4.8920E-002   2.0349E-001  -8.1356E-004   2.1405E-002  -5.0570E-003   2.0716E-003  -9.1598E-001  -2.1946E-001  -2.1861E-002   1.9784E-001   7.4186E-001  
 1.0379E+000   3.3517E-002  -1.6100E+000   1.6861E-001   1.7351E-004  -2.2753E-001   2.1233E-002   4.8512E-003  -3.1047E-002   2.8928E-002   4.3026E-002  -4.2764E-002   9.1963E-004  -6.5208E-002   2.7003E-001  -4.4212E-004   2.4106E-002  -8.0217E-003   5.8472E-003  -9.0530E-001  -2.1695E-001  -1.8573E-002   2.0560E-001   8.2054E-001  
 1.5807E+000   3.3230E-002  -1.8042E+000   1.8976E-001  -1.2394E-003  -2.1790E-001   4.6783E-002   4.6580E-003  -6.7037E-002   4.6403E-002   1.6112E-002  -5.5948E-002   3.6346E-004  -8.2493E-002   3.3714E-001  -1.4170E-003   2.1952E-002  -1.1249E-002   1.3558E-002  -8.9336E-001  -2.1447E-001  -1.5281E-002   2.1381E-001   8.6763E-001  
 2.1314E+000   3.0497E-002  -1.8353E+000   1.6886E-001  -7.9601E-003  -7.5089E-002   8.7293E-002   1.6756E-003  -1.2392E-001   7.4742E-002  -2.4260E-002  -5.7823E-002  -6.7665E-003  -1.0337E-001   4.1126E-001  -6.6058E-003   1.0210E-002  -7.3421E-003   2.8848E-002  -8.8793E-001  -2.1429E-001  -1.4377E-002   2.1730E-001   8.8588E-001  
 2.6426E+000   2.1672E-002  -1.6543E+000   7.7414E-002  -2.8146E-002   2.7669E-001   1.4445E-001  -8.1017E-003  -2.0492E-001   1.2483E-001  -8.4417E-002  -3.5018E-002  -2.6009E-002  -1.3351E-001   5.0482E-001  -1.6147E-002  -1.7401E-002   1.0340E-002   5.7252E-002  -9.0034E-001  -2.1958E-001  -1.6222E-002   2.1064E-001   8.0967E-001  
 2.6794E+000  -2.0854E-001   1.6054E+000   6.1344E-002   1.1598E-001   2.9897E-001  -1.4561E-001   1.2382E-002   2.1391E-001   3.3479E-002  -9.2627E-002  -2.9431E-002   1.8308E-002   3.7857E-002  -5.3178E-001  -1.9502E-002   2.5463E-002   3.6130E-002  -5.2578E-002  -9.0442E-001  -2.1247E-001  -1.9044E-002   2.0900E-001   8.0566E-001  
 2.1811E+000  -2.6851E-001   1.7905E+000   1.6220E-001  -1.0236E-002  -5.2134E-002  -9.1469E-002   1.6853E-002   1.2265E-001   9.1210E-003  -2.9368E-002  -5.2737E-002  -1.1249E-002   2.5654E-002  -4.3179E-001  -5.4192E-003  -4.7455E-003   8.3011E-003  -2.7846E-002  -8.8941E-001  -2.1064E-001  -1.7164E-002   2.1671E-001   9.1902E-001  
 1.6404E+000  -3.2070E-001   1.7655E+000   1.8881E-001  -7.9792E-002  -1.9415E-001  -5.0907E-002   1.4565E-002   6.0637E-002   3.4364E-003   1.2235E-002  -5.1121E-002  -2.1161E-002   1.1683E-002  -3.5537E-001   2.1002E-003  -1.7933E-002  -1.2978E-003  -1.3295E-002  -8.9345E-001  -2.1296E-001  -1.7410E-002   2.1383E-001   8.8758E-001  
 1.1065E+000  -3.6201E-001   1.5761E+000   1.7316E-001  -1.0947E-001  -2.0423E-001  -2.5736E-002   1.1080E-002   2.3167E-002   2.5407E-003   4.0424E-002  -3.9681E-002  -2.1601E-002  -3.0245E-003  -2.8644E-001   5.2036E-003  -2.3149E-002  -2.8742E-003  -4.0314E-003  -9.0387E-001  -2.1634E-001  -1.8256E-002   2.0666E-001   8.4503E-001  
 6.3375E-001  -3.9232E-001   1.2713E+000   1.3605E-001  -1.0862E-001  -1.4346E-001  -1.0988E-002   8.4240E-003   2.9601E-003   2.1906E-003   5.8158E-002  -2.3906E-002  -1.7669E-002  -1.8998E-002  -2.1973E-001   6.1885E-003  -2.0981E-002  -2.1268E-003   3.8562E-005  -9.1445E-001  -2.1899E-001  -2.1125E-002   1.9904E-001   7.6732E-001  
 2.6218E-001  -4.1275E-001   8.8658E-001   9.6100E-002  -8.5292E-002  -6.3232E-002  -4.3869E-003   6.7445E-003  -4.8315E-003   9.7449E-004   6.9998E-002  -9.7065E-003  -1.2445E-002  -3.5286E-002  -1.5250E-001   6.8267E-003  -1.5290E-002  -1.1155E-003   1.5948E-003  -9.2209E-001  -2.2087E-001  -2.3912E-002   1.9327E-001   6.8144E-001  
 2.3568E-002  -4.2454E-001   4.4972E-001   6.6713E-002  -4.6438E-002   3.4105E-004  -1.9101E-003   5.7616E-003  -4.6976E-003  -4.1532E-004   7.6443E-002  -1.4665E-004  -6.4156E-003  -5.1782E-002  -8.4361E-002   7.2762E-003  -8.0298E-003  -2.2736E-004   1.3648E-003  -9.2673E-001  -2.2201E-001  -2.5469E-002   1.8967E-001   5.9173E-001  
-5.8003E-002  -4.2836E-001  -8.0872E-003   5.6053E-002  -1.1024E-004   2.3951E-002  -1.4010E-003   5.4517E-003  -3.8949E-004  -1.5049E-003   7.8483E-002   3.1940E-003   2.7360E-005  -6.8155E-002  -1.6319E-002   7.4225E-003   9.5557E-005   2.5367E-004   1.7485E-004  -9.2827E-001  -2.2241E-001  -2.5997E-002   1.8845E-001   5.7845E-001  
 2.2828E-002  -4.2454E-001  -4.6589E-001   6.6603E-002   4.6245E-002   5.4845E-004  -8.9122E-004   5.7609E-003   4.7941E-003  -2.1730E-003   7.6431E-002  -1.5697E-004   6.4534E-003  -8.4410E-002   5.1749E-002   7.2756E-003   8.2222E-003   3.0538E-004  -1.2794E-003  -9.2674E-001  -2.2206E-001  -2.5492E-002   1.8964E-001   5.9256E-001  
 2.6069E-001  -4.1275E-001  -9.0275E-001   9.5878E-002   8.5180E-002  -6.2761E-002   1.5887E-003   6.7442E-003   7.5731E-003  -2.5502E-003   6.9972E-002  -9.7590E-003   1.2435E-002  -1.0058E-001   1.1996E-001   6.8293E-003   1.5486E-002  -5.3442E-005  -2.3040E-003  -9.2210E-001  -2.2095E-001  -2.3960E-002   1.9321E-001   6.8359E-001  
 6.3151E-001  -3.9236E-001  -1.2874E+000   1.3573E-001   1.0868E-001  -1.4259E-001   8.1550E-003   8.4767E-003   4.1328E-003  -3.0687E-003   5.8102E-002  -2.4126E-002   1.7518E-002  -1.1650E-001   1.8731E-001   6.1324E-003   2.1218E-002  -6.0651E-004  -1.9460E-003  -9.1448E-001  -2.1912E-001  -2.1179E-002   1.9894E-001   7.6983E-001  
 1.1035E+000  -3.6214E-001  -1.5922E+000   1.7269E-001   1.0982E-001  -2.0273E-001   2.2878E-002   1.1281E-002  -1.0036E-002  -4.4178E-003   4.0401E-002  -4.0222E-002   2.1172E-002  -1.3241E-001   2.5416E-001   4.9961E-003   2.3377E-002  -1.0314E-003   6.4840E-004  -9.0391E-001  -2.1660E-001  -1.8410E-002   2.0651E-001   8.4931E-001  
 1.6366E+000  -3.2078E-001  -1.7821E+000   1.8752E-001   8.0489E-002  -1.9142E-001   4.7829E-002   1.4776E-002  -3.9001E-002  -5.3769E-003   1.2132E-002  -5.1112E-002   2.0817E-002  -1.4998E-001   3.2325E-001   2.1333E-003   1.6985E-002   9.1296E-004   8.5618E-003  -8.9355E-001  -2.1426E-001  -1.8494E-002   2.1338E-001   8.9505E-001  
 2.1760E+000  -2.6792E-001  -1.8094E+000   1.5849E-001   1.2452E-002  -4.5622E-002   8.6595E-002   1.7909E-002  -8.7317E-002  -2.7752E-003  -3.0332E-002  -4.9113E-002   1.2510E-002  -1.7180E-001   3.9905E-001  -4.0384E-003   2.4503E-004   9.3911E-003   2.4990E-002  -8.8957E-001  -2.1431E-001  -2.0102E-002   2.1564E-001   8.9242E-001  
 2.6692E+000  -2.0633E-001  -1.6340E+000   4.9445E-002  -1.1041E-001   3.1824E-001   1.3193E-001   1.5448E-002  -1.5277E-001   1.6731E-002  -9.7191E-002  -1.3972E-002  -1.3874E-002  -2.0559E-001   4.9730E-001  -1.6184E-002  -3.7833E-002   3.4621E-002   5.9030E-002  -9.0443E-001  -2.1909E-001  -2.3458E-002   2.0722E-001   8.2720E-001  
 2.7694E+000  -4.0641E-001   1.5044E+000   1.3031E-002   2.5339E-001   3.7957E-001  -1.4049E-001   3.7140E-002   1.3149E-001  -5.6043E-002  -1.1479E-001  -1.5822E-003   1.6463E-002  -3.0433E-002  -5.6372E-001  -2.2559E-002   4.7449E-002   6.4535E-002  -4.8054E-002  -9.1035E-001  -2.1600E-001  -2.3440E-002   2.0469E-001   8.0671E-001  
 2.3084E+000  -5.3904E-001   1.7042E+000   1.3742E-001   1.5856E-002   1.9830E-002  -9.2964E-002   3.4504E-002   5.8544E-002  -5.3552E-002  -4.6338E-002  -3.3552E-002  -2.1708E-002  -4.1514E-002  -4.5759E-001  -6.6804E-003   1.2013E-002   2.8936E-002  -2.0826E-002  -8.9309E-001  -2.1280E-001  -2.4024E-002   2.1366E-001   8.9255E-001  
 1.8009E+000  -6.4790E-001   1.6942E+000   1.8436E-001  -1.2513E-001  -1.2756E-001  -5.6143E-002   2.7406E-002   1.1873E-002  -3.9854E-002   7.4390E-004  -3.9674E-002  -3.7541E-002  -5.4875E-002  -3.7442E-001   3.7762E-003  -1.0637E-002   1.0511E-002  -4.0533E-003  -8.9157E-001  -2.1314E-001  -2.0052E-002   2.1481E-001   9.1224E-001  
 1.2954E+000  -7.3278E-001   1.5214E+000   1.8285E-001  -1.9057E-001  -1.3938E-001  -3.1034E-002   2.0358E-002  -1.4179E-002  -2.5012E-002   3.2165E-002  -3.1141E-002  -3.9682E-002  -7.0178E-002  -3.0241E-001   9.6024E-003  -2.1123E-002   2.7902E-003   4.3958E-003  -8.9931E-001  -2.1534E-001  -1.7214E-002   2.0989E-001   8.6894E-001  
 8.4557E-001  -7.9505E-001   1.2328E+000   1.5472E-001  -1.9517E-001  -7.8863E-002  -1.4506E-002   1.4362E-002  -2.4931E-002  -1.2747E-002   5.0823E-002  -1.5114E-002  -3.3202E-002  -8.6695E-002  -2.3565E-001   1.1865E-002  -1.9530E-002   1.2606E-003   6.4585E-003  -9.0974E-001  -2.1789E-001  -1.9957E-002   2.0253E-001   7.9219E-001  
 4.9118E-001  -8.3705E-001   8.6219E-001   1.2149E-001  -1.5549E-001   9.7448E-004  -6.5292E-003   1.0394E-002  -2.3753E-002  -5.7666E-003   6.3171E-002  -4.5328E-004  -2.3793E-002  -1.0330E-001  -1.6843E-001   1.3604E-002  -1.4334E-002   6.0530E-004   6.2564E-003  -9.1739E-001  -2.1974E-001  -2.2500E-002   1.9689E-001   7.0659E-001  
 2.6332E-001  -8.6141E-001   4.3793E-001   9.6208E-002  -8.5275E-002   6.4328E-002  -2.8916E-003   8.2467E-003  -1.4736E-002  -2.8541E-003   6.9969E-002   9.2250E-003  -1.2334E-002  -1.1999E-001  -1.0049E-001   1.4550E-002  -7.5840E-003   7.1463E-004   3.8988E-003  -9.2202E-001  -2.2088E-001  -2.3974E-002   1.9336E-001   6.6696E-001  
 1.8537E-001  -8.6931E-001  -8.0838E-003   8.6904E-002  -2.4897E-004   8.7831E-002  -1.4008E-003   7.5780E-003  -1.7126E-003  -3.1512E-003   7.2140E-002   1.2622E-002   6.8947E-005  -1.3641E-001  -3.2657E-002   1.4844E-002   9.4666E-005   1.1122E-003   5.7198E-004  -9.2357E-001  -2.2130E-001  -2.4493E-002   1.9215E-001   6.7008E-001  
 2.6258E-001  -8.6141E-001  -4.5410E-001   9.6096E-002   8.4831E-002   6.4453E-002   9.1559E-005   8.2450E-003   1.2185E-002  -6.3781E-003   6.9956E-002   9.2623E-003   1.2438E-002  -1.5254E-001   3.5228E-002   1.4547E-002   7.7776E-003   1.7772E-003  -3.0203E-003  -9.2204E-001  -2.2097E-001  -2.3998E-002   1.9330E-001   6.6502E-001  
 4.8971E-001  -8.3705E-001  -8.7838E-001   1.2125E-001   1.5522E-001   1.2781E-003   3.7537E-003   1.0412E-002   2.3843E-002  -1.2829E-002   6.3177E-002  -4.1271E-004   2.3780E-002  -1.6845E-001   1.0332E-001   1.3577E-002   1.4509E-002   2.7089E-003  -6.1592E-003  -9.1742E-001  -2.1987E-001  -2.2581E-002   1.9676E-001   7.0502E-001  
 8.4341E-001  -7.9513E-001  -1.2491E+000   1.5429E-001   1.9527E-001  -7.8278E-002   1.1823E-002   1.4485E-002   2.9371E-002  -2.3262E-002   5.0913E-002  -1.5121E-002   3.2874E-002  -1.8402E-001   1.7075E-001   1.1729E-002   1.9613E-002   4.1897E-003  -7.5529E-003  -9.0979E-001  -2.1800E-001  -2.0134E-002   2.0239E-001   7.9196E-001  
 1.2924E+000  -7.3288E-001  -1.5375E+000   1.8255E-001   1.9112E-001  -1.3826E-001   2.8132E-002   2.0478E-002   2.4688E-002  -3.9003E-002   3.1976E-002  -3.1436E-002   3.9139E-002  -1.9931E-001   2.3779E-001   9.5612E-003   2.1516E-002   6.5365E-003  -7.0466E-003  -8.9938E-001  -2.1543E-001  -1.7086E-002   2.0975E-001   8.6866E-001  
 1.7974E+000  -6.4738E-001  -1.7098E+000   1.8476E-001   1.2724E-001  -1.2562E-001   5.3716E-002   2.8179E-002   7.4275E-003  -5.8549E-002   1.1088E-003  -4.0097E-002   3.8404E-002  -2.1714E-001   3.0946E-001   5.1023E-003   1.1896E-002   1.3820E-002   3.8232E-004  -8.9176E-001  -2.1319E-001  -1.8988E-002   2.1466E-001   9.0360E-001  
 2.3041E+000  -5.3695E-001  -1.7207E+000   1.3707E-001  -1.0314E-002   2.5103E-002   8.9644E-002   3.7167E-002  -2.5066E-002  -7.8853E-002  -4.6174E-002  -3.1052E-002   2.5969E-002  -2.4080E-001   3.9105E-001  -2.8507E-003  -1.2621E-002   2.9878E-002   1.9528E-002  -8.9310E-001  -2.1286E-001  -2.3875E-002   2.1355E-001   8.8910E-001  
 2.7629E+000  -4.0008E-001  -1.5256E+000   9.5081E-003  -2.3962E-001   3.9476E-001   1.3289E-001   4.4556E-002  -7.2653E-002  -9.2469E-002  -1.1581E-001   9.5843E-003  -4.8336E-003  -2.7708E-001   4.9319E-001  -1.4946E-002  -5.2265E-002   5.9920E-002   5.5538E-002  -9.1040E-001  -2.1782E-001  -2.4294E-002   2.0415E-001   8.0526E-001  
 2.7794E+000  -6.0471E-001   1.5045E+000  -1.9460E-001   6.1528E-001   6.1884E-001   9.6329E-003   1.0736E-002  -5.5494E-002   7.1519E-003  -1.9381E-001   1.2283E-001   1.0690E-001  -1.0468E-001  -7.2239E-001  -4.0702E-002   1.0799E-001   1.6309E-001  -7.3463E-002  -9.9100E-001  -2.4501E-001  -1.5745E-002   1.7349E-001   5.9998E-001  
 2.5035E+000  -7.4159E-001   1.5504E+000   9.8064E-002   1.2465E-001   1.1055E-001  -1.0041E-001   5.9967E-002  -3.4128E-002  -1.1225E-001  -7.1754E-002  -8.3945E-003  -2.5179E-002  -1.0720E-001  -4.8685E-001  -7.6814E-003   2.7205E-002   5.1106E-002  -1.1119E-002  -8.9739E-001  -2.1681E-001  -2.4752E-002   2.1105E-001   8.6788E-001  
 2.0480E+000  -9.1073E-001   1.5693E+000   1.7412E-001  -1.0116E-001  -4.3681E-002  -6.7518E-002   4.7757E-002  -5.9821E-002  -8.1703E-002  -1.7532E-002  -2.3017E-002  -5.0331E-002  -1.2118E-001  -3.9393E-001   6.5237E-003  -4.7051E-003   2.1717E-002   7.3493E-003  -8.8878E-001  -2.1330E-001  -1.7919E-002   2.1678E-001   9.0488E-001  
 1.5864E+000  -1.0445E+000   1.4280E+000   1.9096E-001  -2.1331E-001  -5.7295E-002  -3.9547E-002   3.4560E-002  -6.8656E-002  -4.9615E-002   1.6203E-002  -1.6996E-002  -5.3013E-002  -1.3615E-001  -3.1849E-001   1.2811E-002  -1.7422E-002   9.0466E-003   1.5711E-002  -8.9272E-001  -2.1429E-001  -1.5010E-002   2.1451E-001   8.8028E-001  
 1.1735E+000  -1.1419E+000   1.1667E+000   1.7746E-001  -2.3744E-001   2.4904E-003  -2.0730E-002   2.5098E-002  -6.5231E-002  -2.4905E-002   3.7289E-002  -1.5586E-003  -4.5344E-002  -1.5337E-001  -2.5083E-001   1.6143E-002  -1.7305E-002   4.2755E-003   1.5295E-002  -9.0196E-001  -2.1606E-001  -1.7349E-002   2.0820E-001   8.0778E-001  
 8.4688E-001  -1.2080E+000   8.2022E-001   1.5460E-001  -1.9590E-001   8.1942E-002  -1.0505E-002   1.8891E-002  -5.0936E-002  -9.3627E-003   5.1116E-002   1.3217E-002  -3.2485E-002  -1.7044E-001  -1.8387E-001   1.8262E-002  -1.2630E-002   1.9377E-003   1.2144E-002  -9.0957E-001  -2.1784E-001  -2.0262E-002   2.0273E-001   7.4804E-001  
 6.3618E-001  -1.2462E+000   4.1766E-001   1.3604E-001  -1.0917E-001   1.4487E-001  -4.8046E-003   1.5101E-002  -2.9298E-002  -1.8804E-003   5.8412E-002   2.3241E-002  -1.6880E-002  -1.8732E-001  -1.1622E-001   1.9934E-002  -6.6731E-003   1.1435E-003   7.2197E-003  -9.1427E-001  -2.1899E-001  -2.1573E-002   1.9924E-001   7.5906E-001  
 5.6389E-001  -1.2585E+000  -8.0709E-003   1.2917E-001  -4.5061E-004   1.6815E-001  -1.4111E-003   1.3730E-002  -3.8987E-003  -1.3007E-003   6.0502E-002   2.6830E-002   1.5359E-004  -2.0375E-001  -4.8755E-002   2.0708E-002   1.0293E-004   1.4350E-003   1.2001E-003  -9.1584E-001  -2.1946E-001  -2.1746E-002   1.9804E-001   7.6082E-001  
 6.3537E-001  -1.2462E+000  -4.3380E-001   1.3603E-001   1.0834E-001   1.4481E-001   1.9666E-003   1.4965E-002   2.2391E-002  -7.1356E-003   5.8260E-002   2.3450E-002   1.7176E-002  -2.1976E-001   1.8771E-002   2.0092E-002   6.9122E-003   2.6529E-003  -5.1305E-003  -9.1429E-001  -2.1918E-001  -2.1451E-002   1.9914E-001   7.5664E-001  
 8.4540E-001  -1.2079E+000  -8.3646E-001   1.5438E-001   1.9537E-001   8.1865E-002   7.8326E-003   1.8798E-002   4.6673E-002  -1.9860E-002   5.1093E-002   1.3622E-002   3.2505E-002  -2.3538E-001   8.6603E-002   1.8352E-002   1.2685E-002   4.8146E-003  -1.0852E-002  -9.0962E-001  -2.1810E-001  -2.0318E-002   2.0256E-001   7.4483E-001  
 1.1712E+000  -1.1419E+000  -1.1830E+000   1.7720E-001   2.3739E-001   2.5444E-003   1.8051E-002   2.5013E-002   6.5326E-002  -4.0628E-002   3.7190E-002  -1.1559E-003   4.5089E-002  -2.5039E-001   1.5387E-001   1.6261E-002   1.7456E-002   8.4960E-003  -1.5220E-002  -9.0203E-001  -2.1620E-001  -1.7286E-002   2.0800E-001   8.0198E-001  
 1.5835E+000  -1.0440E+000  -1.4436E+000   1.9173E-001   2.1453E-001  -5.7037E-002   3.7165E-002   3.4863E-002   7.5099E-002  -7.1321E-002   1.6343E-002  -1.7163E-002   5.3555E-002  -2.6555E-001   2.2153E-001   1.3897E-002   1.9106E-002   1.3779E-002  -1.6898E-002  -8.9289E-001  -2.1373E-001  -1.3483E-002   2.1447E-001   8.8009E-001  
 2.0449E+000  -9.0910E-001  -1.5834E+000   1.7682E-001   1.0504E-001  -4.3051E-002   6.6130E-002   4.9161E-002   7.5325E-002  -1.1097E-001  -1.6508E-002  -2.3891E-002   5.3412E-002  -2.8455E-001   2.9610E-001   9.7172E-003   8.6955E-003   2.5417E-002  -9.2930E-003  -8.8912E-001  -2.1160E-001  -1.4527E-002   2.1703E-001   8.8291E-001  
 2.5020E+000  -7.3574E-001  -1.5611E+000   1.0483E-001  -1.1252E-001   1.1250E-001   1.0195E-001   6.5904E-002   6.4763E-002  -1.5488E-001  -6.8600E-002  -8.8241E-003   3.6354E-002  -3.1103E-001   3.8446E-001   1.7165E-004  -2.0838E-002   4.8763E-002   1.2245E-002  -8.9733E-001  -2.1171E-001  -2.0675E-002   2.1230E-001   8.4210E-001  
 2.8064E+000  -5.6635E-001  -1.4801E+000  -1.5786E-001  -5.4749E-001   6.1414E-001   2.0354E-002   4.5293E-002   1.2294E-001  -9.3425E-002  -1.8031E-001   1.1975E-001  -5.7856E-002  -3.8418E-001   5.9001E-001  -2.3386E-002  -9.6460E-002   1.3416E-001   8.8780E-002  -9.8620E-001  -2.1882E-001  -1.5503E-002   1.7825E-001   6.5080E-001  
 3.4053E+000  -2.0609E-001   7.3843E-001   1.8689E-002   4.9822E-001   6.5113E-001  -2.3005E-001   2.7825E-001  -4.2516E-001  -2.9348E-001  -1.4705E-001   1.6442E-001  -5.6110E-002  -3.3484E-001  -8.0509E-001  -9.7995E-003   4.2685E-002   1.7059E-001  -1.4049E-001  -1.0783E+000  -2.3048E-001  -1.2805E-002   1.4390E-001   4.7487E-001  
 2.7494E+000  -8.3217E-001   1.3155E+000   4.2242E-002   3.4621E-001   1.8541E-001  -1.2165E-001   1.0411E-001  -1.6514E-001  -1.6968E-001  -1.0234E-001   1.9615E-002  -2.7855E-002  -1.7718E-001  -5.1966E-001  -4.3496E-003   3.5196E-002   6.9471E-002  -1.9811E-003  -9.0531E-001  -2.2063E-001  -1.8308E-002   2.0801E-001   8.0329E-001  
 2.3560E+000  -1.0744E+000   1.3861E+000   1.4592E-001   2.5478E-002   2.4715E-002  -8.4234E-002   7.9821E-002  -1.6056E-001  -1.1606E-001  -4.5269E-002  -5.8476E-004  -5.6094E-002  -1.8789E-001  -4.1810E-001   9.2610E-003   2.4752E-003   3.4365E-002   1.9090E-002  -8.8897E-001  -2.1575E-001  -1.3236E-002   2.1741E-001   8.6830E-001  
 1.9522E+000  -1.2630E+000   1.2900E+000   1.8811E-001  -1.5307E-001   7.8059E-003  -5.2898E-002   5.9650E-002  -1.4625E-001  -6.7260E-002  -7.4181E-003   2.4404E-003  -6.2325E-002  -2.0326E-001  -3.3740E-001   1.7300E-002  -1.3444E-002   1.5254E-002   2.6464E-002  -8.8772E-001  -2.1399E-001  -9.3730E-003   2.1837E-001   8.3704E-001  
 1.5877E+000  -1.4015E+000   1.0684E+000   1.9393E-001  -2.1618E-001   6.4763E-002  -3.0815E-002   4.4687E-002  -1.2129E-001  -3.0357E-002   1.6520E-002   1.5134E-002  -5.4377E-002  -2.2020E-001  -2.6597E-001   2.0511E-002  -1.5711E-002   5.5836E-003   2.5542E-002  -8.9254E-001  -2.1366E-001  -1.1261E-002   2.1508E-001   8.0040E-001  
 1.2973E+000  -1.4962E+000   7.5794E-001   1.8396E-001  -1.9278E-001   1.4312E-001  -1.6367E-002   3.4584E-002  -8.7967E-002  -5.3564E-003   3.1240E-002   2.9352E-002  -3.8174E-002  -2.3696E-001  -1.9864E-001   2.1313E-002  -1.0764E-002   1.7828E-003   1.9941E-002  -8.9882E-001  -2.1514E-001  -1.5997E-002   2.1049E-001   8.2536E-001  
 1.1099E+000  -1.5508E+000   3.8765E-001   1.7364E-001  -1.1144E-001   2.0545E-001  -7.9239E-003   2.9452E-002  -4.9046E-002   7.1293E-003   4.0216E-002   3.9480E-002  -1.9509E-002  -2.5417E-001  -1.3157E-001   2.2721E-002  -5.3015E-003  -1.0732E-004   1.1263E-002  -9.0353E-001  -2.1635E-001  -1.8172E-002   2.0712E-001   8.4002E-001  
 1.0454E+000  -1.5686E+000  -8.0138E-003   1.6945E-001  -7.9677E-004   2.2849E-001  -1.4952E-003   2.7749E-002  -6.9071E-003   8.7098E-003   4.2963E-002   4.3011E-002   3.9239E-004  -2.7065E-001  -6.4698E-002   2.3225E-002   1.8993E-004   7.8565E-005   1.9046E-003  -9.0510E-001  -2.1690E-001  -1.8823E-002   2.0587E-001   8.4380E-001  
 1.1092E+000  -1.5508E+000  -4.0376E-001   1.7345E-001   1.1002E-001   2.0517E-001   5.0588E-003   2.9437E-002   3.6081E-002   1.4779E-004   4.0272E-002   3.9771E-002   2.0097E-002  -2.8647E-001   2.2585E-003   2.2646E-002   5.5363E-003   1.8022E-003  -7.6517E-003  -9.0356E-001  -2.1673E-001  -1.8343E-002   2.0694E-001   8.3890E-001  
 1.2959E+000  -1.4962E+000  -7.7419E-001   1.8355E-001   1.9180E-001   1.4259E-001   1.3747E-002   3.4588E-002   7.7614E-002  -1.9337E-002   3.1404E-002   2.9945E-002   3.8354E-002  -3.0162E-001   6.9574E-002   2.1165E-002   1.0758E-002   5.4982E-003  -1.7048E-002  -8.9890E-001  -2.1574E-001  -1.6325E-002   2.1023E-001   8.2339E-001  
 1.5855E+000  -1.4014E+000  -1.0846E+000   1.9371E-001   2.1596E-001   6.3988E-002   2.8292E-002   4.4600E-002   1.1526E-001  -5.1673E-002   1.6541E-002   1.5565E-002   5.4470E-002  -3.1711E-001   1.3700E-001   2.0540E-002   1.6163E-002   1.0741E-002  -2.3857E-002  -8.9270E-001  -2.1420E-001  -1.1167E-002   2.1474E-001   7.8788E-001  
 1.9496E+000  -1.2622E+000  -1.3047E+000   1.8974E-001   1.5504E-001   6.1382E-003   5.1506E-002   5.9918E-002   1.4637E-001  -9.7975E-002  -6.8437E-003   1.2348E-003   6.4265E-002  -3.3362E-001   2.0698E-001   1.8633E-002   1.6740E-002   1.9557E-002  -2.6375E-002  -8.8773E-001  -2.1189E-001  -7.1473E-003   2.1874E-001   8.2597E-001  
 2.3548E+000  -1.0704E+000  -1.3962E+000   1.5303E-001  -1.7220E-002   2.1708E-002   8.6760E-002   8.2941E-002   1.7065E-001  -1.6017E-001  -4.2061E-002  -4.2372E-003   6.4492E-002  -3.5528E-001   2.8440E-001   1.4680E-002   6.4705E-003   3.4475E-002  -1.9084E-002  -8.8926E-001  -2.1084E-001  -7.6517E-003   2.1852E-001   8.4635E-001  
 2.7527E+000  -8.2147E-001  -1.3180E+000   5.7105E-002  -3.2490E-001   1.8137E-001   1.3066E-001   1.1379E-001   1.9116E-001  -2.3356E-001  -9.6055E-002   1.4523E-002   4.7325E-002  -3.8795E-001   3.7900E-001   5.7868E-003  -2.2689E-002   6.1522E-002   5.0862E-003  -9.0544E-001  -2.1259E-001  -1.3520E-002   2.1001E-001   7.8287E-001  
 3.1858E+000  -2.9609E-001  -1.0239E+000  -9.9724E-002  -5.8175E-001   8.2234E-001   1.2379E-001   2.6766E-001   5.7150E-001  -3.1721E-001  -1.7752E-001   2.1995E-001   7.6306E-002  -6.7527E-001   6.7123E-001  -1.8159E-002  -6.6132E-002   1.2846E-001   1.8712E-001  -1.0920E+000  -2.7342E-001  -1.5313E-002   1.4516E-001   4.5788E-001  
 2.3623E+000  -1.3444E+000   1.0964E+000   1.6195E-001   1.1947E-002   6.6003E-003  -7.6140E-002   1.0406E-001  -2.5425E-001  -7.6286E-002  -3.8503E-002   2.1668E-002  -6.9799E-002  -2.7572E-001  -3.5915E-001   2.2162E-002  -1.2239E-002   1.6692E-002   3.5578E-002  -8.8725E-001  -2.1333E-001  -1.4041E-003   2.2036E-001   7.9050E-001  
 2.0524E+000  -1.5347E+000   9.3198E-001   1.8690E-001  -1.1196E-001   5.8703E-002  -4.5801E-002   7.8603E-002  -1.9761E-001  -2.4175E-002  -1.3677E-002   3.0560E-002  -5.8981E-002  -2.8940E-001  -2.8240E-001   2.1858E-002  -1.4198E-002   3.8331E-003   3.6312E-002  -8.8508E-001  -2.1135E-001  -4.5747E-003   2.2093E-001   7.9651E-001  
 1.8057E+000  -1.6632E+000   6.7029E-001   1.9333E-001  -1.3443E-001   1.3481E-001  -2.6122E-002   6.4160E-002  -1.3924E-001   1.0390E-002   3.4705E-003   4.3433E-002  -4.2532E-002  -3.0622E-001  -2.1402E-001   2.1807E-002  -1.0626E-002  -2.5294E-003   2.7563E-002  -8.8924E-001  -2.1180E-001  -9.7059E-003   2.1768E-001   8.3590E-001  
 1.6452E+000  -1.7391E+000   3.4549E-001   1.9094E-001  -8.5190E-002   1.9536E-001  -1.2062E-002   5.5478E-002  -7.5583E-002   2.8604E-002   1.2705E-002   5.2068E-002  -2.0926E-002  -3.2248E-001  -1.4656E-001   1.9578E-002  -4.6245E-003  -5.1357E-003   1.6524E-002  -8.9190E-001  -2.1297E-001  -1.5469E-002   2.1530E-001   8.7752E-001  
 1.5901E+000  -1.7639E+000  -8.0743E-003   1.8912E-001  -1.3415E-003   2.1754E-001  -1.5348E-003   5.2823E-002  -1.1078E-002   3.1141E-002   1.5909E-002   5.4901E-002   2.9886E-004  -3.3908E-001  -8.0774E-002   1.8421E-002  -4.7333E-005  -5.6343E-003   2.6763E-003  -8.9322E-001  -2.1404E-001  -1.7799E-002   2.1403E-001   8.9821E-001  
 1.6443E+000  -1.7400E+000  -3.6186E-001   1.8945E-001   8.2440E-002   1.9418E-001   8.9540E-003   5.4889E-002   5.3873E-002   1.9276E-002   1.2397E-002   5.1301E-002   2.0936E-002  -3.5495E-001  -1.5365E-002   1.7536E-002   4.1507E-003  -3.5001E-003  -1.1880E-002  -8.9200E-001  -2.1485E-001  -1.7285E-002   2.1469E-001   8.9782E-001  
 1.8039E+000  -1.6649E+000  -6.8698E-001   1.9073E-001   1.3192E-001   1.3242E-001   2.3113E-002   6.2892E-002   1.1951E-001  -8.4376E-003   2.7655E-003   4.1942E-002   4.1672E-002  -3.7133E-001   5.1491E-002   1.8293E-002   9.7860E-003   6.0877E-004  -2.4290E-002  -8.8944E-001  -2.1495E-001  -1.2620E-002   2.1668E-001   8.6809E-001  
 2.0500E+000  -1.5363E+000  -9.4800E-001   1.8496E-001   1.1098E-001   5.4959E-002   4.3679E-002   7.7176E-002   1.8204E-001  -5.3562E-002  -1.4169E-002   2.7995E-002   5.8840E-002  -3.8776E-001   1.1879E-001   1.8744E-002   1.4884E-002   7.2077E-003  -3.4350E-002  -8.8542E-001  -2.1430E-001  -6.3442E-003   2.1993E-001   8.2757E-001  
 2.3598E+000  -1.3448E+000  -1.1098E+000   1.6300E-001  -9.2683E-003   5.1718E-004   7.6413E-002   1.0315E-001   2.4487E-001  -1.1907E-001  -3.7936E-002   1.6568E-002   7.2950E-002  -4.0918E-001   1.9242E-001   2.1097E-002   1.6967E-002   1.7679E-002  -3.5182E-002  -8.8753E-001  -2.1307E-001  -4.0231E-004   2.2022E-001   7.6344E-001  
 2.7755E+000  -1.2376E+000   8.3938E-001   9.0915E-002   2.9649E-001  -1.2114E-001  -1.1276E-001   1.7371E-001  -4.0213E-001  -7.3557E-002  -8.2876E-002   3.1433E-002  -7.2909E-002  -3.5993E-001  -3.8871E-001   1.5028E-002  -9.4680E-003   8.6299E-003   4.0910E-002  -8.9972E-001  -2.1552E-001  -3.0043E-003   2.1540E-001   7.5607E-001  
 2.5227E+000  -1.4891E+000   7.4787E-001   1.3893E-001   8.2036E-002  -7.7585E-002  -7.2612E-002   1.3531E-001  -3.0617E-001  -6.8352E-003  -5.4625E-002   3.5541E-002  -6.5388E-002  -3.7193E-001  -3.0621E-001   1.5746E-002  -1.5936E-002  -9.8550E-003   3.9894E-002  -8.9191E-001  -2.1170E-001  -1.9812E-003   2.1856E-001   7.7754E-001  
 2.3186E+000  -1.6641E+000   5.5355E-001   1.5686E-001  -1.1809E-002  -8.7366E-003  -4.1676E-002   1.0830E-001  -2.0852E-001   3.8664E-002  -3.8893E-002   4.2525E-002  -4.5002E-002  -3.8459E-001  -2.3209E-001   8.7730E-003  -1.1605E-002  -1.8777E-002   3.2994E-002  -8.8823E-001  -2.1035E-001  -9.3574E-003   2.1908E-001   8.9086E-001  
 2.1868E+000  -1.7658E+000   2.8843E-001   1.6327E-001  -2.7616E-002   4.8506E-002  -1.9807E-002   9.4421E-002  -1.1270E-001   6.2676E-002  -2.9401E-002   4.8715E-002  -2.3198E-002  -3.9992E-001  -1.6371E-001   3.0821E-003  -6.1341E-003  -2.2823E-002   1.9014E-002  -8.8816E-001  -2.1080E-001  -1.6951E-002   2.1787E-001   9.2913E-001  
 2.1415E+000  -1.7991E+000  -8.7238E-003   1.6402E-001  -3.1653E-003   6.9721E-002  -2.2494E-003   9.0194E-002  -1.7860E-002   6.6989E-002  -2.6222E-002   5.0931E-002  -1.3835E-003  -4.1554E-001  -9.8533E-002   1.8649E-004  -1.3033E-003  -2.2978E-002   1.7234E-003  -8.8823E-001  -2.1272E-001  -2.0665E-002   2.1705E-001   9.2216E-001  
 2.1854E+000  -1.7684E+000  -3.0599E-001   1.5994E-001   2.1437E-002   4.5737E-002   1.5457E-002   9.2628E-002   7.7570E-002   5.0417E-002  -3.0401E-002   4.6186E-002   2.0189E-002  -4.3284E-001  -3.3746E-002  -1.2236E-003   3.5297E-003  -2.1848E-002  -1.5978E-002  -8.8831E-001  -2.1466E-001  -1.9948E-002   2.1677E-001   9.0581E-001  
 2.3151E+000  -1.6702E+000  -5.7170E-001   1.4963E-001   5.3094E-003  -1.5620E-002   3.7300E-002   1.0328E-001   1.7393E-001   1.2735E-002  -4.1644E-002   3.6034E-002   4.0535E-002  -4.5126E-001   3.2003E-002  -3.1489E-004   8.8466E-003  -1.8200E-002  -3.2377E-002  -8.8824E-001  -2.1628E-001  -1.4856E-002   2.1740E-001   8.6262E-001  
 2.5173E+000  -1.4976E+000  -7.6544E-001   1.3038E-001  -8.7390E-002  -8.9245E-002   6.9390E-002   1.2761E-001   2.7382E-001  -4.8159E-002  -5.8115E-002   2.4916E-002   6.1216E-002  -4.7345E-001   1.0202E-001   5.0778E-003   1.5120E-002  -1.1366E-002  -4.1871E-002  -8.9188E-001  -2.1706E-001  -6.6872E-003   2.1698E-001   8.1666E-001  
 2.7710E+000  -1.2444E+000  -8.5174E-001   8.7283E-002  -2.9512E-001  -1.3859E-001   1.1482E-001   1.6681E-001   3.7604E-001  -1.3510E-001  -8.4136E-002   1.6154E-002   7.5053E-002  -5.0003E-001   1.7821E-001   7.6859E-003   1.4725E-002   1.5569E-003  -4.4016E-002  -8.9989E-001  -2.1792E-001  -4.0864E-003   2.1462E-001   7.6323E-001  
 2.5027E+000  -1.6919E+000   8.9473E-001  -4.8474E-001   1.1619E+000  -8.4025E-001  -1.0306E-002  -8.7873E-002  -3.7392E-001  -1.8325E-001  -2.7793E-001  -1.0977E-001   3.9272E-002  -5.6458E-001  -4.0741E-001  -1.3175E-001   6.8470E-002  -6.0165E-002   1.3140E-003  -1.0387E+000  -2.2582E-001  -2.4002E-002   1.3612E-001   5.1364E-001  
 3.0359E+000  -1.1120E+000   4.4436E-001   1.0046E-001   2.7177E-001  -3.6615E-001  -1.6488E-001   2.9910E-001  -5.5841E-001   1.5013E-002  -8.8213E-002   4.8136E-002  -1.3495E-001  -5.2254E-001  -4.0680E-001   1.0041E-002  -2.7399E-002  -4.4488E-002  -8.0896E-003  -9.6695E-001  -2.3963E-001  -1.3368E-002   1.9068E-001   6.9235E-001  
 2.7930E+000  -1.4473E+000   3.9841E-001   4.9185E-002   1.7769E-001  -3.6466E-001  -6.7922E-002   1.7077E-001  -3.0608E-001   7.6813E-002  -1.0046E-001   1.2937E-002  -4.8930E-002  -4.8587E-001  -2.5756E-001  -2.1283E-002  -1.3824E-002  -5.4696E-002   3.2429E-002  -9.0607E-001  -2.1247E-001  -1.3016E-002   2.1021E-001   7.7509E-001  
 2.6847E+000  -1.5872E+000   2.1234E-001   5.8480E-002   6.2969E-002  -3.1812E-001  -3.3287E-002   1.4259E-001  -1.6561E-001   1.0386E-001  -9.4070E-002   1.0744E-002  -2.7120E-002  -5.0145E-001  -1.8672E-001  -3.3930E-002  -8.8810E-003  -6.3423E-002   1.6902E-002  -9.0380E-001  -2.1315E-001  -2.0564E-002   2.0931E-001   8.1984E-001  
 2.6457E+000  -1.6366E+000  -1.0831E-002   5.6855E-002  -8.2156E-003  -3.0357E-001  -4.5898E-003   1.3043E-001  -2.9854E-002   1.0589E-001  -9.3748E-002   6.6884E-003  -5.9691E-003  -5.1867E-001  -1.2095E-001  -4.2628E-002  -3.5980E-003  -6.7154E-002  -2.5371E-003  -9.0341E-001  -2.1568E-001  -2.5522E-002   2.0817E-001   8.4555E-001  
 2.6794E+000  -1.5970E+000  -2.3448E-001   4.8609E-002  -7.9872E-002  -3.2739E-001   2.4037E-002   1.3421E-001   1.0551E-001   8.5030E-002  -9.8165E-002   1.9199E-003   1.4428E-002  -5.3648E-001  -5.6527E-002  -4.3490E-002   1.7153E-003  -6.5697E-002  -2.2825E-002  -9.0382E-001  -2.1886E-001  -2.4352E-002   2.0779E-001   8.4077E-001  
 2.7832E+000  -1.4648E+000  -4.2098E-001   3.2437E-002  -1.9480E-001  -3.8266E-001   5.9216E-002   1.5562E-001   2.4596E-001   3.8887E-002  -1.0711E-001  -3.2500E-003   3.5667E-002  -5.5651E-001   1.0668E-002  -3.6712E-002   7.8535E-003  -5.9570E-002  -4.0157E-002  -9.0613E-001  -2.2164E-001  -1.7928E-002   2.0776E-001   8.0718E-001  
 2.9688E+000  -1.2130E+000  -4.9367E-001   2.4062E-002  -3.3781E-001  -4.5533E-001   1.3571E-001   2.1434E-001   4.4075E-001  -7.9560E-002  -1.1552E-001  -1.5246E-002   9.0921E-002  -6.4038E-001   1.0305E-001  -2.4523E-002   1.8829E-002  -7.0701E-002  -2.8926E-002  -9.6229E-001  -2.3112E-001  -1.4176E-002   1.9029E-001   7.4573E-001  
 2.6360E+000  -1.5839E+000  -7.4171E-001  -4.0845E-001  -9.8704E-001  -9.3827E-001   9.9849E-002  -6.8033E-002   3.6722E-001  -4.2789E-001  -2.5813E-001  -1.8845E-001   1.8416E-002  -8.1919E-001   7.1513E-002  -1.2153E-001  -5.3756E-002  -1.3856E-001  -2.4637E-002  -1.0528E+000  -2.9291E-001  -2.2212E-002   1.3945E-001   5.8692E-001  
