 2.0555E+000   2.6771E+000   1.5409E+000  -1.4015E+000  -2.2781E+000  -1.3268E+000   5.7206E-001   9.9213E-001   6.2679E-001  -1.8239E-003  -6.1195E-001  -6.2484E-001  -1.0791E+000   4.2170E-001  -7.3893E-001   4.9681E-001   2.8614E-001   2.5800E-003   1.2079E+000  -5.1621E-002   2.9761E-002  -7.6187E-002   2.2598E-001   1.2233E+000  
 2.6423E+000   1.9152E+000   9.6872E-001  -3.8764E-001  -1.0951E+000  -8.1813E-001   7.5463E-002   1.5034E-001   1.4708E-001  -3.3853E-002  -2.9964E-001  -2.8024E-001  -4.4553E-001   2.0331E-001  -5.9330E-001   2.7052E-001   1.4128E-001   6.5309E-002   9.0851E-001  -3.9303E-002   6.0036E-002  -8.8626E-002   2.6614E-001   1.4079E+000  
 2.7107E+000   1.7282E+000   7.2748E-001  -6.0186E-002  -6.2840E-001  -5.0109E-001  -2.5465E-002  -9.6841E-002  -9.7842E-003  -1.5939E-001  -1.5486E-001  -8.8600E-002  -2.4846E-001   1.0536E-001  -4.3234E-001   1.2389E-001   7.0997E-002   5.5606E-002   7.6016E-001   6.4376E-003  -4.1600E-003  -6.7976E-002   3.0889E-001   1.3189E+000  
 2.6449E+000   1.7166E+000   5.3090E-001   2.6894E-002  -4.6575E-001  -3.6385E-001  -2.0316E-002  -1.2529E-001   5.3034E-002  -2.0884E-001  -1.1023E-001  -1.8979E-002  -2.2030E-001   4.1166E-002  -4.0877E-001   6.3963E-002   5.0322E-002   6.0571E-002   7.2001E-001   8.1255E-003  -1.2447E-002  -4.1770E-002   3.1875E-001   1.2632E+000  
 2.6361E+000   1.6328E+000   3.0363E-001   8.4786E-002  -3.7280E-001  -2.6617E-001  -4.2927E-003  -1.5313E-001   1.4189E-001  -2.3594E-001  -8.0987E-002   4.3448E-002  -2.2109E-001  -1.2214E-002  -3.9564E-001   9.9556E-003   4.3223E-002   5.4180E-002   6.9104E-001   4.0953E-003  -1.8210E-002  -1.3314E-002   3.2238E-001   1.2796E+000  
 2.6954E+000   1.4700E+000   7.6523E-002   1.2429E-001  -2.9792E-001  -2.1263E-001   2.4417E-002  -1.8897E-001   2.5423E-001  -2.3603E-001  -6.1318E-002   9.8562E-002  -2.4344E-001  -6.2797E-002  -3.9493E-001  -4.0268E-002   4.6902E-002   4.1715E-002   6.7365E-001  -1.7515E-003  -1.8005E-002   1.5035E-002   3.2004E-001   1.3480E+000  
 2.8263E+000   1.2170E+000  -1.1481E-001   1.5115E-001  -1.9531E-001  -1.9437E-001   7.1374E-002  -2.4170E-001   3.9048E-001  -2.0242E-001  -4.6666E-002   1.4723E-001  -2.8516E-001  -1.1831E-001  -4.0603E-001  -8.8331E-002   6.0867E-002   2.7806E-002   6.6800E-001  -4.9546E-003  -1.3023E-002   4.0638E-002   3.1224E-001   1.4254E+000  
 3.1827E+000   6.3465E-001  -1.2430E-001   3.5234E-001  -1.9770E-001  -3.6134E-002   2.3275E-001  -5.1776E-001   7.2660E-001  -1.8207E-001   4.0898E-002   3.0149E-001  -4.6759E-001  -2.0088E-001  -5.5006E-001  -2.0971E-001   1.1512E-001  -1.2758E-002   7.6659E-001   3.3188E-002   4.8167E-002   6.0019E-002   2.7849E-001   1.5044E+000  
 3.9512E+000  -4.9529E-001   2.9488E-001   1.0161E+000  -4.8095E-001   2.6653E-001   7.3581E-001  -1.2787E+000   1.2748E+000  -6.8565E-003   2.1005E-001   5.6829E-001  -9.8331E-001  -3.7882E-001  -6.6089E-001  -3.4741E-001   2.0072E-001   2.2611E-004   1.0086E+000   3.6995E-002   2.0768E-002   4.0650E-002   2.5766E-001   1.3071E+000  
 2.6654E+000   1.6822E+000   1.0454E+000  -7.4526E-002  -7.2838E-001  -3.8560E-001  -4.3599E-002  -6.4695E-002  -5.7101E-002   4.2467E-002  -1.6308E-001  -1.4670E-001  -2.3250E-001   2.5186E-001  -3.6814E-001   1.4476E-001   8.4481E-002  -1.6377E-002   7.8136E-001   5.8760E-003  -3.8237E-003  -8.3269E-002   3.0339E-001   1.3616E+000  
 2.4562E+000   1.8005E+000   9.5466E-001   4.1217E-002  -4.5032E-001  -2.6038E-001  -4.3761E-002  -8.3002E-002  -5.8151E-002  -3.2214E-002  -9.8134E-002  -8.4781E-002  -1.7186E-001   1.7015E-001  -3.4900E-001   9.0031E-002   5.1465E-002   1.1917E-002   7.4883E-001   1.4662E-002  -9.4897E-003  -6.7764E-002   3.1473E-001   1.3338E+000  
 2.2789E+000   1.8620E+000   7.6467E-001   1.1140E-001  -3.1646E-001  -1.1939E-001  -3.9516E-002  -9.1542E-002  -3.2042E-002  -8.9956E-002  -5.4258E-002  -2.5897E-002  -1.4356E-001   1.0293E-001  -3.3021E-001   4.3722E-002   3.0333E-002   2.6813E-002   7.1999E-001   1.8351E-002  -1.9995E-002  -4.7462E-002   3.2384E-001   1.2930E+000  
 2.1602E+000   1.8695E+000   5.0695E-001   1.5039E-001  -2.8212E-001   1.1291E-003  -2.9720E-002  -9.2056E-002   1.8391E-002  -1.2794E-001  -3.1003E-002   2.3070E-002  -1.4249E-001   4.7024E-002  -3.1785E-001   1.0115E-002   2.1422E-002   3.1203E-002   6.9826E-001   1.2425E-002  -3.0143E-002  -2.8467E-002   3.2731E-001   1.2482E+000  
 2.1216E+000   1.8205E+000   2.1323E-001   1.7115E-001  -2.9866E-001   7.8565E-002  -1.6511E-002  -9.0601E-002   8.4171E-002  -1.4176E-001  -2.3102E-002   5.9620E-002  -1.5745E-001  -5.0188E-003  -3.1279E-001  -1.2897E-002   2.0665E-002   3.0696E-002   6.8181E-001   1.9058E-003  -3.3632E-002  -1.2429E-002   3.2695E-001   1.2666E+000  
 2.1720E+000   1.7094E+000  -8.8225E-002   1.8339E-001  -3.2029E-001   1.1023E-001   1.3991E-003  -9.5086E-002   1.5912E-001  -1.3303E-001  -2.3325E-002   8.8871E-002  -1.8086E-001  -5.5672E-002  -3.1120E-001  -3.2818E-002   2.5212E-002   2.5640E-002   6.6769E-001  -9.5865E-003  -3.3220E-002   3.5638E-003   3.2533E-001   1.3307E+000  
 2.3116E+000   1.5270E+000  -3.6586E-001   1.9163E-001  -3.0726E-001   1.0693E-001   2.8952E-002  -1.1366E-001   2.4510E-001  -1.0154E-001  -2.5501E-002   1.1678E-001  -2.1193E-001  -1.0692E-001  -3.1659E-001  -5.6730E-002   3.4684E-002   1.5852E-002   6.5840E-001  -1.8628E-002  -2.5632E-002   2.2343E-002   3.2174E-001   1.3914E+000  
 2.5292E+000   1.2652E+000  -5.7791E-001   1.9489E-001  -2.2543E-001   9.1448E-002   7.4353E-002  -1.5315E-001   3.4428E-001  -4.0895E-002  -2.6363E-002   1.4525E-001  -2.5275E-001  -1.6468E-001  -3.2978E-001  -8.6221E-002   4.9591E-002   4.9334E-003   6.5710E-001  -1.9753E-002  -1.5014E-002   4.1763E-002   3.1500E-001   1.4453E+000  
 2.8072E+000   9.1263E-001  -6.8347E-001   1.8588E-001  -4.1663E-002   9.8970E-002   1.4486E-001  -2.1825E-001   4.5536E-001   5.7344E-002  -2.8628E-002   1.7513E-001  -3.0061E-001  -2.3221E-001  -3.4820E-001  -1.1732E-001   6.6117E-002  -6.6031E-003   6.6334E-001  -1.4494E-002  -5.6389E-003   5.5786E-002   3.0738E-001   1.4811E+000  
 2.3154E+000   1.6505E+000   1.1809E+000   9.7852E-002  -3.0312E-001  -2.1417E-001  -5.6922E-002  -8.0554E-002  -4.3881E-002   7.1253E-002  -6.3363E-002  -1.0533E-001  -1.0969E-001   2.2604E-001  -2.7346E-001   5.7273E-002   2.9076E-002  -2.1825E-002   7.2756E-001   2.3596E-002  -7.7326E-003  -5.2629E-002   3.2181E-001   1.3012E+000  
 2.0216E+000   1.7579E+000   1.0423E+000   1.5096E-001  -1.5364E-001  -9.8580E-002  -4.5414E-002  -7.6832E-002  -4.6103E-002   6.3530E-003  -1.8606E-002  -5.3900E-002  -8.4871E-002   1.5850E-001  -2.6388E-001   2.4031E-002   1.2769E-002  -1.4006E-003   7.1614E-001   2.8744E-002  -1.5458E-002  -4.0936E-002   3.2675E-001   1.2779E+000  
 1.7809E+000   1.8190E+000   8.0367E-001   1.7157E-001  -1.2189E-001   3.1488E-002  -3.3934E-002  -6.6053E-002  -2.2016E-002  -3.9985E-002   5.7582E-003  -1.0960E-002  -8.5945E-002   1.0203E-001  -2.6044E-001   5.1357E-003   7.4925E-003   1.0953E-002   7.1138E-001   2.2552E-002  -2.2503E-002  -3.3326E-002   3.2584E-001   1.2611E+000  
 1.6240E+000   1.8290E+000   4.9267E-001   1.8267E-001  -1.6435E-001   1.4561E-001  -2.4412E-002  -5.6958E-002   1.3114E-002  -6.8066E-002   1.7077E-002   2.6472E-002  -9.7544E-002   4.8355E-002  -2.5612E-001  -1.0784E-002   5.9079E-003   1.6474E-002   7.0289E-001   1.3610E-002  -2.9265E-002  -2.3824E-002   3.2418E-001   1.2319E+000  
 1.5700E+000   1.7914E+000   1.4495E-001   1.9059E-001  -2.4521E-001   2.1949E-001  -1.4915E-002  -4.9005E-002   5.6864E-002  -7.8282E-002   1.6743E-002   5.5979E-002  -1.1743E-001  -1.6562E-003  -2.5351E-001  -2.2609E-002   8.8429E-003   1.6053E-002   6.9364E-001   5.8483E-004  -3.2771E-002  -1.4519E-002   3.2203E-001   1.2386E+000  
 1.6255E+000   1.7061E+000  -2.1258E-001   1.9903E-001  -3.2746E-001   2.4685E-001  -3.9733E-003  -4.5578E-002   1.0594E-001  -7.0380E-002   9.7801E-003   7.8544E-002  -1.4120E-001  -5.1051E-002  -2.5333E-001  -3.2446E-002   1.4510E-002   1.2141E-002   6.8369E-001  -1.2851E-002  -3.0618E-002  -4.6438E-003   3.2114E-001   1.2927E+000  
 1.7878E+000   1.5694E+000  -5.5232E-001   2.0672E-001  -3.7620E-001   2.3534E-001   1.2643E-002  -5.0478E-002   1.5894E-001  -4.2793E-002   2.9037E-004   9.6210E-002  -1.6716E-001  -1.0223E-001  -2.5485E-001  -4.2126E-002   2.2224E-002   6.4482E-003   6.7320E-001  -2.3428E-002  -2.4764E-002   6.2996E-003   3.2105E-001   1.3393E+000  
 2.0386E+000   1.3795E+000  -8.3928E-001   2.0562E-001  -3.5554E-001   2.0634E-001   3.9094E-002  -6.4182E-002   2.1175E-001   6.4920E-003  -1.2094E-002   1.1048E-001  -1.9083E-001  -1.5371E-001  -2.5669E-001  -5.0219E-002   2.8395E-002  -1.3686E-003   6.6074E-001  -3.1889E-002  -1.6994E-002   1.5702E-002   3.2189E-001   1.3716E+000  
 2.3569E+000   1.1217E+000  -1.0348E+000   1.9343E-001  -2.4098E-001   2.0015E-001   8.3790E-002  -9.5634E-002   2.7161E-001   8.1912E-002  -2.4992E-002   1.3005E-001  -2.1869E-001  -2.1229E-001  -2.6684E-001  -6.5439E-002   3.5449E-002  -1.2465E-002   6.5702E-001  -2.9518E-002  -6.5044E-003   2.7339E-002   3.1997E-001   1.4032E+000  
 3.0060E+000   1.2798E+000   7.0305E-001  -1.8189E-001  -1.4166E+000  -3.6858E-001  -3.2353E-001   2.0925E-001   7.8639E-001   3.1881E-001  -1.9615E-001  -6.1364E-001  -4.1101E-001   7.5005E-001  -3.7219E-001   1.9884E-001  -2.1960E-002  -9.9507E-002   1.0248E+000  -7.5838E-002  -5.7102E-002  -1.6877E-002   2.4383E-001   1.1183E+000  
 2.7221E+000   1.1773E+000   1.1874E+000   3.0440E-002  -5.7309E-001  -1.7974E-001  -1.2713E-001  -8.2388E-002   1.1218E-001   2.4880E-001  -1.0932E-001  -2.0803E-001  -1.1186E-001   3.5958E-001  -2.1978E-001   6.6610E-002   1.0610E-002  -6.3875E-002   7.0940E-001   1.2649E-002   3.4024E-004  -2.7174E-002   3.1864E-001   1.2437E+000  
 2.3258E+000   1.3576E+000   1.3434E+000   1.2225E-001  -2.4258E-001  -2.4427E-001  -7.4396E-002  -7.5631E-002   2.7666E-002   1.5241E-001  -5.4050E-002  -1.4926E-001  -6.9012E-002   2.7604E-001  -2.0897E-001   3.7792E-002   5.9482E-003  -3.9884E-002   7.0056E-001   2.8378E-002   2.9218E-003  -3.2563E-002   3.2592E-001   1.2574E+000  
 1.9272E+000   1.4895E+000   1.3010E+000   1.6732E-001  -5.5404E-002  -1.9756E-001  -4.8732E-002  -6.5001E-002  -7.3082E-003   8.0563E-002  -8.1409E-003  -1.0093E-001  -4.7053E-002   2.1086E-001  -2.0599E-001   1.4811E-002  -2.5002E-003  -2.0094E-002   7.0509E-001   3.2553E-002  -1.3194E-003  -3.0823E-002   3.2652E-001   1.2521E+000  
 1.5674E+000   1.5755E+000   1.1179E+000   1.7862E-001   1.3085E-002  -8.6183E-002  -3.4235E-002  -5.4168E-002  -1.5037E-002   2.6946E-002   2.4144E-002  -5.5621E-002  -4.2967E-002   1.5498E-001  -2.0416E-001  -1.2148E-003  -5.6771E-003  -6.8426E-003   7.1154E-001   2.9536E-002  -9.7791E-003  -2.8656E-002   3.2478E-001   1.2484E+000  
 1.2795E+000   1.6209E+000   8.3410E-001   1.7415E-001  -7.3879E-003   4.3132E-002  -2.4018E-002  -4.3157E-002  -5.0895E-003  -9.6536E-003   4.1944E-002  -1.6296E-002  -5.1536E-002   1.0201E-001  -2.0395E-001  -1.0765E-002  -4.8866E-003   2.1779E-003   7.1630E-001   2.2198E-002  -1.6876E-002  -2.7433E-002   3.2075E-001   1.2440E+000  
 1.0918E+000   1.6282E+000   4.8063E-001   1.6799E-001  -8.8790E-002   1.5579E-001  -1.4785E-002  -3.2018E-002   1.6380E-002  -3.1119E-002   4.6757E-002   1.6160E-002  -6.7770E-002   5.0551E-002  -2.0446E-001  -1.7184E-002  -2.2193E-003   6.5455E-003   7.1819E-001   1.1308E-002  -2.1452E-002  -2.4736E-002   3.1553E-001   1.2242E+000  
 1.0267E+000   1.5985E+000   9.1195E-002   1.6881E-001  -1.9845E-001   2.2840E-001  -8.0330E-003  -2.3195E-002   4.3130E-002  -3.8039E-002   4.3635E-002   4.2450E-002  -8.7450E-002  -4.8685E-004  -2.0420E-001  -2.3933E-002   2.2698E-003   7.7209E-003   7.1481E-001   1.1214E-004  -2.3036E-002  -1.8536E-002   3.1261E-001   1.2034E+000  
 1.0898E+000   1.5333E+000  -3.0849E-001   1.7779E-001  -3.0712E-001   2.5420E-001  -2.3656E-003  -1.7727E-002   7.2546E-002  -3.1100E-002   3.5040E-002   6.2127E-002  -1.0950E-001  -5.1191E-002  -2.0356E-001  -2.9486E-002   9.4317E-003   6.0811E-003   7.0689E-001  -1.1215E-002  -2.1699E-002  -1.1350E-002   3.1301E-001   1.2530E+000  
 1.2767E+000   1.4313E+000  -6.9413E-001   1.9129E-001  -3.8633E-001   2.4032E-001   6.1431E-003  -1.7075E-002   1.0226E-001  -9.6205E-003   2.2725E-002   7.5655E-002  -1.3097E-001  -1.0161E-001  -2.0243E-001  -3.2294E-002   1.6675E-002   1.7837E-003   6.9480E-001  -2.2443E-002  -1.7172E-002  -5.6736E-003   3.1605E-001   1.2927E+000  
 1.5683E+000   1.2896E+000  -1.0318E+000   2.0249E-001  -4.0899E-001   2.0904E-001   2.4428E-002  -2.4018E-002   1.3114E-001   2.8167E-002   9.5781E-003   8.6901E-002  -1.5049E-001  -1.5221E-001  -2.0238E-001  -3.4977E-002   2.1463E-002  -4.3614E-003   6.8165E-001  -3.0789E-002  -9.6837E-003  -4.2208E-004   3.1952E-001   1.3149E+000  
 1.9364E+000   1.1016E+000  -1.2900E+000   2.0042E-001  -3.4868E-001   1.9754E-001   5.5658E-002  -3.9392E-002   1.5746E-001   8.4236E-002  -7.2394E-003   1.0092E-001  -1.6678E-001  -2.0367E-001  -2.0597E-001  -3.9143E-002   2.1830E-002  -1.4992E-002   6.6994E-001  -3.4601E-002   6.9241E-004   4.7119E-003   3.2290E-001   1.3315E+000  
 2.3464E+000   8.5816E-001  -1.4288E+000   1.6904E-001  -1.8045E-001   2.5823E-001   1.0179E-001  -6.5084E-002   1.8080E-001   1.6312E-001  -3.4307E-002   1.2452E-001  -1.7802E-001  -2.6228E-001  -2.1554E-001  -4.4166E-002   1.4114E-002  -3.0594E-002   6.6621E-001  -2.9642E-002   8.7986E-003   7.2709E-003   3.2513E-001   1.3392E+000  
 2.7503E+000   5.5171E-001  -1.4075E+000   8.0779E-002   1.1377E-001   4.6630E-001   1.5570E-001  -1.0596E-001   2.1185E-001   2.6361E-001  -8.2461E-002   1.7958E-001  -1.7983E-001  -3.3981E-001  -2.3964E-001  -4.8170E-002  -1.6914E-002  -5.4158E-002   6.8628E-001  -1.0954E-002   8.9432E-003  -3.4148E-004   3.1945E-001   1.3181E+000  
 2.9963E+000  -3.0704E-002  -1.4839E+000  -2.0604E-001   3.8463E-001   1.4312E+000  -3.9161E-002  -3.7172E-001   7.7762E-001   3.2626E-001  -2.0604E-001   6.7078E-001  -3.1411E-001  -7.0641E-001  -4.5140E-001  -1.1336E-001  -1.7142E-001  -1.0011E-001   1.0275E+000   8.5025E-002  -4.2115E-002  -1.8638E-002   2.4346E-001   1.1165E+000  
 3.0125E+000   7.7211E-001   8.7314E-001   1.1996E-001  -5.5143E-001  -7.7868E-002  -3.1960E-001  -1.0725E-001   3.7191E-001   3.6388E-001  -6.6301E-002  -3.4924E-001  -3.9115E-002   4.5647E-001  -2.1661E-001   3.1954E-002  -8.7669E-002  -3.1789E-002   7.2010E-001  -2.5144E-002  -1.2676E-002   1.3764E-002   3.1020E-001   1.4274E+000  
 2.4997E+000   9.8111E-001   1.3583E+000   1.3352E-001  -2.6242E-001  -2.3050E-001  -1.2056E-001  -7.1217E-002   1.5768E-001   2.0576E-001  -5.5185E-002  -2.1361E-001  -4.1619E-002   3.3140E-001  -1.5676E-001   2.3647E-002  -3.1967E-002  -4.2233E-002   6.7705E-001   2.2052E-002   1.2213E-002  -1.8326E-003   3.2461E-001   1.2876E+000  
 2.0295E+000   1.1183E+000   1.4747E+000   1.7702E-001  -4.7861E-002  -3.0119E-001  -6.1832E-002  -5.6667E-002   7.1572E-002   1.2889E-001  -1.5863E-002  -1.5623E-001  -2.4427E-002   2.6112E-001  -1.5185E-001   9.2920E-003  -2.0921E-002  -2.7706E-002   6.8349E-001   3.0227E-002   1.4594E-002  -1.4068E-002   3.2661E-001   1.2307E+000  
 1.5676E+000   1.2151E+000   1.3931E+000   1.8634E-001   6.3212E-002  -2.5721E-001  -3.5326E-002  -4.3556E-002   2.9267E-002   7.2495E-002   1.9500E-002  -1.0904E-001  -1.7695E-002   2.0462E-001  -1.5058E-001  -2.4953E-003  -1.8279E-002  -1.6140E-002   6.9948E-001   3.1342E-002   7.6570E-003  -1.9541E-002   3.2301E-001   1.2151E+000  
 1.1562E+000   1.2771E+000   1.1733E+000   1.7140E-001   8.6916E-002  -1.4842E-001  -2.2443E-002  -3.1758E-002   1.3344E-002   3.2599E-002   4.4384E-002  -6.6833E-002  -2.1552E-002   1.5365E-001  -1.5275E-001  -9.3674E-003  -1.4309E-002  -6.6706E-003   7.1642E-001   2.5237E-002  -3.7118E-004  -2.4485E-002   3.1681E-001   1.2254E+000  
 8.2956E-001   1.3083E+000   8.5558E-001   1.4974E-001   4.4468E-002  -1.9360E-002  -1.3535E-002  -2.1684E-002   1.2284E-002   5.2741E-003   5.7382E-002  -2.9260E-002  -3.1901E-002   1.0316E-001  -1.5432E-001  -1.4209E-002  -1.0180E-002  -8.5794E-004   7.2760E-001   1.7426E-002  -7.5475E-003  -2.6716E-002   3.1041E-001   1.2246E+000  
 6.1829E-001   1.3113E+000   4.6972E-001   1.3408E-001  -4.2914E-002   9.4141E-002  -6.4757E-003  -1.3547E-002   2.0408E-002  -1.0206E-002   6.1187E-002   1.9461E-003  -4.4877E-002   5.1601E-002  -1.5510E-001  -1.9061E-002  -7.5701E-003   1.8311E-003   7.3267E-001   8.9166E-003  -1.2167E-002  -2.4028E-002   3.0542E-001   1.2212E+000  
 5.4661E-001   1.2893E+000   5.0165E-002   1.2843E-001  -1.5125E-001   1.6757E-001  -2.5452E-003  -9.1292E-003   3.3964E-002  -1.5383E-002   6.1430E-002   2.6708E-002  -6.1265E-002  -1.4357E-004  -1.5532E-001  -2.1177E-002  -1.9427E-003   3.1939E-003   7.3235E-001   3.2084E-005  -1.3834E-002  -2.1953E-002   3.0347E-001   1.2050E+000  
 6.1854E-001   1.2425E+000  -3.7981E-001   1.3685E-001  -2.5850E-001   1.9397E-001   3.4573E-004  -6.9549E-003   5.0212E-002  -1.0456E-002   5.6890E-002   4.4836E-002  -7.9918E-002  -5.1724E-002  -1.5479E-001  -2.2358E-002   6.2095E-003   2.4742E-003   7.2660E-001  -8.9116E-003  -1.2251E-002  -1.8913E-002   3.0397E-001   1.2149E+000  
 8.2781E-001   1.1687E+000  -7.9729E-001   1.5854E-001  -3.4303E-001   1.8037E-001   4.8266E-003  -5.8354E-003   6.6137E-002   5.3834E-003   4.5643E-002   5.7088E-002  -9.8949E-002  -1.0278E-001  -1.5390E-001  -2.4421E-002   1.5599E-002  -1.2097E-003   7.1671E-001  -1.7551E-002  -7.5986E-003  -1.3286E-002   3.0790E-001   1.2404E+000  
 1.1542E+000   1.0676E+000  -1.1713E+000   1.8186E-001  -3.8305E-001   1.4840E-001   1.7504E-002  -8.1916E-003   7.8471E-002   3.2558E-002   3.1725E-002   6.6827E-002  -1.1405E-001  -1.5246E-001  -1.5273E-001  -2.4731E-002   1.9787E-002  -6.3390E-003   7.0335E-001  -2.5433E-002  -2.0351E-004  -1.0601E-002   3.1388E-001   1.2593E+000  
 1.5681E+000   9.3468E-001  -1.4719E+000   1.9478E-001  -3.5887E-001   1.3431E-001   4.2857E-002  -1.5109E-002   8.4349E-002   7.3717E-002   1.4220E-002   7.7750E-002  -1.2522E-001  -2.0185E-001  -1.5232E-001  -2.4647E-002   1.7911E-002  -1.3690E-002   6.8822E-001  -3.1466E-002   8.8708E-003  -9.5389E-003   3.2102E-001   1.2678E+000  
 2.0307E+000   7.6327E-001  -1.6627E+000   1.7956E-001  -2.4977E-001   1.9339E-001   7.9178E-002  -2.7843E-002   8.4384E-002   1.2900E-001  -1.4839E-002   9.9628E-002  -1.3039E-001  -2.5632E-001  -1.5900E-001  -2.4921E-002   5.2677E-003  -2.7643E-002   6.8066E-001  -2.8718E-002   1.7692E-002  -1.1169E-002   3.2642E-001   1.2700E+000  
 2.4858E+000   5.5140E-001  -1.7073E+000   1.0274E-001  -3.7689E-002   3.9929E-001   1.1574E-001  -4.6974E-002   8.4517E-002   1.9686E-001  -6.9225E-002   1.5303E-001  -1.2265E-001  -3.2598E-001  -1.7579E-001  -2.1840E-002  -3.5649E-002  -4.9324E-002   6.9382E-001  -1.6630E-002   1.7152E-002  -2.4115E-002   3.2442E-001   1.2266E+000  
 2.8125E+000   3.2066E-001  -1.6766E+000  -1.5524E-001   3.4550E-001   9.3228E-001   4.7804E-002  -5.0274E-002   1.5640E-001   2.1600E-001  -1.9249E-001   3.2820E-001  -6.1441E-002  -4.5449E-001  -2.5970E-001  -5.8258E-003  -1.4863E-001  -1.0990E-001   7.7290E-001   3.7036E-002  -6.9159E-003  -4.2468E-002   3.0608E-001   1.6362E+000  
 2.8213E+000   5.7762E-001   1.1171E+000   1.4159E-001  -3.0199E-001  -7.6283E-002  -2.3666E-001  -6.5067E-002   3.6647E-001   2.2175E-001  -5.1073E-002  -3.1023E-001  -2.0178E-002   4.0668E-001  -1.1298E-001   1.1850E-002  -9.7787E-002  -3.2142E-002   6.6899E-001   9.7980E-003   9.9429E-003   3.6131E-002   3.1376E-001   1.3947E+000  
 2.3067E+000   7.0375E-001   1.4859E+000   1.7999E-001  -9.9184E-002  -3.0495E-001  -1.0473E-001  -4.7685E-002   1.9773E-001   1.4444E-001  -2.9656E-002  -2.2237E-001  -1.2562E-002   3.1754E-001  -1.0268E-001   6.1325E-003  -5.2426E-002  -2.5283E-002   6.6331E-001   2.0144E-002   2.4654E-002   1.2387E-002   3.2416E-001   1.3290E+000  
 1.7857E+000   7.9370E-001   1.5679E+000   1.9720E-001   3.0348E-002  -3.8036E-001  -4.7408E-002  -3.5058E-002   1.0708E-001   9.1911E-002   1.3092E-003  -1.6641E-001  -6.1821E-003   2.5511E-001  -1.0059E-001  -8.4358E-004  -3.4519E-002  -1.6823E-002   6.7911E-001   2.3587E-002   2.4325E-002  -4.5550E-003   3.2329E-001   1.2674E+000  
 1.2779E+000   8.5618E-001   1.4563E+000   1.8456E-001   9.0833E-002  -3.3880E-001  -2.2843E-002  -2.3640E-002   5.8400E-002   5.3670E-002   3.0758E-002  -1.2026E-001  -5.3770E-003   2.0340E-001  -1.0091E-001  -6.7454E-003  -2.6611E-002  -1.0525E-002   7.0266E-001   2.2382E-002   1.6210E-002  -1.4184E-002   3.1661E-001   1.2084E+000  
 8.2888E-001   8.9488E-001   1.2101E+000   1.5350E-001   9.3865E-002  -2.3053E-001  -1.2522E-002  -1.4435E-002   3.3759E-002   2.6892E-002   5.2715E-002  -7.7590E-002  -9.3755E-003   1.5444E-001  -1.0260E-001  -1.1580E-002  -1.9376E-002  -5.2615E-003   7.2347E-001   1.7427E-002   6.8660E-003  -2.0992E-002   3.0934E-001   1.1997E+000  
 4.7395E-001   9.1349E-001   8.6828E-001   1.2118E-001   5.3250E-002  -1.0110E-001  -5.7398E-003  -7.4831E-003   2.3837E-002   9.0782E-003   6.4066E-002  -4.0801E-002  -1.6827E-002   1.0400E-001  -1.0381E-001  -1.5501E-002  -1.4767E-002  -1.6941E-003   7.3596E-001   1.2077E-002  -3.3506E-004  -2.2636E-002   3.0167E-001   1.1909E+000  
 2.4651E-001   9.1531E-001   4.6170E-001   9.6003E-002  -1.6784E-002   1.3139E-002  -2.5728E-003  -4.2195E-003   2.3876E-002  -1.1129E-003   7.0611E-002  -1.0919E-002  -2.8266E-002   5.1989E-002  -1.0417E-001  -1.6028E-002  -8.7930E-003   2.7334E-004   7.4051E-001   6.0622E-003  -4.8798E-003  -2.3887E-002   2.9401E-001   1.1568E+000  
 1.6938E-001   9.0084E-001   2.2168E-002   8.6521E-002  -1.0127E-001   8.7184E-002  -1.2120E-003  -2.5876E-003   2.9048E-002  -4.4158E-003   7.2781E-002   1.2789E-002  -4.0889E-002  -3.5993E-005  -1.0424E-001  -1.5657E-002  -1.3103E-003   9.6243E-004   7.4090E-001   7.8310E-006  -6.4117E-003  -2.4457E-002   2.9107E-001   1.1345E+000  
 2.4746E-001   8.7055E-001  -4.2857E-001   9.5538E-002  -1.8565E-001   1.1411E-001   6.7354E-004  -2.2899E-003   3.6130E-002  -1.1174E-003   7.0596E-002   2.9871E-002  -5.3444E-002  -5.1996E-002  -1.0409E-001  -1.4685E-002   6.5199E-003   2.7586E-004   7.3797E-001  -6.0634E-003  -4.9028E-003  -2.4008E-002   2.9332E-001   1.1389E+000  
 4.7507E-001   8.2355E-001  -8.6874E-001   1.2091E-001  -2.5516E-001   1.0109E-001   4.9933E-003  -3.2513E-003   4.2051E-002   9.1656E-003   6.3436E-002   4.0797E-002  -6.5172E-002  -1.0383E-001  -1.0379E-001  -1.3379E-002   1.4110E-002  -1.9687E-003   7.3224E-001  -1.2101E-002  -3.3138E-004  -2.2233E-002   3.0071E-001   1.1771E+000  
 8.2849E-001   7.5800E-001  -1.2668E+000   1.5478E-001  -2.9364E-001   6.9489E-002   1.4994E-002  -3.9280E-003   4.4387E-002   2.6992E-002   5.0309E-002   4.9752E-002  -7.6427E-002  -1.5406E-001  -1.0300E-001  -1.4201E-002   1.9250E-002  -5.5672E-003   7.2134E-001  -1.7395E-002   6.9595E-003  -1.9011E-002   3.0881E-001   1.2010E+000  
 1.2783E+000   6.7206E-001  -1.5959E+000   1.8087E-001  -2.8812E-001   5.5316E-002   3.7385E-002  -6.5215E-003   3.9096E-002   5.3714E-002   3.3909E-002   6.0892E-002  -8.4819E-002  -2.0299E-001  -1.0240E-001  -1.4818E-002   1.6445E-002  -1.0918E-002   7.0656E-001  -2.2104E-002   1.6414E-002  -1.8924E-002   3.1742E-001   1.2054E+000  
 1.7830E+000   5.6230E-001  -1.8204E+000   1.8110E-001  -2.2398E-001   1.1349E-001   6.9120E-002  -1.1521E-002   2.4266E-002   8.9073E-002   4.7390E-003   8.1143E-002  -8.7404E-002  -2.5530E-001  -1.0615E-001  -1.3891E-002   2.4719E-003  -2.1300E-002   6.9645E-001  -2.1344E-002   2.5150E-002  -2.2471E-002   3.2559E-001   1.2020E+000  
 2.2838E+000   4.2679E-001  -1.9031E+000   1.2290E-001  -8.9995E-002   3.1749E-001   1.0032E-001  -2.0784E-002   6.3241E-003   1.3273E-001  -5.0200E-002   1.3164E-001  -8.0915E-002  -3.2164E-001  -1.1626E-001  -1.0469E-002  -3.9602E-002  -3.6257E-002   7.0605E-001  -1.4532E-002   2.4752E-002  -3.7617E-002   3.2547E-001   1.2876E+000  
 2.7157E+000   2.6467E-001  -1.8281E+000  -5.0605E-002   1.3107E-001   7.7167E-001   1.0190E-001  -3.1777E-002   4.6168E-003   1.7855E-001  -1.5044E-001   2.5156E-001  -5.6893E-002  -4.1960E-001  -1.3924E-001  -1.7286E-003  -1.3333E-001  -5.9959E-002   7.5233E-001  -9.5364E-004   8.3974E-003  -6.3458E-002   3.1067E-001   1.2880E+000  
 2.7256E+000   3.0290E-001   1.2164E+000   1.8093E-001  -1.2335E-001  -1.3487E-001  -2.2577E-001  -3.3225E-002   3.9913E-001   1.1412E-001  -3.1998E-002  -3.2103E-001  -3.4652E-003   3.9890E-001  -5.7037E-002   2.1899E-003  -1.1605E-001  -1.3720E-002   6.6151E-001   5.8695E-003   1.7152E-002   4.8161E-002   3.1155E-001   1.4210E+000  
 2.1773E+000   3.6604E-001   1.5645E+000   1.9802E-001  -2.7778E-002  -3.6421E-001  -9.1241E-002  -2.2670E-002   2.2284E-001   7.2954E-002  -1.9460E-002  -2.2776E-001  -3.2137E-003   3.1142E-001  -5.0125E-002   1.0345E-003  -5.9551E-002  -1.2537E-002   6.5790E-001   1.2107E-002   3.2618E-002   1.7665E-002   3.2240E-001   1.3446E+000  
 1.6258E+000   4.0969E-001   1.6229E+000   2.0305E-001   3.3750E-002  -4.4356E-001  -3.7073E-002  -1.6181E-002   1.2922E-001   4.7580E-002   7.9171E-003  -1.7413E-001  -3.8201E-004   2.5345E-001  -5.0652E-002  -2.3274E-003  -4.1188E-002  -7.3770E-003   6.7977E-001   1.2183E-002   3.0523E-002   5.9659E-005   3.2024E-001   1.2871E+000  
 1.0897E+000   4.3986E-001   1.4926E+000   1.7869E-001   5.9577E-002  -4.0285E-001  -1.3949E-002  -9.4001E-003   7.5617E-002   2.8088E-002   3.4581E-002  -1.2853E-001  -5.8757E-004   2.0390E-001  -5.0583E-002  -5.3811E-003  -3.2016E-002  -5.3951E-003   7.0611E-001   1.1467E-002   2.0948E-002  -1.0143E-002   3.1281E-001   1.2341E+000  
 6.1845E-001   4.5828E-001   1.2309E+000   1.3688E-001   5.7409E-002  -2.9477E-001  -6.7965E-003  -4.7944E-003   4.5621E-002   1.5047E-002   5.7457E-002  -8.6035E-002  -2.5617E-003   1.5513E-001  -5.1365E-002  -7.9887E-003  -2.2374E-002  -3.3460E-003   7.2755E-001   8.9225E-003   1.1586E-002  -1.9057E-002   3.0424E-001   1.1774E+000  
 2.4711E-001   4.6754E-001   8.7574E-001   9.5893E-002   3.3977E-002  -1.6489E-001  -2.7091E-003  -2.6072E-003   3.1120E-002   6.1456E-003   7.0679E-002  -5.0383E-002  -7.7784E-003   1.0428E-001  -5.1880E-002  -8.3334E-003  -1.5455E-002  -1.2366E-003   7.3899E-001   6.0709E-003   4.2678E-003  -2.3715E-002   2.9364E-001   1.1383E+000  
 8.6177E-003   4.6811E-001   4.5663E-001   6.6541E-002  -4.6604E-003  -5.0574E-002  -8.5057E-004  -1.1375E-003   2.6024E-002   1.1029E-003   7.7091E-002  -2.0450E-002  -1.3879E-002   5.2154E-002  -5.2081E-002  -8.4443E-003  -8.7314E-003  -1.9336E-004   7.4451E-001   3.0362E-003  -3.1289E-004  -2.5389E-002   2.8581E-001   1.0905E+000  
-7.2533E-002   4.6076E-001   5.2851E-003   5.5826E-002  -5.0573E-002   2.3566E-002  -4.6498E-004  -3.3303E-004   2.6163E-002  -5.2284E-004   7.9103E-002   3.3110E-003  -2.0436E-002  -1.1074E-005  -5.2135E-002  -8.2549E-003  -7.9651E-004   1.4709E-004   7.4596E-001   3.2844E-006  -1.8389E-003  -2.6012E-002   2.8305E-001   1.0660E+000  
 8.7575E-003   4.4576E-001  -4.5724E-001   6.6328E-002  -9.6430E-002   5.0568E-002   4.3198E-004  -1.4697E-004   2.8201E-002   1.1005E-003   7.7024E-002   2.0447E-002  -2.6961E-002  -5.2163E-002  -5.2078E-002  -7.7703E-003   7.4815E-003  -1.9286E-004   7.4406E-001  -3.0320E-003  -3.2516E-004  -2.5596E-002   2.8567E-001   1.0732E+000  
 2.4686E-001   4.2273E-001  -9.1010E-001   9.5647E-002  -1.3490E-001   3.7631E-002   3.8003E-003  -6.4039E-004   2.8860E-002   6.1385E-003   7.0528E-002   3.1424E-002  -3.2959E-002  -1.0429E-001  -5.1941E-002  -6.9803E-003   1.5257E-002  -1.2355E-003   7.3947E-001  -6.0573E-003   4.2494E-003  -2.4181E-002   2.9374E-001   1.1413E+000  
 6.1837E-001   3.9127E-001  -1.3228E+000   1.3405E-001  -1.5819E-001   6.6431E-003   1.3702E-002  -2.0279E-003   2.4929E-002   1.4788E-002   6.0618E-002   3.9246E-002  -3.7609E-002  -1.5524E-001  -5.1656E-002  -5.7927E-003   1.9041E-002  -2.6614E-003   7.3179E-001  -8.8454E-003   1.1549E-002  -2.3885E-002   3.0520E-001   1.1839E+000  
 1.0918E+000   3.4927E-001  -1.6689E+000   1.6709E-001  -1.5877E-001  -7.1584E-003   3.5793E-002  -3.0194E-003   1.3367E-002   2.8111E-002   4.7215E-002   5.0237E-002  -4.2326E-002  -2.0453E-001  -5.1455E-002  -6.2707E-003   1.4650E-002  -5.8416E-003   7.1867E-001  -1.1225E-002   2.0811E-002  -2.5944E-002   3.1556E-001   1.2005E+000  
 1.6237E+000   2.9556E-001  -1.9121E+000   1.7864E-001  -1.2939E-001   5.1058E-002   6.5461E-002  -4.2575E-003  -9.2594E-003   4.5279E-002   1.8940E-002   6.9099E-002  -4.4043E-002  -2.5613E-001  -5.3406E-002  -6.2758E-003   2.0426E-003  -1.1764E-002   7.0832E-001  -1.0834E-002   2.9708E-002  -2.8527E-002   3.2487E-001   1.2181E+000  
 2.1549E+000   2.2912E-001  -2.0144E+000   1.3575E-001  -6.5973E-002   2.5281E-001   9.5899E-002  -8.4501E-003  -3.8166E-002   6.7810E-002  -3.4867E-002   1.1580E-001  -4.1595E-002  -3.2005E-001  -5.6738E-002  -4.8258E-003  -3.6845E-002  -1.7979E-002   7.1468E-001  -9.0341E-003   2.9716E-002  -4.2565E-002   3.2606E-001   1.2480E+000  
 2.6147E+000   1.5146E-001  -1.9702E+000  -2.9741E-002   4.4446E-002   7.1130E-001   8.8497E-002  -1.1511E-002  -4.5785E-002   8.7112E-002  -1.3954E-001   2.4142E-001  -2.6622E-002  -4.2051E-001  -7.0832E-002   1.2271E-003  -1.3974E-001  -3.2581E-002   7.6372E-001  -3.1845E-004   1.0713E-002  -7.4890E-002   3.0886E-001   1.3056E+000  
 2.6918E+000  -1.2390E-005   1.2494E+000   1.9255E-001   2.3311E-005  -1.5676E-001  -2.2124E-001  -1.6722E-006   4.1054E-001   2.0813E-005  -2.6773E-002  -3.2505E-001   1.1910E-005   3.9727E-001  -1.6873E-005  -3.3867E-006  -1.2188E-001   3.0348E-005   6.6004E-001   3.1299E-006   1.9347E-002   5.2270E-002   3.1041E-001   1.4301E+000  
 2.1326E+000  -7.3114E-006   1.5900E+000   2.0320E-001   1.8699E-005  -3.8640E-001  -8.6754E-002  -7.6518E-007   2.3100E-001   1.7657E-005  -1.6486E-002  -2.2979E-001   8.6868E-006   3.0924E-001  -1.3344E-005  -1.8945E-006  -6.1898E-002   2.9622E-005   6.5638E-001   3.4910E-006   3.5970E-002   1.9518E-002   3.2187E-001   1.3500E+000  
 1.5706E+000  -3.4221E-006   1.6410E+000   2.0384E-001   1.5331E-005  -4.6673E-001  -3.2938E-002  -7.9570E-007   1.3651E-001   1.5939E-005   9.1455E-003  -1.7673E-001   6.9458E-006   2.5339E-001  -1.1043E-005  -9.9915E-007  -4.2883E-002   2.9735E-005   6.8035E-001   3.3223E-006   3.2117E-002   1.1084E-003   3.1915E-001   1.2945E+000  
 1.0254E+000  -7.9688E-007   1.5042E+000   1.7581E-001   1.2594E-005  -4.2641E-001  -1.0968E-002  -1.7127E-006   8.1232E-002   1.5095E-005   3.5754E-002  -1.3177E-001   5.6874E-006   2.0415E-001  -9.2994E-006  -1.4452E-006  -3.3924E-002   3.0325E-005   7.0714E-001   2.6464E-006   2.2627E-002  -8.7756E-003   3.1147E-001   1.2439E+000  
 5.4710E-001   1.0409E-006   1.2379E+000   1.2965E-001   1.0249E-005  -3.1846E-001  -5.5793E-003  -2.4110E-006   4.9607E-002   1.4639E-005   5.9936E-002  -8.9164E-002   5.1588E-006   1.5527E-001  -7.3620E-006  -2.4689E-006  -2.2506E-002   3.1164E-005   7.2841E-001   1.9552E-006   1.3164E-002  -1.9548E-002   3.0185E-001   1.1705E+000  
 1.6978E-001   2.9293E-006   8.7808E-001   8.6558E-002   6.5276E-006  -1.8851E-001  -1.8001E-003  -2.1407E-006   3.3463E-002   1.3814E-005   7.2873E-002  -5.3728E-002   2.9900E-006   1.0437E-001  -4.5322E-006  -2.2343E-006  -1.5586E-002   3.0989E-005   7.3996E-001   1.7784E-006   5.7936E-003  -2.4195E-002   2.9086E-001   1.1199E+000  
-7.2469E-002   4.2837E-006   4.5486E-001   5.5892E-002   2.7831E-006  -7.4168E-002  -2.9248E-004  -1.7021E-006   2.6695E-002   1.3529E-005   7.9145E-002  -2.3777E-002   6.2821E-007   5.2204E-002  -1.5206E-006  -1.5296E-006  -8.7076E-003   3.0803E-005   7.4584E-001   1.4555E-006   1.2051E-003  -2.5891E-002   2.8303E-001   1.0499E+000  
-1.5497E-001   5.0158E-006  -3.0491E-004   4.4768E-002   1.3791E-007   1.2415E-007  -2.1322E-004  -1.5386E-006   2.5209E-002   1.2824E-005   8.1106E-002  -2.0591E-007   3.7688E-007  -6.9233E-006  -7.9143E-008  -6.6610E-007  -6.2811E-004   3.0048E-005   7.4764E-001   2.1124E-006  -3.2008E-004  -2.6529E-002   2.8034E-001   1.0049E+000  
-7.2597E-002   4.5669E-006  -4.6664E-001   5.5763E-002  -2.6006E-006   2.7031E-002   3.7157E-004  -1.6063E-006   2.5623E-002   1.3527E-005   7.9061E-002   1.7154E-002   6.2844E-009  -5.2221E-002   1.4313E-006  -1.4478E-006   7.7995E-003   3.0875E-005   7.4608E-001   8.7069E-007   1.1919E-003  -2.6128E-002   2.8308E-001   1.0693E+000  
 1.6899E-001   3.4312E-006  -9.2358E-001   8.6484E-002  -6.5031E-006   1.4131E-002   3.3758E-003  -1.9715E-006   2.4603E-002   1.3869E-005   7.2691E-002   2.8148E-002  -2.5772E-006  -1.0443E-001   4.5305E-006  -2.1376E-006   1.5725E-002   3.1174E-005   7.4182E-001   7.3641E-007   5.7600E-003  -2.4716E-002   2.9134E-001   1.1377E+000  
 5.4613E-001   1.6915E-006  -1.3408E+000   1.2720E-001  -1.0313E-005  -1.6697E-002   1.2677E-002  -2.2725E-006   1.8814E-002   1.4819E-005   6.2923E-002   3.5743E-002  -4.9032E-006  -1.5555E-001   7.4259E-006  -2.4776E-006   1.9845E-002   3.1516E-005   7.3474E-001   6.1848E-007   1.3069E-002  -2.4359E-002   3.0334E-001   1.1698E+000  
 1.0280E+000   1.7200E-008  -1.6927E+000   1.6181E-001  -1.2676E-005  -3.0417E-002   3.5420E-002  -1.5955E-006   5.1251E-003   1.5311E-005   5.1514E-002   4.6859E-002  -5.4713E-006  -2.0511E-001   9.3669E-006  -1.4970E-006   1.3940E-002   3.0748E-005   7.2252E-001   9.9076E-007   2.2359E-002  -2.8298E-002   3.1487E-001   1.2097E+000  
 1.5694E+000  -2.3714E-006  -1.9418E+000   1.7734E-001  -1.5317E-005   2.7729E-002   6.5069E-002  -6.0376E-007  -2.0083E-002   1.6093E-005   2.4340E-002   6.4757E-002  -6.6131E-006  -2.5669E-001   1.1109E-005  -9.5303E-007   2.3351E-003   3.0139E-005   7.1240E-001   1.2468E-006   3.0892E-002  -3.0146E-002   3.2477E-001   1.2242E+000  
 2.1105E+000  -5.9572E-006  -2.0509E+000   1.3910E-001  -1.8391E-005   2.2924E-001   9.4446E-002  -4.2662E-007  -5.2547E-002   1.7612E-005  -2.9719E-002   1.1053E-001  -7.9829E-006  -3.1926E-001   1.3479E-005  -1.6467E-006  -3.6101E-002   2.9858E-005   7.1771E-001   9.4556E-007   3.2094E-002  -4.4375E-002   3.2640E-001   1.2510E+000  
 2.5805E+000  -1.0623E-005  -2.0162E+000  -2.2975E-002  -2.2610E-005   6.8905E-001   8.5037E-002  -1.0395E-006  -6.1375E-002   2.0292E-005  -1.3520E-001   2.3813E-001  -1.0756E-005  -4.2167E-001   1.7118E-005  -2.8526E-006  -1.4178E-001   3.0125E-005   7.6833E-001   2.4444E-007   1.1090E-002  -7.8896E-002   3.0796E-001   1.3119E+000  
 2.7256E+000  -3.0292E-001   1.2164E+000   1.8093E-001   1.2339E-001  -1.3486E-001  -2.2576E-001   3.3220E-002   3.9913E-001  -1.1408E-001  -3.2000E-002  -3.2103E-001   3.4894E-003   3.9891E-001   5.7002E-002  -2.1968E-003  -1.1605E-001   1.3781E-002   6.6151E-001  -5.8640E-003   1.7151E-002   4.8158E-002   3.1156E-001   1.4210E+000  
 2.1773E+000  -3.6606E-001   1.5645E+000   1.9802E-001   2.7816E-002  -3.6421E-001  -9.1241E-002   2.2667E-002   2.2284E-001  -7.2919E-002  -1.9461E-002  -2.2776E-001   3.2313E-003   3.1143E-001   5.0097E-002  -1.0389E-003  -5.9549E-002   1.2596E-002   6.5790E-001  -1.2099E-002   3.2616E-002   1.7664E-002   3.2240E-001   1.3446E+000  
 1.6258E+000  -4.0970E-001   1.6229E+000   2.0305E-001  -3.3719E-002  -4.4355E-001  -3.7073E-002   1.6179E-002   1.2922E-001  -4.7547E-002   7.9172E-003  -1.7413E-001   3.9600E-004   2.5345E-001   5.0629E-002   2.3248E-003  -4.1187E-002   7.4370E-003   6.7977E-001  -1.2175E-002   3.0522E-002   5.9739E-005   3.2024E-001   1.2871E+000  
 1.0897E+000  -4.3986E-001   1.4926E+000   1.7869E-001  -5.9552E-002  -4.0285E-001  -1.3950E-002   9.3983E-003   7.5617E-002  -2.8057E-002   3.4582E-002  -1.2853E-001   5.9951E-004   2.0391E-001   5.0565E-002   5.3790E-003  -3.2017E-002   5.4573E-003   7.0611E-001  -1.1461E-002   2.0947E-002  -1.0141E-002   3.1281E-001   1.2341E+000  
 6.1845E-001  -4.5827E-001   1.2309E+000   1.3688E-001  -5.7389E-002  -2.9477E-001  -6.7972E-003   4.7917E-003   4.5620E-002  -1.5017E-002   5.7457E-002  -8.6033E-002   2.5713E-003   1.5513E-001   5.1350E-002   7.9856E-003  -2.2374E-002   3.4093E-003   7.2754E-001  -8.9182E-003   1.1585E-002  -1.9056E-002   3.0424E-001   1.1774E+000  
 2.4711E-001  -4.6754E-001   8.7575E-001   9.5892E-002  -3.3964E-002  -1.6489E-001  -2.7090E-003   2.6049E-003   3.1120E-002  -6.1165E-003   7.0679E-002  -5.0380E-002   7.7847E-003   1.0429E-001   5.1871E-002   8.3305E-003  -1.5455E-002   1.3004E-003   7.3899E-001  -6.0675E-003   4.2666E-003  -2.3715E-002   2.9364E-001   1.1383E+000  
 8.6170E-003  -4.6810E-001   4.5663E-001   6.6540E-002   4.6658E-003  -5.0568E-002  -8.5021E-004   1.1353E-003   2.6025E-002  -1.0760E-003   7.7090E-002  -2.0448E-002   1.3880E-002   5.2159E-002   5.2078E-002   8.4414E-003  -8.7302E-003   2.5536E-004   7.4451E-001  -3.0323E-003  -3.1339E-004  -2.5389E-002   2.8581E-001   1.0905E+000  
-7.2533E-002  -4.6075E-001   5.2854E-003   5.5829E-002   5.0574E-002   2.3571E-002  -4.6484E-004   3.3105E-004   2.6163E-002   5.4882E-004   7.9103E-002   3.3110E-003   2.0437E-002  -5.7485E-006   5.2135E-002   8.2522E-003  -7.9643E-004  -8.6167E-005   7.4596E-001   1.2952E-006  -1.8392E-003  -2.6007E-002   2.8305E-001   1.0659E+000  
 8.7567E-003  -4.4575E-001  -4.5724E-001   6.6327E-002   9.6425E-002   5.0574E-002   4.3176E-004   1.4479E-004   2.8201E-002  -1.0736E-003   7.7023E-002   2.0450E-002   2.6961E-002  -5.2158E-002   5.2080E-002   7.7674E-003   7.4803E-003   2.5499E-004   7.4406E-001   3.0347E-003  -3.2525E-004  -2.5597E-002   2.8567E-001   1.0732E+000  
 2.4686E-001  -4.2273E-001  -9.1010E-001   9.5646E-002   1.3488E-001   3.7637E-002   3.8003E-003   6.3811E-004   2.8861E-002  -6.1093E-003   7.0527E-002   3.1426E-002   3.2953E-002  -1.0428E-001   5.1950E-002   6.9773E-003   1.5257E-002   1.2997E-003   7.3947E-001   6.0587E-003   4.2501E-003  -2.4182E-002   2.9374E-001   1.1413E+000  
 6.1837E-001  -3.9126E-001  -1.3228E+000   1.3404E-001   1.5817E-001   6.6486E-003   1.3703E-002   2.0255E-003   2.4931E-002  -1.4758E-002   6.0619E-002   3.9248E-002   3.7600E-002  -1.5524E-001   5.1670E-002   5.7895E-003   1.9042E-002   2.7252E-003   7.3179E-001   8.8469E-003   1.1549E-002  -2.3884E-002   3.0520E-001   1.1839E+000  
 1.0918E+000  -3.4927E-001  -1.6689E+000   1.6709E-001   1.5875E-001  -7.1530E-003   3.5794E-002   3.0178E-003   1.3368E-002  -2.8079E-002   4.7216E-002   5.0238E-002   4.2315E-002  -2.0453E-001   5.1475E-002   6.2685E-003   1.4651E-002   5.9044E-003   7.1867E-001   1.1228E-002   2.0811E-002  -2.5943E-002   3.1555E-001   1.2005E+000  
 1.6237E+000  -2.9557E-001  -1.9122E+000   1.7864E-001   1.2936E-001   5.1064E-002   6.5462E-002   4.2560E-003  -9.2584E-003  -4.5246E-002   1.8940E-002   6.9101E-002   4.4030E-002  -2.5613E-001   5.3430E-002   6.2732E-003   2.0422E-003   1.1824E-002   7.0833E-001   1.0837E-002   2.9709E-002  -2.8526E-002   3.2487E-001   1.2181E+000  
 2.1549E+000  -2.2913E-001  -2.0144E+000   1.3575E-001   6.5936E-002   2.5282E-001   9.5900E-002   8.4483E-003  -3.8165E-002  -6.7774E-002  -3.4868E-002   1.1580E-001   4.1579E-002  -3.2005E-001   5.6766E-002   4.8218E-003  -3.6846E-002   1.8038E-002   7.1468E-001   9.0363E-003   2.9717E-002  -4.2565E-002   3.2606E-001   1.2480E+000  
 2.6147E+000  -1.5148E-001  -1.9702E+000  -2.9746E-002  -4.4492E-002   7.1131E-001   8.8494E-002   1.1508E-002  -4.5783E-002  -8.7070E-002  -1.3954E-001   2.4143E-001   2.6599E-002  -4.2050E-001   7.0868E-002  -1.2333E-003  -1.3974E-001   3.2642E-002   7.6373E-001   3.1824E-004   1.0713E-002  -7.4892E-002   3.0886E-001   1.3056E+000  
 2.8213E+000  -5.7764E-001   1.1171E+000   1.4157E-001   3.0204E-001  -7.6266E-002  -2.3665E-001   6.5061E-002   3.6647E-001  -2.2171E-001  -5.1079E-002  -3.1022E-001   2.0206E-002   4.0669E-001   1.1295E-001  -1.1861E-002  -9.7775E-002   3.2204E-002   6.6899E-001  -9.7944E-003   9.9412E-003   3.6125E-002   3.1376E-001   1.3948E+000  
 2.3067E+000  -7.0376E-001   1.4860E+000   1.7999E-001   9.9222E-002  -3.0494E-001  -1.0473E-001   4.7681E-002   1.9773E-001  -1.4440E-001  -2.9658E-002  -2.2236E-001   1.2582E-002   3.1755E-001   1.0265E-001  -6.1396E-003  -5.2420E-002   2.5343E-002   6.6331E-001  -2.0138E-002   2.4654E-002   1.2385E-002   3.2416E-001   1.3290E+000  
 1.7857E+000  -7.9371E-001   1.5679E+000   1.9720E-001  -3.0316E-002  -3.8035E-001  -4.7408E-002   3.5055E-002   1.0708E-001  -9.1878E-002   1.3100E-003  -1.6640E-001   6.1978E-003   2.5511E-001   1.0057E-001   8.3774E-004  -3.4517E-002   1.6883E-002   6.7911E-001  -2.3581E-002   2.4326E-002  -4.5561E-003   3.2329E-001   1.2674E+000  
 1.2779E+000  -8.5618E-001   1.4563E+000   1.8456E-001  -9.0808E-002  -3.3879E-001  -2.2844E-002   2.3638E-002   5.8400E-002  -5.3638E-002   3.0760E-002  -1.2026E-001   5.3897E-003   2.0341E-001   1.0089E-001   6.7410E-003  -2.6611E-002   1.0586E-002   7.0266E-001  -2.2377E-002   1.6211E-002  -1.4184E-002   3.1661E-001   1.2084E+000  
 8.2888E-001  -8.9487E-001   1.2101E+000   1.5350E-001  -9.3846E-002  -2.3052E-001  -1.2523E-002   1.4434E-002   3.3759E-002  -2.6862E-002   5.2716E-002  -7.7587E-002   9.3841E-003   1.5445E-001   1.0259E-001   1.1577E-002  -1.9376E-002   5.3243E-003   7.2347E-001  -1.7423E-002   6.8661E-003  -2.0993E-002   3.0934E-001   1.1997E+000  
 4.7395E-001  -9.1348E-001   8.6829E-001   1.2117E-001  -5.3238E-002  -1.0109E-001  -5.7395E-003   7.4817E-003   2.3837E-002  -9.0485E-003   6.4065E-002  -4.0798E-002   1.6832E-002   1.0401E-001   1.0380E-001   1.5498E-002  -1.4767E-002   1.7585E-003   7.3596E-001  -1.2074E-002  -3.3567E-004  -2.2637E-002   3.0167E-001   1.1909E+000  
 2.4651E-001  -9.1530E-001   4.6171E-001   9.6001E-002   1.6790E-002   1.3150E-002  -2.5716E-003   4.2197E-003   2.3875E-002   1.1418E-003   7.0611E-002  -1.0915E-002   2.8270E-002   5.2000E-002   1.0416E-001   1.6027E-002  -8.7909E-003  -2.0914E-004   7.4051E-001  -6.0580E-003  -4.8812E-003  -2.3888E-002   2.9401E-001   1.1568E+000  
 1.6938E-001  -9.0082E-001   2.2168E-002   8.6521E-002   1.0127E-001   8.7194E-002  -1.2118E-003   2.5885E-003   2.9049E-002   4.4444E-003   7.2783E-002   1.2790E-002   4.0890E-002  -2.5019E-005   1.0424E-001   1.5655E-002  -1.3103E-003  -8.9854E-004   7.4090E-001  -3.2518E-006  -6.4124E-003  -2.4454E-002   2.9107E-001   1.1345E+000  
 2.4746E-001  -8.7054E-001  -4.2857E-001   9.5536E-002   1.8564E-001   1.1412E-001   6.7251E-004   2.2900E-003   3.6131E-002   1.1465E-003   7.0595E-002   2.9875E-002   5.3441E-002  -5.1984E-002   1.0410E-001   1.4683E-002   6.5177E-003  -2.1136E-004   7.3797E-001   6.0666E-003  -4.9027E-003  -2.4010E-002   2.9332E-001   1.1388E+000  
 4.7507E-001  -8.2354E-001  -8.6875E-001   1.2090E-001   2.5515E-001   1.0110E-001   4.9932E-003   3.2499E-003   4.2051E-002  -9.1358E-003   6.3435E-002   4.0801E-002   6.5167E-002  -1.0382E-001   1.0380E-001   1.3376E-002   1.4110E-002   2.0335E-003   7.3224E-001   1.2102E-002  -3.3187E-004  -2.2235E-002   3.0071E-001   1.1771E+000  
 8.2849E-001  -7.5800E-001  -1.2668E+000   1.5478E-001   2.9362E-001   6.9501E-002   1.4995E-002   3.9267E-003   4.4387E-002  -2.6961E-002   5.0310E-002   4.9756E-002   7.6419E-002  -1.5405E-001   1.0301E-001   1.4198E-002   1.9250E-002   5.6305E-003   7.2134E-001   1.7396E-002   6.9583E-003  -1.9012E-002   3.0881E-001   1.2010E+000  
 1.2783E+000  -6.7206E-001  -1.5959E+000   1.8087E-001   2.8810E-001   5.5327E-002   3.7387E-002   6.5199E-003   3.9096E-002  -5.3683E-002   3.3912E-002   6.0895E-002   8.4808E-002  -2.0298E-001   1.0242E-001   1.4814E-002   1.6445E-002   1.0980E-002   7.0656E-001   2.2106E-002   1.6412E-002  -1.8923E-002   3.1742E-001   1.2053E+000  
 1.7830E+000  -5.6230E-001  -1.8204E+000   1.8109E-001   2.2395E-001   1.1350E-001   6.9121E-002   1.1519E-002   2.4266E-002  -8.9040E-002   4.7404E-003   8.1146E-002   8.7390E-002  -2.5529E-001   1.0617E-001   1.3885E-002   2.4699E-003   2.1360E-002   6.9645E-001   2.1345E-002   2.5148E-002  -2.2471E-002   3.2559E-001   1.2020E+000  
 2.2838E+000  -4.2680E-001  -1.9031E+000   1.2289E-001   8.9957E-002   3.1750E-001   1.0032E-001   2.0781E-002   6.3247E-003  -1.3270E-001  -5.0201E-002   1.3164E-001   8.0896E-002  -3.2164E-001   1.1629E-001   1.0463E-002  -3.9607E-002   3.6317E-002   7.0605E-001   1.4533E-002   2.4751E-002  -3.7618E-002   3.2547E-001   1.2878E+000  
 2.7157E+000  -2.6470E-001  -1.8281E+000  -5.0617E-002  -1.3112E-001   7.7169E-001   1.0189E-001   3.1770E-002   4.6198E-003  -1.7851E-001  -1.5044E-001   2.5157E-001   5.6866E-002  -4.1959E-001   1.3928E-001   1.7174E-003  -1.3334E-001   6.0022E-002   7.5234E-001   9.5190E-004   8.3982E-003  -6.3463E-002   3.1067E-001   1.2880E+000  
 3.0125E+000  -7.7214E-001   8.7321E-001   1.1993E-001   5.5150E-001  -7.7828E-002  -3.1957E-001   1.0724E-001   3.7190E-001  -3.6381E-001  -6.6315E-002  -3.4921E-001   3.9160E-002   4.5648E-001   2.1656E-001  -3.1969E-002  -8.7647E-002   3.1862E-002   7.2010E-001   2.5142E-002  -1.2678E-002   1.3759E-002   3.1020E-001   1.4273E+000  
 2.4997E+000  -9.8112E-001   1.3583E+000   1.3351E-001   2.6247E-001  -2.3049E-001  -1.2055E-001   7.1213E-002   1.5768E-001  -2.0572E-001  -5.5186E-002  -2.1361E-001   4.1642E-002   3.3142E-001   1.5674E-001  -2.3654E-002  -3.1959E-002   4.2294E-002   6.7704E-001  -2.2047E-002   1.2213E-002  -1.8353E-003   3.2461E-001   1.2876E+000  
 2.0295E+000  -1.1183E+000   1.4747E+000   1.7702E-001   4.7894E-002  -3.0117E-001  -6.1833E-002   5.6664E-002   7.1573E-002  -1.2886E-001  -1.5861E-002  -1.5622E-001   2.4445E-002   2.6113E-001   1.5183E-001  -9.2977E-003  -2.0917E-002   2.7767E-002   6.8349E-001  -3.0221E-002   1.4597E-002  -1.4068E-002   3.2661E-001   1.2307E+000  
 1.5676E+000  -1.2151E+000   1.3931E+000   1.8633E-001  -6.3186E-002  -2.5719E-001  -3.5327E-002   4.3555E-002   2.9268E-002  -7.2463E-002   1.9502E-002  -1.0904E-001   1.7707E-002   2.0464E-001   1.5057E-001   2.4918E-003  -1.8277E-002   1.6201E-002   6.9948E-001  -3.1337E-002   7.6587E-003  -1.9542E-002   3.2301E-001   1.2151E+000  
 1.1562E+000  -1.2771E+000   1.1734E+000   1.7139E-001  -8.6897E-002  -1.4840E-001  -2.2443E-002   3.1756E-002   1.3345E-002  -3.2568E-002   4.4384E-002  -6.6827E-002   2.1560E-002   1.5367E-001   1.5274E-001   9.3642E-003  -1.4308E-002   6.7326E-003   7.1642E-001  -2.5233E-002  -3.6991E-004  -2.4487E-002   3.1681E-001   1.2254E+000  
 8.2956E-001  -1.3083E+000   8.5559E-001   1.4974E-001  -4.4456E-002  -1.9342E-002  -1.3535E-002   2.1682E-002   1.2284E-002  -5.2444E-003   5.7382E-002  -2.9254E-002   3.1906E-002   1.0317E-001   1.5431E-001   1.4206E-002  -1.0178E-002   9.2037E-004   7.2760E-001  -1.7424E-002  -7.5474E-003  -2.6717E-002   3.1041E-001   1.2246E+000  
 6.1829E-001  -1.3113E+000   4.6973E-001   1.3407E-001   4.2921E-002   9.4159E-002  -6.4739E-003   1.3545E-002   2.0408E-002   1.0235E-002   6.1186E-002   1.9506E-003   4.4881E-002   5.1616E-002   1.5510E-001   1.9058E-002  -7.5686E-003  -1.7693E-003   7.3267E-001  -8.9146E-003  -1.2167E-002  -2.4028E-002   3.0542E-001   1.2212E+000  
 5.4661E-001  -1.2893E+000   5.0166E-002   1.2842E-001   1.5125E-001   1.6759E-001  -2.5451E-003   9.1272E-003   3.3964E-002   1.5411E-002   6.1430E-002   2.6712E-002   6.1265E-002  -1.2665E-004   1.5532E-001   2.1173E-002  -1.9428E-003  -3.1321E-003   7.3235E-001  -3.0378E-005  -1.3835E-002  -2.1954E-002   3.0347E-001   1.2050E+000  
 6.1854E-001  -1.2424E+000  -3.7982E-001   1.3685E-001   2.5849E-001   1.9398E-001   3.4411E-004   6.9528E-003   5.0213E-002   1.0484E-002   5.6889E-002   4.4841E-002   7.9915E-002  -5.1708E-002   1.5480E-001   2.2354E-002   6.2079E-003  -2.4122E-003   7.2660E-001   8.9126E-003  -1.2253E-002  -1.8913E-002   3.0397E-001   1.2149E+000  
 8.2781E-001  -1.1687E+000  -7.9729E-001   1.5854E-001   3.4302E-001   1.8039E-001   4.8262E-003   5.8335E-003   6.6138E-002  -5.3536E-003   4.5643E-002   5.7094E-002   9.8945E-002  -1.0277E-001   1.5391E-001   2.4417E-002   1.5598E-002   1.2724E-003   7.1671E-001   1.7551E-002  -7.6004E-003  -1.3288E-002   3.0790E-001   1.2404E+000  
 1.1542E+000  -1.0676E+000  -1.1713E+000   1.8186E-001   3.8303E-001   1.4842E-001   1.7505E-002   8.1901E-003   7.8471E-002  -3.2527E-002   3.1726E-002   6.6832E-002   1.1405E-001  -1.5244E-001   1.5274E-001   2.4728E-002   1.9787E-002   6.4015E-003   7.0335E-001   2.5434E-002  -2.0660E-004  -1.0603E-002   3.1388E-001   1.2593E+000  
 1.5681E+000  -9.3467E-001  -1.4719E+000   1.9478E-001   3.5885E-001   1.3433E-001   4.2858E-002   1.5108E-002   8.4349E-002  -7.3685E-002   1.4222E-002   7.7755E-002   1.2521E-001  -2.0184E-001   1.5234E-001   2.4644E-002   1.7910E-002   1.3751E-002   6.8822E-001   3.1468E-002   8.8674E-003  -9.5389E-003   3.2102E-001   1.2678E+000  
 2.0307E+000  -7.6327E-001  -1.6627E+000   1.7956E-001   2.4974E-001   1.9340E-001   7.9179E-002   2.7842E-002   8.4384E-002  -1.2896E-001  -1.4836E-002   9.9634E-002   1.3038E-001  -2.5631E-001   1.5902E-001   2.4916E-002   5.2650E-003   2.7704E-002   6.8066E-001   2.8719E-002   1.7688E-002  -1.1168E-002   3.2642E-001   1.2699E+000  
 2.4858E+000  -5.5141E-001  -1.7073E+000   1.0273E-001   3.7648E-002   3.9931E-001   1.1574E-001   4.6971E-002   8.4517E-002  -1.9682E-001  -6.9226E-002   1.5303E-001   1.2263E-001  -3.2596E-001   1.7582E-001   2.1833E-002  -3.5657E-002   4.9386E-002   6.9382E-001   1.6630E-002   1.7150E-002  -2.4118E-002   3.2442E-001   1.2265E+000  
 2.8125E+000  -3.2069E-001  -1.6767E+000  -1.5527E-001  -3.4557E-001   9.3231E-001   4.7779E-002   5.0260E-002   1.5640E-001  -2.1594E-001  -1.9250E-001   3.2822E-001   6.1400E-002  -4.5448E-001   2.5974E-001   5.8120E-003  -1.4865E-001   1.0998E-001   7.7291E-001  -3.7041E-002  -6.9152E-003  -4.2473E-002   3.0607E-001   1.6363E+000  
 3.0059E+000  -1.2799E+000   7.0322E-001  -1.8201E-001   1.4168E+000  -3.6850E-001  -3.2342E-001  -2.0933E-001   7.8641E-001  -3.1867E-001  -1.9619E-001  -6.1360E-001   4.1112E-001   7.5009E-001   3.7212E-001  -1.9887E-001  -2.1926E-002   9.9607E-002   1.0248E+000   7.5835E-002  -5.7107E-002  -1.6879E-002   2.4383E-001   1.1183E+000  
 2.7221E+000  -1.1773E+000   1.1875E+000   3.0429E-002   5.7314E-001  -1.7971E-001  -1.2713E-001   8.2381E-002   1.1219E-001  -2.4876E-001  -1.0932E-001  -2.0802E-001   1.1189E-001   3.5961E-001   2.1975E-001  -6.6618E-002   1.0620E-002   6.3939E-002   7.0940E-001  -1.2644E-002   3.4047E-004  -2.7176E-002   3.1864E-001   1.2437E+000  
 2.3258E+000  -1.3576E+000   1.3434E+000   1.2224E-001   2.4262E-001  -2.4425E-001  -7.4395E-002   7.5628E-002   2.7668E-002  -1.5237E-001  -5.4050E-002  -1.4925E-001   6.9030E-002   2.7606E-001   2.0895E-001  -3.7798E-002   5.9543E-003   3.9945E-002   7.0056E-001  -2.8373E-002   2.9230E-003  -3.2565E-002   3.2592E-001   1.2574E+000  
 1.9272E+000  -1.4895E+000   1.3010E+000   1.6732E-001   5.5429E-002  -1.9754E-001  -4.8732E-002   6.4999E-002  -7.3072E-003  -8.0529E-002  -8.1412E-003  -1.0092E-001   4.7065E-002   2.1089E-001   2.0597E-001  -1.4815E-002  -2.4965E-003   2.0154E-002   7.0509E-001  -3.2547E-002  -1.3191E-003  -3.0826E-002   3.2652E-001   1.2521E+000  
 1.5674E+000  -1.5755E+000   1.1179E+000   1.7862E-001  -1.3068E-002  -8.6160E-002  -3.4236E-002   5.4165E-002  -1.5035E-002  -2.6915E-002   2.4143E-002  -5.5614E-002   4.2975E-002   1.5500E-001   2.0415E-001   1.2117E-003  -5.6762E-003   6.9023E-003   7.1154E-001  -2.9533E-002  -9.7798E-003  -2.8658E-002   3.2478E-001   1.2484E+000  
 1.2795E+000  -1.6208E+000   8.3411E-001   1.7415E-001   7.4000E-003   4.3155E-002  -2.4017E-002   4.3155E-002  -5.0895E-003   9.6837E-003   4.1944E-002  -1.6289E-002   5.1542E-002   1.0203E-001   2.0395E-001   1.0763E-002  -4.8847E-003  -2.1181E-003   7.1630E-001  -2.2196E-002  -1.6878E-002  -2.7434E-002   3.2075E-001   1.2441E+000  
 1.0918E+000  -1.6282E+000   4.8064E-001   1.6799E-001   8.8797E-002   1.5581E-001  -1.4783E-002   3.2016E-002   1.6379E-002   3.1149E-002   4.6757E-002   1.6166E-002   6.7774E-002   5.0571E-002   2.0446E-001   1.7181E-002  -2.2177E-003  -6.4847E-003   7.1819E-001  -1.1307E-002  -2.1453E-002  -2.4735E-002   3.1553E-001   1.2242E+000  
 1.0267E+000  -1.5985E+000   9.1195E-002   1.6881E-001   1.9845E-001   2.2842E-001  -8.0330E-003   2.3193E-002   4.3131E-002   3.8069E-002   4.3634E-002   4.2457E-002   8.7450E-002  -4.6628E-004   2.0420E-001   2.3931E-002   2.2695E-003  -7.6593E-003   7.1481E-001  -1.1264E-004  -2.3037E-002  -1.8538E-002   3.1261E-001   1.2034E+000  
 1.0898E+000  -1.5332E+000  -3.0850E-001   1.7779E-001   3.0711E-001   2.5422E-001  -2.3672E-003   1.7725E-002   7.2547E-002   3.1130E-002   3.5039E-002   6.2133E-002   1.0950E-001  -5.1171E-002   2.0357E-001   2.9483E-002   9.4299E-003  -6.0201E-003   7.0689E-001   1.1214E-002  -2.1701E-002  -1.1350E-002   3.1301E-001   1.2530E+000  
 1.2767E+000  -1.4313E+000  -6.9414E-001   1.9128E-001   3.8632E-001   2.4034E-001   6.1423E-003   1.7073E-002   1.0226E-001   9.6505E-003   2.2725E-002   7.5663E-002   1.3097E-001  -1.0159E-001   2.0244E-001   3.2291E-002   1.6673E-002  -1.7237E-003   6.9480E-001   2.2443E-002  -1.7174E-002  -5.6748E-003   3.1605E-001   1.2927E+000  
 1.5683E+000  -1.2896E+000  -1.0319E+000   2.0249E-001   4.0897E-001   2.0906E-001   2.4429E-002   2.4016E-002   1.3114E-001  -2.8136E-002   9.5779E-003   8.6909E-002   1.5048E-001  -1.5219E-001   2.0240E-001   3.4974E-002   2.1463E-002   4.4212E-003   6.8165E-001   3.0789E-002  -9.6857E-003  -4.2410E-004   3.1952E-001   1.3149E+000  
 1.9364E+000  -1.1016E+000  -1.2901E+000   2.0041E-001   3.4865E-001   1.9756E-001   5.5659E-002   3.9390E-002   1.5746E-001  -8.4203E-002  -7.2394E-003   1.0093E-001   1.6677E-001  -2.0365E-001   2.0598E-001   3.9138E-002   2.1827E-002   1.5052E-002   6.6995E-001   3.4602E-002   6.8950E-004   4.7098E-003   3.2290E-001   1.3314E+000  
 2.3464E+000  -8.5816E-001  -1.4288E+000   1.6903E-001   1.8042E-001   2.5826E-001   1.0179E-001   6.5081E-002   1.8080E-001  -1.6308E-001  -3.4306E-002   1.2452E-001   1.7800E-001  -2.6226E-001   2.1556E-001   4.4161E-002   1.4108E-002   3.0655E-002   6.6622E-001   2.9643E-002   8.7955E-003   7.2695E-003   3.2513E-001   1.3392E+000  
 2.7503E+000  -5.5172E-001  -1.4075E+000   8.0767E-002  -1.1381E-001   4.6633E-001   1.5569E-001   1.0596E-001   2.1185E-001  -2.6356E-001  -8.2464E-002   1.7959E-001   1.7980E-001  -3.3979E-001   2.3967E-001   4.8161E-002  -1.6925E-002   5.4223E-002   6.8628E-001   1.0954E-002   8.9410E-003  -3.4385E-004   3.1945E-001   1.3181E+000  
 2.9962E+000   3.0585E-002  -1.4841E+000  -2.0616E-001  -3.8481E-001   1.4312E+000  -3.9259E-002   3.7164E-001   7.7757E-001  -3.2613E-001  -2.0607E-001   6.7081E-001   3.1400E-001  -7.0634E-001   4.5145E-001   1.1333E-001  -1.7145E-001   1.0021E-001   1.0275E+000  -8.5019E-002  -4.2104E-002  -1.8640E-002   2.4347E-001   1.1165E+000  
 2.3154E+000  -1.6505E+000   1.1809E+000   9.7845E-002   3.0314E-001  -2.1414E-001  -5.6921E-002   8.0550E-002  -4.3880E-002  -7.1217E-002  -6.3365E-002  -1.0532E-001   1.0970E-001   2.2607E-001   2.7344E-001  -5.7278E-002   2.9081E-002   2.1883E-002   7.2756E-001  -2.3592E-002  -7.7337E-003  -5.2633E-002   3.2181E-001   1.3012E+000  
 2.0216E+000  -1.7579E+000   1.0423E+000   1.5096E-001   1.5366E-001  -9.8551E-002  -4.5414E-002   7.6829E-002  -4.6102E-002  -6.3196E-003  -1.8607E-002  -5.3890E-002   8.4880E-002   1.5853E-001   2.6387E-001  -2.4034E-002   1.2771E-002   1.4591E-003   7.1614E-001  -2.8741E-002  -1.5460E-002  -4.0938E-002   3.2675E-001   1.2779E+000  
 1.7809E+000  -1.8189E+000   8.0369E-001   1.7157E-001   1.2190E-001   3.1516E-002  -3.3933E-002   6.6050E-002  -2.2015E-002   4.0018E-002   5.7583E-003  -1.0951E-002   8.5951E-002   1.0206E-001   2.6043E-001  -5.1372E-003   7.4944E-003  -1.0894E-002   7.1138E-001  -2.2551E-002  -2.2505E-002  -3.3326E-002   3.2584E-001   1.2611E+000  
 1.6240E+000  -1.8289E+000   4.9267E-001   1.8267E-001   1.6435E-001   1.4564E-001  -2.4410E-002   5.6956E-002   1.3114E-002   6.8098E-002   1.7076E-002   2.6482E-002   9.7548E-002   4.8381E-002   2.5611E-001   1.0783E-002   5.9097E-003  -1.6414E-002   7.0289E-001  -1.3610E-002  -2.9266E-002  -2.3824E-002   3.2418E-001   1.2319E+000  
 1.5700E+000  -1.7914E+000   1.4495E-001   1.9058E-001   2.4522E-001   2.1952E-001  -1.4914E-002   4.9002E-002   5.6864E-002   7.8314E-002   1.6742E-002   5.5989E-002   1.1743E-001  -1.6309E-003   2.5351E-001   2.2609E-002   8.8428E-003  -1.5992E-002   6.9364E-001  -5.8637E-004  -3.2773E-002  -1.4519E-002   3.2203E-001   1.2386E+000  
 1.6255E+000  -1.7061E+000  -2.1259E-001   1.9902E-001   3.2745E-001   2.4688E-001  -3.9747E-003   4.5576E-002   1.0594E-001   7.0412E-002   9.7799E-003   7.8554E-002   1.4119E-001  -5.1026E-002   2.5334E-001   3.2445E-002   1.4509E-002  -1.2080E-002   6.8369E-001   1.2849E-002  -3.0621E-002  -4.6436E-003   3.2114E-001   1.2927E+000  
 1.7878E+000  -1.5693E+000  -5.5233E-001   2.0672E-001   3.7618E-001   2.3537E-001   1.2643E-002   5.0476E-002   1.5894E-001   4.2826E-002   2.9101E-004   9.6220E-002   1.6715E-001  -1.0221E-001   2.5486E-001   4.2125E-002   2.2222E-002  -6.3886E-003   6.7320E-001   2.3427E-002  -2.4766E-002   6.3009E-003   3.2104E-001   1.3392E+000  
 2.0386E+000  -1.3795E+000  -8.3930E-001   2.0562E-001   3.5552E-001   2.0637E-001   3.9094E-002   6.4180E-002   2.1175E-001  -6.4586E-003  -1.2094E-002   1.1049E-001   1.9082E-001  -1.5369E-001   2.5670E-001   5.0217E-002   2.8393E-002   1.4275E-003   6.6074E-001   3.1888E-002  -1.6996E-002   1.5701E-002   3.2189E-001   1.3716E+000  
 2.3569E+000  -1.1217E+000  -1.0349E+000   1.9343E-001   2.4095E-001   2.0018E-001   8.3789E-002   9.5631E-002   2.7161E-001  -8.1876E-002  -2.4994E-002   1.3006E-001   2.1868E-001  -2.1226E-001   2.6686E-001   6.5435E-002   3.5444E-002   1.2524E-002   6.5702E-001   2.9518E-002  -6.5067E-003   2.7336E-002   3.1997E-001   1.4032E+000  
 2.6654E+000  -1.6822E+000   1.0454E+000  -7.4535E-002   7.2841E-001  -3.8556E-001  -4.3595E-002   6.4691E-002  -5.7098E-002  -4.2427E-002  -1.6308E-001  -1.4669E-001   2.3251E-001   2.5189E-001   3.6812E-001  -1.4477E-001   8.4487E-002   1.6436E-002   7.8136E-001  -5.8727E-003  -3.8266E-003  -8.3272E-002   3.0339E-001   1.3616E+000  
 2.4562E+000  -1.8005E+000   9.5468E-001   4.1214E-002   4.5034E-001  -2.6034E-001  -4.3760E-002   8.3000E-002  -5.8150E-002   3.2250E-002  -9.8134E-002  -8.4767E-002   1.7187E-001   1.7018E-001   3.4898E-001  -9.0031E-002   5.1468E-002  -1.1859E-002   7.4883E-001  -1.4660E-002  -9.4919E-003  -6.7763E-002   3.1473E-001   1.3338E+000  
 2.2789E+000  -1.8620E+000   7.6468E-001   1.1140E-001   3.1647E-001  -1.1935E-001  -3.9515E-002   9.1541E-002  -3.2041E-002   8.9991E-002  -5.4257E-002  -2.5884E-002   1.4357E-001   1.0296E-001   3.3020E-001  -4.3722E-002   3.0335E-002  -2.6755E-002   7.1999E-001  -1.8351E-002  -1.9997E-002  -4.7461E-002   3.2384E-001   1.2930E+000  
 2.1602E+000  -1.8694E+000   5.0696E-001   1.5039E-001   2.8213E-001   1.1641E-003  -2.9718E-002   9.2054E-002   1.8392E-002   1.2798E-001  -3.1003E-002   2.3084E-002   1.4249E-001   4.7055E-002   3.1784E-001  -1.0115E-002   2.1425E-002  -3.1142E-002   6.9826E-001  -1.2426E-002  -3.0145E-002  -2.8465E-002   3.2731E-001   1.2483E+000  
 2.1216E+000  -1.8204E+000   2.1323E-001   1.7115E-001   2.9866E-001   7.8600E-002  -1.6511E-002   9.0599E-002   8.4172E-002   1.4179E-001  -2.3103E-002   5.9634E-002   1.5745E-001  -4.9884E-003   3.1279E-001   1.2898E-002   2.0665E-002  -3.0635E-002   6.8181E-001  -1.9091E-003  -3.3634E-002  -1.2428E-002   3.2695E-001   1.2666E+000  
 2.1720E+000  -1.7094E+000  -8.8232E-002   1.8339E-001   3.2028E-001   1.1027E-001   1.3986E-003   9.5085E-002   1.5912E-001   1.3307E-001  -2.3325E-002   8.8885E-002   1.8086E-001  -5.5641E-002   3.1121E-001   3.2819E-002   2.5210E-002  -2.5579E-002   6.6769E-001   9.5841E-003  -3.3223E-002   3.5662E-003   3.2533E-001   1.3307E+000  
 2.3116E+000  -1.5269E+000  -3.6587E-001   1.9163E-001   3.0724E-001   1.0697E-001   2.8951E-002   1.1366E-001   2.4511E-001   1.0158E-001  -2.5500E-002   1.1679E-001   2.1192E-001  -1.0689E-001   3.1660E-001   5.6732E-002   3.4683E-002  -1.5793E-002   6.5840E-001   1.8627E-002  -2.5634E-002   2.2346E-002   3.2174E-001   1.3913E+000  
 2.5292E+000  -1.2652E+000  -5.7793E-001   1.9489E-001   2.2542E-001   9.1484E-002   7.4353E-002   1.5315E-001   3.4428E-001   4.0932E-002  -2.6363E-002   1.4527E-001   2.5274E-001  -1.6465E-001   3.2980E-001   8.6221E-002   4.9588E-002  -4.8741E-003   6.5710E-001   1.9753E-002  -1.5016E-002   4.1765E-002   3.1500E-001   1.4453E+000  
 2.8072E+000  -9.1262E-001  -6.8350E-001   1.8587E-001   4.1635E-002   9.9007E-002   1.4486E-001   2.1824E-001   4.5536E-001  -5.7303E-002  -2.8631E-002   1.7514E-001   3.0059E-001  -2.3217E-001   3.4822E-001   1.1732E-001   6.6110E-002   6.6641E-003   6.6334E-001   1.4495E-002  -5.6394E-003   5.5784E-002   3.0738E-001   1.4811E+000  
 2.0554E+000  -2.6772E+000   1.5410E+000  -1.4015E+000   2.2782E+000  -1.3268E+000   5.7209E-001  -9.9214E-001   6.2683E-001   1.8987E-003  -6.1195E-001  -6.2479E-001   1.0791E+000   4.2176E-001   7.3892E-001  -4.9680E-001   2.8616E-001  -2.4963E-003   1.2079E+000   5.1630E-002   2.9762E-002  -7.6186E-002   2.2598E-001   1.2233E+000  
 2.6423E+000  -1.9152E+000   9.6875E-001  -3.8764E-001   1.0951E+000  -8.1808E-001   7.5464E-002  -1.5033E-001   1.4708E-001   3.3902E-002  -2.9964E-001  -2.8022E-001   4.4554E-001   2.0336E-001   5.9329E-001  -2.7052E-001   1.4129E-001  -6.5246E-002   9.0850E-001   3.9309E-002   6.0031E-002  -8.8623E-002   2.6614E-001   1.4080E+000  
 2.7107E+000  -1.7282E+000   7.2750E-001  -6.0182E-002   6.2841E-001  -5.0104E-001  -2.5465E-002   9.6846E-002  -9.7854E-003   1.5943E-001  -1.5485E-001  -8.8577E-002   2.4847E-001   1.0540E-001   4.3233E-001  -1.2389E-001   7.0998E-002  -5.5544E-002   7.6016E-001  -6.4363E-003  -4.1634E-003  -6.7971E-002   3.0889E-001   1.3189E+000  
 2.6449E+000  -1.7166E+000   5.3091E-001   2.6896E-002   4.6576E-001  -3.6381E-001  -2.0315E-002   1.2529E-001   5.3034E-002   2.0888E-001  -1.1022E-001  -1.8957E-002   2.2031E-001   4.1205E-002   4.0876E-001  -6.3957E-002   5.0324E-002  -6.0510E-002   7.2000E-001  -8.1260E-003  -1.2449E-002  -4.1765E-002   3.1875E-001   1.2632E+000  
 2.6361E+000  -1.6328E+000   3.0363E-001   8.4787E-002   3.7280E-001  -2.6612E-001  -4.2923E-003   1.5314E-001   1.4190E-001   2.3598E-001  -8.0984E-002   4.3469E-002   2.2109E-001  -1.2176E-002   3.9564E-001  -9.9502E-003   4.3223E-002  -5.4117E-002   6.9104E-001  -4.0976E-003  -1.8212E-002  -1.3311E-002   3.2238E-001   1.2796E+000  
 2.6954E+000  -1.4700E+000   7.6516E-002   1.2429E-001   2.9791E-001  -2.1259E-001   2.4417E-002   1.8897E-001   2.5423E-001   2.3607E-001  -6.1315E-002   9.8584E-002   2.4344E-001  -6.2758E-002   3.9494E-001   4.0275E-002   4.6900E-002  -4.1653E-002   6.7365E-001   1.7500E-003  -1.8006E-002   1.5040E-002   3.2004E-001   1.3480E+000  
 2.8263E+000  -1.2170E+000  -1.1483E-001   1.5115E-001   1.9530E-001  -1.9432E-001   7.1375E-002   2.4171E-001   3.9048E-001   2.0246E-001  -4.6662E-002   1.4725E-001   2.8516E-001  -1.1827E-001   4.0604E-001   8.8338E-002   6.0866E-002  -2.7744E-002   6.6801E-001   4.9542E-003  -1.3023E-002   4.0643E-002   3.1224E-001   1.4254E+000  
 3.1827E+000  -6.3460E-001  -1.2433E-001   3.5234E-001   1.9768E-001  -3.6081E-002   2.3275E-001   5.1777E-001   7.2660E-001   1.8212E-001   4.0902E-002   3.0151E-001   4.6758E-001  -2.0083E-001   5.5008E-001   2.0972E-001   1.1512E-001   1.2823E-002   7.6659E-001  -3.3184E-002   4.8170E-002   6.0021E-002   2.7849E-001   1.5043E+000  
 3.9511E+000   4.9524E-001   2.9475E-001   1.0161E+000   4.8082E-001   2.6659E-001   7.3576E-001   1.2787E+000   1.2748E+000   6.9653E-003   2.1004E-001   5.6833E-001   9.8326E-001  -3.7874E-001   6.6091E-001   3.4742E-001   2.0070E-001  -1.3835E-004   1.0086E+000  -3.6979E-002   2.0775E-002   4.0652E-002   2.5766E-001   1.3071E+000  
