 3.3404E+000   8.1336E-001   1.8818E-001   8.1960E-002  -3.0672E-001  -7.4102E-001  -4.0526E-001  -3.0067E-001  -6.7772E-001   8.8813E-001  -1.5010E-001  -1.6072E-001   2.3920E-001  -1.1625E+000  -3.4580E-001   6.2986E-002  -6.4628E-003   1.1748E-001   3.5105E-002   1.1347E-002   1.2520E-002  -1.7009E-002   1.0324E-001   5.2948E-001  
 2.9047E+000   1.3067E+000   5.6073E-001  -4.2997E-002  -4.2607E-001  -4.9986E-001  -7.8187E-002  -1.5293E-001  -3.2646E-001   3.7812E-001  -1.4072E-001  -1.8560E-002   8.5460E-003  -9.1095E-001  -3.0960E-001   4.8750E-002   5.4920E-003  -2.6709E-002   8.4417E-002  -5.5632E-002  -3.3275E-002  -1.6202E-002   1.4152E-001   4.7738E-001  
 2.7734E+000   1.4833E+000   4.3059E-001   2.9327E-002  -2.1015E-001  -3.9642E-001  -4.6832E-002  -1.5499E-001  -1.8946E-001   2.6281E-001  -1.1034E-001   1.6354E-002   1.6183E-002  -9.0272E-001  -2.8742E-001   3.6467E-002   2.2253E-003  -2.3375E-002   4.6376E-002  -6.6230E-002  -3.9021E-002  -1.9694E-002   1.4063E-001   4.6184E-001  
 2.6747E+000   1.6048E+000   2.3183E-001   5.6927E-002  -9.6227E-002  -3.3508E-001  -2.0740E-002  -1.4175E-001  -3.3210E-002   2.0278E-001  -9.6979E-002   2.6509E-002   9.3645E-003  -9.0765E-001  -2.8097E-001   3.3360E-002   2.1955E-003  -1.2414E-002   1.4039E-002  -6.8996E-002  -3.0958E-002  -2.1478E-002   1.4033E-001   4.6786E-001  
 2.6416E+000   1.6432E+000  -1.0412E-003   6.7593E-002  -2.8620E-002  -3.0781E-001   3.8372E-004  -1.3911E-001   1.2264E-001   1.7112E-001  -9.1410E-002   3.1255E-002  -6.1423E-004  -9.0928E-001  -2.7324E-001   3.0052E-002   2.7750E-003  -7.1500E-003  -1.9381E-002  -7.1962E-002  -2.3296E-002  -2.1140E-002   1.4087E-001   4.6950E-001  
 2.6772E+000   1.6015E+000  -2.3294E-001   6.3103E-002   3.8691E-002  -3.2129E-001   2.2250E-002  -1.4631E-001   2.7958E-001   1.6622E-001  -9.3574E-002   3.0072E-002  -1.1690E-002  -9.0726E-001  -2.6579E-001   2.6864E-002   3.6119E-003  -7.7418E-003  -5.2011E-002  -7.5492E-002  -1.5168E-002  -1.8834E-002   1.4217E-001   4.6772E-001  
 2.7789E+000   1.4765E+000  -4.2878E-001   4.1539E-002   1.5188E-001  -3.6878E-001   5.0363E-002  -1.6436E-001   4.3896E-001   1.8998E-001  -1.0369E-001   2.3102E-002  -2.1626E-002  -9.0243E-001  -2.6009E-001   2.4380E-002   4.2333E-003  -1.3735E-002  -8.2182E-002  -7.8900E-002  -5.7994E-003  -1.5352E-002   1.4375E-001   4.6003E-001  
 2.9533E+000   1.2395E+000  -5.3074E-001   1.8175E-002   3.2614E-001  -4.1823E-001   1.0435E-001  -2.1493E-001   6.2449E-001   2.5250E-001  -1.1504E-001   1.8247E-002  -4.5832E-002  -9.1233E-001  -2.7175E-001   1.7560E-002   7.4695E-003  -2.0720E-002  -9.5694E-002  -6.6004E-002   7.1799E-003  -1.2798E-002   1.4578E-001   4.7825E-001  
 4.1477E+000  -2.1975E-001   3.2259E-001   7.6459E-001  -4.8202E-001  -1.1533E-001   7.2164E-001  -9.7234E-001   1.5191E+000   6.1770E-001  -2.2490E-002   1.3091E-001  -5.8602E-001  -1.2270E+000  -4.7731E-001  -1.6293E-002   3.9461E-002   8.1545E-002   1.2100E-001   3.3820E-002   6.6436E-003  -1.4792E-002   9.6888E-002   6.1662E-001  
 2.7526E+000   1.2942E+000   8.7152E-001   6.5231E-002  -2.9258E-001  -1.5840E-001  -1.0038E-001  -1.4610E-001  -3.8374E-001   4.6809E-001  -9.1017E-002   1.1792E-002   4.2672E-002  -8.8635E-001  -2.8268E-001   9.4552E-003  -4.7207E-003  -7.4992E-002   7.6796E-002  -5.4849E-002  -6.0779E-002  -1.0395E-002   1.4751E-001   4.8076E-001  
 2.5047E+000   1.5337E+000   7.7625E-001   1.1737E-001  -8.7005E-002  -1.0251E-001  -5.8523E-002  -1.1715E-001  -2.6776E-001   3.5842E-001  -6.3177E-002   2.8706E-002   4.0949E-002  -8.9285E-001  -2.8277E-001   5.5734E-003  -5.7486E-003  -5.7710E-002   5.7035E-002  -5.9968E-002  -5.1971E-002  -1.3621E-002   1.4741E-001   4.7090E-001  
 2.3067E+000   1.6957E+000   5.7298E-001   1.4682E-001   2.3086E-003  -2.5283E-002  -3.2217E-002  -1.0035E-001  -1.4732E-001   2.7975E-001  -4.2975E-002   4.4491E-002   3.2688E-002  -8.9862E-001  -2.8079E-001   1.1258E-003  -4.7982E-003  -4.4472E-002   3.3220E-002  -6.4077E-002  -4.2381E-002  -1.6021E-002   1.4745E-001   4.8292E-001  
 2.1780E+000   1.7898E+000   3.0100E-001   1.6163E-001   1.0941E-002   3.8155E-002  -1.4660E-002  -9.1943E-002  -2.2976E-002   2.2670E-001  -3.0229E-002   5.5979E-002   1.8876E-002  -9.0217E-001  -2.7734E-001  -3.2232E-003  -2.3171E-003  -3.5552E-002   7.1137E-003  -6.7758E-002  -3.2771E-002  -1.6698E-002   1.4785E-001   4.8936E-001  
 2.1338E+000   1.8207E+000  -9.7603E-004   1.6631E-001  -2.2113E-002   6.4560E-002  -5.9673E-004  -8.9272E-002   1.0329E-001   1.9779E-001  -2.5897E-002   5.9949E-002   1.1365E-003  -9.0317E-001  -2.7412E-001  -5.4441E-003   1.4190E-003  -3.0666E-002  -1.8681E-002  -7.1684E-002  -2.2338E-002  -1.6515E-002   1.4834E-001   4.8939E-001  
 2.1782E+000   1.7902E+000  -3.0247E-001   1.6355E-001  -5.4744E-002   4.7340E-002   1.3821E-002  -9.2379E-002   2.2982E-001   1.9202E-001  -2.9410E-002   5.6081E-002  -1.7025E-002  -9.0216E-001  -2.7057E-001  -5.9179E-003   5.1816E-003  -2.9526E-002  -4.4183E-002  -7.5132E-002  -1.1683E-002  -1.5193E-002   1.4876E-001   4.8387E-001  
 2.3076E+000   1.6956E+000  -5.7278E-001   1.5132E-001  -4.5214E-002  -6.2421E-003   3.2597E-002  -1.0223E-001   3.5558E-001   2.0986E-001  -4.0642E-002   4.5520E-002  -3.2573E-002  -8.9855E-001  -2.6683E-001  -4.9509E-003   7.9392E-003  -3.2703E-002  -6.8906E-002  -7.8487E-002  -7.8459E-004  -1.2877E-002   1.4925E-001   4.7293E-001  
 2.5072E+000   1.5321E+000  -7.7328E-001   1.2477E-001   4.5514E-002  -7.3059E-002   6.0690E-002  -1.2141E-001   4.7858E-001   2.5350E-001  -5.9054E-002   3.1211E-002  -4.3581E-002  -8.9314E-001  -2.6459E-001  -3.7104E-003   9.0518E-003  -4.0447E-002  -9.0462E-002  -8.0474E-002   1.0725E-002  -9.5663E-003   1.4956E-001   4.7727E-001  
 2.7566E+000   1.2912E+000  -8.6588E-001   7.4169E-002   2.5437E-001  -1.1762E-001   1.0341E-001  -1.5269E-001   5.9752E-001   3.2729E-001  -8.6116E-002   1.6252E-002  -4.7184E-002  -8.8689E-001  -2.6455E-001  -1.2677E-003   6.7061E-003  -5.3292E-002  -1.0767E-001  -8.0559E-002   2.2143E-002  -7.1242E-003   1.4951E-001   4.8822E-001  
 2.3498E+000   1.3867E+000   1.1167E+000   1.5179E-001   7.2961E-003  -2.3153E-003  -7.1277E-002  -9.0595E-002  -2.9922E-001   4.3038E-001  -4.1285E-002   1.2931E-002   5.6574E-002  -8.8982E-001  -2.7639E-001  -9.1555E-003  -1.2330E-002  -7.8632E-002   5.8632E-002  -4.7208E-002  -6.5506E-002  -8.5747E-003   1.5112E-001   4.7837E-001  
 2.0425E+000   1.5698E+000   9.4975E-001   1.7924E-001   1.2128E-001   5.4536E-002  -4.0085E-002  -7.1019E-002  -2.1200E-001   3.4030E-001  -1.5600E-002   2.9879E-002   5.1337E-002  -8.9700E-001  -2.7811E-001  -1.3069E-002  -1.2326E-002  -6.3016E-002   4.2841E-002  -5.2149E-002  -5.4887E-002  -1.1852E-002   1.5159E-001   4.6713E-001  
 1.7970E+000   1.6944E+000   6.8441E-001   1.8797E-001   1.3323E-001   1.3203E-001  -2.1072E-002  -5.8915E-002  -1.1694E-001   2.7465E-001   2.2326E-003   4.4876E-002   3.9012E-002  -9.0285E-001  -2.7843E-001  -1.6112E-002  -9.4692E-003  -5.0882E-002   2.4445E-002  -5.6125E-002  -4.3361E-002  -1.4661E-002   1.5209E-001   4.7562E-001  
 1.6379E+000   1.7673E+000   3.5566E-001   1.8875E-001   7.5064E-002   1.9485E-001  -9.2526E-003  -5.2349E-002  -1.6433E-002   2.2952E-001   1.3052E-002   5.5035E-002   2.1542E-002  -9.0653E-001  -2.7786E-001  -1.8315E-002  -4.7924E-003  -4.2045E-002   4.5089E-003  -6.0004E-002  -3.1484E-002  -1.6317E-002   1.5247E-001   4.7799E-001  
 1.5834E+000   1.7912E+000  -5.0871E-004   1.8861E-001  -1.7794E-002   2.2054E-001  -6.7910E-004  -5.0239E-002   8.5702E-002   2.0330E-001   1.6654E-002   5.8446E-002   1.4475E-003  -9.0775E-001  -2.7641E-001  -1.9653E-002   7.2162E-004  -3.7058E-002  -1.6252E-002  -6.3838E-002  -1.9695E-002  -1.6461E-002   1.5278E-001   4.7602E-001  
 1.6377E+000   1.7680E+000  -3.5634E-001   1.8966E-001  -1.1012E-001   2.0205E-001   8.1607E-003  -5.1865E-002   1.8799E-001   1.9507E-001   1.2896E-002   5.4401E-002  -1.8919E-002  -9.0640E-001  -2.7460E-001  -1.9713E-002   6.1920E-003  -3.5852E-002  -3.6736E-002  -6.7907E-002  -7.6132E-003  -1.5459E-002   1.5294E-001   4.7284E-001  
 1.7968E+000   1.6956E+000  -6.8406E-001   1.8973E-001  -1.6665E-001   1.4648E-001   2.0782E-002  -5.8385E-002   2.8890E-001   2.0567E-001   2.4697E-003   4.3813E-002  -3.7249E-002  -9.0284E-001  -2.7276E-001  -1.8958E-002   1.0761E-002  -3.8183E-002  -5.6080E-002  -7.1577E-002   4.8158E-003  -1.3023E-002   1.5284E-001   4.6326E-001  
 2.0425E+000   1.5714E+000  -9.4797E-001   1.8131E-001  -1.5151E-001   7.6233E-002   4.0671E-002  -7.0608E-002   3.8428E-001   2.3693E-001  -1.4859E-002   2.8553E-002  -5.0435E-002  -8.9698E-001  -2.7085E-001  -1.6789E-002   1.2991E-002  -4.4041E-002  -7.4043E-002  -7.4878E-002   1.7239E-002  -1.0108E-002   1.5247E-001   4.6438E-001  
 2.3504E+000   1.3881E+000  -1.1132E+000   1.5407E-001  -3.3151E-002   2.7609E-002   7.2446E-002  -9.1037E-002   4.7285E-001   2.9202E-001  -4.0086E-002   1.2454E-002  -5.6884E-002  -8.9009E-001  -2.7077E-001  -1.3818E-002   1.1839E-002  -5.4295E-002  -8.8259E-002  -7.5727E-002   2.9683E-002  -7.0907E-003   1.5177E-001   4.6874E-001  
 4.1351E+000  -3.1295E-001  -2.0123E-001   7.5805E-001   4.4974E-001   1.7785E-001  -9.6804E-001  -7.1699E-001  -6.1302E-001   1.5110E+000  -2.2757E-002  -1.3279E-001   5.8287E-001  -1.2231E+000  -4.7486E-001  -3.9397E-002  -1.6430E-002   1.1952E-001  -8.0766E-002  -6.6351E-003   3.2805E-002  -1.4681E-002   9.7421E-002   6.2065E-001  
 2.7564E+000   8.6434E-001   1.2958E+000   7.4166E-002  -2.7250E-001   1.7720E-001  -1.5307E-001  -1.0340E-001  -3.2679E-001   5.9823E-001  -8.6012E-002  -1.8186E-002   4.7886E-002  -8.8687E-001  -2.6443E-001  -6.8286E-003  -1.1378E-003  -1.0789E-001   5.3014E-002  -2.2165E-002  -8.0740E-002  -7.1046E-003   1.4945E-001   5.0030E-001  
 2.3503E+000   1.1115E+000   1.3922E+000   1.5403E-001   1.4896E-002   3.2077E-002  -9.1284E-002  -7.2351E-002  -2.9161E-001   4.7344E-001  -4.0035E-002  -1.4409E-002   5.7490E-002  -8.9004E-001  -2.7061E-001  -1.1922E-002  -1.3685E-002  -8.8585E-002   5.4093E-002  -2.9624E-002  -7.5855E-002  -7.0473E-003   1.5177E-001   4.8246E-001  
 1.9439E+000   1.2992E+000   1.3039E+000   1.8691E-001   1.7547E-001   1.8563E-002  -5.1009E-002  -5.1835E-002  -2.3906E-001   3.7700E-001  -7.4294E-003   3.6155E-006   5.7985E-002  -8.9739E-001  -2.7485E-001  -1.5701E-002  -1.7162E-002  -7.1736E-002   4.6074E-002  -3.5712E-002  -6.6110E-002  -1.0439E-002   1.5294E-001   4.5636E-001  
 1.5798E+000   1.4348E+000   1.0823E+000   1.9144E-001   2.2685E-001   7.5268E-002  -2.6868E-002  -3.8665E-002  -1.7323E-001   3.0393E-001   1.5668E-002   1.6895E-002   5.1054E-002  -9.0472E-001  -2.7708E-001  -1.8917E-002  -1.6303E-002  -5.8182E-002   3.3435E-002  -4.0200E-002  -5.4554E-002  -1.3817E-002   1.5388E-001   4.4890E-001  
 1.2907E+000   1.5272E+000   7.6933E-001   1.8243E-001   1.9422E-001   1.5252E-001  -1.3265E-002  -3.0394E-002  -9.7577E-002   2.4976E-001   3.1545E-002   3.1469E-002   3.8011E-002  -9.1040E-001  -2.7857E-001  -2.0872E-002  -1.2343E-002  -4.7277E-002   1.9070E-002  -4.4348E-002  -4.1932E-002  -1.6955E-002   1.5455E-001   4.5352E-001  
 1.1041E+000   1.5813E+000   3.9716E-001   1.7168E-001   1.0385E-001   2.1503E-001  -5.6379E-003  -2.6023E-002  -1.5614E-002   2.1122E-001   4.1206E-002   4.1227E-002   2.0597E-002  -9.1399E-001  -2.7923E-001  -2.1755E-002  -6.2726E-003  -3.9190E-002   3.4204E-003  -4.8333E-002  -2.8944E-002  -1.9472E-002   1.5504E-001   4.5484E-001  
 1.0402E+000   1.5990E+000  -1.0237E-004   1.6747E-001  -1.4736E-002   2.4005E-001  -3.4050E-004  -2.4385E-002   6.8628E-002   1.8718E-001   4.4116E-002   4.4323E-002   1.2052E-003  -9.1518E-001  -2.7907E-001  -2.2276E-002   3.7153E-004  -3.4400E-002  -1.2784E-002  -5.2324E-002  -1.6002E-002  -2.0168E-002   1.5525E-001   4.5211E-001  
 1.1037E+000   1.5818E+000  -3.9712E-001   1.7228E-001  -1.3259E-001   2.2057E-001   4.9957E-003  -2.5193E-002   1.5281E-001   1.7692E-001   4.0513E-002   4.0356E-002  -1.8343E-002  -9.1398E-001  -2.7832E-001  -2.2602E-002   6.9781E-003  -3.2807E-002  -2.9007E-002  -5.6314E-002  -3.0318E-003  -1.8821E-002   1.5511E-001   4.4927E-001  
 1.2902E+000   1.5282E+000  -7.6863E-001   1.8315E-001  -2.2082E-001   1.6358E-001   1.2962E-002  -2.9090E-002   2.3463E-001   1.8099E-001   3.0723E-002   2.9794E-002  -3.6103E-002  -9.1042E-001  -2.7712E-001  -2.2099E-002   1.2672E-002  -3.4260E-002  -4.4814E-002  -6.0307E-002   1.0064E-002  -1.6279E-002   1.5475E-001   4.4083E-001  
 1.5796E+000   1.4360E+000  -1.0806E+000   1.9206E-001  -2.5013E-001   9.1841E-002   2.7423E-002  -3.7427E-002   3.1030E-001   2.0101E-001   1.5412E-002   1.4703E-002  -4.9913E-002  -9.0485E-001  -2.7576E-001  -2.0484E-002   1.6069E-002  -3.8446E-002  -5.9222E-002  -6.3771E-002   2.3000E-002  -1.3262E-002   1.5401E-001   4.3799E-001  
 1.9440E+000   1.3004E+000  -1.3010E+000   1.8696E-001  -1.9375E-001   4.1204E-002   5.1950E-002  -5.0852E-002   3.7644E-001   2.3935E-001  -7.4342E-003  -1.9589E-003  -5.7385E-002  -8.9740E-001  -2.7496E-001  -1.7328E-002   1.5624E-002  -4.6254E-002  -7.1417E-002  -6.6097E-002   3.5755E-002  -1.0434E-002   1.5296E-001   4.5656E-001  
 2.3499E+000   1.1130E+000  -1.3892E+000   1.5185E-001  -2.5559E-002   6.1993E-002   9.0783E-002  -7.1104E-002   4.2968E-001   2.9947E-001  -4.1262E-002  -1.4889E-002  -5.5995E-002  -8.8979E-001  -2.7651E-001  -1.2512E-002   9.0982E-003  -5.8784E-002  -7.8307E-002  -6.5539E-002   4.7360E-002  -8.5329E-003   1.5118E-001   4.7693E-001  
 2.7527E+000   8.6756E-001  -1.2972E+000   6.5307E-002   2.7426E-001   2.1802E-001   1.4637E-001  -1.0026E-001   4.6734E-001   3.8401E-001  -9.0969E-002  -1.3667E-002  -4.2191E-002  -8.8638E-001  -2.8276E-001  -4.9560E-003  -9.5597E-003  -7.6860E-002  -7.4545E-002  -6.0904E-002   5.5031E-002  -1.0391E-002   1.4752E-001   4.7874E-001  
 3.3373E+000   1.8962E-001  -8.1861E-001   8.0421E-002   2.9456E-001   7.9677E-001   3.0079E-001  -4.0231E-001   8.8149E-001   6.7574E-001  -1.5013E-001   1.5696E-001  -2.3664E-001  -1.1593E+000  -3.4517E-001  -6.3453E-003  -6.2863E-002  -3.5493E-002   1.1639E-001   1.2010E-002  -1.0793E-002  -1.6977E-002   1.0392E-001   5.3201E-001  
 2.9528E+000   5.3007E-001   1.2448E+000   1.7888E-002  -3.4434E-001   4.7818E-001  -2.1500E-001  -1.0440E-001  -2.5221E-001   6.2497E-001  -1.1500E-001  -1.9811E-002   4.6495E-002  -9.1257E-001  -2.7154E-001  -7.5943E-003   1.7806E-002  -9.5972E-002   2.0074E-002  -7.2929E-003  -6.6067E-002  -1.2698E-002   1.4557E-001   4.8330E-001  
 2.5069E+000   7.7246E-001   1.5366E+000   1.2467E-001  -6.3743E-002   1.3272E-001  -1.2170E-001  -6.0668E-002  -2.5292E-001   4.7911E-001  -5.8989E-002  -3.3124E-002   4.4196E-002  -8.9308E-001  -2.6451E-001  -9.1168E-003  -3.5133E-003  -9.0716E-002   4.0174E-002  -1.0858E-002  -8.0633E-002  -9.5507E-003   1.4953E-001   4.8895E-001  
 2.0423E+000   9.4696E-001   1.5753E+000   1.8126E-001   1.3325E-001  -1.6504E-002  -7.0850E-002  -4.0625E-002  -2.3647E-001   3.8477E-001  -1.4794E-002  -3.0533E-002   5.1054E-002  -8.9694E-001  -2.7076E-001  -1.3056E-002  -1.6658E-002  -7.4311E-002   4.3828E-002  -1.7270E-002  -7.4962E-002  -1.0062E-002   1.5247E-001   4.7743E-001  
 1.5795E+000   1.0794E+000   1.4394E+000   1.9200E-001   2.3183E-001  -3.2023E-002  -3.7563E-002  -2.7346E-002  -2.0068E-001   3.1075E-001   1.5416E-002  -1.6683E-002   5.0509E-002  -9.0484E-001  -2.7568E-001  -1.6111E-002  -2.0311E-002  -5.9497E-002   3.8253E-002  -2.3002E-002  -6.3779E-002  -1.3279E-002   1.5399E-001   4.5072E-001  
 1.1669E+000   1.1751E+000   1.1781E+000   1.7746E-001   2.4619E-001   2.3686E-002  -1.7952E-002  -1.8494E-002  -1.4967E-001   2.5303E-001   3.5926E-002  -5.2030E-005   4.3420E-002  -9.1207E-001  -2.7842E-001  -1.8222E-002  -1.8728E-002  -4.8004E-002   2.8448E-002  -2.7373E-002  -5.1331E-002  -1.6755E-002   1.5526E-001   4.2219E-001  
 8.4108E-001   1.2400E+000   8.3060E-001   1.5430E-001   1.9660E-001   1.0043E-001  -8.0575E-003  -1.3179E-002  -8.8045E-002   2.0890E-001   5.0183E-002   1.4723E-002   3.1773E-002  -9.1749E-001  -2.8017E-001  -1.9662E-002  -1.3822E-002  -3.8743E-002   1.6719E-002  -3.1513E-002  -3.8383E-002  -1.9841E-002   1.5614E-001   4.2698E-001  
 6.3137E-001   1.2778E+000   4.2706E-001   1.3491E-001   1.0279E-001   1.6252E-001  -3.1985E-003  -1.0320E-002  -1.9513E-002   1.7606E-001   5.8592E-002   2.4657E-002   1.6885E-002  -9.2075E-001  -2.8104E-001  -2.0312E-002  -6.9105E-003  -3.1920E-002   3.8249E-003  -3.5627E-002  -2.5257E-002  -2.2278E-002   1.5671E-001   4.2977E-001  
 5.5961E-001   1.2901E+000   7.0193E-005   1.2787E-001  -1.2400E-002   1.8698E-001  -3.3329E-005  -9.1791E-003   5.1554E-002   1.5388E-001   6.0990E-002   2.7816E-002   1.0337E-003  -9.2181E-001  -2.8121E-001  -2.0803E-002   3.8499E-005  -2.7695E-002  -9.3013E-003  -3.9676E-002  -1.2122E-002  -2.2782E-002   1.5689E-001   4.2810E-001  
 6.3122E-001   1.2780E+000  -4.2668E-001   1.3518E-001  -1.2681E-001   1.6675E-001   3.0610E-003  -9.9604E-003   1.2262E-001   1.4168E-001   5.8277E-002   2.3861E-002  -1.5122E-002  -9.2076E-001  -2.8077E-001  -2.0711E-002   7.1076E-003  -2.5620E-002  -2.2560E-002  -4.3682E-002   1.0490E-003  -2.1915E-002   1.5680E-001   4.2515E-001  
 8.4087E-001   1.2403E+000  -8.2965E-001   1.5470E-001  -2.1840E-001   1.0888E-001   8.0093E-003  -1.2540E-002   1.9109E-001   1.4000E-001   4.9732E-002   1.3214E-002  -3.0585E-002  -9.1750E-001  -2.7981E-001  -2.0344E-002   1.3966E-002  -2.6015E-002  -3.5664E-002  -4.7605E-002   1.4277E-002  -1.9357E-002   1.5627E-001   4.1611E-001  
 1.1670E+000   1.1754E+000  -1.1765E+000   1.7749E-001  -2.6450E-001   3.6171E-002   1.8581E-002  -1.7856E-002   2.5260E-001   1.4990E-001   3.5927E-002  -1.9655E-003  -4.2803E-002  -9.1208E-001  -2.7847E-001  -1.8856E-002   1.8163E-002  -2.8582E-002  -4.7749E-002  -5.1335E-002   2.7368E-002  -1.6751E-002   1.5527E-001   4.2660E-001  
 1.5798E+000   1.0794E+000  -1.4369E+000   1.9145E-001  -2.4513E-001  -1.5460E-002   3.8786E-002  -2.6750E-002   3.0339E-001   1.7341E-001   1.5663E-002  -1.8881E-002  -5.0429E-002  -9.0474E-001  -2.7713E-001  -1.6423E-002   1.8811E-002  -3.3556E-002  -5.7884E-002  -5.4570E-002   4.0212E-002  -1.3832E-002   1.5389E-001   4.5152E-001  
 2.0425E+000   9.4665E-001  -1.5724E+000   1.7927E-001  -1.3957E-001   5.1846E-003   7.1227E-002  -3.9968E-002   3.3963E-001   2.1216E-001  -1.5561E-002  -3.1858E-002  -5.0751E-002  -8.9700E-001  -2.7815E-001  -1.2480E-002   1.2985E-002  -4.2925E-002  -6.2698E-002  -5.4955E-002   5.2220E-002  -1.1821E-002   1.5164E-001   4.7097E-001  
 2.5047E+000   7.7297E-001  -1.5370E+000   1.1735E-001   6.8744E-002   1.6217E-001   1.1738E-001  -5.8387E-002   3.5764E-001   2.6789E-001  -6.3155E-002  -3.0605E-002  -4.0361E-002  -8.9285E-001  -2.8277E-001  -5.9037E-003  -5.7491E-003  -5.7098E-002  -5.7336E-002  -5.2169E-002   6.0066E-002  -1.3632E-002   1.4744E-001   4.7390E-001  
 2.9040E+000   5.5757E-001  -1.3114E+000  -4.3667E-002   4.0839E-001   5.6016E-001   1.5244E-001  -7.7794E-002   3.7767E-001   3.2592E-001  -1.4089E-001   1.7226E-002  -7.6255E-003  -9.1112E-001  -3.1008E-001   5.3521E-003  -4.9081E-002  -8.4828E-002  -2.5982E-002  -3.3342E-002   5.5719E-002  -1.6040E-002   1.4134E-001   4.6837E-001  
 2.7786E+000   4.2883E-001   1.4813E+000   4.1406E-002  -1.7012E-001   4.2839E-001  -1.6469E-001  -5.0358E-002  -1.8928E-001   4.3940E-001  -1.0360E-001  -2.4980E-002   2.2175E-002  -9.0247E-001  -2.6005E-001  -4.2169E-003   2.4587E-002  -8.2448E-002   1.3379E-002   5.5724E-003  -7.8942E-002  -1.5308E-002   1.4370E-001   4.6006E-001  
 2.3073E+000   5.7265E-001   1.6999E+000   1.5120E-001   2.6967E-002   6.5927E-002  -1.0250E-001  -3.2591E-002  -2.0924E-001   3.5602E-001  -4.0585E-002  -4.7464E-002   3.3168E-002  -8.9855E-001  -2.6681E-001  -7.9380E-003  -4.7444E-003  -6.9104E-002   3.2429E-002   6.3084E-004  -7.8547E-002  -1.2886E-002   1.4921E-001   4.7527E-001  
 1.7966E+000   6.8373E-001   1.6993E+000   1.8965E-001   1.4837E-001  -8.6721E-002  -5.8599E-002  -2.0757E-002  -2.0516E-001   2.8930E-001   2.5162E-003  -4.5812E-002   3.7855E-002  -9.0283E-001  -2.7272E-001  -1.0768E-002  -1.8801E-002  -5.6284E-002   3.7960E-002  -4.8755E-003  -7.1621E-002  -1.3015E-002   1.5283E-001   4.6714E-001  
 1.2900E+000   7.6811E-001   1.5313E+000   1.8308E-001   2.0252E-001  -1.0374E-001  -2.9221E-002  -1.2926E-002  -1.8062E-001   2.3498E-001   3.0735E-002  -3.1799E-002   3.6718E-002  -9.1044E-001  -2.7707E-001  -1.2690E-002  -2.1943E-002  -4.5018E-002   3.4043E-002  -1.0072E-002  -6.0303E-002  -1.6290E-002   1.5471E-001   4.4682E-001  
 8.4078E-001   8.2892E-001   1.2428E+000   1.5466E-001   2.0009E-001  -4.8988E-002  -1.2622E-002  -7.9582E-003  -1.3974E-001   1.9141E-001   4.9731E-002  -1.5254E-002   3.1209E-002  -9.1751E-001  -2.7977E-001  -1.3994E-002  -2.0224E-002  -3.5859E-002   2.5855E-002  -1.4281E-002  -4.7602E-002  -1.9363E-002   1.5625E-001   4.2167E-001  
 4.8721E-001   8.7012E-001   8.7191E-001   1.2085E-001   1.5444E-001   2.7073E-002  -4.9803E-003  -4.9900E-003  -8.7446E-002   1.5656E-001   6.2841E-002  -3.7436E-004   2.2422E-002  -9.2256E-001  -2.8149E-001  -1.4611E-002  -1.4549E-002  -2.8592E-002   1.6024E-002  -1.8446E-002  -3.4643E-002  -2.2710E-002   1.5727E-001   4.0402E-001  
 2.5982E-001   8.9387E-001   4.4697E-001   9.5510E-002   7.8886E-002   8.8581E-002  -1.4561E-003  -3.0062E-003  -2.7944E-002   1.2919E-001   6.9791E-002   9.5843E-003   1.2080E-002  -9.2553E-001  -2.8241E-001  -1.5433E-002  -7.6572E-003  -2.3348E-002   5.2039E-003  -2.2564E-002  -2.1380E-002  -2.4348E-002   1.5780E-001   4.0832E-001  
 1.8226E-001   9.0158E-001   1.6751E-004   8.6266E-002  -1.0610E-002   1.1240E-001   7.8007E-006  -2.3455E-003   3.4474E-002   1.0873E-001   7.1968E-002   1.2836E-002   6.4938E-004  -9.2652E-001  -2.8267E-001  -1.5735E-002   1.5306E-005  -1.9556E-002  -6.2069E-003  -2.6628E-002  -8.1282E-003  -2.4859E-002   1.5798E-001   4.0940E-001  
 2.5984E-001   8.9390E-001  -4.4651E-001   9.5519E-002  -9.9386E-002   9.1459E-002   1.4858E-003  -2.9726E-003   9.6861E-002   9.4765E-002   6.9795E-002   8.9249E-003  -1.0948E-002  -9.2554E-001  -2.8235E-001  -1.5443E-002   7.6858E-003  -1.7119E-002  -1.7611E-002  -3.0661E-002   5.1381E-003  -2.4347E-002   1.5782E-001   4.0659E-001  
 4.8724E-001   8.7006E-001  -8.7105E-001   1.2087E-001  -1.7276E-001   3.2844E-002   5.0535E-003  -4.9368E-003   1.5627E-001   8.7598E-002   6.2846E-002  -1.6929E-003  -2.1789E-002  -9.2257E-001  -2.8151E-001  -1.4632E-002   1.4572E-002  -1.6118E-002  -2.8411E-002  -3.4645E-002   1.8444E-002  -2.2711E-002   1.5728E-001   4.1290E-001  
 8.4109E-001   8.2855E-001  -1.2416E+000   1.5431E-001  -2.1491E-001  -4.0543E-002   1.3279E-002  -8.0018E-003   2.0851E-001   8.8164E-002   5.0189E-002  -1.6766E-002  -3.1148E-002  -9.1751E-001  -2.8020E-001  -1.3914E-002   1.9591E-002  -1.6789E-002  -3.8499E-002  -3.8384E-002   3.1509E-002  -1.9843E-002   1.5615E-001   4.3388E-001  
 1.2907E+000   7.6708E-001  -1.5294E+000   1.8242E-001  -2.1252E-001  -9.2682E-002   3.0539E-002  -1.3198E-002   2.4926E-001   9.7663E-002   3.1559E-002  -3.3480E-002  -3.7395E-002  -9.1045E-001  -2.7860E-001  -1.2444E-002   2.0768E-002  -1.9115E-002  -4.6978E-002  -4.1936E-002   4.4345E-002  -1.6959E-002   1.5454E-001   4.5861E-001  
 1.7970E+000   6.8197E-001  -1.6973E+000   1.8796E-001  -1.5153E-001  -7.2286E-002   5.9135E-002  -2.0990E-002   2.7401E-001   1.1701E-001   2.2723E-003  -4.6877E-002  -3.8413E-002  -9.0288E-001  -2.7843E-001  -9.5765E-003   1.5998E-002  -2.4453E-002  -5.0573E-002  -4.3421E-002   5.6147E-002  -1.4655E-002   1.5211E-001   4.7937E-001  
 2.3066E+000   5.7034E-001  -1.6992E+000   1.4679E-001  -2.0591E-002   8.4945E-002   1.0062E-001  -3.2118E-002   2.7900E-001   1.4737E-001  -4.2927E-002  -4.6447E-002  -3.2094E-002  -8.9869E-001  -2.8075E-001  -4.8985E-003  -1.2838E-003  -3.3201E-002  -4.4122E-002  -4.2529E-002   6.4057E-002  -1.6033E-002   1.4745E-001   4.8556E-001  
 2.7733E+000   4.2781E-001  -1.4873E+000   2.9277E-002   1.9196E-001   4.5598E-001   1.5533E-001  -4.6667E-002   2.6194E-001   1.8940E-001  -1.1027E-001  -1.8276E-002  -1.5515E-002  -9.0281E-001  -2.8741E-001   2.1615E-003  -3.6624E-002  -4.6452E-002  -2.3003E-002  -3.9210E-002   6.6168E-002  -1.9659E-002   1.4062E-001   4.6273E-001  
 2.6769E+000   2.3369E-001   1.6061E+000   6.3002E-002  -5.6960E-002   3.8087E-001  -1.4668E-001  -2.2249E-002  -1.6545E-001   2.7991E-001  -9.3472E-002  -3.2028E-002   1.2213E-002  -9.0734E-001  -2.6579E-001  -3.5279E-003   2.7033E-002  -5.2228E-002   7.4307E-003   1.4980E-002  -7.5426E-002  -1.8808E-002   1.4215E-001   4.6741E-001  
 2.1779E+000   3.0302E-001   1.7943E+000   1.6345E-001   3.6485E-002   1.2369E-002  -9.2643E-002  -1.3839E-002  -1.9139E-001   2.3015E-001  -2.9343E-002  -5.8042E-002   1.7619E-002  -9.0223E-001  -2.7056E-001  -5.1457E-003  -5.7424E-003  -4.4334E-002   2.9215E-002   1.1583E-002  -7.5111E-002  -1.5183E-002   1.4871E-001   4.8555E-001  
 1.6375E+000   3.5669E-001   1.7715E+000   1.8959E-001   9.1852E-002  -1.4226E-001  -5.2064E-002  -8.1783E-003  -1.9454E-001   1.8829E-001   1.2944E-002  -5.6402E-002   1.9546E-002  -9.0644E-001  -2.7459E-001  -6.1829E-003  -1.9567E-002  -3.6864E-002   3.5581E-002   7.5679E-003  -6.7912E-002  -1.5445E-002   1.5291E-001   4.7479E-001  
 1.1036E+000   3.9727E-001   1.5847E+000   1.7221E-001   1.1429E-001  -1.6070E-001  -2.5310E-002  -4.9910E-003  -1.7653E-001   1.5305E-001   4.0524E-002  -4.2370E-002   1.8962E-002  -9.1402E-001  -2.7829E-001  -6.9666E-003  -2.2451E-002  -2.9150E-002   3.2566E-002   3.0265E-003  -5.6312E-002  -1.8836E-002   1.5508E-001   4.5131E-001  
 6.3113E-001   4.2663E-001   1.2803E+000   1.3514E-001   1.0850E-001  -1.0684E-001  -1.0028E-002  -3.0420E-003  -1.4139E-001   1.2283E-001   5.8273E-002  -2.5914E-002   1.5752E-002  -9.2078E-001  -2.8074E-001  -7.1071E-003  -2.0602E-002  -2.2690E-002   2.5437E-002  -1.0514E-003  -4.3679E-002  -2.1919E-002   1.5678E-001   4.2720E-001  
 2.5979E-001   4.4626E-001   8.9555E-001   9.5500E-002   8.1063E-002  -3.1523E-002  -3.0049E-003  -1.4552E-003  -9.4579E-002   9.7039E-002   6.9789E-002  -1.1005E-002   1.1586E-002  -9.2554E-001  -2.8233E-001  -7.6946E-003  -1.5369E-002  -1.7723E-002   1.7002E-002  -5.1398E-003  -3.0659E-002  -2.4346E-002   1.5781E-001   4.0889E-001  
 2.1577E-002   4.5759E-001   4.5839E-001   6.6175E-002   3.9066E-002   2.9258E-002  -4.9765E-004  -5.0899E-004  -4.0238E-002   7.4785E-002   7.6243E-002  -8.8197E-004   6.3251E-003  -9.2842E-001  -2.8325E-001  -8.1447E-003  -8.1086E-003  -1.3568E-002   7.2818E-003  -9.2410E-003  -1.7358E-002  -2.5893E-002   1.5840E-001   3.9584E-001  
-5.9612E-002   4.6122E-001   1.4002E-004   5.5574E-002  -9.5236E-003   5.2363E-002   2.2861E-005  -2.0523E-004   1.7209E-002   5.5952E-002   7.8289E-002   2.5334E-003   4.0390E-004  -9.2938E-001  -2.8354E-001  -8.2955E-003   1.0068E-005  -1.0112E-002  -3.0991E-003  -1.3311E-002  -4.0629E-003  -2.6411E-002   1.5860E-001   3.9536E-001  
 2.1591E-002   4.5742E-001  -4.5804E-001   6.6182E-002  -5.7393E-002   3.0690E-002   5.5044E-004  -4.9629E-004   7.4641E-002   4.0315E-002   7.6245E-002  -1.2130E-003  -5.6831E-003  -9.2842E-001  -2.8325E-001  -8.1532E-003   8.1276E-003  -7.3286E-003  -1.3477E-002  -1.7359E-002   9.2397E-003  -2.5893E-002   1.5840E-001   4.0218E-001  
 2.5982E-001   4.4580E-001  -8.9501E-001   9.5514E-002  -9.7210E-002  -2.8652E-002   3.0797E-003  -1.4437E-003   1.2893E-001   2.7987E-002   6.9792E-002  -1.1666E-002  -1.1443E-002  -9.2555E-001  -2.8241E-001  -7.7099E-003   1.5385E-002  -5.2290E-003  -2.3188E-002  -2.1380E-002   2.2562E-002  -2.4348E-002   1.5780E-001   4.1697E-001  
 6.3134E-001   4.2568E-001  -1.2796E+000   1.3490E-001  -1.2111E-001  -1.0262E-001   1.0430E-002  -3.1760E-003   1.7570E-001   1.9522E-002   5.8596E-002  -2.6714E-002  -1.6254E-002  -9.2078E-001  -2.8105E-001  -6.9709E-003   2.0231E-002  -3.8277E-003  -3.1695E-002  -2.5256E-002   3.5624E-002  -2.2281E-002   1.5671E-001   4.3612E-001  
 1.1040E+000   3.9559E-001  -1.5837E+000   1.7166E-001  -1.2216E-001  -1.5518E-001   2.6182E-002  -5.6058E-003   2.1075E-001   1.5591E-002   4.1223E-002  -4.3249E-002  -1.9975E-002  -9.1403E-001  -2.7924E-001  -6.3415E-003   2.1636E-002  -3.4012E-003  -3.8907E-002  -2.8944E-002   4.8331E-002  -1.9482E-002   1.5502E-001   4.5933E-001  
 1.6378E+000   3.5388E-001  -1.7703E+000   1.8873E-001  -9.3376E-002  -1.3508E-001   5.2584E-002  -9.2155E-003   2.2893E-001   1.6396E-002   1.3102E-002  -5.7037E-002  -2.0951E-002  -9.0660E-001  -2.7784E-001  -4.8822E-003   1.8195E-002  -4.4482E-003  -4.1725E-002  -3.1509E-002   5.9999E-002  -1.6302E-002   1.5245E-001   4.8100E-001  
 2.1779E+000   2.9904E-001  -1.7934E+000   1.6160E-001  -2.9215E-002   2.1528E-002   9.2249E-002  -1.4592E-002   2.2601E-001   2.2890E-002  -3.0155E-002  -5.7951E-002  -1.8273E-002  -9.0229E-001  -2.7732E-001  -2.3931E-003   3.0911E-003  -7.0631E-003  -3.5193E-002  -3.2811E-002   6.7694E-002  -1.6672E-002   1.4782E-001   4.9118E-001  
 2.6746E+000   2.2970E-001  -1.6088E+000   5.6940E-002   7.8001E-002   3.9459E-001   1.4220E-001  -2.0632E-002   2.0192E-001   3.3075E-002  -9.6851E-002  -2.8526E-002  -8.7386E-003  -9.0778E-001  -2.8095E-001   2.1428E-003  -3.3449E-002  -1.4011E-002  -1.2096E-002  -3.1030E-002   6.8852E-002  -2.1438E-002   1.4034E-001   4.6881E-001  
 2.6413E+000   2.4642E-003   1.6476E+000   6.7581E-002   1.0375E-002   3.6734E-001  -1.3953E-001  -4.4168E-004  -1.7029E-001   1.2287E-001  -9.1266E-002  -3.3286E-002   1.1808E-003  -9.0941E-001  -2.7323E-001  -2.6963E-003   3.0125E-002  -1.9511E-002   6.8482E-003   2.3225E-002  -7.1821E-002  -2.1080E-002   1.4087E-001   4.7001E-001  
 2.1335E+000   2.2085E-003   1.8246E+000   1.6623E-001   3.8508E-003  -4.8400E-003  -8.9533E-002   5.4536E-004  -1.9715E-001   1.0350E-001  -2.5817E-002  -6.1919E-002  -5.4003E-004  -9.0329E-001  -2.7411E-001  -1.3591E-003  -5.3049E-003  -1.8786E-002   3.0315E-002   2.2305E-002  -7.1614E-002  -1.6477E-002   1.4830E-001   4.9008E-001  
 1.5832E+000   1.5469E-003   1.7945E+000   1.8853E-001  -4.8796E-004  -1.6073E-001  -5.0411E-002   6.3886E-004  -2.0275E-001   8.5873E-002   1.6690E-002  -6.0433E-002  -8.3151E-004  -9.0781E-001  -2.7639E-001  -6.7646E-004  -1.9493E-002  -1.6343E-002   3.6753E-002   1.9683E-002  -6.3840E-002  -1.6464E-002   1.5275E-001   4.7776E-001  
 1.0400E+000   9.4332E-004   1.6018E+000   1.6741E-001  -3.5645E-003  -1.8017E-001  -2.4487E-002   3.1507E-004  -1.8675E-001   6.8762E-002   4.4122E-002  -4.6340E-002  -5.8061E-004  -9.1522E-001  -2.7906E-001  -3.3346E-004  -2.2135E-002  -1.2865E-002   3.4138E-002   1.6000E-002  -5.2322E-002  -2.0180E-002   1.5522E-001   4.5514E-001  
 5.5953E-001   5.6926E-004   1.2922E+000   1.2784E-001  -5.9130E-003  -1.2707E-001  -9.2330E-003   1.9805E-005  -1.5355E-001   5.1656E-002   6.0984E-002  -2.9873E-002  -3.9899E-004  -9.2183E-001  -2.8120E-001  -9.8017E-006  -2.0704E-002  -9.3649E-003   2.7490E-002   1.2121E-002  -3.9673E-002  -2.2784E-002   1.5688E-001   4.3236E-001  
 1.8222E-001   2.6805E-004   9.0302E-001   8.6250E-002  -7.7099E-003  -5.2457E-002  -2.3665E-003  -1.0100E-005  -1.0851E-001   3.4542E-002   7.1963E-002  -1.4919E-002  -8.8957E-006  -9.2653E-001  -2.8266E-001   5.5714E-006  -1.5669E-002  -6.2502E-003   1.9417E-002   8.1274E-003  -2.6626E-002  -2.4858E-002   1.5797E-001   4.1456E-001  
-5.9626E-002   8.8247E-005   4.6198E-001   5.5568E-002  -8.8005E-003   7.5932E-003  -1.9550E-004  -1.4029E-005  -5.5840E-002   1.7243E-002   7.8288E-002  -4.6320E-003   2.4032E-004  -9.2938E-001  -2.8354E-001   2.6182E-006  -8.2591E-003  -3.1210E-003   1.0044E-002   4.0625E-003  -1.3310E-002  -2.6411E-002   1.5859E-001   4.0070E-001  
-1.4203E-001  -2.6184E-005   4.7232E-005   4.4513E-002  -9.1621E-003   2.9979E-002   3.0740E-005  -1.1118E-005   1.1404E-007   1.0042E-007   8.0291E-002  -1.0524E-003   3.2294E-004  -9.3033E-001  -2.8383E-001  -1.3767E-006   5.4387E-006  -3.0100E-008   1.5880E-007   2.9249E-007  -4.2800E-007  -2.6932E-002   1.5880E-001   3.9206E-001  
-5.9616E-002  -1.4067E-004  -4.6188E-001   5.5574E-002  -8.8026E-003   7.5870E-003   2.5747E-004  -8.2415E-006   5.5841E-002  -1.7243E-002   7.8290E-002  -4.6342E-003   2.3980E-004  -9.2938E-001  -2.8354E-001  -5.3619E-006   8.2702E-003   3.1210E-003  -1.0044E-002  -4.0620E-003   1.3309E-002  -2.6411E-002   1.5859E-001   4.0070E-001  
 1.8224E-001  -3.2065E-004  -9.0292E-001   8.6263E-002  -7.7141E-003  -5.2469E-002   2.4297E-003  -1.2276E-005   1.0851E-001  -3.4541E-002   7.1968E-002  -1.4924E-002  -9.9699E-006  -9.2653E-001  -2.8266E-001  -8.3031E-006   1.5680E-002   6.2502E-003  -1.9417E-002  -8.1269E-003   2.6625E-002  -2.4858E-002   1.5797E-001   4.1457E-001  
 5.5956E-001  -6.2218E-004  -1.2921E+000   1.2786E-001  -5.9195E-003  -1.2708E-001   9.2984E-003  -4.2380E-005   1.5355E-001  -5.1655E-002   6.0991E-002  -2.9879E-002  -4.0065E-004  -9.2183E-001  -2.8120E-001   7.0527E-006   2.0715E-002   9.3650E-003  -2.7490E-002  -1.2120E-002   3.9673E-002  -2.2783E-002   1.5688E-001   4.3238E-001  
 1.0401E+000  -9.9670E-004  -1.6017E+000   1.6744E-001  -3.5732E-003  -1.8020E-001   2.4555E-002  -3.3790E-004   1.8675E-001  -6.8761E-002   4.4132E-002  -4.6349E-002  -5.8287E-004  -9.1522E-001  -2.7906E-001   3.3065E-004   2.2147E-002   1.2866E-002  -3.4139E-002  -1.5999E-002   5.2321E-002  -2.0179E-002   1.5523E-001   4.5513E-001  
 1.5832E+000  -1.6009E-003  -1.7944E+000   1.8856E-001  -4.9885E-004  -1.6077E-001   5.0483E-002  -6.6199E-004   2.0275E-001  -8.5872E-002   1.6701E-002  -6.0445E-002  -8.3443E-004  -9.0781E-001  -2.7639E-001   6.7357E-004   1.9506E-002   1.6343E-002  -3.6754E-002  -1.9682E-002   6.3839E-002  -1.6462E-002   1.5275E-001   4.7776E-001  
 2.1336E+000  -2.2632E-003  -1.8245E+000   1.6627E-001   3.8377E-003  -4.8793E-003   8.9608E-002  -5.6888E-004   1.9714E-001  -1.0349E-001  -2.5804E-002  -6.1932E-002  -5.4355E-004  -9.0329E-001  -2.7411E-001   1.3561E-003   5.3195E-003   1.8787E-002  -3.0316E-002  -2.2304E-002   7.1612E-002  -1.6474E-002   1.4830E-001   4.9009E-001  
 2.6414E+000  -2.5198E-003  -1.6474E+000   6.7629E-002   1.0360E-002   3.6730E-001   1.3961E-001   4.1773E-004   1.7029E-001  -1.2287E-001  -9.1252E-002  -3.3301E-002   1.1767E-003  -9.0941E-001  -2.7323E-001   2.6931E-003  -3.0110E-002   1.9511E-002  -6.8496E-003  -2.3225E-002   7.1819E-002  -2.1078E-002   1.4087E-001   4.7001E-001  
 2.6745E+000  -2.2976E-001   1.6090E+000   5.6889E-002   7.8023E-002   3.9464E-001  -1.4212E-001   2.0607E-002  -2.0192E-001  -3.3072E-002  -9.6866E-002  -2.8511E-002  -8.7324E-003  -9.0778E-001  -2.8095E-001  -2.1461E-003   3.3464E-002   1.4012E-002   1.2095E-002   3.1031E-002  -6.8853E-002  -2.1440E-002   1.4034E-001   4.6881E-001  
 2.1778E+000  -2.9910E-001   1.7935E+000   1.6156E-001  -2.9195E-002   2.1565E-002  -9.2174E-002   1.4566E-002  -2.2602E-001  -2.2887E-002  -3.0169E-002  -5.7938E-002  -1.8267E-002  -9.0229E-001  -2.7732E-001   2.3896E-003  -3.0761E-003   7.0642E-003   3.5191E-002   3.2811E-002  -6.7695E-002  -1.6674E-002   1.4782E-001   4.9117E-001  
 1.6378E+000  -3.5393E-001   1.7705E+000   1.8870E-001  -9.3358E-002  -1.3505E-001  -5.2512E-002   9.1909E-003  -2.2894E-001  -1.6394E-002   1.3089E-002  -5.7026E-002  -2.0946E-002  -9.0660E-001  -2.7784E-001   4.8788E-003  -1.8181E-002   4.4492E-003   4.1724E-002   3.1509E-002  -6.0000E-002  -1.6304E-002   1.5245E-001   4.8098E-001  
 1.1040E+000  -3.9564E-001   1.5838E+000   1.7163E-001  -1.2215E-001  -1.5516E-001  -2.6113E-002   5.5817E-003  -2.1076E-001  -1.5589E-002   4.1213E-002  -4.3240E-002  -1.9971E-002  -9.1403E-001  -2.7924E-001   6.3383E-003  -2.1623E-002   3.4020E-003   3.8906E-002   2.8944E-002  -4.8332E-002  -1.9484E-002   1.5502E-001   4.5933E-001  
 6.3131E-001  -4.2574E-001   1.2797E+000   1.3488E-001  -1.2110E-001  -1.0260E-001  -1.0364E-002   3.1525E-003  -1.7570E-001  -1.9521E-002   5.8588E-002  -2.6709E-002  -1.6250E-002  -9.2078E-001  -2.8105E-001   6.9679E-003  -2.0220E-002   3.8283E-003   3.1695E-002   2.5257E-002  -3.5625E-002  -2.2282E-002   1.5671E-001   4.3610E-001  
 2.5980E-001  -4.4585E-001   8.9510E-001   9.5499E-002  -9.7200E-002  -2.8641E-002  -3.0162E-003   1.4206E-003  -1.2893E-001  -2.7986E-002   6.9787E-002  -1.1663E-002  -1.1440E-002  -9.2555E-001  -2.8241E-001   7.7070E-003  -1.5374E-002   5.2294E-003   2.3188E-002   2.1381E-002  -2.2562E-002  -2.4349E-002   1.5780E-001   4.1698E-001  
 2.1577E-002  -4.5748E-001   4.5814E-001   6.6174E-002  -5.7384E-002   3.0694E-002  -4.8825E-004   4.7363E-004  -7.4640E-002  -4.0315E-002   7.6242E-002  -1.2114E-003  -5.6806E-003  -9.2842E-001  -2.8325E-001   8.1504E-003  -8.1166E-003   7.3287E-003   1.3477E-002   1.7359E-002  -9.2405E-003  -2.5894E-002   1.5840E-001   4.0219E-001  
-5.9616E-002  -4.6127E-001  -4.5289E-005   5.5572E-002  -9.5175E-003   5.2361E-002   3.8779E-005   1.8288E-004  -1.7209E-002  -5.5951E-002   7.8288E-002   2.5328E-003   4.0592E-004  -9.2938E-001  -2.8354E-001   8.2928E-003   8.6743E-007   1.0112E-002   3.0995E-003   1.3311E-002   4.0621E-003  -2.6411E-002   1.5860E-001   3.9537E-001  
 2.1583E-002  -4.5764E-001  -4.5829E-001   6.6179E-002   3.9070E-002   2.9250E-002   5.5968E-004   4.8687E-004   4.0238E-002  -7.4785E-002   7.6245E-002  -8.8462E-004   6.3267E-003  -9.2842E-001  -2.8325E-001   8.1420E-003   8.1197E-003   1.3567E-002  -7.2816E-003   9.2415E-003   1.7358E-002  -2.5893E-002   1.5840E-001   3.9584E-001  
 2.5981E-001  -4.4631E-001  -8.9545E-001   9.5511E-002   8.1065E-002  -3.1538E-002   3.0681E-003   1.4332E-003   9.4578E-002  -9.7039E-002   6.9793E-002  -1.1009E-002   1.1587E-002  -9.2554E-001  -2.8233E-001   7.6919E-003   1.5380E-002   1.7723E-002  -1.7002E-002   5.1404E-003   3.0658E-002  -2.4346E-002   1.5781E-001   4.0889E-001  
 6.3116E-001  -4.2668E-001  -1.2802E+000   1.3515E-001   1.0850E-001  -1.0686E-001   1.0093E-002   3.0201E-003   1.4139E-001  -1.2283E-001   5.8279E-002  -2.5921E-002   1.5753E-002  -9.2078E-001  -2.8074E-001   7.1045E-003   2.0613E-002   2.2689E-002  -2.5438E-002   1.0520E-003   4.3678E-002  -2.1918E-002   1.5678E-001   4.2723E-001  
 1.1036E+000  -3.9733E-001  -1.5846E+000   1.7224E-001   1.1429E-001  -1.6073E-001   2.5378E-002   4.9691E-003   1.7652E-001  -1.5306E-001   4.0532E-002  -4.2380E-002   1.8963E-002  -9.1402E-001  -2.7829E-001   6.9640E-003   2.2464E-002   2.9150E-002  -3.2567E-002  -3.0259E-003   5.6311E-002  -1.8834E-002   1.5508E-001   4.5134E-001  
 1.6375E+000  -3.5674E-001  -1.7714E+000   1.8962E-001   9.1848E-002  -1.4229E-001   5.2135E-002   8.1563E-003   1.9454E-001  -1.8829E-001   1.2955E-002  -5.6414E-002   1.9546E-002  -9.0644E-001  -2.7459E-001   6.1803E-003   1.9581E-002   3.6863E-002  -3.5583E-002  -7.5671E-003   6.7911E-002  -1.5443E-002   1.5291E-001   4.7481E-001  
 2.1780E+000  -3.0307E-001  -1.7942E+000   1.6349E-001   3.6479E-002   1.2327E-002   9.2718E-002   1.3816E-002   1.9139E-001  -2.3015E-001  -2.9331E-002  -5.8057E-002   1.7618E-002  -9.0223E-001  -2.7056E-001   5.1428E-003   5.7569E-003   4.4334E-002  -2.9217E-002  -1.1582E-002   7.5110E-002  -1.5180E-002   1.4871E-001   4.8556E-001  
 2.6770E+000  -2.3375E-001  -1.6060E+000   6.3048E-002  -5.6969E-002   3.8082E-001   1.4676E-001   2.2226E-002   1.6544E-001  -2.7991E-001  -9.3458E-002  -3.2044E-002   1.2210E-002  -9.0734E-001  -2.6579E-001   3.5247E-003  -2.7019E-002   5.2228E-002  -7.4324E-003  -1.4979E-002   7.5424E-002  -1.8806E-002   1.4215E-001   4.6741E-001  
 2.7732E+000  -4.2788E-001   1.4874E+000   2.9224E-002   1.9199E-001   4.5602E-001  -1.5525E-001   4.6639E-002  -2.6195E-001  -1.8939E-001  -1.1028E-001  -1.8262E-002  -1.5506E-002  -9.0281E-001  -2.8741E-001  -2.1652E-003   3.6638E-002   4.6453E-002   2.3003E-002   3.9211E-002  -6.6169E-002  -1.9661E-002   1.4062E-001   4.6272E-001  
 2.3065E+000  -5.7041E-001   1.6993E+000   1.4674E-001  -2.0564E-002   8.4980E-002  -1.0055E-001   3.2091E-002  -2.7900E-001  -1.4736E-001  -4.2942E-002  -4.6434E-002  -3.2086E-002  -8.9869E-001  -2.8075E-001   4.8946E-003   1.2986E-003   3.3202E-002   4.4121E-002   4.2530E-002  -6.4058E-002  -1.6035E-002   1.4745E-001   4.8556E-001  
 1.7969E+000  -6.8203E-001   1.6974E+000   1.8793E-001  -1.5151E-001  -7.2258E-002  -5.9062E-002   2.0964E-002  -2.7401E-001  -1.1701E-001   2.2596E-003  -4.6866E-002  -3.8405E-002  -9.0288E-001  -2.7843E-001   9.5726E-003  -1.5984E-002   2.4454E-002   5.0573E-002   4.3422E-002  -5.6148E-002  -1.4657E-002   1.5211E-001   4.7937E-001  
 1.2906E+000  -7.6714E-001   1.5296E+000   1.8239E-001  -2.1250E-001  -9.2661E-002  -3.0469E-002   1.3173E-002  -2.4926E-001  -9.7661E-002   3.1548E-002  -3.3472E-002  -3.7388E-002  -9.1045E-001  -2.7860E-001   1.2440E-002  -2.0755E-002   1.9116E-002   4.6978E-002   4.1936E-002  -4.4346E-002  -1.6961E-002   1.5454E-001   4.5861E-001  
 8.4105E-001  -8.2860E-001   1.2417E+000   1.5428E-001  -2.1489E-001  -4.0528E-002  -1.3212E-002   7.9770E-003  -2.0851E-001  -8.8162E-002   5.0181E-002  -1.6761E-002  -3.1141E-002  -9.1751E-001  -2.8020E-001   1.3910E-002  -1.9579E-002   1.6790E-002   3.8499E-002   3.8385E-002  -3.1510E-002  -1.9844E-002   1.5615E-001   4.3389E-001  
 4.8721E-001  -8.7011E-001   8.7115E-001   1.2085E-001  -1.7275E-001   3.2852E-002  -4.9893E-003   4.9127E-003  -1.5627E-001  -8.7597E-002   6.2840E-002  -1.6897E-003  -2.1783E-002  -9.2257E-001  -2.8151E-001   1.4628E-002  -1.4561E-002   1.6119E-002   2.8412E-002   3.4645E-002  -1.8445E-002  -2.2711E-002   1.5728E-001   4.1294E-001  
 2.5982E-001  -8.9396E-001   4.4660E-001   9.5508E-002  -9.9371E-002   9.1461E-002  -1.4231E-003   2.9493E-003  -9.6860E-002  -9.4765E-002   6.9791E-002   8.9259E-003  -1.0943E-002  -9.2554E-001  -2.8235E-001   1.5441E-002  -7.6746E-003   1.7119E-002   1.7612E-002   3.0661E-002  -5.1388E-003  -2.4348E-002   1.5782E-001   4.0659E-001  
 1.8225E-001  -9.0163E-001  -7.2042E-005   8.6262E-002  -1.0598E-002   1.1240E-001   5.4220E-005   2.3227E-003  -3.4473E-002  -1.0873E-001   7.1966E-002   1.2835E-002   6.5349E-004  -9.2652E-001  -2.8267E-001   1.5733E-002  -4.3551E-006   1.9556E-002   6.2075E-003   2.6629E-002   8.1274E-003  -2.4859E-002   1.5798E-001   4.0940E-001  
 2.5983E-001  -8.9392E-001  -4.4687E-001   9.5512E-002   7.8896E-002   8.8571E-002   1.5184E-003   2.9839E-003   2.7945E-002  -1.2919E-001   6.9792E-002   9.5812E-003   1.2084E-002  -9.2553E-001  -2.8241E-001   1.5430E-002   7.6682E-003   2.3347E-002  -5.2035E-003   2.2565E-002   2.1379E-002  -2.4348E-002   1.5780E-001   4.0832E-001  
 4.8722E-001  -8.7017E-001  -8.7181E-001   1.2086E-001   1.5445E-001   2.7057E-002   5.0438E-003   4.9682E-003   8.7445E-002  -1.5656E-001   6.2845E-002  -3.7964E-004   2.2425E-002  -9.2256E-001  -2.8149E-001   1.4609E-002   1.4560E-002   2.8592E-002  -1.6024E-002   1.8447E-002   3.4642E-002  -2.2710E-002   1.5727E-001   4.0401E-001  
 8.4080E-001  -8.2897E-001  -1.2427E+000   1.5467E-001   2.0009E-001  -4.9011E-002   1.2687E-002   7.9367E-003   1.3974E-001  -1.9141E-001   4.9737E-002  -1.5262E-002   3.1212E-002  -9.1751E-001  -2.7977E-001   1.3992E-002   2.0236E-002   3.5858E-002  -2.5856E-002   1.4281E-002   4.7601E-002  -1.9362E-002   1.5625E-001   4.2167E-001  
 1.2901E+000  -7.6816E-001  -1.5312E+000   1.8310E-001   2.0253E-001  -1.0376E-001   2.9289E-002   1.2904E-002   1.8062E-001  -2.3499E-001   3.0743E-002  -3.1809E-002   3.6720E-002  -9.1044E-001  -2.7708E-001   1.2687E-002   2.1956E-002   4.5017E-002  -3.4044E-002   1.0073E-002   6.0302E-002  -1.6289E-002   1.5472E-001   4.4682E-001  
 1.7967E+000  -6.8378E-001  -1.6992E+000   1.8968E-001   1.4837E-001  -8.6758E-002   5.8670E-002   2.0736E-002   2.0515E-001  -2.8930E-001   2.5261E-003  -4.5825E-002   3.7857E-002  -9.0283E-001  -2.7272E-001   1.0766E-002   1.8815E-002   5.6283E-002  -3.7961E-002   4.8764E-003   7.1620E-002  -1.3014E-002   1.5283E-001   4.6717E-001  
 2.3074E+000  -5.7270E-001  -1.6998E+000   1.5124E-001   2.6968E-002   6.5883E-002   1.0258E-001   3.2570E-002   2.0924E-001  -3.5602E-001  -4.0574E-002  -4.7479E-002   3.3169E-002  -8.9855E-001  -2.6682E-001   7.9352E-003   4.7584E-003   6.9103E-002  -3.2431E-002  -6.3020E-004   7.8546E-002  -1.2884E-002   1.4921E-001   4.7528E-001  
 2.7786E+000  -4.2888E-001  -1.4812E+000   4.1449E-002  -1.7012E-001   4.2834E-001   1.6477E-001   5.0336E-002   1.8928E-001  -4.3940E-001  -1.0359E-001  -2.4996E-002   2.2174E-002  -9.0247E-001  -2.6005E-001   4.2137E-003  -2.4573E-002   8.2448E-002  -1.3381E-002  -5.5722E-003   7.8940E-002  -1.5306E-002   1.4370E-001   4.6005E-001  
 2.9039E+000  -5.5764E-001   1.3116E+000  -4.3719E-002   4.0842E-001   5.6019E-001  -1.5236E-001   7.7766E-002  -3.7767E-001  -3.2592E-001  -1.4090E-001   1.7238E-002  -7.6167E-003  -9.1112E-001  -3.1008E-001  -5.3554E-003   4.9093E-002   8.4828E-002   2.5982E-002   3.3343E-002  -5.5719E-002  -1.6042E-002   1.4134E-001   4.6833E-001  
 2.5046E+000  -7.7303E-001   1.5371E+000   1.1730E-001   6.8778E-002   1.6220E-001  -1.1730E-001   5.8359E-002  -3.5764E-001  -2.6789E-001  -6.3170E-002  -3.0593E-002  -4.0351E-002  -8.9285E-001  -2.8277E-001   5.8994E-003   5.7636E-003   5.7100E-002   5.7335E-002   5.2170E-002  -6.0067E-002  -1.3634E-002   1.4744E-001   4.7389E-001  
 2.0424E+000  -9.4671E-001   1.5726E+000   1.7923E-001  -1.3953E-001   5.2104E-003  -7.1154E-002   3.9940E-002  -3.3963E-001  -2.1216E-001  -1.5574E-002  -3.1848E-002  -5.0741E-002  -8.9700E-001  -2.7815E-001   1.2476E-002  -1.2971E-002   4.2926E-002   6.2697E-002   5.4956E-002  -5.2221E-002  -1.1823E-002   1.5164E-001   4.7095E-001  
 1.5798E+000  -1.0795E+000   1.4370E+000   1.9141E-001  -2.4511E-001  -1.5441E-002  -3.8716E-002   2.6723E-002  -3.0339E-001  -1.7340E-001   1.5652E-002  -1.8874E-002  -5.0419E-002  -9.0474E-001  -2.7713E-001   1.6419E-002  -1.8797E-002   3.3558E-002   5.7884E-002   5.4570E-002  -4.0213E-002  -1.3834E-002   1.5389E-001   4.5150E-001  
 1.1669E+000  -1.1755E+000   1.1766E+000   1.7747E-001  -2.6447E-001   3.6183E-002  -1.8514E-002   1.7829E-002  -2.5260E-001  -1.4990E-001   3.5917E-002  -1.9608E-003  -4.2794E-002  -9.1208E-001  -2.7847E-001   1.8852E-002  -1.8151E-002   2.8583E-002   4.7749E-002   5.1336E-002  -2.7369E-002  -1.6753E-002   1.5527E-001   4.2660E-001  
 8.4083E-001  -1.2404E+000   8.2975E-001   1.5468E-001  -2.1838E-001   1.0888E-001  -7.9444E-003   1.2514E-002  -1.9109E-001  -1.4000E-001   4.9725E-002   1.3217E-002  -3.0577E-002  -9.1750E-001  -2.7981E-001   2.0340E-002  -1.3955E-002   2.6016E-002   3.5665E-002   4.7605E-002  -1.4278E-002  -1.9358E-002   1.5627E-001   4.1612E-001  
 6.3120E-001  -1.2781E+000   4.2677E-001   1.3516E-001  -1.2679E-001   1.6675E-001  -2.9975E-003   9.9361E-003  -1.2262E-001  -1.4168E-001   5.8272E-002   2.3861E-002  -1.5115E-002  -9.2076E-001  -2.8077E-001   2.0708E-002  -7.0963E-003   2.5620E-002   2.2561E-002   4.3682E-002  -1.0497E-003  -2.1915E-002   1.5680E-001   4.2515E-001  
 5.5960E-001  -1.2902E+000   2.6532E-005   1.2786E-001  -1.2381E-002   1.8698E-001   9.6007E-005   9.1556E-003  -5.1553E-002  -1.5388E-001   6.0988E-002   2.7814E-002   1.0400E-003  -9.2181E-001  -2.8121E-001   2.0800E-002  -2.7477E-005   2.7695E-002   9.3022E-003   3.9676E-002   1.2122E-002  -2.2783E-002   1.5689E-001   4.2810E-001  
 6.3137E-001  -1.2779E+000  -4.2696E-001   1.3491E-001   1.0281E-001   1.6250E-001   3.2614E-003   1.0297E-002   1.9514E-002  -1.7606E-001   5.8592E-002   2.4653E-002   1.6891E-002  -9.2075E-001  -2.8104E-001   2.0309E-002   6.9216E-003   3.1920E-002  -3.8243E-003   3.5627E-002   2.5256E-002  -2.2278E-002   1.5671E-001   4.2976E-001  
 8.4108E-001  -1.2400E+000  -8.3050E-001   1.5430E-001   1.9661E-001   1.0041E-001   8.1214E-003   1.3157E-002   8.8045E-002  -2.0890E-001   5.0186E-002   1.4717E-002   3.1778E-002  -9.1749E-001  -2.8017E-001   1.9659E-002   1.3833E-002   3.8742E-002  -1.6719E-002   3.1513E-002   3.8382E-002  -1.9841E-002   1.5615E-001   4.2697E-001  
 1.1669E+000  -1.1751E+000  -1.1780E+000   1.7747E-001   2.4620E-001   2.3661E-002   1.8017E-002   1.8472E-002   1.4967E-001  -2.5303E-001   3.5931E-002  -6.0242E-005   4.3424E-002  -9.1207E-001  -2.7843E-001   1.8220E-002   1.8740E-002   4.8003E-002  -2.8448E-002   2.7374E-002   5.1330E-002  -1.6754E-002   1.5526E-001   4.2219E-001  
 1.5795E+000  -1.0794E+000  -1.4393E+000   1.9202E-001   2.3184E-001  -3.2055E-002   3.7631E-002   2.7325E-002   2.0068E-001  -3.1075E-001   1.5423E-002  -1.6693E-002   5.0513E-002  -9.0484E-001  -2.7568E-001   1.6108E-002   2.0324E-002   5.9495E-002  -3.8254E-002   2.3003E-002   6.3778E-002  -1.3278E-002   1.5399E-001   4.5073E-001  
 2.0424E+000  -9.4701E-001  -1.5752E+000   1.8129E-001   1.3326E-001  -1.6543E-002   7.0921E-002   4.0605E-002   2.3646E-001  -3.8477E-001  -1.4785E-002  -3.0546E-002   5.1058E-002  -8.9694E-001  -2.7076E-001   1.3053E-002   1.6671E-002   7.4309E-002  -4.3829E-002   1.7271E-002   7.4961E-002  -1.0061E-002   1.5247E-001   4.7744E-001  
 2.5070E+000  -7.7251E-001  -1.5365E+000   1.2471E-001  -6.3736E-002   1.3267E-001   1.2177E-001   6.0647E-002   2.5292E-001  -4.7911E-001  -5.8978E-002  -3.3139E-002   4.4199E-002  -8.9308E-001  -2.6451E-001   9.1140E-003   3.5267E-003   9.0715E-002  -4.0176E-002   1.0859E-002   8.0632E-002  -9.5496E-003   1.4953E-001   4.8897E-001  
 2.9528E+000  -5.3012E-001  -1.2447E+000   1.7928E-002  -3.4434E-001   4.7813E-001   2.1508E-001   1.0438E-001   2.5221E-001  -6.2497E-001  -1.1499E-001  -1.9826E-002   4.6496E-002  -9.1257E-001  -2.7153E-001   7.5911E-003  -1.7793E-002   9.5973E-002  -2.0075E-002   7.2921E-003   6.6066E-002  -1.2696E-002   1.4557E-001   4.8332E-001  
 3.3373E+000  -1.8968E-001   8.1873E-001   8.0380E-002   2.9459E-001   7.9680E-001  -3.0073E-001   4.0229E-001  -8.8149E-001  -6.7575E-001  -1.5014E-001   1.5697E-001  -2.3663E-001  -1.1593E+000  -3.4517E-001   6.3451E-003   6.2869E-002   3.5492E-002  -1.1639E-001  -1.2009E-002   1.0793E-002  -1.6977E-002   1.0392E-001   5.3200E-001  
 2.7526E+000  -8.6763E-001   1.2973E+000   6.5257E-002   2.7430E-001   2.1805E-001  -1.4629E-001   1.0023E-001  -4.6735E-001  -3.8400E-001  -9.0983E-002  -1.3656E-002  -4.2179E-002  -8.8638E-001  -2.8276E-001   4.9516E-003   9.5739E-003   7.6861E-002   7.4545E-002   6.0905E-002  -5.5031E-002  -1.0393E-002   1.4752E-001   4.7872E-001  
 2.3498E+000  -1.1131E+000   1.3893E+000   1.5181E-001  -2.5521E-002   6.2016E-002  -9.0710E-002   7.1074E-002  -4.2968E-001  -2.9947E-001  -4.1275E-002  -1.4880E-002  -5.5983E-002  -8.8979E-001  -2.7651E-001   1.2507E-002  -9.0841E-003   5.8786E-002   7.8307E-002   6.5540E-002  -4.7361E-002  -8.5352E-003   1.5118E-001   4.7691E-001  
 1.9439E+000  -1.3005E+000   1.3011E+000   1.8693E-001  -1.9371E-001   4.1221E-002  -5.1880E-002   5.0823E-002  -3.7644E-001  -2.3934E-001  -7.4459E-003  -1.9526E-003  -5.7374E-002  -8.9740E-001  -2.7496E-001   1.7323E-002  -1.5610E-002   4.6255E-002   7.1418E-002   6.6097E-002  -3.5756E-002  -1.0436E-002   1.5296E-001   4.5654E-001  
 1.5795E+000  -1.4361E+000   1.0807E+000   1.9203E-001  -2.5010E-001   9.1851E-002  -2.7355E-002   3.7399E-002  -3.1030E-001  -2.0101E-001   1.5402E-002   1.4707E-002  -4.9902E-002  -9.0485E-001  -2.7576E-001   2.0479E-002  -1.6056E-002   3.8448E-002   5.9223E-002   6.3771E-002  -2.3001E-002  -1.3264E-002   1.5401E-001   4.3799E-001  
 1.2901E+000  -1.5283E+000   7.6874E-001   1.8313E-001  -2.2079E-001   1.6359E-001  -1.2896E-002   2.9063E-002  -2.3463E-001  -1.8099E-001   3.0715E-002   2.9796E-002  -3.6093E-002  -9.1042E-001  -2.7712E-001   2.2095E-002  -1.2659E-002   3.4261E-002   4.4816E-002   6.0307E-002  -1.0065E-002  -1.6281E-002   1.5475E-001   4.4083E-001  
 1.1037E+000  -1.5818E+000   3.9722E-001   1.7227E-001  -1.3257E-001   2.2057E-001  -4.9313E-003   2.5167E-002  -1.5281E-001  -1.7692E-001   4.0508E-002   4.0355E-002  -1.8333E-002  -9.1398E-001  -2.7832E-001   2.2598E-002  -6.9664E-003   3.2808E-002   2.9009E-002   5.6314E-002   3.0310E-003  -1.8822E-002   1.5511E-001   4.4927E-001  
 1.0401E+000  -1.5991E+000   2.0092E-004   1.6746E-001  -1.4711E-002   2.4004E-001   4.0409E-004   2.4360E-002  -6.8626E-002  -1.8718E-001   4.4113E-002   4.4320E-002   1.2137E-003  -9.1518E-001  -2.7907E-001   2.2273E-002  -3.6025E-004   3.4400E-002   1.2785E-002   5.2324E-002   1.6001E-002  -2.0168E-002   1.5525E-001   4.5212E-001  
 1.1041E+000  -1.5813E+000  -3.9706E-001   1.7168E-001   1.0387E-001   2.1502E-001   5.7016E-003   2.6000E-002   1.5616E-002  -2.1122E-001   4.1205E-002   4.1222E-002   2.0605E-002  -9.1399E-001  -2.7923E-001   2.1752E-002   6.2839E-003   3.9188E-002  -3.4194E-003   4.8334E-002   2.8943E-002  -1.9472E-002   1.5504E-001   4.5485E-001  
 1.2907E+000  -1.5273E+000  -7.6923E-001   1.8243E-001   1.9424E-001   1.5250E-001   1.3330E-002   3.0371E-002   9.7578E-002  -2.4977E-001   3.1547E-002   3.1463E-002   3.8018E-002  -9.1040E-001  -2.7857E-001   2.0869E-002   1.2355E-002   4.7276E-002  -1.9070E-002   4.4348E-002   4.1932E-002  -1.6954E-002   1.5455E-001   4.5352E-001  
 1.5798E+000  -1.4349E+000  -1.0822E+000   1.9145E-001   2.2687E-001   7.5240E-002   2.6934E-002   3.8644E-002   1.7323E-001  -3.0394E-001   1.5672E-002   1.6886E-002   5.1061E-002  -9.0472E-001  -2.7708E-001   1.8914E-002   1.6315E-002   5.8180E-002  -3.3435E-002   4.0201E-002   5.4553E-002  -1.3817E-002   1.5388E-001   4.4890E-001  
 1.9439E+000  -1.2992E+000  -1.3038E+000   1.8693E-001   1.7549E-001   1.8529E-002   5.1077E-002   5.1814E-002   2.3906E-001  -3.7700E-001  -7.4232E-003  -7.7601E-006   5.7992E-002  -8.9739E-001  -2.7485E-001   1.5698E-002   1.7175E-002   7.1734E-002  -4.6075E-002   3.5712E-002   6.6109E-002  -1.0438E-002   1.5294E-001   4.5634E-001  
 2.3503E+000  -1.1115E+000  -1.3920E+000   1.5406E-001   1.4911E-002   3.2036E-002   9.1355E-002   7.2331E-002   2.9160E-001  -4.7344E-001  -4.0027E-002  -1.4422E-002   5.7496E-002  -8.9004E-001  -2.7061E-001   1.1920E-002   1.3698E-002   8.8583E-002  -5.4095E-002   2.9624E-002   7.5855E-002  -7.0462E-003   1.5177E-001   4.8249E-001  
 2.7564E+000  -8.6438E-001  -1.2956E+000   7.4198E-002  -2.7248E-001   1.7715E-001   1.5315E-001   1.0338E-001   3.2678E-001  -5.9824E-001  -8.6003E-002  -1.8201E-002   4.7891E-002  -8.8688E-001  -2.6443E-001   6.8259E-003   1.1507E-003   1.0789E-001  -5.3015E-002   2.2165E-002   8.0740E-002  -7.1038E-003   1.4945E-001   5.0032E-001  
 4.1351E+000   3.1290E-001   2.0135E-001   7.5808E-001   4.4974E-001   1.7780E-001   9.6811E-001   7.1697E-001   6.1302E-001  -1.5110E+000  -2.2751E-002  -1.3281E-001   5.8287E-001  -1.2231E+000  -4.7485E-001   3.9393E-002   1.6438E-002  -1.1952E-001   8.0766E-002   6.6346E-003  -3.2804E-002  -1.4681E-002   9.7422E-002   6.2065E-001  
 2.3504E+000  -1.3881E+000   1.1133E+000   1.5403E-001  -3.3108E-002   2.7623E-002  -7.2375E-002   9.1006E-002  -4.7285E-001  -2.9201E-001  -4.0098E-002   1.2460E-002  -5.6870E-002  -8.9009E-001  -2.7077E-001   1.3812E-002  -1.1826E-002   5.4297E-002   8.8260E-002   7.5727E-002  -2.9684E-002  -7.0929E-003   1.5177E-001   4.6873E-001  
 2.0425E+000  -1.5715E+000   9.4808E-001   1.8127E-001  -1.5147E-001   7.6240E-002  -4.0602E-002   7.0579E-002  -3.8427E-001  -2.3693E-001  -1.4869E-002   2.8556E-002  -5.0421E-002  -8.9698E-001  -2.7085E-001   1.6784E-002  -1.2978E-002   4.4042E-002   7.4045E-002   7.4878E-002  -1.7240E-002  -1.0110E-002   1.5247E-001   4.6438E-001  
 1.7968E+000  -1.6957E+000   6.8417E-001   1.8971E-001  -1.6661E-001   1.4648E-001  -2.0715E-002   5.8357E-002  -2.8890E-001  -2.0567E-001   2.4615E-003   4.3814E-002  -3.7237E-002  -9.0284E-001  -2.7276E-001   1.8953E-002  -1.0748E-002   3.8183E-002   5.6082E-002   7.1577E-002  -4.8166E-003  -1.3025E-002   1.5284E-001   4.6327E-001  
 1.6376E+000  -1.7680E+000   3.5644E-001   1.8965E-001  -1.1009E-001   2.0204E-001  -8.0952E-003   5.1838E-002  -1.8799E-001  -1.9507E-001   1.2890E-002   5.4400E-002  -1.8907E-002  -9.0640E-001  -2.7460E-001   1.9709E-002  -6.1800E-003   3.5852E-002   3.6738E-002   6.7907E-002   7.6125E-003  -1.5461E-002   1.5294E-001   4.7284E-001  
 1.5834E+000  -1.7912E+000   6.0964E-004   1.8860E-001  -1.7762E-002   2.2053E-001   7.4377E-004   5.0214E-002  -8.5698E-002  -2.0330E-001   1.6650E-002   5.8442E-002   1.4583E-003  -9.0775E-001  -2.7641E-001   1.9649E-002  -7.0998E-004   3.7057E-002   1.6254E-002   6.3839E-002   1.9694E-002  -1.6462E-002   1.5278E-001   4.7601E-001  
 1.6379E+000  -1.7673E+000  -3.5556E-001   1.8875E-001   7.5094E-002   1.9484E-001   9.3172E-003   5.2324E-002   1.6436E-002  -2.2952E-001   1.3051E-002   5.5029E-002   2.1552E-002  -9.0653E-001  -2.7786E-001   1.8311E-002   4.8040E-003   4.2043E-002  -4.5075E-003   6.0005E-002   3.1483E-002  -1.6317E-002   1.5247E-001   4.7798E-001  
 1.7970E+000  -1.6945E+000  -6.8431E-001   1.8797E-001   1.3326E-001   1.3201E-001   2.1137E-002   5.8892E-002   1.1694E-001  -2.7465E-001   2.2336E-003   4.4868E-002   3.9022E-002  -9.0285E-001  -2.7843E-001   1.6108E-002   9.4812E-003   5.0880E-002  -2.4444E-002   5.6126E-002   4.3360E-002  -1.4661E-002   1.5209E-001   4.7562E-001  
 2.0425E+000  -1.5698E+000  -9.4965E-001   1.7925E-001   1.2130E-001   5.4506E-002   4.0152E-002   7.0997E-002   2.1200E-001  -3.4031E-001  -1.5597E-002   2.9869E-002   5.1346E-002  -8.9700E-001  -2.7811E-001   1.3066E-002   1.2338E-002   6.3013E-002  -4.2841E-002   5.2149E-002   5.4887E-002  -1.1852E-002   1.5159E-001   4.6711E-001  
 2.3498E+000  -1.3868E+000  -1.1166E+000   1.5180E-001   7.3199E-003  -2.3518E-003   7.1346E-002   9.0574E-002   2.9922E-001  -4.3038E-001  -4.1280E-002   1.2919E-002   5.6582E-002  -8.8982E-001  -2.7639E-001   9.1526E-003   1.2343E-002   7.8630E-002  -5.8632E-002   4.7209E-002   6.5506E-002  -8.5741E-003   1.5112E-001   4.7835E-001  
 2.7565E+000  -1.2912E+000   8.6599E-001   7.4128E-002   2.5441E-001  -1.1760E-001  -1.0334E-001   1.5266E-001  -5.9752E-001  -3.2729E-001  -8.6128E-002   1.6257E-002  -4.7168E-002  -8.8689E-001  -2.6455E-001   1.2632E-003  -6.6931E-003   5.3293E-002   1.0767E-001   8.0558E-002  -2.2144E-002  -7.1256E-003   1.4951E-001   4.8821E-001  
 2.5071E+000  -1.5322E+000   7.7340E-001   1.2473E-001   4.5560E-002  -7.3054E-002  -6.0620E-002   1.2138E-001  -4.7857E-001  -2.5350E-001  -5.9065E-002   3.1214E-002  -4.3566E-002  -8.9314E-001  -2.6459E-001   3.7053E-003  -9.0386E-003   4.0448E-002   9.0463E-002   8.0473E-002  -1.0726E-002  -9.5681E-003   1.4955E-001   4.7728E-001  
 2.3076E+000  -1.6957E+000   5.7289E-001   1.5129E-001  -4.5171E-002  -6.2433E-003  -3.2528E-002   1.0220E-001  -3.5557E-001  -2.0986E-001  -4.0651E-002   4.5520E-002  -3.2558E-002  -8.9855E-001  -2.6683E-001   4.9459E-003  -7.9264E-003   3.2704E-002   6.8908E-002   7.8486E-002   7.8363E-004  -1.2878E-002   1.4925E-001   4.7293E-001  
 2.1781E+000  -1.7903E+000   3.0258E-001   1.6353E-001  -5.4703E-002   4.7333E-002  -1.3754E-002   9.2351E-002  -2.2982E-001  -1.9202E-001  -2.9416E-002   5.6079E-002  -1.7011E-002  -9.0216E-001  -2.7057E-001   5.9131E-003  -5.1693E-003   2.9526E-002   4.4185E-002   7.5132E-002   1.1682E-002  -1.5195E-002   1.4876E-001   4.8387E-001  
 2.1337E+000  -1.8208E+000   1.0798E-003   1.6629E-001  -2.2075E-002   6.4547E-002   6.6258E-004   8.9246E-002  -1.0329E-001  -1.9779E-001  -2.5901E-002   5.9945E-002   1.1496E-003  -9.0317E-001  -2.7412E-001   5.4396E-003  -1.4070E-003   3.0666E-002   1.8683E-002   7.1684E-002   2.2337E-002  -1.6516E-002   1.4834E-001   4.8938E-001  
 2.1780E+000  -1.7899E+000  -3.0090E-001   1.6163E-001   1.0977E-002   3.8135E-002   1.4726E-002   9.1918E-002   2.2980E-002  -2.2670E-001  -3.0231E-002   5.5973E-002   1.8889E-002  -9.0217E-001  -2.7734E-001   3.2191E-003   2.3292E-003   3.5551E-002  -7.1119E-003   6.7758E-002   3.2770E-002  -1.6698E-002   1.4785E-001   4.8935E-001  
 2.3067E+000  -1.6958E+000  -5.7287E-001   1.4682E-001   2.3424E-003  -2.5309E-002   3.2283E-002   1.0032E-001   1.4732E-001  -2.7975E-001  -4.2975E-002   4.4482E-002   3.2700E-002  -8.9862E-001  -2.8079E-001  -1.1293E-003   4.8105E-003   4.4469E-002  -3.3219E-002   6.4078E-002   4.2381E-002  -1.6021E-002   1.4745E-001   4.8293E-001  
 2.5047E+000  -1.5337E+000  -7.7614E-001   1.1738E-001  -8.6973E-002  -1.0255E-001   5.8591E-002   1.1713E-001   2.6777E-001  -3.5843E-001  -6.3175E-002   2.8695E-002   4.0961E-002  -8.9285E-001  -2.8277E-001  -5.5765E-003   5.7611E-003   5.7707E-002  -5.7035E-002   5.9969E-002   5.1971E-002  -1.3621E-002   1.4741E-001   4.7089E-001  
 2.7526E+000  -1.2942E+000  -8.7141E-001   6.5246E-002  -2.9255E-001  -1.5844E-001   1.0045E-001   1.4608E-001   3.8374E-001  -4.6810E-001  -9.1013E-002   1.1779E-002   4.2682E-002  -8.8635E-001  -2.8268E-001  -9.4583E-003   4.7335E-003   7.4990E-002  -7.6796E-002   5.4850E-002   6.0779E-002  -1.0394E-002   1.4751E-001   4.8078E-001  
 4.1477E+000   2.1970E-001  -3.2248E-001   7.6456E-001  -4.8198E-001  -1.1531E-001  -7.2157E-001   9.7232E-001  -1.5191E+000  -6.1769E-001  -2.2495E-002   1.3091E-001  -5.8601E-001  -1.2270E+000  -4.7731E-001   1.6293E-002  -3.9452E-002  -8.1545E-002  -1.2100E-001  -3.3821E-002  -6.6447E-003  -1.4792E-002   9.6887E-002   6.1661E-001  
 2.9533E+000  -1.2396E+000   5.3086E-001   1.8140E-002   3.2619E-001  -4.1822E-001  -1.0428E-001   2.1489E-001  -6.2449E-001  -2.5250E-001  -1.1505E-001   1.8250E-002  -4.5816E-002  -9.1233E-001  -2.7175E-001  -1.7564E-002  -7.4571E-003   2.0721E-002   9.5695E-002   6.6004E-002  -7.1813E-003  -1.2799E-002   1.4578E-001   4.7824E-001  
 2.7789E+000  -1.4765E+000   4.2889E-001   4.1509E-002   1.5192E-001  -3.6879E-001  -5.0293E-002   1.6433E-001  -4.3896E-001  -1.8998E-001  -1.0370E-001   2.3102E-002  -2.1609E-002  -9.0243E-001  -2.6009E-001  -2.4385E-002  -4.2204E-003   1.3736E-002   8.2184E-002   7.8899E-002   5.7979E-003  -1.5354E-002   1.4375E-001   4.6004E-001  
 2.6772E+000  -1.6015E+000   2.3304E-001   6.3080E-002   3.8738E-002  -3.2130E-001  -2.2182E-002   1.4628E-001  -2.7958E-001  -1.6622E-001  -9.3580E-002   3.0070E-002  -1.1674E-002  -9.0726E-001  -2.6579E-001  -2.6869E-002  -3.5994E-003   7.7420E-003   5.2013E-002   7.5492E-002   1.5167E-002  -1.8835E-002   1.4217E-001   4.6772E-001  
 2.6416E+000  -1.6433E+000   1.1482E-003   6.7577E-002  -2.8576E-002  -3.0782E-001  -3.1662E-004   1.3908E-001  -1.2263E-001  -1.7112E-001  -9.1415E-002   3.1251E-002  -5.9896E-004  -9.0928E-001  -2.7324E-001  -3.0056E-002  -2.7627E-003   7.1493E-003   1.9383E-002   7.1963E-002   2.3295E-002  -2.1141E-002   1.4087E-001   4.6950E-001  
 2.6747E+000  -1.6048E+000  -2.3172E-001   5.6919E-002  -9.6184E-002  -3.3511E-001   2.0808E-002   1.4172E-001   3.3216E-002  -2.0278E-001  -9.6982E-002   2.6502E-002   9.3794E-003  -9.0765E-001  -2.8097E-001  -3.3364E-002  -2.1830E-003   1.2412E-002  -1.4037E-002   6.8997E-002   3.0956E-002  -2.1479E-002   1.4033E-001   4.6786E-001  
 2.7734E+000  -1.4833E+000  -4.3048E-001   2.9326E-002  -2.1011E-001  -3.9645E-001   4.6899E-002   1.5496E-001   1.8947E-001  -2.6281E-001  -1.1034E-001   1.6346E-002   1.6198E-002  -9.0272E-001  -2.8742E-001  -3.6470E-002  -2.2128E-003   2.3373E-002  -4.6375E-002   6.6231E-002   3.9020E-002  -1.9694E-002   1.4063E-001   4.6183E-001  
 2.9047E+000  -1.3068E+000  -5.6062E-001  -4.2991E-002  -4.2603E-001  -4.9989E-001   7.8256E-002   1.5291E-001   3.2646E-001  -3.7812E-001  -1.4072E-001  -1.8571E-002   8.5594E-003  -9.1095E-001  -3.0960E-001  -4.8753E-002  -5.4795E-003   2.6707E-002  -8.4416E-002   5.5633E-002   3.3274E-002  -1.6202E-002   1.4152E-001   4.7739E-001  
 3.3404E+000  -8.1341E-001  -1.8807E-001   8.1970E-002  -3.0668E-001  -7.4106E-001   4.0533E-001   3.0065E-001   6.7772E-001  -8.8814E-001  -1.5010E-001  -1.6073E-001   2.3921E-001  -1.1625E+000  -3.4580E-001  -6.2989E-002   6.4732E-003  -1.1748E-001  -3.5105E-002  -1.1347E-002  -1.2520E-002  -1.7009E-002   1.0325E-001   5.2949E-001  
