 4.5584E+000  -8.3781E-001  -4.2018E-001   1.1125E+000   6.9219E-001   5.2575E-001  -7.4600E-001  -1.3928E+000  -1.9375E+000  -2.1711E-001   4.2609E-002   4.5356E-001   6.6034E-001  -4.5475E-001   1.3412E+000  -7.0925E-002  -3.1417E-002  -2.7658E-002  -1.9946E-001   3.8400E-002  -2.7475E-002  -1.3525E-002   8.8452E-002   5.1415E-001  
 3.0056E+000   1.1682E+000   4.9884E-001   8.4443E-002  -2.6270E-001  -3.0305E-001  -1.2521E-001  -2.8502E-001  -8.3505E-001  -1.8453E-001  -8.7109E-002   6.7825E-002   7.7367E-002  -2.7981E-001   9.3176E-001  -2.0070E-002  -1.2540E-002   2.0847E-002   9.5067E-002  -3.7561E-002   4.0715E-002  -8.7676E-003   1.4581E-001   4.9129E-001  
 2.7880E+000   1.4680E+000   4.2215E-001   6.2348E-002  -1.1046E-001  -3.1322E-001  -5.3962E-002  -1.8100E-001  -6.4369E-001  -1.7592E-001  -9.2184E-002   3.7495E-002   2.7440E-002  -2.7949E-001   8.8364E-001   1.7556E-003  -7.3699E-003   3.9083E-002   1.1030E-001  -4.2377E-002   7.1429E-002  -7.6965E-003   1.4874E-001   4.7938E-001  
 2.6843E+000   1.5953E+000   2.3135E-001   8.0898E-002   1.5195E-002  -2.7799E-001  -2.4369E-002  -1.5992E-001  -5.2124E-001  -1.5815E-001  -8.3499E-002   4.2170E-002   1.5056E-002  -2.8382E-001   8.8861E-001   6.6965E-003  -8.5313E-003   4.0088E-002   8.8395E-002  -3.0466E-002   7.5082E-002  -1.1069E-002   1.4729E-001   4.6901E-001  
 2.6461E+000   1.6403E+000   3.5744E-003   7.9494E-002   9.3657E-002  -2.7904E-001  -1.1430E-003  -1.4817E-001  -4.0182E-001  -1.1172E-001  -8.4571E-002   3.9774E-002   1.9954E-003  -2.8599E-001   8.9525E-001   1.6004E-002  -9.0704E-003   3.5439E-002   6.3504E-002  -1.9108E-002   7.6327E-002  -1.5666E-002   1.4479E-001   4.6692E-001  
 2.6762E+000   1.6061E+000  -2.2740E-001   6.0689E-002   1.7309E-001  -3.2320E-001   1.9653E-002  -1.4497E-001  -2.8598E-001  -3.8371E-002  -9.4649E-002   3.0488E-002  -7.4704E-003  -2.8510E-001   9.0285E-001   2.7976E-002  -1.0452E-002   2.4783E-002   3.6026E-002  -9.1846E-003   7.6044E-002  -1.9734E-002   1.4173E-001   4.6665E-001  
 2.7702E+000   1.4904E+000  -4.2775E-001   2.2389E-002   3.0115E-001  -4.0382E-001   4.2627E-002  -1.5032E-001  -1.7378E-001   6.2697E-002  -1.1395E-001   1.5375E-002  -9.6447E-003  -2.8042E-001   9.1025E-001   4.1350E-002  -1.3746E-002   7.5009E-003   7.0288E-003  -8.6757E-004   7.5421E-002  -2.1917E-002   1.3880E-001   4.6037E-001  
 2.8463E+000   1.3886E+000  -5.9691E-001  -1.1611E-001   5.9009E-001  -5.7065E-001   3.9584E-002  -8.1725E-002  -1.4163E-001   2.2700E-001  -1.7130E-001  -5.2861E-002   4.4943E-002  -2.7516E-001   9.7310E-001   8.2199E-002  -2.9932E-002   1.1928E-003  -5.8225E-002  -3.6511E-003   4.4818E-002  -1.9910E-002   1.3016E-001   3.8510E-001  
 1.9169E+000   2.5432E+000  -1.2498E+000  -1.1220E+000   1.8878E+000  -1.5236E+000  -2.8910E-001   8.0639E-001  -8.1670E-001   6.7022E-001  -3.7531E-001  -5.0176E-001   4.7501E-001  -2.4449E-001   1.3551E+000   1.8879E-001  -7.6666E-002   9.0235E-002  -3.1169E-001  -3.4839E-002  -3.5444E-002  -2.0785E-002   8.4426E-002   4.4320E-001  
 2.7566E+000   1.2948E+000   8.5906E-001   7.4506E-002  -2.5971E-001  -7.4900E-002  -1.0105E-001  -1.5408E-001  -6.7802E-001  -7.4626E-002  -8.6014E-002   2.1495E-002   4.4791E-002  -2.6465E-001   8.8680E-001  -6.8528E-003   1.3576E-003   7.9687E-003   1.1974E-001  -6.5766E-002   5.1264E-002  -6.8282E-003   1.4961E-001   4.7538E-001  
 2.5091E+000   1.5340E+000   7.6596E-001   1.3107E-001  -3.0575E-002  -3.7255E-002  -6.2412E-002  -1.2487E-001  -5.9912E-001  -1.0393E-001  -5.5535E-002   3.4323E-002   4.5372E-002  -2.7113E-001   8.8730E-001  -1.3711E-002  -7.0542E-003   1.9129E-002   1.0910E-001  -5.6749E-002   5.9889E-002  -5.8766E-003   1.5123E-001   4.6814E-001  
 2.3089E+000   1.6984E+000   5.6864E-001   1.5808E-001   7.4144E-002   2.1969E-002  -3.4001E-002  -1.0468E-001  -5.1421E-001  -1.0631E-001  -3.7062E-002   4.7028E-002   3.3525E-002  -2.7552E-001   8.9027E-001  -1.5126E-002  -8.6026E-003   2.2303E-002   9.5446E-002  -4.5448E-002   6.6321E-002  -7.9493E-003   1.5161E-001   4.6169E-001  
 2.1785E+000   1.7941E+000   3.0203E-001   1.6867E-001   9.4890E-002   6.6671E-002  -1.3578E-002  -9.3251E-002  -4.2633E-001  -8.3589E-002  -2.7046E-002   5.6190E-002   1.5771E-002  -2.7831E-001   8.9425E-001  -1.3765E-002  -7.1437E-003   1.9667E-002   7.9181E-002  -3.2890E-002   7.0673E-002  -1.1017E-002   1.5113E-001   4.6474E-001  
 2.1338E+000   1.8243E+000   3.3573E-003   1.6965E-001   7.2349E-002   7.4168E-002   2.0676E-003  -8.9593E-002  -3.3843E-001  -3.8139E-002  -2.4366E-002   5.9752E-002  -3.7366E-003  -2.7913E-001   8.9814E-001  -1.0692E-002  -4.6287E-003   1.1948E-002   6.1211E-002  -2.0544E-002   7.3189E-002  -1.3640E-002   1.5000E-001   4.7892E-001  
 2.1780E+000   1.7928E+000  -2.9688E-001   1.6243E-001   4.8419E-002   3.6556E-002   1.6553E-002  -9.1827E-002  -2.5139E-001   3.0035E-002  -2.9722E-002   5.5848E-002  -2.1863E-002  -2.7837E-001   9.0094E-001  -4.9383E-003  -2.1994E-003  -7.4937E-005   4.2282E-002  -8.7286E-003   7.4974E-002  -1.5946E-002   1.4834E-001   4.8702E-001  
 2.3059E+000   1.6988E+000  -5.6894E-001   1.4339E-001   6.6221E-002  -4.0462E-002   3.2987E-002  -9.8515E-002  -1.6815E-001   1.2267E-001  -4.4690E-002   4.3641E-002  -3.3930E-002  -2.7574E-001   9.0399E-001   4.7805E-003  -1.6442E-003  -1.6252E-002   2.1482E-002   1.7647E-003   7.5108E-002  -1.8249E-002   1.4591E-001   4.8502E-001  
 2.5012E+000   1.5392E+000  -7.7533E-001   1.0691E-001   1.6630E-001  -1.3383E-001   5.5548E-002  -1.1092E-001  -9.1604E-002   2.3986E-001  -6.9021E-002   2.6091E-002  -3.6776E-002  -2.7018E-001   9.0609E-001   1.6702E-002  -3.7229E-003  -3.7427E-002   4.2731E-004   1.0435E-002   7.5251E-002  -1.9158E-002   1.4376E-001   4.7646E-001  
 2.7437E+000   1.3046E+000  -8.7719E-001   4.5317E-002   3.8471E-001  -2.0863E-001   9.1370E-002  -1.3251E-001  -2.2456E-002   3.8671E-001  -1.0205E-001   6.8515E-003  -3.0033E-002  -2.6288E-001   9.0616E-001   2.8278E-002  -7.8177E-003  -6.3126E-002  -1.8566E-002   1.8471E-002   7.5325E-002  -1.7542E-002   1.4242E-001   4.6241E-001  
 2.3498E+000   1.3918E+000   1.1068E+000   1.5153E-001   2.6687E-002   4.8027E-002  -7.2248E-002  -8.9134E-002  -5.1188E-001  -6.3226E-002  -4.1569E-002   1.1702E-002   5.5708E-002  -2.6728E-001   8.9322E-001  -1.4035E-002  -5.1235E-003   7.6505E-003   9.5458E-002  -6.7529E-002   4.3726E-002  -8.7119E-003   1.5099E-001   4.6382E-001  
 2.0425E+000   1.5751E+000   9.4231E-001   1.8223E-001   1.6109E-001   9.2912E-002  -4.2250E-002  -6.9412E-002  -4.6281E-001  -7.6805E-002  -1.4521E-002   2.6425E-002   5.0874E-002  -2.7206E-001   8.9571E-001  -1.9804E-002  -1.0394E-002   1.3763E-002   8.8205E-002  -5.7704E-002   5.1196E-002  -9.2264E-003   1.5285E-001   4.5512E-001  
 1.7964E+000   1.6995E+000   6.8069E-001   1.9190E-001   1.8867E-001   1.5881E-001  -2.1796E-002  -5.6998E-002  -4.0651E-001  -6.8474E-002   2.7869E-003   4.1432E-002   3.6968E-002  -2.7561E-001   9.0017E-001  -2.2921E-002  -1.0323E-002   1.3236E-002   7.7383E-002  -4.5096E-002   5.6573E-002  -1.0895E-002   1.5356E-001   4.4538E-001  
 1.6369E+000   1.7719E+000   3.5553E-001   1.9182E-001   1.4222E-001   2.0863E-001  -7.7651E-003  -5.0216E-002  -3.4449E-001  -3.9753E-002   1.2616E-002   5.2167E-002   1.7040E-002  -2.7738E-001   9.0360E-001  -2.3169E-002  -6.9486E-003   8.1774E-003   6.5763E-002  -3.2193E-002   6.0875E-002  -1.3297E-002   1.5377E-001   4.5130E-001  
 1.5827E+000   1.7945E+000   1.8237E-003   1.8997E-001   5.8206E-002   2.1972E-001   2.3363E-003  -4.8868E-002  -2.8080E-001   7.6456E-003   1.6301E-002   5.6752E-002  -4.7517E-003  -2.7819E-001   9.0563E-001  -2.1765E-002  -2.3443E-003  -1.7639E-004   5.3252E-002  -1.9068E-002   6.4528E-002  -1.5075E-002   1.5346E-001   4.6730E-001  
 1.6378E+000   1.7696E+000  -3.5299E-001   1.8886E-001  -2.7549E-002   1.8503E-001   1.1566E-002  -5.1805E-002  -2.1760E-001   7.3126E-002   1.3135E-002   5.4236E-002  -2.5651E-002  -2.7780E-001   9.0652E-001  -1.8589E-002   2.4036E-003  -1.2109E-002   3.9833E-002  -6.3003E-003   6.7223E-002  -1.6106E-002   1.5251E-001   4.7584E-001  
 1.7972E+000   1.6957E+000  -6.8153E-001   1.8618E-001  -7.9383E-002   1.1144E-001   2.2974E-002  -5.8742E-002  -1.5691E-001   1.5753E-001   2.0262E-003   4.4900E-002  -4.2763E-002  -2.7562E-001   9.0578E-001  -1.3598E-002   6.1344E-003  -2.8368E-002   2.6275E-002   5.5293E-003   6.9714E-002  -1.6259E-002   1.5119E-001   4.8041E-001  
 2.0424E+000   1.5699E+000  -9.4780E-001   1.7552E-001  -6.2211E-002   2.1758E-002   4.0567E-002  -7.0766E-002  -1.0166E-001   2.6189E-001  -1.6926E-002   3.0745E-002  -5.3851E-002  -2.7213E-001   9.0291E-001  -7.6177E-003   8.2609E-003  -4.8400E-002   1.4031E-002   1.6767E-002   7.2153E-002  -1.4938E-002   1.4990E-001   4.8105E-001  
 2.3479E+000   1.3875E+000  -1.1181E+000   1.4414E-001   5.7832E-002  -5.0108E-002   6.8659E-002  -8.7697E-002  -5.7025E-002   3.9011E-001  -4.5468E-002   1.3234E-002  -5.4712E-002  -2.6639E-001   8.9952E-001   1.2371E-003   6.7762E-003  -7.2083E-002   1.6163E-003   2.5911E-002   7.3645E-002  -1.3571E-002   1.4844E-001   4.7209E-001  
 1.9302E+000   1.2384E+000   2.5251E+000  -1.1151E+000  -1.8183E+000   1.5305E+000   7.9987E-001   2.8766E-001  -6.6529E-001  -8.0831E-001  -3.7497E-001   4.9783E-001  -4.7492E-001  -2.4461E-001   1.3504E+000   7.6795E-002   1.8878E-001  -3.1019E-001  -8.9450E-002   3.4519E-002  -3.4321E-002  -2.0891E-002   8.5096E-002   4.4665E-001  
 2.7440E+000   8.7276E-001   1.3033E+000   4.5347E-002  -3.2516E-001   2.2689E-001  -1.3234E-001  -9.0992E-002  -3.8612E-001  -2.3021E-002  -1.0214E-001  -7.3393E-003   2.8110E-002  -2.6296E-001   9.0614E-001   7.6045E-003   2.8294E-002  -1.8357E-002   6.2742E-002  -7.5518E-002   1.8415E-002  -1.7567E-002   1.4243E-001   4.6370E-001  
 2.3481E+000   1.1143E+000   1.3858E+000   1.4421E-001   1.8091E-003   6.8303E-002  -8.7592E-002  -6.8311E-002  -3.8946E-001  -5.7442E-002  -4.5534E-002  -1.3843E-002   5.2759E-002  -2.6641E-001   8.9949E-001  -6.9508E-003   1.1649E-003   1.8253E-003   7.1805E-002  -7.3794E-002   2.5829E-002  -1.3565E-002   1.4853E-001   4.7435E-001  
 1.9442E+000   1.3014E+000   1.2955E+000   1.8483E-001   1.8795E-001   4.6249E-002  -5.3035E-002  -4.9901E-002  -3.7623E-001  -7.4207E-002  -8.0443E-003  -3.5032E-003   5.8234E-002  -2.7140E-001   9.0073E-001  -1.6201E-002  -1.0960E-002   1.1529E-002   7.1659E-002  -6.6020E-002   3.3476E-002  -1.2214E-002   1.5220E-001   4.6323E-001  
 1.5798E+000   1.4380E+000   1.0759E+000   1.9191E-001   2.5737E-001   9.5341E-002  -2.9182E-002  -3.6321E-002  -3.4913E-001  -7.2420E-002   1.5613E-002   1.2114E-002   5.0902E-002  -2.7539E-001   9.0485E-001  -2.1197E-002  -1.3999E-002   1.3671E-002   6.6770E-002  -5.4909E-002   3.9818E-002  -1.3290E-002   1.5410E-001   4.4002E-001  
 1.2897E+000   1.5308E+000   7.6584E-001   1.8390E-001   2.3841E-001   1.6482E-001  -1.3687E-002  -2.7442E-002  -3.1252E-001  -5.3639E-002   3.0198E-002   2.7240E-002   3.5785E-002  -2.7775E-001   9.0961E-001  -2.3571E-002  -1.1849E-002   1.0237E-002   5.9398E-002  -4.2193E-002   4.4370E-002  -1.5430E-002   1.5506E-001   4.2003E-001  
 1.1029E+000   1.5844E+000   3.9604E-001   1.7358E-001   1.5890E-001   2.1793E-001  -4.6816E-003  -2.3313E-002  -2.6998E-001  -1.8577E-002   3.9332E-002   3.8233E-002   1.6747E-002  -2.7916E-001   9.1295E-001  -2.4416E-002  -7.2171E-003   3.8348E-003   5.0794E-002  -2.9004E-002   4.8512E-002  -1.7274E-002   1.5550E-001   4.2950E-001  
 1.0396E+000   1.6013E+000   4.9075E-004   1.6841E-001   4.8200E-002   2.3190E-001   1.2254E-003  -2.3136E-002  -2.2486E-001   3.0690E-002   4.3365E-002   4.3033E-002  -3.9538E-003  -2.7965E-001   9.1437E-001  -2.3474E-002  -1.1980E-003  -5.1545E-003   4.1889E-002  -1.5884E-002   5.2429E-002  -1.8995E-002   1.5545E-001   4.4420E-001  
 1.1042E+000   1.5828E+000  -3.9587E-001   1.7165E-001  -6.4890E-002   1.9977E-001   7.0080E-003  -2.6037E-002  -1.7955E-001   9.3793E-002   4.1609E-002   4.1080E-002  -2.4142E-002  -2.7918E-001   9.1385E-001  -2.1640E-002   4.9460E-003  -1.7075E-002   3.3045E-002  -2.8553E-003   5.6252E-002  -1.9408E-002   1.5515E-001   4.5453E-001  
 1.2915E+000   1.5276E+000  -7.6779E-001   1.8158E-001  -1.5142E-001   1.2852E-001   1.4905E-002  -3.1718E-002  -1.3654E-001   1.7170E-001   3.2908E-002   3.2715E-002  -4.2048E-002  -2.7768E-001   9.1111E-001  -1.9553E-002   1.0815E-002  -3.2409E-002   2.4957E-002   1.0095E-002   6.0042E-002  -1.7640E-002   1.5447E-001   4.6216E-001  
 1.5805E+000   1.4340E+000  -1.0815E+000   1.8993E-001  -1.8126E-001   4.0975E-002   2.7598E-002  -4.0384E-002  -9.9986E-002   2.6481E-001   1.6476E-002   1.9270E-002  -5.4654E-002  -2.7497E-001   9.0648E-001  -1.6064E-002   1.4811E-002  -5.0987E-002   1.7721E-002   2.2320E-002   6.3565E-002  -1.5106E-002   1.5348E-001   4.6538E-001  
 1.9440E+000   1.2974E+000  -1.3046E+000   1.8476E-001  -1.2823E-001  -2.8022E-002   5.0191E-002  -5.3132E-002  -7.3893E-002   3.7681E-001  -7.9982E-003   2.8950E-003  -6.0211E-002  -2.7137E-001   9.0070E-001  -1.0873E-002   1.6047E-002  -7.1958E-002   1.1379E-002   3.3536E-002   6.5976E-002  -1.2228E-002   1.5213E-001   4.6023E-001  
 2.3496E+000   1.1093E+000  -1.3952E+000   1.5148E-001   3.2960E-002  -2.9829E-002   8.9484E-002  -7.2405E-002  -6.2930E-002   5.1256E-001  -4.1479E-002  -1.2311E-002  -5.7669E-002  -2.6724E-001   8.9311E-001  -5.0226E-003   1.3912E-002  -9.5810E-002   7.5291E-003   4.3882E-002   6.7531E-002  -8.6917E-003   1.5095E-001   4.6788E-001  
 2.7564E+000   8.6220E-001  -1.2982E+000   7.4515E-002   3.1922E-001   9.2975E-002   1.5456E-001  -1.0128E-001  -7.4424E-002   6.7889E-001  -8.5866E-002  -2.2195E-002  -4.6779E-002  -2.6458E-001   8.8672E-001   1.4690E-003   6.8050E-003  -1.2003E-001   7.8015E-003   5.1411E-002   6.5820E-002  -6.7953E-003   1.4949E-001   4.7854E-001  
 4.5404E+000  -4.0507E-001   8.1288E-001   1.1033E+000  -6.1653E-001  -4.9668E-001   1.3851E+000  -7.4215E-001  -2.1562E-001   1.9261E+000   4.2194E-002  -4.5138E-001  -6.5852E-001  -4.5249E-001   1.3359E+000  -3.1486E-002   7.1001E-002   1.9739E-001  -2.7440E-002  -2.6696E-002  -3.7406E-002  -1.3375E-002   8.8866E-002   5.1762E-001  
 2.8456E+000   5.9261E-001   1.3891E+000  -1.1699E-001  -5.3160E-001   5.8958E-001  -8.0647E-002  -3.8628E-002  -2.2661E-001  -1.4330E-001  -1.7170E-001   5.2797E-002  -4.7593E-002  -2.7511E-001   9.7363E-001   2.9892E-002   8.2447E-002  -5.8548E-002  -1.5327E-003  -4.4775E-002  -3.7139E-003  -1.9771E-002   1.2987E-001   3.8020E-001  
 2.5014E+000   7.7104E-001   1.5384E+000   1.0691E-001  -1.0672E-001   1.5205E-001  -1.1083E-001  -5.5163E-002  -2.3932E-001  -9.2166E-002  -6.9109E-002  -2.6649E-002   3.4792E-002  -2.7027E-001   9.0598E-001   3.5684E-003   1.6747E-002   6.8968E-004   3.7166E-002  -7.5410E-002   1.0496E-002  -1.9205E-002   1.4380E-001   4.7801E-001  
 2.0425E+000   9.4411E-001   1.5688E+000   1.7556E-001   1.2191E-001  -3.5324E-003  -7.0706E-002  -4.0249E-002  -2.6137E-001  -1.0210E-001  -1.6982E-002  -3.1350E-002   5.1867E-002  -2.7219E-001   9.0286E-001  -8.4145E-003  -7.6391E-003   1.4276E-002   4.8151E-002  -7.2232E-002   1.6763E-002  -1.4954E-002   1.4996E-001   4.8280E-001  
 1.5807E+000   1.0784E+000   1.4327E+000   1.8997E-001   2.4103E-001  -2.2732E-002  -4.0330E-002  -2.7328E-002  -2.6433E-001  -1.0032E-001   1.6435E-002  -1.9893E-002   5.2639E-002  -2.7502E-001   9.0647E-001  -1.4938E-002  -1.6109E-002   1.7910E-002   5.0744E-002  -6.3592E-002   2.2310E-002  -1.5110E-002   1.5353E-001   4.6806E-001  
 1.1676E+000   1.1758E+000   1.1731E+000   1.7692E-001   2.7103E-001   2.9619E-002  -2.0093E-002  -1.8048E-002  -2.5264E-001  -8.4838E-002   3.6980E-002  -3.4355E-003   4.4292E-002  -2.7798E-001   9.1233E-001  -1.8574E-002  -1.6564E-002   1.5588E-002   4.7790E-002  -5.1330E-002   2.7183E-002  -1.7260E-002   1.5519E-001   4.4228E-001  
 8.4091E-001   1.2415E+000   8.2738E-001   1.5489E-001   2.3354E-001   1.0173E-001  -8.4555E-003  -1.2106E-002  -2.3012E-001  -5.5934E-002   4.9874E-002   1.1468E-002   3.0868E-002  -2.7992E-001   9.1718E-001  -2.0675E-002  -1.3438E-002   1.0229E-002   4.2817E-002  -3.8474E-002   3.1468E-002  -1.9046E-002   1.5640E-001   4.1677E-001  
 6.3098E-001   1.2796E+000   4.2555E-001   1.3579E-001   1.4918E-001   1.5726E-001  -2.8968E-003  -9.2970E-003  -2.0096E-001  -1.5014E-002   5.7917E-002   2.2360E-002   1.4170E-002  -2.8107E-001   9.2023E-001  -2.1338E-002  -7.2416E-003   3.0153E-003   3.6830E-002  -2.5291E-002   3.5671E-002  -2.1024E-002   1.5700E-001   4.0840E-001  
 5.5949E-001   1.2916E+000  -7.4807E-005   1.2828E-001   4.0554E-002   1.7347E-001   2.1887E-004  -8.8139E-003  -1.6891E-001   3.6267E-002   6.0878E-002   2.7051E-002  -3.3884E-003  -2.8144E-001   9.2138E-001  -2.1098E-002  -1.0630E-004  -6.2536E-003   3.0477E-002  -1.2082E-002   3.9718E-002  -2.2165E-002   1.5711E-001   4.2175E-001  
 6.3150E-001   1.2789E+000  -4.2648E-001   1.3492E-001  -7.0627E-002   1.4336E-001   3.5680E-003  -1.0476E-002  -1.3687E-001   9.7616E-002   5.8956E-002   2.4961E-002  -1.9952E-002  -2.8104E-001   9.2052E-001  -2.0030E-002   6.6356E-003  -1.7626E-002   2.4558E-002   1.0994E-003   4.3644E-002  -2.2217E-002   1.5675E-001   4.3142E-001  
 8.4166E-001   1.2404E+000  -8.3017E-001   1.5364E-001  -1.6225E-001   7.3996E-002   8.8374E-003  -1.4203E-002  -1.0751E-001   1.6981E-001   5.1370E-002   1.6397E-002  -3.4765E-002  -2.7986E-001   9.1757E-001  -1.8442E-002   1.3005E-002  -3.1472E-002   1.9260E-002   1.4250E-002   4.7512E-002  -2.0632E-002   1.5610E-001   4.3631E-001  
 1.1675E+000   1.1747E+000  -1.1782E+000   1.7688E-001  -2.1120E-001  -1.1354E-002   1.8262E-002  -2.0144E-002  -8.4614E-002   2.5307E-001   3.7002E-002   2.8100E-003  -4.6317E-002  -2.7793E-001   9.1232E-001  -1.6501E-002   1.8460E-002  -4.8044E-002   1.5450E-002   2.7180E-002   5.1328E-002  -1.7269E-002   1.5515E-001   4.3815E-001  
 1.5796E+000   1.0781E+000  -1.4406E+000   1.9186E-001  -1.9759E-001  -7.7092E-002   3.6564E-002  -2.9285E-002  -7.2217E-002   3.4966E-001   1.5656E-002  -1.2722E-002  -5.2906E-002  -2.7535E-001   9.0480E-001  -1.3915E-002   2.1073E-002  -6.7079E-002   1.3574E-002   3.9839E-002   5.4904E-002  -1.3295E-002   1.5406E-001   4.4576E-001  
 2.0423E+000   9.4513E-001  -1.5778E+000   1.8220E-001  -1.0138E-001  -7.4710E-002   6.9723E-002  -4.2409E-002  -7.6649E-002   4.6345E-001  -1.4429E-002  -2.7051E-002  -5.2865E-002  -2.7199E-001   8.9562E-001  -1.0301E-002   1.9724E-002  -8.8556E-002   1.3673E-002   5.1243E-002   5.7745E-002  -9.1857E-003   1.5281E-001   4.6064E-001  
 2.5090E+000   7.6938E-001  -1.5368E+000   1.3106E-001   9.0182E-002   5.5413E-002   1.2524E-001  -6.2640E-002  -1.0381E-001   5.9989E-001  -5.5415E-002  -3.4953E-002  -4.7360E-002  -2.7103E-001   8.8717E-001  -6.9595E-003   1.3651E-002  -1.0946E-001   1.9061E-002   5.9945E-002   5.6886E-002  -5.8283E-003   1.5118E-001   4.7521E-001  
 3.0061E+000   5.0227E-001  -1.1702E+000   8.5164E-002   3.2125E-001   3.2071E-001   2.8620E-001  -1.2602E-001  -1.8436E-001   8.3682E-001  -8.6705E-002  -6.8708E-002  -8.0020E-002  -2.8006E-001   9.3212E-001  -1.2591E-002   2.0181E-002  -9.4896E-002   2.0934E-002   4.0621E-002   3.7498E-002  -8.8348E-003   1.4545E-001   4.9159E-001  
 2.7703E+000   4.2305E-001   1.4903E+000   2.2407E-002  -2.4168E-001   4.2197E-001  -1.5035E-001  -4.2167E-002  -6.2187E-002  -1.7454E-001  -1.1399E-001  -1.6018E-002   7.6135E-003  -2.8053E-001   9.1018E-001   1.3634E-002   4.1347E-002   7.2849E-003  -7.6366E-003  -7.5427E-002  -6.9478E-004  -2.1925E-002   1.3879E-001   4.6165E-001  
 2.3060E+000   5.6478E-001   1.6986E+000   1.4342E-001  -6.5594E-003   5.8671E-002  -9.8533E-002  -3.2649E-002  -1.2225E-001  -1.6872E-001  -4.4715E-002  -4.4250E-002   3.1968E-002  -2.7587E-001   9.0388E-001   1.4892E-003   4.7800E-003   2.1807E-002   1.6035E-002  -7.5148E-002   1.8892E-003  -1.8260E-002   1.4594E-001   4.8672E-001  
 1.7973E+000   6.7798E-001   1.6953E+000   1.8621E-001   1.3913E-001  -9.3192E-002  -5.8745E-002  -2.2695E-002  -1.5715E-001  -1.5738E-001   2.0040E-003  -4.5510E-002   4.0781E-002  -2.7570E-001   9.0572E-001  -6.2897E-003  -1.3605E-002   2.6560E-002   2.8149E-002  -6.9737E-002   5.5551E-003  -1.6264E-002   1.5122E-001   4.8238E-001  
 1.2916E+000   7.6489E-001   1.5269E+000   1.8161E-001   2.1123E-001  -1.1026E-001  -3.1715E-002  -1.4673E-002  -1.7135E-001  -1.3690E-001   3.2893E-002  -3.3338E-002   4.0027E-002  -2.7774E-001   9.1109E-001  -1.0944E-002  -1.9577E-002   2.5176E-002   3.2199E-002  -6.0038E-002   1.0094E-002  -1.7635E-002   1.5449E-001   4.6398E-001  
 8.4174E-001   8.2793E-001   1.2395E+000   1.5366E-001   2.2211E-001  -5.5715E-002  -1.4197E-002  -8.6476E-003  -1.6949E-001  -1.0776E-001   5.1363E-002  -1.7029E-002   3.2716E-002  -2.7990E-001   9.1757E-001  -1.3105E-002  -1.8474E-002   1.9422E-002   3.1275E-002  -4.7510E-002   1.4252E-002  -2.0628E-002   1.5612E-001   4.3983E-001  
 4.8735E-001   8.7030E-001   8.6940E-001   1.2102E-001   1.8699E-001   1.8622E-002  -5.0837E-003  -4.9183E-003  -1.5627E-001  -6.9382E-002   6.3058E-002  -2.4720E-003   2.2510E-002  -2.8152E-001   9.2233E-001  -1.4551E-002  -1.4520E-002   1.2317E-002   2.8371E-002  -3.4644E-002   1.8432E-002  -2.2479E-002   1.5736E-001   4.1722E-001  
 2.5988E-001   8.9468E-001   4.4563E-001   9.5726E-002   1.1937E-001   7.6401E-002  -1.4234E-003  -2.8811E-003  -1.3620E-001  -2.3001E-002   6.9942E-002   8.3316E-003   1.0408E-002  -2.8248E-001   9.2516E-001  -1.5422E-002  -7.7003E-003   4.1975E-003   2.4691E-002  -2.1385E-002   2.2567E-002  -2.4026E-002   1.5792E-001   3.9875E-001  
 1.8230E-001   9.0247E-001  -3.9293E-004   8.6476E-002   3.4702E-002   9.4873E-002   8.4264E-005  -2.2769E-003  -1.1295E-001   3.0107E-002   7.2117E-002   1.2803E-002  -2.1265E-003  -2.8280E-001   9.2614E-001  -1.5704E-002  -2.9483E-005  -5.3212E-003   2.0338E-002  -8.1195E-003   2.6631E-002  -2.4537E-002   1.5808E-001   4.0574E-001  
 2.5987E-001   8.9457E-001  -4.4684E-001   9.5719E-002  -5.2326E-002   6.6951E-002   1.5453E-003  -2.9921E-003  -8.9598E-002   8.9785E-002   6.9936E-002   1.0486E-002  -1.4117E-002  -2.8247E-001   9.2523E-001  -1.5387E-002   7.6465E-003  -1.6210E-002   1.5965E-002   5.1440E-003   3.0648E-002  -2.4030E-002   1.5786E-001   4.1119E-001  
 4.8730E-001   8.7051E-001  -8.7188E-001   1.2101E-001  -1.2708E-001  -3.2902E-004   5.0672E-003  -5.0942E-003  -6.9231E-002   1.5656E-001   6.3057E-002   1.8330E-003  -2.4582E-002  -2.8150E-001   9.2232E-001  -1.4485E-002   1.4484E-002  -2.8552E-002   1.2219E-002   1.8429E-002   3.4644E-002  -2.2477E-002   1.5734E-001   4.1230E-001  
 8.4084E-001   8.2916E-001  -1.2433E+000   1.5487E-001  -1.7366E-001  -8.3453E-002   1.2276E-002  -8.5069E-003  -5.5818E-002   2.3051E-001   4.9885E-002  -1.2100E-002  -3.2914E-002  -2.7989E-001   9.1715E-001  -1.3369E-002   2.0592E-002  -4.3058E-002   1.0153E-002   3.1464E-002   3.8473E-002  -1.9053E-002   1.5636E-001   4.1578E-001  
 1.2896E+000   7.6827E-001  -1.5328E+000   1.8387E-001  -1.7858E-001  -1.4656E-001   2.7639E-002  -1.3782E-002  -5.3558E-002   3.1302E-001   3.0226E-002  -2.7863E-002  -3.7803E-002  -2.7772E-001   9.0957E-001  -1.1750E-002   2.3475E-002  -5.9692E-002   1.0181E-002   4.4362E-002   4.2187E-002  -1.5439E-002   1.5501E-001   4.2987E-001  
 1.7963E+000   6.8377E-001  -1.7016E+000   1.9187E-001  -1.2890E-001  -1.4060E-001   5.7241E-002  -2.1935E-002  -6.8449E-002   4.0711E-001   2.8420E-003  -4.2064E-002  -3.8948E-002  -2.7554E-001   9.0010E-001  -1.0196E-002   2.2839E-002  -7.7731E-002   1.3176E-002   5.6558E-002   4.5139E-002  -1.0885E-002   1.5352E-001   4.5600E-001  
 2.3087E+000   5.7233E-001  -1.7006E+000   1.5804E-001  -1.4456E-002  -3.7823E-003   1.0495E-001  -3.4200E-002  -1.0633E-001   5.1492E-001  -3.6997E-002  -4.7632E-002  -3.5482E-002  -2.7541E-001   8.9018E-001  -8.4709E-003   1.5023E-002  -9.5826E-002   2.2272E-002   6.6267E-002   4.5582E-002  -7.9438E-003   1.5156E-001   4.7214E-001  
 2.7879E+000   4.2641E-001  -1.4703E+000   6.2316E-002   1.6999E-001   3.3140E-001   1.8130E-001  -5.4262E-002  -1.7590E-001   6.4457E-001  -9.2089E-002  -3.8035E-002  -2.9427E-002  -2.7942E-001   8.8356E-001  -7.2651E-003  -1.8609E-003  -1.1066E-001   3.9164E-002   7.1306E-002   4.2540E-002  -7.6631E-003   1.4864E-001   4.7608E-001  
 2.6763E+000   2.2280E-001   1.6065E+000   6.0788E-002  -1.1350E-001   3.4131E-001  -1.4515E-001  -1.9293E-002   3.8757E-002  -2.8671E-001  -9.4594E-002  -3.1183E-002   5.5577E-003  -2.8521E-001   9.0279E-001   1.0259E-002   2.7907E-002   3.6394E-002  -2.4889E-002  -7.5899E-002  -9.0242E-003  -1.9703E-002   1.4173E-001   4.6785E-001  
 2.1781E+000   2.9289E-001   1.7931E+000   1.6246E-001   1.1254E-002  -1.8330E-002  -9.1908E-002  -1.6239E-002  -2.9744E-002  -2.5203E-001  -2.9711E-002  -5.6456E-002   1.9889E-002  -2.7847E-001   9.0090E-001   2.0349E-003  -4.9393E-003   4.2593E-002  -1.0654E-004  -7.4901E-002  -8.6463E-003  -1.5919E-002   1.4831E-001   4.8875E-001  
 1.6379E+000   3.4962E-001   1.7698E+000   1.8888E-001   8.7318E-002  -1.6677E-001  -5.1859E-002  -1.1309E-002  -7.2860E-002  -2.1811E-001   1.3132E-002  -5.4842E-002   2.3655E-002  -2.7786E-001   9.0648E-001  -2.5540E-003  -1.8569E-002   4.0128E-002   1.1940E-002  -6.7203E-002  -6.2839E-003  -1.6105E-002   1.5250E-001   4.7844E-001  
 1.1043E+000   3.9315E-001   1.5828E+000   1.7167E-001   1.2472E-001  -1.8149E-001  -2.6081E-002  -6.7938E-003  -9.3550E-002  -1.7995E-001   4.1607E-002  -4.1705E-002   2.2107E-002  -2.7921E-001   9.1382E-001  -5.0630E-003  -2.1632E-002   3.3290E-002   1.6928E-002  -5.6247E-002  -2.8555E-003  -1.9407E-002   1.5515E-001   4.5785E-001  
 6.3154E-001   4.2442E-001   1.2786E+000   1.3493E-001   1.3051E-001  -1.2507E-001  -1.0511E-002  -3.3935E-003  -9.7405E-002  -1.3717E-001   5.8956E-002  -2.5596E-002   1.7887E-002  -2.8107E-001   9.2051E-001  -6.7217E-003  -2.0030E-002   2.4745E-002   1.7495E-002  -4.3641E-002   1.1006E-003  -2.2217E-002   1.5676E-001   4.3522E-001  
 2.5990E-001   4.4545E-001   8.9413E-001   9.5725E-002   1.1225E-001  -4.8648E-002  -3.0169E-003  -1.4067E-003  -8.9607E-002  -8.9785E-002   6.9936E-002  -1.1128E-002   1.2034E-002  -2.8249E-001   9.2522E-001  -7.7050E-003  -1.5395E-002   1.6085E-002   1.6098E-002  -3.0647E-002   5.1454E-003  -2.4032E-002   1.5787E-001   4.1568E-001  
 2.1655E-002   4.5763E-001   4.5752E-001   6.6396E-002   7.6559E-002   1.1513E-002  -4.9050E-004  -4.3386E-004  -7.4646E-002  -3.8148E-002   7.6392E-002  -8.6163E-004   5.3316E-003  -2.8336E-001   9.2807E-001  -8.1432E-003  -8.1338E-003   6.8761E-003   1.3473E-002  -1.7356E-002   9.2428E-003  -2.5573E-002   1.5848E-001   4.0001E-001  
-5.9550E-002   4.6169E-001  -3.0171E-004   5.5790E-002   3.1152E-002   3.2361E-002   3.4637E-005  -1.4937E-004  -5.6384E-002   1.6704E-002   7.8439E-002   3.0714E-003  -1.3185E-003  -2.8366E-001   9.2902E-001  -8.2768E-003  -1.2296E-005  -3.0048E-003   1.0155E-002  -4.0601E-003   1.3311E-002  -2.6089E-002   1.5868E-001   3.9244E-001  
 2.1643E-002   4.5817E-001  -4.5834E-001   6.6394E-002  -1.6616E-002   6.7991E-003   5.3637E-004  -4.7590E-004  -3.8072E-002   7.4790E-002   7.6393E-002   2.1564E-004  -7.4249E-003  -2.8336E-001   9.2806E-001  -8.1156E-003   8.1115E-003  -1.3564E-002   6.8263E-003   9.2413E-003   1.7356E-002  -2.5572E-002   1.5848E-001   3.9394E-001  
 2.5986E-001   4.4696E-001  -8.9558E-001   9.5724E-002  -5.9441E-002  -5.8100E-002   2.9946E-003  -1.4446E-003  -2.2960E-002   1.3646E-001   6.9943E-002  -8.9745E-003  -1.2490E-002  -2.8247E-001   9.2515E-001  -7.6550E-003   1.5382E-002  -2.4852E-002   4.1690E-003   2.2564E-002   2.1384E-002  -2.4025E-002   1.5791E-001   4.0072E-001  
 6.3095E-001   4.2755E-001  -1.2807E+000   1.3578E-001  -8.9283E-002  -1.3897E-001   9.4245E-003  -2.9538E-003  -1.5007E-002   2.0132E-001   5.7922E-002  -2.2995E-002  -1.6232E-002  -2.8106E-001   9.2020E-001  -7.1681E-003   2.1286E-002  -3.7057E-002   3.0063E-003   3.5666E-002   2.5289E-002  -2.1026E-002   1.5697E-001   4.1479E-001  
 1.1028E+000   3.9870E-001  -1.5856E+000   1.7357E-001  -9.9042E-002  -1.9967E-001   2.3464E-002  -4.7791E-003  -1.8605E-002   2.7044E-001   3.9349E-002  -3.8858E-002  -1.8777E-002  -2.7915E-001   9.1291E-001  -7.1119E-003   2.4349E-002  -5.1076E-002   3.8447E-003   4.8504E-002   2.9001E-002  -1.7282E-002   1.5547E-001   4.3412E-001  
 1.6369E+000   3.5884E-001  -1.7733E+000   1.9181E-001  -8.2428E-002  -1.9040E-001   5.0410E-002  -7.9103E-003  -3.9833E-002   3.4508E-001   1.2658E-002  -5.2803E-002  -1.9042E-002  -2.7735E-001   9.0355E-001  -6.8171E-003   2.3115E-002  -6.6079E-002   8.1847E-003   6.0832E-002   3.2207E-002  -1.3289E-002   1.5372E-001   4.5428E-001  
 2.1784E+000   3.0596E-001  -1.7957E+000   1.6864E-001  -3.5175E-002  -4.8478E-002   9.3463E-002  -1.3770E-002  -8.3711E-002   4.2704E-001  -2.7004E-002  -5.6804E-002  -1.7734E-002  -2.7827E-001   8.9422E-001  -6.9850E-003   1.3679E-002  -7.9525E-002   1.9686E-002   7.0555E-002   3.2943E-002  -1.1030E-002   1.5106E-001   4.6634E-001  
 2.6842E+000   2.3591E-001  -1.5971E+000   8.0823E-002   4.4461E-002   2.9619E-001   1.6011E-001  -2.4587E-002  -1.5827E-001   5.2203E-001  -8.3473E-002  -4.2711E-002  -1.6927E-002  -2.8378E-001   8.8856E-001  -8.3211E-003  -6.8347E-003  -8.8822E-002   4.0170E-002   7.4855E-002   3.0558E-002  -1.1079E-002   1.4721E-001   4.5986E-001  
 2.6461E+000  -8.0022E-003   1.6415E+000   7.9521E-002  -3.4037E-002   2.9720E-001  -1.4836E-001   1.4549E-003   1.1198E-001  -4.0257E-001  -8.4520E-002  -4.0405E-002  -3.8568E-003  -2.8603E-001   8.9521E-001   8.8319E-003   1.6021E-002   6.3927E-002  -3.5529E-002  -7.6098E-002  -1.9063E-002  -1.5646E-002   1.4476E-001   4.6788E-001  
 2.1338E+000  -7.1611E-003   1.8253E+000   1.6965E-001  -1.2660E-002  -5.5947E-002  -8.9734E-002  -1.7784E-003   3.8341E-002  -3.3909E-001  -2.4335E-002  -6.0363E-002   1.7811E-003  -2.7917E-001   8.9810E-001   4.4509E-003  -1.0655E-002   6.1554E-002  -1.2054E-002  -7.3081E-002  -2.0521E-002  -1.3627E-002   1.4994E-001   4.8079E-001  
 1.5828E+000  -4.9903E-003   1.7954E+000   1.8997E-001   1.5562E-003  -2.0147E-001  -4.8980E-002  -2.0843E-003  -7.4756E-003  -2.8136E-001   1.6318E-002  -5.7368E-002   2.7360E-003  -2.7821E-001   9.0559E-001   2.2141E-003  -2.1720E-002   5.3548E-002   8.4522E-005  -6.4491E-002  -1.9068E-002  -1.5075E-002   1.5342E-001   4.7033E-001  
 1.0396E+000  -3.0096E-003   1.6019E+000   1.6841E-001   1.1637E-002  -2.1362E-001  -2.3224E-002  -1.0226E-003  -3.0555E-002  -2.2529E-001   4.3372E-002  -4.3657E-002   1.9140E-003  -2.7966E-001   9.1433E-001   1.0904E-003  -2.3434E-002   4.2155E-002   5.0756E-003  -5.2423E-002  -1.5883E-002  -1.8998E-002   1.5543E-001   4.4853E-001  
 5.5950E-001  -1.7812E-003   1.2920E+000   1.2828E-001   1.9332E-002  -1.5517E-001  -8.8863E-003  -5.4830E-005  -3.6165E-002  -1.6924E-001   6.0880E-002  -2.7687E-002   1.3186E-003  -2.8144E-001   9.2135E-001   2.9528E-005  -2.1070E-002   3.0685E-002   6.1920E-003  -3.9714E-002  -1.2081E-002  -2.2165E-002   1.5710E-001   4.2719E-001  
 1.8231E-001  -7.9114E-004   9.0270E-001   8.6478E-002   2.5219E-002  -7.6563E-002  -2.3377E-003   4.4170E-005  -3.0038E-002  -1.1317E-001   7.2118E-002  -1.3446E-002   3.9236E-005  -2.8280E-001   9.2613E-001  -2.0261E-005  -1.5686E-002   2.0479E-002   5.2795E-003  -2.6629E-002  -8.1184E-003  -2.4536E-002   1.5807E-001   4.1056E-001  
-5.9543E-002  -1.9920E-004   4.6172E-001   5.5792E-002   2.8793E-002  -1.4042E-002  -1.9982E-004   5.7828E-005  -1.6670E-002  -5.6495E-002   7.8439E-002  -3.7178E-003  -7.7828E-004  -2.8366E-001   9.2902E-001  -1.0286E-005  -8.2680E-003   1.0226E-002   2.9842E-003  -1.3310E-002  -4.0596E-003  -2.6089E-002   1.5868E-001   3.9778E-001  
-1.4196E-001   1.7797E-004   3.8611E-006   4.4735E-002   2.9978E-002   9.1619E-003   8.0880E-006   4.8251E-005   1.1842E-007  -3.6626E-007   8.0442E-002  -3.2378E-004  -1.0497E-003  -2.8395E-001   9.2997E-001   2.2792E-006   2.0009E-006   3.3738E-007   2.1131E-008  -1.9197E-007  -2.1647E-007  -2.6609E-002   1.5889E-001   3.8879E-001  
-5.9541E-002   5.5528E-004  -4.6172E-001   5.5794E-002   2.8802E-002  -1.4044E-002   2.1613E-004   3.8829E-005   1.6671E-002   5.6494E-002   7.8440E-002  -3.7185E-003  -7.7715E-004  -2.8366E-001   9.2902E-001   1.4899E-005   8.2721E-003  -1.0225E-002  -2.9842E-003   1.3310E-002   4.0591E-003  -2.6089E-002   1.5868E-001   3.9778E-001  
 1.8231E-001   1.1476E-003  -9.0270E-001   8.6482E-002   2.5237E-002  -7.6566E-002   2.3545E-003   5.2877E-005   3.0038E-002   1.1317E-001   7.2119E-002  -1.3447E-002   4.1521E-005  -2.8280E-001   9.2613E-001   2.4954E-005   1.5690E-002  -2.0479E-002  -5.2796E-003   2.6629E-002   8.1179E-003  -2.4536E-002   1.5807E-001   4.1059E-001  
 5.5951E-001   2.1382E-003  -1.2920E+000   1.2829E-001   1.9358E-002  -1.5518E-001   8.9037E-003   1.5252E-004   3.6165E-002   1.6924E-001   6.0882E-002  -2.7689E-002   1.3220E-003  -2.8144E-001   9.2135E-001  -2.4706E-005   2.1075E-002  -3.0685E-002  -6.1921E-003   3.9714E-002   1.2080E-002  -2.2165E-002   1.5710E-001   4.2721E-001  
 1.0396E+000   3.3674E-003  -1.6019E+000   1.6842E-001   1.1672E-002  -2.1363E-001   2.3242E-002   1.1210E-003   3.0555E-002   2.2529E-001   4.3374E-002  -4.3660E-002   1.9187E-003  -2.7966E-001   9.1433E-001  -1.0854E-003   2.3438E-002  -4.2155E-002  -5.0759E-003   5.2422E-002   1.5882E-002  -1.8998E-002   1.5543E-001   4.4852E-001  
 1.5828E+000   5.3492E-003  -1.7953E+000   1.8998E-001   1.6000E-003  -2.0148E-001   4.8998E-002   2.1837E-003   7.4750E-003   2.8135E-001   1.6321E-002  -5.7371E-002   2.7422E-003  -2.7821E-001   9.0559E-001  -2.2087E-003   2.1724E-002  -5.3549E-002  -8.4842E-005   6.4490E-002   1.9067E-002  -1.5074E-002   1.5342E-001   4.7033E-001  
 2.1338E+000   7.5214E-003  -1.8253E+000   1.6966E-001  -1.2607E-002  -5.5957E-002   8.9754E-002   1.8788E-003  -3.8342E-002   3.3909E-001  -2.4331E-002  -6.0367E-002   1.7888E-003  -2.7917E-001   8.9810E-001  -4.4449E-003   1.0659E-002  -6.1555E-002   1.2053E-002   7.3080E-002   2.0520E-002  -1.3627E-002   1.4994E-001   4.8079E-001  
 2.6462E+000   8.3641E-003  -1.6414E+000   7.9535E-002  -3.3975E-002   2.9719E-001   1.4838E-001  -1.3533E-003  -1.1198E-001   4.0257E-001  -8.4515E-002  -4.0410E-002  -3.8477E-003  -2.8603E-001   8.9521E-001  -8.8255E-003  -1.6016E-002  -6.3929E-002   3.5529E-002   7.6097E-002   1.9062E-002  -1.5646E-002   1.4476E-001   4.6787E-001  
 2.6842E+000  -2.3554E-001   1.5971E+000   8.0816E-002   4.4402E-002   2.9621E-001  -1.6009E-001   2.4688E-002   1.5827E-001  -5.2203E-001  -8.3475E-002  -4.2705E-002  -1.6935E-002  -2.8378E-001   8.8856E-001   8.3272E-003   6.8389E-003   8.8820E-002  -4.0171E-002  -7.4856E-002  -3.0559E-002  -1.1079E-002   1.4721E-001   4.5985E-001  
 2.1784E+000  -3.0561E-001   1.7957E+000   1.6864E-001  -3.5226E-002  -4.8459E-002  -9.3444E-002   1.3870E-002   8.3708E-002  -4.2704E-001  -2.7006E-002  -5.6799E-002  -1.7741E-002  -2.7827E-001   8.9422E-001   6.9909E-003  -1.3676E-002   7.9523E-002  -1.9687E-002  -7.0556E-002  -3.2944E-002  -1.1030E-002   1.5106E-001   4.6634E-001  
 1.6369E+000  -3.5848E-001   1.7733E+000   1.9180E-001  -8.2470E-002  -1.9039E-001  -5.0392E-002   8.0096E-003   3.9832E-002  -3.4508E-001   1.2657E-002  -5.2798E-002  -1.9047E-002  -2.7735E-001   9.0355E-001   6.8227E-003  -2.3111E-002   6.6078E-002  -8.1859E-003  -6.0833E-002  -3.2208E-002  -1.3288E-002   1.5372E-001   4.5427E-001  
 1.1029E+000  -3.9834E-001   1.5856E+000   1.7357E-001  -9.9075E-002  -1.9965E-001  -2.3447E-002   4.8777E-003   1.8604E-002  -2.7045E-001   3.9349E-002  -3.8854E-002  -1.8781E-002  -2.7915E-001   9.1291E-001   7.1171E-003  -2.4345E-002   5.1076E-002  -3.8457E-003  -4.8505E-002  -2.9002E-002  -1.7282E-002   1.5547E-001   4.3411E-001  
 6.3096E-001  -4.2719E-001   1.2807E+000   1.3578E-001  -8.9307E-002  -1.3896E-001  -9.4079E-003   3.0516E-003   1.5006E-002  -2.0132E-001   5.7922E-002  -2.2992E-002  -1.6235E-002  -2.8106E-001   9.2020E-001   7.1730E-003  -2.1282E-002   3.7057E-002  -3.0070E-003  -3.5667E-002  -2.5290E-002  -2.1025E-002   1.5697E-001   4.1478E-001  
 2.5988E-001  -4.4660E-001   8.9559E-001   9.5727E-002  -5.9457E-002  -5.8088E-002  -2.9784E-003   1.5418E-003   2.2960E-002  -1.3646E-001   6.9944E-002  -8.9719E-003  -1.2492E-002  -2.8247E-001   9.2515E-001   7.6597E-003  -1.5378E-002   2.4852E-002  -4.1694E-003  -2.2565E-002  -2.1384E-002  -2.4024E-002   1.5791E-001   4.0070E-001  
 2.1661E-002  -4.5782E-001   4.5835E-001   6.6399E-002  -1.6623E-002   6.8094E-003  -5.2029E-004   5.7282E-004   3.8072E-002  -7.4791E-002   7.6395E-002   2.1758E-004  -7.4253E-003  -2.8336E-001   9.2806E-001   8.1202E-003  -8.1075E-003   1.3565E-002  -6.8265E-003  -9.2417E-003  -1.7356E-002  -2.5571E-002   1.5848E-001   3.9395E-001  
-5.9530E-002  -4.6133E-001   3.0953E-004   5.5797E-002   3.1154E-002   3.2369E-002  -1.8420E-005   2.4625E-004   5.6385E-002  -1.6705E-002   7.8441E-002   3.0727E-003  -1.3177E-003  -2.8366E-001   9.2902E-001   8.2814E-003   1.6310E-005   3.0055E-003  -1.0155E-002   4.0597E-003  -1.3311E-002  -2.6089E-002   1.5868E-001   3.9243E-001  
 2.1677E-002  -4.5728E-001  -4.5752E-001   6.6405E-002   7.6569E-002   1.1520E-002   5.0713E-004   5.3098E-004   7.4646E-002   3.8148E-002   7.6396E-002  -8.6102E-004   5.3335E-003  -2.8336E-001   9.2807E-001   8.1478E-003   8.1379E-003  -6.8755E-003  -1.3473E-002   1.7355E-002  -9.2433E-003  -2.5572E-002   1.5848E-001   4.0000E-001  
 2.5993E-001  -4.4509E-001  -8.9412E-001   9.5736E-002   1.1226E-001  -4.8642E-002   3.0342E-003   1.5043E-003   8.9607E-002   8.9783E-002   6.9940E-002  -1.1128E-002   1.2037E-002  -2.8249E-001   9.2522E-001   7.7097E-003   1.5400E-002  -1.6085E-002  -1.6098E-002   3.0647E-002  -5.1459E-003  -2.4031E-002   1.5787E-001   4.1567E-001  
 6.3157E-001  -4.2407E-001  -1.2786E+000   1.3495E-001   1.3054E-001  -1.2507E-001   1.0529E-002   3.4918E-003   9.7406E-002   1.3716E-001   5.8961E-002  -2.5597E-002   1.7891E-002  -2.8107E-001   9.2051E-001   6.7266E-003   2.0034E-002  -2.4745E-002  -1.7495E-002   4.3641E-002  -1.1012E-003  -2.2217E-002   1.5676E-001   4.3521E-001  
 1.1043E+000  -3.9279E-001  -1.5828E+000   1.7168E-001   1.2476E-001  -1.8149E-001   2.6100E-002   6.8929E-003   9.3551E-002   1.7994E-001   4.1612E-002  -4.1707E-002   2.2113E-002  -2.7921E-001   9.1382E-001   5.0681E-003   2.1637E-002  -3.3290E-002  -1.6927E-002   5.6246E-002   2.8549E-003  -1.9406E-002   1.5515E-001   4.5784E-001  
 1.6379E+000  -3.4926E-001  -1.7698E+000   1.8889E-001   8.7364E-002  -1.6677E-001   5.1879E-002   1.1409E-002   7.2861E-002   2.1811E-001   1.3138E-002  -5.4844E-002   2.3662E-002  -2.7786E-001   9.0648E-001   2.5597E-003   1.8574E-002  -4.0129E-002  -1.1939E-002   6.7202E-002   6.2833E-003  -1.6104E-002   1.5250E-001   4.7844E-001  
 2.1781E+000  -2.9253E-001  -1.7931E+000   1.6248E-001   1.1308E-002  -1.8332E-002   9.1929E-002   1.6340E-002   2.9744E-002   2.5203E-001  -2.9705E-002  -5.6459E-002   1.9898E-002  -2.7847E-001   9.0090E-001  -2.0286E-003   4.9442E-003  -4.2595E-002   1.0737E-004   7.4900E-002   8.6458E-003  -1.5918E-002   1.4831E-001   4.8876E-001  
 2.6763E+000  -2.2243E-001  -1.6065E+000   6.0810E-002  -1.1344E-001   3.4131E-001   1.4518E-001   1.9396E-002  -3.8757E-002   2.8670E-001  -9.4588E-002  -3.1186E-002   5.5678E-003  -2.8521E-001   9.0280E-001  -1.0252E-002  -2.7902E-002  -3.6396E-002   2.4890E-002   7.5898E-002   9.0240E-003  -1.9702E-002   1.4173E-001   4.6785E-001  
 2.7879E+000  -4.2605E-001   1.4703E+000   6.2317E-002   1.6994E-001   3.3143E-001  -1.8128E-001   5.4363E-002   1.7590E-001  -6.4457E-001  -9.2090E-002  -3.8028E-002  -2.9434E-002  -2.7942E-001   8.8356E-001   7.2712E-003   1.8648E-003   1.1066E-001  -3.9166E-002  -7.1307E-002  -4.2541E-002  -7.6628E-003   1.4864E-001   4.7605E-001  
 2.3088E+000  -5.7198E-001   1.7006E+000   1.5804E-001  -1.4505E-002  -3.7546E-003  -1.0493E-001   3.4301E-002   1.0632E-001  -5.1492E-001  -3.6996E-002  -4.7625E-002  -3.5488E-002  -2.7541E-001   8.9018E-001   8.4770E-003  -1.5019E-002   9.5825E-002  -2.2273E-002  -6.6268E-002  -4.5583E-002  -7.9432E-003   1.5156E-001   4.7212E-001  
 1.7964E+000  -6.8342E-001   1.7016E+000   1.9188E-001  -1.2894E-001  -1.4058E-001  -5.7224E-002   2.2035E-002   6.8447E-002  -4.0711E-001   2.8430E-003  -4.2058E-002  -3.8953E-002  -2.7554E-001   9.0010E-001   1.0202E-002  -2.2836E-002   7.7731E-002  -1.3178E-002  -5.6559E-002  -4.5140E-002  -1.0884E-002   1.5352E-001   4.5600E-001  
 1.2897E+000  -7.6791E-001   1.5328E+000   1.8387E-001  -1.7861E-001  -1.4654E-001  -2.7623E-002   1.3881E-002   5.3556E-002  -3.1302E-001   3.0227E-002  -2.7858E-002  -3.7807E-002  -2.7772E-001   9.0957E-001   1.1756E-002  -2.3471E-002   5.9692E-002  -1.0183E-002  -4.4363E-002  -4.2188E-002  -1.5438E-002   1.5501E-001   4.2984E-001  
 8.4087E-001  -8.2880E-001   1.2433E+000   1.5488E-001  -1.7369E-001  -8.3430E-002  -1.2260E-002   8.6057E-003   5.5817E-002  -2.3051E-001   4.9888E-002  -1.2095E-002  -3.2916E-002  -2.7989E-001   9.1715E-001   1.3374E-002  -2.0588E-002   4.3059E-002  -1.0154E-002  -3.1464E-002  -3.8473E-002  -1.9052E-002   1.5636E-001   4.1581E-001  
 4.8733E-001  -8.7015E-001   8.7189E-001   1.2102E-001  -1.2709E-001  -3.0823E-004  -5.0514E-003   5.1926E-003   6.9231E-002  -1.5656E-001   6.3061E-002   1.8369E-003  -2.4583E-002  -2.8150E-001   9.2232E-001   1.4489E-002  -1.4480E-002   2.8553E-002  -1.2220E-002  -1.8430E-002  -3.4645E-002  -2.2476E-002   1.5734E-001   4.1230E-001  
 2.5991E-001  -8.9421E-001   4.4684E-001   9.5731E-002  -5.2332E-002   6.6970E-002  -1.5294E-003   3.0902E-003   8.9598E-002  -8.9785E-002   6.9940E-002   1.0489E-002  -1.4117E-002  -2.8247E-001   9.2523E-001   1.5392E-002  -7.6426E-003   1.6211E-002  -1.5965E-002  -5.1444E-003  -3.0649E-002  -2.4030E-002   1.5786E-001   4.1119E-001  
 1.8234E-001  -9.0211E-001   4.0105E-004   8.6490E-002   3.4706E-002   9.4890E-002  -6.7876E-005   2.3750E-003   1.1295E-001  -3.0107E-002   7.2121E-002   1.2806E-002  -2.1250E-003  -2.8280E-001   9.2614E-001   1.5709E-002   3.3570E-005   5.3223E-003  -2.0338E-002   8.1191E-003  -2.6631E-002  -2.4536E-002   1.5808E-001   4.0576E-001  
 2.5993E-001  -8.9432E-001  -4.4562E-001   9.5742E-002   1.1938E-001   7.6417E-002   1.4405E-003   2.9796E-003   1.3621E-001   2.3001E-002   6.9947E-002   8.3335E-003   1.0411E-002  -2.8248E-001   9.2516E-001   1.5427E-002   7.7045E-003  -4.1967E-003  -2.4690E-002   2.1384E-002  -2.2567E-002  -2.4026E-002   1.5792E-001   3.9874E-001  
 4.8739E-001  -8.6994E-001  -8.6939E-001   1.2104E-001   1.8701E-001   1.8636E-002   5.1017E-003   5.0173E-003   1.5627E-001   6.9381E-002   6.3064E-002  -2.4709E-003   2.2514E-002  -2.8152E-001   9.2233E-001   1.4556E-002   1.4525E-002  -1.2317E-002  -2.8371E-002   3.4644E-002  -1.8432E-002  -2.2478E-002   1.5736E-001   4.1723E-001  
 8.4179E-001  -8.2757E-001  -1.2395E+000   1.5368E-001   2.2214E-001  -5.5702E-002   1.4216E-002   8.7473E-003   1.6949E-001   1.0776E-001   5.1369E-002  -1.7029E-002   3.2721E-002  -2.7990E-001   9.1757E-001   1.3110E-002   1.8479E-002  -1.9422E-002  -3.1274E-002   4.7510E-002  -1.4252E-002  -2.0627E-002   1.5612E-001   4.3983E-001  
 1.2916E+000  -7.6453E-001  -1.5269E+000   1.8164E-001   2.1127E-001  -1.1025E-001   3.1735E-002   1.4773E-002   1.7135E-001   1.3690E-001   3.2900E-002  -3.3338E-002   4.0034E-002  -2.7774E-001   9.1109E-001   1.0950E-002   1.9582E-002  -2.5176E-002  -3.2198E-002   6.0038E-002  -1.0094E-002  -1.7634E-002   1.5449E-001   4.6397E-001  
 1.7973E+000  -6.7762E-001  -1.6952E+000   1.8624E-001   1.3918E-001  -9.3183E-002   5.8766E-002   2.2797E-002   1.5715E-001   1.5737E-001   2.0112E-003  -4.5511E-002   4.0789E-002  -2.7570E-001   9.0572E-001   6.2959E-003   1.3610E-002  -2.6561E-002  -2.8147E-002   6.9736E-002  -5.5555E-003  -1.6263E-002   1.5122E-001   4.8239E-001  
 2.3060E+000  -5.6442E-001  -1.6986E+000   1.4345E-001  -6.5025E-003   5.8678E-002   9.8556E-002   3.2751E-002   1.2225E-001   1.6871E-001  -4.4708E-002  -4.4252E-002   3.1977E-002  -2.7587E-001   9.0388E-001  -1.4827E-003  -4.7744E-003  -2.1808E-002  -1.6033E-002   7.5147E-002  -1.8894E-003  -1.8259E-002   1.4594E-001   4.8673E-001  
 2.7704E+000  -4.2268E-001  -1.4903E+000   2.2437E-002  -2.4161E-001   4.2197E-001   1.5037E-001   4.2270E-002   6.2188E-002   1.7453E-001  -1.1398E-001  -1.6020E-002   7.6240E-003  -2.8053E-001   9.1018E-001  -1.3627E-002  -4.1341E-002  -7.2865E-003   7.6380E-003   7.5426E-002   6.9477E-004  -2.1924E-002   1.3879E-001   4.6166E-001  
 3.0062E+000  -5.0191E-001   1.1702E+000   8.5172E-002   3.2120E-001   3.2075E-001  -2.8618E-001   1.2612E-001   1.8436E-001  -8.3682E-001  -8.6704E-002  -6.8699E-002  -8.0025E-002  -2.8005E-001   9.3212E-001   1.2597E-002  -2.0178E-002   9.4896E-002  -2.0936E-002  -4.0622E-002  -3.7500E-002  -8.8339E-003   1.4545E-001   4.9157E-001  
 2.5090E+000  -7.6902E-001   1.5368E+000   1.3107E-001   9.0135E-002   5.5449E-002  -1.2522E-001   6.2742E-002   1.0381E-001  -5.9989E-001  -5.5412E-002  -3.4945E-002  -4.7365E-002  -2.7103E-001   8.8717E-001   6.9660E-003  -1.3647E-002   1.0946E-001  -1.9063E-002  -5.9946E-002  -5.6887E-002  -5.8273E-003   1.5118E-001   4.7520E-001  
 2.0424E+000  -9.4477E-001   1.5778E+000   1.8221E-001  -1.0142E-001  -7.4675E-002  -6.9707E-002   4.2511E-002   7.6645E-002  -4.6345E-001  -1.4426E-002  -2.7043E-002  -5.2869E-002  -2.7199E-001   8.9562E-001   1.0307E-002  -1.9721E-002   8.8556E-002  -1.3675E-002  -5.1243E-002  -5.7746E-002  -9.1846E-003   1.5281E-001   4.6069E-001  
 1.5797E+000  -1.0778E+000   1.4406E+000   1.9187E-001  -1.9762E-001  -7.7059E-002  -3.6548E-002   2.9386E-002   7.2215E-002  -3.4966E-001   1.5660E-002  -1.2715E-002  -5.2909E-002  -2.7535E-001   9.0480E-001   1.3921E-002  -2.1070E-002   6.7079E-002  -1.3576E-002  -3.9839E-002  -5.4904E-002  -1.3294E-002   1.5406E-001   4.4579E-001  
 1.1676E+000  -1.1743E+000   1.1782E+000   1.7689E-001  -2.1122E-001  -1.1323E-002  -1.8246E-002   2.0244E-002   8.4613E-002  -2.5307E-001   3.7006E-002   2.8161E-003  -4.6319E-002  -2.7793E-001   9.1232E-001   1.6507E-002  -1.8457E-002   4.8045E-002  -1.5452E-002  -2.7181E-002  -5.1328E-002  -1.7267E-002   1.5515E-001   4.3816E-001  
 8.4172E-001  -1.2401E+000   8.3018E-001   1.5365E-001  -1.6226E-001   7.4025E-002  -8.8219E-003   1.4303E-002   1.0751E-001  -1.6981E-001   5.1375E-002   1.6402E-002  -3.4765E-002  -2.7986E-001   9.1757E-001   1.8448E-002  -1.3001E-002   3.1473E-002  -1.9261E-002  -1.4251E-002  -4.7512E-002  -2.0631E-002   1.5610E-001   4.3632E-001  
 6.3156E-001  -1.2785E+000   4.2649E-001   1.3494E-001  -7.0630E-002   1.4339E-001  -3.5522E-003   1.0576E-002   1.3687E-001  -9.7616E-002   5.8962E-002   2.4966E-002  -1.9951E-002  -2.8104E-001   9.2052E-001   2.0035E-002  -6.6318E-003   1.7628E-002  -2.4559E-002  -1.0998E-003  -4.3644E-002  -2.2216E-002   1.5675E-001   4.3139E-001  
 5.5955E-001  -1.2912E+000   8.3374E-005   1.2830E-001   4.0559E-002   1.7350E-001  -2.0230E-004   8.9142E-003   1.6891E-001  -3.6267E-002   6.0885E-002   2.7055E-002  -3.3862E-003  -2.8144E-001   9.2138E-001   2.1103E-002   1.1039E-004   6.2552E-003  -3.0477E-002   1.2082E-002  -3.9718E-002  -2.2164E-002   1.5711E-001   4.2174E-001  
 6.3104E-001  -1.2792E+000  -4.2554E-001   1.3581E-001   1.4920E-001   1.5728E-001   2.9143E-003   9.3975E-003   2.0096E-001   1.5014E-002   5.7925E-002   2.2363E-002   1.4174E-002  -2.8107E-001   9.2023E-001   2.1343E-002   7.2459E-003  -3.0140E-003  -3.6829E-002   2.5291E-002  -3.5671E-002  -2.1023E-002   1.5700E-001   4.0840E-001  
 8.4098E-001  -1.2412E+000  -8.2736E-001   1.5492E-001   2.3356E-001   1.0175E-001   8.4741E-003   1.2208E-002   2.3012E-001   5.5933E-002   4.9882E-002   1.1471E-002   3.0872E-002  -2.7992E-001   9.1718E-001   2.0681E-002   1.3442E-002  -1.0228E-002  -4.2816E-002   3.8474E-002  -3.1469E-002  -1.9045E-002   1.5640E-001   4.1678E-001  
 1.1677E+000  -1.1754E+000  -1.1731E+000   1.7694E-001   2.7107E-001   2.9640E-002   2.0113E-002   1.8149E-002   2.5264E-001   8.4837E-002   3.6988E-002  -3.4336E-003   4.4298E-002  -2.7798E-001   9.1233E-001   1.8580E-002   1.6569E-002  -1.5588E-002  -4.7788E-002   5.1329E-002  -2.7183E-002  -1.7258E-002   1.5519E-001   4.4228E-001  
 1.5807E+000  -1.0780E+000  -1.4327E+000   1.9000E-001   2.4107E-001  -2.2712E-002   4.0351E-002   2.7430E-002   2.6433E-001   1.0032E-001   1.6444E-002  -1.9892E-002   5.2647E-002  -2.7502E-001   9.0647E-001   1.4945E-002   1.6114E-002  -1.7910E-002  -5.0742E-002   6.3592E-002  -2.2310E-002  -1.5108E-002   1.5353E-001   4.6806E-001  
 2.0426E+000  -9.4374E-001  -1.5688E+000   1.7560E-001   1.2196E-001  -3.5146E-003   7.0728E-002   4.0353E-002   2.6138E-001   1.0210E-001  -1.6973E-002  -3.1350E-002   5.1876E-002  -2.7219E-001   9.0286E-001   8.4213E-003   7.6445E-003  -1.4277E-002  -4.8149E-002   7.2231E-002  -1.6763E-002  -1.4952E-002   1.4996E-001   4.8280E-001  
 2.5014E+000  -7.7068E-001  -1.5384E+000   1.0694E-001  -1.0666E-001   1.5206E-001   1.1085E-001   5.5267E-002   2.3932E-001   9.2162E-002  -6.9100E-002  -2.6649E-002   3.4802E-002  -2.7027E-001   9.0598E-001  -3.5616E-003  -1.6742E-002  -6.9055E-004  -3.7164E-002   7.5409E-002  -1.0496E-002  -1.9203E-002   1.4380E-001   4.7802E-001  
 2.8457E+000  -5.9224E-001  -1.3891E+000  -1.1695E-001  -5.3154E-001   5.8960E-001   8.0670E-002   3.8732E-002   2.2662E-001   1.4330E-001  -1.7169E-001   5.2796E-002  -4.7584E-002  -2.7511E-001   9.7363E-001  -2.9886E-002  -8.2442E-002   5.8548E-002   1.5343E-003   4.4775E-002   3.7145E-003  -1.9770E-002   1.2987E-001   3.8021E-001  
 4.5405E+000   4.0542E-001  -8.1286E-001   1.1033E+000  -6.1658E-001  -4.9663E-001  -1.3851E+000   7.4225E-001   2.1561E-001  -1.9261E+000   4.2193E-002  -4.5137E-001  -6.5852E-001  -4.5249E-001   1.3359E+000   3.1489E-002  -7.0995E-002  -1.9739E-001   2.7440E-002   2.6697E-002   3.7404E-002  -1.3375E-002   8.8866E-002   5.1761E-001  
 2.7565E+000  -8.6184E-001   1.2982E+000   7.4534E-002   3.1917E-001   9.3020E-002  -1.5455E-001   1.0138E-001   7.4420E-002  -6.7889E-001  -8.5862E-002  -2.2185E-002  -4.6783E-002  -2.6458E-001   8.8672E-001  -1.4618E-003  -6.8022E-003   1.2003E-001  -7.8040E-003  -5.1411E-002  -6.5821E-002  -6.7937E-003   1.4949E-001   4.7855E-001  
 2.3497E+000  -1.1090E+000   1.3952E+000   1.5150E-001   3.2923E-002  -2.9785E-002  -8.9469E-002   7.2508E-002   6.2926E-002  -5.1255E-001  -4.1474E-002  -1.2301E-002  -5.7673E-002  -2.6724E-001   8.9311E-001   5.0297E-003  -1.3909E-002   9.5811E-002  -7.5317E-003  -4.3882E-002  -6.7532E-002  -8.6902E-003   1.5095E-001   4.6788E-001  
 1.9441E+000  -1.2971E+000   1.3047E+000   1.8478E-001  -1.2826E-001  -2.7980E-002  -5.0176E-002   5.3235E-002   7.3890E-002  -3.7681E-001  -7.9924E-003   2.9036E-003  -6.0214E-002  -2.7137E-001   9.0070E-001   1.0880E-002  -1.6044E-002   7.1959E-002  -1.1381E-002  -3.3536E-002  -6.5976E-002  -1.2226E-002   1.5213E-001   4.6024E-001  
 1.5806E+000  -1.4336E+000   1.0815E+000   1.8995E-001  -1.8128E-001   4.1015E-002  -2.7583E-002   4.0487E-002   9.9984E-002  -2.6481E-001   1.6483E-002   1.9278E-002  -5.4655E-002  -2.7497E-001   9.0648E-001   1.6071E-002  -1.4808E-002   5.0989E-002  -1.7722E-002  -2.2320E-002  -6.3565E-002  -1.5104E-002   1.5348E-001   4.6538E-001  
 1.2915E+000  -1.5272E+000   7.6780E-001   1.8161E-001  -1.5143E-001   1.2856E-001  -1.4890E-002   3.1820E-002   1.3654E-001  -1.7170E-001   3.2916E-002   3.2723E-002  -4.2048E-002  -2.7768E-001   9.1111E-001   1.9559E-002  -1.0812E-002   3.2411E-002  -2.4958E-002  -1.0096E-002  -6.0042E-002  -1.7638E-002   1.5447E-001   4.6219E-001  
 1.1043E+000  -1.5824E+000   3.9588E-001   1.7168E-001  -6.4892E-002   1.9981E-001  -6.9921E-003   2.6139E-002   1.7955E-001  -9.3792E-002   4.1617E-002   4.1087E-002  -2.4141E-002  -2.7918E-001   9.1385E-001   2.1647E-002  -4.9422E-003   1.7077E-002  -3.3045E-002   2.8551E-003  -5.6253E-002  -1.9406E-002   1.5515E-001   4.5451E-001  
 1.0397E+000  -1.6009E+000  -4.8156E-004   1.6844E-001   4.8207E-002   2.3194E-001  -1.2086E-003   2.3238E-002   2.2486E-001  -3.0689E-002   4.3374E-002   4.3038E-002  -3.9509E-003  -2.7965E-001   9.1437E-001   2.3480E-002   1.2021E-003   5.1565E-003  -4.1888E-002   1.5884E-002  -5.2430E-002  -1.8994E-002   1.5545E-001   4.4418E-001  
 1.1030E+000  -1.5840E+000  -3.9603E-001   1.7362E-001   1.5892E-001   2.1797E-001   4.6996E-003   2.3416E-002   2.6998E-001   1.8578E-002   3.9342E-002   3.8238E-002   1.6751E-002  -2.7916E-001   9.1295E-001   2.4423E-002   7.2217E-003  -3.8331E-003  -5.0793E-002   2.9004E-002  -4.8513E-002  -1.7272E-002   1.5550E-001   4.2949E-001  
 1.2898E+000  -1.5305E+000  -7.6582E-001   1.8394E-001   2.3843E-001   1.6485E-001   1.3706E-002   2.7545E-002   3.1252E-001   5.3639E-002   3.0208E-002   2.7245E-002   3.5791E-002  -2.7775E-001   9.0961E-001   2.3578E-002   1.1854E-002  -1.0235E-002  -5.9396E-002   4.2192E-002  -4.4371E-002  -1.5428E-002   1.5506E-001   4.2005E-001  
 1.5798E+000  -1.4377E+000  -1.0759E+000   1.9194E-001   2.5741E-001   9.5371E-002   2.9203E-002   3.6425E-002   3.4913E-001   7.2419E-002   1.5623E-002   1.2118E-002   5.0909E-002  -2.7539E-001   9.0485E-001   2.1204E-002   1.4004E-002  -1.3670E-002  -6.6768E-002   5.4909E-002  -3.9819E-002  -1.3288E-002   1.5410E-001   4.4001E-001  
 1.9443E+000  -1.3011E+000  -1.2955E+000   1.8487E-001   1.8800E-001   4.6278E-002   5.3057E-002   5.0006E-002   3.7623E-001   7.4205E-002  -8.0339E-003  -3.5004E-003   5.8242E-002  -2.7141E-001   9.0073E-001   1.6208E-002   1.0965E-002  -1.1528E-002  -7.1656E-002   6.6019E-002  -3.3477E-002  -1.2212E-002   1.5220E-001   4.6322E-001  
 2.3482E+000  -1.1139E+000  -1.3858E+000   1.4425E-001   1.8610E-003   6.8329E-002   8.7615E-002   6.8416E-002   3.8947E-001   5.7439E-002  -4.5523E-002  -1.3841E-002   5.2768E-002  -2.6641E-001   8.9949E-001   6.9579E-003  -1.1595E-003  -1.8250E-003  -7.1802E-002   7.3793E-002  -2.5829E-002  -1.3563E-002   1.4853E-001   4.7433E-001  
 2.7441E+000  -8.7239E-001  -1.3032E+000   4.5389E-002  -3.2510E-001   2.2691E-001   1.3236E-001   9.1098E-002   3.8612E-001   2.3018E-002  -1.0213E-001  -7.3385E-003   2.8120E-002  -2.6296E-001   9.0614E-001  -7.5976E-003  -2.8289E-002   1.8357E-002  -6.2740E-002   7.5518E-002  -1.8415E-002  -1.7566E-002   1.4244E-001   4.6370E-001  
 1.9303E+000  -1.2380E+000  -2.5251E+000  -1.1151E+000  -1.8182E+000   1.5306E+000  -7.9985E-001  -2.8756E-001   6.6529E-001   8.0832E-001  -3.7497E-001   4.9783E-001  -4.7492E-001  -2.4461E-001   1.3504E+000  -7.6794E-002  -1.8878E-001   3.1020E-001   8.9450E-002  -3.4519E-002   3.4322E-002  -2.0891E-002   8.5096E-002   4.4664E-001  
 2.3480E+000  -1.3872E+000   1.1181E+000   1.4417E-001   5.7805E-002  -5.0057E-002  -6.8645E-002   8.7802E-002   5.7022E-002  -3.9011E-001  -4.5461E-002   1.3244E-002  -5.4714E-002  -2.6639E-001   8.9952E-001  -1.2292E-003  -6.7730E-003   7.2085E-002  -1.6186E-003  -2.5911E-002  -7.3645E-002  -1.3569E-002   1.4844E-001   4.7210E-001  
 2.0425E+000  -1.5695E+000   9.4781E-001   1.7556E-001  -6.2230E-002   2.1808E-002  -4.0552E-002   7.0871E-002   1.0166E-001  -2.6188E-001  -1.6918E-002   3.0755E-002  -5.3851E-002  -2.7213E-001   9.0291E-001   7.6255E-003  -8.2576E-003   4.8402E-002  -1.4033E-002  -1.6767E-002  -7.2154E-002  -1.4935E-002   1.4990E-001   4.8106E-001  
 1.7973E+000  -1.6953E+000   6.8153E-001   1.8622E-001  -7.9393E-002   1.1148E-001  -2.2958E-002   5.8847E-002   1.5691E-001  -1.5753E-001   2.0354E-003   4.4908E-002  -4.2762E-002  -2.7562E-001   9.0578E-001   1.3605E-002  -6.1310E-003   2.8370E-002  -2.6276E-002  -5.5294E-003  -6.9715E-002  -1.6256E-002   1.5119E-001   4.8042E-001  
 1.6379E+000  -1.7693E+000   3.5300E-001   1.8890E-001  -2.7549E-002   1.8507E-001  -1.1550E-002   5.1910E-002   2.1760E-001  -7.3124E-002   1.3145E-002   5.4244E-002  -2.5649E-002  -2.7780E-001   9.0652E-001   1.8596E-002  -2.3999E-003   1.2112E-002  -3.9834E-002   6.3001E-003  -6.7224E-002  -1.6104E-002   1.5251E-001   4.7583E-001  
 1.5829E+000  -1.7942E+000  -1.8137E-003   1.9001E-001   5.8214E-002   2.1977E-001  -2.3190E-003   4.8973E-002   2.8080E-001  -7.6437E-003   1.6312E-002   5.6759E-002  -4.7480E-003  -2.7819E-001   9.0563E-001   2.1772E-002   2.3486E-003   1.7882E-004  -5.3252E-002   1.9068E-002  -6.4529E-002  -1.5072E-002   1.5346E-001   4.6730E-001  
 1.6370E+000  -1.7715E+000  -3.5552E-001   1.9186E-001   1.4224E-001   2.0867E-001   7.7836E-003   5.0322E-002   3.4449E-001   3.9755E-002   1.2628E-002   5.2173E-002   1.7046E-002  -2.7738E-001   9.0360E-001   2.3177E-002   6.9534E-003  -8.1753E-003  -6.5762E-002   3.2193E-002  -6.0876E-002  -1.3295E-002   1.5377E-001   4.5130E-001  
 1.7966E+000  -1.6992E+000  -6.8068E-001   1.9195E-001   1.8870E-001   1.5886E-001   2.1816E-002   5.7105E-002   4.0651E-001   6.8474E-002   2.7987E-003   4.1438E-002   3.6975E-002  -2.7561E-001   9.0017E-001   2.2929E-002   1.0328E-002  -1.3234E-002  -7.7381E-002   4.5095E-002  -5.6574E-002  -1.0893E-002   1.5356E-001   4.4540E-001  
 2.0426E+000  -1.5747E+000  -9.4230E-001   1.8227E-001   1.6112E-001   9.2952E-002   4.2271E-002   6.9520E-002   4.6281E-001   7.6805E-002  -1.4509E-002   2.6430E-002   5.0882E-002  -2.7206E-001   8.9571E-001   1.9812E-002   1.0400E-002  -1.3762E-002  -8.8203E-002   5.7703E-002  -5.1197E-002  -9.2239E-003   1.5285E-001   4.5513E-001  
 2.3499E+000  -1.3915E+000  -1.1068E+000   1.5158E-001   2.6732E-002   4.8065E-002   7.2271E-002   8.9242E-002   5.1188E-001   6.3225E-002  -4.1557E-002   1.1706E-002   5.5717E-002  -2.6728E-001   8.9322E-001   1.4042E-002   5.1287E-003  -7.6491E-003  -9.5456E-002   6.7529E-002  -4.3727E-002  -8.7098E-003   1.5099E-001   4.6383E-001  
 2.7439E+000  -1.3043E+000   8.7720E-001   4.5355E-002   3.8469E-001  -2.0857E-001  -9.1355E-002   1.3262E-001   2.2453E-002  -3.8671E-001  -1.0204E-001   6.8626E-003  -3.0033E-002  -2.6288E-001   9.0616E-001  -2.8270E-002   7.8213E-003   6.3129E-002   1.8565E-002  -1.8471E-002  -7.5325E-002  -1.7540E-002   1.4242E-001   4.6241E-001  
 2.5013E+000  -1.5388E+000   7.7534E-001   1.0695E-001   1.6629E-001  -1.3377E-001  -5.5533E-002   1.1103E-001   9.1602E-002  -2.3985E-001  -6.9012E-002   2.6102E-002  -3.6776E-002  -2.7018E-001   9.0609E-001  -1.6694E-002   3.7263E-003   3.7430E-002  -4.2889E-004  -1.0436E-002  -7.5251E-002  -1.9156E-002   1.4376E-001   4.7646E-001  
 2.3060E+000  -1.6985E+000   5.6895E-001   1.4343E-001   6.6213E-002  -4.0404E-002  -3.2972E-002   9.8623E-002   1.6815E-001  -1.2266E-001  -4.4679E-002   4.3651E-002  -3.3928E-002  -2.7574E-001   9.0399E-001  -4.7721E-003   1.6477E-003   1.6255E-002  -2.1483E-002  -1.7651E-003  -7.5108E-002  -1.8247E-002   1.4591E-001   4.8502E-001  
 2.1781E+000  -1.7924E+000   2.9689E-001   1.6247E-001   4.8420E-002   3.6611E-002  -1.6537E-002   9.1935E-002   2.5139E-001  -3.0032E-002  -2.9711E-002   5.5858E-002  -2.1860E-002  -2.7837E-001   9.0093E-001   4.9468E-003   2.2033E-003   7.7682E-005  -4.2282E-002   8.7281E-003  -7.4975E-002  -1.5943E-002   1.4834E-001   4.8703E-001  
 2.1339E+000  -1.8240E+000  -3.3462E-003   1.6969E-001   7.2360E-002   7.4222E-002  -2.0499E-003   8.9702E-002   3.3843E-001   3.8142E-002  -2.4354E-002   5.9761E-002  -3.7319E-003  -2.7913E-001   8.9814E-001   1.0701E-002   4.6332E-003  -1.1945E-002  -6.1210E-002   2.0543E-002  -7.3190E-002  -1.3637E-002   1.5000E-001   4.7892E-001  
 2.1786E+000  -1.7937E+000  -3.0201E-001   1.6872E-001   9.4910E-002   6.6724E-002   1.3597E-002   9.3361E-002   4.2633E-001   8.3591E-002  -2.7033E-002   5.6198E-002   1.5777E-002  -2.7831E-001   8.9425E-001   1.3774E-002   7.1486E-003  -1.9664E-002  -7.9180E-002   3.2889E-002  -7.0674E-002  -1.1014E-002   1.5114E-001   4.6475E-001  
 2.3090E+000  -1.6980E+000  -5.6862E-001   1.5813E-001   7.4173E-002   2.2020E-002   3.4022E-002   1.0479E-001   5.1421E-001   1.0632E-001  -3.7049E-002   4.7035E-002   3.3532E-002  -2.7552E-001   8.9027E-001   1.5135E-002   8.6078E-003  -2.2301E-002  -9.5444E-002   4.5448E-002  -6.6322E-002  -7.9467E-003   1.5162E-001   4.6171E-001  
 2.5093E+000  -1.5336E+000  -7.6594E-001   1.3112E-001  -3.0537E-002  -3.7206E-002   6.2434E-002   1.2498E-001   5.9912E-001   1.0393E-001  -5.5522E-002   3.4330E-002   4.5380E-002  -2.7113E-001   8.8730E-001   1.3720E-002   7.0593E-003  -1.9127E-002  -1.0910E-001   5.6748E-002  -5.9890E-002  -5.8744E-003   1.5123E-001   4.6816E-001  
 2.7567E+000  -1.2945E+000  -8.5904E-001   7.4560E-002  -2.5967E-001  -7.4853E-002   1.0108E-001   1.5419E-001   6.7802E-001   7.4626E-002  -8.6002E-002   2.1500E-002   4.4799E-002  -2.6465E-001   8.8680E-001   6.8608E-003  -1.3527E-003  -7.9668E-003  -1.1973E-001   6.5766E-002  -5.1265E-002  -6.8262E-003   1.4961E-001   4.7539E-001  
 1.9171E+000  -2.5428E+000   1.2498E+000  -1.1220E+000   1.8878E+000  -1.5235E+000   2.8912E-001  -8.0630E-001   8.1671E-001  -6.7022E-001  -3.7531E-001  -5.0176E-001   4.7502E-001  -2.4449E-001   1.3552E+000  -1.8879E-001   7.6672E-002  -9.0234E-002   3.1170E-001   3.4838E-002   3.5444E-002  -2.0784E-002   8.4425E-002   4.4319E-001  
 2.8465E+000  -1.3882E+000   5.9692E-001  -1.1607E-001   5.9008E-001  -5.7058E-001  -3.9568E-002   8.1832E-002   1.4163E-001  -2.2699E-001  -1.7129E-001  -5.2852E-002   4.4947E-002  -2.7516E-001   9.7310E-001  -8.2193E-002   2.9936E-002  -1.1908E-003   5.8225E-002   3.6507E-003  -4.4818E-002  -1.9908E-002   1.3016E-001   3.8514E-001  
 2.7704E+000  -1.4900E+000   4.2776E-001   2.2438E-002   3.0114E-001  -4.0375E-001  -4.2611E-002   1.5043E-001   1.7378E-001  -6.2693E-002  -1.1394E-001   1.5385E-002  -9.6420E-003  -2.8042E-001   9.1025E-001  -4.1342E-002   1.3750E-002  -7.4985E-003  -7.0293E-003   8.6653E-004  -7.5421E-002  -2.1915E-002   1.3880E-001   4.6038E-001  
 2.6763E+000  -1.6057E+000   2.2741E-001   6.0741E-002   1.7309E-001  -3.2313E-001  -1.9636E-002   1.4508E-001   2.8598E-001   3.8374E-002  -9.4637E-002   3.0498E-002  -7.4663E-003  -2.8510E-001   9.0285E-001  -2.7967E-002   1.0456E-002  -2.4781E-002  -3.6026E-002   9.1834E-003  -7.6044E-002  -1.9731E-002   1.4173E-001   4.6665E-001  
 2.6463E+000  -1.6400E+000  -3.5621E-003   7.9548E-002   9.3670E-002  -2.7898E-001   1.1612E-003   1.4828E-001   4.0182E-001   1.1173E-001  -8.4558E-002   3.9784E-002   2.0011E-003  -2.8599E-001   8.9525E-001  -1.5995E-002   9.0750E-003  -3.5437E-002  -6.3503E-002   1.9107E-002  -7.6328E-002  -1.5663E-002   1.4479E-001   4.6694E-001  
 2.6845E+000  -1.5949E+000  -2.3133E-001   8.0954E-002   1.5217E-002  -2.7793E-001   2.4389E-002   1.6003E-001   5.2125E-001   1.5815E-001  -8.3486E-002   4.2179E-002   1.5062E-002  -2.8382E-001   8.8861E-001  -6.6879E-003   8.5361E-003  -4.0086E-002  -8.8394E-002   3.0465E-002  -7.5083E-002  -1.1067E-002   1.4729E-001   4.6903E-001  
 2.7882E+000  -1.4676E+000  -4.2214E-001   6.2405E-002  -1.1043E-001  -3.1316E-001   5.3983E-002   1.8111E-001   6.4370E-001   1.7592E-001  -9.2171E-002   3.7503E-002   2.7448E-002  -2.7949E-001   8.8364E-001  -1.7477E-003   7.3746E-003  -3.9081E-002  -1.1029E-001   4.2376E-002  -7.1430E-002  -7.6949E-003   1.4874E-001   4.7940E-001  
 3.0058E+000  -1.1678E+000  -4.9883E-001   8.4498E-002  -2.6266E-001  -3.0299E-001   1.2523E-001   2.8513E-001   8.3505E-001   1.8453E-001  -8.7098E-002   6.7830E-002   7.7373E-002  -2.7981E-001   9.3175E-001   2.0076E-002   1.2544E-002  -2.0845E-002  -9.5067E-002   3.7561E-002  -4.0717E-002  -8.7662E-003   1.4581E-001   4.9129E-001  
 4.5585E+000   8.3815E-001   4.2019E-001   1.1126E+000   6.9221E-001   5.2579E-001   7.4602E-001   1.3928E+000   1.9375E+000   2.1711E-001   4.2612E-002   4.5356E-001   6.6033E-001  -4.5474E-001   1.3412E+000   7.0924E-002   3.1417E-002   2.7659E-002   1.9945E-001  -3.8398E-002   2.7473E-002  -1.3525E-002   8.8454E-002   5.1415E-001  
