   2.0000001e+07  -6.3031500e+01  -5.2500000e-15
   2.0000002e+07  -6.1654100e+01  -1.3105000e+01
   2.0000003e+07  -5.7582100e+01  -2.5637200e+01
   2.0000004e+07  -5.0993600e+01  -3.7049000e+01
   2.0000005e+07  -4.2176300e+01  -4.6841500e+01
   2.0000006e+07  -3.1515800e+01  -5.4586900e+01
   2.0000007e+07  -1.9477800e+01  -5.9946500e+01
   2.0000008e+07  -6.5885900e+00  -6.2686200e+01
   2.0000009e+07   6.5885900e+00  -6.2686200e+01
   2.0000010e+07   1.9477800e+01  -5.9946500e+01
   2.0000011e+07   3.1515800e+01  -5.4586900e+01
   2.0000012e+07   4.2176300e+01  -4.6841500e+01
   2.0000013e+07   5.0993600e+01  -3.7049000e+01
   2.0000014e+07   5.7582100e+01  -2.5637200e+01
   2.0000015e+07   6.1654100e+01  -1.3105000e+01
   2.0000016e+07   6.3031500e+01   0.0000000e+00
   2.0000017e+07   6.1654100e+01   1.3105000e+01
   2.0000018e+07   5.7582100e+01   2.5637200e+01
   2.0000019e+07   5.0993600e+01   3.7049000e+01
   2.0000020e+07   4.2176300e+01   4.6841500e+01
   2.0000021e+07   3.1515800e+01   5.4586900e+01
   2.0000022e+07   1.9477800e+01   5.9946500e+01
   2.0000023e+07   6.5885900e+00   6.2686200e+01
   2.0000024e+07  -6.5885900e+00   6.2686200e+01
   2.0000025e+07  -1.9477800e+01   5.9946500e+01
   2.0000026e+07  -3.1515800e+01   5.4586900e+01
   2.0000027e+07  -4.2176300e+01   4.6841500e+01
   2.0000028e+07  -5.0993600e+01   3.7049000e+01
   2.0000029e+07  -5.7582100e+01   2.5637200e+01
   2.0000030e+07  -6.1654100e+01   1.3105000e+01
   3.0000001e+07  -5.0118100e+01  -6.5978600e+00
   3.0000002e+07  -4.6702700e+01  -1.9344600e+01
   3.0000003e+07  -4.0104600e+01  -3.0773000e+01
   3.0000004e+07  -3.0773500e+01  -4.0104200e+01
   3.0000005e+07  -1.9345100e+01  -4.6702500e+01
   3.0000006e+07  -6.5984700e+00  -5.0118000e+01
   3.0000007e+07   6.5978600e+00  -5.0118100e+01
   3.0000008e+07   1.9344600e+01  -4.6702700e+01
   3.0000009e+07   3.0773000e+01  -4.0104600e+01
   3.0000010e+07   4.0104200e+01  -3.0773500e+01
   3.0000011e+07   4.6702500e+01  -1.9345100e+01
   3.0000012e+07   5.0118000e+01  -6.5984700e+00
   3.0000013e+07   5.0118100e+01   6.5978600e+00
   3.0000014e+07   4.6702700e+01   1.9344600e+01
   3.0000015e+07   4.0104600e+01   3.0773000e+01
   3.0000016e+07   3.0773500e+01   4.0104200e+01
   3.0000017e+07   1.9345100e+01   4.6702500e+01
   3.0000018e+07   6.5984700e+00   5.0118000e+01
   3.0000019e+07  -6.5978600e+00   5.0118100e+01
   3.0000020e+07  -1.9344600e+01   4.6702700e+01
   3.0000021e+07  -3.0773000e+01   4.0104600e+01
   3.0000022e+07  -4.0104200e+01   3.0773500e+01
   3.0000023e+07  -4.6702500e+01   1.9345100e+01
   3.0000024e+07  -5.0118000e+01   6.5984700e+00
   4.0000001e+07  -3.9448800e+01   1.5330000e-14
   4.0000002e+07  -3.7069800e+01  -1.3492300e+01
   4.0000003e+07  -3.0219600e+01  -2.5357200e+01
   4.0000004e+07  -1.9724400e+01  -3.4163700e+01
   4.0000005e+07  -6.8502200e+00  -3.8849500e+01
   4.0000006e+07   6.8502200e+00  -3.8849500e+01
   4.0000007e+07   1.9724400e+01  -3.4163700e+01
   4.0000008e+07   3.0219600e+01  -2.5357200e+01
   4.0000009e+07   3.7069800e+01  -1.3492300e+01
   4.0000010e+07   3.9448800e+01   0.0000000e+00
   4.0000011e+07   3.7069800e+01   1.3492300e+01
   4.0000012e+07   3.0219600e+01   2.5357200e+01
   4.0000013e+07   1.9724400e+01   3.4163700e+01
   4.0000014e+07   6.8502200e+00   3.8849500e+01
   4.0000015e+07  -6.8502200e+00   3.8849500e+01
   4.0000016e+07  -1.9724400e+01   3.4163700e+01
   4.0000017e+07  -3.0219600e+01   2.5357200e+01
   4.0000018e+07  -3.7069800e+01   1.3492300e+01
