  3.0568E+00    1.0213E+00    6.7945E-01   -9.7589E-02   -2.9497E-01   -9.5316E-02   -1.1011E-01   -2.4326E-01   -3.1974E+00   -2.7319E-01   -1.9992E-01   -3.0358E-02   -3.2750E-02   -8.6459E-05    7.5723E-03    9.6548E-02    4.8262E-02    2.4289E-02    3.3344E-01    4.5742E-02   -5.6503E-02   -2.4167E-02    2.2945E-02    1.1975E-01  
  2.7730E+00    1.4445E+00    8.2482E-01   -5.5167E-02   -5.7238E-02   -1.9196E-01   -3.4629E-02   -1.6208E-01   -2.9951E+00   -3.7107E-01   -1.4097E-01   -2.7358E-02   -3.9990E-02    2.0558E-02   -6.8094E-02    5.0692E-02    1.7944E-02    5.2420E-02    3.4149E-01    1.2361E-02   -3.6083E-02   -2.5153E-02    4.3904E-02    2.1836E-01  
  2.6742E+00    1.5853E+00    8.5540E-01    2.1261E-02    1.9212E-01   -1.7425E-01   -7.5087E-03   -1.5893E-01   -2.9210E+00   -4.4428E-01   -1.0643E-01    2.6933E-03   -2.4688E-02    4.1560E-03   -6.0251E-02    2.9393E-02    5.3690E-03    6.8273E-02    3.1409E-01    1.2107E-02   -3.8953E-02   -2.1367E-02    4.7751E-02    2.5321E-01  
  2.6276E+00    1.6425E+00    7.5162E-01    5.9389E-02    3.3648E-01   -1.7967E-01    1.7748E-02   -1.5347E-01   -2.8305E+00   -4.8697E-01   -8.8366E-02    2.2948E-02   -2.8168E-02   -8.6225E-03   -5.4318E-02    1.7977E-02   -1.1700E-05    7.7807E-02    2.9071E-01    9.7718E-03   -4.1987E-02   -1.7654E-02    4.9916E-02    2.8624E-01  
  2.6496E+00    1.6222E+00    5.5737E-01    7.5539E-02    4.2882E-01   -2.2276E-01    4.0246E-02   -1.5576E-01   -2.7334E+00   -5.0246E-01   -8.0989E-02    3.6692E-02   -3.8741E-02   -1.8111E-02   -4.7477E-02    1.0982E-02   -2.3408E-03    8.0164E-02    2.6751E-01    5.2997E-03   -4.5143E-02   -1.4230E-02    5.0589E-02    2.7759E-01  
  2.7413E+00    1.5226E+00    3.2996E-01    7.3386E-02    5.1843E-01   -3.1010E-01    6.3700E-02   -1.6646E-01   -2.6307E+00   -4.9096E-01   -8.3201E-02    4.3352E-02   -5.1217E-02   -2.5061E-02   -4.0674E-02    7.5651E-03   -3.2979E-03    7.6423E-02    2.4470E-01   -9.4741E-04   -4.6884E-02   -1.0767E-02    5.0303E-02    2.5838E-01  
  2.8959E+00    1.3385E+00    7.9450E-02    5.1413E-02    6.5368E-01   -4.3465E-01    9.2200E-02   -1.8702E-01   -2.5234E+00   -4.5065E-01   -9.4862E-02    4.3326E-02   -6.1291E-02   -2.9796E-02   -3.4201E-02    7.3763E-03   -4.3580E-03    6.6989E-02    2.2253E-01   -8.0124E-03   -4.6411E-02   -7.3887E-03    4.9574E-02    2.3350E-01  
  3.0922E+00    1.0786E+00   -1.7138E-01    2.6439E-03    8.8183E-01   -5.7567E-01    1.2892E-01   -2.1637E-01   -2.4177E+00   -3.7747E-01   -1.1694E-01    3.7103E-02   -6.3363E-02   -3.2308E-02   -2.5323E-02    1.0177E-02   -6.9619E-03    5.2372E-02    2.0093E-01   -1.5602E-02   -4.6051E-02   -4.5142E-03    4.9497E-02    2.3300E-01  
  2.9706E+00    1.1602E+00   -4.7835E-01   -3.2191E-01    1.5890E+00   -8.8649E-01    5.4066E-02   -4.4468E-02   -2.5713E+00   -2.7653E-01   -2.0440E-01   -4.0103E-02    6.9505E-02    3.8841E-02    9.0287E-02    5.5890E-02   -3.5477E-02    2.9575E-02    1.3272E-01   -6.2202E-02   -6.0584E-02   -1.2393E-02    4.9950E-02    2.0459E-01  
  2.6011E+00    1.5264E+00    1.0009E+00    2.7368E-02   -1.1724E-02    1.6115E-01   -5.8335E-02   -1.2755E-01   -2.9722E+00   -2.1795E-01   -1.0184E-01   -2.3109E-02   -6.9413E-03    3.7927E-02   -5.0940E-02    2.6496E-02    1.1455E-02    1.3055E-02    3.2695E-01    1.4395E-02   -3.4753E-02   -2.2665E-02    4.6177E-02    2.1491E-01  
  2.3801E+00    1.6867E+00    1.0025E+00    9.6642E-02    2.3314E-01    1.5597E-01   -2.2906E-02   -1.0944E-01   -2.9333E+00   -3.0403E-01   -6.5669E-02    3.6407E-04    3.3822E-03    2.3152E-02   -5.2133E-02    1.1008E-02    4.6350E-04    3.3977E-02    3.1546E-01    1.3375E-02   -3.6317E-02   -1.9927E-02    4.9328E-02    2.1790E-01  
  2.2169E+00    1.7837E+00    9.4498E-01    1.3585E-01    3.5268E-01    1.6847E-01    1.6832E-03   -9.8404E-02   -2.8830E+00   -3.6346E-01   -4.1108E-02    2.3760E-02    2.4244E-04    9.7694E-03   -4.9933E-02   -1.1137E-03   -4.7912E-03    4.7625E-02    3.0126E-01    1.2164E-02   -3.9279E-02   -1.6837E-02    5.2270E-02    2.6105E-01  
  2.1307E+00    1.8221E+00    7.6610E-01    1.5553E-01    3.8560E-01    1.6283E-01    2.0393E-02   -9.2569E-02   -2.8222E+00   -3.9912E-01   -2.7182E-02    4.2553E-02   -1.3340E-02   -1.1800E-03   -4.6778E-02   -8.8027E-03   -5.4564E-03    5.4717E-02    2.8660E-01    8.4194E-03   -4.2744E-02   -1.4481E-02    5.3310E-02    2.4435E-01  
  2.1347E+00    1.8053E+00    5.0462E-01    1.6330E-01    3.7403E-01    1.1763E-01    3.6101E-02   -9.2151E-02   -2.7546E+00   -4.1134E-01   -2.2575E-02    5.4150E-02   -3.2085E-02   -1.0778E-02   -4.3578E-02   -1.2258E-02   -3.7390E-03    5.6840E-02    2.7185E-01    2.9476E-03   -4.4673E-02   -1.2814E-02    5.2617E-02    2.5167E-01  
  2.2295E+00    1.7246E+00    2.0267E-01    1.6255E-01    3.6116E-01    2.6556E-02    5.1961E-02   -9.7914E-02   -2.6827E+00   -4.0095E-01   -2.6090E-02    5.8540E-02   -5.1568E-02   -1.9290E-02   -3.9850E-02   -1.2727E-02   -1.5922E-03    5.4494E-02    2.5645E-01   -3.3089E-03   -4.4903E-02   -1.1140E-02    5.1128E-02    2.3005E-01  
  2.4069E+00    1.5746E+00   -1.1637E-01    1.5152E-01    3.8940E-01   -1.0311E-01    7.1414E-02   -1.1096E-01   -2.6080E+00   -3.6698E-01   -3.7657E-02    5.6684E-02   -6.8052E-02   -2.6193E-02   -3.5716E-02   -1.0892E-02   -1.3624E-04    4.7465E-02    2.4050E-01   -9.8816E-03   -4.3173E-02   -8.9556E-03    4.9579E-02    2.2214E-01  
  2.6463E+00    1.3494E+00   -4.3524E-01    1.2413E-01    4.9913E-01   -2.4726E-01    9.8219E-02   -1.3297E-01   -2.5335E+00   -3.0765E-01   -5.7563E-02    5.0463E-02   -7.7989E-02   -3.1002E-02   -3.1786E-02   -7.0652E-03   -5.6144E-04    3.5354E-02    2.2499E-01   -1.5551E-02   -3.9373E-02   -6.3964E-03    4.8527E-02    2.3015E-01  
  2.9216E+00    1.0371E+00   -6.2191E-01    6.9091E-02    7.2961E-01   -3.7060E-01    1.3653E-01   -1.6475E-01   -2.4621E+00   -2.1951E-01   -8.8162E-02    4.2536E-02   -7.6846E-02   -3.2921E-02   -2.8816E-02   -1.0885E-05   -4.9658E-03    1.6901E-02    2.1060E-01   -1.9709E-02   -3.3688E-02   -4.6932E-03    4.8269E-02    2.3321E-01  
  2.2299E+00    1.6332E+00    1.1596E+00    1.2695E-01    2.4933E-01    2.9823E-01   -3.9059E-02   -8.2051E-02   -2.8954E+00   -1.9377E-01   -4.5338E-02   -2.1123E-02    2.4481E-02    3.6696E-02   -3.9251E-02    2.1627E-03   -4.9702E-03    7.9242E-03    3.0405E-01    1.6049E-02   -3.3975E-02   -1.7641E-02    5.0743E-02    2.7111E-01  
  1.9375E+00    1.7438E+00    1.0994E+00    1.6332E-01    3.9221E-01    2.9325E-01   -9.7450E-03   -6.7381E-02   -2.8812E+00   -2.6386E-01   -1.4993E-02    1.7724E-03    2.5110E-02    2.4152E-02   -4.0908E-02   -9.0656E-03   -1.1276E-02    2.4665E-02    2.9973E-01    1.5295E-02   -3.6337E-02   -1.5902E-02    5.3877E-02    2.4601E-01  
  1.7714E+00    1.7188E+00    8.1095E-01    1.7672E-01    4.2728E-01    3.0507E-01    1.0128E-02   -5.6934E-02   -2.8530E+00   -3.1202E-01    4.0308E-03    2.3120E-02    1.3530E-02    1.3173E-02   -4.1453E-02   -1.5678E-02   -1.1494E-02    3.5382E-02    2.9448E-01    1.2117E-02   -3.9003E-02   -1.5670E-02    5.5032E-02    2.4553E-01  
  1.6336E+00    1.7732E+00    4.5362E-01    1.8098E-01    3.8963E-01    2.9883E-01    2.3742E-02   -5.1346E-02   -2.8154E+00   -3.4051E-01    1.4532E-02    4.0430E-02   -4.7319E-03    2.6787E-03   -4.0598E-02   -1.9857E-02   -8.6781E-03    4.1144E-02    2.8715E-01    7.5466E-03   -4.1570E-02   -1.5358E-02    5.4906E-02    2.6018E-01  
  1.5911E+00    1.7901E+00    1.0113E-01    1.8314E-01    3.1516E-01    2.5275E-01    3.4148E-02   -5.0011E-02   -2.7714E+00   -3.5016E-01    1.7472E-02    5.1275E-02   -2.6310E-02   -7.2984E-03   -3.9257E-02   -2.1658E-02   -4.4186E-03    4.2955E-02    2.7855E-01    1.7460E-03   -4.2526E-02   -1.4958E-02    5.3607E-02    2.4717E-01  
  1.6585E+00    1.7592E+00   -2.5215E-01    1.8592E-01    2.4009E-01    1.6013E-01    4.4174E-02   -5.3341E-02   -2.7235E+00   -3.4171E-01    1.3757E-02    5.5377E-02   -4.8125E-02   -1.6817E-02   -3.7228E-02   -2.1583E-02   -1.0302E-04    4.1219E-02    2.6842E-01   -4.1827E-03   -4.1660E-02   -1.3862E-02    5.1825E-02    2.1502E-01  
  1.8388E+00    1.6613E+00   -5.3521E-01    1.8685E-01    2.0016E-01    2.8141E-02    5.6929E-02   -6.2219E-02   -2.6738E+00   -3.1433E-01    3.3140E-03    5.3378E-02   -6.7386E-02   -2.5308E-02   -3.4485E-02   -1.9777E-02    3.3396E-03    3.5782E-02    2.5715E-01   -9.8361E-03   -3.9138E-02   -1.1975E-02    5.0125E-02    2.1689E-01  
  2.1604E+00    1.3545E+00   -6.8891E-01    1.7875E-01    2.3100E-01   -1.1923E-01    7.5763E-02   -7.7315E-02   -2.6255E+00   -2.6641E-01   -1.4396E-02    4.6793E-02   -8.0896E-02   -3.1886E-02   -3.1370E-02   -1.6112E-02    4.7182E-03    2.6321E-02    2.4552E-01   -1.4856E-02   -3.5141E-02   -9.5992E-03    4.8941E-02    2.2494E-01  
  2.4903E+00    1.0965E+00   -9.5287E-01    1.5014E-01    3.6550E-01   -2.4607E-01    1.0471E-01   -9.9862E-02   -2.5819E+00   -1.9524E-01   -4.1456E-02    3.8644E-02   -8.5554E-02   -3.6142E-02   -2.8953E-02   -1.0246E-02    2.5321E-03    1.1529E-02    2.3491E-01   -1.7978E-02   -2.9494E-02   -7.4815E-03    4.8655E-02    2.2724E-01  
  2.9584E+00    9.1915E-01    8.3900E-01   -2.1002E-01   -6.8255E-01    1.0670E+00   -1.2902E-01   -8.3461E-02   -2.7485E+00    5.0773E-02   -1.9620E-01   -1.4600E-02   -6.6063E-02    2.4826E-02    4.2838E-02    5.2924E-02    6.0230E-02   -7.6481E-02    2.5194E-01    5.2923E-02   -1.2633E-02   -1.7439E-02    3.8975E-02    1.7039E-01  
  2.6734E+00    1.1826E+00    1.1126E+00    3.8792E-02   -1.4075E-01    5.7109E-01   -1.2322E-01   -8.8754E-02   -2.7642E+00   -1.3806E-02   -9.4311E-02   -5.9449E-02    1.1326E-02    5.3583E-02   -1.8335E-02    1.3394E-02    8.8875E-03   -3.3328E-02    2.7444E-01    2.0019E-02   -2.6536E-02   -1.5159E-02    4.7567E-02    2.8079E-01  
  2.2596E+00    1.3911E+00    1.2927E+00    1.2934E-01    1.8193E-01    3.7428E-01   -6.2377E-02   -6.6544E-02   -2.8127E+00   -1.1369E-01   -4.3440E-02   -5.0422E-02    3.1670E-02    4.5186E-02   -2.6132E-02    7.9669E-04   -7.4638E-03   -9.6437E-03    2.8385E-01    1.8832E-02   -2.8534E-02   -1.5231E-02    5.0129E-02    2.6831E-01  
  1.8506E+00    1.5267E+00    1.3027E+00    1.6960E-01    3.6950E-01    3.0224E-01   -2.3067E-02   -5.0174E-02   -2.8360E+00   -1.8949E-01   -6.4115E-03   -3.1672E-02    3.7878E-02    3.5211E-02   -3.0928E-02   -9.0356E-03   -1.6277E-02    8.6805E-03    2.8938E-01    1.7599E-02   -3.0581E-02   -1.5165E-02    5.3169E-02    2.5331E-01  
  1.5562E+00    1.4466E+00    1.1673E+00    1.7796E-01    4.4261E-01    2.9669E-01    1.6898E-03   -3.8428E-02   -2.8401E+00   -2.4480E-01    1.8780E-02   -9.3626E-03    3.2320E-02    2.5285E-02   -3.3169E-02   -1.5652E-02   -1.8231E-02    2.1178E-02    2.9198E-01    1.5395E-02   -3.3713E-02   -1.6152E-02    5.5218E-02    2.5533E-01  
  1.2760E+00    1.5349E+00    8.5824E-01    1.7157E-01    4.2870E-01    3.0834E-01    1.7285E-02   -3.0137E-02   -2.8300E+00   -2.8247E-01    3.4114E-02    1.1386E-02    1.8338E-02    1.5359E-02   -3.4359E-02   -1.9037E-02   -1.5344E-02    2.9237E-02    2.9257E-01    1.1540E-02   -3.6640E-02   -1.8129E-02    5.5435E-02    2.4167E-01  
  1.0991E+00    1.5840E+00    4.8951E-01    1.6368E-01    3.5576E-01    3.0174E-01    2.6990E-02   -2.5430E-02   -2.8104E+00   -3.0438E-01    4.2318E-02    2.7956E-02   -6.9224E-05    4.8008E-03   -3.4575E-02   -2.1311E-02   -1.0586E-02    3.3921E-02    2.9048E-01    6.8006E-03   -3.8507E-02   -1.9195E-02    5.4929E-02    2.4054E-01  
  1.0460E+00    1.5960E+00    9.5000E-02    1.6174E-01    2.5353E-01    2.5519E-01    3.3429E-02   -2.4132E-02   -2.7846E+00   -3.1174E-01    4.4469E-02    3.8645E-02   -2.0530E-02   -5.8912E-03   -3.3905E-02   -2.2683E-02   -4.9977E-03    3.5574E-02    2.8593E-01    1.7723E-03   -3.8947E-02   -1.9104E-02    5.3963E-02    2.2197E-01  
  1.1215E+00    1.5727E+00   -3.0025E-01    1.6792E-01    1.5103E-01    1.6182E-01    3.9131E-02   -2.6215E-02   -2.7551E+00   -3.0523E-01    4.1073E-02    4.2897E-02   -4.1362E-02   -1.6254E-02   -3.2454E-02   -2.2909E-02    8.2585E-04    3.4313E-02    2.7934E-01   -3.2759E-03   -3.7845E-02   -1.8034E-02    5.2646E-02    1.9664E-01  
  1.3205E+00    1.5125E+00   -6.7140E-01    1.7958E-01    7.7059E-02    2.8675E-02    4.6946E-02   -3.2157E-02   -2.7242E+00   -2.8409E-01    3.1861E-02    4.1055E-02   -6.0374E-02   -2.5789E-02   -3.0390E-02   -2.1712E-02    5.7962E-03    3.0034E-02    2.7134E-01   -8.0666E-03   -3.5144E-02   -1.6143E-02    5.1291E-02    2.0933E-01  
  1.6218E+00    1.4132E+00   -9.8448E-01    1.8907E-01    6.1128E-02   -1.2012E-01    6.0128E-02   -4.2598E-02   -2.6954E+00   -2.4695E-01    1.6288E-02    3.4680E-02   -7.4937E-02   -3.3724E-02   -2.7994E-02   -1.9044E-02    8.7480E-03    2.2630E-02    2.6295E-01   -1.2143E-02   -3.1131E-02   -1.3561E-02    5.0197E-02    2.1407E-01  
  2.0554E+00    1.0106E+00   -1.1906E+00    1.8429E-01    1.3001E-01   -2.4853E-01    8.2245E-02   -5.8316E-02   -2.6725E+00   -1.9154E-01   -7.5022E-03    2.6509E-02   -8.2533E-02   -3.9524E-02   -2.5961E-02   -1.4568E-02    8.4148E-03    1.1049E-02    2.5521E-01   -1.4809E-02   -2.5688E-02   -1.0958E-02    4.9864E-02    2.3415E-01  
  2.4663E+00    7.6331E-01   -1.3767E+00    1.4835E-01    3.1094E-01   -3.0650E-01    1.1754E-01   -8.0465E-02   -2.6603E+00   -1.1470E-01   -4.3037E-02    2.1137E-02   -7.9525E-02   -4.3146E-02   -2.5940E-02   -7.4545E-03    2.0571E-03   -6.1438E-03    2.5044E-01   -1.4885E-02   -1.9515E-02   -9.5272E-03    4.9826E-02    2.4333E-01  
  2.8631E+00    4.7889E-01   -1.3762E+00    6.0017E-02    6.2531E-01   -2.3061E-01    1.6963E-01   -1.0986E-01   -2.6645E+00   -1.4176E-02   -9.4367E-02    2.6331E-02   -6.1587E-02   -4.5747E-02   -2.9379E-02    3.1924E-03   -1.4825E-02   -2.9769E-02    2.5220E-01   -1.2252E-02   -1.4664E-02   -1.0920E-02    4.8926E-02    2.9620E-01  
  3.0665E+00    2.8080E-01   -1.3007E+00   -2.2130E-01    1.2585E+00    8.3084E-02    1.4561E-01   -7.9352E-02   -2.7524E+00    1.8264E-02   -2.0646E-01    7.7551E-02    3.8140E-02    1.6080E-02   -4.6181E-02    3.0944E-02   -8.6027E-02   -7.5953E-02    2.5663E-01   -3.1518E-02    1.3173E-02   -1.7988E-02    3.8370E-02    1.5939E-01  
  2.9066E+00    8.1801E-01    9.8477E-01   -2.3605E-02   -3.1010E-01    9.0676E-01   -1.8298E-01   -7.7777E-02   -2.5933E+00    2.2913E-02   -1.2102E-01   -6.5866E-02   -1.7179E-04    5.0336E-02   -3.5412E-04    1.3273E-02    1.5355E-02   -4.2825E-02    2.3574E-01    2.4552E-02   -1.8102E-02   -9.9546E-03    4.7497E-02    2.6370E-01  
  2.4604E+00    1.0260E+00    1.3173E+00    1.0598E-01    3.3287E-02    5.0868E-01   -1.0157E-01   -5.7554E-02   -2.6899E+00   -6.9072E-02   -5.8441E-02   -7.4965E-02    2.5793E-02    4.9061E-02   -1.4031E-02    2.6449E-03   -5.7084E-03   -1.8713E-02    2.5635E-01    1.9663E-02   -2.0861E-02   -1.1699E-02    4.8262E-02    2.5136E-01  
  1.9794E+00    1.1700E+00    1.4327E+00    1.6518E-01    2.5498E-01    3.0932E-01   -4.5883E-02   -4.1365E-02   -2.7546E+00   -1.4326E-01   -1.3152E-02   -6.5241E-02    3.7360E-02    4.2909E-02   -2.0608E-02   -5.7043E-03   -1.8157E-02   -6.9702E-04    2.7086E-01    1.8231E-02   -2.2912E-02   -1.3151E-02    5.0770E-02    2.4041E-01  
  1.5497E+00    1.0877E+00    1.5180E+00    1.7822E-01    3.7319E-01    2.3600E-01   -1.0621E-02   -2.9072E-02   -2.7924E+00   -2.0010E-01    1.8834E-02   -4.6067E-02    3.7942E-02    3.5408E-02   -2.4358E-02   -1.1413E-02   -2.2968E-02    1.2270E-02    2.8165E-01    1.6380E-02   -2.6192E-02   -1.5501E-02    5.3065E-02    2.4731E-01  
  1.1444E+00    1.1814E+00    1.2602E+00    1.6527E-01    4.0470E-01    2.2970E-01    1.0581E-02   -2.0123E-02   -2.8101E+00   -2.4137E-01    3.9985E-02   -2.3761E-02    3.0309E-02    2.6998E-02   -2.6382E-02   -1.4731E-02   -2.1809E-02    2.0999E-02    2.8919E-01    1.3460E-02   -3.0027E-02   -1.8791E-02    5.4270E-02    2.3639E-01  
  8.2643E-01    1.2433E+00    9.1570E-01    1.4424E-01    3.7085E-01    2.4119E-01    2.2722E-02   -1.4311E-02   -2.8139E+00   -2.6913E-01    5.3309E-02   -3.0013E-03    1.7868E-02    1.7185E-02   -2.7339E-02   -1.7224E-02   -1.7816E-02    2.6898E-02    2.9312E-01    9.9631E-03   -3.3198E-02   -2.1039E-02    5.4977E-02    2.1983E-01  
  6.2555E-01    1.2773E+00    5.1478E-01    1.2733E-01    2.9197E-01    2.3449E-01    2.9432E-02   -1.1106E-02   -2.8077E+00   -2.8520E-01    6.0308E-02    1.3503E-02    2.3869E-03    6.3389E-03   -2.7470E-02   -1.9165E-02   -1.2283E-02    3.0326E-02    2.9388E-01    6.0794E-03   -3.5137E-02   -2.2041E-02    5.5181E-02    2.0767E-01  
  5.6401E-01    1.2855E+00    9.0166E-02    1.2184E-01    1.9103E-01    1.8773E-01    3.3039E-02   -1.0382E-02   -2.7949E+00   -2.9064E-01    6.2415E-02    2.4076E-02   -1.4815E-02   -4.8889E-03   -2.6910E-02   -2.0112E-02   -5.6516E-03    3.1657E-02    2.9201E-01    2.0073E-03   -3.5624E-02   -2.2415E-02    5.4842E-02    1.9773E-01  
  6.4659E-01    1.2689E+00   -3.3522E-01    1.3033E-01    8.9890E-02    9.3934E-02    3.5925E-02   -1.1922E-02   -2.7784E+00   -2.8591E-01    5.9702E-02    2.8204E-02   -3.2396E-02   -1.5944E-02   -2.5709E-02   -2.0148E-02    1.1748E-03    3.0813E-02    2.8793E-01   -2.0100E-03   -3.4448E-02   -2.1864E-02    5.3934E-02    1.8986E-01  
  8.6770E-01    1.2263E+00   -7.3840E-01    1.5056E-01    1.0483E-02   -3.9838E-02    4.0403E-02   -1.5805E-02   -2.7608E+00   -2.7040E-01    5.1442E-02    2.6265E-02   -4.8814E-02   -2.6230E-02   -2.4040E-02   -1.9453E-02    7.4152E-03    2.7552E-02    2.8243E-01   -5.6893E-03   -3.1760E-02   -1.9998E-02    5.2808E-02    1.9538E-01  
  1.2048E+00    1.1562E+00   -1.0869E+00    1.7423E-01   -2.4613E-02   -1.8926E-01    4.9565E-02   -2.2609E-02   -2.7459E+00   -2.4315E-01    3.7469E-02    1.9962E-02   -6.1950E-02   -3.5131E-02   -2.2117E-02   -1.7572E-02    1.1531E-02    2.1970E-02    2.7638E-01   -8.7860E-03   -2.7746E-02   -1.7353E-02    5.1902E-02    2.1616E-01  
  1.6276E+00    1.0544E+00   -1.3503E+00    1.8906E-01    4.8820E-03   -3.1827E-01    6.7105E-02   -3.3125E-02   -2.7378E+00   -2.0210E-01    1.6212E-02    1.1803E-02   -7.0214E-02   -4.2152E-02   -2.0264E-02   -1.4579E-02    1.2825E-02    1.3609E-02    2.7085E-01   -1.0966E-02   -2.2754E-02   -1.4156E-02    5.1602E-02    2.4174E-01  
  2.1272E+00    6.4178E-01   -1.6065E+00    1.7764E-01    1.1982E-01   -3.7624E-01    9.6518E-02   -4.8068E-02   -2.7416E+00   -1.4534E-01   -1.5932E-02    6.3162E-03   -7.0654E-02   -4.7438E-02   -2.0210E-02   -9.5315E-03    8.3883E-03    6.4033E-04    2.6840E-01   -1.0667E-02   -1.7187E-02   -1.1952E-02    5.1335E-02    2.6359E-01  
  2.5821E+00    4.2668E-01   -1.6491E+00    1.1697E-01    3.3736E-01   -2.9882E-01    1.4078E-01   -6.8001E-02   -2.7625E+00   -7.1770E-02   -6.3563E-02    1.1837E-02   -5.9257E-02   -5.2329E-02   -2.3657E-02   -1.4284E-03   -7.0763E-03   -1.7922E-02    2.7299E-01   -7.5311E-03   -1.3076E-02   -1.3310E-02    4.9528E-02    3.1143E-01  
  2.9842E+00    1.8241E-01   -1.4660E+00   -2.2961E-02    6.7776E-01   -1.1429E-02    2.0022E-01   -9.1459E-02   -2.8086E+00    1.8584E-02   -1.3358E-01    4.0540E-02   -2.9923E-02   -5.5954E-02   -3.1931E-02    1.0700E-02   -3.9995E-02   -4.3638E-02    2.8788E-01   -4.9245E-03   -9.1883E-03   -1.7265E-02    4.6496E-02    3.1706E-01  
  2.7873E+00    5.9640E-01    1.1833E+00    4.1847E-02   -1.3784E-01    8.2140E-01   -1.6889E-01   -4.9219E-02   -2.5260E+00   -6.7617E-02   -9.1527E-02   -8.4821E-02    1.2253E-02    4.7937E-02   -4.5648E-03    4.7479E-03    1.5187E-03   -1.7914E-02    2.2269E-01    1.7599E-02   -1.2253E-02   -7.2630E-03    4.6628E-02    2.1008E-01  
  2.2854E+00    7.4239E-01    1.4677E+00    1.4133E-01    8.0778E-02    4.2578E-01   -8.6096E-02   -3.4707E-02   -2.6391E+00   -1.3240E-01   -3.5410E-02   -8.9356E-02    2.5788E-02    4.6811E-02   -1.0908E-02   -1.3666E-03   -1.5038E-02   -2.9500E-03    2.4564E-01    1.6447E-02   -1.4778E-02   -9.8761E-03    4.7793E-02    2.1272E-01  
  1.7614E+00    7.1223E-01    1.7386E+00    1.7751E-01    2.1974E-01    2.2455E-01   -3.3676E-02   -2.3855E-02   -2.7148E+00   -1.8245E-01    5.4484E-03   -7.8512E-02    3.1122E-02    4.2910E-02   -1.5164E-02   -6.0231E-03   -2.4062E-02    8.7022E-03    2.6392E-01    1.4868E-02   -1.8210E-02   -1.3240E-02    4.9915E-02    2.3025E-01  
  1.2608E+00    7.7061E-01    1.6085E+00    1.7150E-01    2.8917E-01    1.4999E-01   -1.5860E-03   -1.5615E-02   -2.7630E+00   -2.2066E-01    3.4095E-02   -5.8850E-02    2.9659E-02    3.6845E-02   -1.7627E-02   -9.1051E-03   -2.6536E-02    1.6927E-02    2.7812E-01    1.2828E-02   -2.2619E-02   -1.7197E-02    5.1917E-02    2.2516E-01  
  8.1805E-01    8.3016E-01    1.3228E+00    1.4395E-01    3.0067E-01    1.4305E-01    1.6606E-02   -9.8660E-03   -2.7907E+00   -2.4811E-01    5.3352E-02   -3.6311E-02    2.3504E-02    2.8692E-02   -1.8803E-02   -1.1437E-02   -2.4421E-02    2.2680E-02    2.8807E-01    1.0510E-02   -2.6935E-02   -2.0765E-02    5.3708E-02    2.1500E-01  
  4.7156E-01    8.6928E-01    9.5412E-01    1.1229E-01    2.6819E-01    1.5424E-01    2.6352E-02   -6.1934E-03   -2.8037E+00   -2.6648E-01    6.5214E-02   -1.5563E-02    1.4327E-02    1.8793E-02   -1.9268E-02   -1.3349E-02   -1.9859E-02    2.6632E-02    2.9394E-01    7.9365E-03   -3.0286E-02   -2.2845E-02    5.4980E-02    1.9503E-01  
  2.5292E-01    8.9083E-01    5.3164E-01    8.8324E-02    2.0547E-01    1.4739E-01    3.0825E-02   -4.4958E-03   -2.8064E+00   -2.7715E-01    7.1869E-02    7.6755E-04    2.7601E-03    7.6342E-03   -1.9096E-02   -1.4322E-02   -1.3291E-02    2.8972E-02    2.9623E-01    5.0921E-03   -3.2332E-02   -2.4298E-02    5.5382E-02    1.9394E-01  
  1.8502E-01    8.9593E-01    8.6800E-02    8.0269E-02    1.2787E-01    1.0047E-01    3.2527E-02   -4.2250E-03   -2.8022E+00   -2.8075E-01    7.3872E-02    1.1192E-02   -9.8363E-03   -3.9481E-03   -1.8448E-02   -1.4776E-02   -5.8391E-03    2.9826E-02    2.9597E-01    2.2221E-03   -3.2851E-02   -2.4922E-02    5.5266E-02    1.9600E-01  
  2.7288E-01    8.8532E-01   -3.5887E-01    9.0598E-02    5.0093E-02    6.4453E-03    3.3718E-02   -5.2924E-03   -2.7943E+00   -2.7760E-01    7.1494E-02    1.5185E-02   -2.2459E-02   -1.5439E-02   -1.7421E-02   -1.4665E-02    1.6445E-03    2.9213E-02    2.9376E-01   -5.4239E-04   -3.1758E-02   -2.4558E-02    5.4818E-02    1.9530E-01  
  5.1092E-01    8.5829E-01   -7.8387E-01    1.1684E-01   -1.3211E-02   -1.2760E-01    3.6351E-02   -7.8563E-03   -2.7857E+00   -2.6739E-01    6.4356E-02    1.3110E-02   -3.4187E-02   -2.6349E-02   -1.6093E-02   -1.3902E-02    8.2700E-03    2.7046E-02    2.9031E-01   -3.0655E-03   -2.9128E-02   -2.3075E-02    5.4272E-02    2.0112E-01  
  8.7511E-01    8.1345E-01   -1.1565E+00    1.5099E-01   -4.6380E-02   -2.7727E-01    4.2931E-02   -1.1881E-02   -2.7800E+00   -2.4933E-01    5.1349E-02    6.8072E-03   -4.4057E-02   -3.5864E-02   -1.4570E-02   -1.2949E-02    1.3301E-02    2.3273E-02    2.8607E-01   -5.0485E-03   -2.5232E-02   -2.0265E-02    5.3554E-02    2.2821E-01  
  1.3340E+00    7.4830E-01   -1.4478E+00    1.8003E-01   -3.6011E-02   -4.0630E-01    5.7271E-02   -1.8186E-02   -2.7818E+00   -2.2210E-01    3.1796E-02   -1.1953E-03   -5.0855E-02   -4.3721E-02   -1.3140E-02   -1.1246E-02    1.5331E-02    1.7602E-02    2.8214E-01   -6.4539E-03   -2.0452E-02   -1.6998E-02    5.3203E-02    2.5664E-01  
  1.8487E+00    6.2256E-01   -1.6404E+00    1.8681E-01    3.1975E-02   -4.6400E-01    8.2868E-02   -2.7290E-02   -2.7965E+00   -1.8438E-01    2.0886E-03   -6.9684E-03   -5.2667E-02   -5.0025E-02   -1.2894E-02   -8.1752E-03    1.2640E-02    8.8070E-03    2.8107E-01   -6.0581E-03   -1.5402E-02   -1.4083E-02    5.3021E-02    3.0140E-01  
  2.3535E+00    2.9881E-01   -1.8347E+00    1.4775E-01    1.6908E-01   -3.8548E-01    1.2248E-01   -3.9803E-02   -2.8291E+00   -1.3532E-01   -4.2387E-02   -1.8446E-03   -4.6772E-02   -5.6841E-02   -1.5123E-02   -3.0140E-03   -9.1650E-04   -3.6661E-03    2.8760E-01   -3.4559E-03   -1.2451E-02   -1.4838E-02    5.0524E-02    2.8891E-01  
  2.8058E+00    1.4686E-01   -1.6772E+00    3.5057E-02    3.8650E-01   -9.6824E-02    1.7984E-01   -5.6165E-02   -2.8860E+00   -7.2857E-02   -1.0734E-01    2.5351E-02   -3.0509E-02   -6.5847E-02   -1.9892E-02    4.6147E-03   -3.1032E-02   -1.9791E-02    3.0511E-01   -7.8009E-04   -1.2040E-02   -1.9319E-02    4.5607E-02    2.9400E-01  
  2.7019E+00    2.9502E-01    1.3049E+00    7.3385E-02   -6.6782E-02    7.5594E-01   -1.5695E-01   -2.4538E-02   -2.4887E+00   -1.6823E-01   -7.5834E-02   -9.5515E-02    1.0645E-02    4.6438E-02   -4.1258E-03    1.3261E-03   -5.6509E-03    4.6489E-03    2.1508E-01    1.1785E-02   -7.7144E-03   -5.7344E-03    4.5969E-02    2.0841E-01  
  2.1683E+00    3.6874E-01    1.5602E+00    1.5716E-01    4.2089E-02    3.5839E-01   -7.6545E-02   -1.7196E-02   -2.6094E+00   -2.0142E-01   -2.2739E-02   -9.8786E-02    1.6466E-02    4.6563E-02   -7.2130E-03   -1.4659E-03   -1.9881E-02    1.2279E-02    2.4015E-01    1.0903E-02   -1.0731E-02   -9.3728E-03    4.7019E-02    2.0236E-01  
  1.6029E+00    3.5367E-01    1.8451E+00    1.7986E-01    1.1119E-01    1.5570E-01   -2.6325E-02   -1.1774E-02   -2.6918E+00   -2.2707E-01    1.5616E-02   -8.7358E-02    1.8276E-02    4.3876E-02   -9.2768E-03   -3.5090E-03   -2.7153E-02    1.8318E-02    2.6063E-01    9.6340E-03   -1.5180E-02   -1.3728E-02    4.9017E-02    1.9154E-01  
  1.0736E+00    3.9459E-01    1.6611E+00    1.6248E-01    1.4551E-01    8.0344E-02    3.7687E-03   -7.5999E-03   -2.7463E+00   -2.4676E-01    4.2565E-02   -6.7319E-02    1.6859E-02    3.8286E-02   -1.0146E-02   -4.9458E-03   -2.8705E-02    2.2408E-02    2.7642E-01    8.4033E-03   -2.0274E-02   -1.8280E-02    5.1331E-02    1.8940E-01  
  6.0752E-01    4.2347E-01    1.3591E+00    1.2582E-01    1.5097E-01    7.2903E-02    1.9996E-02   -4.7905E-03   -2.7797E+00   -2.6075E-01    6.0944E-02   -4.4769E-02    1.3359E-02    3.0186E-02   -1.0440E-02   -6.2027E-03   -2.6022E-02    2.5377E-02    2.8754E-01    6.9691E-03   -2.4779E-02   -2.2141E-02    5.3466E-02    1.9157E-01  
  2.4347E-01    4.4251E-01    9.7640E-01    8.7275E-02    1.3452E-01    8.3902E-02    2.8167E-02   -3.2194E-03   -2.7980E+00   -2.7018E-01    7.2361E-02   -2.4187E-02    8.1273E-03    2.0115E-02   -1.0301E-02   -6.8865E-03   -2.0829E-02    2.7532E-02    2.9426E-01    5.4364E-03   -2.8307E-02   -2.4630E-02    5.4766E-02    1.9450E-01  
  1.3639E-02    4.5289E-01    5.4133E-01    5.9224E-02    1.0284E-01    7.6860E-02    3.1518E-02   -2.4181E-03   -2.8058E+00   -2.7564E-01    7.8491E-02   -7.8559E-03    1.8678E-03    8.8249E-03   -9.8151E-03   -7.3951E-03   -1.3847E-02    2.8791E-02    2.9760E-01    3.8661E-03   -3.0471E-02   -2.6025E-02    5.5452E-02    1.9420E-01  
 -5.8286E-02    4.5532E-01    8.4744E-02    4.9763E-02    6.3737E-02    2.9794E-02    3.2240E-02   -2.2800E-03   -2.8066E+00   -2.7749E-01    8.0250E-02    2.5870E-03   -4.8774E-03   -2.9914E-03   -9.0630E-03   -7.6125E-03   -5.9927E-03    2.9247E-02    2.9838E-01    2.3346E-03   -3.1098E-02   -2.6527E-02    5.5598E-02    1.9515E-01  
  3.2798E-02    4.5014E-01   -3.7266E-01    6.1387E-02    2.4536E-02   -6.4384E-02    3.2426E-02   -2.7686E-03   -2.8036E+00   -2.7589E-01    7.7899E-02    6.5970E-03   -1.1625E-02   -1.4765E-02   -8.1172E-03   -7.5699E-03    1.9123E-03    2.8916E-02    2.9718E-01    9.2886E-04   -3.0080E-02   -2.5987E-02    5.5406E-02    1.9319E-01  
  2.8120E-01    4.3697E-01   -8.1024E-01    9.1616E-02   -7.3876E-03   -1.9859E-01    3.3872E-02   -3.9786E-03   -2.8001E+00   -2.7064E-01    7.1034E-02    4.5317E-03   -1.7905E-02   -2.5952E-02   -7.0258E-03   -7.2717E-03    9.0191E-03    2.7782E-02    2.9479E-01   -2.6505E-04   -2.7549E-02   -2.4314E-02    5.5049E-02    2.1343E-01  
  6.6249E-01    4.1525E-01   -1.1970E+00    1.3191E-01   -2.4350E-02   -3.4824E-01    3.9171E-02   -6.0669E-03   -2.7998E+00   -2.6147E-01    5.9074E-02   -1.8950E-03   -2.3123E-02   -3.5962E-02   -5.8882E-03   -6.5642E-03    1.4243E-02    2.5847E-02    2.9183E-01   -1.1643E-03   -2.3725E-02   -2.1839E-02    5.4735E-02    2.4217E-01  
  1.1441E+00    3.8349E-01   -1.5048E+00    1.6942E-01   -1.9354E-02   -4.7713E-01    5.1828E-02   -9.0068E-03   -2.8073E+00   -2.4753E-01    4.0748E-02   -9.8229E-03   -2.7117E-02   -4.4261E-02   -4.8509E-03   -5.8944E-03    1.6567E-02    2.2724E-02    2.8896E-01   -1.6907E-03   -1.9116E-02   -1.8877E-02    5.4401E-02    2.7016E-01  
  1.6858E+00    3.3985E-01   -1.6957E+00    1.8754E-01    1.4416E-02   -5.3461E-01    7.5422E-02   -1.3325E-02   -2.8285E+00   -2.2817E-01    1.2767E-02   -1.6032E-02   -2.8861E-02   -5.1127E-02   -4.3587E-03   -4.6262E-03    1.5326E-02    1.8137E-02    2.8863E-01   -1.3172E-03   -1.4449E-02   -1.5306E-02    5.4423E-02    2.7949E-01  
  2.2026E+00    1.3576E-01   -1.9401E+00    1.6205E-01    8.2710E-02   -4.5543E-01    1.1246E-01   -1.9431E-02   -2.8680E+00   -2.0297E-01   -2.9832E-02   -1.1489E-02   -2.6742E-02   -5.8883E-02   -5.1006E-03   -2.1832E-03    3.2800E-03    1.1782E-02    2.9604E-01    4.6555E-05   -1.2235E-02   -1.5479E-02    5.1641E-02    2.5942E-01  
  2.6846E+00    5.9137E-02   -1.8057E+00    6.2641E-02    1.9156E-01   -1.6345E-01    1.6467E-01   -2.7309E-02   -2.9308E+00   -1.7158E-01   -9.3711E-02    1.7341E-02   -1.9008E-02   -7.0571E-02   -7.8726E-03    1.7411E-03   -2.7606E-02    3.0782E-03    3.1625E-01    2.0401E-03   -1.3124E-02   -2.0841E-02    4.4913E-02    2.4270E-01  
  2.6690E+00   -4.7344E-02    1.3527E+00    8.2502E-02   -4.5073E-02    7.2746E-01   -1.5263E-01   -3.0786E-03   -2.4766E+00   -2.7004E-01   -7.1013E-02   -9.8625E-02    3.7618E-03    4.6653E-02   -3.4550E-03   -1.2011E-04   -7.5650E-03    2.6754E-02    2.1269E-01    4.4357E-03   -5.9243E-03   -5.4948E-03    4.5706E-02    2.0868E-01  
  2.1249E+00   -4.2937E-02    1.5971E+00    1.6131E-01   -3.9387E-02    3.2908E-01   -7.3200E-02   -2.6605E-03   -2.5999E+00   -2.7208E-01   -1.8830E-02   -1.0158E-01    3.0661E-03    4.7159E-02   -3.1184E-03    5.2056E-06   -2.1222E-02    2.7078E-02    2.3843E-01    4.2718E-03   -9.0957E-03   -9.3544E-03    4.6829E-02    2.0160E-01  
  1.5476E+00   -6.6232E-03    1.8688E+00    1.7959E-01   -3.3283E-02    1.2581E-01   -2.3746E-02   -2.4478E-03   -2.6845E+00   -2.7368E-01    1.8684E-02   -9.0004E-02    2.4620E-03    4.4919E-02   -2.7498E-03    8.3350E-05   -2.8020E-02    2.7622E-02    2.5963E-01    3.9222E-03   -1.4090E-02   -1.4062E-02    4.8822E-02    1.9156E-01  
  1.0089E+00   -6.2533E-03    1.6783E+00    1.5855E-01   -2.6874E-02    5.0119E-02    5.5785E-03   -2.3485E-03   -2.7410E+00   -2.7494E-01    4.5231E-02   -6.9944E-02    1.8875E-03    3.9413E-02   -2.2978E-03    1.5941E-04   -2.9455E-02    2.8221E-02    2.7590E-01    3.4461E-03   -1.9272E-02   -1.8648E-02    5.1239E-02    1.7752E-01  
  5.3521E-01   -5.9655E-03    1.3710E+00    1.1876E-01   -2.0351E-02    4.2475E-02    2.1020E-02   -2.2807E-03   -2.7763E+00   -2.7592E-01    6.3517E-02   -4.7372E-02    1.3454E-03    3.1294E-02   -1.6981E-03    2.4960E-04   -2.6359E-02    2.8695E-02    2.8735E-01    3.0170E-03   -2.3899E-02   -2.2765E-02    5.3347E-02    1.8785E-01  
  1.6522E-01   -5.7716E-03    9.8370E-01    7.8070E-02   -1.3743E-02    5.3359E-02    2.8783E-02   -2.2124E-03   -2.7963E+00   -2.7661E-01    7.4620E-02   -2.6832E-02    9.0080E-04    2.1235E-02   -9.5996E-04    3.0281E-04   -2.1120E-02    2.8985E-02    2.9439E-01    2.6643E-03   -2.7503E-02   -2.5225E-02    5.4713E-02    1.9283E-01  
 -6.8337E-02   -5.6534E-03    5.4450E-01    4.8656E-02   -7.0247E-03    4.6254E-02    3.1753E-02   -2.1748E-03   -2.8057E+00   -2.7704E-01    8.0618E-02   -1.0495E-02    4.8323E-04    9.8710E-03   -1.3292E-04    3.5025E-04   -1.3999E-02    2.9156E-02    2.9809E-01    2.4268E-03   -2.9773E-02   -2.6632E-02    5.5470E-02    1.9097E-01  
 -1.4161E-01   -5.6157E-03    8.4079E-02    3.8747E-02   -3.1165E-04   -8.7413E-04    3.2186E-02   -2.1687E-03   -2.8081E+00   -2.7719E-01    8.2277E-02   -4.9359E-05    7.9363E-05   -2.0178E-03    7.3671E-04    3.7564E-04   -6.0100E-03    2.9215E-02    2.9918E-01    2.3128E-03   -3.0475E-02   -2.7071E-02    5.5727E-02    1.8898E-01  
 -4.9462E-02   -5.6550E-03   -3.7719E-01    5.0807E-02    6.4056E-03   -9.5105E-02    3.2008E-02   -2.1841E-03   -2.8067E+00   -2.7707E-01    7.9903E-02    3.9651E-03   -3.1786E-04   -1.3887E-02    1.6171E-03    3.7679E-04    1.9942E-03    2.9163E-02    2.9832E-01    2.3366E-03   -2.9582E-02   -2.6451E-02    5.5620E-02    2.0957E-01  
  2.0243E-01   -5.7744E-03   -8.1890E-01    8.2349E-02    1.3133E-02   -2.2932E-01    3.3059E-02   -2.2308E-03   -2.8048E+00   -2.7667E-01    7.3170E-02    1.9154E-03   -7.2088E-04   -2.5211E-02    2.4720E-03    3.5089E-04    9.2244E-03    2.8998E-02    2.9623E-01    2.4828E-03   -2.7146E-02   -2.4704E-02    5.5369E-02    2.4213E-01  
  5.8935E-01   -5.9706E-03   -1.2102E+00    1.2479E-01    1.9754E-02   -3.7896E-01    3.7832E-02   -2.3081E-03   -2.8062E+00   -2.7601E-01    6.1386E-02   -4.5153E-03   -1.1457E-03   -3.5327E-02    3.2550E-03    3.0922E-04    1.4668E-02    2.8713E-02    2.9363E-01    2.7412E-03   -2.3449E-02   -2.2173E-02    5.5101E-02    2.7437E-01  
  1.0787E+00   -6.2593E-03   -1.5235E+00    1.6493E-01    2.6294E-02   -5.0777E-01    5.0118E-02   -2.3799E-03   -2.8155E+00   -2.7505E-01    4.3709E-02   -1.2381E-02   -1.6627E-03   -4.3852E-02    3.9199E-03    2.1899E-04    1.6807E-02    2.8240E-02    2.9116E-01    3.0733E-03   -1.8915E-02   -1.9541E-02    5.4911E-02    3.0727E-01  
  1.6296E+00   -6.6266E-03   -1.7207E+00    1.8679E-01    3.2726E-02   -5.6513E-01    7.3076E-02   -2.4768E-03   -2.8389E+00   -2.7382E-01    1.6364E-02   -1.8831E-02   -2.2146E-03   -5.0852E-02    4.4582E-03    1.3764E-04    1.6136E-02    2.7633E-02    2.9103E-01    3.4553E-03   -1.4364E-02   -1.5752E-02    5.5114E-02    2.7384E-01  
  2.1480E+00   -4.2727E-02   -1.9742E+00    1.6578E-01    3.8852E-02   -4.8560E-01    1.0907E-01   -2.6885E-03   -2.8807E+00   -2.7223E-01   -2.5772E-02   -1.4471E-02   -2.8080E-03   -5.8894E-02    4.9403E-03    5.1159E-05    4.5424E-03    2.7084E-02    2.9876E-01    3.7087E-03   -1.2294E-02   -1.5754E-02    5.2111E-02    2.5063E-01  
  2.6395E+00   -4.7415E-02   -1.8459E+00    7.0665E-02    4.4555E-02   -1.9231E-01    1.5945E-01   -3.1033E-03   -2.9451E+00   -2.7017E-01   -8.9363E-02    1.5070E-02   -3.5092E-03   -7.1724E-02    5.4294E-03   -7.9560E-05   -2.6710E-02    2.6746E-02    3.2002E-01    3.7674E-03   -1.3895E-02   -2.1554E-02    4.4546E-02    2.0585E-01  
  2.6920E+00   -3.8777E-01    1.3144E+00    7.2067E-02   -2.3121E-02    7.4279E-01   -1.5572E-01    1.8288E-02   -2.4890E+00   -3.7137E-01   -7.6332E-02   -9.3822E-02   -2.9747E-03    4.8095E-02   -2.8081E-03   -1.6384E-03   -4.7871E-03    4.8859E-02    2.1490E-01   -3.0905E-03   -7.1982E-03   -6.2460E-03    4.6219E-02    2.1581E-01  
  2.1598E+00   -4.5109E-01    1.5699E+00    1.5644E-01   -1.2073E-01    3.4471E-01   -7.5980E-02    1.1854E-02   -2.6096E+00   -3.4235E-01   -2.2889E-02   -9.7441E-02   -1.0271E-02    4.8300E-02    9.9300E-04    1.4846E-03   -1.9507E-02    4.1806E-02    2.4011E-01   -2.5681E-03   -1.0091E-02   -9.6171E-03    4.7378E-02    2.0566E-01  
  1.6011E+00   -3.6687E-01    1.8459E+00    1.7935E-01   -1.7768E-01    1.4177E-01   -2.6071E-02    6.9055E-03   -2.6919E+00   -3.1995E-01    1.5659E-02   -8.6118E-02   -1.3319E-02    4.5668E-02    3.8105E-03    3.7056E-03   -2.6949E-02    3.6785E-02    2.6066E-01   -1.9899E-03   -1.4499E-02   -1.3810E-02    4.9352E-02    1.9874E-01  
  1.0720E+00   -4.0705E-01    1.6618E+00    1.6208E-01   -1.9921E-01    6.6279E-02    3.9082E-03    2.9588E-03   -2.7464E+00   -3.0278E-01    4.2672E-02   -6.6097E-02   -1.3035E-02    4.0147E-02    5.5979E-03    5.2740E-03   -2.8503E-02    3.3861E-02    2.7651E-01   -1.6786E-03   -1.9682E-02   -1.8332E-02    5.1499E-02    2.0512E-01  
  6.0611E-01   -4.3535E-01    1.3595E+00    1.2558E-01   -1.9164E-01    5.8764E-02    2.0129E-02    2.7777E-04   -2.7798E+00   -2.9074E-01    6.0982E-02   -4.3578E-02   -1.0615E-02    3.2095E-02    7.0855E-03    6.7116E-03   -2.5862E-02    3.1835E-02    2.8764E-01   -1.1030E-03   -2.4298E-02   -2.2112E-02    5.3549E-02    2.0747E-01  
  2.4215E-01   -4.5399E-01    9.7672E-01    8.7144E-02   -1.6199E-01    6.9715E-02    2.8276E-02   -1.1750E-03   -2.7981E+00   -2.8271E-01    7.2357E-02   -2.3033E-02   -6.3070E-03    2.2046E-02    8.4042E-03    7.5107E-03   -2.0723E-02    3.0290E-02    2.9433E-01   -2.6167E-04   -2.7979E-02   -2.4579E-02    5.4751E-02    1.9388E-01  
  1.2382E-02   -4.6414E-01    5.4148E-01    5.9139E-02   -1.1688E-01    6.2638E-02    3.1561E-02   -1.8978E-03   -2.8059E+00   -2.7811E-01    7.8497E-02   -6.7042E-03   -8.8889E-04    1.0764E-02    9.5594E-03    8.1083E-03   -1.3775E-02    2.9377E-02    2.9765E-01    8.3677E-04   -3.0321E-02   -2.6025E-02    5.5411E-02    1.9548E-01  
 -5.9518E-02   -4.6650E-01    8.4741E-02    4.9698E-02   -6.4360E-02    1.5559E-02    3.2230E-02   -2.0166E-03   -2.8066E+00   -2.7657E-01    8.0270E-02    3.7404E-03    5.0459E-03   -1.0628E-03    1.0537E-02    8.3736E-03   -5.9690E-03    2.9041E-02    2.9840E-01    2.1508E-03   -3.1145E-02   -2.6554E-02    5.5561E-02    1.9258E-01  
  3.1541E-02   -4.6139E-01   -3.7282E-01    6.1315E-02   -1.1737E-02   -7.8612E-02    3.2363E-02   -1.5633E-03   -2.8037E+00   -2.7793E-01    7.7918E-02    7.7553E-03    1.0993E-02   -1.2860E-02    1.1340E-02    8.3292E-03    1.8841E-03    2.9265E-02    2.9717E-01    3.6042E-03   -3.0329E-02   -2.6009E-02    5.5400E-02    1.9087E-01  
  2.7988E-01   -4.4846E-01   -8.1056E-01    9.1514E-02    3.3629E-02   -2.1279E-01    3.3748E-02   -4.4663E-04   -2.8001E+00   -2.8238E-01    7.1057E-02    5.7013E-03    1.6459E-02   -2.4090E-02    1.1945E-02    7.9797E-03    8.9480E-03    3.0070E-02    2.9475E-01    5.0956E-03   -2.7994E-02   -2.4299E-02    5.5101E-02    2.1039E-01  
  6.6108E-01   -4.2714E-01   -1.1975E+00    1.3171E-01    6.3827E-02   -3.6239E-01    3.9030E-02    1.5098E-03   -2.7998E+00   -2.9022E-01    5.9146E-02   -6.7873E-04    2.0792E-02   -3.4155E-02    1.2352E-02    7.1760E-03    1.4099E-02    3.1406E-02    2.9176E-01    6.5046E-03   -2.4351E-02   -2.1851E-02    5.4824E-02    2.3920E-01  
  1.1426E+00   -3.9596E-01   -1.5054E+00    1.6906E-01    7.1902E-02   -4.9122E-01    5.1693E-02    4.3151E-03   -2.8073E+00   -3.0224E-01    4.0896E-02   -8.5648E-03    2.3748E-02   -4.2538E-02    1.2636E-02    6.3228E-03    1.6359E-02    3.3588E-02    2.8889E-01    7.7018E-03   -1.9888E-02   -1.8966E-02    5.4626E-02    2.6737E-01  
  1.6841E+00   -3.5305E-01   -1.6966E+00    1.8707E-01    5.0964E-02   -5.4856E-01    7.5183E-02    8.4107E-03   -2.8284E+00   -3.1912E-01    1.2861E-02   -1.4746E-02    2.4397E-02   -4.9509E-02    1.3231E-02    4.9131E-03    1.5104E-02    3.7000E-02    2.8859E-01    8.0617E-03   -1.5349E-02   -1.5424E-02    5.4679E-02    2.7949E-01  
  2.1941E+00   -2.1720E-01   -1.9506E+00    1.6135E-01   -5.1293E-03   -4.6914E-01    1.1191E-01    1.4058E-02   -2.8679E+00   -3.4110E-01   -2.9931E-02   -1.0078E-02    2.1065E-02   -5.7363E-02    1.4938E-02    2.2765E-03    2.8777E-03    4.2317E-02    2.9606E-01    7.2021E-03   -1.3147E-02   -1.5777E-02    5.1727E-02    2.6159E-01  
  2.6747E+00   -1.5157E-01   -1.8155E+00    6.1326E-02   -1.0267E-01   -1.7660E-01    1.6345E-01    2.1041E-02   -2.9304E+00   -3.6831E-01   -9.4159E-02    1.9130E-02    1.1855E-02   -6.9214E-02    1.8699E-02   -1.9959E-03   -2.8503E-02    5.0411E-02    3.1640E-01    5.3791E-03   -1.3986E-02   -2.1414E-02    4.4694E-02    2.3453E-01  
  2.7680E+00   -6.7913E-01    1.2009E+00    3.9061E-02    4.8740E-02    7.9513E-01   -1.6626E-01    4.2685E-02   -2.5266E+00   -4.7052E-01   -9.2594E-02   -8.1426E-02   -4.0758E-03    5.1287E-02   -2.3987E-03   -5.3054E-03    3.3332E-03    7.1448E-02    2.2247E-01   -9.3964E-03   -1.1270E-02   -8.3500E-03    4.6874E-02    2.2824E-01  
  2.2689E+00   -8.1200E-01    1.4879E+00    1.3974E-01   -1.5895E-01    3.9851E-01   -8.4795E-02    2.9272E-02   -2.6394E+00   -4.1012E-01   -3.5806E-02   -8.6554E-02   -1.9327E-02    5.0239E-02    4.6739E-03    1.3075E-03   -1.4121E-02    5.6896E-02    2.4560E-01   -8.7392E-03   -1.3588E-02   -1.0512E-02    4.8280E-02    2.3256E-01  
  1.7563E+00   -7.3246E-01    1.7429E+00    1.7648E-01   -2.8597E-01    1.9674E-01   -3.3055E-02    1.9036E-02   -2.7151E+00   -3.6347E-01    5.4624E-03   -7.5978E-02   -2.6040E-02    4.6443E-02    9.7743E-03    6.2653E-03   -2.3615E-02    4.6042E-02    2.6401E-01   -7.8085E-03   -1.6942E-02   -1.3499E-02    5.0437E-02    2.5034E-01  
  1.2578E+00   -7.8292E-01    1.6098E+00    1.7075E-01   -3.4273E-01    1.2187E-01   -1.2685E-03    1.1109E-02   -2.7632E+00   -3.2787E-01    3.4279E-02   -5.6399E-02   -2.5735E-02    4.0480E-02    1.3213E-02    9.5015E-03   -2.6182E-02    3.8834E-02    2.7829E-01   -6.5994E-03   -2.1448E-02   -1.7296E-02    5.2231E-02    2.4223E-01  
  8.1530E-01   -8.4189E-01    1.3238E+00    1.4344E-01   -3.4127E-01    1.1478E-01    1.6858E-02    5.5121E-03   -2.7908E+00   -3.0238E-01    5.3485E-02   -3.3916E-02   -2.0623E-02    3.2409E-02    1.5561E-02    1.1956E-02   -2.4083E-02    3.4026E-02    2.8823E-01   -5.1126E-03   -2.5990E-02   -2.0801E-02    5.3796E-02    2.3257E-01  
  4.6896E-01   -8.8060E-01    9.5475E-01    1.1203E-01   -2.9558E-01    1.2587E-01    2.6577E-02    1.9215E-03   -2.8039E+00   -2.8542E-01    6.5218E-02   -1.3243E-02   -1.2442E-02    2.2569E-02    1.7443E-02    1.4029E-02   -1.9671E-02    3.0755E-02    2.9406E-01   -3.2086E-03   -2.9630E-02   -2.2791E-02    5.4934E-02    2.1348E-01  
  2.5045E-01   -9.0190E-01    5.3196E-01    8.8159E-02   -2.1948E-01    1.1894E-01    3.0919E-02    3.1341E-04   -2.8065E+00   -2.7560E-01    7.1895E-02    3.0805E-03   -1.7419E-03    1.1418E-02    1.8876E-02    1.5069E-02   -1.3152E-02    2.8776E-02    2.9632E-01   -8.1468E-04   -3.2032E-02   -2.4333E-02    5.5277E-02    2.0907E-01  
  1.8260E-01   -9.0693E-01    8.6794E-02    8.0145E-02   -1.2849E-01    7.1996E-02    3.2509E-02    6.5026E-05   -2.8023E+00   -2.7232E-01    7.3911E-02    1.3510E-02    1.0031E-02   -1.7840E-04    1.9923E-02    1.5558E-02   -5.7976E-03    2.8042E-02    2.9601E-01    1.8556E-03   -3.2934E-02   -2.5004E-02    5.5173E-02    1.9368E-01  
  2.7041E-01   -8.9640E-01   -3.5919E-01    9.0462E-02   -3.7326E-02   -2.2016E-02    3.3589E-02    1.1005E-03   -2.7943E+00   -2.7523E-01    7.1542E-02    1.7513E-02    2.1836E-02   -1.1718E-02    2.0606E-02    1.5437E-02    1.5819E-03    2.8553E-02    2.9375E-01    4.6807E-03   -3.2238E-02   -2.4626E-02    5.4793E-02    1.9396E-01  
  5.0831E-01   -8.6962E-01   -7.8451E-01    1.1665E-01    3.9376E-02   -1.5600E-01    3.6100E-02    3.5710E-03   -2.7857E+00   -2.8466E-01    6.4402E-02    1.5462E-02    3.2722E-02   -2.2702E-02    2.0932E-02    1.4629E-02    8.1390E-03    3.0380E-02    2.9026E-01    7.5063E-03   -2.9998E-02   -2.3072E-02    5.4354E-02    2.1156E-01  
  8.7235E-01   -8.2520E-01   -1.1575E+00    1.5057E-01    8.5778E-02   -3.0557E-01    4.2670E-02    7.5143E-03   -2.7800E+00   -3.0136E-01    5.1543E-02    9.2513E-03    4.1623E-02   -3.2344E-02    2.0908E-02    1.3520E-02    1.2984E-02    3.3486E-02    2.8597E-01    9.9984E-03   -2.6448E-02   -2.0356E-02    5.3778E-02    2.3803E-01  
  1.3310E+00   -7.6063E-01   -1.4491E+00    1.7937E-01    8.8420E-02   -4.3446E-01    5.6964E-02    1.3669E-02   -2.7817E+00   -3.2669E-01    3.2052E-02    1.3250E-03    4.7405E-02   -4.0349E-02    2.0765E-02    1.1685E-02    1.4966E-02    3.8221E-02    2.8200E-01    1.2065E-02   -2.1967E-02   -1.7152E-02    5.3613E-02    2.6445E-01  
  1.8436E+00   -6.4261E-01   -1.6448E+00    1.8586E-01    3.3144E-02   -4.9187E-01    8.2283E-02    2.2470E-02   -2.7964E+00   -3.6185E-01    2.1821E-03   -4.3486E-03    4.8079E-02   -4.6818E-02    2.1645E-02    8.4535E-03    1.2164E-02    4.5992E-02    2.8098E-01    1.2327E-02   -1.7098E-02   -1.4394E-02    5.3437E-02    3.0143E-01  
  2.3371E+00   -3.6752E-01   -1.8558E+00    1.4622E-01   -9.1957E-02   -4.1281E-01    1.2122E-01    3.4381E-02   -2.8287E+00   -4.0754E-01   -4.2710E-02    1.0740E-03    4.0817E-02   -5.3819E-02    2.4901E-02    2.9739E-03   -1.8932E-03    5.7644E-02    2.8761E-01    1.0209E-02   -1.4166E-02   -1.5546E-02    5.0611E-02    2.9623E-01  
  2.7865E+00   -2.2913E-01   -1.6953E+00    3.2252E-02   -2.9839E-01   -1.2311E-01    1.7722E-01    4.9649E-02   -2.8854E+00   -4.6561E-01   -1.0836E-01    2.8937E-02    2.2826E-02   -6.3037E-02    3.0620E-02   -5.1967E-03   -3.2978E-02    7.3339E-02    3.0527E-01    7.8841E-03   -1.3659E-02   -2.0520E-02    4.5205E-02    2.8307E-01  
  2.8786E+00   -8.8345E-01    1.0152E+00   -2.8938E-02    2.2262E-01    8.6839E-01   -1.7781E-01    7.0522E-02   -2.5945E+00   -5.5843E-01   -1.2323E-01   -6.0134E-02    9.6474E-03    5.4758E-02   -6.7161E-03   -1.4600E-02    1.8844E-02    9.6651E-02    2.3536E-01   -1.7206E-02   -1.6143E-02   -1.1695E-02    4.7272E-02    2.9220E-01  
  2.4373E+00   -1.0771E+00    1.3536E+00    1.0334E-01   -1.1055E-01    4.6813E-01   -9.9227E-02    5.1898E-02   -2.6903E+00   -4.7130E-01   -5.9267E-02   -7.0666E-02   -1.8761E-02    5.4145E-02    7.8396E-03   -3.0038E-03   -4.0577E-03    7.2447E-02    2.5645E-01   -1.2806E-02   -1.9289E-02   -1.2852E-02    4.8462E-02    2.7748E-01  
  1.9604E+00   -1.2057E+00    1.4687E+00    1.6369E-01   -3.2075E-01    2.6786E-01   -4.4787E-02    3.6593E-02   -2.7548E+00   -4.0087E-01   -1.3279E-02   -6.1428E-02   -3.2069E-02    4.8037E-02    1.5418E-02    5.9318E-03   -1.7438E-02    5.4856E-02    2.7109E-01   -1.1967E-02   -2.1150E-02   -1.3639E-02    5.1183E-02    2.6076E-01  
  1.5452E+00   -1.0998E+00    1.5201E+00    1.7724E-01   -4.2650E-01    1.9407E-01   -1.0060E-02    2.4734E-02   -2.7927E+00   -3.4676E-01    1.9005E-02   -4.2373E-02   -3.3900E-02    4.0621E-02    2.0160E-02    1.1924E-02   -2.2523E-02    4.2712E-02    2.8191E-01   -1.0910E-02   -2.4508E-02   -1.5659E-02    5.3418E-02    2.6363E-01  
  1.1404E+00   -1.1928E+00    1.2617E+00    1.6460E-01   -4.4512E-01    1.8753E-01    1.0970E-02    1.5974E-02   -2.8104E+00   -3.0746E-01    4.0144E-02   -2.0128E-02   -2.7286E-02    3.2323E-02    2.3324E-02    1.5339E-02   -2.1370E-02    3.4888E-02    2.8942E-01   -8.7941E-03   -2.8645E-02   -1.8875E-02    5.4360E-02    2.5517E-01  
  8.2268E-01   -1.2543E+00    9.1667E-01    1.4387E-01   -3.9815E-01    1.9886E-01    2.3016E-02    1.0259E-02   -2.8141E+00   -2.8112E-01    5.3388E-02    5.5011E-04   -1.5845E-02    2.2588E-02    2.5643E-02    1.7941E-02   -1.7505E-02    2.9698E-02    2.9330E-01   -5.9279E-03   -3.2242E-02   -2.1072E-02    5.4871E-02    2.4318E-01  
  6.2197E-01   -1.2881E+00    5.1524E-01    1.2715E-01   -3.0591E-01    1.9206E-01    2.9592E-02    7.1217E-03   -2.8079E+00   -2.6594E-01    6.0343E-02    1.7017E-02   -1.3083E-03    1.1781E-02    2.7317E-02    1.9956E-02   -1.2123E-02    2.6692E-02    2.9402E-01   -2.4665E-03   -3.4683E-02   -2.2088E-02    5.5020E-02    2.3047E-01  
  5.6050E-01   -1.2962E+00    9.0156E-02    1.2171E-01   -1.9165E-01    1.4526E-01    3.3020E-02    6.4408E-03   -2.7951E+00   -2.6081E-01    6.2469E-02    2.7589E-02    1.5049E-02    5.3068E-04    2.8387E-02    2.0900E-02   -5.6036E-03    2.5494E-02    2.9208E-01    1.4394E-03   -3.5723E-02   -2.2515E-02    5.4667E-02    2.0824E-01  
  6.4301E-01   -1.2797E+00   -3.3570E-01    1.3019E-01   -7.7190E-02    5.1486E-02    3.5730E-02    7.9460E-03   -2.7784E+00   -2.6530E-01    5.9760E-02    3.1739E-02    3.1790E-02   -1.0587E-02    2.8828E-02    2.0933E-02    1.0989E-03    2.6231E-02    2.8791E-01    5.5303E-03   -3.5120E-02   -2.1933E-02    5.3832E-02    1.8942E-01  
  8.6395E-01   -1.2374E+00   -7.3939E-01    1.5027E-01    1.5584E-02   -8.2204E-02    4.0087E-02    1.1773E-02   -2.7608E+00   -2.8001E-01    5.1567E-02    2.9859E-02    4.7273E-02   -2.1002E-02    2.8740E-02    2.0155E-02    7.1601E-03    2.9096E-02    2.8236E-01    9.5281E-03   -3.2991E-02   -2.0065E-02    5.2893E-02    2.0065E-01  
  1.2008E+00   -1.1676E+00   -1.0884E+00    1.7367E-01    6.3840E-02   -2.3148E-01    4.9175E-02    1.8493E-02   -2.7458E+00   -3.0591E-01    3.7700E-02    2.3661E-02    5.9421E-02   -3.0074E-02    2.8251E-02    1.8161E-02    1.1111E-02    3.3992E-02    2.7625E-01    1.3130E-02   -2.9490E-02   -1.7469E-02    5.2186E-02    2.2745E-01  
  1.6231E+00   -1.0664E+00   -1.3523E+00    1.8819E-01    4.7265E-02   -3.6025E-01    6.6567E-02    2.8830E-02   -2.7376E+00   -3.4506E-01    1.6462E-02    1.5588E-02    6.6665E-02   -3.7291E-02    2.7639E-02    1.5061E-02    1.2361E-02    4.1463E-02    2.7065E-01    1.5972E-02   -2.4912E-02   -1.4355E-02    5.2135E-02    2.5455E-01  
  2.1085E+00   -6.7662E-01   -1.6433E+00    1.7626E-01   -5.5169E-02   -4.1778E-01    9.5467E-02    4.3345E-02   -2.7414E+00   -3.9913E-01   -1.5979E-02    1.0239E-02    6.5846E-02   -4.2742E-02    2.8699E-02    9.7148E-03    7.6195E-03    5.3617E-02    2.6816E-01    1.6329E-02   -1.9536E-02   -1.2492E-02    5.1856E-02    2.6098E-01  
  2.5593E+00   -4.7717E-01   -1.6862E+00    1.1440E-01   -2.6116E-01   -3.3945E-01    1.3849E-01    6.2399E-02   -2.7622E+00   -4.6897E-01   -6.4316E-02    1.6277E-02    5.2695E-02   -4.7761E-02    3.3284E-02    1.0070E-03   -8.8277E-03    7.1757E-02    2.7282E-01    1.3675E-02   -1.5341E-02   -1.4527E-02    4.9557E-02    3.1409E-01  
  2.9563E+00   -2.4736E-01   -1.4979E+00   -2.8299E-02   -5.9126E-01   -5.0020E-02    1.9511E-01    8.4239E-02   -2.8074E+00   -5.5459E-01   -1.3579E-01    4.6434E-02    2.0857E-02   -5.2075E-02    4.2372E-02   -1.2140E-02   -4.3723E-02    9.7570E-02    2.8809E-01    1.1699E-02   -1.1965E-02   -1.9108E-02    4.5780E-02    3.1312E-01  
  2.9779E+00   -9.2583E-01    8.1082E-01   -1.8368E-01    5.4335E-01    9.8222E-01   -1.5239E-01    9.1973E-02   -2.7472E+00   -6.2665E-01   -1.9499E-01   -1.8044E-02    6.0818E-02    1.9921E-02   -2.8319E-02   -5.4192E-02    6.3393E-02    1.2267E-01    2.5308E-01   -4.1556E-02   -1.9982E-03   -1.8540E-02    3.6524E-02    1.5686E-01  
  2.6455E+00   -1.2136E+00    1.1572E+00    3.4847E-02    6.4923E-02    5.1748E-01   -1.1958E-01    8.2701E-02   -2.7642E+00   -5.2369E-01   -9.5699E-02   -5.3800E-02   -3.3829E-03    6.0207E-02    1.2453E-02   -1.4359E-02    1.1381E-02    8.6709E-02    2.7494E-01   -1.4037E-02   -2.4539E-02   -1.6825E-02    4.7069E-02    2.6752E-01  
  2.2375E+00   -1.4117E+00    1.3389E+00    1.2723E-01   -2.4684E-01    3.1949E-01   -6.0520E-02    6.1726E-02   -2.8128E+00   -4.2781E-01   -4.3889E-02   -4.5295E-02   -2.5857E-02    5.1814E-02    2.1190E-02   -8.6392E-04   -6.2527E-03    6.3197E-02    2.8435E-01   -1.3502E-02   -2.6486E-02   -1.6098E-02    5.0004E-02    2.7966E-01  
  1.8336E+00   -1.5318E+00    1.3496E+00    1.6838E-01   -4.2230E-01    2.4680E-01   -2.2091E-02    4.5986E-02   -2.8362E+00   -3.5495E-01   -6.4248E-03   -2.6705E-02   -3.3556E-02    4.1819E-02    2.7002E-02    9.4735E-03   -1.5612E-02    4.5403E-02    2.8979E-01   -1.3049E-02   -2.8531E-02   -1.5507E-02    5.3197E-02    2.5414E-01  
  1.5510E+00   -1.4577E+00    1.1693E+00    1.7724E-01   -4.8276E-01    2.4087E-01    2.2625E-03    3.4534E-02   -2.8404E+00   -3.0174E-01    1.8899E-02   -4.4587E-03   -2.9141E-02    3.1946E-02    3.0367E-02    1.6322E-02   -1.7746E-02    3.3618E-02    2.9229E-01   -1.1625E-02   -3.1943E-02   -1.6248E-02    5.5180E-02    2.7243E-01  
  1.2712E+00   -1.5456E+00    8.5955E-01    1.7121E-01   -4.5584E-01    2.5229E-01    1.7662E-02    2.6355E-02   -2.8303E+00   -2.6548E-01    3.4183E-02    1.6240E-02   -1.6168E-02    2.2116E-02    3.2837E-02    1.9822E-02   -1.4971E-02    2.6238E-02    2.9278E-01   -8.3726E-03   -3.5392E-02   -1.8145E-02    5.5206E-02    2.7962E-01  
  1.0945E+00   -1.5943E+00    4.9014E-01    1.6357E-01   -3.6964E-01    2.4555E-01    2.7188E-02    2.1683E-02   -2.8106E+00   -2.4446E-01    4.2319E-02    3.2771E-02    1.2696E-03    1.1609E-02    3.4515E-02    2.2176E-02   -1.0374E-02    2.1999E-02    2.9063E-01   -4.0049E-03   -3.7891E-02   -1.9171E-02    5.4597E-02    2.5017E-01  
  1.0415E+00   -1.6063E+00    9.4986E-02    1.6174E-01   -2.5415E-01    1.9895E-01    3.3416E-02    2.0394E-02   -2.7848E+00   -2.3742E-01    4.4439E-02    4.3461E-02    2.0808E-02    9.0275E-04    3.5388E-02    2.3583E-02   -4.9576E-03    2.0496E-02    2.8601E-01    8.9021E-04   -3.9032E-02   -1.9068E-02    5.3663E-02    2.3012E-01  
  1.1169E+00   -1.5831E+00   -3.0092E-01    1.6786E-01   -1.3839E-01    1.0560E-01    3.8910E-02    2.2490E-02   -2.7552E+00   -2.4370E-01    4.1103E-02    4.7726E-02    4.0717E-02   -9.5434E-03    3.5488E-02    2.3749E-02    6.8285E-04    2.1635E-02    2.7934E-01    6.0406E-03   -3.8660E-02   -1.8021E-02    5.2477E-02    1.9838E-01  
  1.3157E+00   -1.5232E+00   -6.7273E-01    1.7929E-01   -5.1148E-02   -2.7419E-02    4.6559E-02    2.8416E-02   -2.7242E+00   -2.6404E-01    3.1993E-02    4.5940E-02    5.8752E-02   -1.9233E-02    3.4911E-02    2.2456E-02    5.4628E-03    2.5501E-02    2.7127E-01    1.1157E-02   -3.6672E-02   -1.6183E-02    5.1322E-02    2.0784E-01  
  1.6166E+00   -1.4243E+00   -9.8648E-01    1.8845E-01   -2.2167E-02   -1.7600E-01    5.9575E-02    3.8772E-02   -2.6953E+00   -2.9984E-01    1.6496E-02    3.9641E-02    7.2302E-02   -2.7369E-02    3.3850E-02    1.9669E-02    8.2754E-03    3.2253E-02    2.6278E-01    1.5756E-02   -3.3303E-02   -1.3678E-02    5.0487E-02    2.1188E-01  
  2.0389E+00   -1.0148E+00   -1.2368E+00    1.8318E-01   -7.8349E-02   -3.0403E-01    8.1313E-02    5.4229E-02   -2.6724E+00   -3.5321E-01   -7.4181E-03    3.1570E-02    7.8737E-02   -3.3317E-02    3.3039E-02    1.4965E-02    7.7290E-03    4.3164E-02    2.5491E-01    1.9092E-02   -2.8252E-02   -1.1318E-02    5.0383E-02    2.4833E-01  
  2.4446E+00   -7.8306E-01   -1.4237E+00    1.4635E-01   -2.4715E-01   -3.6137E-01    1.1573E-01    7.5763E-02   -2.6603E+00   -4.2714E-01   -4.3399E-02    2.6389E-02    7.4196E-02   -3.6990E-02    3.4138E-02    7.3368E-03    7.9023E-04    5.9882E-02    2.4999E-01    1.9851E-02   -2.2172E-02   -1.0404E-02    5.0292E-02    2.5686E-01  
  2.8356E+00   -5.0928E-01   -1.4219E+00    5.6235E-02   -5.5050E-01   -2.8430E-01    1.6608E-01    1.0399E-01   -2.6643E+00   -5.2369E-01   -9.5639E-02    3.2143E-02    5.4171E-02   -3.9691E-02    3.8634E-02   -4.1406E-03   -1.7343E-02    8.3354E-02    2.5173E-01    1.7782E-02   -1.7350E-02   -1.2531E-02    4.8927E-02    3.0451E-01  
  3.0758E+00   -2.9332E-01   -1.2877E+00   -2.0007E-01   -1.1297E+00    5.7113E-03    1.6447E-01    8.5989E-02   -2.7519E+00   -5.8639E-01   -2.0577E-01    7.6044E-02   -3.4216E-02    1.1859E-02    3.9484E-02   -3.2351E-02   -8.9425E-02    1.2300E-01    2.5599E-01    4.1354E-02    3.2533E-03   -1.8989E-02    3.6194E-02    1.5146E-01  
  2.2131E+00   -1.6245E+00    1.2154E+00    1.2546E-01   -3.0139E-01    2.2964E-01   -3.7496E-02    7.8112E-02   -2.8955E+00   -3.4747E-01   -4.5516E-02   -1.4902E-02   -1.9761E-02    4.4552E-02    3.5665E-02   -1.9098E-03   -4.0432E-03    4.5271E-02    3.0467E-01   -1.2329E-02   -3.1747E-02   -1.8116E-02    5.0337E-02    2.5031E-01  
  1.9264E+00   -1.7248E+00    1.1523E+00    1.6261E-01   -4.3195E-01    2.2417E-01   -8.8962E-03    6.3916E-02   -2.8816E+00   -2.7961E-01   -1.4869E-02    7.9715E-03   -2.1743E-02    3.1967E-02    3.8343E-02    9.7458E-03   -1.0735E-02    2.9024E-02    3.0010E-01   -1.2382E-02   -3.4389E-02   -1.5978E-02    5.3625E-02    2.5399E-01  
  1.7658E+00   -1.7232E+00    8.1889E-01    1.7645E-01   -4.5421E-01    2.3566E-01    1.0621E-02    5.3631E-02   -2.8533E+00   -2.3295E-01    4.1908E-03    2.9276E-02   -1.1230E-02    2.1026E-02    4.0099E-02    1.6504E-02   -1.1114E-02    1.8856E-02    2.9468E-01   -9.8245E-03   -3.7578E-02   -1.5606E-02    5.4697E-02    2.7194E-01  
  1.6283E+00   -1.7831E+00    4.5442E-01    1.8097E-01   -4.0343E-01    2.2921E-01    2.3972E-02    4.8084E-02   -2.8157E+00   -2.0539E-01    1.4640E-02    4.6530E-02    6.0262E-03    1.0554E-02    4.0621E-02    2.0717E-02   -8.4696E-03    1.3478E-02    2.8727E-01   -5.6227E-03   -4.0830E-02   -1.5249E-02    5.4464E-02    2.7642E-01  
  1.5859E+00   -1.7999E+00    1.0111E-01    1.8322E-01   -3.1578E-01    1.8304E-01    3.4150E-02    4.6748E-02   -2.7716E+00   -1.9608E-01    1.7531E-02    5.7347E-02    2.6632E-02    5.5701E-04    4.0747E-02    2.2504E-02   -4.3932E-03    1.1808E-02    2.7865E-01    9.1980E-05   -4.2554E-02   -1.4854E-02    5.3145E-02    2.4040E-01  
  1.6532E+00   -1.7691E+00   -2.5298E-01    1.8593E-01   -2.2754E-01    9.0473E-02    4.3946E-02    5.0117E-02   -2.7236E+00   -2.0428E-01    1.3886E-02    6.1481E-02    4.7456E-02   -9.0470E-03    4.0181E-02    2.2409E-02   -2.6717E-04    1.3443E-02    2.6849E-01    6.1487E-03   -4.2500E-02   -1.3764E-02    5.1490E-02    2.0809E-01  
  1.8333E+00   -1.6656E+00   -5.4281E-01    1.8665E-01   -1.7445E-01   -4.1331E-02    5.6462E-02    5.9008E-02   -2.6737E+00   -2.3085E-01    3.5290E-03    5.9552E-02    6.5707E-02   -1.7685E-02    3.8839E-02    2.0571E-02    3.0096E-03    1.8520E-02    2.5715E-01    1.2162E-02   -4.0772E-02   -1.1911E-02    5.0014E-02    2.1907E-01  
  2.1499E+00   -1.3343E+00   -7.4160E-01    1.7813E-01   -1.9242E-01   -1.8838E-01    7.4964E-02    7.3981E-02   -2.6254E+00   -2.7735E-01   -1.4201E-02    5.3037E-02    7.8121E-02   -2.4409E-02    3.6992E-02    1.6760E-02    4.1961E-03    2.7480E-02    2.4537E-01    1.7760E-02   -3.7424E-02   -9.7055E-03    4.9130E-02    2.2358E-01  
  2.4741E+00   -1.0865E+00   -1.0087E+00    1.4878E-01   -3.1454E-01   -3.1472E-01    1.0323E-01    9.6113E-02   -2.5819E+00   -3.4634E-01   -4.1525E-02    4.4969E-02    8.1417E-02   -2.8724E-02    3.5719E-02    1.0502E-02    1.5994E-03    4.1852E-02    2.3453E-01    2.1593E-02   -3.2142E-02   -7.9812E-03    4.9057E-02    2.2429E-01  
  2.5863E+00   -1.4989E+00    1.0659E+00    2.5859E-02   -3.9428E-02    8.0270E-02   -5.6078E-02    1.2434E-01   -2.9723E+00   -3.1920E-01   -1.0196E-01   -1.5504E-02    1.1947E-02    4.6826E-02    4.7642E-02   -2.6110E-02    1.2535E-02    3.9537E-02    3.2762E-01   -1.1317E-02   -3.2557E-02   -2.2980E-02    4.5711E-02    2.2536E-01  
  2.3720E+00   -1.6531E+00    1.0638E+00    9.6190E-02   -2.7235E-01    7.4489E-02   -2.1664E-02    1.0689E-01   -2.9337E+00   -2.3543E-01   -6.5354E-02    8.0103E-03    1.2916E-04    3.2025E-02    4.9767E-02   -1.0052E-02    1.0234E-03    1.8934E-02    3.1584E-01   -1.0978E-02   -3.4429E-02   -1.9769E-02    4.9065E-02    2.2900E-01  
  2.2139E+00   -1.7469E+00    9.9076E-01    1.3598E-01   -3.7935E-01    8.6592E-02    2.3553E-03    9.6173E-02   -2.8834E+00   -1.7759E-01   -4.0611E-02    3.1439E-02    2.0938E-03    1.8606E-02    4.8666E-02    2.3501E-03   -4.4695E-03    5.6938E-03    3.0141E-01   -1.0425E-02   -3.7871E-02   -1.6410E-02    5.2086E-02    2.7334E-01  
  2.1312E+00   -1.7833E+00    7.8876E-01    1.5590E-01   -3.9927E-01    8.0637E-02    2.0712E-02    9.0393E-02   -2.8226E+00   -1.4293E-01   -2.6678E-02    5.0157E-02    1.4671E-02    7.6271E-03    4.6859E-02    1.0061E-02   -5.2942E-03   -1.1212E-03    2.8671E-01   -7.0560E-03   -4.1941E-02   -1.3985E-02    5.3055E-02    2.7367E-01  
  2.1365E+00   -1.7648E+00    5.0585E-01    1.6377E-01   -3.7467E-01    3.5324E-02    3.6114E-02    9.0009E-02   -2.7549E+00   -1.3110E-01   -2.2060E-02    6.1725E-02    3.2422E-02   -2.0361E-03    4.5053E-02    1.3523E-02   -3.7356E-03   -3.1541E-03    2.7195E-01   -1.7084E-03   -4.4627E-02   -1.2277E-02    5.2346E-02    2.8534E-01  
  2.2302E+00   -1.6854E+00    1.8251E-01    1.6296E-01   -3.4872E-01   -5.5681E-02    5.1695E-02    9.5788E-02   -2.6827E+00   -1.4125E-01   -2.5553E-02    6.6148E-02    5.0932E-02   -1.0610E-02    4.2737E-02    1.3967E-02   -1.7161E-03   -8.9084E-04    2.5658E-01    4.7427E-03   -4.5667E-02   -1.0628E-02    5.0880E-02    2.2014E-01  
  2.4044E+00   -1.5365E+00   -1.6051E-01    1.5173E-01   -3.6390E-01   -1.8507E-01    7.0826E-02    1.0885E-01   -2.6079E+00   -1.7437E-01   -3.7106E-02    6.4378E-02    6.6415E-02   -1.7624E-02    3.9990E-02    1.2102E-02   -3.9510E-04    5.8757E-03    2.4062E-01    1.1708E-02   -4.4670E-02   -8.5122E-03    4.9476E-02    2.2570E-01  
  2.6388E+00   -1.3151E+00   -4.9534E-01    1.2381E-01   -4.6100E-01   -3.2880E-01    9.7093E-02    1.3063E-01   -2.5333E+00   -2.3220E-01   -5.7167E-02    5.8176E-02    7.5170E-02   -2.2535E-02    3.7274E-02    8.0029E-03   -1.0753E-03    1.7636E-02    2.2495E-01    1.7974E-02   -4.1464E-02   -6.2542E-03    4.8648E-02    2.3118E-01  
  2.9075E+00   -1.0086E+00   -6.8737E-01    6.7713E-02   -6.7949E-01   -4.5152E-01    1.3440E-01    1.6178E-01   -2.4621E+00   -3.1805E-01   -8.8190E-02    5.0248E-02    7.2469E-02   -2.4500E-02    3.5357E-02    3.5837E-04   -6.0442E-03    3.5862E-02    2.1026E-01    2.2761E-02   -3.6173E-02   -5.0633E-03    4.8540E-02    2.2881E-01  
  3.0604E+00   -9.6740E-01    7.3498E-01   -8.9545E-02    2.2501E-01   -1.8944E-01   -1.1414E-01    2.4796E-01   -3.2076E+00   -2.7146E-01   -1.9827E-01   -2.1255E-02    3.2175E-02   -1.1273E-03   -9.4281E-03   -9.4149E-02    5.0040E-02    2.6005E-02    3.3241E-01   -4.6606E-02   -4.9947E-02   -2.4090E-02    2.2797E-02    1.1855E-01  
  2.7693E+00   -1.4024E+00    8.8703E-01   -5.4566E-02    1.8574E-02   -2.8467E-01   -3.3009E-02    1.6145E-01   -2.9955E+00   -1.6348E-01   -1.3999E-01   -1.7844E-02    4.3338E-02    3.0246E-02    6.6083E-02   -4.8682E-02    1.8323E-02    9.2234E-05    3.4177E-01   -1.0208E-02   -3.4055E-02   -2.4500E-02    4.4219E-02    2.3399E-01  
  2.6763E+00   -1.5400E+00    9.0208E-01    2.2587E-02   -2.1854E-01   -2.6725E-01   -6.6221E-03    1.5881E-01   -2.9217E+00   -9.1702E-02   -1.0521E-01    1.2392E-02    2.6919E-02    1.3930E-02    5.9059E-02   -2.7088E-02    5.5498E-03   -1.5362E-02    3.1417E-01   -1.0561E-02   -3.7579E-02   -2.0380E-02    4.7977E-02    2.6515E-01  
  2.6335E+00   -1.5944E+00    7.7644E-01    6.1182E-02   -3.5010E-01   -2.7287E-01    1.8145E-02    1.5368E-01   -2.8311E+00   -4.9902E-02   -8.6933E-02    3.2846E-02    2.9405E-02    1.1976E-03    5.4332E-02   -1.5366E-02    5.6032E-05   -2.4561E-02    2.9071E-01   -8.5700E-03   -4.1252E-02   -1.6412E-02    5.0209E-02    2.9350E-01  
  2.6570E+00   -1.5729E+00    5.5882E-01    7.7547E-02   -4.2947E-01   -3.1604E-01    4.0282E-02    1.5611E-01   -2.7336E+00   -3.4778E-02   -7.9439E-02    4.6687E-02    3.9097E-02   -8.3453E-03    4.8913E-02   -8.1916E-03   -2.3383E-03   -2.6816E-02    2.6760E-01   -4.2112E-03   -4.5066E-02   -1.2819E-02    5.0908E-02    3.0266E-01  
  2.7475E+00   -1.4746E+00    3.0771E-01    7.5280E-02   -5.0601E-01   -4.0336E-01    6.3419E-02    1.6676E-01   -2.6306E+00   -4.6138E-02   -8.1689E-02    5.3286E-02    5.0759E-02   -1.5441E-02    4.3603E-02   -4.8643E-03   -3.3130E-03   -2.3227E-02    2.4495E-01    2.1826E-03   -4.7491E-02   -9.4272E-03    5.0502E-02    2.6910E-01  
  2.8985E+00   -1.2920E+00    3.4395E-02    5.2896E-02   -6.2833E-01   -5.2774E-01    9.1492E-02    1.8708E-01   -2.5229E+00   -8.5749E-02   -9.3537E-02    5.3089E-02    5.9897E-02   -2.0389E-02    3.8465E-02   -5.0097E-03   -4.4577E-03   -1.4112E-02    2.2283E-01    9.6087E-03   -4.7735E-02   -6.3333E-03    4.9700E-02    2.2942E-01  
  3.0897E+00   -1.0348E+00   -2.3286E-01    3.7154E-03   -8.4355E-01   -6.6830E-01    1.2773E-01    2.1631E-01   -2.4167E+00   -1.5779E-01   -1.1581E-01    4.6815E-02    6.1089E-02   -2.3580E-02    3.0931E-02   -8.1568E-03   -7.2938E-03    1.4943E-04    2.0131E-01    1.7234E-02   -4.8049E-02   -3.9092E-03    4.9653E-02    2.3209E-01  
  2.9738E+00   -1.1070E+00   -5.3310E-01   -3.1512E-01   -1.5198E+00   -9.8248E-01    5.8005E-02    4.7828E-02   -2.5609E+00   -2.7016E-01   -2.0291E-01   -3.1897E-02   -6.8662E-02    3.6058E-02   -8.4776E-02   -5.3659E-02   -3.7251E-02    2.0401E-02    1.3372E-01    6.0317E-02   -6.6930E-02   -1.2378E-02    5.0159E-02    2.0378E-01  
