 -2.5057E-01   -6.5891E+00   -7.1976E+00   -1.2010E+00   -2.5940E+00   -1.4565E+00    9.7633E-01    3.2017E-01    9.3350E-01    3.5333E-01   -5.9141E-01   -6.6110E-01   -7.1443E-01    1.4033E-01   -8.8375E-01    5.2018E-01    1.1468E-01    4.3967E-01    9.5341E-01   -2.6577E-02   -3.7081E-02   -8.0396E-02    5.2451E-01    3.1381E+00  
  7.2608E-01   -1.0111E+01   -8.9316E+00    6.4778E-01   -4.8656E-01   -7.9239E-02    2.0570E-01   -1.3239E+00   -3.0805E-01   -3.4074E-02   -2.5218E-01    1.6379E-01    1.2949E-01   -1.2396E-01   -2.7440E-01    2.7103E-01    1.7004E-02    3.3622E-01    3.9051E-01    1.6003E-02   -7.5704E-02   -7.9643E-02    4.6937E-01    3.1366E+00  
  1.4543E-02   -1.1748E+01   -5.6731E+00    8.2545E-01   -1.9387E-01    6.9501E-02    1.3247E-01   -1.3840E+00   -2.6646E-01   -1.7713E-01   -2.1106E-01    2.7346E-01    1.4067E-01   -1.6413E-01   -1.4588E-01    2.0147E-01   -7.1863E-03    3.6621E-01    2.4248E-01   -3.2407E-02   -9.2755E-02   -7.8751E-02    4.3241E-01    2.9979E+00  
 -4.7584E-01   -1.3687E+01   -2.7996E+00    8.7345E-01   -7.1666E-02    1.2263E-01    7.2803E-02   -1.3641E+00   -1.3490E-01   -2.3540E-01   -2.0875E-01    3.0765E-01    7.5098E-02   -1.9584E-01   -7.4253E-02    1.8240E-01   -6.0273E-03    3.9657E-01    1.2484E-01   -6.6321E-02   -5.4179E-02   -8.1569E-02    4.1330E-01    2.8750E+00  
 -6.6449E-01   -1.4374E+01   -2.5958E-03    8.8838E-01    7.1806E-04    1.4239E-01    1.3655E-03   -1.3575E+00   -1.9087E-03   -2.5414E-01   -2.0786E-01    3.1975E-01   -8.5770E-04   -2.0715E-01    1.7112E-03    1.7658E-01   -2.7903E-04    4.0659E-01    1.5975E-03   -7.8637E-02   -7.6793E-03   -8.2555E-02    4.0658E-01    2.7675E+00  
 -4.7497E-01   -1.3700E+01    2.7967E+00    8.7377E-01    7.3281E-02    1.2218E-01   -6.9973E-02   -1.3637E+00    1.3147E-01   -2.3470E-01   -2.0790E-01    3.0860E-01   -7.6603E-02   -1.9716E-01    7.7864E-02    1.8300E-01    5.5196E-03    3.9547E-01   -1.2151E-01   -6.7843E-02    3.8827E-02   -8.1249E-02    4.1201E-01    2.8736E+00  
  1.6396E-02   -1.1774E+01    5.6736E+00    8.2595E-01    1.9585E-01    6.8591E-02   -1.2940E-01   -1.3834E+00    2.6393E-01   -1.7533E-01   -2.0995E-01    2.7519E-01   -1.4167E-01   -1.6647E-01    1.4993E-01    2.0219E-01    6.9330E-03    3.6456E-01   -2.3904E-01   -3.5241E-02    7.7259E-02   -7.8528E-02    4.3009E-01    2.9944E+00  
  7.2755E-01   -1.0140E+01    8.9383E+00    6.4701E-01    4.9095E-01   -8.2274E-02   -2.0329E-01   -1.3210E+00    3.0423E-01   -3.0420E-02   -2.5158E-01    1.6503E-01   -1.2894E-01   -1.2664E-01    2.8116E-01    2.7173E-01   -1.7042E-02    3.3466E-01   -3.8825E-01    1.0734E-02    5.8972E-02   -7.9207E-02    4.6618E-01    3.1303E+00  
 -2.3042E-01   -6.6337E+00    7.2227E+00   -1.1941E+00    2.5827E+00   -1.4528E+00   -9.7106E-01    3.1789E-01   -9.2568E-01    3.6082E-01   -5.8864E-01   -6.5788E-01    7.1366E-01    1.3260E-01    8.8892E-01    5.1821E-01   -1.1354E-01    4.3725E-01   -9.5196E-01   -3.1138E-02    1.8860E-02   -8.0831E-02    5.2090E-01    3.1275E+00  
  2.7858E-01   -6.6651E+00   -1.0824E+01    7.2721E-01   -1.9082E-01    3.8570E-01    2.1764E-01   -1.5167E+00   -3.2126E-01    1.0843E-01   -1.9285E-01    1.4928E-01    2.2952E-01    2.1727E-02   -1.5361E-01    2.0461E-01   -7.9728E-03    1.5006E-01    3.9721E-01    7.7536E-02   -9.1560E-02   -7.2029E-02    4.5352E-01    3.0276E+00  
 -9.0365E-01   -9.1219E+00   -9.9040E+00    8.3443E-01    1.9925E-02    4.3709E-01    1.9589E-01   -1.4963E+00   -2.5728E-01    5.9409E-03   -1.8069E-01    2.0256E-01    2.1016E-01   -4.6708E-02   -1.2389E-01    1.5307E-01   -2.5365E-02    2.2054E-01    3.0774E-01    3.3751E-02   -9.0037E-02   -6.5299E-02    4.0839E-01    2.8135E+00  
 -1.9703E+00   -1.2446E+01   -8.4674E+00    8.9234E-01    9.0697E-02    5.0725E-01    1.4844E-01   -1.4788E+00   -1.7710E-01   -6.7248E-02   -1.8042E-01    2.4735E-01    1.5615E-01   -9.0608E-02   -8.6566E-02    1.1832E-01   -2.6482E-02    2.7180E-01    2.1291E-01   -5.4693E-03   -7.5460E-02   -6.0481E-02    3.7728E-01    2.6209E+00  
 -2.6933E+00   -1.3891E+01   -3.3965E+00    9.2104E-01    6.9240E-02    5.6423E-01    8.0306E-02   -1.4678E+00   -9.0468E-02   -1.1060E-01   -1.8329E-01    2.7848E-01    8.2457E-02   -1.1636E-01   -4.2867E-02    9.7115E-02   -1.6377E-02    3.0268E-01    1.0890E-01   -3.2343E-02   -4.7140E-02   -5.7140E-02    3.5951E-01    2.5116E+00  
 -2.9048E+00   -1.4299E+01   -8.5279E-03    9.2907E-01    1.1182E-03    5.8490E-01    1.8172E-03   -1.4635E+00   -1.0503E-03   -1.2442E-01   -1.8475E-01    2.8945E-01   -2.5739E-04   -1.2530E-01    1.6938E-03    9.0555E-02    2.9096E-05    3.1299E-01    1.9947E-03   -4.2798E-02   -8.7448E-03   -5.6615E-02    3.5387E-01    2.3923E+00  
 -2.6935E+00   -1.3904E+01    3.3799E+00    9.2144E-01   -6.7014E-02    5.6378E-01   -7.6802E-02   -1.4671E+00    8.8586E-02   -1.1006E-01   -1.8274E-01    2.7927E-01   -8.3085E-02   -1.1844E-01    4.6398E-02    9.7551E-02    1.6282E-02    3.0161E-01   -1.0506E-01   -3.3979E-02    2.9830E-02   -5.7356E-02    3.5857E-01    2.5098E+00  
 -1.9705E+00   -1.2466E+01    8.4563E+00    8.9305E-01   -8.8274E-02    5.0636E-01   -1.4508E-01   -1.4775E+00    1.7598E-01   -6.5905E-02   -1.7967E-01    2.4871E-01   -1.5675E-01   -9.4393E-02    9.0548E-02    1.1899E-01    2.6157E-02    2.6996E-01   -2.0939E-01   -8.4918E-03    5.8342E-02   -6.0796E-02    3.7559E-01    2.6174E+00  
 -9.0307E-01   -9.1511E+00    9.9097E+00    8.3546E-01   -1.7145E-02    4.3587E-01   -1.9242E-01   -1.4946E+00    2.5743E-01    8.5814E-03   -1.8026E-01    2.0427E-01   -2.1054E-01   -5.1737E-02    1.2848E-01    1.5347E-01    2.5121E-02    2.1853E-01   -3.0459E-01    2.9464E-02    7.2823E-02   -6.5645E-02    4.0628E-01    2.8084E+00  
  2.8061E-01   -6.7014E+00    1.0833E+01    7.2874E-01    1.9370E-01    3.8432E-01   -2.1416E-01   -1.5148E+00    3.2308E-01    1.1264E-01   -1.9278E-01    1.5121E-01   -2.2990E-01    1.5479E-02    1.5896E-01    2.0457E-01    7.8648E-03    1.4808E-01   -3.9440E-01    7.2195E-02    7.4202E-02   -7.2412E-02    4.5145E-01    3.0202E+00  
 -1.0054E+00   -1.9219E+00   -1.3150E+01    7.5966E-01    2.5049E-01    5.5103E-01    2.2609E-01   -1.6248E+00   -1.7937E-01    1.2878E-01   -1.5547E-01    9.9698E-02    2.3812E-01    3.8961E-02   -7.2465E-02    1.4490E-01   -4.0842E-02    6.5953E-02    3.3145E-01    6.6308E-02   -5.6130E-02   -5.4143E-02    4.0736E-01    2.7139E+00  
 -2.4177E+00   -3.3775E+00   -1.1490E+01    8.1611E-01    3.3008E-01    6.0303E-01    2.0351E-01   -1.6159E+00   -1.4407E-01    5.2747E-02   -1.5914E-01    1.3899E-01    2.0226E-01   -1.2908E-02   -6.1478E-02    1.0786E-01   -4.9327E-02    1.3634E-01    2.6048E-01    3.6794E-02   -6.3152E-02   -4.6779E-02    3.6286E-01    2.4840E+00  
  1.4592E+00    3.2952E+00   -1.2618E+00    8.3991E-01    2.8881E-01    6.7509E-01    1.5376E-01   -1.6098E+00   -9.8379E-02    2.7760E-03   -1.6967E-01    1.7297E-01    1.4457E-01   -4.6882E-02   -4.4104E-02    8.1798E-02   -4.2811E-02    1.8982E-01    1.8195E-01    9.0781E-03   -5.5537E-02   -3.9918E-02    3.3136E-01    2.3237E+00  
  2.1777E+00    5.1388E+00    2.0851E-01    8.4821E-01    1.6553E-01    7.3343E-01    8.3245E-02   -1.6070E+00   -4.9535E-02   -2.5207E-02   -1.7910E-01    1.9697E-01    7.4955E-02   -6.7113E-02   -2.2158E-02    6.4353E-02   -2.5142E-02    2.2312E-01    9.4225E-02   -9.4577E-03   -3.5993E-02   -3.3847E-02    3.1256E-01    2.2048E+00  
  2.1292E+00    5.1760E+00    1.1400E-03    8.5014E-01    1.6264E-03    7.5513E-01    2.2116E-03   -1.6063E+00   -3.1998E-04   -3.4249E-02   -1.8191E-01    2.0591E-01    1.4287E-04   -7.4394E-02    1.3706E-03    5.8128E-02    8.5994E-05    2.3372E-01    2.0993E-03   -1.6171E-02   -9.9936E-03   -3.1389E-02    3.0648E-01    2.1259E+00  
  2.1792E+00    5.1388E+00   -2.0624E-01    8.4869E-01   -1.6226E-01    7.3309E-01   -7.8972E-02   -1.6063E+00    4.9173E-02   -2.4805E-02   -1.7894E-01    1.9779E-01   -7.4742E-02   -6.9501E-02    2.5119E-02    6.4376E-02    2.5279E-02    2.2229E-01   -9.0124E-02   -1.1007E-02    1.6302E-02   -3.4283E-02    3.1202E-01    2.2023E+00  
  1.4615E+00    3.2907E+00    1.2626E+00    8.4100E-01   -2.8550E-01    6.7451E-01   -1.4990E-01   -1.6082E+00    9.8797E-02    3.6513E-03   -1.6932E-01    1.7445E-01   -1.4467E-01   -5.1469E-02    4.7607E-02    8.2031E-02    4.2630E-02    1.8818E-01   -1.7827E-01    6.1190E-03    3.6559E-02   -4.0439E-02    3.3025E-01    2.3194E+00  
 -2.4195E+00   -3.4122E+00    1.1495E+01    8.1779E-01   -3.2650E-01    6.0242E-01   -1.9985E-01   -1.6139E+00    1.4590E-01    5.4589E-02   -1.5890E-01    1.4089E-01   -2.0256E-01   -1.9079E-02    6.5576E-02    1.0804E-01    4.8951E-02    1.3437E-01   -2.5726E-01    3.2772E-02    4.4656E-02   -4.6986E-02    3.6132E-01    2.4779E+00  
 -1.0059E+00   -1.9558E+00    1.3156E+01    7.6186E-01   -2.4662E-01    5.5057E-01   -2.2257E-01   -1.6226E+00    1.8298E-01    1.3207E-01   -1.5556E-01    1.0185E-01   -2.3856E-01    3.1562E-02    7.7152E-02    1.4477E-01    4.0642E-02    6.4111E-02   -3.2874E-01    6.1395E-02    3.7774E-02   -5.4130E-02    4.0572E-01    2.7075E+00  
  6.1378E-01    3.6915E+00   -5.6610E+00   -1.0519E+00   -2.4508E+00    1.4432E+00    1.1238E+00   -6.7974E-01    6.7686E-01   -9.2132E-01   -4.3854E-01    2.5941E-03   -8.2038E-01    9.0661E-01    4.2395E-01    3.9527E-01    1.4064E-01   -6.5344E-01    7.5209E-01    7.3046E-02   -1.1415E-01   -5.0984E-02    6.1070E-01    3.3481E+00  
  1.1161E+00    1.7372E+00   -1.0644E+01    5.0238E-01    1.2766E-01    6.7357E-01    1.6499E-01   -1.7255E+00   -2.6576E-02    2.9192E-01   -1.5898E-01   -7.7116E-03    2.1183E-01    1.6562E-01    9.0092E-03    2.0873E-01   -2.6486E-03   -1.8341E-01    3.5580E-01    6.3136E-02    3.4775E-02   -5.3268E-02    5.0014E-01    3.1141E+00  
 -3.7117E-01    1.4927E+00   -1.2824E+01    6.3520E-01    4.1580E-01    5.3632E-01    2.0671E-01   -1.7387E+00   -5.8713E-02    1.9151E-01   -1.3279E-01    5.9114E-03    2.2419E-01    9.0658E-02   -1.2335E-02    1.5998E-01   -4.1007E-02   -8.7247E-02    3.1413E-01    5.9264E-02   -2.2972E-03   -4.6264E-02    4.2775E-01    2.7720E+00  
 -1.9551E+00    1.3358E+00   -1.3138E+01    6.9753E-01    5.3769E-01    5.2307E-01    2.1601E-01   -1.7497E+00   -6.4101E-02    1.1474E-01   -1.3000E-01    3.1339E-02    2.0317E-01    3.7580E-02   -2.1608E-02    1.2534E-01   -6.0541E-02   -4.5087E-03    2.6751E-01    4.5712E-02   -2.6327E-02   -3.8336E-02    3.7020E-01    2.4760E+00  
  2.0129E+00    5.0739E+00    7.2845E-01    7.1668E-01    5.2505E-01    5.7767E-01    1.9425E-01   -1.7616E+00   -5.4818E-02    6.2372E-02   -1.4172E-01    6.0635E-02    1.6325E-01    8.7811E-04   -2.2377E-02    9.9596E-02   -6.5194E-02    6.4072E-02    2.1288E-01    2.7795E-02   -3.7227E-02   -2.8703E-02    3.2533E-01    2.2831E+00  
  1.7447E+00    5.2359E+00    5.3304E-01    7.1387E-01    4.0930E-01    6.5246E-01    1.4642E-01   -1.7725E+00   -3.8454E-02    3.0994E-02   -1.5866E-01    8.6388E-02    1.1189E-01   -2.3248E-02   -1.7493E-02    8.0505E-02   -5.5668E-02    1.1682E-01    1.4900E-01    1.1501E-02   -3.5682E-02   -1.7882E-02    2.9227E-01    2.0611E+00  
  1.5715E+00    5.3312E+00    2.7959E-01    7.0576E-01    2.2293E-01    7.1233E-01    7.9340E-02   -1.7804E+00   -1.9407E-02    1.4807E-02   -1.7267E-01    1.0402E-01    5.6518E-02   -3.7873E-02   -9.1185E-03    6.7202E-02   -3.2583E-02    1.4960E-01    7.7068E-02    8.6949E-04   -2.5635E-02   -7.7153E-03    2.7153E-01    1.9398E+00  
  1.5130E+00    5.3626E+00    1.2559E-03    7.0229E-01    2.4240E-03    7.3463E-01    2.6645E-03   -1.7829E+00    5.4256E-04    9.9995E-03   -1.7779E-01    1.1036E-01    6.2965E-04   -4.3466E-02    1.1575E-03    6.2769E-02    5.5632E-05    1.6021E-01    2.3062E-03   -3.2094E-03   -1.0935E-02   -3.4810E-03    2.6416E-01    1.8674E+00  
  1.5733E+00    5.3316E+00   -2.7709E-01    7.0645E-01   -2.1811E-01    7.1232E-01   -7.4223E-02   -1.7794E+00    2.0732E-02    1.5193E-02   -1.7276E-01    1.0508E-01   -5.5397E-02   -4.0384E-02    1.1588E-02    6.7052E-02    3.2720E-02    1.4916E-01   -7.2633E-02   -5.8334E-04    4.0349E-03   -8.0279E-03    2.7102E-01    1.9355E+00  
  1.7482E+00    5.2367E+00   -5.3062E-01    7.1531E-01   -4.0449E-01    6.5247E-01   -1.4184E-01   -1.7707E+00    4.0548E-02    3.1774E-02   -1.5869E-01    8.8299E-02   -1.1122E-01   -2.8113E-02    2.0427E-02    8.0371E-02    5.5706E-02    1.1589E-01   -1.4507E-01    8.7793E-03    1.4871E-02   -1.8342E-02    2.9126E-01    2.0544E+00  
  2.0178E+00    5.0750E+00   -7.2617E-01    7.1897E-01   -5.2017E-01    5.7779E-01   -1.9039E-01   -1.7590E+00    5.8258E-02    6.3619E-02   -1.4170E-01    6.2911E-02   -1.6327E-01   -5.9218E-03    2.6058E-02    9.9615E-02    6.4763E-02    6.2546E-02   -2.0964E-01    2.4246E-02    1.7568E-02   -2.8757E-02    3.2387E-01    2.2756E+00  
 -1.9579E+00    1.3078E+00    1.3155E+01    7.0030E-01   -5.3246E-01    5.2357E-01   -2.1257E-01   -1.7470E+00    6.9313E-02    1.1720E-01   -1.3021E-01    3.3826E-02   -2.0358E-01    2.9552E-02    2.5733E-02    1.2517E-01    6.0192E-02   -5.9687E-03   -2.6497E-01    4.1542E-02    7.1184E-03   -3.8060E-02    3.6852E-01    2.4695E+00  
 -3.7116E-01    1.4739E+00    1.2849E+01    6.3861E-01   -4.1048E-01    5.3742E-01   -2.0365E-01   -1.7361E+00    6.5986E-02    1.9556E-01   -1.3301E-01    8.3290E-03   -2.2516E-01    8.1634E-02    1.6839E-02    1.5953E-01    4.1046E-02   -8.8336E-02   -3.1227E-01    5.4663E-02   -1.6647E-02   -4.5587E-02    4.2612E-01    2.7652E+00  
  1.1189E+00    1.7212E+00    1.0673E+01    5.0659E-01   -1.2283E-01    6.7535E-01   -1.6218E-01   -1.7236E+00    3.5986E-02    2.9801E-01   -1.5884E-01   -5.8076E-03   -2.1366E-01    1.5570E-01   -3.8785E-03    2.0805E-01    3.0664E-03   -1.8381E-01   -3.5462E-01    5.7964E-02   -5.3693E-02   -5.2296E-02    4.9871E-01    3.1076E+00  
  4.6407E-01    3.7629E+00    5.4849E+00   -1.1336E+00    2.5749E+00    1.5722E+00   -1.1998E+00   -6.4848E-01   -6.1513E-01   -1.0154E+00   -4.5041E-01    3.6956E-02    8.4552E-01    8.8729E-01   -4.7464E-01    3.9755E-01   -1.4715E-01   -6.6288E-01   -7.4341E-01    8.7001E-02    9.6501E-02   -5.0214E-02    6.1048E-01    3.3498E+00  
  2.0279E+00    5.0497E+00   -6.7028E+00    2.5558E-01    1.1134E-01    8.9429E-01    1.0475E-01   -1.7487E+00    1.5430E-01    2.4258E-01   -1.8805E-01   -1.1579E-02    1.2493E-01    1.9620E-01    1.4069E-01    2.4572E-01    4.0226E-02   -3.6373E-01    2.7494E-01    1.0254E-02    7.8495E-02   -4.1048E-02    5.6550E-01    3.2558E+00  
  8.3259E-01    7.1572E+00   -8.9168E+00    4.7367E-01    4.8771E-01    5.2933E-01    1.3166E-01   -1.8117E+00    7.8093E-02    1.9954E-01   -1.2100E-01   -4.7230E-02    1.8684E-01    1.1287E-01    5.7579E-02    1.8534E-01   -2.1567E-02   -2.3006E-01    2.5464E-01    1.8824E-02    4.6773E-02   -3.9616E-02    4.7181E-01    2.9114E+00  
 -7.1942E-01    9.3492E+00   -1.2107E+01    5.5904E-01    6.5658E-01    3.8886E-01    1.7270E-01   -1.8448E+00    3.4287E-02    1.2761E-01   -1.0075E-01   -4.2743E-02    1.7651E-01    6.3058E-02    2.5050E-02    1.5256E-01   -5.2725E-02   -1.3832E-01    2.3159E-01    2.4590E-02    1.3837E-02   -3.2961E-02    4.0028E-01    2.5493E+00  
  1.9010E+00    4.9133E+00    1.0886E+00    5.8422E-01    6.9143E-01    3.7639E-01    1.8389E-01   -1.8783E+00    1.1266E-02    7.6316E-02   -1.0155E-01   -2.5089E-02    1.4610E-01    2.8697E-02    8.1149E-03    1.3227E-01   -6.8248E-02   -5.9724E-02    2.0110E-01    2.2212E-02   -9.6796E-03   -2.5432E-02    3.4261E-01    2.2474E+00  
  1.5109E+00    5.1066E+00    9.1367E-01    5.7507E-01    6.1748E-01    4.3301E-01    1.6644E-01   -1.9118E+00    8.3262E-04    4.6058E-02   -1.1569E-01   -3.0757E-03    1.0752E-01    5.3833E-03   -2.9671E-04    1.1904E-01   -7.2938E-02    7.3733E-03    1.6181E-01    1.5393E-02   -2.1068E-02   -1.3692E-02    2.9595E-01    2.0304E+00  
  1.2024E+00    5.2413E+00    6.5300E-01    5.5344E-01    4.6063E-01    5.1017E-01    1.2665E-01   -1.9401E+00   -2.3462E-03    3.0309E-02   -1.3305E-01    1.6669E-02    6.8966E-02   -1.0645E-02   -2.7682E-03    1.1089E-01   -6.3072E-02    5.8169E-02    1.1371E-01    8.3438E-03   -2.3134E-02    3.5228E-03    2.5903E-01    1.8253E+00  
  1.0037E+00    5.3209E+00    3.3836E-01    5.3497E-01    2.4569E-01    5.7166E-01    6.9708E-02   -1.9584E+00   -1.4609E-03    2.3252E-02   -1.4744E-01    3.0519E-02    3.3940E-02   -2.0678E-02   -1.7534E-03    1.0606E-01   -3.7104E-02    8.9465E-02    5.9609E-02    3.0457E-03   -1.8989E-02    2.0159E-02    2.3532E-01    1.7296E+00  
  9.3659E-01    5.3473E+00    1.5571E-03    5.2805E-01    3.4912E-03    5.9452E-01    3.1697E-03   -1.9646E+00    1.5391E-03    2.1370E-02   -1.5278E-01    3.6079E-02    1.1235E-03   -2.4796E-02    1.0134E-03    1.0464E-01   -8.2194E-05    1.0024E-01    2.5907E-03    8.2779E-04   -1.1518E-02    2.6593E-02    2.2719E-01    1.6202E+00  
  1.0057E+00    5.3217E+00   -3.3526E-01    5.3575E-01   -2.3873E-01    5.7193E-01   -6.3621E-02   -1.9574E+00    4.7639E-03    2.3627E-02   -1.4789E-01    3.1673E-02   -3.1867E-02   -2.3211E-02    3.9082E-03    1.0568E-01    3.7038E-02    8.9410E-02   -5.4649E-02    1.8583E-03   -3.7788E-03    1.9977E-02    2.3474E-01    1.7240E+00  
  1.2063E+00    5.2428E+00   -6.4998E-01    5.5497E-01   -4.5374E-01    5.1074E-01   -1.2127E-01   -1.9381E+00    6.3443E-03    3.1081E-02   -1.3369E-01    1.8821E-02   -6.7380E-02   -1.5550E-02    5.3143E-03    1.1030E-01    6.3195E-02    5.7960E-02   -1.0935E-01    6.1457E-03    1.1495E-03    3.0581E-03    2.5796E-01    1.8163E+00  
  1.5165E+00    5.1089E+00   -9.1087E-01    5.7751E-01   -6.1068E-01    4.3394E-01   -1.6203E-01   -1.9090E+00    4.2801E-03    4.7209E-02   -1.1631E-01   -4.1225E-04   -1.0689E-01   -1.5709E-03    3.3827E-03    1.1860E-01    7.2841E-02    6.8819E-03   -1.5845E-01    1.2504E-02    1.9934E-04   -1.4023E-02    2.9443E-01    2.0210E+00  
  1.9081E+00    4.9162E+00   -1.0859E+00    5.8745E-01   -6.8459E-01    3.7780E-01   -1.8056E-01   -1.8752E+00   -4.5629E-03    7.8134E-02   -1.0193E-01   -2.2372E-02   -1.4647E-01    2.0291E-02   -4.4132E-03    1.3212E-01    6.7838E-02   -6.0545E-02   -1.9875E-01    1.9050E-02   -1.0108E-02   -2.5176E-02    3.4079E-01    2.2417E+00  
 -7.2046E-01    9.3420E+00    1.2137E+01    5.6260E-01   -6.4944E-01    3.9110E-01   -1.7003E-01   -1.8420E+00   -2.5662E-02    1.3081E-01   -1.0101E-01   -4.0091E-02   -1.7742E-01    5.3871E-02   -2.1218E-02    1.5236E-01    5.2650E-02   -1.3878E-01   -2.3015E-01    2.1218E-02   -3.3179E-02   -3.2547E-02    3.9847E-01    2.5435E+00  
  8.3506E-01    7.1475E+00    8.9416E+00    4.7764E-01   -4.8083E-01    5.3265E-01   -1.2955E-01   -1.8095E+00   -6.7352E-02    2.0448E-01   -1.2071E-01   -4.4881E-02   -1.8857E-01    1.0285E-01   -5.3504E-02    1.8511E-01    2.1812E-02   -2.2983E-01   -2.5393E-01    1.5252E-02   -6.6082E-02   -3.9176E-02    4.7021E-01    2.9085E+00  
  2.0348E+00    5.0416E+00    6.7326E+00    2.6129E-01   -1.0764E-01    8.9855E-01   -1.0144E-01   -1.7486E+00   -1.4059E-01    2.5161E-01   -1.8675E-01   -9.7456E-03   -1.2921E-01    1.8372E-01   -1.3501E-01    2.4511E-01   -3.9545E-02   -3.6158E-01   -2.7434E-01    6.2842E-03   -9.9274E-02   -4.1098E-02    5.6452E-01    3.2530E+00  
  2.0599E+00    7.8334E+00   -4.2171E+00    2.6835E-01    4.9368E-01    6.6376E-01    4.1766E-03   -1.8288E+00    2.2698E-01    1.5580E-01   -1.3234E-01   -5.4808E-02    1.4432E-01    1.0968E-01    1.4965E-01    2.1730E-01    4.6577E-03   -3.6173E-01    1.6061E-01   -4.2010E-02    7.3499E-02   -2.8495E-02    5.3828E-01    3.1619E+00  
  9.4897E-01    1.1319E+01   -6.1208E+00    3.9709E-01    6.9029E-01    3.2496E-01    7.5402E-02   -1.8838E+00    1.3941E-01    9.9673E-02   -8.6308E-02   -7.0730E-02    1.4447E-01    6.6479E-02    8.2426E-02    1.8015E-01   -2.9118E-02   -2.5928E-01    1.5665E-01   -1.9767E-02    4.1913E-02   -2.6285E-02    4.5248E-01    2.7156E+00  
  1.6723E+00    5.9171E+00   -3.3474E-01    4.4809E-01    7.6323E-01    1.8345E-01    1.1692E-01   -1.9368E+00    8.4918E-02    5.5053E-02   -6.6063E-02   -6.9695E-02    1.1768E-01    3.9055E-02    4.4524E-02    1.6110E-01   -5.2097E-02   -1.7404E-01    1.4842E-01   -4.6441E-03    1.4013E-02   -2.2503E-02    3.8184E-01    2.4020E+00  
  1.5095E+00    4.8110E+00    1.2994E+00    4.4731E-01    7.3584E-01    1.7178E-01    1.3091E-01   -1.9918E+00    4.9291E-02    2.9187E-02   -6.3626E-02   -5.6074E-02    8.3067E-02    2.0085E-02    2.3458E-02    1.5442E-01   -6.5332E-02   -9.8819E-02    1.3245E-01    2.9311E-03   -4.2509E-03   -1.6703E-02    3.2329E-01    2.1179E+00  
  1.0766E+00    4.9704E+00    1.0674E+00    4.1957E-01    6.2736E-01    2.3040E-01    1.2190E-01   -2.0446E+00    2.7311E-02    1.8785E-02   -7.1651E-02   -3.8102E-02    5.0873E-02    6.6950E-03    1.1980E-02    1.5720E-01   -6.8882E-02   -3.4787E-02    1.0861E-01    4.6441E-03   -1.3214E-02   -4.2769E-03    2.7236E-01    1.8604E+00  
  7.3514E-01    5.0831E+00    7.5307E-01    3.8603E-01    4.5616E-01    3.0980E-01    9.5316E-02   -2.0888E+00    1.4562E-02    1.6770E-02   -8.3917E-02   -2.3041E-02    2.7369E-02   -2.8925E-03    5.5683E-03    1.6556E-01   -6.0024E-02    1.3060E-02    7.7171E-02    3.8835E-03   -1.6143E-02    1.4306E-02    2.2872E-01    1.5762E+00  
  5.1805E-01    5.1521E+00    3.8848E-01    3.5680E-01    2.4117E-01    3.7313E-01    5.2258E-02   -2.1206E+00    7.5302E-03    1.7597E-02   -8.9545E-02   -1.2868E-02    1.0883E-02   -9.3981E-03    2.4876E-03    1.7737E-01   -3.3356E-02    4.3096E-02    4.0135E-02    2.1126E-03   -1.5086E-02    2.4948E-02    1.9581E-01    1.4002E+00  
  4.4477E-01    5.1752E+00    2.0318E-03    3.4634E-01    4.7761E-03    3.9678E-01    3.6366E-03   -2.1311E+00    2.5687E-03    1.8376E-02   -9.1893E-02   -8.7379E-03    1.5042E-03   -1.2357E-02    8.4115E-04    1.8157E-01   -3.6282E-04    5.3030E-02    2.8112E-03    1.0933E-03   -1.1816E-02    2.9056E-02    1.8454E-01    1.2861E+00  
  5.2022E-01    5.1532E+00   -3.8444E-01    3.5756E-01   -2.3165E-01    3.7365E-01   -4.5248E-02   -2.1197E+00   -2.1761E-03    1.7953E-02   -9.0388E-02   -1.1664E-02   -8.0502E-03   -1.1868E-02   -6.8651E-04    1.7678E-01    3.2809E-02    4.3403E-02   -3.4741E-02    1.2808E-03   -8.2726E-03    2.4976E-02    1.9515E-01    1.3929E+00  
  7.3945E-01    5.0854E+00   -7.4912E-01    3.8754E-01   -4.4678E-01    3.1087E-01   -8.9124E-02   -2.0870E+00   -8.5851E-03    1.7510E-02   -8.5266E-02   -2.0800E-02   -2.5083E-02   -7.7065E-03   -3.4435E-03    1.6455E-01    5.9945E-02    1.3539E-02   -7.2469E-02    2.3471E-03   -6.4457E-03    1.4164E-02    2.2758E-01    1.5723E+00  
  1.0829E+00    4.9738E+00   -1.0636E+00    4.2186E-01   -6.1817E-01    2.3207E-01   -1.1689E-01   -2.0421E+00   -2.0337E-02    1.9914E-02   -7.3044E-02   -3.5237E-02   -4.9544E-02   -1.2447E-04   -9.3985E-03    1.5615E-01    6.9128E-02   -3.4265E-02   -1.0498E-01    2.7194E-03   -8.2554E-03   -4.7021E-03    2.7090E-01    1.8547E+00  
  1.5177E+00    4.8155E+00   -1.2960E+00    4.5052E-01   -7.2688E-01    1.7409E-01   -1.2741E-01   -1.9889E+00   -4.0955E-02    3.0713E-02   -6.4533E-02   -5.3165E-02   -8.3087E-02    1.1718E-02   -2.0298E-02    1.5389E-01    6.5388E-02   -9.8560E-02   -1.3007E-01    1.0320E-03   -1.5917E-02   -1.6939E-02    3.2166E-01    2.1146E+00  
  1.6805E+00    5.9226E+00    3.4079E-01    4.5175E-01   -7.5419E-01    1.8675E-01   -1.1464E-01   -1.9338E+00   -7.4953E-02    5.7586E-02   -6.6302E-02   -6.6929E-02   -1.1863E-01    2.9848E-02   -4.1251E-02    1.6112E-01    5.2115E-02   -1.7367E-01   -1.4727E-01   -6.4710E-03   -3.3379E-02   -2.2660E-02    3.8024E-01    2.4012E+00  
  9.5157E-01    1.1327E+01    6.1487E+00    4.0083E-01   -6.8128E-01    3.2969E-01   -7.3919E-02   -1.8812E+00   -1.2755E-01    1.0365E-01   -8.6211E-02   -6.8031E-02   -1.4585E-01    5.6775E-02   -7.9245E-02    1.8024E-01    2.9028E-02   -2.5849E-01   -1.5630E-01   -2.1389E-02   -6.1105E-02   -2.6703E-02    4.5114E-01    2.7185E+00  
  2.0651E+00    7.8371E+00    4.2436E+00    2.7207E-01   -4.8536E-01    6.7058E-01   -3.4431E-03   -1.8267E+00   -2.1287E-01    1.6136E-01   -1.3220E-01   -5.1767E-02   -1.4632E-01    9.8981E-02   -1.4649E-01    2.1718E-01   -4.9618E-03   -3.6049E-01   -1.6056E-01   -4.3312E-02   -9.3318E-02   -2.9003E-02    5.3721E-01    3.1634E+00  
  2.2759E+00    8.9087E+00   -1.5575E+00    1.9112E-01    6.9360E-01    4.4925E-01   -7.0456E-02   -1.8593E+00    2.5445E-01    2.8209E-02   -1.0068E-01   -5.9181E-02    1.1918E-01    4.5383E-02    1.6536E-01    2.0969E-01   -7.2689E-04   -3.6707E-01    5.0261E-02   -7.2829E-02    4.1279E-02   -1.7909E-02    5.2593E-01    3.0269E+00  
  1.4282E+00    1.3450E+01   -2.6132E+00    2.9080E-01    7.7153E-01    1.0793E-01    1.1353E-04   -1.9289E+00    1.6164E-01    2.6869E-03   -5.3534E-02   -7.4872E-02    9.9401E-02    3.0159E-02    9.2822E-02    1.8426E-01   -2.6580E-02   -2.7301E-01    6.1154E-02   -4.6219E-02    2.1701E-02   -1.7182E-02    4.4075E-01    2.6057E+00  
  1.7321E+00    4.4003E+00    1.6320E+00    3.1936E-01    7.6762E-01   -3.3314E-02    4.1480E-02   -1.9984E+00    9.9725E-02   -1.3387E-02   -2.5402E-02   -7.2601E-02    6.4287E-02    1.9768E-02    5.2997E-02    1.7512E-01   -4.0385E-02   -1.9263E-01    6.5284E-02   -2.3688E-02    5.2156E-03   -1.7621E-02    3.7110E-01    2.2895E+00  
  1.2077E+00    4.5669E+00    1.4725E+00    3.0379E-01    6.9698E-01   -4.3332E-02    6.0587E-02   -2.0695E+00    5.8350E-02   -1.5149E-02   -1.2864E-02   -5.9898E-02    2.9415E-02    1.2379E-02    3.1234E-02    1.8006E-01   -4.8929E-02   -1.2143E-01    6.2564E-02   -9.3406E-03   -4.5355E-03   -1.5173E-02    3.1111E-01    2.0477E+00  
  7.4378E-01    4.6960E+00    1.1949E+00    2.6641E-01    5.7383E-01    1.7030E-02    6.3069E-02   -2.1369E+00    3.2683E-02   -8.1685E-03   -9.7346E-03   -4.4146E-02    4.0914E-03    6.7899E-03    1.8581E-02    1.9771E-01   -5.0779E-02   -6.1031E-02    5.3583E-02   -2.5761E-03   -9.4564E-03   -7.7723E-03    2.5513E-01    1.7444E+00  
  3.8020E-01    4.7899E+00    8.3844E-01    2.2429E-01    4.1020E-01    9.7842E-02    5.0735E-02   -2.1943E+00    1.8366E-02    5.5667E-04   -8.9879E-03   -3.1043E-02   -9.7897E-03    1.8324E-03    1.0282E-02    2.2263E-01   -4.1153E-02   -1.3171E-02    3.7671E-02    1.0854E-04   -1.2007E-02    4.5788E-05    2.0185E-01    1.3370E+00  
  1.4760E-01    4.8466E+00    4.3103E-01    1.9275E-01    2.1536E-01    1.6166E-01    2.9272E-02   -2.2310E+00    9.5746E-03    8.0165E-03   -9.3808E-03   -2.1288E-02   -8.4510E-03   -1.4909E-03    4.7603E-03    2.4066E-01   -2.2887E-02    1.5656E-02    2.0512E-02    7.1104E-04   -1.2531E-02    6.0365E-03    1.6852E-01    1.0734E+00  
  6.9146E-02    4.8658E+00    2.7068E-03    1.8142E-01    6.2687E-03    1.8555E-01    4.0354E-03   -2.2433E+00    3.6029E-03    1.0978E-02   -1.0034E-02   -1.7366E-02    1.7489E-03   -3.3664E-03    6.4281E-04    2.4686E-01   -7.2366E-04    2.5224E-02    2.9458E-03    5.8767E-04   -1.1860E-02    8.2860E-03    1.5714E-01    9.8312E-01  
  1.4997E-01    4.8481E+00   -4.2565E-01    1.9340E-01   -2.0289E-01    1.6239E-01   -2.1494E-02   -2.2304E+00   -2.1850E-03    8.3681E-03   -1.0563E-02   -2.0091E-02    1.1743E-02   -3.8407E-03   -3.3812E-03    2.3988E-01    2.1700E-02    1.6306E-02   -1.4883E-02    2.4424E-04   -1.0918E-02    6.3853E-03    1.6778E-01    1.0635E+00  
  3.8494E-01    4.7930E+00   -8.3319E-01    2.2562E-01   -3.9793E-01    9.9350E-02   -4.3827E-02   -2.1929E+00   -1.0426E-02    1.2797E-03   -1.0945E-02   -2.8777E-02    1.2498E-02   -2.7566E-03   -8.6385E-03    2.2133E-01    4.0673E-02   -1.2001E-02   -3.2789E-02   -7.3200E-04   -1.0665E-02    4.5816E-04    2.0069E-01    1.3338E+00  
  7.5080E-01    4.7006E+00   -1.1898E+00    2.6837E-01   -5.6188E-01    1.9334E-02   -5.7561E-02   -2.1349E+00   -2.3840E-02   -7.0670E-03   -1.1819E-02   -4.1200E-02   -2.2928E-03    2.8942E-04   -1.6539E-02    1.9622E-01    5.1183E-02   -5.9592E-02   -4.9811E-02   -3.4650E-03   -1.2056E-02   -7.8831E-03    2.5391E-01    1.7438E+00  
  1.2167E+00    4.5729E+00   -1.4678E+00    3.0652E-01   -6.8540E-01   -4.0167E-02   -5.6776E-02   -2.0672E+00   -4.8309E-02   -1.3683E-02   -1.4413E-02   -5.6870E-02   -2.8964E-02    4.4205E-03   -2.8767E-02    1.7899E-01    4.9723E-02   -1.1993E-01   -6.0109E-02   -9.8907E-03   -1.5654E-02   -1.5877E-02    3.0998E-01    2.0475E+00  
  1.7429E+00    4.4075E+00   -1.6277E+00    3.2302E-01   -7.5648E-01   -2.9122E-02   -3.9303E-02   -1.9958E+00   -8.8285E-02   -1.1310E-02   -2.6049E-02   -7.0000E-02   -6.5021E-02    1.0931E-02   -5.0217E-02    1.7464E-01    4.0701E-02   -1.9147E-01   -6.4024E-02   -2.3597E-02   -2.4216E-02   -1.8255E-02    3.7010E-01    2.2923E+00  
  1.4325E+00    1.3470E+01    2.6259E+00    2.9481E-01   -7.6064E-01    1.1380E-01    1.1090E-03   -1.9263E+00   -1.4876E-01    5.9440E-03   -5.4034E-02   -7.2248E-02   -1.0054E-01    2.0832E-02   -9.0365E-02    1.8387E-01    2.6395E-02   -2.7177E-01   -6.0841E-02   -4.5602E-02   -4.0371E-02   -1.7772E-02    4.4013E-01    2.6077E+00  
  2.2823E+00    8.9252E+00    1.5790E+00    1.9492E-01   -6.8297E-01    4.5743E-01    7.0679E-02   -1.8566E+00   -2.3968E-01    3.2459E-02   -1.0143E-01   -5.6173E-02   -1.2045E-01    3.5553E-02   -1.6351E-01    2.0924E-01    1.7994E-04   -3.6587E-01   -5.0376E-02   -7.1236E-02   -6.0594E-02   -1.8542E-02    5.2578E-01    3.0297E+00  
  2.6317E+00    9.3816E+00    1.6415E+00    8.2207E-02    7.9993E-01    2.6072E-01   -1.5460E-01   -1.8557E+00    2.4669E-01   -8.3846E-02   -8.0587E-02   -4.5394E-02    9.8815E-02   -7.8717E-03    1.6636E-01    2.0680E-01    8.3050E-03   -3.5415E-01   -5.4511E-02   -8.6091E-02   -2.9079E-03   -1.3045E-02    5.2192E-01    2.9904E+00  
  2.1176E+00    1.4065E+01    1.8264E+00    1.6850E-01    7.7311E-01   -8.3483E-02   -8.9105E-02   -1.9352E+00    1.5210E-01   -7.7936E-02   -2.3270E-02   -6.1225E-02    6.9027E-02   -5.3906E-05    9.3866E-02    1.8860E-01   -1.3809E-02   -2.6778E-01   -3.0391E-02   -5.7734E-02   -4.7656E-03   -1.2400E-02    4.3737E-01    2.5590E+00  
  1.5666E+00    4.0869E+00    1.8025E+00    1.8799E-01    7.0392E-01   -2.2341E-01   -4.6080E-02   -2.0143E+00    8.8031E-02   -6.7609E-02    1.6309E-02   -5.7530E-02    3.0786E-02    3.7906E-03    5.4379E-02    1.8369E-01   -2.3085E-02   -1.9239E-01   -1.5257E-02   -3.1321E-02   -6.1575E-03   -1.4577E-02    3.6946E-01    2.2137E+00  
  1.0231E+00    4.2121E+00    1.6084E+00    1.6639E-01    6.0288E-01   -2.3135E-01   -1.9601E-02   -2.0936E+00    4.6905E-02   -4.9245E-02    4.3215E-02   -4.4206E-02   -3.4385E-03    5.2666E-03    3.3556E-02    1.9451E-01   -2.4022E-02   -1.2568E-01   -6.5804E-03   -1.3908E-02   -7.1148E-03   -1.8611E-02    3.0843E-01    1.9723E+00  
  5.4316E-01    4.3124E+00    1.2975E+00    1.2595E-01    4.7863E-01   -1.6970E-01   -5.2184E-03   -2.1687E+00    2.3323E-02   -2.8171E-02    6.1437E-02   -2.8690E-02   -2.5337E-02    5.7887E-03    2.0734E-02    2.1974E-01   -2.1779E-02   -6.7511E-02   -1.3505E-03   -5.4655E-03   -8.2116E-03   -2.2301E-02    2.4807E-01    1.5256E+00  
  1.6631E-01    4.3865E+00    9.0721E-01    8.3934E-02    3.3496E-01   -8.8521E-02    1.6263E-03   -2.2305E+00    1.1247E-02   -1.0150E-02    7.2924E-02   -1.4647E-02   -3.1441E-02    5.6896E-03    1.1585E-02    2.4922E-01   -1.6827E-02   -2.0723E-02    1.4552E-03   -1.1556E-03   -9.4430E-03   -2.4764E-02    1.9374E-01    1.1289E+00  
 -7.4905E-02    4.4317E+00    4.6564E-01    5.3258E-02    1.7497E-01   -2.4217E-02    4.0308E-03   -2.2696E+00    6.1887E-03    2.8053E-03    7.8923E-02   -4.8017E-03   -1.9736E-02    5.1299E-03    5.3480E-03    2.6981E-01   -9.6004E-03    7.0253E-03    2.6578E-03    4.0366E-04   -1.0665E-02   -2.5914E-02    1.6028E-01    8.3239E-01  
 -1.5625E-01    4.4473E+00    3.5857E-03    4.2347E-02    7.9034E-03   -1.2084E-04    4.3175E-03   -2.2825E+00    4.5692E-03    7.6379E-03    8.0287E-02   -9.5849E-04    1.8013E-03    4.1973E-03    4.1150E-04    2.7681E-01   -1.0936E-03    1.6371E-02    2.9505E-03    8.2064E-04   -1.1701E-02   -2.5983E-02    1.4905E-01    7.2389E-01  
 -7.2301E-02    4.4336E+00   -4.5854E-01    5.3737E-02   -1.5928E-01   -2.3292E-02    4.2633E-03   -2.2692E+00    3.0779E-03    3.1552E-03    7.7572E-02   -3.6085E-03    2.3106E-02    2.9276E-03   -4.4892E-03    2.6903E-01    7.7216E-03    7.9684E-03    2.9303E-03    2.2122E-04   -1.2473E-02   -2.5189E-02    1.5949E-01    8.3159E-01  
  1.7151E-01    4.3903E+00   -9.0029E-01    8.4918E-02   -3.1955E-01   -8.6623E-02    5.7366E-03   -2.2298E+00   -1.5106E-03   -9.4442E-03    7.0617E-02   -1.2400E-02    3.4224E-02    1.4084E-03   -1.0530E-02    2.4789E-01    1.5880E-02   -1.8965E-02    3.3467E-03   -1.3980E-03   -1.2871E-02   -2.3776E-02    1.9262E-01    1.1297E+00  
  5.5087E-01    4.3181E+00   -1.2908E+00    1.2742E-01   -4.6362E-01   -1.6680E-01    1.1101E-02   -2.1676E+00   -1.2769E-02   -2.7095E-02    5.8900E-02   -2.5762E-02    2.7250E-02   -2.5359E-04   -1.9339E-02    2.1820E-01    2.2143E-02   -6.5197E-02    5.0445E-03   -5.4540E-03   -1.2863E-02   -2.1905E-02    2.4709E-01    1.5286E+00  
  1.0331E+00    4.2195E+00   -1.6023E+00    1.6858E-01   -5.8848E-01   -2.2741E-01    2.3750E-02   -2.0922E+00   -3.5278E-02   -4.7774E-02    4.1095E-02   -4.1244E-02    4.3214E-03   -2.0597E-03   -3.1767E-02    1.9305E-01    2.5198E-02   -1.2326E-01    9.0136E-03   -1.3200E-02   -1.2525E-02   -1.9234E-02    3.0772E-01    1.9730E+00  
  1.5783E+00    4.0958E+00   -1.7971E+00    1.9141E-01   -6.9031E-01   -2.1831E-01    4.8542E-02   -2.0124E+00   -7.5150E-02   -6.5647E-02    1.4794E-02   -5.5178E-02   -3.0828E-02   -4.2223E-03   -5.2244E-02    1.8238E-01    2.3731E-02   -1.9039E-01    1.6713E-02   -2.9445E-02   -1.2129E-02   -1.5152E-02    3.6908E-01    2.2104E+00  
  2.1242E+00    1.4090E+01   -1.8064E+00    1.7257E-01   -7.6015E-01   -7.6623E-02    9.0427E-02   -1.9330E+00   -1.3812E-01   -7.5200E-02   -2.4483E-02   -5.9117E-02   -6.9788E-02   -8.4955E-03   -9.1950E-02    1.8747E-01    1.3953E-02   -2.6611E-01    3.0829E-02   -5.4678E-02   -1.2926E-02   -1.2737E-02    4.3754E-01    2.5546E+00  
  2.6403E+00    9.4014E+00   -1.6236E+00    8.6094E-02   -7.8763E-01    2.6989E-01    1.5472E-01   -1.8535E+00   -2.3148E-01   -8.0164E-02   -8.2005E-02   -4.3060E-02   -1.0017E-01   -1.6313E-02   -1.6519E-01    2.0564E-01   -8.9631E-03   -3.5255E-01    5.4065E-02   -8.1502E-02   -1.4913E-02   -1.3648E-02    5.2277E-01    2.9848E+00  
  3.0552E+00    8.4561E+00    4.7536E+00   -4.4171E-02    8.6527E-01    1.1606E-01   -2.4762E-01   -1.8127E+00    2.1221E-01   -1.7359E-01   -7.0263E-02   -2.4485E-02    9.4738E-02   -5.8861E-02    1.5368E-01    2.0756E-01    2.0470E-02   -3.2123E-01   -1.5318E-01   -8.2579E-02   -4.7745E-02   -7.9771E-03    5.2719E-01    3.1032E+00  
  2.8963E+00    1.2861E+01    6.1954E+00    3.8285E-02    7.3746E-01   -2.2914E-01   -1.8476E-01   -1.8973E+00    1.2010E-01   -1.3740E-01   -1.2473E-03   -4.0172E-02    6.0542E-02   -2.9345E-02    8.7614E-02    1.8888E-01    1.6364E-03   -2.4233E-01   -1.1772E-01   -5.2280E-02   -3.1360E-02   -7.1879E-03    4.4341E-01    2.6623E+00  
  1.5105E+00    3.6897E+00    1.9253E+00    5.7491E-02    6.0863E-01   -3.6700E-01   -1.3838E-01   -1.9781E+00    5.8329E-02   -1.0535E-01    5.1247E-02   -3.5340E-02    2.0559E-02   -1.1723E-02    5.1390E-02    1.8447E-01   -3.7868E-03   -1.7359E-01   -9.2573E-02   -2.6503E-02   -1.7344E-02   -1.0876E-02    3.7441E-01    2.3282E+00  
  9.6698E-01    3.7726E+00    1.7091E+00    3.7137E-02    4.8279E-01   -3.7255E-01   -1.0315E-01   -2.0576E+00    2.1680E-02   -7.0131E-02    9.3908E-02   -2.1687E-02   -1.2438E-02   -1.5254E-03    3.0934E-02    1.9217E-01    1.9097E-03   -1.1033E-01   -7.2965E-02   -1.0349E-02   -9.4602E-03   -2.1402E-02    3.1437E-01    2.0450E+00  
  4.8635E-01    3.8418E+00    1.3755E+00   -1.9212E-04    3.6231E-01   -3.0937E-01   -7.5895E-02   -2.1306E+00    3.8778E-03   -3.6698E-02    1.2761E-01   -6.5093E-03   -3.1559E-02    4.9843E-03    1.8586E-02    2.1185E-01    8.2940E-03   -5.5656E-02   -5.4289E-02   -2.6126E-03   -6.7596E-03   -3.5704E-02    2.5782E-01    1.7202E+00  
  1.0788E-01    3.8956E+00    9.6051E-01   -3.7696E-02    2.4516E-01   -2.2775E-01   -4.8988E-02   -2.1919E+00   -2.4961E-03   -1.0475E-02    1.5034E-01    8.4340E-03   -3.5497E-02    9.6771E-03    1.0245E-02    2.3865E-01    8.2758E-03   -1.1400E-02   -3.3487E-02    7.7418E-04   -6.6902E-03   -4.8544E-02    2.0401E-01    1.3085E+00  
 -1.3469E-01    3.9293E+00    4.9290E-01   -6.4848E-02    1.2721E-01   -1.6297E-01   -2.1986E-02   -2.2311E+00   -5.0350E-04    7.0023E-03    1.6309E-01    1.8344E-02   -2.1849E-02    1.1849E-02    4.5512E-03    2.5777E-01    4.1000E-03    1.5409E-02   -1.4618E-02    1.9200E-03   -8.6257E-03   -5.6971E-02    1.7010E-01    1.0380E+00  
 -2.1647E-01    3.9413E+00    4.6461E-03   -7.4456E-02    9.6263E-03   -1.3865E-01    4.4096E-03   -2.2443E+00    5.3979E-03    1.3193E-02    1.6669E-01    2.2125E-02    1.6403E-03    1.1845E-02    9.7322E-05    2.6439E-01   -1.4478E-03    2.4489E-02    2.7908E-03    2.1153E-03   -1.1416E-02   -5.9408E-02    1.5841E-01    9.5934E-01  
 -1.3183E-01    3.9316E+00   -4.8369E-01   -6.4606E-02   -1.0810E-01   -1.6185E-01    3.0466E-02   -2.2311E+00    1.1405E-02    7.3524E-03    1.6178E-01    1.9545E-02    2.4911E-02    9.8110E-03   -4.3307E-03    2.5715E-01   -6.5998E-03    1.6595E-02    1.9886E-02    1.8932E-03   -1.3912E-02   -5.5944E-02    1.6924E-01    1.0486E+00  
  1.1355E-01    3.9002E+00   -9.5154E-01   -3.7238E-02   -2.2640E-01   -2.2551E-01    5.6498E-02   -2.1920E+00    1.3793E-02   -9.7786E-03    1.4805E-01    1.0636E-02    3.8002E-02    5.7570E-03   -9.8845E-03    2.3753E-01   -9.6254E-03   -9.1527E-03    3.7950E-02    9.3132E-04   -1.4957E-02   -4.7187E-02    2.0286E-01    1.3156E+00  
  4.9474E-01    3.8486E+00   -1.3669E+00    5.6380E-04   -3.4405E-01   -3.0596E-01    8.1929E-02   -2.1307E+00    8.1704E-03   -3.5637E-02    1.2507E-01   -3.6747E-03    3.3316E-02   -4.9742E-04   -1.7907E-02    2.1058E-01   -8.0228E-03   -5.2633E-02    5.7686E-02   -1.9550E-03   -1.3499E-02   -3.5037E-02    2.5693E-01    1.7256E+00  
  9.7765E-01    3.7814E+00   -1.7012E+00    3.8810E-02   -4.6541E-01   -3.6788E-01    1.0769E-01   -2.0573E+00   -8.6555E-03   -6.8605E-02    9.1305E-02   -1.8998E-02    1.3674E-02   -8.0669E-03   -2.9840E-02    1.9060E-01   -8.8151E-04   -1.0729E-01    7.5192E-02   -8.7185E-03   -9.1597E-03   -2.1366E-02    3.1382E-01    2.0492E+00  
  1.5232E+00    3.7003E+00   -1.9182E+00    6.0318E-02   -5.9228E-01   -3.6102E-01    1.4123E-01   -1.9774E+00   -4.4184E-02   -1.0343E-01    4.9120E-02   -3.3367E-02   -2.0063E-02   -1.8742E-02   -4.9925E-02    1.8282E-01    4.7113E-03   -1.7090E-01    9.3835E-02   -2.3254E-02    2.1678E-04   -1.1034E-02    3.7429E-01    2.3285E+00  
  2.9054E+00    1.2881E+01   -6.1749E+00    4.1669E-02   -7.2236E-01   -2.2130E-01    1.8605E-01   -1.8963E+00   -1.0501E-01   -1.3487E-01   -3.0391E-03   -3.8634E-02   -6.1229E-02   -3.6356E-02   -8.5963E-02    1.8732E-01   -1.5254E-03   -2.4010E-01    1.1806E-01   -4.7147E-02    1.5397E-02   -7.5277E-03    4.4376E-01    2.6597E+00  
  3.0655E+00    8.4737E+00   -4.7380E+00   -4.1330E-02   -8.5164E-01    1.2653E-01    2.4723E-01   -1.8119E+00   -1.9627E-01   -1.6962E-01   -7.2373E-02   -2.2601E-02   -9.6685E-02   -6.5301E-02   -1.5228E-01    2.0578E-01   -2.1632E-02   -3.1868E-01    1.5270E-01   -7.5673E-02    3.2636E-02   -8.7873E-03    5.2835E-01    3.0974E+00  
  3.4674E+00    6.9893E+00    7.1776E+00   -1.8117E-01    9.3572E-01    2.0334E-02   -3.4820E-01   -1.7288E+00    1.5743E-01   -2.4499E-01   -6.9619E-02   -7.5976E-03    1.0623E-01   -1.1536E-01    1.2773E-01    2.0858E-01    2.6941E-02   -2.6988E-01   -2.4448E-01   -5.7837E-02   -8.2213E-02    1.5454E-03    5.4282E-01    3.2481E+00  
  3.6348E+00    1.0190E+01    9.5339E+00   -9.7865E-02    7.0789E-01   -3.2243E-01   -2.7927E-01   -1.8141E+00    7.3371E-02   -1.7641E-01    5.5631E-03   -2.3014E-02    7.5003E-02   -6.1698E-02    7.2083E-02    1.8580E-01    1.3630E-02   -1.9784E-01   -1.9932E-01   -3.0474E-02   -5.2807E-02    1.8316E-03    4.5840E-01    2.8017E+00  
  1.8897E+00    4.5530E+00    3.7429E+00   -7.3906E-02    5.1715E-01   -4.5819E-01   -2.2852E-01   -1.8901E+00    1.7630E-02   -1.2419E-01    7.1023E-02   -1.8193E-02    3.5676E-02   -2.9085E-02    4.1314E-02    1.7689E-01    1.3815E-02   -1.3643E-01   -1.6507E-01   -9.8180E-03   -2.6220E-02   -4.3797E-03    3.8851E-01    2.4529E+00  
  1.0402E+00    3.2723E+00    1.7734E+00   -8.6459E-02    3.6533E-01   -4.6113E-01   -1.8426E-01   -1.9624E+00   -1.2002E-02   -7.5792E-02    1.2724E-01   -6.1279E-03    3.1764E-03   -8.2009E-03    2.3129E-02    1.7644E-01    2.1768E-02   -7.7978E-02   -1.3451E-01    1.3612E-03   -9.0769E-03   -1.7181E-02    3.2998E-01    2.1347E+00  
  5.7479E-01    3.3080E+00    1.4270E+00   -1.1558E-01    2.4792E-01   -3.9564E-01   -1.4206E-01   -2.0275E+00   -2.2023E-02   -3.2645E-02    1.7413E-01    6.7694E-03   -1.7143E-02    5.6612E-03    1.2245E-02    1.8363E-01    2.9287E-02   -2.5193E-02   -1.0329E-01    4.8431E-03   -2.3439E-03   -3.6233E-02    2.7848E-01    1.8476E+00  
  2.0867E-01    3.3376E+00    9.9806E-01   -1.4827E-01    1.5541E-01   -3.1244E-01   -9.8339E-02   -2.0799E+00   -1.9221E-02    9.5774E-04    2.1109E-01    1.9522E-02   -2.2001E-02    1.4767E-02    5.6800E-03    1.9555E-01    2.9512E-02    1.5142E-02   -6.9080E-02    5.3934E-03   -1.9673E-03   -5.9712E-02    2.3393E-01    1.5513E+00  
 -2.7766E-02    3.3590E+00    5.1269E-01   -1.6974E-01    7.9494E-02   -2.4722E-01   -4.7436E-02   -2.1167E+00   -8.7221E-03    2.2143E-02    2.3020E-01    2.8973E-02   -1.4913E-02    2.0018E-02    2.1057E-03    2.0966E-01    1.5826E-02    4.1101E-02   -3.2498E-02    4.5918E-03   -5.5670E-03   -7.3180E-02    2.0027E-01    1.3685E+00  
 -1.0741E-01    3.3672E+00    5.9048E-03   -1.7757E-01    1.1409E-02   -2.2269E-01    4.2989E-03   -2.1293E+00    6.0454E-03    2.9488E-02    2.3611E-01    3.2561E-02    1.2771E-03    2.1060E-02   -3.0596E-04    2.1473E-01   -1.6961E-03    5.0057E-02    2.4698E-03    4.1234E-03   -1.1087E-02   -7.7627E-02    1.8850E-01    1.2655E+00  
 -2.4645E-02    3.3617E+00   -5.0097E-01   -1.6982E-01   -5.6800E-02   -2.4593E-01    5.5710E-02   -2.1172E+00    2.0944E-02    2.2502E-02    2.2914E-01    3.0181E-02    1.7319E-02    1.8146E-02   -2.6576E-03    2.0935E-01   -1.8733E-02    4.2492E-02    3.7176E-02    4.5621E-03   -1.6232E-02   -7.2079E-02    1.9932E-01    1.3756E+00  
  2.1486E-01    3.3430E+00   -9.8662E-01   -1.4850E-01   -1.3312E-01   -3.0990E-01    1.0563E-01   -2.0808E+00    3.1803E-02    1.6576E-03    2.0928E-01    2.1702E-02    2.3915E-02    1.1219E-02   -6.0920E-03    1.9498E-01   -3.1050E-02    1.7793E-02    7.2970E-02    5.6380E-03   -1.8804E-02   -5.8413E-02    2.3268E-01    1.5600E+00  
  5.8374E-01    3.3159E+00   -1.4162E+00   -1.1552E-01   -2.2635E-01   -3.9174E-01    1.4819E-01   -2.0287E+00    3.5290E-02   -3.1514E-02    1.7181E-01    9.3533E-03    1.8662E-02    7.9104E-04   -1.2318E-02    1.8283E-01   -2.9390E-02   -2.1814E-02    1.0608E-01    5.7374E-03   -1.6831E-02   -3.5400E-02    2.7748E-01    1.8590E+00  
  1.0517E+00    3.2825E+00   -1.7635E+00   -8.5526E-02   -3.4477E-01   -4.5582E-01    1.8904E-01   -1.9636E+00    2.6217E-02   -7.4209E-02    1.2471E-01   -3.8014E-03   -1.9399E-03   -1.3931E-02   -2.2757E-02    1.7536E-01   -2.1034E-02   -7.4404E-02    1.3618E-01    3.4061E-03   -8.1923E-03   -1.6714E-02    3.2936E-01    2.1436E+00  
  1.9025E+00    4.5666E+00   -3.7348E+00   -7.2130E-02   -4.9804E-01   -4.5133E-01    2.3163E-01   -1.8909E+00   -2.3761E-03   -1.2224E-01    6.8626E-02   -1.6443E-02   -3.5194E-02   -3.4963E-02   -4.0275E-02    1.7557E-01   -1.2930E-02   -1.3310E-01    1.6584E-01   -5.9378E-03    1.0756E-02   -4.4730E-03    3.8807E-01    2.4569E+00  
  3.6454E+00    1.0214E+01   -9.5166E+00   -9.5425E-02   -6.9037E-01   -3.1363E-01    2.8060E-01   -1.8145E+00   -5.7040E-02   -1.7386E-01    3.5839E-03   -2.1815E-02   -7.5633E-02   -6.7210E-02   -7.0294E-02    1.8457E-01   -1.3446E-02   -1.9493E-01    1.9965E-01   -2.4534E-02    3.9061E-02    1.5878E-03    4.5810E-01    2.7986E+00  
  3.4794E+00    7.0114E+00   -7.1611E+00   -1.7882E-01   -9.1998E-01    3.1974E-02    3.4787E-01   -1.7292E+00   -1.4029E-01   -2.4087E-01   -7.1558E-02   -6.2738E-03   -1.0795E-01   -1.2001E-01   -1.2545E-01    2.0756E-01   -2.7422E-02   -2.6677E-01    2.4448E-01   -5.0262E-02    7.0284E-02    1.4366E-03    5.4285E-01    3.2443E+00  
  3.7928E+00    3.9571E+00    9.2490E+00   -2.8864E-01    1.0161E+00   -6.0180E-02   -4.8791E-01   -1.5843E+00    9.0666E-02   -3.4676E-01   -7.0487E-02   -1.7856E-02    9.8218E-02   -1.8642E-01    1.1353E-01    2.2027E-01    1.6904E-02   -2.2510E-01   -3.2454E-01   -2.8979E-03   -8.8974E-02    1.0593E-02    5.7648E-01    3.3282E+00  
  4.1455E+00    5.6220E+00    1.1997E+01   -2.4151E-01    7.2625E-01   -3.7049E-01   -3.6834E-01   -1.6916E+00    1.7611E-02   -2.0114E-01   -4.6875E-03   -1.6070E-02    1.0484E-01   -9.8584E-02    4.3781E-02    1.8428E-01    2.3029E-02   -1.3884E-01   -2.7082E-01    8.0858E-03   -6.0401E-02    1.3064E-02    4.8174E-01    2.9923E+00  
  4.7743E+00    7.4708E+00    1.5281E+01   -2.0656E-01    4.6753E-01   -5.0451E-01   -3.0974E-01   -1.7600E+00   -2.6847E-02   -1.2737E-01    6.8969E-02   -1.6349E-02    6.9488E-02   -4.8202E-02    2.1434E-02    1.6882E-01    2.5345E-02   -8.3933E-02   -2.2811E-01    1.9698E-02   -2.6721E-02    7.1337E-03    4.1027E-01    2.6110E+00  
  1.2291E+00    2.7483E+00    1.7975E+00   -2.0699E-01    2.8172E-01   -5.0517E-01   -2.5624E-01   -1.8204E+00   -4.8321E-02   -6.6673E-02    1.3431E-01   -8.9528E-03    3.7407E-02   -1.4755E-02    8.4110E-03    1.6026E-01    3.1029E-02   -3.1641E-02   -1.8856E-01    2.0863E-02   -3.0413E-03   -4.1905E-03    3.5285E-01    2.2916E+00  
  7.9440E-01    2.7474E+00    1.4496E+00   -2.2558E-01    1.5951E-01   -4.3721E-01   -1.9970E-01   -1.8737E+00   -5.0022E-02   -1.5551E-02    1.9077E-01   -1.5304E-04    1.3820E-02    7.9561E-03    7.4029E-04    1.5387E-01    3.8146E-02    1.8321E-02   -1.4609E-01    1.6320E-02    6.5458E-03   -2.1940E-02    3.0617E-01    2.0370E+00  
  4.5078E-01    2.7512E+00    1.0154E+00   -2.4871E-01    8.4512E-02   -3.5184E-01   -1.3815E-01   -1.9153E+00   -3.8087E-02    2.3177E-02    2.3507E-01    7.7328E-03    5.6520E-04    2.3029E-02   -2.1467E-03    1.5062E-01    3.6371E-02    5.7693E-02   -9.8983E-02    1.0971E-02    6.0095E-03   -4.3991E-02    2.6882E-01    1.8164E+00  
  2.3060E-01    2.7555E+00    5.2336E-01   -2.6778E-01    4.0695E-02   -2.8496E-01   -6.9328E-02   -1.9418E+00   -1.7645E-02    4.7317E-02    2.6473E-01    1.3498E-02   -2.0428E-03    3.1564E-02   -2.1683E-03    1.4923E-01    2.1681E-02    8.2758E-02   -4.9068E-02    6.8331E-03   -8.9935E-04   -6.3832E-02    2.4427E-01    1.7155E+00  
  1.5648E-01    2.7584E+00    7.3460E-03   -2.7495E-01    1.3189E-02   -2.5980E-01    3.9677E-03   -1.9512E+00    6.4872E-03    5.5489E-02    2.7454E-01    1.5630E-02    7.5407E-04    3.3722E-02   -7.8720E-04    1.4921E-01   -1.7636E-03    9.2028E-02    2.0214E-03    5.2956E-03   -1.0799E-02   -7.0976E-02    2.3556E-01    1.6087E+00  
  2.3397E-01    2.7586E+00   -5.0877E-01   -2.6829E-01   -1.4445E-02   -2.8356E-01    7.6949E-02   -1.9427E+00    3.0768E-02    4.7669E-02    2.6415E-01    1.4709E-02    3.4533E-03    2.9851E-02    6.9079E-04    1.4936E-01   -2.4638E-02    8.4282E-02    5.2882E-02    6.6423E-03   -2.0236E-02   -6.3039E-02    2.4326E-01    1.7220E+00  
  4.5743E-01    2.7573E+00   -1.0012E+00   -2.4965E-01   -5.8721E-02   -3.4905E-01    1.4493E-01   -1.9171E+00    5.1590E-02    2.3902E-02    2.3412E-01    9.9207E-03    5.6859E-04    1.9800E-02    8.8469E-04    1.5078E-01   -3.7906E-02    6.0579E-02    1.0212E-01    1.0917E-02   -2.5897E-02   -4.3234E-02    2.6735E-01    1.8268E+00  
  8.0383E-01    2.7562E+00   -1.4363E+00   -2.2620E-01   -1.3464E-01   -4.3297E-01    2.0569E-01   -1.8759E+00    6.4144E-02   -1.4381E-02    1.8905E-01    2.2874E-03   -1.2741E-02    3.6014E-03   -1.6452E-03    1.5362E-01   -3.8669E-02    2.1964E-02    1.4810E-01    1.6903E-02   -2.4591E-02   -2.1233E-02    3.0495E-01    2.0512E+00  
  1.2411E+00    2.7598E+00   -1.7852E+00   -2.0675E-01   -2.5802E-01   -4.9942E-01    2.6116E-01   -1.8227E+00    6.3364E-02   -6.5228E-02    1.3212E-01   -6.6985E-03   -3.6358E-02   -1.9802E-02   -8.7986E-03    1.5974E-01   -3.0626E-02   -2.7722E-02    1.8958E-01    2.2598E-02   -1.2898E-02   -3.4332E-03    3.5202E-01    2.3030E+00  
  4.7857E+00    7.4989E+00   -1.5260E+01   -2.0518E-01   -4.4517E-01   -4.9696E-01    3.1338E-01   -1.7618E+00    4.3362E-02   -1.2578E-01    6.6786E-02   -1.4448E-02   -6.8621E-02   -5.3528E-02   -2.0663E-02    1.6854E-01   -2.4175E-02   -8.0279E-02    2.2889E-01    2.2789E-02    1.2853E-02    7.8512E-03    4.0929E-01    2.6210E+00  
  4.1585E+00    5.6491E+00   -1.1990E+01   -2.3922E-01   -7.0550E-01   -3.6071E-01    3.7016E-01   -1.6928E+00    5.7115E-04   -1.9895E-01   -6.4324E-03   -1.4697E-02   -1.0461E-01   -1.0368E-01   -4.1419E-02    1.8420E-01   -2.2000E-02   -1.3556E-01    2.7187E-01    1.2525E-02    4.8712E-02    1.3819E-02    4.8009E-01    2.9958E+00  
  3.8012E+00    3.9836E+00   -9.2396E+00   -2.9100E-01   -1.0030E+00   -3.9576E-02    4.8181E-01   -1.5867E+00   -6.6258E-02   -3.3511E-01   -7.2777E-02   -1.2394E-02   -1.0091E-01   -1.9178E-01   -1.0136E-01    2.2098E-01   -1.5955E-02   -2.1964E-01    3.2852E-01   -3.5466E-03    8.2363E-02    1.2313E-02    5.7295E-01    3.3316E+00  
  5.4144E+00    2.4366E+00    7.7762E+00    7.0789E-01   -6.2549E-01   -4.6275E-01   -1.4733E+00   -4.9692E-01   -5.7479E-01   -1.5713E+00    4.4749E-02    2.1600E-02   -7.4335E-01   -8.0257E-01    3.6900E-01    3.1210E-01   -5.6305E-04   -4.6408E-01   -7.4689E-01    7.9077E-02    6.3955E-02    1.5495E-02    6.1771E-01    3.3819E+00  
  4.3485E+00    4.5962E-03    1.3257E+01   -3.9439E-01    8.3387E-01   -3.9623E-01   -4.5074E-01   -1.5326E+00   -5.0165E-02   -2.1712E-01   -3.3202E-02   -2.2561E-02    1.4124E-01   -1.3647E-01   -5.1957E-03    1.9246E-01    2.6867E-02   -6.5187E-02   -3.3232E-01    5.7268E-02   -5.1456E-02    2.5822E-02    5.1292E-01    3.2060E+00  
  5.0390E+00   -7.1899E-01    1.5625E+01   -3.4776E-01    4.9590E-01   -5.3003E-01   -3.8057E-01   -1.5966E+00   -7.3474E-02   -1.1948E-01    4.3459E-02   -3.2827E-02    1.1372E-01   -6.6181E-02   -1.4838E-02    1.6716E-01    3.1572E-02   -1.7706E-02   -2.7892E-01    5.8365E-02   -1.2690E-02    2.0316E-02    4.4054E-01    2.8512E+00  
  5.8169E+00   -1.2432E+00    1.5754E+01   -3.3290E-01    2.6080E-01   -5.2885E-01   -3.1588E-01   -1.6457E+00   -8.2683E-02   -4.5423E-02    1.1372E-01   -3.3792E-02    8.1572E-02   -1.9003E-02   -1.9326E-02    1.5084E-01    3.5121E-02    2.8495E-02   -2.3151E-01    4.7001E-02    1.3498E-02    1.1896E-02    3.8312E-01    2.5401E+00  
  1.1187E+00    2.1902E+00    1.4408E+00   -3.3862E-01    1.1855E-01   -4.5904E-01   -2.4748E-01   -1.6852E+00   -7.5881E-02    1.1745E-02    1.7418E-01   -3.2345E-02    5.4098E-02    1.3940E-02   -1.9517E-02    1.3703E-01    3.7203E-02    7.2185E-02   -1.8129E-01    3.0426E-02    2.4074E-02   -8.3061E-04    3.3912E-01    2.3289E+00  
  8.0836E-01    2.1659E+00    1.0122E+00   -3.5142E-01    4.5242E-02   -3.7191E-01   -1.7069E-01   -1.7158E+00   -5.5807E-02    5.4799E-02    2.2177E-01   -3.0431E-02    3.1142E-02    3.6004E-02   -1.5708E-02    1.2447E-01    3.3629E-02    1.0942E-01   -1.2427E-01    1.5535E-02    1.9830E-02   -1.5937E-02    3.0684E-01    2.0918E+00  
  6.0866E-01    2.1534E+00    5.2324E-01   -3.6293E-01    1.8372E-02   -3.0405E-01   -8.5693E-02   -1.7353E+00   -2.6662E-02    8.1456E-02    2.5324E-01   -2.8521E-02    1.3717E-02    4.8703E-02   -9.2876E-03    1.1522E-01    1.9866E-02    1.3366E-01   -6.2055E-02    5.9944E-03    6.7554E-03   -2.9279E-02    2.8617E-01    1.9637E+00  
  5.4145E-01    2.1509E+00    8.9678E-03   -3.6773E-01    1.4945E-02   -2.7866E-01    3.4077E-03   -1.7424E+00    6.7160E-03    9.0446E-02    2.6388E-01   -2.7180E-02    1.1651E-04    5.2270E-02   -1.3248E-03    1.1239E-01   -1.5971E-03    1.4218E-01    1.4898E-03    2.5763E-03   -1.0634E-02   -3.4586E-02    2.7850E-01    1.8924E+00  
  6.1223E-01    2.1568E+00   -5.0548E-01   -3.6382E-01    1.1322E-02   -3.0259E-01    9.2328E-02   -1.7365E+00    4.0195E-02    8.1814E-02    2.5323E-01   -2.7269E-02   -1.3423E-02    4.7122E-02    6.7316E-03    1.1558E-01   -2.2625E-02    1.3523E-01    6.4942E-02    5.4698E-03   -2.7486E-02   -2.9036E-02    2.8509E-01    1.9690E+00  
  8.1527E-01    2.1724E+00   -9.9498E-01   -3.5280E-01   -1.6113E-02   -3.6896E-01    1.7691E-01   -1.7180E+00    6.9748E-02    5.5561E-02    2.2155E-01   -2.8201E-02   -3.0701E-02    3.3041E-02    1.3477E-02    1.2488E-01   -3.5343E-02    1.1234E-01    1.2666E-01    1.4787E-02   -3.9057E-02   -1.5620E-02    3.0529E-01    2.1003E+00  
  1.1285E+00    2.1998E+00   -1.4247E+00   -3.3973E-01   -9.0438E-02   -4.5459E-01    2.5321E-01   -1.6881E+00    9.0471E-02    1.2835E-02    1.7327E-01   -2.9867E-02   -5.3456E-02    9.9170E-03    1.7692E-02    1.3715E-01   -3.8149E-02    7.5910E-02    1.8261E-01    2.9993E-02   -4.1185E-02   -1.4929E-04    3.3796E-01    2.3417E+00  
  5.8275E+00   -1.2262E+00   -1.5744E+01   -3.3334E-01   -2.3396E-01   -5.2292E-01    3.2101E-01   -1.6488E+00    9.8308E-02   -4.4532E-02    1.1203E-01   -3.1483E-02   -8.0798E-02   -2.3865E-02    1.8015E-02    1.5083E-01   -3.4914E-02    3.2168E-02    2.3200E-01    4.7330E-02   -2.8872E-02    1.2689E-02    3.8251E-01    2.5533E+00  
  5.0518E+00   -6.9363E-01   -1.5608E+01   -3.4693E-01   -4.7006E-01   -5.2223E-01    3.8483E-01   -1.5992E+00    9.1104E-02   -1.1888E-01    4.1553E-02   -3.0830E-02   -1.1255E-01   -7.1956E-02    1.4902E-02    1.6742E-01   -3.0321E-02   -1.4490E-02    2.7964E-01    5.9097E-02   -8.4804E-04    2.1014E-02    4.3958E-01    2.8627E+00  
  4.3632E+00    3.2589E-02   -1.3240E+01   -3.9322E-01   -8.0973E-01   -3.8648E-01    4.5319E-01   -1.5352E+00    6.9515E-02   -2.1646E-01   -3.5452E-02   -2.1557E-02   -1.4107E-01   -1.4255E-01    6.7372E-03    1.9186E-01   -2.6189E-02   -6.2773E-02    3.3304E-01    5.8756E-02    3.9570E-02    2.5630E-02    5.1090E-01    3.2118E+00  
  5.5132E+00    2.5321E+00   -7.6722E+00    7.2473E-01    7.4908E-01   -4.7909E-01    1.4775E+00   -4.8898E-01    6.2567E-01   -1.6512E+00    4.1073E-02    2.9663E-02    7.4570E-01   -8.5944E-01   -4.0012E-01    3.1182E-01   -2.1200E-03   -4.5832E-01    7.5017E-01    7.7841E-02   -1.0839E-01    1.4426E-02    6.1995E-01    3.3861E+00  
  5.6773E+00   -4.6974E+00    1.5390E+01   -4.7074E-01    3.3321E-01   -5.7058E-01   -3.6419E-01   -1.4473E+00   -1.1894E-01   -1.7783E-02    6.6180E-02   -7.6614E-02    1.2635E-01   -1.3580E-02   -6.4726E-02    1.5489E-01    3.3334E-02    9.8050E-02   -2.6073E-01    7.2369E-02    4.3761E-02    2.8701E-02    4.2142E-01    2.7988E+00  
  6.4802E+00   -6.5113E+00    1.3398E+01   -4.6176E-01    1.4719E-01   -4.9962E-01   -2.8405E-01   -1.4759E+00   -9.9104E-02    4.5782E-02    1.2716E-01   -8.4951E-02    9.4047E-02    2.9801E-02   -5.3849E-02    1.3555E-01    3.2995E-02    1.3545E-01   -2.0417E-01    4.2426E-02    5.2248E-02    2.1178E-02    3.7880E-01    2.5601E+00  
  2.1168E+00   -1.2846E-01    2.6533E+00   -4.6337E-01    5.2033E-02   -4.1132E-01   -1.9612E-01   -1.4958E+00   -7.0804E-02    9.1176E-02    1.7434E-01   -9.0573E-02    6.1280E-02    5.9080E-02   -3.9152E-02    1.2072E-01    2.7142E-02    1.6812E-01   -1.4200E-01    1.4739E-02    4.2565E-02    1.2926E-02    3.4945E-01    2.3938E+00  
  1.0714E+00    1.5842E+00    5.1191E-01   -4.6854E-01    1.8868E-02   -3.4296E-01   -9.8951E-02   -1.5087E+00   -3.4207E-02    1.1905E-01    2.0458E-01   -9.4469E-02    3.0068E-02    7.6709E-02   -2.1231E-02    1.0928E-01    1.5669E-02    1.9071E-01   -7.2203E-02   -3.3007E-03    1.8952E-02    4.8163E-03    3.3163E-01    2.2696E+00  
  1.0129E+00    1.5752E+00    1.0679E-02   -4.7129E-01    1.6554E-02   -3.1738E-01    2.7941E-03   -1.5136E+00    6.6619E-03    1.2815E-01    2.1442E-01   -9.5417E-02   -4.3441E-04    8.1952E-02   -1.9175E-03    1.0526E-01   -1.4404E-03    1.9878E-01    1.0589E-03   -9.5721E-03   -1.0686E-02    1.4893E-03    3.2552E-01    2.1923E+00  
  1.0751E+00    1.5877E+00   -4.9073E-01   -4.6950E-01    1.4094E-02   -3.4140E-01    1.0443E-01   -1.5098E+00    4.7710E-02    1.1953E-01    2.0504E-01   -9.3025E-02   -3.0754E-02    7.5307E-02    1.7589E-02    1.0961E-01   -1.8104E-02    1.9229E-01    7.4336E-02   -4.3416E-03   -3.9603E-02    4.9602E-03    3.3057E-01    2.2725E+00  
  2.1238E+00   -1.1956E-01   -2.6323E+00   -4.6520E-01   -1.9988E-02   -4.0825E-01    2.0142E-01   -1.4983E+00    8.4449E-02    9.2140E-02    1.7468E-01   -8.8295E-02   -6.1895E-02    5.6682E-02    3.5663E-02    1.2085E-01   -2.9248E-02    1.7116E-01    1.4333E-01    1.3371E-02   -6.1488E-02    1.2816E-02    3.4811E-01    2.4000E+00  
  6.4893E+00   -6.4997E+00   -1.3378E+01   -4.6331E-01   -1.1614E-01   -4.9517E-01    2.8953E-01   -1.4791E+00    1.1346E-01    4.6524E-02    1.2708E-01   -8.2455E-02   -9.4109E-02    2.6255E-02    5.0506E-02    1.3593E-01   -3.4083E-02    1.3884E-01    2.0455E-01    4.1026E-02   -6.9458E-02    2.1855E-02    3.7841E-01    2.5718E+00  
  5.6889E+00   -4.6754E+00   -1.5378E+01   -4.7188E-01   -3.0339E-01   -5.6501E-01    3.6948E-01   -1.4511E+00    1.3421E-01   -1.7934E-02    6.5147E-02   -7.4486E-02   -1.2609E-01   -1.8414E-02    6.1298E-02    1.5510E-01   -3.3318E-02    1.0097E-01    2.6019E-01    7.1361E-02   -6.0072E-02    2.9372E-02    4.2218E-01    2.8139E+00  
  5.1924E+00   -9.2709E+00    1.2584E+01   -6.1824E-01    5.2060E-01   -6.7842E-01   -4.0683E-01   -1.2282E+00   -1.7549E-01    1.6583E-02    3.3008E-04   -1.2255E-01    1.5779E-01    8.7673E-03   -1.3410E-01    1.7898E-01    2.5104E-02    1.7014E-01   -2.7956E-01    8.6792E-02    8.2576E-02    4.4409E-02    4.6826E-01    3.1223E+00  
  5.8920E+00   -1.2191E+01    1.1468E+01   -5.9987E-01    2.6681E-01   -6.1076E-01   -3.1254E-01   -1.2576E+00   -1.3219E-01    8.6590E-02    5.5065E-02   -1.4398E-01    1.2612E-01    6.3676E-02   -1.0582E-01    1.5145E-01    2.6653E-02    1.9964E-01   -2.1614E-01    4.1769E-02    8.3640E-02    3.8924E-02    4.2506E-01    2.9092E+00  
  6.5665E+00   -1.5820E+01    9.6137E+00   -5.9033E-01    1.2018E-01   -5.2376E-01   -2.1447E-01   -1.2739E+00   -8.9377E-02    1.3111E-01    9.9328E-02   -1.5895E-01    8.5148E-02    9.8806E-02   -7.4174E-02    1.3395E-01    2.1203E-02    2.2394E-01   -1.5010E-01    6.9224E-04    6.7582E-02    3.5463E-02    3.9710E-01    2.7172E+00  
  7.0337E+00   -1.7449E+01    3.9973E+00   -5.8830E-01    4.9802E-02   -4.5594E-01   -1.0817E-01   -1.2828E+00   -4.2123E-02    1.5749E-01    1.2787E-01   -1.6862E-01    4.2517E-02    1.2030E-01   -3.8496E-02    1.2257E-01    1.1577E-02    2.4109E-01   -7.5919E-02   -2.7059E-02    3.3728E-02    3.2172E-02    3.8130E-01    2.6100E+00  
  7.1579E+00   -1.7918E+01    1.3783E-02   -5.8853E-01    1.8202E-02   -4.3007E-01    2.3672E-03   -1.2857E+00    6.7068E-03    1.6658E-01    1.3788E-01   -1.7127E-01   -5.0172E-04    1.2733E-01   -2.1443E-03    1.1854E-01   -1.1997E-03    2.4831E-01    1.1270E-03   -3.7399E-02   -1.0666E-02    3.0861E-02    3.7611E-01    2.4896E+00  
  7.0372E+00   -1.7451E+01   -3.9799E+00   -5.8951E-01   -1.4154E-02   -4.5412E-01    1.1238E-01   -1.2838E+00    5.5072E-02    1.5849E-01    1.2850E-01   -1.6694E-01   -4.4181E-02    1.1972E-01    3.3908E-02    1.2252E-01   -1.4078E-02    2.4309E-01    7.7350E-02   -2.8172E-02   -5.4328E-02    3.2051E-02    3.8011E-01    2.6109E+00  
  6.5738E+00   -1.5827E+01   -9.5947E+00   -5.9232E-01   -8.5694E-02   -5.2029E-01    2.1866E-01   -1.2760E+00    1.0218E-01    1.3269E-01    1.0020E-01   -1.5630E-01   -8.6963E-02    9.7713E-02    6.9336E-02    1.3400E-01   -2.3426E-02    2.2730E-01    1.5038E-01   -8.4373E-04   -8.6569E-02    3.5518E-02    3.9605E-01    2.7218E+00  
  5.9021E+00   -1.2175E+01   -1.1442E+01   -6.0195E-01   -2.3367E-01   -6.0636E-01    3.1730E-01   -1.2609E+00    1.4501E-01    8.7439E-02    5.5698E-02   -1.4131E-01   -1.2745E-01    6.1655E-02    1.0002E-01    1.5209E-01   -2.7824E-02    2.0295E-01    2.1504E-01    4.0529E-02   -1.0188E-01    3.9805E-02    4.2592E-01    2.9208E+00  
  5.2055E+00   -9.2466E+00   -1.2565E+01   -6.1961E-01   -4.8825E-01   -6.7301E-01    4.1195E-01   -1.2320E+00    1.8957E-01    1.5971E-02    3.6018E-04   -1.1985E-01   -1.5817E-01    4.8264E-03    1.2806E-01    1.8017E-01   -2.5253E-02    1.7299E-01    2.7811E-01    8.5218E-02   -1.0030E-01    4.5417E-02    4.7068E-01    3.1387E+00  
  6.2033E+00   -8.8372E+00    8.5168E+00    7.8910E-01   -7.2232E-01    3.7330E-01   -1.1338E+00    6.0097E-01   -1.5427E+00    3.8379E-01    1.8362E-01    5.9704E-01   -6.1409E-01   -7.4534E-02   -8.0890E-01    3.6955E-01   -2.8417E-02    4.3177E-01   -7.5028E-01   -1.0455E-02    2.3991E-02    4.4909E-02    5.4080E-01    3.1971E+00  
  5.1042E+00   -1.2670E+01    1.0041E+01   -6.8011E-01    4.2721E-01   -7.7664E-01   -3.6804E-01   -9.4166E-01   -2.7067E-01    1.9063E-01   -7.2832E-03   -1.4201E-01    9.9919E-02    1.3165E-01   -2.4174E-01    2.1263E-01    9.3277E-03    2.7990E-01   -2.5208E-01    1.8236E-02    7.3087E-02    4.9082E-02    4.8565E-01    3.2440E+00  
  5.5262E+00   -1.4708E+01    6.5368E+00   -7.3582E-01    2.6212E-01   -7.7107E-01   -2.2924E-01   -1.0401E+00   -1.2463E-01    1.9288E-01    8.2158E-03   -2.1728E-01    1.0119E-01    1.6249E-01   -1.2153E-01    1.6947E-01    1.6683E-02    2.7720E-01   -1.4967E-01   -2.7563E-02    8.9652E-02    5.0900E-02    4.5294E-01    3.1152E+00  
  5.8234E+00   -1.6879E+01    3.2678E+00   -7.2274E-01    1.1687E-01   -7.0431E-01   -1.1615E-01   -1.0470E+00   -5.9372E-02    2.1788E-01    3.6474E-02   -2.2966E-01    5.0088E-02    1.8663E-01   -6.2579E-02    1.6312E-01    7.8316E-03    2.8838E-01   -7.6677E-02   -6.3623E-02    4.5595E-02    5.5056E-02    4.3778E-01    2.9852E+00  
  5.9471E+00   -1.7632E+01    1.7790E-02   -7.2102E-01    1.9803E-02   -6.7902E-01    1.9364E-03   -1.0497E+00    7.0504E-03    2.2686E-01    4.5774E-02   -2.3409E-01   -5.0832E-04    1.9607E-01   -1.5171E-03    1.5890E-01   -1.3269E-03    2.9416E-01    1.4908E-03   -7.5850E-02   -9.7372E-03    5.5030E-02    4.3257E-01    2.8846E+00  
  5.8272E+00   -1.6865E+01   -3.2468E+00   -7.2490E-01   -7.8810E-02   -7.0194E-01    1.1923E-01   -1.0480E+00    7.1906E-02    2.2019E-01    3.6655E-02   -2.2803E-01   -5.2452E-02    1.8827E-01    5.8101E-02    1.6153E-01   -1.0655E-02    2.9131E-01    7.7927E-02   -6.3554E-02   -6.5233E-02    5.3748E-02    4.3607E-01    2.9817E+00  
  5.5338E+00   -1.4686E+01   -6.5128E+00   -7.3786E-01   -2.2605E-01   -7.6673E-01    2.3216E-01   -1.0415E+00    1.3571E-01    1.9600E-01    9.4028E-03   -2.1401E-01   -1.0431E-01    1.6422E-01    1.1502E-01    1.6952E-01   -1.8732E-02    2.8112E-01    1.4882E-01   -2.7918E-02   -1.0923E-01    5.1242E-02    4.5213E-01    3.1184E+00  
  5.1097E+00   -1.2650E+01   -1.0027E+01   -6.8634E-01   -4.0207E-01   -7.7512E-01    3.6841E-01   -9.4906E-01    2.7070E-01    1.9473E-01   -6.1637E-03   -1.4010E-01   -1.0632E-01    1.3924E-01    2.2512E-01    2.1485E-01   -9.6793E-03    2.8357E-01    2.4676E-01    2.7092E-02   -9.6142E-02    5.1430E-02    4.8851E-01    3.2591E+00  
  6.4574E+00   -8.4989E+00   -8.3611E+00    9.2941E-01    9.3483E-01    5.7193E-01    1.1895E+00    7.2986E-01    1.6989E+00    4.6043E-01    2.0749E-01    6.5666E-01    6.6184E-01   -5.8835E-02    8.7028E-01    3.8429E-01    3.3761E-02    4.4915E-01    7.7021E-01   -2.8294E-03   -2.7369E-02    4.5686E-02    5.4189E-01    3.2085E+00  
