  3.0957E+00    7.8049E-01    9.4288E-01   -1.3927E-01   -4.8017E-01   -9.8000E-01   -1.0779E-01   -1.9491E-01   -6.4513E-01    2.8163E+00   -1.9405E-01    1.1299E-02   -4.2064E-02    9.8103E-03   -2.1535E-02    6.5210E-02    5.0697E-02   -2.5536E-01    1.1594E-01   -5.3447E-03    3.4312E-02   -1.8310E-02    3.7319E-02    1.6419E-01  
  2.9622E+00    1.0359E+00    9.2588E-01   -9.5661E-03   -2.0944E-01   -8.7536E-01   -6.7255E-02   -2.0185E-01   -5.5211E-01    2.6519E+00   -1.2659E-01    5.4559E-02   -8.2589E-03    5.3104E-02   -7.4481E-03    2.2404E-02    1.4684E-02   -2.4397E-01    9.4460E-02   -2.0743E-02    1.3476E-02   -1.2029E-02    4.6014E-02    2.6538E-01  
  2.8535E+00    1.2236E+00    7.2690E-01    5.7133E-02   -4.2601E-02   -8.0481E-01   -3.9618E-02   -1.8809E-01   -4.6341E-01    2.5859E+00   -9.6518E-02    7.4041E-02    4.4134E-03    4.8104E-02   -5.3386E-03    7.6090E-03    5.4134E-03   -2.3005E-01    6.9931E-02   -1.6442E-02    8.1372E-03   -8.8115E-03    4.5941E-02    2.5154E-01  
  2.7815E+00    1.3312E+00    4.1602E-01    9.0479E-02    2.3720E-02   -7.5270E-01   -1.6055E-02   -1.7742E-01   -3.6553E-01    2.5486E+00   -8.0259E-02    8.6094E-02    3.2585E-03    4.4433E-02   -5.5031E-03   -4.0740E-04    1.4338E-03   -2.2205E-01    4.7345E-02   -1.2837E-02    2.0924E-03   -6.7023E-03    4.5993E-02    2.2373E-01  
  2.7611E+00    1.3610E+00    5.7054E-02    1.0109E-01    3.9957E-02   -7.3737E-01    4.5873E-03   -1.7436E-01   -2.6513E-01    2.5363E+00   -7.4961E-02    9.0880E-02   -3.6894E-03    4.2866E-02   -5.9375E-03   -3.3879E-03   -2.9908E-04   -2.1957E-01    2.5613E-02   -1.1766E-02   -5.2888E-03   -5.8186E-03    4.5920E-02    2.0525E-01  
  2.7930E+00    1.3205E+00   -3.0539E-01    9.1852E-02    5.5902E-02   -7.6558E-01    2.5292E-02   -1.7872E-01   -1.6425E-01    2.5483E+00   -8.0022E-02    8.7941E-02   -1.0842E-02    4.2880E-02   -6.4186E-03   -1.5297E-03   -1.9195E-03   -2.2199E-01    3.8833E-03   -1.3543E-02   -1.2532E-02   -6.1168E-03    4.5859E-02    2.1865E-01  
  2.8759E+00    1.2014E+00   -6.3120E-01    6.0133E-02    1.2128E-01   -8.3049E-01    4.9063E-02   -1.9085E-01   -6.4829E-02    2.5853E+00   -9.5721E-02    7.7780E-02   -1.2695E-02    4.4816E-02   -6.6146E-03    5.3697E-03   -5.5249E-03   -2.2995E-01   -1.8607E-02   -1.7828E-02   -1.8173E-02   -7.5035E-03    4.5927E-02    2.4249E-01  
  2.9949E+00    1.0022E+00   -8.5809E-01   -3.5748E-03    2.8574E-01   -9.1288E-01    7.7646E-02   -2.0747E-01    2.7185E-02    2.6510E+00   -1.2442E-01    6.0769E-02   -1.9130E-03    4.7945E-02   -4.7995E-03    1.8351E-02   -1.3790E-02   -2.4381E-01   -4.2397E-02   -2.2654E-02   -2.2916E-02   -1.0017E-02    4.6444E-02    2.4603E-01  
  3.0979E+00    7.8505E-01   -9.1504E-01   -1.5435E-01    5.9515E-01   -1.0493E+00    1.0628E-01   -1.8209E-01    9.2211E-02    2.8120E+00   -1.9352E-01    1.2856E-02    4.2353E-02    1.4148E-02    2.3547E-02    6.0677E-02   -4.9358E-02   -2.5482E-01   -6.9517E-02   -1.4741E-02   -4.5329E-02   -1.6956E-02    3.9687E-02    1.7083E-01  
  2.7213E+00    1.1343E+00    1.2550E+00    5.0879E-02   -4.5508E-02   -5.2452E-01   -7.8411E-02   -1.4428E-01   -5.1403E-01    2.8217E+00   -9.9011E-02    4.7219E-02    4.6656E-03    5.7541E-02    8.7153E-03    1.4315E-02    1.4068E-02   -2.8247E-01    8.5455E-02   -2.7756E-02    1.1305E-02   -1.6251E-02    4.5210E-02    2.4816E-01  
  2.5184E+00    1.3353E+00    1.1365E+00    1.1978E-01    1.2392E-01   -4.7513E-01   -4.8078E-02   -1.2389E-01   -4.6294E-01    2.7474E+00   -6.2737E-02    6.3897E-02    1.9554E-02    5.1019E-02    4.1981E-03   -7.6273E-04    3.1147E-03   -2.6371E-01    7.1149E-02   -2.3215E-02    1.0685E-02   -1.2666E-02    4.6626E-02    2.6212E-01  
  2.3539E+00    1.4760E+00    8.6004E-01    1.5685E-01    1.6640E-01   -4.0553E-01   -2.6198E-02   -1.0954E-01   -4.0306E-01    2.6964E+00   -3.9210E-02    7.9588E-02    1.9895E-02    4.6649E-02    1.2408E-03   -1.0738E-02   -1.2529E-03   -2.5251E-01    5.5552E-02   -1.8214E-02    7.1660E-03   -1.0433E-02    4.6862E-02    2.3889E-01  
  2.2484E+00    1.5585E+00    4.6805E-01    1.7390E-01    1.2209E-01   -3.5176E-01   -9.5767E-03   -1.0066E-01   -3.3645E-01    2.6665E+00   -2.6313E-02    9.0294E-02    1.0512E-02    4.4451E-02   -2.0515E-03   -1.5930E-02   -1.6972E-03   -2.4677E-01    4.0513E-02   -1.5384E-02    1.4429E-03   -9.6619E-03    4.6333E-02    2.2127E-01  
  2.2157E+00    1.5795E+00    5.2346E-02    1.7891E-01    3.4623E-02   -3.3605E-01    4.1064E-03   -9.7883E-02   -2.6725E-01    2.6568E+00   -2.2278E-02    9.4429E-02   -3.1853E-03    4.3253E-02   -5.6304E-03   -1.7605E-02   -4.9362E-04   -2.4495E-01    2.5940E-02   -1.4687E-02   -5.0824E-03   -9.3553E-03    4.5987E-02    2.0078E-01  
  2.2585E+00    1.5498E+00   -3.6741E-01    1.7462E-01   -5.2950E-02   -3.6516E-01    1.7839E-02   -1.0129E-01   -1.9761E-01    2.6664E+00   -2.6356E-02    9.1755E-02   -1.6895E-02    4.2832E-02   -9.1922E-03   -1.6368E-02    7.8359E-04   -2.4664E-01    1.1355E-02   -1.6187E-02   -1.1484E-02   -9.2613E-03    4.5971E-02    2.0484E-01  
  2.3734E+00    1.4571E+00   -7.7373E-01    1.5846E-01   -9.7712E-02   -4.3223E-01    3.4544E-02   -1.1092E-01   -1.2968E-01    2.6962E+00   -3.9079E-02    8.2662E-02   -2.6483E-02    4.3353E-02   -1.2488E-02   -1.1764E-02    6.1894E-04   -2.5228E-01   -3.7068E-03   -1.9770E-02   -1.6738E-02   -9.5841E-03    4.6401E-02    2.2794E-01  
  2.5459E+00    1.3049E+00   -1.0765E+00    1.2261E-01   -5.6236E-02   -5.1477E-01    5.6573E-02   -1.2634E-01   -6.7486E-02    2.7470E+00   -6.2033E-02    6.8646E-02   -2.6787E-02    4.5903E-02   -1.5372E-02   -2.5138E-03   -3.2579E-03   -2.6333E-01   -1.9327E-02   -2.5273E-02   -1.9535E-02   -1.1252E-02    4.6522E-02    2.5034E-01  
  2.7546E+00    1.0897E+00   -1.2138E+00    5.5190E-02    1.1173E-01   -5.7677E-01    8.7188E-02   -1.4807E-01   -1.3261E-02    2.8215E+00   -9.7598E-02    5.3516E-02   -1.2800E-02    5.0702E-02   -1.9581E-02    1.1797E-02   -1.3537E-02   -2.8184E-01   -3.3793E-02   -3.0193E-02   -1.9382E-02   -1.4365E-02    4.5695E-02    2.4997E-01  
  2.3093E+00    1.2999E+00    1.4451E+00    1.4127E-01    2.6813E-01   -3.2499E-01   -5.7449E-02   -8.7089E-02   -4.1838E-01    2.8686E+00   -4.7137E-02    3.8588E-02    2.7035E-02    4.8745E-02    1.6704E-02   -2.8733E-03    6.0080E-04   -2.9081E-01    6.1921E-02   -2.9073E-02    1.0380E-02   -1.5361E-02    4.7867E-02    2.5337E-01  
  2.0383E+00    1.4255E+00    1.2680E+00    1.7830E-01    3.3577E-01   -2.7330E-01   -3.2830E-02   -7.1510E-02   -3.9271E-01    2.8102E+00   -1.6558E-02    5.4639E-02    3.3001E-02    4.4550E-02    1.1185E-02   -1.4027E-02   -5.8483E-03   -2.7719E-01    5.3605E-02   -2.4349E-02    9.4439E-03   -1.3147E-02    4.9058E-02    2.4888E-01  
  1.8091E+00    1.6612E+00    7.3817E-01    1.9165E-01    2.9464E-01   -2.0216E-01   -1.5939E-02   -5.9879E-02   -3.5647E-01    2.7701E+00    2.1539E-03    6.9053E-02    2.6658E-02    4.2581E-02    5.9191E-03   -2.0147E-02   -6.1533E-03   -2.6973E-01    4.4897E-02   -2.0845E-02    5.9077E-03   -1.3249E-02    4.8440E-02    2.2901E-01  
  1.6494E+00    1.7604E+00    3.6910E-01    1.9490E-01    1.7986E-01   -1.4715E-01   -4.6116E-03   -5.2968E-02   -3.1408E-01    2.7468E+00    1.2330E-02    7.9108E-02    1.3539E-02    4.1546E-02    5.6082E-04   -2.3411E-02   -3.8507E-03   -2.6606E-01    3.5689E-02   -1.8964E-02    7.1070E-04   -1.3747E-02    4.7553E-02    2.0668E-01  
  1.5964E+00    1.7832E+00    1.1681E-02    1.9531E-01    2.8916E-02   -1.3107E-01    3.8697E-03   -5.0688E-02   -2.6890E-01    2.7393E+00    1.5325E-02    8.3017E-02   -2.6938E-03    4.0739E-02   -5.2388E-03   -2.4432E-02   -5.4514E-04   -2.6489E-01    2.6583E-02   -1.8822E-02   -4.6908E-03   -1.3962E-02    4.7071E-02    1.9353E-01  
  1.6522E+00    1.7589E+00   -3.4577E-01    1.9547E-01   -1.2206E-01   -1.6078E-01    1.2352E-02   -5.3230E-02   -2.2333E-01    2.7467E+00    1.2246E-02    8.0475E-02   -1.8897E-02    3.9787E-02   -1.1001E-02   -2.3505E-02    2.7668E-03   -2.6597E-01    1.7375E-02   -1.9824E-02   -9.9567E-03   -1.3454E-02    4.7114E-02    1.9391E-01  
  1.8164E+00    1.6557E+00   -7.0711E-01    1.9276E-01   -2.3700E-01   -2.2936E-01    2.3679E-02   -6.0539E-02   -1.7973E-01    2.7699E+00    2.0522E-03    7.1881E-02   -3.1950E-02    3.9109E-02   -1.6270E-02   -2.0460E-02    5.2028E-03   -2.6949E-01    7.9346E-03   -2.2450E-02   -1.4770E-02   -1.2717E-02    4.7754E-02    2.1804E-01  
  2.0618E+00    1.3900E+00   -1.2226E+00    1.7995E-01   -2.7852E-01   -3.1381E-01    4.0486E-02   -7.2626E-02   -1.4159E-01    2.8099E+00   -1.6474E-02    5.8930E-02   -3.8337E-02    3.9388E-02   -2.1277E-02   -1.4587E-02    5.1196E-03   -2.7677E-01   -1.2448E-03   -2.6592E-02   -1.7695E-02   -1.2459E-02    4.8479E-02    2.4359E-01  
  2.3370E+00    1.2499E+00   -1.4203E+00    1.4374E-01   -2.1172E-01   -3.7845E-01    6.5064E-02   -8.8918E-02   -1.1308E-01    2.8683E+00   -4.6610E-02    4.4353E-02   -3.2808E-02    4.1884E-02   -2.6465E-02   -3.8898E-03   -9.5015E-04   -2.9021E-01   -1.0052E-02   -3.1578E-02   -1.7797E-02   -1.4334E-02    4.7842E-02    2.5110E-01  
  3.0816E+00    6.4906E-01    1.0381E+00   -8.4204E-02   -2.0534E-01    2.0142E-01   -2.3907E-01   -1.3950E-01   -2.6342E-01    3.2452E+00   -1.9850E-01    1.4483E-02   -3.1509E-02   -3.0344E-03   -6.0064E-03    5.2779E-02    8.8796E-02   -3.3850E-01    2.3519E-02   -4.9063E-02    4.2978E-02   -2.2830E-02    2.2089E-02    1.0210E-01  
  2.6400E+00    9.8314E-01    1.5524E+00    3.8420E-02    7.6253E-02   -8.5517E-02   -1.2057E-01   -8.4270E-02   -3.0782E-01    3.0284E+00   -1.0407E-01    8.0966E-03   -1.0041E-02    4.4294E-02    4.1198E-02    1.6387E-02    2.3965E-02   -3.3268E-01    3.7768E-02   -3.4663E-02    7.2226E-03   -2.1628E-02    4.4535E-02    2.1003E-01  
  2.2733E+00    1.1659E+00    1.6650E+00    1.3746E-01    3.3113E-01   -2.3412E-01   -7.3826E-02   -6.5572E-02   -3.3740E-01    2.9502E+00   -4.8237E-02    8.2731E-03    2.1048E-02    4.1899E-02    3.0113E-02   -1.9166E-06    7.5189E-04   -3.1016E-01    4.3708E-02   -3.3412E-02    8.4068E-03   -1.6919E-02    4.8469E-02    2.2216E-01  
  1.8997E+00    1.2663E+00    1.5822E+00    1.8049E-01    4.4537E-01   -2.5107E-01   -4.1828E-02   -5.0291E-02   -3.4603E-01    2.8902E+00   -9.4326E-03    2.0307E-02    3.4591E-02    3.8848E-02    2.1777E-02   -1.1538E-02   -9.8213E-03   -2.9504E-01    4.4014E-02   -3.0504E-02    9.6537E-03   -1.4623E-02    5.0844E-02    2.3793E-01  
  1.5841E+00    1.4317E+00    1.0983E+00    1.8986E-01    4.4302E-01   -1.9834E-01   -2.1060E-02   -3.8461E-02   -3.3895E-01    2.8463E+00    1.5948E-02    3.5913E-02    3.4809E-02    3.7245E-02    1.5290E-02   -1.8548E-02   -1.1885E-02   -2.8665E-01    4.1485E-02   -2.6986E-02    8.1346E-03   -1.4982E-02    5.0979E-02    2.4200E-01  
  1.2972E+00    1.5229E+00    7.8353E-01    1.8385E-01    3.5260E-01   -1.2611E-01   -8.1193E-03   -2.9859E-02   -3.2112E-01    2.8165E+00    3.1141E-02    4.9883E-02    2.6373E-02    3.6747E-02    8.9534E-03   -2.2280E-02   -9.4101E-03   -2.8247E-01    3.7757E-02   -2.4497E-02    4.5205E-03   -1.6915E-02    4.9839E-02    2.2741E-01  
  1.1120E+00    1.5757E+00    4.0975E-01    1.7551E-01    2.0221E-01   -7.0446E-02   -7.2194E-04   -2.4821E-02   -2.9705E-01    2.7995E+00    3.9446E-02    5.9556E-02    1.3236E-02    3.6197E-02    2.1965E-03   -2.4574E-02   -5.3606E-03   -2.8027E-01    3.2888E-02   -2.3170E-02    2.9646E-04   -1.8200E-02    4.9197E-02    2.0101E-01  
  1.0495E+00    1.5924E+00    1.1041E-02    1.7216E-01    2.2970E-02   -5.4154E-02    3.7813E-03   -2.3194E-02   -2.7018E-01    2.7941E+00    4.1982E-02    6.3432E-02   -2.1439E-03    3.5369E-02   -4.7132E-03   -2.5438E-02   -5.3872E-04   -2.7951E-01    2.7342E-02   -2.2975E-02   -4.1717E-03   -1.8541E-02    4.8898E-02    1.8215E-01  
  1.1145E+00    1.5745E+00   -3.8770E-01    1.7605E-01   -1.5627E-01   -8.4192E-02    8.2466E-03   -2.4925E-02   -2.4295E-01    2.7994E+00    3.9408E-02    6.0914E-02   -1.7522E-02    3.4272E-02   -1.1574E-02   -2.4584E-02    4.2732E-03   -2.8021E-01    2.1636E-02   -2.3916E-02   -8.5254E-03   -1.7996E-02    4.8862E-02    1.8122E-01  
  1.3022E+00    1.5206E+00   -7.6160E-01    1.8484E-01   -3.0670E-01   -1.5357E-01    1.5546E-02   -3.0115E-02   -2.1777E-01    2.8163E+00    3.1050E-02    5.2628E-02   -3.0584E-02    3.2989E-02   -1.8192E-02   -2.2306E-02    8.3056E-03   -2.8231E-01    1.6310E-02   -2.5964E-02   -1.2410E-02   -1.6570E-02    4.9231E-02    2.0803E-01  
  1.5915E+00    1.4282E+00   -1.0766E+00    1.9113E-01   -3.9722E-01   -2.3925E-01    2.8373E-02   -3.8962E-02   -1.9811E-01    2.8461E+00    1.5838E-02    4.0117E-02   -3.8827E-02    3.1859E-02   -2.4313E-02   -1.8668E-02    1.0877E-02   -2.8630E-01    1.1892E-02   -2.9082E-02   -1.5505E-02   -1.4708E-02    5.0331E-02    2.3652E-01  
  1.9222E+00    1.2195E+00   -1.5657E+00    1.8219E-01   -3.9998E-01   -3.0514E-01    4.8918E-02   -5.1116E-02   -1.8843E-01    2.8899E+00   -9.3513E-03    2.5946E-02   -3.8677E-02    3.1899E-02   -3.0447E-02   -1.1860E-02    8.9412E-03   -2.9458E-01    8.4851E-03   -3.2967E-02   -1.6187E-02   -1.4285E-02    5.0560E-02    2.4163E-01  
  2.2965E+00    1.1086E+00   -1.6685E+00    1.3964E-01   -2.8636E-01   -3.0093E-01    8.0551E-02   -6.6845E-02   -1.9364E-01    2.9498E+00   -4.8004E-02    1.5315E-02   -2.5338E-02    3.3563E-02   -3.8355E-02   -5.8633E-04   -1.4583E-03   -3.0961E-01    7.8702E-03   -3.5919E-02   -1.4079E-02   -1.6483E-02    4.8703E-02    2.2793E-01  
  2.6619E+00    9.1794E-01   -1.5752E+00    4.0812E-02   -3.2198E-02   -1.6411E-01    1.2642E-01   -8.6083E-02   -2.1889E-01    3.0279E+00   -1.0401E-01    1.6721E-02    5.6363E-03    3.4800E-02   -4.9094E-02    1.5594E-02   -2.4798E-02   -3.3218E-01    1.3123E-02   -3.6944E-02   -1.2148E-02   -2.1416E-02    4.4928E-02    2.3858E-01  
  3.0915E+00    5.9605E-01   -1.0849E+00   -8.9300E-02    2.6690E-01    1.0216E-01    2.3838E-01   -1.3466E-01   -2.7708E-01    3.2369E+00   -2.0037E-01    2.4048E-02    3.3267E-02    1.7304E-03    2.4325E-03    5.1192E-02   -9.1956E-02   -3.4018E-01    2.4888E-02   -5.7822E-02   -4.1793E-02   -2.3165E-02    2.2509E-02    1.1241E-01  
  2.8106E+00    8.2596E-01    1.4315E+00   -4.0459E-02    3.0823E-02    2.7975E-01   -1.6064E-01   -6.4318E-02   -1.5419E-01    3.0543E+00   -1.4016E-01    1.0203E-02   -3.9489E-02    2.4579E-02    5.6760E-02    2.2417E-02    4.4750E-02   -3.4416E-01   -3.4589E-03   -3.6117E-02    9.3111E-03   -2.3216E-02    4.2713E-02    2.6452E-01  
  2.4170E+00    9.6571E-01    1.7358E+00    1.0688E-01    3.1068E-01   -7.8182E-02   -1.0295E-01   -5.0917E-02   -2.2532E-01    2.9876E+00   -6.7218E-02   -1.4286E-02    8.3244E-04    3.0017E-02    4.2952E-02    5.8292E-03    8.0696E-03   -3.2025E-01    1.6685E-02   -3.6083E-02    6.9130E-03   -1.8545E-02    4.7381E-02    2.6745E-01  
  1.9775E+00    1.0514E+00    1.7841E+00    1.7288E-01    4.6329E-01   -2.2752E-01   -5.9721E-02   -3.8118E-02   -2.7038E-01    2.9345E+00   -1.7300E-02   -1.3747E-02    2.2422E-02    2.9995E-02    3.2059E-02   -5.7232E-03   -1.0864E-02   -3.0464E-01    2.7314E-02   -3.5736E-02    8.4724E-03   -1.4906E-02    5.1279E-02    2.3043E-01  
  1.5804E+00    1.0779E+00    1.4568E+00    1.8771E-01    5.0741E-01   -2.4413E-01   -3.0575E-02   -2.7224E-02   -2.9351E-01    2.8928E+00    1.6304E-02   -1.1337E-03    2.9961E-02    2.9598E-02    2.4411E-02   -1.2844E-02   -1.6842E-02   -2.9631E-01    3.2184E-02   -3.3413E-02    8.2968E-03   -1.5246E-02    5.2541E-02    2.4980E-01  
  1.1705E+00    1.1725E+00    1.1933E+00    1.7544E-01    4.6301E-01   -1.9081E-01   -1.2487E-02   -1.8750E-02   -3.0014E-01    2.8624E+00    3.7468E-02    1.4543E-02    2.8112E-02    2.9605E-02    1.7878E-02   -1.6652E-02   -1.5472E-02   -2.9274E-01    3.3718E-02   -3.0493E-02    6.1052E-03   -1.8036E-02    5.1641E-02    2.2878E-01  
  8.4607E-01    1.2361E+00    8.4374E-01    1.5461E-01    3.5219E-01   -1.1801E-01   -2.6845E-03   -1.3091E-02   -2.9595E-01    2.8426E+00    5.0670E-02    2.8350E-02    2.1211E-02    2.9401E-02    1.0956E-02   -1.9532E-02   -1.1940E-02   -2.9084E-01    3.3055E-02   -2.8257E-02    3.1108E-03   -2.0281E-02    5.1130E-02    2.0408E-01  
  6.3744E-01    1.2728E+00    4.3856E-01    1.3704E-01    1.9541E-01   -6.1897E-02    1.8541E-03   -9.9853E-03   -2.8518E-01    2.8315E+00    5.8071E-02    3.8043E-02    1.0827E-02    2.8871E-02    3.5733E-03   -2.1369E-02   -6.7663E-03   -2.8974E-01    3.0993E-02   -2.6885E-02   -2.3441E-04   -2.1849E-02    5.0960E-02    1.8673E-01  
  5.6704E-01    1.2844E+00    1.0535E-02    1.3039E-01    1.6957E-02   -4.5472E-02    3.7409E-03   -9.1285E-03   -2.7118E-01    2.8279E+00    6.0608E-02    4.1885E-02   -1.5726E-03    2.7958E-02   -4.0141E-03   -2.1824E-02   -5.2535E-04   -2.8930E-01    2.7985E-02   -2.6647E-02   -3.7102E-03   -2.2604E-02    5.0720E-02    1.7947E-01  
  6.3982E-01    1.2719E+00   -4.1753E-01    1.3749E-01   -1.6150E-01   -7.5710E-02    5.5900E-03   -1.0060E-02   -2.5679E-01    2.8314E+00    5.8149E-02    3.9372E-02   -1.3978E-02    2.6820E-02   -1.1561E-02   -2.1312E-02    5.6817E-03   -2.8972E-01    2.4798E-02   -2.7481E-02   -7.0519E-03   -2.1846E-02    5.0696E-02    1.8072E-01  
  8.5075E-01    1.2343E+00   -8.2283E-01    1.5552E-01   -3.1827E-01   -1.4561E-01    1.0003E-02   -1.3233E-02   -2.4490E-01    2.8425E+00    5.0704E-02    3.1029E-02   -2.4359E-02    2.5405E-02   -1.8842E-02   -1.9482E-02    1.0790E-02   -2.9079E-01    2.2223E-02   -2.9421E-02   -1.0037E-02   -2.0153E-02    5.0716E-02    2.0045E-01  
  1.1775E+00    1.1698E+00   -1.1726E+00    1.7665E-01   -4.2912E-01   -2.3194E-01    1.9630E-02   -1.8983E-02   -2.3890E-01    2.8622E+00    3.7477E-02    1.8670E-02   -3.1120E-02    2.3888E-02   -2.5600E-02   -1.6660E-02    1.4291E-02   -2.9261E-01    2.0746E-02   -3.2186E-02   -1.2472E-02   -1.7897E-02    5.1245E-02    2.2349E-01  
  1.5894E+00    1.0744E+00   -1.4363E+00    1.8911E-01   -4.7362E-01   -2.9851E-01    3.7515E-02   -2.7593E-02   -2.4303E-01    2.8926E+00    1.6225E-02    4.4849E-03   -3.2786E-02    2.2428E-02   -3.1892E-02   -1.2987E-02    1.5708E-02   -2.9602E-01    2.1150E-02   -3.5539E-02   -1.3938E-02   -1.5248E-02    5.2387E-02    2.5661E-01  
  1.9952E+00    1.0021E+00   -1.7959E+00    1.7453E-01   -4.2981E-01   -2.9478E-01    6.6134E-02   -3.8617E-02   -2.6287E-01    2.9341E+00   -1.7457E-02   -6.6983E-03   -2.5248E-02    2.1525E-02   -3.9181E-02   -5.9914E-03    9.6926E-03   -3.0438E-01    2.4815E-02   -3.7918E-02   -1.3224E-02   -1.4919E-02    5.1509E-02    2.3489E-01  
  2.4325E+00    9.0972E-01   -1.7652E+00    1.0844E-01   -2.7751E-01   -1.5734E-01    1.0823E-01   -5.1604E-02   -3.0367E-01    2.9869E+00   -6.7799E-02   -5.5763E-03   -3.5740E-03    2.0415E-02   -4.9808E-02    5.4726E-03   -9.6114E-03   -3.2010E-01    3.4533E-02   -3.8017E-02   -1.1012E-02   -1.8836E-02    4.7622E-02    2.4532E-01  
  2.8216E+00    7.6664E-01   -1.4771E+00   -4.0449E-02    2.7605E-03    1.9025E-01    1.6300E-01   -6.4899E-02   -3.6963E-01    3.0527E+00   -1.4187E-01    2.1308E-02    3.7541E-02    1.4527E-02   -6.3539E-02    2.2256E-02   -4.7774E-02   -3.4450E-01    5.4288E-02   -3.8131E-02   -1.2651E-02   -2.4037E-02    4.2262E-02    2.5315E-01  
  2.7041E+00    7.7365E-01    1.5581E+00    3.3035E-02    2.6499E-01    2.6410E-01   -1.5579E-01   -3.6286E-02   -8.1776E-02    2.9746E+00   -1.0609E-01   -1.8179E-02   -2.7132E-02    1.2728E-02    5.1435E-02    1.0858E-02    2.4112E-02   -3.1814E-01   -1.8074E-02   -3.9330E-02    7.0663E-03   -1.8986E-02    4.6077E-02    2.7122E-01  
  2.2466E+00    8.3999E-01    1.8088E+00    1.4510E-01    4.1877E-01   -8.9129E-02   -9.2188E-02   -2.7381E-02   -1.6862E-01    2.9355E+00   -4.2361E-02   -3.6269E-02   -2.4116E-03    1.7750E-02    4.1403E-02    1.3870E-03   -3.9319E-03   -3.0543E-01    3.4904E-03   -3.9343E-02    6.8384E-03   -1.5597E-02    4.9325E-02    2.5241E-01  
  1.7878E+00    7.1709E-01    1.7321E+00    1.8539E-01    4.8699E-01   -2.3810E-01   -4.9681E-02   -1.9428E-02   -2.2476E-01    2.9050E+00    2.1643E-03   -3.3805E-02    1.1351E-02    2.0033E-02    3.3055E-02   -5.1447E-03   -1.7652E-02   -2.9826E-01    1.7203E-02   -3.8775E-02    6.5573E-03   -1.4841E-02    5.1692E-02    2.4288E-01  
  1.2913E+00    7.6718E-01    1.5473E+00    1.8029E-01    4.8187E-01   -2.5471E-01   -2.2653E-02   -1.2698E-02   -2.5807E-01    2.8815E+00    3.2020E-02   -2.0585E-02    1.6676E-02    2.0800E-02    2.6193E-02   -9.1564E-03   -2.0554E-02   -2.9568E-01    2.4932E-02   -3.6547E-02    5.5601E-03   -1.7260E-02    5.2127E-02    2.4373E-01  
  8.4363E-01    8.2653E-01    1.2567E+00    1.5315E-01    4.1722E-01   -2.0126E-01   -7.0354E-03   -7.6730E-03   -2.7445E-01    2.8650E+00    5.1087E-02   -4.7664E-03    1.6480E-02    2.0977E-02    1.9738E-02   -1.1992E-02   -1.8357E-02   -2.9531E-01    2.8648E-02   -3.3609E-02    3.6508E-03   -2.0233E-02    5.1853E-02    2.1666E-01  
  4.9059E-01    8.6619E-01    8.8371E-01    1.2152E-01    3.0746E-01   -1.2821E-01    6.9800E-04   -4.3782E-03   -2.7943E-01    2.8545E+00    6.2766E-02    9.1389E-03    1.2953E-02    2.0712E-02    1.2581E-02   -1.4407E-02   -1.4187E-02   -2.9526E-01    2.9924E-02   -3.1290E-02    1.4748E-03   -2.2149E-02    5.2032E-02    1.9218E-01  
  2.6438E-01    8.8906E-01    4.5776E-01    9.6839E-02    1.6650E-01   -7.1958E-02    3.2245E-03   -2.8270E-03   -2.7737E-01    2.8486E+00    6.9823E-02    1.9013E-02    6.5280E-03    1.9995E-02    4.8233E-03   -1.5621E-02   -7.6145E-03   -2.9500E-01    2.9603E-02   -2.9874E-02   -9.3434E-04   -2.4152E-02    5.1961E-02    1.8459E-01  
  1.8797E-01    8.9625E-01    1.0179E-02    8.7932E-02    1.0898E-02   -5.5454E-02    3.7019E-03   -2.3521E-03   -2.7187E-01    2.8468E+00    7.2114E-02    2.2894E-02   -1.0550E-03    1.9047E-02   -3.1622E-03   -1.6010E-02   -4.6751E-04   -2.9492E-01    2.8413E-02   -2.9509E-02   -3.3439E-03   -2.4918E-02    5.1941E-02    1.8508E-01  
  2.6666E-01    8.8847E-01   -4.3745E-01    9.7243E-02   -1.4471E-01   -8.5818E-02    4.1574E-03   -2.8764E-03   -2.6600E-01    2.8486E+00    6.9946E-02    2.0301E-02   -8.6201E-03    1.7864E-02   -1.1134E-02   -1.5529E-02    6.6090E-03   -2.9505E-01    2.7062E-02   -3.0270E-02   -5.6239E-03   -2.4304E-02    5.1825E-02    1.8710E-01  
  4.9511E-01    8.6501E-01   -8.6355E-01    1.2232E-01   -2.8566E-01   -1.5591E-01    6.5946E-03   -4.4868E-03   -2.6284E-01    2.8544E+00    6.2941E-02    1.1732E-02   -1.4990E-02    1.6542E-02   -1.8842E-02   -1.4235E-02    1.2993E-02   -2.9533E-01    2.6275E-02   -3.2077E-02   -7.6538E-03   -2.2318E-02    5.1818E-02    1.8925E-01  
  8.5022E-01    8.2472E-01   -1.2368E+00    1.5430E-01   -3.9541E-01   -2.4255E-01    1.4141E-02   -7.7842E-03   -2.6600E-01    2.8648E+00    5.1175E-02   -7.6013E-04   -1.8436E-02    1.5007E-02   -2.5909E-02   -1.1901E-02    1.7022E-02   -2.9537E-01    2.6698E-02   -3.4755E-02   -9.2457E-03   -2.0267E-02    5.1729E-02    2.2187E-01  
  1.2999E+00    7.6476E-01   -1.5276E+00    1.8160E-01   -4.6005E-01   -3.0929E-01    2.9566E-02   -1.2836E-02   -2.7988E-01    2.8813E+00    3.1965E-02   -1.5039E-02   -1.8454E-02    1.3334E-02   -3.2262E-02   -9.2520E-03    1.9178E-02   -2.9563E-01    2.9187E-02   -3.8035E-02   -1.0427E-02   -1.7312E-02    5.2329E-02    2.5229E-01  
  1.7983E+00    7.0838E-01   -1.7182E+00    1.8686E-01   -4.6526E-01   -3.0563E-01    5.6074E-02   -1.9555E-02   -3.0995E-01    2.9046E+00    1.8166E-03   -2.6775E-02   -1.3023E-02    1.1346E-02   -3.8910E-02   -5.3958E-03    1.6247E-02   -2.9823E-01    3.5517E-02   -4.0360E-02   -1.0555E-02   -1.4940E-02    5.2212E-02    2.4078E-01  
  2.2571E+00    7.9890E-01   -1.8408E+00    1.4635E-01   -3.9714E-01   -1.6867E-01    9.7297E-02   -2.7568E-02   -3.6186E-01    2.9349E+00   -4.3220E-02   -2.7559E-02    8.0340E-04    7.9590E-03   -4.7065E-02    1.1263E-03    2.0953E-03   -3.0550E-01    4.8120E-02   -4.0756E-02   -1.0217E-02   -1.6070E-02    4.9721E-02    2.4722E-01  
  2.7101E+00    7.3197E-01   -1.6040E+00    3.2977E-02   -2.4327E-01    1.7414E-01    1.5823E-01   -3.6572E-02   -4.4313E-01    2.9735E+00   -1.0791E-01   -7.1602E-03    2.5840E-02    1.9144E-03   -5.7038E-02    1.0771E-02   -2.7312E-02   -3.1835E-01    6.9194E-02   -4.0580E-02   -1.0174E-02   -2.0164E-02    4.5835E-02    2.5351E-01  
  2.6470E+00    6.1816E-01    1.6302E+00    7.0202E-02    3.9715E-01    2.7086E-01   -1.5051E-01   -1.1420E-02   -4.1370E-02    2.8823E+00   -8.8102E-02   -3.6750E-02   -3.1303E-02    1.4580E-03    4.6446E-02    6.1891E-03    1.3359E-02   -2.9459E-01   -2.6832E-02   -4.2886E-02    6.0265E-03   -1.5562E-02    4.7298E-02    2.7846E-01  
  2.1492E+00    6.2123E-01    1.8400E+00    1.6418E-01    4.3987E-01   -8.2350E-02   -8.6791E-02   -9.3068E-03   -1.3528E-01    2.8736E+00   -2.8309E-02   -5.3406E-02   -1.5928E-02    7.9605E-03    3.9042E-02    1.2447E-03   -1.1375E-02   -2.9021E-01   -3.0430E-03   -4.3327E-02    4.6156E-03   -1.3515E-02    4.9765E-02    2.4711E-01  
  1.6377E+00    3.5815E-01    1.7874E+00    1.8904E-01    4.3746E-01   -2.3090E-01   -4.4521E-02   -6.5494E-03   -1.9838E-01    2.8665E+00    1.2906E-02   -4.9486E-02   -6.4811E-03    1.0774E-02    3.3008E-02   -1.7825E-03   -2.1889E-02   -2.9013E-01    1.2029E-02   -4.1950E-02    3.3728E-03   -1.4802E-02    5.1098E-02    2.5734E-01  
  1.1050E+00    3.9678E-01    1.5987E+00    1.7157E-01    3.9680E-01   -2.4723E-01   -1.8365E-02   -3.7942E-03   -2.3804E-01    2.8611E+00    4.0475E-02   -3.5443E-02   -1.1269E-03    1.1617E-02    2.7418E-02   -3.8213E-03   -2.3228E-02   -2.9263E-01    2.0892E-02   -3.8854E-02    2.0525E-03   -1.8574E-02    5.1241E-02    2.3594E-01  
  6.3330E-01    4.2414E-01    1.2925E+00    1.3518E-01    3.2597E-01   -1.9369E-01   -4.2390E-03   -1.7770E-03   -2.6003E-01    2.8581E+00    5.8315E-02   -1.9431E-02    1.7167E-03    1.1581E-02    2.1119E-02   -5.8699E-03   -2.0698E-02   -2.9507E-01    2.5822E-02   -3.5759E-02    8.1858E-04   -2.1349E-02    5.1796E-02    2.0923E-01  
  2.6254E-01    4.4246E-01    9.0633E-01    9.6266E-02    2.3220E-01   -1.2051E-01    2.0934E-03   -7.3063E-04   -2.7014E-01    2.8565E+00    6.9757E-02   -5.2753E-03    2.1647E-03    1.1022E-02    1.3882E-02   -7.2159E-03   -1.5497E-02   -2.9654E-01    2.8097E-02   -3.3324E-02   -5.1611E-04   -2.3622E-02    5.2262E-02    1.8631E-01  
  2.5113E-02    4.5294E-01    4.6851E-01    6.7348E-02    1.2210E-01   -6.4098E-02    3.8551E-03   -2.3755E-04   -2.7302E-01    2.8558E+00    7.6319E-02    4.6696E-03    1.1234E-03    1.0195E-02    5.9688E-03   -8.0408E-03   -8.3204E-03   -2.9734E-01    2.8819E-02   -3.1787E-02   -1.8440E-03   -2.5444E-02    5.2585E-02    1.8743E-01  
 -5.5066E-02    4.5622E-01    9.9553E-03    5.7022E-02    4.7542E-03   -4.7568E-02    3.6960E-03   -8.0182E-05   -2.7228E-01    2.8555E+00    7.8478E-02    8.5612E-03   -5.2975E-04    9.1608E-03   -2.2193E-03   -8.2971E-03   -4.2553E-04   -2.9765E-01    2.8674E-02   -3.1314E-02   -3.1254E-03   -2.6167E-02    5.2697E-02    1.8166E-01  
  2.7329E-02    4.5263E-01   -4.4865E-01    6.7766E-02   -1.1259E-01   -7.7997E-02    3.5087E-03   -2.2248E-04   -2.7118E-01    2.8557E+00    7.6420E-02    5.9472E-03   -2.1718E-03    8.0143E-03   -1.0412E-02   -7.9766E-03    7.3858E-03   -2.9744E-01    2.8360E-02   -3.1959E-02   -4.2727E-03   -2.5651E-02    5.2536E-02    1.8657E-01  
  2.6691E-01    4.4183E-01   -8.8661E-01    9.7094E-02   -2.2266E-01   -1.4829E-01    5.1671E-03   -7.1116E-04   -2.7296E-01    2.8563E+00    6.9885E-02   -2.7065E-03   -3.1639E-03    6.7616E-03   -1.8320E-02   -7.1137E-03    1.4342E-02   -2.9672E-01    2.8614E-02   -3.3666E-02   -5.2103E-03   -2.3879E-02    5.2232E-02    1.8931E-01  
  6.3969E-01    4.2320E-01   -1.2730E+00    1.3635E-01   -3.1639E-01   -2.3508E-01    1.1361E-02   -1.7680E-03   -2.8127E-01    2.8578E+00    5.8375E-02   -1.5510E-02   -2.6214E-03    5.4538E-03   -2.5551E-02   -5.7536E-03    1.9244E-02   -2.9525E-01    3.0070E-02   -3.6280E-02   -5.9325E-03   -2.1471E-02    5.1864E-02    2.1942E-01  
  1.1132E+00    3.9549E-01   -1.5795E+00    1.7289E-01   -3.8718E-01   -3.0195E-01    2.5299E-02   -3.7405E-03   -3.0076E-01    2.8608E+00    4.0410E-02   -3.0003E-02    3.5548E-04    3.9426E-03   -3.1844E-02   -3.8760E-03    2.1580E-02   -2.9282E-01    3.3748E-02   -3.9562E-02   -6.4092E-03   -1.8583E-02    5.1709E-02    2.4640E-01  
  1.6476E+00    3.5655E-01   -1.7685E+00    1.9040E-01   -4.2774E-01   -2.9859E-01    5.0971E-02   -6.5040E-03   -3.3720E-01    2.8662E+00    1.2516E-02   -4.2502E-02    5.8073E-03    1.8852E-03   -3.7429E-02   -1.9893E-03    2.0394E-02   -2.9023E-01    4.1068E-02   -4.2767E-02   -6.9073E-03   -1.4874E-02    5.1876E-02    2.6560E-01  
  2.1567E+00    5.9973E-01   -1.8731E+00    1.6529E-01   -4.3014E-01   -1.6216E-01    9.1890E-02   -9.3087E-03   -3.9609E-01    2.8731E+00   -2.9175E-02   -4.4786E-02    1.5236E-02   -1.9900E-03   -4.3333E-02    1.0818E-03    9.5003E-03   -2.9033E-01    5.4882E-02   -4.4080E-02   -7.5348E-03   -1.4042E-02    5.0396E-02    2.4051E-01  
  2.6498E+00    5.9615E-01   -1.6765E+00    6.9860E-02   -3.8727E-01    1.8067E-01    1.5275E-01   -1.1448E-02   -4.8428E-01    2.8814E+00   -9.0028E-02   -2.5635E-02    3.0804E-02   -9.6378E-03   -5.0763E-02    6.1639E-03   -1.6788E-02   -2.9480E-01    7.8204E-02   -4.3515E-02   -8.7715E-03   -1.6956E-02    4.7253E-02    2.7892E-01  
  2.6548E+00    3.8770E-01    1.6117E+00    8.5586E-02    4.7730E-01    3.1499E-01   -1.5313E-01    1.0683E-02   -2.7941E-02    2.7841E+00   -8.0717E-02   -4.8594E-02   -4.1969E-02   -6.7422E-03    4.0759E-02    4.1730E-03    7.0628E-03   -2.7130E-01   -2.8488E-02   -4.6606E-02    2.9998E-03   -1.2622E-02    4.7523E-02    2.5165E-01  
  2.1387E+00    3.2842E-01    1.8086E+00    1.7153E-01    4.1621E-01   -3.6314E-02   -8.6890E-02    5.9404E-03   -1.2495E-01    2.8054E+00   -2.3528E-02   -6.3246E-02   -3.4391E-02   -4.6597E-04    3.6903E-02    3.1205E-03   -1.4622E-02   -2.7512E-01   -4.6187E-03   -4.5991E-02    6.2164E-04   -1.2101E-02    4.8969E-02    2.3158E-01  
  1.5854E+00    3.8890E-03    1.8075E+00    1.9074E-01    3.5079E-01   -1.8405E-01   -4.3698E-02    3.4026E-03   -1.9044E-01    2.8221E+00    1.5942E-02   -5.8499E-02   -2.7657E-02    2.0903E-03    3.2869E-02    2.5893E-03   -2.3673E-02   -2.8111E-01    1.0620E-02   -4.3651E-02   -1.1044E-03   -1.4654E-02    4.9803E-02    2.2529E-01  
  1.0420E+00    7.1011E-04    1.6134E+00    1.6896E-01    2.8221E-01   -1.9992E-01   -1.7552E-02    2.1046E-03   -2.3214E-01    2.8350E+00    4.2745E-02   -4.4167E-02   -2.1074E-02    2.3469E-03    2.8110E-02    2.0301E-03   -2.4835E-02   -2.8758E-01    1.9624E-02   -3.9985E-02   -1.8544E-03   -1.8814E-02    5.0263E-02    2.1192E-01  
  5.6199E-01   -1.8208E-03    1.3026E+00    1.2875E-01    2.1250E-01   -1.4618E-01   -3.9046E-03    1.2559E-03   -2.5576E-01    2.8450E+00    6.0650E-02   -2.7888E-02   -1.4884E-02    1.8461E-03    2.2102E-02    1.1507E-03   -2.1973E-02   -2.9267E-01    2.4834E-02   -3.6757E-02   -2.3584E-03   -2.2034E-02    5.1370E-02    1.9506E-01  
  1.8492E-01   -3.5473E-03    9.1269E-01    8.7098E-02    1.4194E-01   -7.2832E-02    2.1207E-03    4.7065E-04   -2.6744E-01    2.8521E+00    7.2028E-02   -1.3480E-02   -9.7148E-03    9.9068E-04    1.4912E-02    6.2202E-04   -1.6285E-02   -2.9584E-01    2.7507E-02   -3.4149E-02   -2.7257E-03   -2.4372E-02    5.2105E-02    1.8414E-01  
 -5.6491E-02   -4.6087E-03    4.7152E-01    5.6648E-02    7.0237E-02   -1.6290E-02    3.8777E-03    3.5952E-05   -2.7176E-01    2.8563E+00    7.8396E-02   -3.4782E-03   -4.8006E-03   -4.6744E-05    6.9944E-03    2.1989E-04   -8.7313E-03   -2.9773E-01    2.8568E-02   -3.2503E-02   -2.9624E-03   -2.5932E-02    5.2710E-02    1.8257E-01  
 -1.3803E-01   -4.9591E-03    9.8686E-03    4.5820E-02   -1.3789E-03    2.8117E-04    3.7201E-03   -4.2506E-05   -2.7242E-01    2.8577E+00    8.0448E-02    4.2844E-04   -5.4680E-06   -1.1440E-03   -1.2438E-03    1.1248E-04   -3.9825E-04   -2.9840E-01    2.8752E-02   -3.1893E-02   -3.0672E-03   -2.6559E-02    5.2944E-02    1.8122E-01  
 -5.4296E-02   -4.6461E-03   -4.5183E-01    5.7090E-02   -7.2980E-02   -3.0211E-02    3.5267E-03    1.0429E-04   -2.7271E-01    2.8562E+00    7.8467E-02   -2.2128E-03    4.7996E-03   -2.2426E-03   -9.4972E-03    2.5566E-04    7.8409E-03   -2.9787E-01    2.8776E-02   -3.2438E-02   -3.0381E-03   -2.6163E-02    5.2732E-02    1.8631E-01  
  1.8925E-01   -3.6285E-03   -8.9315E-01    8.7964E-02   -1.4464E-01   -1.0066E-01    5.1713E-03    5.9394E-04   -2.7594E-01    2.8519E+00    7.2103E-02   -1.0940E-02    9.7461E-03   -3.3025E-03   -1.7460E-02    6.6654E-04    1.5141E-02   -2.9610E-01    2.9359E-02   -3.4024E-02   -2.8785E-03   -2.4671E-02    5.2206E-02    1.8696E-01  
  5.6832E-01   -1.9409E-03   -1.2833E+00    1.2999E-01   -2.1512E-01   -1.8763E-01    1.1036E-02    1.4324E-03   -2.8582E-01    2.8448E+00    6.0625E-02   -2.4021E-02    1.4975E-02   -4.3255E-03   -2.4719E-02    1.1811E-03    2.0490E-02   -2.9301E-01    3.1216E-02   -3.6610E-02   -2.6227E-03   -2.2154E-02    5.1655E-02    2.0465E-01  
  1.0503E+00    5.5891E-04   -1.5944E+00    1.7032E-01   -2.8471E-01   -2.5474E-01    2.4503E-02    2.2982E-03   -3.0695E-01    2.8347E+00    4.2655E-02   -3.8790E-02    2.1232E-02   -5.4035E-03   -3.0831E-02    2.0215E-03    2.3051E-02   -2.8790E-01    3.5171E-02   -3.9856E-02   -2.3486E-03   -1.8785E-02    5.0809E-02    2.2123E-01  
  1.5952E+00    3.7293E-03   -1.7888E+00    1.9206E-01   -3.5312E-01   -2.5184E-01    5.0135E-02    3.5484E-03   -3.4547E-01    2.8218E+00    1.5633E-02   -5.1575E-02    2.7854E-02   -6.9026E-03   -3.5718E-02    2.5605E-03    2.2126E-02   -2.8131E-01    4.2557E-02   -4.3603E-02   -2.2716E-03   -1.4708E-02    5.0607E-02    2.3807E-01  
  2.1452E+00    3.2856E-01   -1.8421E+00    1.7259E-01   -4.1841E-01   -1.1626E-01    9.1989E-02    6.0646E-03   -4.0675E-01    2.8050E+00   -2.4350E-02   -5.4685E-02    3.4598E-02   -1.0484E-02   -3.9808E-02    3.0814E-03    1.2754E-02   -2.7525E-01    5.6488E-02   -4.5963E-02   -3.3760E-03   -1.2646E-02    4.9708E-02    2.3796E-01  
  2.6566E+00    3.8760E-01   -1.6576E+00    8.5162E-02   -4.7936E-01    2.2466E-01    1.5534E-01    1.0802E-02   -4.9799E-01    2.7835E+00   -8.2641E-02   -3.7483E-02    4.2166E-02   -1.7953E-02   -4.3693E-02    4.1362E-03   -1.0541E-02   -2.7141E-01    7.9910E-02   -4.6554E-02   -5.6369E-03   -1.4088E-02    4.7720E-02    2.4785E-01  
  2.7294E+00    1.4144E-01    1.5133E+00    8.2482E-02    5.5478E-01    4.0321E-01   -1.6407E-01    3.3669E-02   -4.1149E-02    2.6813E+00   -8.2979E-02   -5.3205E-02   -5.3873E-02   -1.2508E-02    3.5134E-02    3.0273E-03    4.5267E-03   -2.4834E-01   -2.4154E-02   -4.9093E-02   -1.9681E-03   -9.8103E-03    4.7386E-02    2.4623E-01  
  2.2161E+00    2.4906E-03    1.7144E+00    1.7029E-01    3.9102E-01    5.5411E-02   -9.3202E-02    2.1410E-02   -1.3675E-01    2.7335E+00   -2.6803E-02   -6.5879E-02   -5.3281E-02   -7.8106E-03    3.4503E-02    5.0387E-03   -1.4868E-02   -2.5961E-01   -1.7759E-03   -4.7062E-02   -4.4380E-03   -1.0703E-02    4.7931E-02    2.4083E-01  
  1.6425E+00   -3.5098E-01    1.7799E+00    1.9299E-01    2.6319E-01   -9.0778E-02   -4.7598E-02    1.3105E-02   -2.0011E-01    2.7743E+00    1.2444E-02   -6.0723E-02   -4.8936E-02   -6.2150E-03    3.2355E-02    6.6942E-03   -2.3524E-02   -2.7092E-01    1.2636E-02   -4.3725E-02   -5.9442E-03   -1.3815E-02    4.8457E-02    2.0666E-01  
  1.1074E+00   -3.9598E-01    1.5928E+00    1.7449E-01    1.6708E-01   -1.0588E-01   -2.0178E-02    7.5414E-03   -2.3962E-01    2.8056E+00    3.9482E-02   -4.6376E-02   -4.1402E-02   -6.6797E-03    2.8327E-02    7.6985E-03   -2.5071E-02   -2.8103E-01    2.1051E-02   -3.9791E-02   -6.0503E-03   -1.8039E-02    4.9276E-02    1.8639E-01  
  6.3453E-01   -4.2843E-01    1.2881E+00    1.3638E-01    9.8652E-02   -5.1701E-02   -5.7674E-03    3.8748E-03   -2.6118E-01    2.8287E+00    5.8138E-02   -2.9809E-02   -3.1875E-02   -7.7801E-03    2.2671E-02    8.0209E-03   -2.2306E-02   -2.8869E-01    2.5802E-02   -3.6366E-02   -5.7531E-03   -2.1792E-02    5.0557E-02    1.7671E-01  
  2.6284E-01   -4.5026E-01    9.0353E-01    9.6403E-02    5.1377E-02    2.1888E-02    8.6639E-04    1.4492E-03   -2.7096E-01    2.8444E+00    6.9905E-02   -1.5143E-02   -2.1657E-02   -9.0125E-03    1.5722E-02    8.2009E-03   -1.6471E-02   -2.9382E-01    2.8156E-02   -3.3673E-02   -5.1187E-03   -2.4165E-02    5.1663E-02    1.8205E-01  
  2.4727E-02   -4.6286E-01    4.6710E-01    6.7152E-02    1.8215E-02    7.8591E-02    3.3249E-03    7.3071E-05   -2.7343E-01    2.8537E+00    7.6336E-02   -5.0819E-03   -1.0751E-02   -1.0286E-02    7.9129E-03    8.2634E-03   -8.8614E-03   -2.9680E-01    2.8837E-02   -3.1898E-02   -4.2520E-03   -2.5413E-02    5.2414E-02    1.7993E-01  
 -5.5699E-02   -4.6686E-01    9.9139E-03    5.6724E-02   -7.5111E-03    9.5212E-02    3.7589E-03   -3.1306E-04   -2.7228E-01    2.8566E+00    7.8371E-02   -1.1617E-03    5.1297E-04   -1.1450E-02   -2.7610E-04    8.2816E-03   -3.9383E-04   -2.9785E-01    2.8653E-02   -3.1191E-02   -3.1820E-03   -2.5934E-02    5.2707E-02    1.7852E-01  
  2.6951E-02   -4.6262E-01   -4.4732E-01    6.7616E-02   -3.3209E-02    6.4665E-02    4.1665E-03    1.8613E-04   -2.7077E-01    2.8536E+00    7.6383E-02   -3.8326E-03    1.1790E-02   -1.2466E-02   -8.4894E-03    8.2665E-03    7.9819E-03   -2.9698E-01    2.8314E-02   -3.1591E-02   -1.9666E-03   -2.5652E-02    5.2478E-02    1.8342E-01  
  2.6722E-01   -4.4979E-01   -8.8389E-01    9.7319E-02   -6.6308E-02   -5.9537E-03    6.5073E-03    1.6712E-03   -2.7215E-01    2.8443E+00    6.9924E-02   -1.2637E-02    2.2716E-02   -1.3270E-02   -1.6390E-02    8.1909E-03    1.5318E-02   -2.9416E-01    2.8524E-02   -3.3078E-02   -6.9831E-04   -2.4459E-02    5.1842E-02    1.8509E-01  
  6.4094E-01   -4.2773E-01   -1.2687E+00    1.3767E-01   -1.1346E-01   -9.3176E-02    1.2971E-02    4.2005E-03   -2.8014E-01    2.8285E+00    5.8050E-02   -2.5982E-02    3.2957E-02   -1.3908E-02   -2.3489E-02    7.9677E-03    2.0785E-02   -2.8915E-01    3.0059E-02   -3.5541E-02    5.6770E-04   -2.1891E-02    5.0959E-02    1.8072E-01  
  1.1157E+00   -3.9498E-01   -1.5737E+00    1.7588E-01   -1.8169E-01   -1.6073E-01    2.7079E-02    7.8369E-03   -2.9921E-01    2.8053E+00    3.9387E-02   -4.1030E-02    4.2454E-02   -1.4378E-02   -2.9361E-02    7.7765E-03    2.3376E-02   -2.8143E-01    3.3547E-02   -3.8815E-02    1.6495E-03   -1.8046E-02    4.9754E-02    1.9605E-01  
  1.6525E+00   -3.4971E-01   -1.7610E+00    1.9437E-01   -2.7758E-01   -1.5861E-01    5.3959E-02    1.3362E-02   -3.3553E-01    2.7740E+00    1.2137E-02   -5.3836E-02    5.0009E-02   -1.5159E-02   -3.3640E-02    6.8315E-03    2.1952E-02   -2.7120E-01    4.0386E-02   -4.2773E-02    2.4025E-03   -1.3868E-02    4.9113E-02    2.1795E-01  
  2.2237E+00    2.5084E-02   -1.7483E+00    1.7137E-01   -4.0516E-01   -2.4530E-02    9.8292E-02    2.1673E-02   -3.9472E-01    2.7332E+00   -2.7619E-02   -5.7301E-02    5.4383E-02   -1.7809E-02   -3.6033E-02    5.1072E-03    1.2992E-02   -2.5973E-01    5.3496E-02   -4.6229E-02    1.4969E-03   -1.1248E-02    4.8602E-02    2.4493E-01  
  2.7323E+00    1.6371E-01   -1.5598E+00    8.2124E-02   -5.6880E-01    3.1284E-01    1.6634E-01    3.3955E-02   -4.8463E-01    2.6810E+00   -8.4840E-02   -4.2153E-02    5.4760E-02   -2.3615E-02   -3.6680E-02    2.9811E-03   -7.9447E-03   -2.4831E-01    7.5393E-02   -4.8345E-02   -7.9028E-04   -1.1220E-02    4.7727E-02    2.5594E-01  
  2.8650E+00   -1.1054E-01    1.3419E+00    5.8873E-02    6.7821E-01    5.2869E-01   -1.8442E-01    6.1438E-02   -8.2642E-02    2.5748E+00   -9.4973E-02   -5.0976E-02   -6.2452E-02   -1.5945E-02    2.9839E-02    1.2099E-03    5.6584E-03   -2.2588E-01   -1.4204E-02   -4.9377E-02   -8.2913E-03   -7.2383E-03    4.7324E-02    2.4357E-01  
  2.3740E+00   -3.3409E-01    1.5552E+00    1.5841E-01    4.0672E-01    1.8564E-01   -1.0673E-01    4.0532E-02   -1.7161E-01    2.6593E+00   -3.8179E-02   -6.2277E-02   -6.8852E-02   -1.3613E-02    3.1976E-02    5.9070E-03   -1.2635E-02   -2.4378E-01    5.6295E-03   -4.6195E-02   -1.0206E-02   -8.9174E-03    4.7160E-02    2.2168E-01  
  1.8113E+00   -6.5194E-01    1.6825E+00    1.9312E-01    2.1044E-01    4.1803E-02   -5.6985E-02    2.5699E-02   -2.2820E-01    2.7251E+00    2.3294E-03   -5.6913E-02   -6.7498E-02   -1.3673E-02    3.1387E-02    9.6184E-03   -2.1549E-02   -2.5996E-01    1.8207E-02   -4.2205E-02   -1.0953E-02   -1.2221E-02    4.7447E-02    2.0559E-01  
  1.2960E+00   -7.6840E-01    1.5356E+00    1.8528E-01    8.0181E-02    2.7878E-02   -2.6587E-02    1.5329E-02   -2.6120E-01    2.7754E+00    3.0606E-02   -4.2630E-02   -5.9780E-02   -1.5102E-02    2.8163E-02    1.2195E-02   -2.3820E-02   -2.7354E-01    2.5293E-02   -3.8174E-02   -1.0401E-02   -1.6437E-02    4.8401E-02    1.9608E-01  
  8.4540E-01   -8.3273E-01    1.2479E+00    1.5568E-01    6.3068E-03    8.2731E-02   -1.0024E-02    8.4435E-03   -2.7683E-01    2.8118E+00    5.0149E-02   -2.5821E-02   -4.7657E-02   -1.6860E-02    2.2921E-02    1.3843E-02   -2.1676E-02   -2.8395E-01    2.8919E-02   -3.4696E-02   -9.2189E-03   -2.0135E-02    4.9733E-02    1.8674E-01  
  4.9077E-01   -8.7614E-01    8.7814E-01    1.2161E-01   -2.4846E-02    1.5660E-01   -1.8100E-03    4.1349E-03   -2.8102E-01    2.8366E+00    6.3070E-02   -1.0840E-02   -3.2702E-02   -1.8622E-02    1.6303E-02    1.4662E-02   -1.5955E-02   -2.9121E-01    3.0120E-02   -3.1935E-02   -7.6255E-03   -2.2787E-02    5.1096E-02    1.9050E-01  
  2.6315E-01   -9.0114E-01    4.5490E-01    9.6276E-02   -2.6614E-02    2.1349E-01    2.1120E-03    1.6414E-03   -2.7819E-01    2.8509E+00    6.9803E-02   -7.0505E-04   -1.6247E-02   -2.0118E-02    8.6823E-03    1.5246E-02   -8.6970E-03   -2.9535E-01    2.9658E-02   -3.0094E-02   -5.6443E-03   -2.3734E-02    5.1885E-02    1.9875E-01  
  1.8629E-01   -9.0906E-01    1.0097E-02    8.7161E-02   -1.3653E-02    2.3015E-01    3.8266E-03    9.1810E-04   -2.7187E-01    2.8556E+00    7.1964E-02    3.2196E-03    1.0245E-03   -2.1362E-02    6.4304E-04    1.5411E-02   -4.0032E-04   -2.9675E-01    2.8381E-02   -2.9279E-02   -3.4440E-03   -2.4139E-02    5.2220E-02    1.9562E-01  
  2.6545E-01   -9.0063E-01   -4.3475E-01    9.6769E-02   -6.5765E-04    1.9958E-01    5.5157E-03    1.8051E-03   -2.6518E-01    2.8509E+00    6.9818E-02    5.2360E-04    1.8306E-02   -2.2244E-02   -7.4350E-03    1.5217E-02    7.7995E-03   -2.9555E-01    2.6953E-02   -2.9555E-02   -1.1016E-03   -2.3956E-02    5.1962E-02    1.9354E-01  
  4.9531E-01   -8.7513E-01   -8.5814E-01    1.2259E-01   -2.3303E-03    1.2878E-01    9.3242E-03    4.4683E-03   -2.6126E-01    2.8365E+00    6.3039E-02   -8.3671E-03    3.4784E-02   -2.2790E-02   -1.5188E-02    1.4587E-02    1.4769E-02   -2.9160E-01    2.6028E-02   -3.0892E-02    1.2869E-03   -2.3021E-02    5.1301E-02    1.8427E-01  
  8.5206E-01   -8.3116E-01   -1.2281E+00    1.5703E-01   -3.3327E-02    4.1265E-02    1.7241E-02    8.8266E-03   -2.6366E-01    2.8117E+00    5.0030E-02   -2.1975E-02    4.9733E-02   -2.2839E-02   -2.2055E-02    1.3853E-02    2.0276E-02   -2.8442E-01    2.6377E-02   -3.3225E-02    3.4994E-03   -2.0207E-02    5.0009E-02    1.8261E-01  
  1.3047E+00   -7.6626E-01   -1.5160E+00    1.8678E-01   -1.0696E-01   -2.6949E-02    3.3449E-02    1.5745E-02   -2.7681E-01    2.7751E+00    3.0487E-02   -3.7271E-02    6.1800E-02   -2.2614E-02   -2.7614E-02    1.2351E-02    2.2306E-02   -2.7403E-01    2.8770E-02   -3.6391E-02    5.4783E-03   -1.6456E-02    4.8707E-02    1.9454E-01  
  1.8220E+00   -6.4347E-01   -1.6686E+00    1.9468E-01   -2.3689E-01   -2.5985E-02    6.3280E-02    2.6121E-02   -3.0663E-01    2.7248E+00    2.0343E-03   -5.0044E-02    6.9520E-02   -2.2432E-02   -3.1232E-02    9.8428E-03    2.0008E-02   -2.6032E-01    3.4407E-02   -4.0390E-02    6.9214E-03   -1.2244E-02    4.7867E-02    2.1965E-01  
  2.3848E+00   -2.9254E-01   -1.5884E+00    1.5964E-01   -4.3280E-01    1.0584E-01    1.1183E-01    4.1029E-02   -3.5906E-01    2.6592E+00   -3.8958E-02   -5.3668E-02    7.0871E-02   -2.3488E-02   -3.2156E-02    6.0795E-03    1.0795E-02   -2.4391E-01    4.5785E-02   -4.4629E-02    6.7994E-03   -9.3651E-03    4.7607E-02    2.3030E-01  
  2.8713E+00   -6.8441E-02   -1.3884E+00    5.8865E-02   -7.0407E-01    4.3834E-01    1.8694E-01    6.2070E-02   -4.4251E-01    2.5748E+00   -9.6631E-02   -4.0115E-02    6.4188E-02   -2.6807E-02   -3.0133E-02    1.2266E-03   -8.7454E-03   -2.2583E-01    6.5097E-02   -4.7972E-02    5.1548E-03   -8.3726E-03    4.7634E-02    2.4830E-01  
  3.0405E+00   -3.2352E-01    1.0686E+00    6.5815E-03    8.9788E-01    6.7077E-01   -2.1196E-01    9.5898E-02   -1.5470E-01    2.4739E+00   -1.1777E-01   -4.2717E-02   -6.0658E-02   -1.4502E-02    2.0408E-02   -2.5895E-03    9.7847E-03   -2.0255E-01    1.5790E-03   -5.0036E-02   -1.8409E-02   -4.6744E-03    4.7969E-02    2.2909E-01  
  2.5930E+00   -6.2463E-01    1.3061E+00    1.2934E-01    5.0433E-01    3.3049E-01   -1.2869E-01    6.6933E-02   -2.3123E-01    2.5863E+00   -5.8126E-02   -5.4237E-02   -7.7183E-02   -1.7315E-02    2.9526E-02    4.4979E-03   -7.9896E-03   -2.2821E-01    1.7906E-02   -4.3269E-02   -1.5939E-02   -6.9720E-03    4.7128E-02    2.1917E-01  
  2.1057E+00   -8.8360E-01    1.3495E+00    1.8375E-01    2.2853E-01    1.8975E-01   -7.2392E-02    4.4544E-02   -2.7623E-01    2.6780E+00   -1.5062E-02   -4.8683E-02   -8.0021E-02   -1.9429E-02    3.0192E-02    1.0201E-02   -1.7521E-02   -2.4889E-01    2.7617E-02   -3.9158E-02   -1.5949E-02   -1.0284E-02    4.7018E-02    2.0901E-01  
  1.5870E+00   -1.0826E+00    1.4394E+00    1.9361E-01    5.1275E-02    1.7727E-01   -3.7326E-02    2.8703E-02   -2.9821E-01    2.7477E+00    1.5551E-02   -3.4614E-02   -7.3599E-02   -2.2305E-02    2.7784E-02    1.4431E-02   -2.0981E-02   -2.6599E-01    3.2452E-02   -3.5295E-02   -1.4597E-02   -1.4103E-02    4.7838E-02    2.0897E-01  
  1.1724E+00   -1.1822E+00    1.1803E+00    1.7813E-01   -4.1755E-02    2.3282E-01   -1.7088E-02    1.7973E-02   -3.0365E-01    2.7981E+00    3.6673E-02   -1.7792E-02   -6.0056E-02   -2.4965E-02    2.2967E-02    1.7318E-02   -1.9762E-02   -2.7908E-01    3.4081E-02   -3.1840E-02   -1.2548E-02   -1.7737E-02    4.9071E-02    2.1139E-01  
  8.4501E-01   -1.2495E+00    8.3516E-01    1.5444E-01   -7.0913E-02    3.0697E-01   -5.9810E-03    1.1177E-02   -2.9833E-01    2.8322E+00    5.0626E-02   -2.6605E-03   -4.1760E-02   -2.7261E-02    1.6654E-02    1.9143E-02   -1.5011E-02   -2.8835E-01    3.3335E-02   -2.9119E-02   -9.9923E-03   -2.0269E-02    5.0390E-02    2.1743E-01  
  6.3459E-01   -1.2885E+00    4.3436E-01    1.3531E-01   -5.6359E-02    3.6388E-01    6.7051E-05    7.3669E-03   -2.8633E-01    2.8520E+00    5.8278E-02    7.7011E-03   -2.0636E-02   -2.9150E-02    9.2953E-03    2.0150E-02   -8.0486E-03   -2.9386E-01    3.0980E-02   -2.7234E-02   -7.0516E-03   -2.1362E-02    5.1428E-02    2.2657E-01  
  5.6348E-01   -1.3007E+00    1.0411E-02    1.2842E-01   -1.9703E-02    3.8057E-01    3.9206E-03    6.1190E-03   -2.7118E-01    2.8583E+00    6.0559E-02    1.1694E-02    1.5268E-03   -3.0437E-02    1.4645E-03    2.0609E-02   -4.2253E-04   -2.9569E-01    2.7949E-02   -2.6367E-02   -3.8337E-03   -2.1593E-02    5.1761E-02    2.2288E-01  
  6.3699E-01   -1.2877E+00   -4.1358E-01    1.3588E-01    1.6980E-02    3.4999E-01    7.7218E-03    7.5361E-03   -2.5567E-01    2.8519E+00    5.8206E-02    8.9382E-03    2.3721E-02   -3.1197E-02   -6.4355E-03    2.0148E-02    7.1171E-03   -2.9409E-01    2.4734E-02   -2.6484E-02   -4.7137E-04   -2.1463E-02    5.1531E-02    2.2212E-01  
  8.4974E-01   -1.2479E+00   -8.1448E-01    1.5560E-01    3.1629E-02    2.7919E-01    1.3598E-02    1.1498E-02   -2.4256E-01    2.8321E+00    5.0396E-02   -1.5313E-04    4.4925E-02   -3.1256E-02   -1.3979E-02    1.9185E-02    1.3887E-02   -2.8876E-01    2.1883E-02   -2.7679E-02    2.8747E-03   -2.0245E-02    5.0547E-02    2.1105E-01  
  1.1794E+00   -1.1798E+00   -1.1598E+00    1.7962E-01    2.6824E-03    1.9141E-01    2.4353E-02    1.8407E-02   -2.3547E-01    2.7980E+00    3.6467E-02   -1.3874E-02    6.3157E-02   -3.0702E-02   -2.0619E-02    1.7443E-02    1.8511E-02   -2.7958E-01    2.0339E-02   -2.9795E-02    6.0567E-03   -1.7688E-02    4.9164E-02    2.0000E-01  
  1.5961E+00   -1.0794E+00   -1.4191E+00    1.9529E-01   -9.0028E-02    1.2254E-01    4.4223E-02    2.9274E-02   -2.3846E-01    2.7475E+00    1.5390E-02   -2.9241E-02    7.6634E-02   -2.9524E-02   -2.5877E-02    1.4648E-02    1.9648E-02   -2.6658E-01    2.0837E-02   -3.2813E-02    8.9010E-03   -1.4061E-02    4.7846E-02    1.9923E-01  
  2.1238E+00   -8.3419E-01   -1.3623E+00    1.8559E-01   -2.6677E-01    1.2212E-01    7.8743E-02    4.5303E-02   -2.5720E-01    2.6777E+00   -1.5226E-02   -4.1843E-02    8.3134E-02   -2.7967E-02   -2.8779E-02    1.0533E-02    1.6171E-02   -2.4940E-01    2.4440E-02   -3.6659E-02    1.1143E-02   -1.0154E-02    4.7108E-02    2.0791E-01  
  2.6089E+00   -5.6870E-01   -1.3353E+00    1.3099E-01   -5.4199E-01    2.5093E-01    1.3398E-01    6.7938E-02   -2.9802E-01    2.5861E+00   -5.8670E-02   -4.5694E-02    8.0320E-02   -2.7036E-02   -2.8534E-02    4.8690E-03    6.4257E-03   -2.2853E-01    3.3134E-02   -4.1099E-02    1.1787E-02   -7.1275E-03    4.7286E-02    2.2560E-01  
  3.0522E+00   -2.6436E-01   -1.1138E+00    7.1760E-03   -9.3520E-01    5.8048E-01    2.1492E-01    9.7130E-02   -3.6945E-01    2.4739E+00   -1.1914E-01   -3.2056E-02    6.3438E-02   -2.4806E-02   -1.9795E-02   -2.3313E-03   -1.2440E-02   -2.0260E-01    4.8997E-02   -4.7803E-02    1.4896E-02   -5.3611E-03    4.8113E-02    2.3228E-01  
  2.9423E+00   -6.4630E-01    1.0943E+00   -3.0185E-01    1.5433E+00    9.7015E-01   -5.2857E-02    3.2569E-02   -2.7045E-01    2.5951E+00   -2.0375E-01    3.5142E-02    6.4509E-02    3.8382E-02   -8.3205E-02   -3.3015E-02    5.5649E-02   -1.3842E-01    2.1664E-02   -6.7345E-02   -5.7082E-02   -1.2765E-02    4.7746E-02    1.9787E-01  
  2.8494E+00   -8.1087E-01    1.0207E+00    7.1834E-02    7.2292E-01    4.5469E-01   -1.5992E-01    1.0485E-01   -3.1918E-01    2.5170E+00   -8.8954E-02   -4.4596E-02   -7.4078E-02   -1.8637E-02    2.7918E-02   -1.1748E-03    8.7431E-05   -2.1397E-01    3.6156E-02   -3.8650E-02   -2.0751E-02   -5.9246E-03    4.7403E-02    2.1359E-01  
  2.4163E+00   -1.1115E+00    1.1099E+00    1.5320E-01    3.5057E-01    3.1715E-01   -9.4855E-02    7.3488E-02   -3.4676E-01    2.6360E+00   -4.2070E-02   -3.9149E-02   -8.3201E-02   -2.3087E-02    2.9677E-02    6.8644E-03   -1.0990E-02   -2.3891E-01    4.2259E-02   -3.4400E-02   -1.9834E-02   -8.7664E-03    4.7161E-02    2.2701E-01  
  1.9821E+00   -1.3772E+00    1.0322E+00    1.8728E-01    1.0732E-01    3.0622E-01   -5.3165E-02    5.1219E-02   -3.5282E-01    2.7264E+00   -7.8662E-03   -2.5117E-02   -8.0215E-02   -2.7745E-02    2.7763E-02    1.3223E-02   -1.6234E-02   -2.5935E-01    4.3624E-02   -3.0924E-02   -1.7972E-02   -1.1782E-02    4.7847E-02    2.4479E-01  
  1.5850E+00   -1.4465E+00    1.0812E+00    1.9156E-01   -2.5225E-02    3.6246E-01   -2.7695E-02    3.6132E-02   -3.4369E-01    2.7916E+00    1.5970E-02   -8.2434E-03   -6.7575E-02   -3.1733E-02    2.3043E-02    1.7919E-02   -1.6627E-02   -2.7492E-01    4.1765E-02   -2.8054E-02   -1.5489E-02   -1.4642E-02    4.9052E-02    2.3733E-01  
  1.2940E+00   -1.5416E+00    7.7207E-01    1.8203E-01   -7.3378E-02    4.3673E-01   -1.2354E-02    2.6280E-02   -3.2423E-01    2.8356E+00    3.1594E-02    6.8158E-03   -4.7726E-02   -3.4769E-02    1.6978E-02    2.0571E-02   -1.3184E-02   -2.8609E-01    3.8155E-02   -2.5533E-02   -1.2163E-02   -1.7178E-02    5.0121E-02    2.4551E-01  
  1.1065E+00   -1.5967E+00    4.0400E-01    1.7136E-01   -6.4062E-02    4.9357E-01   -2.8521E-03    2.0847E-02   -2.9861E-01    2.8611E+00    4.0463E-02    1.7210E-02   -2.3666E-02   -3.7016E-02    9.8138E-03    2.1962E-02   -7.2644E-03   -2.9282E-01    3.3095E-02   -2.3728E-02   -8.3712E-03   -1.8591E-02    5.1098E-02    2.5594E-01  
  1.0432E+00   -1.6143E+00    1.0871E-02    1.6723E-01   -2.5699E-02    5.1023E-01    4.0032E-03    1.9223E-02   -2.7020E-01    2.8694E+00    4.3275E-02    2.1182E-02    2.0824E-03   -3.8418E-02    2.1294E-03    2.2355E-02   -4.0632E-04   -2.9509E-01    2.7305E-02   -2.2812E-02   -4.2972E-03   -1.9027E-02    5.1471E-02    2.5377E-01  
  1.1090E+00   -1.5957E+00   -3.8229E-01    1.7207E-01    1.2697E-02    4.7972E-01    1.0803E-02    2.1014E-02   -2.4143E-01    2.8611E+00    4.0256E-02    1.8453E-02    2.7859E-02   -3.8938E-02   -5.6342E-03    2.2019E-02    6.3731E-03   -2.9305E-01    2.1351E-02   -2.2818E-02   -8.9984E-05   -1.8504E-02    5.1128E-02    2.5258E-01  
  1.2991E+00   -1.5394E+00   -7.5045E-01    1.8332E-01    2.2156E-02    4.0903E-01    2.0105E-02    2.6636E-02   -2.1474E-01    2.8356E+00    3.1250E-02    9.3628E-03    5.1921E-02   -3.8531E-02   -1.3035E-02    2.0680E-02    1.2142E-02   -2.8649E-01    1.5853E-02   -2.3760E-02    4.1029E-03   -1.6982E-02    5.0127E-02    2.3973E-01  
  1.5926E+00   -1.4432E+00   -1.0597E+00    1.9321E-01   -2.5728E-02    3.2119E-01    3.5123E-02    3.6733E-02   -1.9351E-01    2.7915E+00    1.5690E-02   -4.2891E-03    7.1678E-02   -3.7150E-02   -1.9481E-02    1.8123E-02    1.5520E-02   -2.7548E-01    1.1574E-02   -2.5561E-02    8.0455E-03   -1.4470E-02    4.8855E-02    2.2897E-01  
  2.0052E+00   -1.3296E+00   -1.0161E+00    1.8932E-01   -1.5771E-01    2.5172E-01    6.0269E-02    5.2188E-02   -1.8183E-01    2.7262E+00   -7.8902E-03   -1.9738E-02    8.4450E-02   -3.4704E-02   -2.4695E-02    1.3647E-02    1.5170E-02   -2.6001E-01    8.8812E-03   -2.8031E-02    1.1369E-02   -1.1449E-02    4.7574E-02    2.2557E-01  
  2.4400E+00   -1.0531E+00   -1.1142E+00    1.5566E-01   -4.0013E-01    2.4985E-01    1.0157E-01    7.4968E-02   -1.8452E-01    2.6357E+00   -4.1889E-02   -3.2344E-02    8.7714E-02   -3.1473E-02   -2.7176E-02    7.5792E-03    1.0090E-02   -2.3964E-01    9.3136E-03   -3.1500E-02    1.4084E-02   -8.2080E-03    4.6977E-02    2.0942E-01  
  2.8717E+00   -7.4562E-01   -1.0438E+00    7.4467E-02   -7.7150E-01    3.7556E-01    1.6585E-01    1.0694E-01   -2.0787E-01    2.5166E+00   -8.8918E-02   -3.6173E-02    7.8837E-02   -2.8245E-02   -2.5936E-02   -2.5439E-04   -9.6647E-04   -2.1460E-01    1.4628E-02   -3.6039E-02    1.5751E-02   -5.5199E-03    4.7353E-02    2.1449E-01  
  2.9536E+00   -5.9106E-01   -1.1413E+00   -3.0400E-01   -1.6056E+00    8.7253E-01    5.4896E-02    3.0541E-02   -2.6656E-01    2.6007E+00   -2.0501E-01    4.3954E-02   -6.3215E-02    3.9980E-02    8.1306E-02   -3.1131E-02   -5.8381E-02   -1.3825E-01    2.6885E-02   -5.9408E-02    5.7051E-02   -1.2940E-02    4.7468E-02    1.9456E-01  
  2.3761E+00   -1.5264E+00    8.0098E-01    1.4907E-01    2.7580E-01    3.6462E-01   -7.5015E-02    8.6785E-02   -4.2789E-01    2.7161E+00   -4.3441E-02   -1.8934E-02   -7.5732E-02   -3.1431E-02    2.9770E-02    5.5544E-03   -8.4860E-03   -2.5577E-01    6.0520E-02   -2.5639E-02   -1.9153E-02   -1.0938E-02    4.7725E-02    2.3883E-01  
  2.0396E+00   -1.7535E+00    6.6465E-01    1.7828E-01    7.7031E-02    4.2099E-01   -4.2448E-02    6.6220E-02   -3.9860E-01    2.7973E+00   -1.6004E-02   -1.8765E-03   -6.6940E-02   -3.7287E-02    2.4894E-02    1.2537E-02   -1.1177E-02   -2.7396E-01    5.4064E-02   -2.3535E-02   -1.6260E-02   -1.2764E-02    4.8830E-02    2.4738E-01  
  1.7938E+00   -1.7434E+00    6.5373E-01    1.8716E-01   -1.8104E-02    4.9511E-01   -2.1326E-02    5.2837E-02   -3.5994E-01    2.8524E+00    2.1733E-03    1.3556E-02   -4.8625E-02   -4.1394E-02    1.8406E-02    1.7204E-02   -9.8822E-03   -2.8679E-01    4.5980E-02   -2.1583E-02   -1.2793E-02   -1.4435E-02    5.0057E-02    2.5716E-01  
  1.6386E+00   -1.7882E+00    3.6195E-01    1.8794E-01   -4.2866E-02    5.5188E-01   -7.0114E-03    4.5637E-02   -3.1575E-01    2.8844E+00    1.2797E-02    2.4529E-02   -2.4417E-02   -4.4092E-02    1.0646E-02    2.0235E-02   -5.8727E-03   -2.9440E-01    3.6436E-02   -2.0187E-02   -9.0080E-03   -1.5144E-02    5.1317E-02    2.6051E-01  
  1.5847E+00   -1.8118E+00    1.1461E-02    1.8763E-01   -3.1622E-02    5.6854E-01    4.1140E-03    4.3485E-02   -2.6895E-01    2.8949E+00    1.6197E-02    2.8745E-02    2.6190E-03   -4.5509E-02    2.6175E-03    2.1220E-02   -3.9207E-04   -2.9691E-01    2.6538E-02   -1.9287E-02   -4.7919E-03   -1.5309E-02    5.1902E-02    2.6523E-01  
  1.6414E+00   -1.7868E+00   -3.3906E-01    1.8872E-01   -2.0317E-02    5.3812E-01    1.5220E-02    4.5902E-02   -2.2176E-01    2.8844E+00    1.2545E-02    2.5751E-02    2.9669E-02   -4.5860E-02   -5.4815E-03    2.0340E-02    5.0067E-03   -2.9459E-01    1.6535E-02   -1.9150E-02   -4.2139E-04   -1.4962E-02    5.1351E-02    2.6683E-01  
  1.8012E+00   -1.7380E+00   -6.2293E-01    1.8863E-01   -4.4820E-02    4.6762E-01    2.9380E-02    5.3491E-02   -1.7643E-01    2.8524E+00    1.8812E-03    1.6159E-02    5.3895E-02   -4.4895E-02   -1.3433E-02    1.7529E-02    8.9950E-03   -2.8715E-01    6.7786E-03   -1.9651E-02    3.8312E-03   -1.4048E-02    5.0042E-02    2.5538E-01  
  2.0635E+00   -1.7177E+00   -6.1875E-01    1.8032E-01   -1.3945E-01    3.8004E-01    5.0262E-02    6.7346E-02   -1.3591E-01    2.7973E+00   -1.6066E-02    2.1398E-03    7.2302E-02   -4.2437E-02   -2.0325E-02    1.3125E-02    1.0384E-02   -2.7451E-01   -1.7140E-03   -2.0862E-02    7.9388E-03   -1.2225E-02    4.8591E-02    2.4279E-01  
  2.4043E+00   -1.4770E+00   -7.7583E-01    1.5192E-01   -3.3725E-01    3.1063E-01    8.2700E-02    8.8680E-02   -1.0383E-01    2.7159E+00   -4.3018E-02   -1.3453E-02    8.1571E-02   -3.8254E-02   -2.5666E-02    6.6506E-03    7.9746E-03   -2.5652E-01   -8.5937E-03   -2.2658E-02    1.1652E-02   -1.0002E-02    4.7441E-02    2.2860E-01  
  2.7572E+00   -1.5045E+00    5.1710E-01    5.7448E-02    5.7871E-01    2.8885E-01   -1.0347E-01    1.3864E-01   -5.2532E-01    2.7222E+00   -9.5311E-02   -2.4077E-02   -5.5642E-02   -3.4568E-02    3.5349E-02   -1.3151E-02    3.1511E-03   -2.5875E-01    8.4254E-02   -2.1501E-02   -1.7614E-02   -1.2978E-02    4.6453E-02    2.6707E-01  
  2.4804E+00   -1.7638E+00    4.6012E-01    1.1514E-01    2.8267E-01    3.4401E-01   -6.1720E-02    1.1098E-01   -4.6918E-01    2.8203E+00   -6.3804E-02   -7.1832E-03   -5.4002E-02   -4.2812E-02    3.0286E-02   -4.1920E-03   -2.3969E-03   -2.7998E-01    7.2346E-02   -2.0093E-02   -1.4146E-02   -1.4558E-02    4.6892E-02    2.6295E-01  
  2.2587E+00   -1.9366E+00    3.6018E-01    1.4623E-01    1.0688E-01    4.1739E-01   -3.3319E-02    9.3544E-02   -4.0608E-01    2.8871E+00   -4.2221E-02    8.8977E-03   -4.1607E-02   -4.8914E-02    2.2182E-02    2.8796E-03   -4.2887E-03   -2.9484E-01    5.7757E-02   -1.9371E-02   -1.1193E-02   -1.5400E-02    4.7793E-02    2.7217E-01  
  2.1154E+00   -2.0350E+00    2.3055E-01    1.6094E-01    1.3388E-02    4.7382E-01   -1.2653E-02    8.4224E-02   -3.3793E-01    2.9264E+00   -2.9542E-02    2.0681E-02   -2.1273E-02   -5.2491E-02    1.2566E-02    7.8739E-03   -3.1848E-03   -3.0339E-01    4.1791E-02   -1.8763E-02   -8.4948E-03   -1.5391E-02    4.9063E-02    2.6223E-01  
  2.0694E+00   -2.0675E+00    5.2658E-02    1.6533E-01   -3.7297E-02    4.9036E-01    4.3439E-03    8.1375E-02   -2.6735E-01    2.9392E+00   -2.5609E-02    2.5207E-02    3.1211E-03   -5.4064E-02    2.9706E-03    9.5941E-03   -3.4556E-04   -3.0621E-01    2.5855E-02   -1.8045E-02   -5.1619E-03   -1.5224E-02    4.9731E-02    2.4767E-01  
  2.1257E+00   -2.0261E+00   -1.2853E-01    1.6190E-01   -8.7852E-02    4.6025E-01    2.1348E-02    8.4769E-02   -1.9637E-01    2.9264E+00   -2.9708E-02    2.1979E-02    2.7568E-02   -5.4143E-02   -6.6728E-03    8.2415E-03    2.4611E-03   -3.0356E-01    9.8995E-03   -1.7780E-02   -1.6700E-03   -1.5035E-02    4.9253E-02    2.6191E-01  
  2.2786E+00   -1.9175E+00   -2.7257E-01    1.4818E-01   -1.8086E-01    3.9032E-01    4.1964E-02    9.4807E-02   -1.2694E-01    2.8872E+00   -4.2237E-02    1.1700E-02    4.8121E-02   -5.2214E-02   -1.6403E-02    3.7922E-03    3.7071E-03   -2.9514E-01   -6.0329E-03   -1.7503E-02    1.5335E-03   -1.4671E-02    4.7981E-02    2.7454E-01  
  2.5084E+00   -1.7330E+00   -3.9915E-01    1.1830E-01   -3.5559E-01    3.0382E-01    7.0401E-02    1.1331E-01   -6.1590E-02    2.8204E+00   -6.3248E-02   -2.7721E-03    6.1154E-02   -4.7858E-02   -2.4725E-02   -2.5530E-03    2.2155E-03   -2.8048E-01   -2.0541E-02   -1.7617E-02    5.1916E-03   -1.3347E-02    4.6980E-02    2.6446E-01  
  2.7911E+00   -1.4591E+00   -4.7549E-01    6.2069E-02   -6.5006E-01    2.3592E-01    1.1235E-01    1.4235E-01   -2.3768E-03    2.7220E+00   -9.4013E-02   -1.8137E-02    6.3708E-02   -4.1333E-02   -3.0246E-02   -1.0704E-02   -2.7882E-03   -2.5954E-01   -3.2521E-02   -1.8604E-02    9.4049E-03   -1.1290E-02    4.6472E-02    2.5824E-01  
  2.9399E+00   -1.3881E+00    3.2841E-01   -2.3434E-01    1.2118E+00   -1.7773E-02   -6.1727E-02    1.1194E-01   -5.5325E-01    2.8204E+00   -2.0996E-01   -6.9491E-02    5.4316E-02    2.5612E-02    5.0609E-02   -8.6504E-02    3.4619E-02   -2.5772E-01    1.3160E-01    1.3529E-04   -3.6109E-02   -1.8996E-02    3.5738E-02    1.6703E-01  
  2.8687E+00   -1.5397E+00    2.3351E-01   -2.9786E-02    6.1386E-01    5.4846E-02   -8.3134E-02    1.6853E-01   -5.5333E-01    2.8670E+00   -1.3489E-01   -3.7426E-02   -2.1601E-02   -4.8067E-02    4.2321E-02   -3.8997E-02    1.0843E-02   -2.9646E-01    9.9023E-02   -1.6851E-02   -1.0952E-02   -1.8691E-02    4.4194E-02    2.8208E-01  
  2.7006E+00   -1.7424E+00    2.1250E-01    3.1806E-02    3.1303E-01    1.3009E-01   -4.8718E-02    1.5242E-01   -4.6463E-01    2.9467E+00   -1.0696E-01   -1.7838E-02   -2.4046E-02   -5.8706E-02    2.8415E-02   -2.7525E-02    3.8517E-03   -3.1341E-01    7.3537E-02   -1.9337E-02   -9.3323E-03   -1.9809E-02    4.3661E-02    2.2375E-01  
  2.5878E+00   -1.8666E+00    1.5014E-01    6.0538E-02    1.1104E-01    1.8385E-01   -1.9616E-02    1.3870E-01   -3.6530E-01    2.9922E+00   -9.2884E-02   -7.2545E-03   -1.2343E-02   -6.4730E-02    1.6559E-02   -2.2834E-02    1.1350E-03   -3.2446E-01    5.0013E-02   -1.9849E-02   -6.9933E-03   -2.0554E-02    4.3523E-02    2.1377E-01  
  2.5520E+00   -1.9056E+00    5.7272E-02    6.9822E-02   -4.2614E-02    1.9967E-01    4.7674E-03    1.3467E-01   -2.6536E-01    3.0071E+00   -8.8405E-02   -3.0310E-03    3.6472E-03   -6.7231E-02    3.2194E-03   -2.1030E-02   -2.1131E-04   -3.2813E-01    2.5405E-02   -1.9852E-02   -5.3966E-03   -2.0704E-02    4.3699E-02    1.9034E-01  
  2.5994E+00   -1.8555E+00   -3.8248E-02    6.2119E-02   -1.9599E-01    1.7075E-01    2.9208E-02    1.3986E-01   -1.6492E-01    2.9924E+00   -9.2761E-02   -5.6054E-03    1.9820E-02   -6.6299E-02   -1.0104E-02   -2.1831E-02   -1.4982E-03   -3.2454E-01    8.6914E-04   -1.9035E-02   -3.6324E-03   -1.9921E-02    4.4011E-02    2.3068E-01  
  2.7233E+00   -1.7196E+00   -1.1590E-01    3.5039E-02   -3.9707E-01    1.0392E-01    5.8435E-02    1.5494E-01   -6.4083E-02    2.9470E+00   -1.0634E-01   -1.4456E-02    3.2158E-02   -6.1942E-02   -2.2043E-02   -2.5506E-02   -3.9037E-03   -3.1361E-01   -2.2433E-02   -1.7721E-02   -8.8041E-04   -1.8570E-02    4.4229E-02    2.3473E-01  
  2.9013E+00   -1.5070E+00   -1.6519E-01   -2.4119E-02   -6.9599E-01    1.5968E-02    9.3491E-02    1.7323E-01    2.7284E-02    2.8670E+00   -1.3304E-01   -3.2065E-02    3.1279E-02   -5.3252E-02   -3.6316E-02   -3.5343E-02   -1.0024E-02   -2.9699E-01   -4.7314E-02   -1.4581E-02    9.8692E-04   -1.6793E-02    4.4796E-02    2.7906E-01  
  2.9225E+00   -1.4170E+00   -3.1241E-01   -2.6035E-01   -1.3503E+00   -1.0175E-01    5.5556E-02    8.8978E-02   -1.5338E-02    2.8209E+00   -2.1099E-01   -7.2079E-02   -5.9297E-02    3.1857E-02   -6.6337E-02   -8.2919E-02   -3.3782E-02   -2.5907E-01   -8.7022E-02    1.1549E-02    2.2432E-02   -1.7916E-02    3.8143E-02    1.7148E-01  
