  2.7423E+00    2.7257E+00   -3.9942E+00    3.8511E-01    3.6063E+00   -7.9809E+00   -2.0808E+00    2.9359E-01   -3.3998E-01    9.2995E+00   -4.4588E-02   -1.6595E+00    1.4794E+00   -6.2169E+00   -3.6862E+00   -1.7609E-02   -1.5498E-01    1.3505E+00   -9.8060E-02    2.0097E+00    3.7727E+00    5.2841E-03    1.0442E+00    5.1914E+00  
  1.8697E+00    1.7057E+00    1.1936E+00   -5.5120E-01   -8.4328E-01   -1.3877E+00    5.8646E-03    5.6606E-01    2.5494E-01    5.2525E-01   -2.9144E-01   -6.0645E-01   -7.7572E-02   -2.3927E-01   -3.6252E-01    1.2285E-01   -5.4897E-03    6.8160E-01    3.7095E-01    5.3414E-02    3.4115E-01    6.4740E-02    2.2555E+00    7.7932E+00  
  2.3833E+00    1.2002E+00    2.0873E+00    3.9939E-02   -2.8479E-01   -4.2586E-01   -5.5370E-02   -1.0423E-01   -2.3327E-01   -2.5395E-01   -1.0478E-01   -5.3514E-02    6.2780E-02    1.7162E-01    3.7594E-01   -4.9606E-03   -1.1479E-02    2.8375E-01    2.0044E-01   -1.1720E-01   -3.4703E-01    2.8196E-02    2.5063E+00    6.3613E+00  
  2.4627E+00    1.4989E+00    2.4203E+00    5.4486E-02   -1.8785E-01   -3.3356E-01    7.9713E-03   -1.0974E-01   -1.4244E-01   -2.6587E-01   -9.8588E-02   -7.0785E-03   -1.0644E-02    9.1062E-02    4.3380E-01    1.4828E-02    2.3914E-02    1.7095E-01    2.3465E-01   -6.2826E-02   -4.0721E-01    1.2676E-03    2.5524E+00    6.3295E+00  
  2.6485E+00    1.6447E+00    2.2840E+00    8.6738E-02   -1.1104E-01   -2.7113E-01    3.9788E-02   -1.5420E-01   -4.7975E-02   -2.3391E-01   -8.2284E-02    4.5228E-02   -4.0621E-02   -1.4755E-02    4.5796E-01    7.9964E-03    3.3530E-02    5.2500E-02    2.2855E-01    1.1310E-02   -4.2750E-01   -1.2926E-02    2.5671E+00    6.1865E+00  
  2.9023E+00    1.7112E+00    1.9721E+00    1.0026E-01   -1.7492E-02   -2.5291E-01    5.2217E-02   -2.0663E-01    5.9500E-02   -1.7535E-01   -7.5408E-02    9.0247E-02   -3.2670E-02   -1.1770E-01    4.4471E-01    5.0465E-03    2.0944E-02   -7.1930E-02    1.8714E-01    8.3017E-02   -4.1184E-01   -2.7647E-02    2.5510E+00    6.2475E+00  
  3.1782E+00    1.7703E+00    1.2541E+00    5.3677E-02    1.5362E-01   -2.7944E-01    4.1112E-02   -2.3746E-01    1.6817E-01   -1.0521E-01   -9.8713E-02    1.1516E-01    2.8101E-02   -1.8924E-01    3.9696E-01    3.6926E-02   -2.0991E-02   -2.0335E-01    1.0555E-01    1.3105E-01   -3.5412E-01   -5.5607E-02    2.5035E+00    6.2912E+00  
  3.9846E+00    8.6190E-01    1.1824E-01    5.2402E-01    5.9269E-02    5.3057E-01    1.6639E-01   -9.4501E-01    8.3847E-01   -7.4478E-01    3.2980E-02    6.3380E-01   -1.0004E-01    2.4214E-01   -3.2658E-01   -6.7667E-02   -2.9675E-02   -6.3240E-01    2.2606E-01   -5.5062E-02    3.3122E-01   -9.3343E-02    2.2512E+00    7.8025E+00  
  3.0255E+00   -2.0448E-01   -5.4053E+00   -8.8689E-01    5.6941E+00    6.7510E+00   -1.9699E+00   -4.9275E-01    6.5142E-02   -9.3070E+00   -3.6867E-01    1.5776E+00    1.6281E+00    6.3326E+00   -3.4776E+00    1.6620E-01   -2.4097E-01   -1.3505E+00   -3.2100E-01   -2.0852E+00    3.7227E+00   -4.1895E-02    1.0446E+00    4.9939E+00  
  2.2184E+00    6.0093E-01    8.6864E-01    1.0068E-01   -3.1581E-01   -2.0955E-01   -1.7151E-01   -1.2327E-01   -2.2947E-01   -4.2599E-02   -1.0151E-01   -7.7482E-02    2.2855E-01    3.3255E-01    1.7050E-01    1.8037E-03   -4.7817E-02    3.2582E-01   -3.4943E-02   -2.5664E-01   -3.4151E-01   -1.0849E-02    2.4776E+00    6.0914E+00  
  1.9875E+00    1.0513E+00    1.4774E+00    1.2047E-01   -1.4054E-01   -1.3572E-01   -1.0142E-01   -7.3542E-02   -2.0676E-01   -1.5424E-01   -7.9462E-02   -4.9547E-02    1.5622E-01    3.1458E-01    2.8875E-01    1.0759E-02   -3.4184E-02    2.6211E-01    4.1667E-02   -2.5761E-01   -4.6703E-01   -8.3246E-03    2.5713E+00    6.3058E+00  
  1.9072E+00    1.5727E+00    2.3614E+00    1.2325E-01   -6.2752E-02   -3.8551E-02   -4.8839E-02   -5.4663E-02   -1.7917E-01   -2.0080E-01   -6.9260E-02   -1.0842E-02    8.8883E-02    2.4349E-01    3.8792E-01    2.6561E-02   -1.4128E-03    1.8293E-01    8.9547E-02   -2.0429E-01   -5.5423E-01   -3.4959E-02    2.6405E+00    6.3797E+00  
  1.9688E+00    1.7256E+00    2.6058E+00    1.5363E-01   -3.6820E-02    4.3500E-02   -2.2979E-02   -7.2240E-02   -1.5556E-01   -1.9170E-01   -4.1607E-02    3.3466E-02    6.1382E-02    1.2573E-01    4.6006E-01    4.9121E-03    9.6337E-03    1.0353E-01    9.1270E-02   -1.0312E-01   -6.0801E-01   -2.7724E-02    2.6838E+00    6.5433E+00  
  2.1356E+00    1.8380E+00    2.3682E+00    1.7325E-01   -5.5752E-02    7.4541E-02   -2.8280E-03   -8.8708E-02   -9.6983E-02   -1.3968E-01   -2.4414E-02    6.0531E-02    3.7190E-02   -8.2749E-03    4.8125E-01   -1.4125E-02    1.7271E-02    2.9874E-02    8.4349E-02    1.0169E-02   -6.2512E-01   -1.1826E-02    2.6997E+00    6.5942E+00  
  2.3917E+00    1.8887E+00    2.0156E+00    1.8403E-01   -7.3406E-02    5.9944E-02    7.3120E-03   -1.1141E-01   -1.3836E-02   -6.5426E-02   -1.5163E-02    8.0316E-02    2.3716E-02   -1.4070E-01    4.6370E-01   -3.0149E-02    1.3816E-02   -4.8221E-02    6.0350E-02    1.2227E-01   -6.0954E-01    3.5034E-03    2.6832E+00    6.5513E+00  
  2.7126E+00    1.8501E+00    1.2418E+00    1.8303E-01   -5.0244E-02    1.8524E-02    1.8439E-02   -1.4766E-01    9.9720E-02    1.2227E-02   -1.2960E-02    1.0325E-01    2.1826E-02   -2.5338E-01    3.9590E-01   -4.1845E-02    3.4937E-03   -1.4138E-01    2.6819E-02    2.1930E-01   -5.5706E-01    9.5159E-03    2.6396E+00    6.4426E+00  
  3.0276E+00    2.0495E+00   -4.0181E-02    1.1838E-01    8.9726E-02   -4.0351E-02    1.6066E-02   -1.6103E-01    1.9772E-01    8.2662E-02   -4.7409E-02    1.1097E-01    7.6948E-02   -3.1431E-01    3.0081E-01   -9.3905E-03   -3.5446E-02   -2.4568E-01   -5.2567E-02    2.6580E-01   -4.6886E-01   -1.8132E-02    2.5693E+00    6.3551E+00  
  3.2840E+00    2.0286E+00   -8.4182E-01    1.3439E-02    3.7821E-01   -8.3946E-02    1.8943E-02   -1.6064E-01    2.8558E-01    1.4341E-01   -9.2035E-02    1.0594E-01    1.6097E-01   -3.1793E-01    1.8309E-01    2.2226E-02   -6.4596E-02   -3.4747E-01   -1.5644E-01    2.5887E-01   -3.3984E-01   -1.6403E-02    2.4757E+00    6.1154E+00  
  1.7791E+00    1.2257E+00    1.1473E+00    1.9916E-01   -4.2473E-02   -1.3113E-02   -1.1662E-01   -1.0475E-01   -1.0623E-01   -5.2374E-02   -4.0456E-02   -7.6135E-03    2.1885E-01    4.0613E-01    1.1922E-01   -4.9216E-02   -5.9484E-02    1.8234E-01   -8.3827E-02   -3.8816E-01   -4.6641E-01    2.2220E-02    2.5966E+00    6.5346E+00  
  1.5037E+00    1.4115E+00    1.9037E+00    1.8896E-01    5.2596E-02    4.7479E-02   -6.8258E-02   -5.9747E-02   -1.1236E-01   -1.2801E-01   -2.7754E-02    6.9007E-03    1.5251E-01    3.6071E-01    2.2664E-01   -2.2325E-02   -2.6228E-02    1.4326E-01   -1.4832E-02   -3.5379E-01   -5.5599E-01   -1.1182E-03    2.6846E+00    6.7491E+00  
  1.7248E+00    1.7247E+00    1.0701E+00    1.8001E-01    7.0150E-02    1.3132E-01   -4.4558E-02   -4.2311E-02   -1.1886E-01   -1.4562E-01   -1.5341E-02    3.0313E-02    1.1271E-01    2.5654E-01    3.1531E-01   -9.5061E-03   -5.9952E-03    1.0374E-01    1.6598E-02   -2.5605E-01   -6.0856E-01   -2.7218E-02    2.7480E+00    6.9710E+00  
  1.6315E+00    1.8102E+00    4.9124E-01    1.8360E-01    2.7997E-02    1.9375E-01   -2.9908E-02   -4.0464E-02   -1.1071E-01   -1.2362E-01    2.8135E-03    4.5571E-02    9.1284E-02    1.2945E-01    3.7259E-01   -1.3302E-02    1.2187E-03    6.2366E-02    2.2552E-02   -1.2983E-01   -6.3620E-01   -2.6739E-02    2.7891E+00    7.0543E+00  
  1.5855E+00    1.8005E+00    1.3772E-01    1.9291E-01   -4.9679E-02    2.1653E-01   -1.9381E-02   -4.6290E-02   -8.0041E-02   -7.7050E-02    1.5641E-02    5.6810E-02    7.2741E-02   -4.3112E-03    3.9326E-01   -2.3815E-02    4.8950E-03    1.5396E-02    1.3231E-02    8.6083E-03   -6.4587E-01   -1.3945E-02    2.8036E+00    7.0436E+00  
  1.6491E+00    1.7432E+00   -2.1537E-01    2.0232E-01   -1.3422E-01    1.9265E-01   -1.0530E-02   -5.6468E-02   -1.6720E-02   -1.2406E-02    2.1680E-02    6.0726E-02    4.7794E-02   -1.3754E-01    3.7217E-01   -3.1809E-02    1.0197E-02   -3.4671E-02    3.6939E-03    1.4682E-01   -6.3498E-01   -1.2502E-03    2.7882E+00    6.9484E+00  
  1.8753E+00    1.6845E+00   -2.8657E-01    2.0207E-01   -1.8196E-01    1.2989E-01    1.6450E-04   -6.9166E-02    6.3998E-02    6.4510E-02    1.8943E-02    5.6156E-02    3.2194E-02   -2.6167E-01    3.1524E-01   -2.9491E-02    9.2916E-03   -8.6780E-02   -2.1559E-02    2.7105E-01   -6.0674E-01   -3.7140E-05    2.7464E+00    6.8545E+00  
  2.5899E+00    1.7644E+00    3.7887E-02    1.7091E-01   -1.4568E-01    5.5074E-02    1.4318E-02   -7.6822E-02    1.4777E-01    1.4163E-01   -5.7078E-03    5.0285E-02    4.7471E-02   -3.6057E-01    2.2661E-01   -5.6336E-03   -1.0122E-02   -1.4536E-01   -7.1065E-02    3.6564E-01   -5.5267E-01   -2.4826E-02    2.6823E+00    6.6919E+00  
  2.9282E+00    1.5816E+00   -1.0523E+00    9.5646E-02    2.4652E-02   -5.0178E-03    2.3399E-02   -6.8967E-02    2.1210E-01    2.0480E-01   -5.0226E-02    3.2778E-02    1.0998E-01   -3.9603E-01    1.1770E-01    3.8362E-02   -5.2007E-02   -2.1523E-01   -1.5577E-01    3.9511E-01   -4.5925E-01   -4.7470E-02    2.5934E+00    6.5066E+00  
  2.3616E+00   -3.7194E+00    3.1511E+00   -7.4588E-02    3.3536E+00    8.2666E+00    7.4578E-01   -1.8779E+00   -9.4246E+00    2.3307E-01   -1.4605E-01    1.8444E+00    1.2826E+00   -6.3242E+00    3.6399E+00   -1.2741E-01    4.4380E-02    2.1798E-02   -1.3873E+00    3.7170E+00    2.1397E+00    4.0813E-03    1.0179E+00    4.9874E+00  
  2.2473E+00    7.7128E-01    4.7652E-01    1.0441E-01   -3.1954E-01    2.1717E-01   -1.2958E-01   -1.7179E-01    2.3867E-02    1.9765E-01   -9.9810E-02    7.0574E-02    2.3430E-01    3.3434E-01   -1.4656E-01   -5.2094E-02   -2.1622E-03    4.5835E-02   -3.1663E-01   -3.4446E-01   -2.4998E-01   -6.4410E-03    2.4645E+00    6.2189E+00  
  1.7923E+00    1.1652E+00    8.6514E-01    1.9835E-01   -4.5431E-02    2.1124E-02   -1.0627E-01   -1.1551E-01    3.0297E-02    7.6981E-02   -4.1087E-02    4.5913E-03    2.1969E-01    4.0660E-01   -9.1435E-02   -6.2044E-02   -4.6813E-02    9.1932E-02   -1.7509E-01   -4.7267E-01   -3.8015E-01    2.3019E-02    2.5893E+00    6.5598E+00  
  1.3583E+00    1.3870E+00    1.4691E+00    2.0763E-01    9.4915E-02    2.6530E-03   -6.7457E-02   -6.6299E-02    2.2477E-03   -2.5734E-02   -1.6500E-02   -1.5521E-03    1.7170E-01    4.0121E-01    1.4916E-02   -4.2512E-02   -3.9738E-02    8.9265E-02   -8.1850E-02   -4.8105E-01   -4.7380E-01    1.9458E-02    2.6939E+00    6.8654E+00  
  1.5691E+00    1.5175E+00    1.1827E+00    1.9804E-01    1.4896E-01    6.5458E-02   -4.4090E-02   -4.1940E-02   -3.5974E-02   -7.9669E-02    4.4861E-03    1.6640E-02    1.4178E-01    3.3105E-01    1.2380E-01   -3.1732E-02   -1.7638E-02    7.4184E-02   -3.6270E-02   -4.0693E-01   -5.2831E-01    2.5520E-03    2.7784E+00    7.1016E+00  
  1.2839E+00    1.5879E+00    8.7417E-01    1.8205E-01    1.2583E-01    1.4521E-01   -3.6278E-02   -2.8813E-02   -5.9505E-02   -8.9635E-02    2.2429E-02    3.3191E-02    1.1919E-01    2.2781E-01    2.0291E-01   -2.7590E-02   -7.4388E-03    5.9439E-02   -1.3621E-02   -2.8685E-01   -5.5611E-01   -1.2254E-02    2.8429E+00    7.2613E+00  
  1.1014E+00    1.6158E+00    5.0484E-01    1.7272E-01    4.6924E-02    2.0629E-01   -2.8096E-02   -2.2276E-02   -6.2362E-02   -7.1843E-02    3.5855E-02    4.2042E-02    1.0111E-01    1.1422E-01    2.5385E-01   -2.6453E-02    5.3067E-04    3.7305E-02   -5.0752E-03   -1.4439E-01   -5.7207E-01   -1.6836E-02    2.8834E+00    7.2550E+00  
  1.0416E+00    1.6064E+00    1.0991E-01    1.7077E-01   -6.1982E-02    2.2571E-01   -2.0945E-02   -1.9949E-02   -4.5276E-02   -3.7140E-02    4.2115E-02    4.2642E-02    8.1403E-02   -2.7422E-03    2.6948E-01   -2.4347E-02    7.2781E-03    7.7617E-03   -7.7221E-03    7.9859E-03   -5.7558E-01   -1.8847E-02    2.8980E+00    7.1938E+00  
  1.1101E+00    1.5617E+00   -2.8586E-01    1.7685E-01   -1.7050E-01    1.9846E-01   -1.7167E-02   -2.1048E-02   -5.7736E-03    1.1137E-02    4.2966E-02    3.6659E-02    5.9778E-02   -1.1911E-01    2.5260E-01   -2.1052E-02    1.2101E-02   -2.4566E-02   -1.6596E-02    1.6009E-01   -5.7041E-01   -1.9939E-02    2.8824E+00    7.2010E+00  
  1.3029E+00    1.4804E+00   -6.5733E-01    1.8681E-01   -2.5118E-01    1.3348E-01   -8.8472E-03   -2.5268E-02    4.8727E-02    7.1060E-02    3.9303E-02    2.6717E-02    4.0641E-02   -2.3097E-01    2.0019E-01   -1.6399E-02    1.4009E-02   -5.5212E-02   -3.5540E-02    3.0178E-01   -5.5268E-01   -2.1840E-02    2.8411E+00    7.1851E+00  
  1.5981E+00    1.3632E+00   -9.7183E-01    1.8643E-01   -2.7022E-01    5.3623E-02    1.1503E-02   -3.1023E-02    1.1198E-01    1.3437E-01    2.6308E-02    1.5455E-02    3.5100E-02   -3.3108E-01    1.1920E-01   -6.1134E-03    9.6300E-03   -8.4534E-02   -6.6362E-02    4.2042E-01   -5.2300E-01   -3.2314E-02    2.7759E+00    7.0264E+00  
  2.5429E+00    1.2328E+00   -1.1134E+00    1.6360E-01   -1.9449E-01   -5.5085E-03    3.4295E-02   -3.4029E-02    1.6913E-01    1.8894E-01   -1.6356E-03    2.0640E-03    5.2130E-02   -3.9592E-01    7.8066E-03    1.6112E-02   -1.4786E-02   -1.2259E-01   -1.1753E-01    4.9218E-01   -4.6553E-01   -4.5535E-02    2.6908E+00    6.7964E+00  
  2.9192E+00    1.0715E+00   -1.8968E+00    9.7013E-02    2.1340E-02   -9.1173E-03    6.9898E-02   -2.3352E-02    1.8549E-01    2.3666E-01   -4.9267E-02   -2.9794E-02    1.0912E-01   -3.9378E-01   -1.0442E-01    5.2794E-02   -3.6431E-02   -1.5894E-01   -2.1051E-01    4.8222E-01   -3.6765E-01   -4.7269E-02    2.5860E+00    6.4951E+00  
  3.2638E+00    9.7142E-01   -2.1061E+00    9.8369E-03    3.7342E-01    6.9567E-02    1.5764E-01   -1.7910E-02    1.2601E-01    3.1293E-01   -9.4084E-02   -9.9638E-02    1.6350E-01   -3.1545E-01   -1.7150E-01    6.7738E-02   -2.7121E-02   -1.5913E-01   -3.4044E-01    3.5536E-01   -2.3620E-01   -2.1119E-02    2.4625E+00    6.1490E+00  
  3.8740E+00    4.8309E+00    1.2265E+00   -2.2740E-01    4.9468E+00   -7.3330E+00    1.1114E+00    1.6722E+00   -9.4361E+00    6.1262E-01   -2.4989E-01   -1.8112E+00    1.3410E+00    6.3012E+00    3.6774E+00    2.0857E-01   -9.9084E-02   -2.0450E-01   -1.3865E+00   -3.7378E+00    2.0931E+00   -3.9621E-02    1.0203E+00    4.8703E+00  
  1.9403E+00    1.5522E+00    1.5412E+00   -5.2911E-01   -8.3146E-01    1.3738E+00    5.3744E-01   -9.7198E-03   -5.2684E-01   -2.7072E-01   -2.8336E-01    5.9057E-01   -5.2594E-02   -2.2833E-01    3.7128E-01   -1.4030E-02    1.1769E-01   -3.4278E-01   -6.7429E-01    3.3341E-01    4.4166E-02    6.1567E-02    2.2370E+00    7.5068E+00  
  2.0315E+00    1.8135E+00    1.0725E+00    1.2143E-01   -1.4796E-01    1.4037E-01   -7.7650E-02   -1.0213E-01    1.4186E-01    1.7214E-01   -7.8923E-02    4.4123E-02    1.6089E-01    3.2003E-01   -2.6204E-01   -3.6785E-02    8.0700E-03   -3.1958E-02   -2.5415E-01   -4.6978E-01   -2.5735E-01   -4.5079E-03    2.5518E+00    6.4865E+00  
  1.5202E+00    2.0806E+00    1.0575E+00    1.8808E-01    4.7880E-02   -4.3106E-02   -6.1621E-02   -6.7889E-02    1.1228E-01    8.2623E-02   -2.8206E-02   -1.0233E-02    1.5459E-01    3.6255E-01   -1.9730E-01   -2.7871E-02   -2.0995E-02    2.3866E-02   -1.3672E-01   -5.6167E-01   -3.4887E-01    7.8888E-04    2.6703E+00    6.7944E+00  
  1.5695E+00    1.1874E+00    1.5119E+00    1.9758E-01    1.4707E-01   -6.2850E-02   -4.3088E-02   -4.3324E-02    6.2244E-02    1.1928E-02    4.3928E-03   -1.9676E-02    1.4295E-01    3.3173E-01   -9.1787E-02   -1.9475E-02   -2.9173E-02    4.4758E-02   -6.7806E-02   -5.3480E-01   -4.0132E-01    3.6165E-03    2.7715E+00    7.0360E+00  
  1.1597E+00    1.2601E+00    1.2554E+00    1.7528E-01    1.6583E-01    4.7370E-04   -3.1154E-02   -3.0223E-02    1.1212E-02   -2.9480E-02    2.4698E-02   -1.2872E-03    1.2970E-01    2.6183E-01    1.7587E-02   -1.9465E-02   -1.7401E-02    4.6547E-02   -3.9642E-02   -4.3554E-01   -4.3037E-01   -8.3034E-03    2.8562E+00    7.2726E+00  
  8.3740E-01    1.2994E+00    9.1059E-01    1.5101E-01    1.2483E-01    8.0272E-02   -2.6161E-02   -1.9863E-02   -1.7576E-02   -4.4402E-02    4.3474E-02    1.4601E-02    1.1985E-01    1.7780E-01    9.8406E-02   -2.0835E-02   -6.1869E-03    3.7363E-02   -2.1420E-02   -3.0519E-01   -4.5113E-01   -1.5495E-02    2.9239E+00    7.4090E+00  
  6.2932E-01    1.3097E+00    5.0801E-01    1.3520E-01    3.7444E-02    1.4296E-01   -2.2367E-02   -1.1069E-02   -2.7873E-02   -3.6617E-02    5.2947E-02    2.4532E-02    1.0526E-01    9.0021E-02    1.4958E-01   -2.3220E-02    1.5247E-03    2.2527E-02   -1.4763E-02   -1.5286E-01   -4.6120E-01   -1.8060E-02    2.9692E+00    7.4042E+00  
  5.6091E-01    1.2954E+00    8.3986E-02    1.3043E-01   -6.8886E-02    1.6540E-01   -1.8959E-02   -6.3702E-03   -1.9616E-02   -1.5098E-02    5.9952E-02    2.7002E-02    8.9466E-02   -1.5019E-03    1.6605E-01   -2.1794E-02    1.2083E-02    3.3679E-03   -1.4896E-02    7.2929E-03   -4.6527E-01   -2.2297E-02    2.9840E+00    7.2945E+00  
  6.3641E-01    1.2562E+00   -3.4291E-01    1.3968E-01   -1.7749E-01    1.4092E-01   -1.7122E-02   -3.9067E-03    2.2196E-03    1.6290E-02    6.2225E-02    2.2885E-02    7.0407E-02   -9.2631E-02    1.4812E-01   -1.9440E-02    1.5200E-02   -1.7877E-02   -2.0925E-02    1.6723E-01   -4.5932E-01   -2.5503E-02    2.9682E+00    7.3714E+00  
  8.4976E-01    1.1901E+00   -7.4531E-01    1.6092E-01   -2.6128E-01    7.6930E-02   -1.0831E-02   -2.2317E-03    3.6906E-02    5.4734E-02    5.6769E-02    1.4005E-02    5.3255E-02   -1.7923E-01    9.5379E-02   -1.9073E-02    1.9447E-02   -3.9029E-02   -3.2416E-02    3.1899E-01   -4.4736E-01   -2.5204E-02    2.9221E+00    7.3676E+00  
  1.1816E+00    1.0974E+00   -1.0944E+00    1.8130E-01   -3.0180E-01   -3.4530E-03    4.8095E-03   -4.6300E-03    7.7328E-02    9.3281E-02    4.8468E-02    2.2053E-03    3.7832E-02   -2.6138E-01    1.2581E-02   -1.5844E-02    1.6315E-02   -5.8838E-02   -5.2869E-02    4.4851E-01   -4.2478E-01   -2.7392E-02    2.8538E+00    7.2398E+00  
  1.5984E+00    9.7484E-01   -1.3597E+00    1.8677E-01   -2.7188E-01   -6.1872E-02    3.1112E-02   -1.1192E-02    1.1881E-01    1.3209E-01    2.6427E-02   -1.0626E-02    3.5613E-02   -3.2872E-01   -9.9560E-02   -9.3839E-03    7.2752E-03   -7.2903E-02   -7.8963E-02    5.4688E-01   -3.9370E-01   -3.2732E-02    2.7686E+00    7.0166E+00  
  2.5802E+00   -1.8968E-01   -2.0806E+00    1.7179E-01   -1.5014E-01   -6.5123E-02    7.6542E-02   -1.3837E-02    1.2674E-01    1.7214E-01   -4.9983E-03   -4.5603E-02    4.7662E-02   -3.5636E-01   -2.1049E-01    1.0226E-02    6.2821E-03   -7.6706E-02   -1.3933E-01    5.7400E-01   -3.3833E-01   -2.5352E-02    2.6674E+00    6.7860E+00  
  2.9945E+00   -2.7853E-01   -1.9908E+00    1.1810E-01    8.1204E-02    2.9766E-02    1.5975E-01   -1.5807E-02    7.0325E-02    2.2750E-01   -4.7329E-02   -1.0451E-01    7.7021E-02   -3.1254E-01   -2.8590E-01    3.6187E-02    7.0744E-03   -5.5731E-02   -2.3681E-01    4.8448E-01   -2.4565E-01   -2.0934E-02    2.5492E+00    6.4801E+00  
  3.9492E+00   -4.8924E-01   -9.6925E-01    5.2210E-01    3.8648E-02   -5.3623E-01    9.4010E-01   -1.6615E-01   -7.4306E-01    8.8190E-01    3.0972E-02   -6.2419E-01   -9.8540E-02    2.2209E-01    3.4796E-01    3.4818E-02    6.5276E-02    2.2030E-01   -6.2010E-01   -3.2334E-01    4.0940E-02   -9.2180E-02    2.2337E+00    7.5876E+00  
  2.4388E+00    2.0028E+00    1.1711E+00    3.1999E-02   -2.9538E-01    4.3258E-01   -1.0055E-01   -5.9012E-02    2.4587E-01    1.9845E-01   -1.0838E-01    5.6885E-02    6.9865E-02    1.8009E-01   -3.5731E-01   -1.3175E-02    3.8565E-03   -1.8523E-01   -2.8305E-01   -3.5586E-01   -1.2650E-01    2.4180E-02    2.4837E+00    6.1352E+00  
  1.9443E+00    2.3097E+00    1.3414E+00    1.2138E-01   -7.1499E-02    3.9959E-02   -5.6859E-02   -4.9808E-02    1.9488E-01    1.4512E-01   -6.9635E-02    7.3199E-03    9.3374E-02    2.5102E-01   -3.6235E-01   -1.4155E-03    2.6761E-02   -7.8427E-02   -1.7610E-01   -5.6007E-01   -2.0849E-01   -3.4606E-02    2.6158E+00    6.6355E+00  
  1.7286E+00    1.0649E+00    1.6604E+00    1.7834E-01    6.4152E-02   -1.3004E-01   -4.3756E-02   -4.4715E-02    1.3631E-01    8.8657E-02   -1.5579E-02   -3.3035E-02    1.1557E-01    2.5997E-01   -2.8478E-01   -5.8943E-03   -8.6891E-03   -7.0279E-03   -9.8336E-02   -6.1407E-01   -2.5535E-01   -2.5950E-02    2.7278E+00    6.9064E+00  
  1.2847E+00    8.7801E-01    1.5824E+00    1.8118E-01    1.2284E-01   -1.4479E-01   -2.9515E-02   -3.6100E-02    7.8266E-02    3.4913E-02    2.2612E-02   -3.5319E-02    1.2154E-01    2.2917E-01   -1.6878E-01   -8.1401E-03   -2.5457E-02    2.2601E-02   -5.4934E-02   -5.6223E-01   -2.8459E-01   -1.0889E-02    2.8301E+00    7.0974E+00  
  8.3773E-01    9.1457E-01    1.2948E+00    1.5071E-01    1.2369E-01   -8.0822E-02   -2.0519E-02   -2.5546E-02    3.2362E-02   -1.1577E-03    4.3541E-02   -1.6347E-02    1.2097E-01    1.7847E-01   -6.0625E-02   -7.2534E-03   -1.8707E-02    2.8762E-02   -3.2374E-02   -4.5653E-01   -3.0262E-01   -1.4725E-02    2.9183E+00    7.2762E+00  
  4.8514E-01    9.2825E-01    9.2438E-01    1.1608E-01    8.0614E-02   -7.8081E-04   -1.7466E-02   -1.6976E-02    4.0102E-03   -1.6493E-02    5.7674E-02   -5.8901E-04    1.1660E-01    1.2298E-01    2.0258E-02   -1.1278E-02   -9.8183E-03    2.4140E-02   -1.8966E-02   -3.1852E-01   -3.1523E-01   -2.1555E-02    2.9915E+00    7.4215E+00  
  2.5986E-01    9.2570E-01    5.0131E-01    9.5036E-02    9.5841E-03    6.2547E-02   -1.4350E-02   -6.9026E-03   -8.0265E-03   -1.6192E-02    6.8412E-02    9.4821E-03    1.0972E-01    6.1950E-02    7.0418E-02   -1.2286E-02    9.4681E-04    1.3769E-02   -1.3426E-02   -1.6085E-01   -3.2387E-01   -2.1782E-02    3.0414E+00    7.4498E+00  
  1.8315E-01    9.0515E-01    5.5585E-02    8.8527E-02   -7.5786E-02    8.5351E-02   -1.4013E-02   -4.1043E-04   -7.2048E-03   -4.5127E-03    7.1271E-02    1.3148E-02    9.7874E-02   -5.5114E-04    8.7387E-02   -1.6394E-02    9.2526E-03    1.2903E-03   -1.3139E-02    6.5421E-03   -3.2498E-01   -2.4704E-02    3.0587E+00    7.3566E+00  
  2.6202E-01    8.6892E-01   -3.9008E-01    1.0046E-01   -1.5884E-01    6.1153E-02   -1.2684E-02    4.7506E-03    4.4267E-03    1.3601E-02    6.9869E-02    1.0223E-02    8.4554E-02   -6.2759E-02    6.9137E-02   -1.9866E-02    1.6181E-02   -1.2569E-02   -1.5899E-02    1.7378E-01   -3.2197E-01   -2.6550E-02    3.0404E+00    7.4408E+00  
  4.9284E-01    8.1788E-01   -8.1530E-01    1.2972E-01   -2.2686E-01   -2.3720E-03   -9.8826E-03    1.0571E-02    2.2631E-02    3.3902E-02    6.7100E-02    1.4865E-03    6.8286E-02   -1.2298E-01    1.7606E-02   -1.8987E-02    1.8947E-02   -2.7152E-02   -2.2530E-02    3.3096E-01   -3.1149E-01   -2.3703E-02    2.9896E+00    7.4072E+00  
  8.5005E-01    7.4778E-01   -1.1869E+00    1.6095E-01   -2.6221E-01   -8.2600E-02    2.6125E-03    1.1306E-02    4.3644E-02    5.3446E-02    5.6792E-02   -1.0401E-02    5.3966E-02   -1.7723E-01   -6.4857E-02   -1.9773E-02    1.9671E-02   -3.8744E-02   -3.4186E-02    4.6832E-01   -2.9717E-01   -2.5586E-02    2.9157E+00    7.2763E+00  
  1.3034E+00    6.5992E-01   -1.4768E+00    1.8714E-01   -2.5364E-01   -1.3985E-01    2.5627E-02    9.6284E-03    5.9770E-02    6.9963E-02    3.9105E-02   -2.2638E-02    4.2135E-02   -2.2658E-01   -1.7518E-01   -1.4487E-02    1.7291E-02   -4.2794E-02   -5.0560E-02    5.7323E-01   -2.7766E-01   -2.2530E-02    2.8271E+00    7.1196E+00  
  1.8747E+00    2.9835E-01   -1.7346E+00    2.0318E-01   -1.8746E-01   -1.3698E-01    6.8963E-02    6.9867E-04    5.3949E-02    8.9597E-02    1.9458E-02   -5.1391E-02    3.3052E-02   -2.5648E-01   -2.9476E-01   -1.0347E-02    2.9787E-02   -2.8602E-02   -8.0704E-02    6.2541E-01   -2.4679E-01   -4.4995E-04    2.7248E+00    6.9491E+00  
  2.6868E+00   -1.1862E+00   -2.0534E+00    1.8433E-01   -5.8875E-02   -2.5494E-02    1.4683E-01   -1.7453E-02    4.0139E-03    1.2874E-01   -1.2194E-02   -9.7179E-02    2.2800E-02   -2.5045E-01   -3.8010E-01   -4.5251E-03    4.1743E-02    1.9711E-02   -1.3216E-01    5.7428E-01   -2.0078E-01    9.6326E-03    2.6135E+00    6.6876E+00  
  3.1362E+00   -1.1757E+00   -1.7809E+00    6.1053E-02    1.4159E-01    2.6829E-01    2.4203E-01   -3.9013E-02   -1.1466E-01    1.9941E-01   -9.4575E-02   -1.1465E-01    2.9565E-02   -1.8867E-01   -3.8638E-01    2.1313E-02   -2.8854E-02    9.7054E-02   -1.9638E-01    3.7192E-01   -1.2340E-01   -5.1372E-02    2.4804E+00    6.1883E+00  
  2.4952E+00    2.0858E+00    1.4830E+00    4.5003E-02   -1.9969E-01    3.3699E-01   -1.0433E-01    5.9614E-03    2.6310E-01    1.0949E-01   -1.0239E-01    1.2526E-02   -5.4894E-03    9.9413E-02   -4.1934E-01    2.6456E-02    2.5215E-02   -2.1962E-01   -1.7169E-01   -4.2304E-01   -7.3480E-02   -4.5983E-03    2.5287E+00    6.1187E+00  
  1.9923E+00    2.3919E+00    1.5797E+00    1.5119E-01   -4.5025E-02   -4.4877E-02   -7.3366E-02   -2.4821E-02    1.9071E-01    1.2427E-01   -4.1687E-02   -3.4831E-02    6.7413E-02    1.3293E-01   -4.3717E-01    1.0585E-02    6.1301E-03   -7.7258E-02   -9.9656E-02   -6.1680E-01   -1.1025E-01   -2.9325E-02    2.6551E+00    6.5186E+00  
  1.6330E+00    4.9388E-01    1.8034E+00    1.8274E-01    2.2126E-02   -1.9536E-01   -4.1862E-02   -3.0595E-02    1.2030E-01    8.1429E-02    3.7584E-03   -4.7327E-02    9.5849E-02    1.3332E-01   -3.4244E-01    2.2452E-03   -1.3712E-02   -1.1657E-02   -5.9282E-02   -6.4205E-01   -1.3357E-01   -2.5116E-02    2.7644E+00    6.7915E+00  
  1.1023E+00    5.0800E-01    1.6105E+00    1.7177E-01    4.3228E-02   -2.0783E-01   -2.2559E-02   -2.8186E-02    6.6794E-02    3.7695E-02    3.6122E-02   -4.2728E-02    1.0433E-01    1.1641E-01   -2.1881E-01    1.2096E-03   -2.5051E-02    1.4491E-02   -3.4991E-02   -5.7853E-01   -1.4673E-01   -1.5795E-02    2.8666E+00    7.0002E+00  
  6.2980E-01    5.1133E-01    1.3053E+00    1.3491E-01    3.5540E-02   -1.4500E-01   -1.1445E-02   -2.2006E-02    3.1018E-02    9.0831E-03    5.2963E-02   -2.5012E-02    1.0731E-01    9.1312E-02   -1.1054E-01    1.4306E-03   -2.1509E-02    2.2552E-02   -1.9890E-02   -4.6744E-01   -1.5421E-01   -1.6947E-02    2.9597E+00    7.1799E+00  
  2.6005E-01    5.0461E-01    9.2185E-01    9.4964E-02    8.9652E-03   -6.4998E-02   -7.2891E-03   -1.3767E-02    1.0277E-02   -4.5825E-03    6.8358E-02   -9.6029E-03    1.1059E-01    6.2529E-02   -2.8446E-02    2.5076E-04   -1.0954E-02    1.8954E-02   -1.0888E-02   -3.2829E-01   -1.6085E-01   -2.1229E-02    3.0379E+00    7.2841E+00  
  2.1844E-02    4.8828E-01    4.8505E-01    6.6812E-02   -3.1773E-02   -1.3889E-03   -6.3316E-03   -5.7903E-03    5.7621E-04   -6.5810E-03    7.5118E-02    1.9069E-04    1.1033E-01    3.2551E-02    2.1954E-02   -3.7500E-03   -2.7546E-03    1.0470E-02   -7.2696E-03   -1.6454E-01   -1.6305E-01   -2.4121E-02    3.0905E+00    7.3208E+00  
 -5.9027E-02    4.6374E-01    2.7688E-02    5.7811E-02   -7.8453E-02    2.1982E-02   -6.6452E-03    1.2569E-03   -5.6611E-04   -7.8806E-04    7.7556E-02    3.6967E-03    1.0550E-01    2.1187E-04    3.9303E-02   -8.9675E-03    5.8363E-03    6.7360E-04   -6.1128E-03    5.7156E-03   -1.6374E-01   -2.6122E-02    3.1079E+00    7.2487E+00  
  2.2936E-02    4.3162E-01   -4.2974E-01    6.9958E-02   -1.2328E-01   -1.6769E-03   -6.6318E-03    7.6714E-03    2.8507E-03    8.1539E-03    7.5980E-02    6.0690E-04    9.7079E-02   -3.1899E-02    2.1016E-02   -1.3875E-02    1.3448E-02   -9.8164E-03   -7.5401E-03    1.7583E-01   -1.6126E-01   -2.7046E-02    3.0896E+00    7.3218E+00  
  2.6245E-01    3.9186E-01   -8.6633E-01    1.0026E-01   -1.5934E-01   -6.4944E-02   -3.9604E-03    1.3655E-02    8.2255E-03    1.5945E-02    7.0060E-02   -8.4012E-03    8.5106E-02   -6.1284E-02   -3.0335E-02   -1.6891E-02    1.9757E-02   -2.0407E-02   -1.0010E-02    3.3919E-01   -1.5734E-01   -2.6797E-02    3.0360E+00    7.2867E+00  
  6.3725E-01    3.4462E-01   -1.2529E+00    1.3935E-01   -1.7912E-01   -1.4512E-01    4.3510E-03    1.8230E-02    1.0641E-02    1.9403E-02    6.2640E-02   -2.0563E-02    7.1846E-02   -8.9246E-02   -1.1347E-01   -1.6394E-02    1.9938E-02   -2.7498E-02   -1.4979E-02    4.7771E-01   -1.4916E-01   -2.6156E-02    2.9571E+00    7.2034E+00  
  1.1112E+00    2.8772E-01   -1.5580E+00    1.7690E-01   -1.7362E-01   -2.0303E-01    2.1594E-02    1.8464E-02    4.8896E-03    1.6572E-02    4.3156E-02   -3.3996E-02    6.1930E-02   -1.1360E-01   -2.2301E-01   -1.3665E-02    2.1540E-02   -2.4383E-02   -2.1459E-02    5.8807E-01   -1.4044E-01   -2.0555E-02    2.8634E+00    7.0532E+00  
  1.6502E+00    2.1766E-01   -1.7400E+00    2.0181E-01   -1.3919E-01   -1.9691E-01    5.6101E-02    1.2296E-02   -1.8603E-02    9.3875E-03    2.0882E-02   -5.6421E-02    5.0976E-02   -1.3063E-01   -3.4830E-01   -1.1764E-02    3.0811E-02   -5.4138E-03   -3.0150E-02    6.5107E-01   -1.2655E-01   -3.2987E-03    2.7612E+00    6.8735E+00  
  2.3792E+00   -1.8126E+00   -2.0088E+00    1.8508E-01   -8.0874E-02   -6.4166E-02    1.1093E-01   -4.6953E-03   -7.0592E-02    1.3796E-02   -1.4852E-02   -7.5555E-02    2.7435E-02   -1.3527E-01   -4.4713E-01   -1.5352E-02    3.0337E-02    4.8623E-02   -4.1020E-02    6.2743E-01   -1.0554E-01    4.2992E-03    2.6524E+00    6.6198E+00  
  2.8820E+00   -1.6487E+00   -1.7154E+00    1.0822E-01   -2.9261E-02    2.4535E-01    2.1160E-01   -5.0287E-02   -1.8155E-01    8.9319E-02   -7.0998E-02   -9.0609E-02   -3.1151E-02   -1.1487E-01   -4.3574E-01   -2.4347E-02    4.0961E-03    1.7568E-01   -6.5313E-02    4.3534E-01   -7.5036E-02   -2.1788E-02    2.5260E+00    6.2248E+00  
  2.6531E+00    1.9639E+00    1.6369E+00    8.5247E-02   -1.2259E-01    2.6843E-01   -1.5337E-01    3.8556E-02    2.3586E-01    1.7021E-02   -8.1603E-02   -4.2891E-02   -3.5860E-02   -1.0615E-02   -4.4667E-01    3.6847E-02    9.3399E-03   -2.1356E-01   -5.5601E-02   -4.4631E-01    3.9024E-03   -1.3217E-02    2.5430E+00    6.1721E+00  
  2.1397E+00    2.2045E+00    1.8239E+00    1.7208E-01   -6.3917E-02   -7.8032E-02   -8.8603E-02   -4.5438E-03    1.4220E-01    6.6830E-02   -2.3943E-02   -5.9127E-02    4.3316E-02   -3.3491E-03   -4.5925E-01    1.8303E-02   -1.3222E-02   -6.9940E-02   -3.1034E-02   -6.3470E-01    8.5949E-04   -1.2563E-02    2.6689E+00    6.4526E+00  
  1.5867E+00    1.3959E-01    1.7951E+00    1.9186E-01   -5.5605E-02   -2.1996E-01   -4.6286E-02   -1.9958E-02    7.9062E-02    5.1336E-02    1.6000E-02   -5.5661E-02    7.7654E-02   -3.2962E-04   -3.6403E-01    6.7565E-03   -2.3195E-02   -2.2148E-03   -1.5731E-02   -6.5255E-01   -2.1680E-04   -1.4382E-02    2.7776E+00    6.7408E+00  
  1.0425E+00    1.1243E-01    1.6014E+00    1.6996E-01   -6.5712E-02   -2.2918E-01   -1.9811E-02   -2.0807E-02    3.8477E-02    2.1035E-02    4.2606E-02   -4.1754E-02    8.5091E-02    5.2100E-05   -2.3492E-01    8.8451E-03   -2.3788E-02    1.7398E-02   -7.7884E-03   -5.8336E-01    5.9689E-04   -1.8804E-02    2.8801E+00    6.9109E+00  
  5.6160E-01    8.6642E-02    1.2909E+00    1.2988E-01   -7.0900E-02   -1.6877E-01   -6.2751E-03   -1.8429E-02    1.5996E-02    1.0552E-03    6.0268E-02   -2.6132E-02    9.1957E-02    1.7676E-04   -1.2722E-01    1.2612E-02   -2.1027E-02    2.3001E-02   -3.1655E-03   -4.7293E-01    1.5278E-03   -2.1959E-02    2.9736E+00    7.0202E+00  
  1.8359E-01    5.8223E-02    9.0137E-01    8.8237E-02   -7.6511E-02   -8.8586E-02   -5.4775E-04   -1.3341E-02    5.1753E-03   -5.2436E-03    7.1407E-02   -1.2315E-02    9.9054E-02    2.6750E-04   -4.5245E-02    8.9930E-03   -1.5395E-02    1.9095E-02   -8.5694E-04   -3.3106E-01    2.4987E-03   -2.4359E-02    3.0542E+00    7.1622E+00  
 -5.8818E-02    3.0271E-02    4.6059E-01    5.7701E-02   -7.8528E-02   -2.5029E-02    8.6679E-04   -5.9669E-03    1.3606E-03   -5.4042E-03    7.7575E-02   -2.9047E-03    1.0587E-01    4.5578E-04    5.0918E-03    5.0860E-03   -7.9436E-03    9.6455E-03    3.2410E-05   -1.6695E-01    3.4534E-03   -2.5947E-02    3.1070E+00    7.1618E+00  
 -1.4137E-01    1.9265E-03   -6.0295E-04    4.6728E-02   -7.9468E-02   -1.4080E-03    3.9565E-04    1.0055E-03    8.4648E-04   -2.7130E-04    7.9515E-02    3.6610E-04    1.0767E-01    8.2192E-04    2.2652E-02   -5.9336E-04    3.5137E-04    7.5747E-04    2.6433E-04    4.8717E-03    4.3285E-03   -2.6532E-02    3.1242E+00    7.0829E+00  
 -5.8649E-02   -2.6440E-02   -4.6180E-01    5.7817E-02   -7.8433E-02   -2.4795E-02   -6.7431E-05    7.9596E-03    2.6764E-04    4.8311E-03    7.7550E-02   -2.9157E-03    1.0558E-01    1.3685E-03    4.5746E-03   -6.2445E-03    8.6197E-03   -8.1366E-03    5.3960E-04    1.7656E-01    5.0712E-03   -2.6046E-02    3.1060E+00    7.1642E+00  
  1.8393E-01   -5.4453E-02   -9.0257E-01    8.8481E-02   -7.6327E-02   -8.8125E-02    1.3712E-03    1.5284E-02   -3.7366E-03    4.5775E-03    7.1353E-02   -1.2309E-02    9.8454E-02    2.0305E-03   -4.6259E-02   -1.0062E-02    1.6003E-02   -1.7608E-02    1.5497E-03    3.4031E-01    5.6508E-03   -2.4493E-02    3.0523E+00    7.1620E+00  
  5.6211E-01   -8.2972E-02   -1.2921E+00    1.3027E-01   -7.0584E-02   -1.6807E-01    7.1375E-03    2.0287E-02   -1.4871E-02   -1.8547E-03    6.0157E-02   -2.6040E-02    9.1103E-02    2.7445E-03   -1.2864E-01   -1.3545E-02    2.1546E-02   -2.1535E-02    4.0365E-03    4.8157E-01    6.0293E-03   -2.2045E-02    2.9710E+00    7.0538E+00  
  1.0432E+00   -1.0890E-01   -1.6026E+00    1.7051E-01   -6.5218E-02   -2.2826E-01    2.0715E-02    2.2560E-02   -3.7788E-02   -2.1990E-02    4.2378E-02   -4.1497E-02    8.3987E-02    3.3040E-03   -2.3667E-01   -9.6277E-03    2.4266E-02   -1.5977E-02    8.8489E-03    5.9121E-01    6.1806E-03   -1.8723E-02    2.8770E+00    6.9038E+00  
  1.5875E+00   -1.3626E-01   -1.7962E+00    1.9253E-01   -5.4875E-02   -2.1884E-01    4.7196E-02    2.1587E-02   -7.8900E-02   -5.2443E-02    1.5567E-02   -5.5202E-02    7.6430E-02    3.4232E-03   -3.6602E-01   -7.4589E-03    2.3790E-02    3.6079E-03    1.6949E-02    6.5951E-01    6.0699E-03   -1.4232E-02    2.7742E+00    6.7209E+00  
  2.1414E+00   -2.2206E+00   -1.8266E+00    1.7289E-01   -6.2880E-02   -7.6778E-02    8.9444E-02    6.1469E-03   -1.4262E-01   -6.8296E-02   -2.4512E-02   -5.8471E-02    4.2124E-02    6.0744E-04   -4.6144E-01   -1.8903E-02    1.4067E-02    7.1079E-02    3.2320E-02    6.4101E-01    4.0402E-03   -1.2479E-02    2.6658E+00    6.4360E+00  
  2.6548E+00   -1.9789E+00   -1.6410E+00    8.6227E-02   -1.2109E-01    2.6978E-01    1.5398E-01   -3.6914E-02   -2.3679E-01   -1.9141E-02   -8.2246E-02   -4.2008E-02   -3.6968E-02   -6.8152E-03   -4.4914E-01   -3.7304E-02   -8.3646E-03    2.1416E-01    5.6968E-02    4.5247E-01   -2.8079E-05   -1.3225E-02    2.5406E+00    6.1154E+00  
  2.8790E+00    1.6343E+00    1.7093E+00    1.0750E-01   -3.0358E-02    2.4393E-01   -2.1090E-01    5.2157E-02    1.8160E-01   -9.2076E-02   -7.0511E-02   -9.1311E-02   -2.9701E-02   -1.1839E-01   -4.3270E-01    2.3968E-02   -3.2260E-03   -1.7453E-01    6.6582E-02   -4.2948E-01    7.9721E-02   -2.1946E-02    2.5283E+00    6.2786E+00  
  2.3760E+00    1.7965E+00    2.0048E+00    1.8454E-01   -8.1495E-02   -6.5372E-02   -1.1009E-01    6.5400E-03    7.1077E-02   -1.5924E-02   -1.4379E-02   -7.6094E-02    2.8832E-02   -1.3878E-01   -4.4418E-01    1.4775E-02   -2.9722E-02   -4.7034E-02    4.2127E-02   -6.2130E-01    1.1127E-01    4.2282E-03    2.6554E+00    6.6358E+00  
  1.6498E+00   -2.1466E-01    1.7391E+00    2.0137E-01   -1.3953E-01   -1.9791E-01   -5.5121E-02   -1.0454E-02    1.9528E-02   -1.1023E-02    2.1282E-02   -5.6800E-02    5.2224E-02   -1.3382E-01   -3.4537E-01    1.1053E-02   -3.0295E-02    7.2656E-03    3.1081E-02   -6.4429E-01    1.3311E-01   -3.3739E-03    2.7644E+00    6.8925E+00  
  1.1110E+00   -2.8444E-01    1.5570E+00    1.7644E-01   -1.7368E-01   -2.0374E-01   -2.0608E-02   -1.6575E-02   -3.5750E-03   -1.7926E-02    4.3382E-02   -3.4179E-02    6.3083E-02   -1.1614E-01   -2.2026E-01    1.2932E-02   -2.1159E-02    2.6216E-02    2.2232E-02   -5.8040E-01    1.4782E-01   -2.0719E-02    2.8665E+00    7.0688E+00  
  6.3727E-01   -3.4111E-01    1.2519E+00    1.3897E-01   -1.7897E-01   -1.4556E-01   -3.4069E-03   -1.6300E-02   -9.0256E-03   -2.0499E-02    6.2746E-02   -2.0617E-02    7.2795E-02   -9.0964E-02   -1.1099E-01    1.5575E-02   -1.9571E-02    2.9298E-02    1.5612E-02   -4.6922E-01    1.5718E-01   -2.6155E-02    2.9597E+00    7.1612E+00  
  2.6265E-01   -3.8818E-01    8.6524E-01    1.0001E-01   -1.5904E-01   -6.5110E-02    4.8336E-03   -1.1670E-02   -6.4388E-03   -1.6791E-02    7.0054E-02   -8.3994E-03    8.5768E-02   -6.2094E-02   -2.8249E-02    1.5920E-02   -1.9283E-02    2.2112E-02    1.0486E-02   -3.3005E-01    1.6578E-01   -2.6618E-02    3.0379E+00    7.2939E+00  
  2.3317E-02   -4.2781E-01    4.2861E-01    6.9823E-02   -1.2287E-01   -1.5925E-03    7.4464E-03   -5.6650E-03   -1.0197E-03   -8.7788E-03    7.5923E-02    6.0470E-04    9.7433E-02   -3.1789E-02    2.2630E-02    1.2797E-02   -1.2847E-02    1.1425E-02    7.9441E-03   -1.6627E-01    1.6987E-01   -2.6826E-02    3.0906E+00    7.3468E+00  
 -5.8476E-02   -4.5986E-01   -2.8864E-02    5.7776E-02   -7.7943E-02    2.2307E-02    7.4205E-03    7.2811E-04    2.3176E-03    3.1871E-04    7.7464E-02    3.6647E-03    1.0558E-01    1.2559E-03    4.0409E-02    7.8305E-03   -5.1447E-03    8.1427E-04    6.5391E-03    4.0401E-03    1.7227E-01   -2.5985E-02    3.1080E+00    7.2768E+00  
  2.2572E-02   -4.8436E-01   -4.8627E-01    6.6904E-02   -3.1194E-02   -8.2434E-04    7.0807E-03    7.7275E-03    9.6018E-04    6.2038E-03    7.5036E-02    1.5219E-04    1.1011E-01    3.4471E-02    2.2508E-02    2.6203E-03    3.4772E-03   -9.1132E-03    7.7971E-03    1.7422E-01    1.7124E-01   -2.4081E-02    3.0897E+00    7.3464E+00  
  2.6095E-01   -5.0068E-01   -9.2310E-01    9.5181E-02    9.6110E-03   -6.4226E-02    8.0253E-03    1.5633E-02   -9.0789E-03    4.2426E-03    6.8281E-02   -9.6305E-03    1.1011E-01    6.5227E-02   -2.8413E-02   -1.3106E-03    1.1652E-02   -1.7724E-02    1.1587E-02    3.3767E-01    1.6847E-01   -2.1284E-02    3.0361E+00    7.2930E+00  
  6.3085E-01   -5.0743E-01   -1.3065E+00    1.3526E-01    3.6274E-02   -1.4402E-01    1.2200E-02    2.3762E-02   -3.0273E-02   -9.4408E-03    5.2890E-02   -2.4940E-02    1.0661E-01    9.4692E-02   -1.1097E-01   -2.4086E-03    2.2154E-02   -2.1451E-02    2.0800E-02    4.7626E-01    1.6105E-01   -1.7046E-02    2.9572E+00    7.1353E+00  
  1.1035E+00   -5.0419E-01   -1.6118E+00    1.7229E-01    4.4079E-02   -2.0668E-01    2.3327E-02    2.9812E-02   -6.6603E-02   -3.8100E-02    3.6027E-02   -4.2483E-02    1.0343E-01    1.2031E-01   -2.1962E-01   -2.0926E-03    2.5647E-02   -1.3505E-02    3.6118E-02    5.8662E-01    1.5266E-01   -1.5829E-02    2.8634E+00    7.0085E+00  
  1.6343E+00   -4.9017E-01   -1.8047E+00    1.8349E-01    2.3166E-02   -1.9411E-01    4.2666E-02    3.2064E-02   -1.2078E-01   -8.1924E-02    3.5379E-03   -4.6911E-02    9.4877E-02    1.3755E-01   -3.4357E-01   -3.0296E-03    1.4422E-02    1.2527E-02    6.0553E-02    6.4933E-01    1.3852E-01   -2.5018E-02    2.7610E+00    6.7979E+00  
  1.9927E+00   -2.4080E+00   -1.5820E+00    1.5213E-01   -4.3700E-02   -4.3572E-02    7.4179E-02    2.6145E-02   -1.9193E-01   -1.2498E-01   -4.2171E-02   -3.4147E-02    6.6527E-02    1.3725E-01   -4.3871E-01   -1.1271E-02   -5.1960E-03    7.7933E-02    1.0097E-01    6.2345E-01    1.1421E-01   -2.9251E-02    2.6519E+00    6.5215E+00  
  2.4957E+00   -2.0983E+00   -1.4863E+00    4.6107E-02   -1.9800E-01    3.3828E-01    1.0489E-01   -4.6667E-03   -2.6495E-01   -1.1080E-01   -1.0304E-01    1.3519E-02   -6.2615E-03    1.0342E-01   -4.2136E-01   -2.7129E-02   -2.4308E-02    2.1982E-01    1.7299E-01    4.2971E-01    7.6401E-02   -4.7020E-03    2.5262E+00    6.1607E+00  
  3.1320E+00    1.1628E+00    1.7767E+00    6.0718E-02    1.4102E-01    2.6686E-01   -2.4121E-01    4.1062E-02    1.1572E-01   -2.0272E-01   -9.4414E-02   -1.1509E-01    3.1214E-02   -1.9184E-01   -3.8273E-01   -2.1607E-02    2.9394E-02   -9.5374E-02    1.9732E-01   -3.6633E-01    1.2874E-01   -5.1655E-02    2.4824E+00    6.2381E+00  
  2.6826E+00    1.1752E+00    2.0498E+00    1.8416E-01   -5.8987E-02   -2.6665E-02   -1.4595E-01    1.9472E-02   -2.5289E-03   -1.3142E-01   -1.2006E-02   -9.7550E-02    2.4245E-02   -2.5341E-01   -3.7634E-01    3.9647E-03   -4.1432E-02   -1.7692E-02    1.3296E-01   -5.6826E-01    2.0711E-01    9.5902E-03    2.6161E+00    6.7021E+00  
  1.8740E+00   -2.9739E-01    1.7332E+00    2.0300E-01   -1.8724E-01   -1.3783E-01   -6.7955E-02    1.3008E-03   -5.2154E-02   -9.1681E-02    1.9571E-02   -5.1567E-02    3.4285E-02   -2.5899E-01   -2.9095E-01    9.6234E-03   -2.9424E-02    3.0813E-02    8.1232E-02   -6.1873E-01    2.5390E-01   -4.6242E-04    2.7278E+00    6.9663E+00  
  1.3037E+00   -6.5683E-01    1.4761E+00    1.8695E-01   -2.5320E-01   -1.4037E-01   -2.4596E-02   -7.6384E-03   -5.7700E-02   -7.1561E-02    3.9142E-02   -2.2677E-02    4.3141E-02   -2.2837E-01   -1.7142E-01    1.3702E-02   -1.6930E-02    4.4989E-02    5.0893E-02   -5.6568E-01    2.8540E-01   -2.2565E-02    2.8300E+00    7.1342E+00  
  8.5055E-01   -7.4439E-01    1.1861E+00    1.6072E-01   -2.6156E-01   -8.2796E-02   -1.6484E-03   -9.3192E-03   -4.1409E-02   -5.4671E-02    5.6773E-02   -1.0349E-02    5.4831E-02   -1.7808E-01   -6.1348E-02    1.9006E-02   -1.9384E-02    4.0801E-02    3.4393E-02   -4.5992E-01    3.0541E-01   -2.5581E-02    2.9182E+00    7.2360E+00  
  4.9358E-01   -8.1422E-01    8.1438E-01    1.2953E-01   -2.2606E-01   -2.2457E-03    1.0777E-02   -8.5883E-03   -2.0380E-02   -3.4770E-02    6.7004E-02    1.5620E-03    6.8921E-02   -1.2283E-01    2.0736E-02    1.8169E-02   -1.8615E-02    2.9036E-02    2.2607E-02   -3.2189E-01    3.1996E-01   -2.3524E-02    2.9915E+00    7.4119E+00  
  2.6293E-01   -8.6508E-01    3.8908E-01    1.0033E-01   -1.5792E-01    6.1544E-02    1.3489E-02   -2.7781E-03   -2.2683E-03   -1.4121E-02    6.9696E-02    1.0236E-02    8.4922E-02   -6.1637E-02    7.1809E-02    1.8945E-02   -1.5659E-02    1.4222E-02    1.5954E-02   -1.6422E-01    3.3043E-01   -2.6287E-02    3.0415E+00    7.4621E+00  
  1.8425E-01   -9.0117E-01   -5.6664E-02    8.8490E-02   -7.4779E-02    8.6006E-02    1.4741E-02    2.3267E-03    9.1349E-03    4.2640E-03    7.1091E-02    1.3108E-02    9.7988E-02    1.5140E-03    8.9523E-02    1.5408E-02   -8.5910E-03    1.0673E-04    1.3265E-02    3.2525E-03    3.3315E-01   -2.4476E-02    3.0588E+00    7.3812E+00  
  2.6114E-01   -9.2162E-01   -5.0247E-01    9.5115E-02    1.0632E-02    6.3453E-02    1.5022E-02    8.7284E-03    9.5847E-03    1.6156E-02    6.8287E-02    9.4208E-03    1.0959E-01    6.4845E-02    7.1977E-02    1.1276E-02   -2.0219E-04   -1.2619E-02    1.3702E-02    1.7063E-01    3.3149E-01   -2.1644E-02    3.0406E+00    7.4712E+00  
  4.8658E-01   -9.2410E-01   -9.2560E-01    1.1626E-01    8.1694E-02    3.2315E-04    1.8109E-02    1.8705E-02   -2.9366E-03    1.6620E-02    5.7587E-02   -6.5956E-04    1.1626E-01    1.2657E-01    2.1253E-02    1.0305E-02    1.0592E-02   -2.3205E-02    1.9467E-02    3.2805E-01    3.2207E-01   -2.1566E-02    2.9899E+00    7.4267E+00  
  8.3933E-01   -9.1040E-01   -1.2961E+00    1.5102E-01    1.2481E-01   -7.9543E-02    2.1151E-02    2.7150E-02   -3.1872E-02    1.3774E-03    4.3528E-02   -1.6336E-02    1.2047E-01    1.8261E-01   -6.0151E-02    6.3151E-03    1.9430E-02   -2.8040E-02    3.3136E-02    4.6557E-01    3.0855E-01   -1.4831E-02    2.9158E+00    7.2319E+00  
  1.2864E+00   -8.7385E-01   -1.5838E+00    1.8164E-01    1.2401E-01   -1.4339E-01    3.0142E-02    3.7566E-02   -7.8442E-02   -3.4637E-02    2.2656E-02   -3.5144E-02    1.2093E-01    2.3367E-01   -1.6876E-01    7.2352E-03    2.6108E-02   -2.2039E-02    5.5950E-02    5.7060E-01    2.8949E-01   -1.0992E-02    2.8271E+00    7.1022E+00  
  1.7301E+00   -1.0628E+00   -1.6609E+00    1.7905E-01    6.5411E-02   -1.2863E-01    4.4438E-02    4.6025E-02   -1.3731E-01   -8.8415E-02   -1.5500E-02   -3.2739E-02    1.1495E-01    2.6465E-01   -2.8522E-01    5.0031E-03    9.4346E-03    7.4101E-03    9.9435E-02    6.2175E-01    2.5925E-01   -2.5888E-02    2.7245E+00    6.9086E+00  
  1.9438E+00   -2.3182E+00   -1.3416E+00    1.2234E-01   -7.0042E-02    4.1229E-02    5.7658E-02    5.0941E-02   -1.9685E-01   -1.4509E-01   -6.9660E-02    7.7710E-03    9.2900E-02    2.5570E-01   -3.6345E-01    4.7221E-04   -2.5821E-02    7.8567E-02    1.7705E-01    5.6737E-01    2.1147E-01   -3.4511E-02    2.6128E+00    6.6337E+00  
  2.4383E+00   -2.0109E+00   -1.1738E+00    3.2795E-02   -2.9383E-01    4.3382E-01    1.0095E-01    5.9887E-02   -2.4865E-01   -1.9873E-01   -1.0885E-01    5.7908E-02    6.9335E-02    1.8445E-01   -3.5905E-01    1.1971E-02   -3.3546E-03    1.8518E-01    2.8389E-01    3.6326E-01    1.2858E-01    2.3896E-02    2.4816E+00    6.1710E+00  
  3.9448E+00    4.8360E-01    9.6748E-01    5.2296E-01    3.8352E-02   -5.3850E-01   -9.3992E-01    1.6836E-01    7.4601E-01   -8.8606E-01    3.1099E-02   -6.2486E-01   -9.7269E-02    2.1992E-01    3.5252E-01   -3.5045E-02   -6.5370E-02   -2.1853E-01    6.2107E-01    3.2916E-01   -3.5522E-02   -9.2556E-02    2.2352E+00    7.5901E+00  
  2.9897E+00    2.7627E-01    1.9902E+00    1.1829E-01    8.1738E-02    2.8643E-02   -1.5879E-01    1.7846E-02   -6.7753E-02   -2.3056E-01   -4.7569E-02   -1.0465E-01    7.8435E-02   -3.1483E-01   -2.8138E-01   -3.6748E-02   -7.0529E-03    5.8115E-02    2.3723E-01   -4.7852E-01    2.5235E-01   -2.1013E-02    2.5515E+00    6.4925E+00  
  2.5752E+00    1.8848E-01    2.0758E+00    1.7190E-01   -1.4930E-01   -6.5811E-02   -7.5503E-02    1.5897E-02   -1.2401E-01   -1.7450E-01   -5.2957E-03   -4.5545E-02    4.8790E-02   -3.5812E-01   -2.0585E-01   -1.0930E-02   -6.0977E-03    7.9213E-02    1.3937E-01   -5.6738E-01    3.4576E-01   -2.5299E-02    2.6700E+00    6.8006E+00  
  1.5991E+00   -9.7181E-01    1.3593E+00    1.8684E-01   -2.7085E-01   -6.2180E-02   -3.0084E-02    1.3216E-02   -1.1593E-01   -1.3382E-01    2.6139E-02   -1.0470E-02    3.6439E-02   -3.2970E-01   -9.4928E-02    8.5957E-03   -6.9634E-03    7.5351E-02    7.8770E-02   -5.3941E-01    4.0160E-01   -3.2618E-02    2.7713E+00    7.0293E+00  
  1.1826E+00   -1.0940E+00    1.0939E+00    1.8134E-01   -3.0060E-01   -3.3986E-03   -3.8804E-03    6.6307E-03   -7.4395E-02   -9.4468E-02    4.8213E-02    2.4073E-03    3.8444E-02   -2.6137E-01    1.7021E-02    1.5097E-02   -1.6014E-02    6.1065E-02    5.2523E-02   -4.4017E-01    4.3297E-01   -2.7219E-02    2.8562E+00    7.2015E+00  
  8.5098E-01   -1.1864E+00    7.4464E-01    1.6089E-01   -2.5995E-01    7.7331E-02    1.1695E-02    4.1650E-03   -3.4079E-02   -5.5459E-02    5.6522E-02    1.4200E-02    5.3737E-02   -1.7815E-01    9.9468E-02    1.8371E-02   -1.9159E-02    4.0981E-02    3.1962E-02   -3.0995E-01    4.5563E-01   -2.5016E-02    2.9240E+00    7.3695E+00  
  6.3784E-01   -1.2523E+00    3.4210E-01    1.3963E-01   -1.7605E-01    1.4162E-01    1.7887E-02    5.7773E-03    3.7215E-04   -1.6566E-02    6.1921E-02    2.2975E-02    7.0706E-02   -9.0529E-02    1.5174E-01    1.8699E-02   -1.4745E-02    1.9488E-02    2.0478E-02   -1.5766E-01    4.6740E-01   -2.5253E-02    2.9693E+00    7.3890E+00  
  5.6254E-01   -1.2912E+00   -8.4909E-02    1.3045E-01   -6.7390E-02    1.6639E-01    1.9610E-02    8.1649E-03    2.1819E-02    1.5225E-02    5.9695E-02    2.6999E-02    8.9561E-02    1.5176E-03    1.6910E-01    2.1005E-02   -1.1445E-02   -2.1148E-03    1.4539E-02    2.5556E-03    4.7286E-01   -2.2058E-02    2.9843E+00    7.3149E+00  
  6.3112E-01   -1.3054E+00   -5.0905E-01    1.3529E-01    3.8948E-02    1.4420E-01    2.2940E-02    1.2756E-02    2.9564E-02    3.7077E-02    5.2759E-02    2.4458E-02    1.0519E-01    9.3825E-02    1.5201E-01    2.2419E-02   -7.6301E-04   -2.1616E-02    1.4607E-02    1.6274E-01    4.6806E-01   -1.7950E-02    2.9686E+00    7.4230E+00  
  8.3937E-01   -1.2949E+00   -9.1174E-01    1.5119E-01    1.2631E-01    8.1708E-02    2.6674E-02    2.1424E-02    1.8642E-02    4.5126E-02    4.3407E-02    1.4491E-02    1.1965E-01    1.8220E-01    1.0021E-01    2.0043E-02    6.9749E-03   -3.6764E-02    2.1534E-02    3.1488E-01    4.5706E-01   -1.5534E-02    2.9225E+00    7.4109E+00  
  1.1618E+00   -1.2556E+00   -1.2566E+00    1.7555E-01    1.6729E-01    2.0607E-03    3.1642E-02    3.1647E-02   -1.0850E-02    3.0397E-02    2.4780E-02   -1.3586E-03    1.2943E-01    2.6665E-01    1.8809E-02    1.8652E-02    1.8128E-02   -4.6218E-02    4.0077E-02    4.4482E-01    4.3525E-01   -8.4601E-03    2.8541E+00    7.2291E+00  
  1.5717E+00   -1.1829E+00   -1.5133E+00    1.9796E-01    1.4847E-01   -6.1159E-02    4.3540E-02    4.4587E-02   -6.2677E-02   -1.0849E-02    4.6225E-03   -1.9601E-02    1.4261E-01    3.3676E-01   -9.1100E-02    1.8588E-02    2.9749E-02   -4.4592E-02    6.8517E-02    5.4349E-01    4.0512E-01    3.4521E-03    2.7688E+00    7.0375E+00  
  1.5191E+00   -2.0812E+00   -1.0514E+00    1.8862E-01    4.9209E-02   -4.1508E-02    6.2130E-02    6.8942E-02   -1.1375E-01   -8.1472E-02   -2.7877E-02   -1.0108E-02    1.5424E-01    3.6770E-01   -1.9724E-01    2.6829E-02    2.1561E-02   -2.3835E-02    1.3741E-01    5.6988E-01    3.5173E-01    7.7992E-04    2.6674E+00    6.7933E+00  
  2.0309E+00   -1.8136E+00   -1.0714E+00    1.2218E-01   -1.4666E-01    1.4161E-01    7.8333E-02    1.0299E-01   -1.4457E-01   -1.7113E-01   -7.8592E-02    4.4247E-02    1.6063E-01    3.2522E-01   -2.6289E-01    3.5593E-02   -7.3965E-03    3.1806E-02    2.5453E-01    4.7791E-01    2.5949E-01   -4.3581E-03    2.5493E+00    6.4821E+00  
  1.9401E+00   -1.5557E+00   -1.5417E+00   -5.2813E-01   -8.2992E-01    1.3734E+00   -5.3630E-01    1.0358E-02    5.2176E-01    2.7062E-01   -2.8350E-01    5.9055E-01   -5.2846E-02   -2.2244E-01    3.6801E-01    1.2523E-02   -1.1746E-01    3.4240E-01    6.7412E-01   -3.2357E-01   -4.2409E-02    6.1391E-02    2.2368E+00    7.4876E+00  
  4.0025E+00   -4.7282E+00   -1.3827E+00   -1.5963E-01    4.8076E+00   -7.3981E+00   -1.1646E+00   -1.6341E+00    9.4246E+00   -7.2031E-01   -2.4482E-01   -1.8236E+00    1.3107E+00    6.2625E+00    3.7240E+00   -2.0906E-01    9.8701E-02    1.9408E-01    1.3838E+00    3.7487E+00   -2.0684E+00   -3.9693E-02    1.0219E+00    4.8953E+00  
  3.2593E+00   -9.6470E-01    2.1055E+00    1.0721E-02    3.7444E-01    6.8572E-02   -1.5672E-01    1.9822E-02   -1.2229E-01   -3.1636E-01   -9.4348E-02   -9.9379E-02    1.6436E-01   -3.1703E-01   -1.6643E-01   -6.8288E-02    2.6779E-02    1.6159E-01    3.4050E-01   -3.4939E-01    2.4316E-01   -2.0798E-02    2.4640E+00    6.1641E+00  
  2.9150E+00   -1.0603E+00    1.8966E+00    9.7392E-02    2.2856E-02   -9.5436E-03   -6.8849E-02    2.5138E-02   -1.8170E-01   -2.3916E-01   -4.9686E-02   -2.9404E-02    1.0996E-01   -3.9465E-01   -9.9173E-02   -5.3504E-02    3.6559E-02    1.6151E-01    2.1009E-01   -4.7564E-01    3.7522E-01   -4.7153E-02    2.5881E+00    6.5098E+00  
  2.5390E+00   -1.2183E+00    1.1123E+00    1.6381E-01   -1.9279E-01   -5.5067E-03   -3.3351E-02    3.5827E-02   -1.6536E-01   -1.9066E-01   -1.9851E-03    2.4107E-03    5.2696E-02   -3.9596E-01    1.3131E-02   -1.6726E-02    1.5104E-02    1.2499E-01    1.1673E-01   -4.8477E-01    4.7344E-01   -4.5523E-02    2.6932E+00    6.8081E+00  
  1.5996E+00   -1.3597E+00    9.7167E-01    1.8656E-01   -2.6842E-01    5.3994E-02   -1.0651E-02    3.2754E-02   -1.0827E-01   -1.3537E-01    2.6094E-02    1.5708E-02    3.5425E-02   -3.3016E-01    1.2445E-01    5.5887E-03   -9.2397E-03    8.6672E-02    6.5428E-02   -4.1208E-01    5.3099E-01   -3.2306E-02    2.7782E+00    6.9959E+00  
  1.3047E+00   -1.4765E+00    6.5697E-01    1.8685E-01   -2.4930E-01    1.3422E-01    9.6349E-03    2.6947E-02   -4.5249E-02   -7.1449E-02    3.9090E-02    2.6925E-02    4.0892E-02   -2.2897E-01    2.0507E-01    1.5947E-02   -1.3654E-02    5.6996E-02    3.4538E-02   -2.9271E-01    5.6054E-01   -2.1908E-02    2.8430E+00    7.1851E+00  
  1.1121E+00   -1.5575E+00    2.8528E-01    1.7686E-01   -1.6857E-01    1.9950E-01    1.7918E-02    2.2681E-02    8.8504E-03   -1.0983E-02    4.2701E-02    3.6814E-02    6.0000E-02   -1.1609E-01    2.5697E-01    2.0595E-02   -1.1730E-02    2.5996E-02    1.5626E-02   -1.5048E-01    5.7788E-01   -1.9949E-02    2.8836E+00    7.2138E+00  
  1.0437E+00   -1.6021E+00   -1.1064E-01    1.7090E-01   -6.0038E-02    2.2703E-01    2.1558E-02    2.1569E-02    4.7819E-02    3.7788E-02    4.1763E-02    4.2723E-02    8.1505E-02    1.1680E-03    2.7324E-01    2.3763E-02   -6.7161E-03   -6.7347E-03    6.8743E-03    1.9271E-03    5.8240E-01   -1.8679E-02    2.8984E+00    7.2121E+00  
  1.1037E+00   -1.6113E+00   -5.0572E-01    1.7297E-01    4.8825E-02    2.0784E-01    2.8590E-02    2.3849E-02    6.4259E-02    7.2903E-02    3.5513E-02    4.2071E-02    1.0112E-01    1.1882E-01    2.5696E-01    2.5742E-02    1.7527E-04   -3.6646E-02    4.4368E-03    1.5439E-01    5.7802E-01   -1.6644E-02    2.8831E+00    7.2677E+00  
  1.2863E+00   -1.5832E+00   -8.7519E-01    1.8240E-01    1.2767E-01    1.4694E-01    3.6659E-02    3.0315E-02    6.0664E-02    9.1043E-02    2.2185E-02    3.3174E-02    1.1913E-01    2.3290E-01    2.0534E-01    2.6775E-02    8.2076E-03   -5.9106E-02    1.3243E-02    2.9670E-01    5.6102E-01   -1.2117E-02    2.8419E+00    7.2607E+00  
  1.5716E+00   -1.5127E+00   -1.1839E+00    1.9846E-01    1.5069E-01    6.7318E-02    4.4388E-02    4.3319E-02    3.6326E-02    8.1367E-02    4.4134E-03    1.6611E-02    1.4167E-01    3.3645E-01    1.2557E-01    3.0806E-02    1.8342E-02   -7.4109E-02    3.6218E-02    4.1647E-01    5.3210E-01    2.6010E-03    2.7767E+00    7.0650E+00  
  1.3574E+00   -1.3719E+00   -1.4673E+00    2.0803E-01    9.6400E-02    4.5783E-03    6.7673E-02    6.7524E-02   -2.8318E-03    2.7762E-02   -1.6388E-02   -1.5461E-03    1.7147E-01    4.0679E-01    1.6010E-02    4.1512E-02    4.0226E-02   -8.9250E-02    8.2057E-02    4.9017E-01    4.7668E-01    1.9401E-02    2.6917E+00    6.8662E+00  
  1.7917E+00   -1.1533E+00   -8.6299E-01    1.9867E-01   -4.4307E-02    2.2873E-02    1.0650E-01    1.1647E-01   -3.2082E-02   -7.4676E-02   -4.0850E-02    4.4775E-03    2.1932E-01    4.1238E-01   -9.1185E-02    6.0945E-02    4.7209E-02   -9.1905E-02    1.7528E-01    4.8155E-01    3.8236E-01    2.3000E-02    2.5870E+00    6.5604E+00  
  2.2470E+00   -7.6191E-01   -4.7842E-01    1.0500E-01   -3.1855E-01    2.1840E-01    1.3020E-01    1.7267E-01   -2.7014E-02   -1.9554E-01   -9.9326E-02    7.0243E-02    2.3420E-01    3.4010E-01   -1.4748E-01    5.1169E-02    2.8171E-03   -4.6053E-02    3.1669E-01    3.5335E-01    2.5164E-01   -6.1910E-03    2.4626E+00    6.2194E+00  
  2.2179E+00    3.6388E+00   -3.3311E+00   -1.5070E-01    3.2226E+00    8.3644E+00   -8.1263E-01    1.8462E+00    9.4374E+00   -1.2305E-01   -1.5496E-01    1.8691E+00    1.2525E+00   -6.2999E+00    3.6910E+00    1.2506E-01   -4.7994E-02   -9.5465E-03    1.3911E+00   -3.7197E+00   -2.1235E+00    3.9842E-03    1.0223E+00    5.0221E+00  
  2.9262E+00   -1.5603E+00    1.0547E+00    9.5881E-02    2.7019E-02   -4.7531E-03   -2.2539E-02    7.0298E-02   -2.0735E-01   -2.0644E-01   -5.0408E-02    3.3339E-02    1.1023E-01   -3.9524E-01    1.2349E-01   -3.9166E-02    5.2490E-02    2.1728E-01    1.5451E-01   -3.8792E-01    4.6709E-01   -4.7678E-02    2.5953E+00    6.5277E+00  
  2.5886E+00   -1.7420E+00   -3.1776E-02    1.7112E-01   -1.4326E-01    5.5759E-02   -1.3493E-02    7.8135E-02   -1.4320E-01   -1.4246E-01   -5.8374E-03    5.0742E-02    4.7602E-02   -3.5874E-01    2.3234E-01    4.8977E-03    1.0628E-02    1.4706E-01    6.9721E-02   -3.5750E-01    5.6054E-01   -2.5029E-02    2.6842E+00    6.7129E+00  
  1.8772E+00   -1.6775E+00    2.8640E-01    2.0233E-01   -1.7958E-01    1.3097E-01    6.2224E-04    7.0483E-02   -5.9779E-02   -6.4557E-02    1.8832E-02    5.6555E-02    3.2200E-02   -2.5883E-01    3.2062E-01    2.8845E-02   -8.8611E-03    8.8159E-02    2.0194E-02   -2.6207E-01    6.1423E-01   -1.4338E-04    2.7481E+00    6.8694E+00  
  1.6516E+00   -1.7389E+00    2.1510E-01    2.0253E-01   -1.3184E-01    1.9405E-01    1.1310E-02    5.7765E-02    2.0432E-02    1.3073E-02    2.1501E-02    6.1054E-02    4.7864E-02   -1.3368E-01    3.7704E-01    3.1267E-02   -9.8248E-03    3.5736E-02   -5.0290E-03   -1.3717E-01    6.4187E-01   -1.3818E-03    2.7894E+00    6.9575E+00  
  1.5882E+00   -1.7959E+00   -1.3821E-01    1.9322E-01   -4.7357E-02    2.1820E-01    1.9998E-02    4.7647E-02    8.3051E-02    7.8348E-02    1.5301E-02    5.7026E-02    7.2784E-02    3.9008E-04    3.9746E-01    2.3337E-02   -4.4264E-03   -1.4695E-02   -1.4509E-02    1.3925E-03    6.5191E-01   -1.3882E-02    2.8041E+00    7.0581E+00  
  1.6342E+00   -1.8053E+00   -4.9189E-01    1.8403E-01    3.0234E-02    1.9566E-01    3.0378E-02    4.1883E-02    1.1299E-01    1.2547E-01    2.4077E-03    4.5683E-02    9.1335E-02    1.3476E-01    3.7610E-01    1.2852E-02   -5.7833E-04   -6.2001E-02   -2.3561E-02    1.3996E-01    6.4132E-01   -2.6552E-02    2.7890E+00    7.0672E+00  
  1.7273E+00   -1.7168E+00   -1.0705E+00    1.8050E-01    7.2252E-02    1.3343E-01    4.4916E-02    4.3768E-02    1.2034E-01    1.4796E-01   -1.5689E-02    3.0344E-02    1.1279E-01    2.6228E-01    3.1810E-01    9.0801E-03    6.7370E-03   -1.0359E-01   -1.7240E-02    2.6612E-01    6.1269E-01   -2.7053E-02    2.7473E+00    6.9815E+00  
  1.5042E+00   -1.3905E+00   -1.9047E+00    1.8944E-01    5.4390E-02    4.9714E-02    6.8394E-02    6.1165E-02    1.1293E-01    1.3083E-01   -2.8085E-02    6.8736E-03    1.5244E-01    3.6676E-01    2.2869E-01    2.1724E-02    2.6836E-02   -1.4315E-01    1.4508E-02    3.6363E-01    5.5919E-01   -1.0849E-03    2.6834E+00    6.7574E+00  
  1.7796E+00   -1.2073E+00   -1.1481E+00    1.9951E-01   -4.1178E-02   -1.0839E-02    1.1650E-01    1.0599E-01    1.0565E-01    5.5714E-02   -4.0774E-02   -7.6808E-03    2.1848E-01    4.1250E-01    1.2048E-01    4.8369E-02    5.9899E-02   -1.8210E-01    8.3616E-02    3.9781E-01    4.6888E-01    2.2181E-02    2.5951E+00    6.5454E+00  
  3.2840E+00   -2.0047E+00    8.4696E-01    1.3320E-02    3.8157E-01   -8.3816E-02   -1.7938E-02    1.6139E-01   -2.7961E-01   -1.4483E-01   -9.2403E-02    1.0636E-01    1.6133E-01   -3.1656E-01    1.8957E-01   -2.3541E-02    6.5356E-02    3.4911E-01    1.5511E-01   -2.5190E-01    3.4769E-01   -1.6865E-02    2.4774E+00    6.1348E+00  
  3.0283E+00   -2.0233E+00    4.2914E-02    1.1849E-01    9.2901E-02   -3.9587E-02   -1.5206E-02    1.6200E-01   -1.9220E-01   -8.3126E-02   -4.7634E-02    1.1143E-01    7.7011E-02   -3.1183E-01    3.0705E-01    8.3357E-03    3.6114E-02    2.4695E-01    5.0983E-02   -2.5783E-01    4.7661E-01   -1.8533E-02    2.5710E+00    6.3735E+00  
  2.7139E+00   -1.8235E+00   -1.2378E+00    1.8333E-01   -4.7216E-02    1.9793E-02   -1.7654E-02    1.4870E-01   -9.4675E-02   -1.1780E-02   -1.3084E-02    1.0370E-01    2.1721E-02   -2.4981E-01    4.0172E-01    4.1014E-02   -2.9678E-03    1.4227E-01   -2.8426E-02   -2.1039E-01    5.6436E-01    9.3058E-03    2.6411E+00    6.4594E+00  
  2.3936E+00   -1.8605E+00   -2.0144E+00    1.8448E-01   -7.0545E-02    6.1688E-02   -6.5115E-03    1.1249E-01    1.8293E-02    6.6777E-02   -1.5192E-02    8.0819E-02    2.3569E-02   -1.3613E-01    4.6888E-01    2.9567E-02   -1.3345E-02    4.8845E-02   -6.1865E-02   -1.1261E-01    6.1607E-01    3.4523E-03    2.6843E+00    6.5662E+00  
  2.1378E+00   -1.8103E+00   -2.3674E+00    1.7381E-01   -5.3012E-02    7.6631E-02    3.5817E-03    8.9822E-02    1.0077E-01    1.4179E-01   -2.4553E-02    6.0995E-02    3.7123E-02   -2.8842E-03    4.8571E-01    1.3701E-02   -1.6713E-02   -2.9555E-02   -8.5657E-02   -9.3917E-05    6.3076E-01   -1.1728E-02    2.7003E+00    6.6069E+00  
  1.9711E+00   -1.6984E+00   -2.6081E+00    1.5435E-01   -3.4261E-02    4.5896E-02    2.3526E-02    7.3462E-02    1.5847E-01    1.9446E-01   -4.1923E-02    3.3830E-02    6.1382E-02    1.3174E-01    4.6374E-01   -5.1656E-03   -8.9466E-03   -1.0352E-01   -9.2348E-02    1.1327E-01    6.1268E-01   -2.7508E-02    2.6839E+00    6.5554E+00  
  1.9096E+00   -1.5478E+00   -2.3614E+00    1.2403E-01   -6.0432E-02   -3.5847E-02    4.9183E-02    5.5991E-02    1.8120E-01    2.0421E-01   -6.9616E-02   -1.0547E-02    8.8952E-02    2.4996E-01    3.9091E-01   -2.6740E-02    2.1353E-03   -1.8301E-01   -9.0250E-02    2.1437E-01    5.5804E-01   -3.4846E-02    2.6403E+00    6.3908E+00  
  1.9899E+00   -1.0301E+00   -1.4792E+00    1.2103E-01   -1.3876E-01   -1.3284E-01    1.0141E-01    7.4766E-02    2.0767E-01    1.5831E-01   -7.9923E-02   -4.9392E-02    1.5606E-01    3.2147E-01    2.9101E-01   -1.1247E-02    3.4638E-02   -2.6204E-01   -4.2124E-02    2.6759E-01    4.7014E-01   -8.5047E-03    2.5709E+00    6.3074E+00  
  2.2206E+00   -5.7877E-01   -8.7028E-01    1.0104E-01   -3.1472E-01   -2.0662E-01    1.7120E-01    1.2429E-01    2.2906E-01    4.7309E-02   -1.0198E-01   -7.7478E-02    2.2817E-01    3.3984E-01    1.7194E-01   -2.5349E-03    4.8189E-02   -3.2554E-01    3.4588E-02    2.6661E-01    3.4404E-01   -1.0998E-02    2.4773E+00    6.0945E+00  
  2.9445E+00    1.3071E-01    5.4765E+00   -9.3353E-01    5.7888E+00    6.7150E+00    1.9965E+00    4.5339E-01    7.3045E-03    9.3205E+00   -3.7356E-01    1.5667E+00    1.6517E+00    6.3611E+00   -3.4462E+00   -1.6792E-01    2.4253E-01    1.3517E+00    3.3052E-01    2.1047E+00   -3.7140E+00   -4.1732E-02    1.0454E+00    4.9984E+00  
  3.9867E+00   -8.3967E-01   -1.1349E-01    5.2303E-01    6.3926E-02    5.3037E-01   -1.6505E-01    9.4462E-01   -8.3124E-01    7.4407E-01    3.2295E-02    6.3361E-01   -9.9365E-02    2.4458E-01   -3.1922E-01    6.5884E-02    3.0777E-02    6.3309E-01   -2.2728E-01    6.2289E-02   -3.2297E-01   -9.3851E-02    2.2541E+00    7.7714E+00  
  3.1818E+00   -1.7467E+00   -1.2507E+00    5.4007E-02    1.5749E-01   -2.7799E-01   -4.0227E-02    2.3829E-01   -1.6216E-01    1.0633E-01   -9.8782E-02    1.1572E-01    2.8016E-02   -1.8507E-01    4.0325E-01   -3.7804E-02    2.1691E-02    2.0380E-01   -1.0722E-01   -1.2237E-01    3.6129E-01   -5.5764E-02    2.5051E+00    6.2588E+00  
  2.9065E+00   -1.6865E+00   -1.9704E+00    1.0105E-01   -1.3889E-02   -2.5074E-01   -5.1352E-02    2.0777E-01   -5.4149E-02    1.7757E-01   -7.5202E-02    9.1077E-02   -3.2831E-02   -1.1249E-01    4.5036E-01   -5.3414E-03   -2.0362E-02    7.2110E-02   -1.8866E-01   -7.3606E-02    4.1834E-01   -2.7481E-02    2.5523E+00    6.2200E+00  
  2.6532E+00   -1.6209E+00   -2.2842E+00    8.7727E-02   -1.0759E-01   -2.6842E-01   -3.8857E-02    1.5543E-01    5.2751E-02    2.3711E-01   -8.2086E-02    4.6159E-02   -4.0620E-02   -8.6026E-03    4.6294E-01   -8.1174E-03   -3.2870E-02   -5.2498E-02   -2.2967E-01   -1.2948E-03    4.3320E-01   -1.2652E-02    2.5680E+00    6.1885E+00  
  2.4675E+00   -1.4763E+00   -2.4234E+00    5.5721E-02   -1.8476E-01   -3.3035E-01   -7.2438E-03    1.1105E-01    1.4631E-01    2.6995E-01   -9.8595E-02   -6.1635E-03   -1.0639E-02    9.7883E-02    4.3784E-01   -1.4895E-02   -2.3096E-02   -1.7107E-01   -2.3544E-01    7.3074E-02    4.1193E-01    1.5509E-03    2.5531E+00    6.2938E+00  
  2.3878E+00   -1.1786E+00   -2.0895E+00    4.0998E-02   -2.8235E-01   -4.2235E-01    5.5626E-02    1.0544E-01    2.3587E-01    2.5877E-01   -1.0507E-01   -5.2837E-02    6.2551E-02    1.7894E-01    3.7901E-01    4.7602E-03    1.2080E-02   -2.8391E-01   -2.0117E-01    1.2738E-01    3.5089E-01    2.8160E-02    2.5069E+00    6.3318E+00  
  1.8744E+00   -1.6823E+00   -1.1945E+00   -5.5043E-01   -8.4120E-01   -1.3832E+00   -6.1210E-03   -5.6487E-01   -2.5279E-01   -5.1897E-01   -2.9217E-01   -6.0588E-01   -7.8100E-02   -2.3119E-01   -3.5890E-01   -1.2376E-01    5.6103E-03   -6.8141E-01   -3.7149E-01   -4.3627E-02   -3.3644E-01    6.4377E-02    2.2577E+00    7.7737E+00  
  2.7643E+00   -2.6891E+00    4.0172E+00    4.0313E-01    3.6346E+00   -7.9861E+00    2.0941E+00   -2.7910E-01    3.5079E-01   -9.3148E+00   -4.1212E-02   -1.6587E+00    1.4905E+00   -6.2236E+00   -3.6885E+00    1.9131E-02    1.5763E-01   -1.3526E+00    1.0017E-01   -2.0038E+00   -3.7744E+00    5.1328E-03    1.0479E+00    5.2216E+00  
