 -4.2715E+00   -6.8672E+00   -3.6629E+00    1.3609E+00   -1.8165E-01   -5.8539E-02   -4.9482E-01   -9.6084E-01   -4.8248E-01   -8.9440E-02   -1.6524E-01    3.5979E-02   -9.0975E-02   -7.2596E-02    1.2536E-01    1.7137E-01    1.0080E-01   -1.7942E-02   -1.8097E-01   -2.5612E-02   -9.3266E-04   -4.3997E-02    2.2076E-01    1.2883E+00  
 -5.0755E+00   -7.7236E+00   -3.5584E+00    1.2899E+00   -1.2421E-01   -1.3012E-01   -2.9502E-01   -7.5260E-01   -2.2935E-01   -1.2264E-01   -7.9181E-02   -5.1108E-02   -1.2326E-01   -1.9896E-02    1.3495E-02    1.0271E-01    3.9576E-02   -2.5013E-02   -7.9798E-02   -4.0796E-02    3.3382E-02   -3.3096E-02    2.0119E-01    1.4480E+00  
 -5.5902E+00   -8.0672E+00   -1.9712E+00    1.3317E+00   -1.4440E-02   -4.0451E-02   -1.8412E-01   -7.0983E-01   -1.5039E-01   -1.7239E-01   -5.3479E-02   -5.9198E-02   -7.8286E-02   -4.6016E-03    4.3719E-03    1.0238E-01    2.5624E-02   -3.8045E-02   -5.2913E-02   -2.5075E-02    3.0676E-02   -3.3890E-02    1.8426E-01    1.3924E+00  
 -5.9083E+00   -9.1188E+00   -7.1418E-01    1.3602E+00    1.5027E-02    3.3778E-02   -8.9037E-02   -6.9066E-01   -7.8623E-02   -2.0514E-01   -3.7503E-02   -5.6814E-02   -3.6049E-02    4.9233E-03    1.6501E-03    9.8738E-02    1.1979E-02   -4.7722E-02   -2.6985E-02   -1.3656E-02    1.7323E-02   -3.4521E-02    1.7545E-01    1.3426E+00  
 -6.0146E+00   -9.4939E+00   -8.5112E-03    1.3686E+00   -5.0549E-04    6.0759E-02   -6.6268E-04   -6.8474E-01   -5.8701E-03   -2.1581E-01   -3.2411E-02   -5.5751E-02    8.2119E-04    8.0879E-03   -1.2502E-03    9.7323E-02   -4.7043E-04   -5.0834E-02    1.1642E-03   -8.8925E-03   -5.6809E-04   -3.4761E-02    1.7267E-01    1.2977E+00  
 -5.9103E+00   -9.1228E+00    6.9940E-01    1.3593E+00   -1.6127E-02    3.4142E-02    8.7802E-02   -6.9108E-01    6.6818E-02   -2.0547E-01   -3.7492E-02   -5.6464E-02    3.7563E-02    5.0150E-03   -4.4589E-03    9.8220E-02   -1.2670E-02   -4.7408E-02    2.9167E-02   -1.2216E-02   -1.8454E-02   -3.4674E-02    1.7499E-01    1.3432E+00  
 -5.5939E+00   -8.0739E+00    1.9600E+00    1.3304E+00    1.3229E-02   -3.9674E-02    1.8316E-01   -7.1035E-01    1.3855E-01   -1.7346E-01   -5.3240E-02   -5.8588E-02    7.9540E-02   -4.8402E-03   -7.8054E-03    1.0182E-01   -2.6003E-02   -3.7869E-02    5.4691E-02   -2.2573E-02   -3.1603E-02   -3.3752E-02    1.8353E-01    1.3926E+00  
 -5.0799E+00   -7.7303E+00    3.5552E+00    1.2891E+00    1.2269E-01   -1.2838E-01    2.9470E-01   -7.5354E-01    2.1831E-01   -1.2500E-01   -7.8816E-02   -5.0002E-02    1.2423E-01   -2.0396E-02   -1.8346E-02    1.0228E-01   -3.9630E-02   -2.5246E-02    8.1356E-02   -3.7317E-02   -3.3525E-02   -3.2641E-02    2.0035E-01    1.4480E+00  
 -4.2413E+00   -6.9133E+00    3.6875E+00    1.3775E+00    1.4488E-01   -4.0564E-02    5.0398E-01   -9.7499E-01    4.9686E-01   -8.8756E-02   -1.6334E-01    4.0063E-02    8.4500E-02   -8.1787E-02   -1.4007E-01    1.7070E-01   -1.0020E-01   -1.7247E-02    1.8452E-01   -1.8232E-02    1.9682E-03   -4.3036E-02    2.1996E-01    1.2885E+00  
 -5.7202E+00   -7.0138E+00   -4.6318E+00    1.3372E+00    2.2972E-03   -1.7717E-02   -3.6475E-01   -5.9954E-01   -1.9917E-01    7.6763E-03   -4.9631E-02    1.5162E-02   -1.3356E-01   -4.9388E-02   -1.5844E-02    8.9150E-02    5.4751E-02    1.1464E-02   -6.9761E-02   -4.1656E-02    2.4889E-02   -3.7137E-02    1.8565E-01    1.3080E+00  
 -6.5329E+00   -8.6458E+00   -4.4755E+00    1.3968E+00    1.3922E-01    7.8373E-02   -2.5461E-01   -5.6156E-01   -1.5800E-01   -5.9006E-02   -1.0848E-02    9.8864E-03   -8.1059E-02   -3.1055E-02   -1.1366E-02    8.2410E-02    3.5951E-02   -5.0502E-03   -5.9072E-02   -3.5669E-02    2.8269E-02   -4.1167E-02    1.6415E-01    1.2064E+00  
 -7.2225E+00   -1.0561E+01   -3.8883E+00    1.4291E+00    1.5926E-01    1.8218E-01   -1.6035E-01   -5.3417E-01   -1.1191E-01   -1.0637E-01    1.3229E-02    1.3074E-02   -4.4107E-02   -1.9161E-02   -6.6369E-03    7.6554E-02    2.0974E-02   -1.9384E-02   -4.3627E-02   -2.6077E-02    2.3873E-02   -4.3987E-02    1.4775E-01    1.1168E+00  
 -7.6689E+00   -1.1570E+01   -1.3953E+00    1.4444E+00    9.9217E-02    2.5901E-01   -7.7411E-02   -5.1784E-01   -6.0589E-02   -1.3508E-01    2.6714E-02    1.7974E-02   -1.8464E-02   -1.2006E-02   -3.2122E-03    7.1879E-02    9.1444E-03   -2.8987E-02   -2.3022E-02   -1.8536E-02    1.3289E-02   -4.4645E-02    1.3815E-01    1.0520E+00  
 -7.7988E+00   -1.1463E+01   -1.0444E-02    1.4483E+00   -1.0293E-03    2.8672E-01   -8.6440E-04   -5.1228E-01   -6.2927E-03   -1.4452E-01    3.0876E-02    1.9860E-02    5.3459E-04   -9.5667E-03   -1.1094E-03    7.0518E-02   -6.6881E-04   -3.2239E-02    8.5643E-04   -1.5482E-02    8.7330E-05   -4.4551E-02    1.3504E-01    1.0071E+00  
 -7.6713E+00   -1.1574E+01    1.3758E+00    1.4435E+00   -1.0107E-01    2.5927E-01    7.5965E-02   -5.1809E-01    4.8112E-02   -1.3545E-01    2.7037E-02    1.8295E-02    1.9791E-02   -1.1671E-02    7.9310E-04    7.1758E-02   -1.0052E-02   -2.8961E-02    2.4875E-02   -1.7128E-02   -1.3288E-02   -4.4266E-02    1.3768E-01    1.0523E+00  
 -7.2268E+00   -1.0567E+01    3.8759E+00    1.4278E+00   -1.6075E-01    1.8275E-01    1.5957E-01   -5.3449E-01    9.9583E-02   -1.0732E-01    1.3716E-02    1.3678E-02    4.5791E-02   -1.8817E-02    3.6582E-03    7.6380E-02   -2.1145E-02   -1.9297E-02    4.5506E-02   -2.3620E-02   -2.4079E-02   -4.3487E-02    1.4686E-01    1.1169E+00  
 -6.5384E+00   -8.6540E+00    4.4757E+00    1.3956E+00   -1.4036E-01    7.9170E-02    2.5443E-01   -5.6163E-01    1.4579E-01   -6.0927E-02   -1.0221E-02    1.0647E-02    8.2851E-02   -3.1051E-02    7.7772E-03    8.2494E-02   -3.5740E-02   -5.2107E-03    6.0718E-02   -3.2591E-02   -2.8285E-02   -4.0453E-02    1.6302E-01    1.2059E+00  
 -5.7260E+00   -7.0211E+00    4.6286E+00    1.3363E+00   -2.8457E-03   -1.6917E-02    3.6517E-01   -5.9929E-01    1.8710E-01    4.7909E-03   -4.8897E-02    1.5963E-02    1.3546E-01   -4.9573E-02    1.1773E-02    8.9434E-02   -5.4024E-02    1.1259E-02    7.1175E-02   -3.8431E-02   -2.4688E-02   -3.6435E-02    1.8446E-01    1.3079E+00  
 -7.0584E+00   -7.9875E+00   -6.4626E+00    1.4230E+00    2.4447E-01    2.7440E-02   -3.2449E-01   -4.4772E-01   -1.3691E-01    3.2456E-02    7.0857E-03    5.7054E-02   -7.7729E-02   -4.7442E-02   -2.5695E-02    6.4897E-02    4.5416E-02    2.3721E-02   -4.9368E-02   -3.0265E-02    1.7954E-02   -4.3639E-02    1.5886E-01    1.1280E+00  
 -8.0638E+00   -9.1540E+00   -5.8229E+00    1.4548E+00    3.0135E-01    1.2613E-01   -2.2366E-01   -4.1526E-01   -1.1425E-01   -2.2877E-02    3.8347E-02    5.5130E-02   -3.9512E-02   -3.5584E-02   -1.7319E-02    5.6582E-02    2.7973E-02    8.1141E-03   -4.4701E-02   -2.8275E-02    2.0813E-02   -4.9536E-02    1.3574E-01    9.7650E-01  
 -8.0401E+00   -2.6841E+00   -1.1614E+00    1.4646E+00    2.5730E-01    2.3101E-01   -1.3909E-01   -3.9049E-01   -8.2997E-02   -6.2659E-02    5.5740E-02    5.9589E-02   -1.7391E-02   -2.6606E-02   -1.0618E-02    5.0869E-02    1.5565E-02   -5.3588E-03   -3.3683E-02   -2.4206E-02    1.7593E-02   -5.4798E-02    1.1763E-01    8.7406E-01  
 -8.1870E+00   -1.3880E+00   -2.4758E-01    1.4658E+00    1.4483E-01    3.0834E-01   -6.6681E-02   -3.7542E-01   -4.6275E-02   -8.6618E-02    6.4771E-02    6.4814E-02   -5.4964E-03   -2.0999E-02   -5.0596E-03    4.6945E-02    6.3225E-03   -1.4179E-02   -1.7963E-02   -2.0972E-02    9.8925E-03   -5.7080E-02    1.0622E-01    8.1169E-01  
 -8.2787E+00   -1.3716E+00   -7.9113E-04    1.4650E+00   -1.4172E-03    3.3631E-01   -8.5573E-04   -3.7031E-01   -6.5040E-03   -9.4667E-02    6.7627E-02    6.6944E-02    5.5360E-04   -1.8964E-02   -7.9940E-04    4.5881E-02   -5.8505E-04   -1.7326E-02    8.0805E-04   -1.9719E-02    6.1187E-04   -5.7709E-02    1.0218E-01    7.5427E-01  
 -8.1875E+00   -1.3879E+00    2.4604E-01    1.4652E+00   -1.4747E-01    3.0844E-01    6.5181E-02   -3.7535E-01    3.3312E-02   -8.7219E-02    6.5469E-02    6.5034E-02    6.7899E-03   -2.0826E-02    3.2461E-03    4.7230E-02   -7.2300E-03   -1.4627E-02    1.9629E-02   -1.9789E-02   -8.8870E-03   -5.6472E-02    1.0561E-01    8.1149E-01  
 -8.0418E+00   -2.6852E+00    1.1584E+00    1.4634E+00   -2.5928E-01    2.3124E-01    1.3839E-01   -3.9049E-01    7.0232E-02   -6.3818E-02    5.6627E-02    5.9996E-02    1.9283E-02   -2.6245E-02    8.2047E-03    5.1149E-02   -1.5760E-02   -5.8927E-03    3.5496E-02   -2.2046E-02   -1.7171E-02   -5.4114E-02    1.1655E-01    8.7301E-01  
 -8.0702E+00   -9.1584E+00    5.8248E+00    1.4535E+00   -3.0263E-01    1.2643E-01    2.2381E-01   -4.1510E-01    1.0161E-01   -2.4910E-02    3.9063E-02    5.5635E-02    4.1887E-02   -3.5403E-02    1.4220E-02    5.6882E-02   -2.7609E-02    7.5071E-03    4.6436E-02   -2.5697E-02   -2.0696E-02   -4.9118E-02    1.3431E-01    9.7564E-01  
 -7.0649E+00   -7.9912E+00    6.4621E+00    1.4219E+00   -2.4498E-01    2.7602E-02    3.2520E-01   -4.4719E-01    1.2441E-01    2.9297E-02    7.7169E-03    5.7566E-02    8.0372E-02   -4.7564E-02    2.2127E-02    6.5338E-02   -4.4733E-02    2.2931E-02    5.0997E-02   -2.7751E-02   -1.7740E-02   -4.3555E-02    1.5736E-01    1.1268E+00  
 -4.5729E+00   -3.4501E+00   -5.7474E+00    1.1475E+00   -3.6859E-01    2.3525E-01   -6.9615E-01   -4.4849E-01   -4.3766E-02    3.4006E-01   -2.3720E-01    1.9780E-01   -1.7316E-01   -1.1061E-01   -1.5409E-01    1.2321E-01    2.2350E-01    1.3989E-01   -1.7085E-02   -2.6449E-02    3.4074E-02   -4.4499E-02    2.1616E-01    1.2305E+00  
 -5.7508E+00   -4.1618E+00   -7.1351E+00    1.3363E+00    3.8266E-03   -1.2500E-02   -5.4580E-01   -3.9699E-01   -7.3988E-02    1.7394E-01   -5.5114E-02    1.3076E-01   -1.3479E-01   -6.5161E-02   -5.1015E-02    5.9650E-02    7.9347E-02    5.7796E-02   -1.5604E-02   -7.0109E-04    2.6417E-03   -3.4932E-02    1.9557E-01    1.4451E+00  
 -7.1125E+00   -6.3445E+00   -7.9431E+00    1.4237E+00    2.4489E-01   -7.9128E-02   -4.0505E-01   -3.5681E-01   -8.8803E-02    1.0015E-01    5.0311E-03    9.4328E-02   -7.7863E-02   -5.3844E-02   -3.6779E-02    5.1280E-02    5.5510E-02    4.3441E-02   -2.4359E-02   -1.2226E-02    9.4223E-03   -4.1345E-02    1.6566E-01    1.1911E+00  
 -8.4295E+00   -8.2063E+00   -7.2845E+00    1.4610E+00    3.5848E-01   -3.3825E-02   -2.8926E-01   -3.2223E-01   -8.9868E-02    4.2817E-02    4.3906E-02    7.9367E-02   -3.6494E-02   -4.4961E-02   -2.7513E-02    4.2656E-02    3.5760E-02    2.9748E-02   -2.9204E-02   -1.8874E-02    1.5975E-02   -5.0087E-02    1.3779E-01    9.5913E-01  
 -8.3067E+00   -1.0997E+00   -7.3308E-01    1.4662E+00    3.6434E-01    6.4988E-02   -1.9590E-01   -2.9400E-01   -7.9415E-02   -1.4375E-03    6.6200E-02    7.8419E-02   -1.1714E-02   -3.7202E-02   -1.9042E-02    3.5009E-02    2.0423E-02    1.6350E-02   -2.8738E-02   -2.0413E-02    1.7397E-02   -5.8671E-02    1.1337E-01    7.9366E-01  
 -8.7808E+00   -1.0362E+00   -4.5738E-01    1.4564E+00    2.8840E-01    1.6994E-01   -1.1995E-01   -2.7230E-01   -5.9616E-02   -3.3252E-02    7.7073E-02    8.3243E-02   -3.7413E-04   -3.0860E-02   -1.2144E-02    2.9998E-02    1.0406E-02    4.9843E-03   -2.2254E-02   -2.0217E-02    1.4101E-02   -6.5406E-02    9.3368E-02    6.8293E-01  
 -9.0793E+00   -9.9974E-01   -2.1923E-01    1.4453E+00    1.5672E-01    2.4733E-01   -5.6819E-02   -2.5886E-01   -3.4314E-02   -5.2206E-02    8.1896E-02    8.8441E-02    2.3302E-03   -2.6786E-02   -6.0949E-03    2.6440E-02    3.8538E-03   -2.3443E-03   -1.1752E-02   -1.9760E-02    8.1288E-03   -6.8679E-02    7.9909E-02    5.9846E-01  
 -9.1803E+00   -9.8797E-01   -7.4185E-04    1.4406E+00   -1.8257E-03    2.7519E-01   -7.7457E-04   -2.5438E-01   -6.7589E-03   -5.8720E-02    8.3424E-02    9.0570E-02    5.8488E-04   -2.5402E-02   -6.6414E-04    2.5289E-02   -4.3555E-04   -5.0747E-03    6.3427E-04   -1.9162E-02    6.8011E-04   -6.9401E-02    7.4909E-02    5.4351E-01  
 -9.0798E+00   -9.9962E-01    2.1781E-01    1.4448E+00   -1.6014E-01    2.4712E-01    5.5451E-02   -2.5870E-01    2.0860E-02   -5.3134E-02    8.2674E-02    8.8430E-02   -9.7480E-04   -2.6797E-02    4.6054E-03    2.6759E-02   -4.5648E-03   -3.2896E-03    1.3102E-02   -1.8718E-02   -6.9434E-03   -6.8215E-02    7.9153E-02    5.9739E-01  
 -8.7818E+00   -1.0359E+00    4.5611E-01    1.4555E+00   -2.9113E-01    1.6958E-01    1.1923E-01   -2.7207E-01    4.6336E-02   -3.5036E-02    7.8239E-02    8.3248E-02    2.2454E-03   -3.0862E-02    1.0129E-02    3.0442E-02   -1.0687E-02    3.4531E-03    2.3782E-02   -1.8392E-02   -1.3454E-02   -6.4833E-02    9.2255E-02    6.8247E-01  
 -8.3083E+00   -1.0992E+00    7.3199E-01    1.4649E+00   -3.6598E-01    6.4602E-02    1.9632E-01   -2.9379E-01    6.6370E-02   -3.9235E-03    6.6973E-02    7.8537E-02    1.4362E-02   -3.7210E-02    1.6129E-02    3.5273E-02   -2.0061E-02    1.4929E-02    3.0379E-02   -1.8394E-02   -1.7584E-02   -5.8471E-02    1.1196E-01    7.9242E-01  
 -8.4366E+00   -8.2148E+00    7.2959E+00    1.4599E+00   -3.5917E-01   -3.4470E-02    2.9036E-01   -3.2171E-01    7.7036E-02    3.9190E-02    4.4378E-02    7.9501E-02    3.9527E-02   -4.5374E-02    2.4098E-02    4.2861E-02   -3.5073E-02    2.8237E-02    3.0892E-02   -1.7193E-02   -1.6299E-02   -5.0362E-02    1.3646E-01    9.5946E-01  
 -7.1186E+00   -6.3400E+00    7.9647E+00    1.4230E+00   -2.4441E-01   -8.0161E-02    4.0644E-01   -3.5588E-01    7.6370E-02    9.5330E-02    5.1313E-03    9.4412E-02    8.1242E-02   -5.4658E-02    3.3115E-02    5.1379E-02   -5.4943E-02    4.1916E-02    2.6290E-02   -1.1318E-02   -9.7625E-03   -4.2169E-02    1.6453E-01    1.1909E+00  
 -5.7564E+00   -4.1587E+00    7.1519E+00    1.3356E+00   -1.7189E-03   -1.3626E-02    5.4672E-01   -3.9550E-01    6.2395E-02    1.6780E-01   -5.5641E-02    1.3108E-01    1.3883E-01   -6.6425E-02    4.7130E-02    5.9691E-02   -7.9768E-02    5.6247E-02    1.8268E-02   -6.9316E-04   -3.1020E-03   -3.6253E-02    1.9459E-01    1.4447E+00  
 -4.6073E+00   -3.4293E+00    5.7123E+00    1.1185E+00    3.9454E-01    2.6103E-01    6.6820E-01   -4.3245E-01    4.6571E-02    3.1481E-01   -2.4452E-01    2.0991E-01    1.9308E-01   -1.1965E-01    1.4043E-01    1.2514E-01   -2.2823E-01    1.2982E-01    2.1467E-02   -2.2526E-02   -3.9503E-02   -4.5769E-02    2.1692E-01    1.2342E+00  
 -5.1126E+00   -2.7109E+00   -6.4243E+00    1.2779E+00   -1.1859E-01    1.1955E-01   -6.8006E-01   -3.1984E-01    2.8483E-02    2.2339E-01   -9.1829E-02    2.0088E-01   -1.2784E-01   -5.7145E-02   -7.3649E-02    4.6538E-02    1.0179E-01    6.7884E-02    1.9847E-02    1.5406E-02    1.6206E-02   -3.6027E-02    2.1093E-01    1.4880E+00  
 -6.5249E+00   -3.4725E+00   -8.2989E+00    1.3957E+00    1.4080E-01   -1.1965E-01   -5.0645E-01   -2.7863E-01   -1.8463E-02    1.3892E-01   -1.6185E-02    1.3921E-01   -8.2119E-02   -5.1553E-02   -4.3845E-02    4.1351E-02    7.1321E-02    5.0759E-02    8.7796E-03    9.5860E-03    1.1971E-02   -3.9115E-02    1.7829E-01    1.2841E+00  
 -8.1017E+00   -4.3006E+00   -9.9231E+00    1.4561E+00    3.0193E-01   -1.8912E-01   -3.7129E-01   -2.4728E-01   -4.3484E-02    8.5943E-02    3.5579E-02    1.0115E-01   -3.9415E-02   -4.6911E-02   -3.4155E-02    3.3411E-02    4.5840E-02    4.1129E-02   -1.7388E-03   -2.8413E-03    1.5191E-02   -4.6226E-02    1.4942E-01    1.0406E+00  
 -8.3259E+00   -8.2745E-01   -9.7800E-01    1.4670E+00    3.6447E-01   -1.4445E-01   -2.6032E-01   -2.1959E-01   -5.4181E-02    4.2847E-02    6.5123E-02    8.6617E-02   -1.1404E-02   -4.2136E-02   -2.6042E-02    2.5918E-02    2.6957E-02    3.0340E-02   -9.6613E-03   -1.0812E-02    1.8251E-02   -5.6971E-02    1.2189E-01    8.2621E-01  
 -8.9963E+00   -7.6176E-01   -6.6744E-01    1.4507E+00    3.4514E-01   -4.5914E-02   -1.7246E-01   -1.9633E-01   -5.2404E-02    8.6996E-03    7.9172E-02    8.6145E-02    3.0676E-03   -3.7051E-02   -1.8493E-02    1.9881E-02    1.4076E-02    1.8974E-02   -1.2595E-02   -1.4289E-02    1.7255E-02   -6.6680E-02    9.7171E-02    6.4857E-01  
 -9.5070E+00   -7.1860E-01   -4.1646E-01    1.4259E+00    2.6444E-01    5.9049E-02   -1.0386E-01   -1.7899E-01   -4.1772E-02   -1.5259E-02    8.4446E-02    9.1474E-02    7.8644E-03   -3.2883E-02   -1.2008E-02    1.3821E-02    4.9919E-03    1.0191E-02   -1.1221E-02   -1.5806E-02    1.3313E-02   -7.1799E-02    7.6864E-02    5.3621E-01  
 -9.8284E+00   -6.9410E-01   -1.9970E-01    1.4054E+00    1.4123E-01    1.3651E-01   -4.8714E-02   -1.6828E-01   -2.5611E-02   -2.9554E-02    8.5603E-02    9.7028E-02    5.9178E-03   -3.0113E-02   -6.0968E-03    9.3862E-03    8.1128E-04    4.2799E-03   -6.5394E-03   -1.6229E-02    7.3661E-03   -7.3257E-02    6.2767E-02    4.3767E-01  
 -9.9371E+00   -6.8630E-01   -7.0040E-04    1.3977E+00   -2.2967E-03    1.6429E-01   -6.5848E-04   -1.6447E-01   -7.1200E-03   -3.4596E-02    8.5778E-02    9.9252E-02    5.8697E-04   -2.9137E-02   -7.6001E-04    7.7056E-03   -2.6158E-04    1.6328E-03    3.3051E-04   -1.5943E-02    3.4423E-04   -7.3138E-02    5.7177E-02    3.8954E-01  
 -9.8288E+00   -6.9402E-01    1.9837E-01    1.4051E+00   -1.4559E-01    1.3599E-01    4.7556E-02   -1.6802E-01    1.1440E-02   -3.0813E-02    8.6381E-02    9.6835E-02   -4.5911E-03   -3.0307E-02    4.4379E-03    9.7317E-03   -1.2819E-03    2.9655E-03    7.2826E-03   -1.5317E-02   -6.8449E-03   -7.2961E-02    6.1956E-02    4.3706E-01  
 -9.5078E+00   -7.1842E-01    4.1534E-01    1.4251E+00   -2.6810E-01    5.8039E-02    1.0318E-01   -1.7854E-01    2.7791E-02   -1.7687E-02    8.5755E-02    9.1148E-02   -6.0978E-03   -3.3273E-02    9.9186E-03    1.4320E-02   -5.2492E-03    7.8581E-03    1.2187E-02   -1.4275E-02   -1.3279E-02   -7.1436E-02    7.5856E-02    5.3526E-01  
 -8.9977E+00   -7.6140E-01    6.6660E-01    1.4497E+00   -3.4757E-01   -4.7254E-02    1.7280E-01   -1.9589E-01    3.8764E-02    5.2960E-03    8.0220E-02    8.5730E-02   -6.1641E-04   -3.7603E-02    1.5676E-02    2.0265E-02   -1.4078E-02    1.6376E-02    1.3854E-02   -1.2673E-02   -1.7948E-02   -6.6401E-02    9.6158E-02    6.4932E-01  
 -8.3276E+00   -8.2675E-01    9.7748E-01    1.4660E+00   -3.6543E-01   -1.4608E-01    2.6175E-01   -2.1916E-01    4.0902E-02    3.8569E-02    6.5369E-02    8.6350E-02    1.4696E-02   -4.2967E-02    2.2367E-02    2.5833E-02   -2.6399E-02    2.8070E-02    1.1194E-02   -9.8795E-03   -1.9641E-02   -5.7341E-02    1.2084E-01    8.2750E-01  
 -8.1076E+00   -4.2931E+00    9.9452E+00    1.4556E+00   -3.0160E-01   -1.9126E-01    3.7297E-01   -2.4650E-01    3.0737E-02    8.0342E-02    3.5302E-02    1.0083E-01    4.3011E-02   -4.8393E-02    3.0194E-02    3.3033E-02   -4.5529E-02    3.8863E-02    3.6526E-03   -2.9221E-03   -1.6652E-02   -4.6831E-02    1.4884E-01    1.0446E+00  
 -6.5296E+00   -3.4662E+00    8.2947E+00    1.3956E+00   -1.3888E-01   -1.2208E-01    5.0779E-01   -2.7748E-01    6.6830E-03    1.3205E-01   -1.7128E-02    1.3897E-01    8.6068E-02   -5.3835E-02    3.9776E-02    4.0564E-02   -7.1819E-02    4.8639E-02   -6.0894E-03    8.2892E-03   -1.3562E-02   -3.9672E-02    1.7822E-01    1.2878E+00  
 -5.1181E+00   -2.7021E+00    6.4367E+00    1.2757E+00    1.2310E-01    1.1987E-01    6.7833E-01   -3.1787E-01   -3.6767E-02    2.1421E-01   -9.4456E-02    2.0286E-01    1.3282E-01   -6.2396E-02    6.8839E-02    4.5931E-02   -1.0401E-01    6.5079E-02   -1.5488E-02    1.4048E-02   -1.9259E-02   -3.6542E-02    2.1163E-01    1.4919E+00  
 -5.5951E+00   -1.9409E+00   -6.7234E+00    1.3195E+00   -1.1799E-02    2.4255E-02   -6.3644E-01   -1.9989E-01    6.9112E-02    1.4481E-01   -6.3536E-02    2.1077E-01   -8.1772E-02   -4.2067E-02   -4.5465E-02    3.0820E-02    1.0039E-01    4.5821E-02    3.9373E-02    2.3032E-02    2.8788E-02   -3.7954E-02    1.9536E-01    1.3663E+00  
 -7.1115E+00   -2.4887E+00   -8.8791E+00    1.4282E+00    1.6091E-01   -2.3052E-01   -4.7804E-01   -1.7582E-01    2.0196E-02    9.9426E-02    8.8954E-03    1.3902E-01   -4.4381E-02   -4.2566E-02   -3.3938E-02    2.6064E-02    6.4870E-02    3.8974E-02    2.9029E-02    1.2609E-02    2.2991E-02   -4.3282E-02    1.6544E-01    1.1325E+00  
 -8.0661E+00   -8.8722E-01   -2.6779E+00    1.4661E+00    2.5781E-01   -3.0138E-01   -3.4550E-01   -1.5414E-01   -1.1541E-02    6.3671E-02    5.3372E-02    1.0063E-01   -1.6683E-02   -4.1254E-02   -2.7087E-02    2.0423E-02    3.8756E-02    3.2391E-02    1.7256E-02    1.8641E-03    2.1229E-02   -5.2247E-02    1.3767E-01    8.9635E-01  
 -8.8134E+00   -5.2169E-01   -9.1482E-01    1.4578E+00    2.8832E-01   -2.5734E-01   -2.3791E-01   -1.3467E-01   -2.9173E-02    3.4267E-02    7.5609E-02    8.6393E-02    3.8097E-04   -3.9137E-02   -2.1033E-02    1.4678E-02    2.0705E-02    2.4638E-02    6.5058E-03   -5.6365E-03    2.0540E-02   -6.3358E-02    1.1088E-01    7.0993E-01  
 -9.5204E+00   -4.8088E-01   -6.2439E-01    1.4265E+00    2.6422E-01   -1.5935E-01   -1.5488E-01   -1.1835E-01   -3.4219E-02    1.0983E-02    8.3959E-02    8.6110E-02    8.3319E-03   -3.6316E-02   -1.5362E-02    8.9334E-03    7.5023E-03    1.6831E-02    3.5332E-05   -9.1485E-03    1.7625E-02   -7.0991E-02    8.7397E-02    5.8924E-01  
 -1.0059E+01   -4.5439E-01   -3.8995E-01    1.3908E+00    1.9881E-01   -5.4592E-02   -9.1706E-02   -1.0612E-01   -2.9971E-02   -5.4334E-03    8.4240E-02    9.1614E-02    9.6486E-03   -3.3863E-02   -1.0258E-02    3.1578E-03   -7.4897E-04    1.1058E-02   -2.8581E-03   -1.0962E-02    1.2906E-02   -7.2555E-02    6.8091E-02    4.7652E-01  
 -1.0398E+01   -4.4009E-01   -1.8747E-01    1.3646E+00    1.0445E-01    2.2520E-02   -4.1769E-02   -9.7201E-02   -2.0153E-02   -1.5204E-02    8.0888E-02    9.7886E-02    7.0029E-03   -3.1953E-02   -5.4493E-03   -2.7999E-03   -3.3731E-03    6.5161E-03   -2.1470E-03   -1.1589E-02    6.7897E-03   -6.9538E-02    5.3157E-02    3.5903E-01  
 -1.0512E+01   -4.3554E-01   -6.7422E-04    1.3546E+00   -2.8425E-03    4.9996E-02   -4.8896E-04   -9.4068E-02   -7.5780E-03   -1.8967E-02    7.9976E-02    1.0052E-01    5.7605E-04   -3.1399E-02   -1.0416E-03   -4.7916E-03   -4.9238E-05    4.5224E-03   -2.2941E-05   -1.1434E-02   -2.4802E-04   -6.8384E-02    4.7871E-02    2.5920E-01  
 -1.0398E+01   -4.4008E-01    1.8620E-01    1.3644E+00   -1.0989E-01    2.1658E-02    4.0914E-02   -9.6840E-02    5.0671E-03   -1.6763E-02    8.1625E-02    9.7538E-02   -5.7370E-03   -3.2313E-02    3.2403E-03   -2.4060E-03    3.2245E-03    4.9514E-03    2.1809E-03   -1.0762E-02   -7.4545E-03   -6.9450E-02    5.2205E-02    3.4570E-01  
 -1.0059E+01   -4.5434E-01    3.8893E-01    1.3904E+00   -2.0351E-01   -5.6276E-02    9.1223E-02   -1.0547E-01    1.5111E-02   -8.4562E-03    8.5509E-02    9.0999E-02   -7.9894E-03   -3.4582E-02    7.6785E-03    3.7519E-03    5.4977E-04    8.2036E-03    3.1537E-03   -9.5901E-03   -1.4055E-02   -7.2452E-02    6.6882E-02    4.5874E-01  
 -9.5215E+00   -4.8072E-01    6.2374E-01    1.4260E+00   -2.6765E-01   -1.6171E-01    1.5516E-01   -1.1759E-01    1.9728E-02    6.6809E-03    8.5156E-02    8.5302E-02   -6.0862E-03   -3.7404E-02    1.2154E-02    9.4645E-03   -7.7843E-03    1.3345E-02    6.3164E-04   -7.8137E-03   -1.9471E-02   -7.0822E-02    8.6301E-02    5.6960E-01  
 -8.8149E+00   -5.2134E-01    9.1470E-01    1.4572E+00   -2.8998E-01   -2.6021E-01    2.3930E-01   -1.3406E-01    1.5145E-02    2.9006E-02    7.5905E-02    8.5639E-02    2.7517E-03   -4.0606E-02    1.6921E-02    1.4686E-02   -2.0773E-02    2.1440E-02   -5.4415E-03   -5.1966E-03   -2.3234E-02   -6.3326E-02    1.0984E-01    7.1609E-01  
 -8.0683E+00   -8.8558E-01    2.6804E+00    1.4658E+00   -2.5776E-01   -3.0488E-01    3.4740E-01   -1.5351E-01   -1.7951E-03    5.7219E-02    5.2733E-02    9.9881E-02    2.0419E-02   -4.3424E-02    2.2460E-02    1.9713E-02   -3.8851E-02    2.9614E-02   -1.5638E-02    9.4312E-04   -2.4352E-02   -5.2308E-02    1.3702E-01    9.0361E-01  
 -7.1154E+00   -2.4784E+00    8.9029E+00    1.4281E+00   -1.5908E-01   -2.3450E-01    4.7953E-01   -1.7513E-01   -3.2494E-02    9.1500E-02    7.8577E-03    1.3828E-01    4.8167E-02   -4.5867E-02    2.9229E-02    2.5044E-02   -6.5497E-02    3.6508E-02   -2.6799E-02    1.0186E-02   -2.6199E-02   -4.3111E-02    1.6549E-01    1.1399E+00  
 -5.5977E+00   -1.9252E+00    6.7362E+00    1.3191E+00    1.5639E-02    2.0481E-02    6.3722E-01   -1.9924E-01   -7.9864E-02    1.3532E-01   -6.4900E-02    2.1037E-01    8.5439E-02   -4.6985E-02    4.1101E-02    2.9845E-02   -1.0129E-01    4.3439E-02   -3.6567E-02    1.9399E-02   -3.2123E-02   -3.7725E-02    1.9627E-01    1.3738E+00  
 -5.8860E+00   -7.4176E-01   -6.9538E+00    1.3478E+00    1.7612E-02   -5.2454E-02   -6.1631E-01   -9.5365E-02    9.4724E-02    7.7964E-02   -4.6407E-02    2.1062E-01   -3.7406E-02   -3.4565E-02   -2.6272E-02    1.5104E-02    9.8180E-02    2.5232E-02    5.2060E-02    1.6280E-02    4.0248E-02   -4.0076E-02    1.8764E-01    1.2125E+00  
 -7.4677E+00   -7.8412E-01   -9.1830E+00    1.4435E+00    1.0062E-01   -3.1055E-01   -4.6088E-01   -8.3437E-02    4.2901E-02    5.5157E-02    2.2696E-02    1.3641E-01   -1.8057E-02   -3.6900E-02   -2.0982E-02    1.2393E-02    6.0621E-02    2.2195E-02    4.2040E-02    9.6592E-03    3.0435E-02   -4.6119E-02    1.5806E-01    9.9606E-01  
 -8.2521E+00   -2.8011E-01   -1.2423E+00    1.4675E+00    1.4505E-01   -3.8234E-01   -3.2990E-01   -7.2558E-02    7.0330E-03    3.6580E-02    6.2588E-02    9.7918E-02   -4.3418E-03   -3.7436E-02   -1.7425E-02    9.4224E-03    3.3828E-02    1.9087E-02    2.9469E-02    2.8454E-03    2.4910E-02   -5.6230E-02    1.3098E-01    8.1413E-01  
 -9.1196E+00   -2.5181E-01   -8.7858E-01    1.4469E+00    1.5623E-01   -3.3882E-01   -2.2370E-01   -6.2486E-02   -1.5134E-02    2.0739E-02    8.0500E-02    8.4113E-02    3.6136E-03   -3.7066E-02   -1.3833E-02    6.3836E-03    1.6072E-02    1.5029E-02    1.6755E-02   -2.0260E-03    2.1551E-02   -6.7486E-02    1.0495E-01    6.6161E-01  
 -9.8494E+00   -2.3242E-01   -5.9995E-01    1.4063E+00    1.4055E-01   -2.4136E-01   -1.4386E-01   -5.3977E-02   -2.4241E-02    8.3873E-03    8.4827E-02    8.3897E-02    6.7932E-03   -3.5620E-02   -1.0592E-02    2.6317E-03    2.5825E-03    1.1248E-02    8.1821E-03   -4.6864E-03    1.7669E-02   -7.2558E-02    8.2840E-02    5.7276E-01  
 -1.0406E+01   -2.2025E-01   -3.7561E-01    1.3650E+00    1.0392E-01   -1.3662E-01   -8.2729E-02   -4.6862E-02   -2.3765E-02   -3.6842E-04    8.0365E-02    8.8845E-02    7.4963E-03   -3.4099E-02   -7.4276E-03   -1.8570E-03   -6.7578E-03    7.8607E-03    2.9648E-03   -6.0561E-03    1.2505E-02   -6.9183E-02    6.3098E-02    4.6479E-01  
 -1.0755E+01   -2.1357E-01   -1.8074E-01    1.3333E+00    5.3367E-02   -5.9713E-02   -3.7053E-02   -4.2147E-02   -1.7376E-02   -5.9202E-03    7.6320E-02    9.5121E-02    5.0263E-03   -3.2960E-02   -4.3663E-03   -5.2785E-03   -6.6542E-03    5.2849E-03    5.5289E-04   -6.5359E-03    6.1506E-03   -6.5310E-02    5.1374E-02    3.6321E-01  
 -1.0872E+01   -2.1148E-01   -6.8969E-04    1.3216E+00   -3.4945E-03   -3.2393E-02   -2.7506E-04   -4.0348E-02   -8.1553E-03   -8.3620E-03    7.5128E-02    9.7758E-02    5.4643E-04   -3.2695E-02   -1.5006E-03   -6.3540E-03    1.7700E-04    3.8522E-03   -3.8878E-04   -6.3660E-03   -9.5826E-04   -6.3890E-02    4.7429E-02    2.7666E-01  
 -1.0755E+01   -2.1364E-01    1.7945E-01    1.3333E+00   -6.0092E-02   -6.0922E-02    3.6600E-02   -4.1658E-02    1.1530E-03   -7.7603E-03    7.6951E-02    9.4678E-02   -3.8179E-03   -3.3447E-02    1.2531E-03   -4.8184E-03    6.8763E-03    3.5818E-03   -1.2245E-03   -5.7087E-03   -8.2430E-03   -6.5464E-02    5.0151E-02    3.5104E-01  
 -1.0406E+01   -2.2039E-01    3.7462E-01    1.3649E+00   -1.0985E-01   -1.3902E-01    8.2547E-02   -4.5997E-02    7.8024E-03   -3.9631E-03    8.1421E-02    8.8001E-02   -5.9500E-03   -3.5084E-02    3.9777E-03   -1.1605E-03    6.6580E-03    4.7084E-03   -3.3361E-03   -4.6657E-03   -1.5109E-02   -6.9398E-02    6.1190E-02    4.5074E-01  
 -9.8503E+00   -2.3257E-01    5.9944E-01    1.4062E+00   -1.4517E-01   -2.4481E-01    1.4415E-01   -5.2871E-02    8.6822E-03    3.2632E-03    8.5968E-02    8.2805E-02   -4.6725E-03   -3.7154E-02    6.5727E-03    3.2575E-03   -3.0271E-03    7.2187E-03   -8.1278E-03   -3.3757E-03   -2.1038E-02   -7.2640E-02    8.0922E-02    5.5895E-01  
 -9.1208E+00   -2.5183E-01    8.7868E-01    1.4468E+00   -1.5897E-01   -3.4311E-01    2.2487E-01   -6.1458E-02    1.0923E-04    1.4368E-02    8.0920E-02    8.2922E-02   -7.8847E-04   -3.9205E-02    9.0003E-03    6.6034E-03   -1.6901E-02    1.1084E-02   -1.6230E-02   -1.6825E-03   -2.5775E-02   -6.7022E-02    1.0307E-01    6.6646E-01  
 -8.2535E+00   -2.7975E-01    1.2432E+00    1.4672E+00   -1.4547E-01   -3.8736E-01    3.3165E-01   -7.1975E-02   -2.1328E-02    2.9139E-02    6.2141E-02    9.6948E-02    7.8723E-03   -4.0367E-02    1.1705E-02    9.0400E-03   -3.4375E-02    1.6182E-02   -2.8565E-02    1.3100E-03   -2.9930E-02   -5.5904E-02    1.2918E-01    8.2073E-01  
 -7.4699E+00   -7.6858E-01    9.1999E+00    1.4430E+00   -9.8947E-02   -3.1630E-01    4.6237E-01   -8.3203E-02   -5.6075E-02    4.6063E-02    2.2184E-02    1.3539E-01    2.1558E-02   -4.1097E-02    1.5264E-02    1.1908E-02   -6.1231E-02    1.9839E-02   -4.0720E-02    6.5200E-03   -3.5683E-02   -4.5860E-02    1.5701E-01    1.0036E+00  
 -5.8866E+00   -7.2817E-01    6.9668E+00    1.3474E+00   -1.3697E-02   -5.8448E-02    6.1747E-01   -9.5220E-02   -1.0641E-01    6.6873E-02   -4.6841E-02    2.0969E-01    4.0809E-02   -4.0620E-02    2.0699E-02    1.4781E-02   -9.8614E-02    2.2771E-02   -5.0324E-02    1.1922E-02   -4.5768E-02   -3.9593E-02    1.8762E-01    1.2210E+00  
 -5.9769E+00   -1.2820E-02   -6.9740E+00    1.3572E+00    1.5689E-03   -7.8891E-02   -6.1020E-01    2.3838E-03    1.0225E-01    1.0307E-02   -4.0487E-02    2.0972E-01    2.0817E-03   -3.1868E-02   -6.2137E-03   -5.4738E-04    9.6747E-02    2.5029E-03    5.6102E-02    5.1287E-03    4.3505E-02   -4.0298E-02    1.8685E-01    1.1543E+00  
 -7.5688E+00   -1.8630E-02   -9.1868E+00    1.4483E+00   -2.3807E-04   -3.3811E-01   -4.5529E-01    2.5158E-03    4.9562E-02    8.3311E-03    2.6945E-02    1.3489E-01    2.0434E-03   -3.4560E-02   -6.1897E-03   -3.3611E-04    5.8883E-02    2.2725E-03    4.6324E-02    3.8785E-03    3.1892E-02   -4.6575E-02    1.5697E-01    9.7264E-01  
 -8.3461E+00   -1.2364E-03   -1.2258E+00    1.4673E+00   -1.6875E-03   -4.1029E-01   -3.2479E-01    2.5433E-03    1.2494E-02    6.6078E-03    6.4851E-02    9.6662E-02    2.1070E-03   -3.5635E-02   -6.1087E-03   -1.6072E-04    3.2295E-02    2.5048E-03    3.3528E-02    2.1840E-03    2.4728E-02   -5.7566E-02    1.2984E-01    8.0801E-01  
 -9.2227E+00   -9.7103E-04   -8.6685E-01    1.4426E+00   -2.9438E-03   -3.6709E-01   -2.1901E-01    2.4414E-03   -1.1180E-02    5.1167E-03    8.1701E-02    8.2959E-02    2.1974E-03   -3.6159E-02   -5.6103E-03   -1.5996E-04    1.4226E-02    3.1332E-03    2.0177E-02    3.7870E-04    2.0928E-02   -6.8744E-02    1.0426E-01    7.0184E-01  
 -9.9601E+00   -8.9547E-04   -5.9222E-01    1.3990E+00   -3.7933E-03   -2.6997E-01   -1.3979E-01    2.6795E-03   -2.1666E-02    3.6134E-03    8.4632E-02    8.2857E-02    1.9716E-03   -3.5239E-02   -4.8641E-03   -4.1560E-04    3.2983E-04    3.2428E-03    1.1205E-02   -8.1679E-04    1.6922E-02   -7.2477E-02    8.2414E-02    6.0281E-01  
 -1.0522E+01   -9.4336E-04   -3.7112E-01    1.3553E+00   -4.2400E-03   -1.6529E-01   -7.9462E-02    3.0827E-03   -2.2266E-02    2.1729E-03    7.8903E-02    8.7386E-02    1.5180E-03   -3.4171E-02   -3.9679E-03   -6.5532E-04   -9.0628E-03    2.8560E-03    4.8096E-03   -1.4028E-03    1.1748E-02   -6.7763E-02    6.3051E-02    4.8161E-01  
 -1.0874E+01   -1.0125E-03   -1.7869E-01    1.3219E+00   -4.3886E-03   -8.8565E-02   -3.5224E-02    3.4927E-03   -1.6963E-02    8.2945E-04    7.4595E-02    9.3662E-02    1.0235E-03   -3.3364E-02   -3.0073E-03   -6.5397E-04   -7.8404E-03    2.2014E-03    1.3208E-03   -1.4631E-03    5.4082E-03   -6.3504E-02    5.2482E-02    3.7287E-01  
 -1.0993E+01   -1.0966E-03   -7.7169E-04    1.3096E+00   -4.2519E-03   -6.1445E-02   -1.3957E-05    3.8632E-03   -8.8328E-03   -3.3149E-04    7.3286E-02    9.6265E-02    5.3259E-04   -3.3220E-02   -2.0887E-03   -4.5791E-04    3.9650E-04    1.3650E-03   -6.9688E-04   -1.1272E-03   -1.6211E-03   -6.2031E-02    4.8958E-02    2.9533E-01  
 -1.0875E+01   -1.2129E-03    1.7727E-01    1.3221E+00   -3.8160E-03   -9.0152E-02    3.5272E-02    4.1016E-03   -5.7857E-04   -1.2660E-03    7.5014E-02    9.3147E-02    1.6880E-04   -3.3920E-02   -1.2541E-03   -1.9673E-04    8.4465E-03    4.5626E-04   -2.5644E-03   -5.0133E-04   -8.8367E-03   -6.3915E-02    5.0883E-02    3.6080E-01  
 -1.0522E+01   -1.3346E-03    3.7004E-01    1.3557E+00   -3.1082E-03   -1.6843E-01    7.9687E-02    4.1903E-03    5.0239E-03   -1.9291E-03    7.9596E-02    8.6399E-02   -2.5557E-05   -3.5320E-02   -6.1513E-04    7.6284E-05    9.1181E-03   -3.7642E-04   -5.7037E-03    2.1973E-04   -1.5761E-02   -6.8311E-02    6.0255E-02    4.7048E-01  
 -9.9608E+00   -1.4277E-03    5.9170E-01    1.3995E+00   -2.1800E-03   -2.7453E-01    1.4029E-01    4.1204E-03    4.8633E-03   -2.2725E-03    8.5365E-02    8.1536E-02    2.1644E-05   -3.7067E-02   -2.8648E-04    2.6844E-04   -1.0182E-03   -9.2972E-04   -1.1640E-02    8.0697E-04   -2.1818E-02   -7.2685E-02    7.9092E-02    5.9433E-01  
 -9.2234E+00   -1.4631E-03    8.6716E-01    1.4430E+00   -1.0104E-03   -3.7288E-01    2.1984E-01    3.8092E-03   -5.0347E-03   -2.2940E-03    8.2296E-02    8.1577E-02    2.6738E-04   -3.8834E-02   -3.5619E-04    2.9634E-04   -1.5403E-02   -9.5264E-04   -2.0163E-02    1.0429E-03   -2.6831E-02   -6.8362E-02    1.0077E-01    6.9677E-01  
 -8.3468E+00   -1.4131E-03    1.2272E+00    1.4671E+00    3.3191E-04   -4.1707E-01    3.2598E-01    3.2310E-03   -2.7989E-02   -2.0186E-03    6.5249E-02    9.5523E-02    7.5958E-04   -3.9405E-02   -8.3727E-04    8.2573E-05   -3.3227E-02   -2.8746E-04   -3.3343E-02    7.2486E-04   -3.1566E-02   -5.7201E-02    1.2653E-01    8.0773E-01  
 -7.5695E+00   -5.5505E-03    9.2059E+00    1.4477E+00    1.4016E-03   -3.4581E-01    4.5667E-01    2.8062E-03   -6.4045E-02   -2.1168E-03    2.7165E-02    1.3390E-01    1.1432E-03   -3.9624E-02   -1.0410E-03   -1.3533E-04   -5.9500E-02    1.4746E-04   -4.5970E-02    6.6908E-04   -3.9341E-02   -4.6429E-02    1.5420E-01    9.7201E-01  
 -5.9762E+00   -2.8826E-03    6.9859E+00    1.3564E+00    2.3160E-03   -8.7259E-02    6.1151E-01    2.5954E-03   -1.1532E-01   -2.5834E-03   -4.0311E-02    2.0882E-01    1.3766E-03   -3.8649E-02   -1.2226E-03   -2.5715E-04   -9.7267E-02    2.1099E-04   -5.5503E-02    8.3987E-04   -5.1377E-02   -4.0307E-02    1.8473E-01    1.1535E+00  
 -5.8875E+00    7.1647E-01   -6.9625E+00    1.3484E+00   -1.4770E-02   -4.7929E-02   -6.1585E-01    9.9727E-02    9.2438E-02   -5.7628E-02   -4.7162E-02    2.1024E-01    4.1579E-02   -3.2983E-02    1.3745E-02   -1.5862E-02    9.8246E-02   -2.0785E-02    5.1214E-02   -6.5896E-03    3.6531E-02   -3.9459E-02    1.9089E-01    1.2185E+00  
 -7.4697E+00    7.5263E-01   -9.1980E+00    1.4442E+00   -1.0135E-01   -3.0665E-01   -4.6063E-01    8.8103E-02    4.0778E-02   -3.8676E-02    2.1939E-02    1.3613E-01    2.2189E-02   -3.5639E-02    8.3951E-03   -1.2682E-02    6.0849E-02   -1.8048E-02    4.1556E-02   -2.6340E-03    2.6879E-02   -4.5803E-02    1.6072E-01    1.0020E+00  
 -8.2515E+00    2.7798E-01   -1.2417E+00    1.4682E+00   -1.4858E-01   -3.7885E-01   -3.2991E-01    7.7239E-02    5.1017E-03   -2.3419E-02    6.1758E-02    9.7844E-02    8.7321E-03   -3.6565E-02    4.9855E-03   -9.5640E-03    3.3825E-02   -1.4280E-02    2.9289E-02    8.0136E-04    2.1763E-02   -5.6035E-02    1.3340E-01    8.2009E-01  
 -9.1187E+00    2.5011E-01   -8.7824E-01    1.4474E+00   -1.6216E-01   -3.3574E-01   -2.2354E-01    6.7260E-02   -1.6957E-02   -1.0598E-02    8.0156E-02    8.4182E-02    6.7554E-04   -3.6683E-02    2.4315E-03   -6.8224E-03    1.5864E-02   -9.2042E-03    1.6765E-02    2.2954E-03    1.8811E-02   -6.7404E-02    1.0749E-01    6.6589E-01  
 -9.8481E+00    2.3089E-01   -5.9996E-01    1.4064E+00   -1.4820E-01   -2.3878E-01   -1.4305E-01    5.9141E-02   -2.6010E-02   -1.2696E-03    8.5070E-02    8.4271E-02   -2.8612E-03   -3.5663E-02    7.3919E-04   -3.4428E-03    1.9964E-03   -5.0554E-03    8.2090E-03    2.6540E-03    1.5422E-02   -7.2831E-02    8.5419E-02    5.6435E-01  
 -1.0404E+01    2.1861E-01   -3.7572E-01    1.3652E+00   -1.1249E-01   -1.3446E-01   -8.1860E-02    5.2818E-02   -2.5423E-02    4.6099E-03    8.0324E-02    8.9299E-02   -4.4404E-03   -3.4396E-02   -6.0203E-04    5.9371E-04   -6.9486E-03   -2.3457E-03    2.8600E-03    2.9290E-03    1.0697E-02   -6.9017E-02    6.5436E-02    4.5967E-01  
 -1.0753E+01    2.1178E-01   -1.8093E-01    1.3338E+00   -6.2249E-02   -5.7935E-02   -3.6294E-02    4.8945E-02   -1.8942E-02    7.4909E-03    7.5974E-02    9.5625E-02   -2.9641E-03   -3.3419E-02   -1.7296E-03    4.0004E-03   -6.4887E-03   -1.0353E-03    2.2608E-04    3.3506E-03    4.7039E-03   -6.4970E-02    5.3622E-02    4.0724E-01  
 -1.0871E+01    2.0949E-01   -9.2259E-04    1.3223E+00   -5.1031E-03   -3.1003E-02    3.1628E-04    4.7871E-02   -9.5751E-03    7.6301E-03    7.4487E-02    9.8242E-02    5.7011E-04   -3.3220E-02   -2.7236E-03    5.4158E-03    6.1000E-04   -1.2255E-03   -8.8614E-04    3.9417E-03   -2.0788E-03   -6.3702E-02    4.9461E-02    3.4997E-01  
 -1.0753E+01    2.1140E-01    1.7922E-01    1.3343E+00    5.2361E-02   -5.9920E-02    3.6958E-02    4.9667E-02   -7.8398E-05    5.1767E-03    7.6088E-02    9.5060E-02    4.2136E-03   -3.3968E-02   -3.8143E-03    4.3830E-03    7.4493E-03   -2.7237E-03   -1.8356E-03    4.5865E-03   -9.0907E-03   -6.5611E-02    5.1669E-02    3.5167E-01  
 -1.0404E+01    2.1790E-01    3.7441E-01    1.3661E+00    1.0352E-01   -1.3836E-01    8.2594E-02    5.4199E-02    6.7354E-03    7.3284E-05    8.0509E-02    8.8244E-02    5.9668E-03   -3.5576E-02   -5.2763E-03    1.2500E-03    7.1594E-03   -5.4630E-03   -4.0623E-03    5.0309E-03   -1.5773E-02   -6.9814E-02    6.1898E-02    4.5261E-01  
 -9.8486E+00    2.2989E-01    5.9930E-01    1.4076E+00    1.4069E-01   -2.4448E-01    1.4383E-01    6.0936E-02    7.7823E-03   -7.8226E-03    8.5238E-02    8.2861E-02    4.7597E-03   -3.7615E-02   -7.2427E-03   -2.8009E-03   -2.8467E-03   -9.0174E-03   -8.9189E-03    4.9442E-03   -2.1557E-02   -7.3088E-02    8.0791E-02    5.6197E-01  
 -9.1190E+00    2.4906E-01    8.7871E-01    1.4482E+00    1.5685E-01   -3.4310E-01    2.2397E-01    6.8907E-02   -6.4311E-04   -1.8952E-02    8.0943E-02    8.2834E-02    1.3682E-03   -3.9679E-02   -9.8315E-03   -6.1239E-03   -1.7044E-02   -1.2860E-02   -1.7043E-02    3.7666E-03   -2.6192E-02   -6.7485E-02    1.0263E-01    6.5958E-01  
 -8.2517E+00    2.7708E-01    1.2435E+00    1.4684E+00    1.4594E-01   -3.8750E-01    3.3054E-01    7.8418E-02   -2.2060E-02   -3.3281E-02    6.2830E-02    9.6717E-02   -6.2971E-03   -4.0869E-02   -1.3409E-02   -9.0309E-03   -3.5022E-02   -1.6809E-02   -2.9470E-02    3.2358E-04   -3.0255E-02   -5.5771E-02    1.2881E-01    8.1283E-01  
 -7.4690E+00    7.6333E-01    9.2071E+00    1.4438E+00    1.0147E-01   -3.1636E-01    4.6183E-01    8.8843E-02   -5.6914E-02   -5.0353E-02    2.2662E-02    1.3542E-01   -1.9368E-02   -4.1324E-02   -1.7392E-02   -1.2304E-02   -6.1500E-02   -1.9592E-02   -4.1880E-02   -5.0915E-03   -3.6337E-02   -4.5808E-02    1.5634E-01    9.9248E-01  
 -5.8855E+00    7.2619E-01    6.9690E+00    1.3479E+00    1.7945E-02   -5.8788E-02    6.1725E-01    1.0044E-01   -1.0727E-01   -7.1978E-02   -4.6492E-02    2.0964E-01   -3.8329E-02   -4.0300E-02   -2.3139E-02   -1.5360E-02   -9.8837E-02   -2.2322E-02   -5.1497E-02   -1.0245E-02   -4.6650E-02   -3.9713E-02    1.8674E-01    1.2081E+00  
 -5.5987E+00    1.9174E+00   -6.7349E+00    1.3200E+00    1.4333E-02    3.3303E-02   -6.3507E-01    2.0304E-01    6.4558E-02   -1.2452E-01   -6.5283E-02    2.1071E-01    8.6562E-02   -3.8838E-02    3.1943E-02   -3.0948E-02    1.0129E-01   -4.2181E-02    3.7870E-02   -1.5417E-02    2.1344E-02   -3.7719E-02    2.0027E-01    1.3685E+00  
 -7.1152E+00    2.4670E+00   -8.8965E+00    1.4292E+00   -1.6209E-01   -2.2284E-01   -4.7740E-01    1.7943E-01    1.5889E-02   -8.3084E-02    7.5553E-03    1.3881E-01    4.8946E-02   -4.0276E-02    2.0486E-02   -2.5852E-02    6.5418E-02   -3.5494E-02    2.8128E-02   -7.7845E-03    1.6253E-02   -4.3280E-02    1.6975E-01    1.1340E+00  
 -8.0655E+00    8.8269E-01   -2.6800E+00    1.4671E+00   -2.6177E-01   -2.9459E-01   -3.4527E-01    1.5806E-01   -1.5476E-02   -5.0726E-02    5.2450E-02    1.0052E-01    2.1181E-02   -3.9803E-02    1.4139E-02   -2.0391E-02    3.8509E-02   -2.8359E-02    1.7137E-02   -1.3588E-04    1.5244E-02   -5.2474E-02    1.4180E-01    8.9890E-01  
 -8.8114E+00    5.2078E-01   -9.1428E-01    1.4584E+00   -2.9444E-01   -2.5132E-01   -2.3737E-01    1.3900E-01   -3.2889E-02   -2.4447E-02    7.5356E-02    8.6597E-02    3.8427E-03   -3.8557E-02    9.1122E-03   -1.5154E-02    1.9977E-02   -1.9924E-02    6.7887E-03    4.4734E-03    1.5444E-02   -6.3634E-02    1.1508E-01    7.1234E-01  
 -9.5178E+00    4.8005E-01   -6.2430E-01    1.4268E+00   -2.7205E-01   -1.5423E-01   -1.5355E-01    1.2307E-01   -3.7773E-02   -4.1339E-03    8.4192E-02    8.6709E-02   -4.5447E-03   -3.6503E-02    5.1244E-03   -9.8230E-03    6.7409E-03   -1.1607E-02    2.0622E-04    5.9479E-03    1.3426E-02   -7.1165E-02    9.1674E-02    6.2005E-01  
 -1.0056E+01    4.5352E-01   -3.9022E-01    1.3912E+00   -2.0768E-01   -5.0368E-02   -8.9967E-02    1.1149E-01   -3.3308E-02    9.3684E-03    8.4305E-02    9.2563E-02   -6.5205E-03   -3.4561E-02    1.9547E-03   -4.2613E-03   -1.2055E-03   -6.1092E-03   -3.0241E-03    6.8956E-03    9.5760E-03   -7.2294E-02    7.2251E-02    5.7572E-01  
 -1.0395E+01    4.3901E-01   -1.8789E-01    1.3655E+00   -1.1364E-01    2.5964E-02   -4.0223E-02    1.0344E-01   -2.3256E-02    1.6523E-02    8.0292E-02    9.8916E-02   -4.8739E-03   -3.2951E-02   -8.7070E-04    1.6151E-03   -3.0847E-03   -2.6899E-03   -2.7183E-03    7.6665E-03    4.1888E-03   -6.8871E-02    5.7327E-02    4.9853E-01  
 -1.0509E+01    4.3419E-01   -1.1634E-03    1.3560E+00   -6.0445E-03    5.2665E-02    7.2007E-04    1.0102E-01   -1.0367E-02    1.8034E-02    7.8781E-02    1.0150E-01    6.8044E-04   -3.2506E-02   -3.3404E-03    3.8236E-03    7.8618E-04   -2.1912E-03   -9.3575E-04    8.5038E-03   -2.2056E-03   -6.7980E-02    5.1768E-02    4.3264E-01  
 -1.0395E+01    4.3843E-01    1.8570E-01    1.3663E+00    1.0187E-01    2.3575E-02    4.1639E-02    1.0429E-01    2.6298E-03    1.4039E-02    8.0019E-02    9.8339E-02    6.2977E-03   -3.3415E-02   -5.9539E-03    1.8642E-03    4.3194E-03   -4.2498E-03    9.9507E-04    9.3070E-03   -8.9011E-03   -6.9628E-02    5.5219E-02    3.6401E-01  
 -1.0056E+01    4.5241E-01    3.8849E-01    1.3928E+00    1.9687E-01   -5.5054E-02    9.1323E-02    1.1314E-01    1.3020E-02    4.4928E-03    8.3797E-02    9.1501E-02    8.1993E-03   -3.5620E-02   -9.1795E-03   -3.8381E-03    1.4922E-03   -8.9571E-03    1.7527E-03    9.7473E-03   -1.5113E-02   -7.3116E-02    6.8397E-02    4.6170E-01  
 -9.5180E+00    4.7857E-01    6.2347E-01    1.4286E+00    2.6288E-01   -1.6115E-01    1.5441E-01    1.2513E-01    1.7953E-02   -1.1289E-02    8.3971E-02    8.5483E-02    6.2849E-03   -3.8376E-02   -1.3101E-02   -9.2163E-03   -7.3394E-03   -1.4921E-02   -8.6365E-04    9.2927E-03   -2.0248E-02   -7.1728E-02    8.6566E-02    5.7543E-01  
 -8.8113E+00    5.1904E-01    9.1467E-01    1.4600E+00    2.8755E-01   -2.6026E-01    2.3757E-01    1.4103E-01    1.3665E-02   -3.3578E-02    7.5927E-02    8.5406E-02   -1.9948E-03   -4.1546E-02   -1.8121E-02   -1.4531E-02   -2.1278E-02   -2.2822E-02   -6.9150E-03    7.2623E-03   -2.3759E-02   -6.3844E-02    1.0955E-01    7.0439E-01  
 -8.0651E+00    8.8246E-01    2.6832E+00    1.4681E+00    2.5750E-01   -3.0510E-01    3.4555E-01    1.5990E-01   -3.1730E-03   -6.1713E-02    5.3600E-02    9.9566E-02   -1.9027E-02   -4.4161E-02   -2.4143E-02   -1.9931E-02   -3.9849E-02   -3.0423E-02   -1.7263E-02    1.1319E-03   -2.5032E-02   -5.2188E-02    1.3641E-01    8.9107E-01  
 -7.1130E+00    2.4753E+00    8.9084E+00    1.4296E+00    1.6082E-01   -2.3473E-01    4.7852E-01    1.8096E-01   -3.4007E-02   -9.6095E-02    8.6513E-03    1.3822E-01   -4.6279E-02   -4.6167E-02   -3.1528E-02   -2.5524E-02   -6.5909E-02   -3.6582E-02   -2.8796E-02   -8.4679E-03   -2.7298E-02   -4.3045E-02    1.6453E-01    1.1272E+00  
 -5.5953E+00    1.9242E+00    6.7437E+00    1.3203E+00   -1.2151E-02    1.9758E-02    6.3680E-01    2.0462E-01   -8.1507E-02   -1.4046E-01   -6.4156E-02    2.1013E-01   -8.3286E-02   -4.6497E-02   -4.3721E-02   -3.0462E-02   -1.0149E-01   -4.3085E-02   -3.8663E-02   -1.7573E-02   -3.3620E-02   -3.7700E-02    1.9507E-01    1.3606E+00  
 -5.1223E+00    2.6997E+00   -6.4310E+00    1.2729E+00    1.2473E-01    1.3995E-01   -6.7126E-01    3.1992E-01    1.6164E-02   -1.9770E-01   -9.5773E-02    2.0601E-01    1.3580E-01   -5.5976E-02    5.2768E-02   -4.6821E-02    1.0450E-01   -6.2821E-02    1.5383E-02   -1.5914E-02    6.7962E-03   -3.5779E-02    2.1665E-01    1.4862E+00  
 -6.5296E+00    3.4579E+00   -8.3044E+00    1.3969E+00   -1.4266E-01   -1.0852E-01   -5.0536E-01    2.8135E-01   -2.5057E-02   -1.2291E-01   -1.7457E-02    1.3940E-01    8.6870E-02   -4.8812E-02    2.9129E-02   -4.1244E-02    7.1783E-02   -4.8383E-02    7.7338E-03   -8.1552E-03    2.6854E-03   -3.9815E-02    1.8290E-01    1.2810E+00  
 -8.1079E+00    4.2852E+00   -9.9583E+00    1.4572E+00   -3.0650E-01   -1.7938E-01   -3.7067E-01    2.5058E-01   -4.9501E-02   -7.3438E-02    3.5041E-02    1.0129E-01    4.3757E-02   -4.5358E-02    2.0394E-02   -3.3621E-02    4.5097E-02   -3.8314E-02   -1.6403E-03    1.6911E-03    6.9473E-03   -4.6889E-02    1.5420E-01    1.0397E+00  
 -8.3228E+00    8.2774E-01   -9.7729E-01    1.4677E+00   -3.7099E-01   -1.3585E-01   -2.5936E-01    2.2329E-01   -5.9775E-02   -3.3569E-02    6.4982E-02    8.7066E-02    1.5622E-02   -4.1673E-02    1.3515E-02   -2.6579E-02    2.5813E-02   -2.6932E-02   -9.0366E-03    7.4126E-03    1.1433E-02   -5.7426E-02    1.2689E-01    8.2505E-01  
 -8.9927E+00    7.6211E-01   -6.6733E-01    1.4512E+00   -3.5330E-01   -3.8536E-02   -1.7066E-01    2.0042E-01   -5.7734E-02   -2.3727E-03    7.9429E-02    8.7033E-02    6.9717E-04   -3.7618E-02    7.7199E-03   -2.0841E-02    1.3143E-02   -1.4985E-02   -1.2176E-02    9.2809E-03    1.1779E-02   -6.6727E-02    1.0242E-01    7.3249E-01  
 -9.5027E+00    7.1892E-01   -4.1693E-01    1.4264E+00   -2.7375E-01    6.5121E-02   -1.0135E-01    1.8360E-01   -4.6752E-02    1.8743E-02    8.4739E-02    9.2904E-02   -4.6689E-03   -3.4170E-02    3.2897E-03   -1.4781E-02    4.3006E-03   -6.1224E-03   -1.1364E-02    1.0294E-02    9.0408E-03   -7.1516E-02    8.2260E-02    6.5172E-01  
 -9.8238E+00    6.9416E-01   -2.0041E-01    1.4066E+00   -1.5088E-01    1.4139E-01   -4.6360E-02    1.7366E-01   -3.0171E-02    3.0486E-02    8.4971E-02    9.8599E-02   -3.6122E-03   -3.1786E-02   -5.1400E-04   -1.0468E-02    1.1264E-03   -1.0651E-03   -7.2192E-03    1.1227E-02    4.1875E-03   -7.2404E-02    6.7876E-02    5.8695E-01  
 -9.9323E+00    6.8600E-01   -1.5029E-03    1.3997E+00   -7.0608E-03    1.6801E-01    1.1973E-03    1.7057E-01   -1.1173E-02    3.3371E-02    8.4234E-02    1.0075E-01    8.7319E-04   -3.0942E-02   -3.8684E-03   -8.7016E-03    8.9391E-04    3.0045E-04   -8.5664E-04    1.2254E-02   -1.9002E-03   -7.2513E-02    6.2039E-02    5.3995E-01  
 -9.8239E+00    6.9336E-01    1.9756E-01    1.4078E+00    1.3708E-01    1.3861E-01    4.8676E-02    1.7465E-01    7.9125E-03    2.7896E-02    8.4244E-02    9.8051E-02    5.4120E-03   -3.2084E-02   -7.4134E-03   -1.0428E-02    2.4876E-04   -2.4416E-03    5.6546E-03    1.3377E-02   -8.3540E-03   -7.3037E-02    6.6001E-02    4.7515E-01  
 -9.5028E+00    7.1741E-01    4.1462E-01    1.4285E+00    2.6096E-01    5.9631E-02    1.0336E-01    1.8544E-01    2.4790E-02    1.3620E-02    8.3507E-02    9.1908E-02    6.5836E-03   -3.4927E-02   -1.1746E-02   -1.4686E-02   -3.9591E-03   -8.5445E-03    1.0256E-02    1.4158E-02   -1.4219E-02   -7.2147E-02    7.8378E-02    5.3438E-01  
 -8.9925E+00    7.6010E-01    6.6614E-01    1.4536E+00    3.4233E-01   -4.6641E-02    1.7167E-01    2.0267E-01    3.6225E-02   -9.9098E-03    7.8808E-02    8.6005E-02    1.1167E-03   -3.9123E-02   -1.7064E-02   -2.0432E-02   -1.3494E-02   -1.7558E-02    1.1847E-02    1.4054E-02   -1.8445E-02   -6.7417E-02    9.7289E-02    6.4442E-01  
 -8.3224E+00    8.2530E-01    9.7748E-01    1.4699E+00    3.6230E-01   -1.4623E-01    2.5950E-01    2.2561E-01    3.8849E-02   -4.3250E-02    6.5274E-02    8.6027E-02   -1.3793E-02   -4.4243E-02   -2.3964E-02   -2.6116E-02   -2.7076E-02   -2.9062E-02    9.3352E-03    1.2051E-02   -1.9955E-02   -5.7739E-02    1.2114E-01    8.1924E-01  
 -8.1052E+00    4.2883E+00    9.9658E+00    1.4588E+00    3.0032E-01   -1.9165E-01    3.7073E-01    2.5278E-01    2.8951E-02   -8.5251E-02    3.5894E-02    1.0039E-01   -4.1984E-02   -4.9155E-02   -3.2027E-02   -3.3284E-02   -4.6629E-02   -3.9764E-02    1.8209E-03    5.3655E-03   -1.7436E-02   -4.6742E-02    1.4844E-01    1.0342E+00  
 -6.5262E+00    3.4628E+00    8.3139E+00    1.3979E+00    1.3952E-01   -1.2256E-01    5.0629E-01    2.8342E-01    4.6903E-03   -1.3697E-01   -1.6314E-02    1.3871E-01   -8.4585E-02   -5.4102E-02   -4.2219E-02   -4.1020E-02   -7.2418E-02   -4.8955E-02   -8.4480E-03   -6.0866E-03   -1.4685E-02   -3.9487E-02    1.7745E-01    1.2766E+00  
 -5.1130E+00    2.7031E+00    6.4431E+00    1.2787E+00   -1.2030E-01    1.1713E-01    6.7902E-01    3.2366E-01   -4.0696E-02   -2.2007E-01   -9.2957E-02    2.0127E-01   -1.3054E-01   -6.0391E-02   -7.2589E-02   -4.6397E-02   -1.0364E-01   -6.5317E-02   -1.8881E-02   -1.0915E-02   -1.9861E-02   -3.6380E-02    2.1047E-01    1.4804E+00  
 -4.5397E+00    3.4838E+00   -5.7891E+00    1.1386E+00    3.2151E-01    2.4058E-01   -6.7746E-01    4.4280E-01   -7.0708E-02   -3.6275E-01   -2.4361E-01    2.0854E-01    1.9156E-01   -1.3857E-01    1.5807E-01   -1.2520E-01    2.2834E-01   -1.2725E-01   -1.7758E-02    2.5133E-02    4.9066E-02   -4.6658E-02    2.1776E-01    1.2347E+00  
 -5.7560E+00    4.1641E+00   -7.1601E+00    1.3363E+00   -6.1277E-03    1.3110E-03   -5.4385E-01    3.9838E-01   -8.2348E-02   -1.5851E-01   -5.6457E-02    1.3103E-01    1.4027E-01   -6.2891E-02    3.5359E-02   -6.1184E-02    8.0348E-02   -5.7072E-02   -1.5673E-02   -1.9094E-03   -7.4115E-03   -3.7211E-02    1.9855E-01    1.4365E+00  
 -7.1184E+00    6.3430E+00   -7.9765E+00    1.4248E+00   -2.5030E-01   -6.7059E-02   -4.0405E-01    3.5935E-01   -9.6689E-02   -8.8469E-02    4.8470E-03    9.4494E-02    8.2026E-02   -5.2929E-02    2.2330E-02   -5.2029E-02    5.4438E-02   -4.2233E-02   -2.3583E-02    7.7004E-03    2.9410E-04   -4.2380E-02    1.7011E-01    1.1871E+00  
 -8.4372E+00    8.2107E+00   -7.3107E+00    1.4617E+00   -3.6565E-01   -2.3137E-02   -2.8781E-01    3.2517E-01   -9.7262E-02   -3.4221E-02    4.3956E-02    7.9954E-02    4.0575E-02   -4.5208E-02    1.4475E-02   -4.3616E-02    3.4407E-02   -2.7710E-02   -2.8071E-02    1.2666E-02    8.4064E-03   -5.0487E-02    1.4302E-01    9.5802E-01  
 -8.3020E+00    1.1017E+00   -7.3305E-01    1.4668E+00   -3.7297E-01    7.4264E-02   -1.9373E-01    2.9749E-01   -8.6513E-02    7.0516E-03    6.6444E-02    7.9638E-02    1.5459E-02   -3.8512E-02    7.6798E-03   -3.5972E-02    1.9272E-02   -1.3724E-02   -2.8073E-02    1.3154E-02    1.1541E-02   -5.8563E-02    1.1914E-01    7.9258E-01  
 -8.7753E+00    1.0381E+00   -4.5803E-01    1.4571E+00   -2.9815E-01    1.7757E-01   -1.1694E-01    2.7621E-01   -6.6182E-02    3.6170E-02    7.7422E-02    8.5056E-02    3.5449E-03   -3.2974E-02    2.9903E-03   -3.0991E-02    9.7235E-03   -2.0245E-03   -2.2331E-02    1.2965E-02    9.7081E-03   -6.4921E-02    9.9239E-02    7.8331E-01  
 -9.0733E+00    1.0013E+00   -2.2030E-01    1.4465E+00   -1.6691E-01    2.5335E-01   -5.3711E-02    2.6329E-01   -4.0229E-02    5.2674E-02    8.1456E-02    9.0479E-02    1.6238E-04   -2.9340E-02   -8.0276E-04   -2.7398E-02    4.1441E-03    4.8599E-03   -1.2480E-02    1.3516E-02    5.1442E-03   -6.7880E-02    8.5326E-02    6.9481E-01  
 -9.1740E+00    9.8916E-01   -1.9641E-03    1.4428E+00   -8.1392E-03    2.7971E-01    1.7386E-03    2.5943E-01   -1.1980E-02    5.7175E-02    8.1903E-02    9.2475E-02    1.1648E-03   -2.8096E-02   -4.2415E-03   -2.6150E-02    8.6811E-04    6.6132E-03   -6.8621E-04    1.4617E-02   -1.1039E-03   -6.8778E-02    8.0027E-02    6.4283E-01  
 -9.0733E+00    1.0003E+00    2.1659E-01    1.4481E+00    1.5100E-01    2.5019E-01    5.6989E-02    2.6430E-01    1.6374E-02    5.0039E-02    8.0344E-02    8.9963E-02    2.1318E-03   -2.9405E-02   -7.8951E-03   -2.7487E-02   -2.7743E-03    3.7072E-03    1.1204E-02    1.6267E-02   -7.7722E-03   -6.8204E-02    8.3686E-02    5.9602E-01  
 -8.7752E+00    1.0362E+00    4.5503E-01    1.4597E+00    2.8336E-01    1.7128E-01    1.1943E-01    2.7797E-01    4.2553E-02    3.0919E-02    7.5847E-02    8.4195E-02   -1.3872E-03   -3.3274E-02   -1.2390E-02   -3.1013E-02   -9.1521E-03   -3.8824E-03    2.1515E-02    1.8051E-02   -1.3528E-02   -6.5429E-02    9.5632E-02    6.8292E-01  
 -8.3015E+00    1.0991E+00    7.3129E-01    1.4697E+00    3.6004E-01    6.5034E-02    1.9489E-01    2.9970E-01    6.3281E-02   -6.1955E-04    6.5539E-02    7.8741E-02   -1.3425E-02   -3.9316E-02   -1.8128E-02   -3.5844E-02   -1.9450E-02   -1.5519E-02    2.8172E-02    1.9714E-02   -1.7078E-02   -5.9246E-02    1.1408E-01    7.9053E-01  
 -8.4341E+00    8.2185E+00    7.3150E+00    1.4645E+00    3.5488E-01   -3.4784E-02    2.8801E-01    3.2773E-01    7.4615E-02   -4.4210E-02    4.3881E-02    7.9175E-02   -3.8795E-02   -4.6748E-02   -2.5940E-02   -4.3273E-02   -3.5484E-02   -2.9109E-02    2.9026E-02    1.9607E-02   -1.6156E-02   -5.0977E-02    1.3727E-01    9.5380E-01  
 -7.1148E+00    6.3436E+00    7.9780E+00    1.4270E+00    2.4189E-01   -8.0786E-02    4.0385E-01    3.6188E-01    7.4264E-02   -1.0055E-01    5.3772E-03    9.3888E-02   -8.0583E-02   -5.5389E-02   -3.5082E-02   -5.1701E-02   -5.6071E-02   -4.2779E-02    2.4523E-02    1.4191E-02   -1.0179E-02   -4.2269E-02    1.6452E-01    1.1824E+00  
 -5.7515E+00    4.1633E+00    7.1625E+00    1.3389E+00    1.1586E-03   -1.4443E-02    5.4485E-01    4.0133E-01    6.0023E-02   -1.7308E-01   -5.5010E-02    1.3058E-01   -1.3773E-01   -6.6599E-02   -4.9737E-02   -6.0001E-02   -8.0472E-02   -5.6741E-02    1.5937E-02    3.5590E-03   -3.9214E-03   -3.5904E-02    1.9432E-01    1.4356E+00  
 -4.6319E+00    3.4096E+00    5.6871E+00    1.1084E+00   -4.2870E-01    2.7029E-01    6.5864E-01    4.3056E-01    3.4197E-02   -2.9415E-01   -2.4441E-01    2.0946E-01   -1.9723E-01   -1.0413E-01   -1.3410E-01   -1.2568E-01   -2.2861E-01   -1.2917E-01    1.6779E-02    2.5740E-02   -3.1883E-02   -4.5620E-02    2.1543E-01    1.2243E+00  
 -7.0649E+00    7.9963E+00   -6.4829E+00    1.4237E+00   -2.5230E-01    3.9787E-02   -3.2239E-01    4.4993E-01   -1.4577E-01   -2.4516E-02    7.2825E-03    5.7839E-02    8.1728E-02   -4.8669E-02    1.2316E-02   -6.6085E-02    4.4090E-02   -2.2708E-02   -4.7257E-02    2.1638E-02    1.0876E-02   -4.3643E-02    1.6399E-01    1.1284E+00  
 -8.0712E+00    9.1668E+00   -5.8426E+00    1.4555E+00   -3.1065E-01    1.3695E-01   -2.2095E-01    4.1819E-01   -1.2292E-01    2.7982E-02    3.8689E-02    5.6756E-02    4.3102E-02   -3.7910E-02    5.5097E-03   -5.7449E-02    2.6850E-02   -6.3712E-03   -4.3536E-02    1.9005E-02    1.5422E-02   -4.9102E-02    1.4159E-01    9.7709E-01  
 -8.0355E+00    2.6913E+00   -1.1641E+00    1.4653E+00   -2.6753E-01    2.3988E-01   -1.3561E-01    3.9385E-01   -9.0995E-02    6.5085E-02    5.6039E-02    6.1814E-02    2.0599E-02   -2.9650E-02    1.0465E-03   -5.1718E-02    1.4986E-02    7.4671E-03   -3.3510E-02    1.5425E-02    1.3985E-02   -5.4263E-02    1.2335E-01    8.6997E-01  
 -8.1796E+00    1.3915E+00   -2.4910E-01    1.4671E+00   -1.5563E-01    3.1518E-01   -6.2979E-02    3.7919E-01   -5.3472E-02    8.6649E-02    6.4512E-02    6.7319E-02    8.0325E-03   -2.4660E-02   -2.1846E-03   -4.7645E-02    6.5866E-03    1.6119E-02   -1.8753E-02    1.3494E-02    7.9713E-03   -5.6363E-02    1.1161E-01    8.0652E-01  
 -8.2710E+00    1.3745E+00   -2.5134E-03    1.4673E+00   -9.2011E-03    3.4122E-01    2.2444E-03    3.7444E-01   -1.2732E-02    9.2788E-02    6.6177E-02    6.9143E-02    1.4352E-03   -2.2781E-02   -4.3660E-03   -4.6598E-02    8.0725E-04    1.8587E-02   -5.4803E-04    1.4380E-02    1.8729E-04   -5.7262E-02    1.0709E-01    7.4857E-01  
 -8.1796E+00    1.3903E+00    2.4428E-01    1.4688E+00    1.3757E-01    3.1159E-01    6.7163E-02    3.7992E-01    2.8020E-02    8.3954E-02    6.3211E-02    6.6735E-02   -5.2524E-03   -2.4482E-02   -6.8906E-03   -4.7840E-02   -5.4044E-03    1.5190E-02    1.7678E-02    1.6903E-02   -8.1498E-03   -5.6587E-02    1.1014E-01    8.0988E-01  
 -8.0348E+00    2.6886E+00    1.1608E+00    1.4682E+00    2.5075E-01    2.3274E-01    1.3867E-01    3.9532E-01    6.5819E-02    5.9687E-02    5.4357E-02    6.0999E-02   -1.7923E-02   -2.9553E-02   -1.0919E-02   -5.1892E-02   -1.4216E-02    5.9853E-03    3.3143E-02    2.1585E-02   -1.5576E-02   -5.4553E-02    1.2035E-01    8.7316E-01  
 -8.0679E+00    9.1704E+00    5.8490E+00    1.4588E+00    2.9559E-01    1.2660E-01    2.2252E-01    4.2023E-01    9.8121E-02    2.0066E-02    3.7460E-02    5.5894E-02   -4.0786E-02   -3.7856E-02   -1.6461E-02   -5.7656E-02   -2.6744E-02   -7.8282E-03    4.4278E-02    2.7171E-02   -1.9060E-02   -4.9815E-02    1.3692E-01    9.7446E-01  
 -7.0608E+00    7.9949E+00    6.4852E+00    1.4270E+00    2.3945E-01    2.6963E-02    3.2286E-01    4.5264E-01    1.2168E-01   -3.4663E-02    6.8755E-03    5.7262E-02   -7.9741E-02   -4.9005E-02   -2.4141E-02   -6.5967E-02   -4.4840E-02   -2.3666E-02    4.9264E-02    3.0557E-02   -1.6748E-02   -4.4355E-02    1.5860E-01    1.1224E+00  
 -5.7237E+00    7.0450E+00   -4.6495E+00    1.3386E+00   -1.1236E-02   -3.6855E-03   -3.6226E-01    6.0187E-01   -2.0980E-01    6.9499E-06   -4.8843E-02    1.6636E-02    1.3672E-01   -5.1691E-02    1.8343E-03   -8.9446E-02    5.3057E-02   -1.0756E-02   -6.6958E-02    3.1485E-02    1.8742E-02   -3.6041E-02    1.9099E-01    1.3120E+00  
 -6.5374E+00    8.6822E+00   -4.4980E+00    1.3977E+00   -1.4937E-01    9.0456E-02   -2.5133E-01    5.6428E-01   -1.6816E-01    6.3902E-02   -1.0304E-02    1.2001E-02    8.4234E-02   -3.4537E-02   -8.7150E-04   -8.2805E-02    3.4850E-02    6.5073E-03   -5.7300E-02    2.5273E-02    2.4034E-02   -4.0266E-02    1.6952E-01    1.2046E+00  
 -7.2269E+00    1.0593E+01   -3.8895E+00    1.4298E+00   -1.7027E-01    1.9201E-01   -1.5645E-01    5.3735E-01   -1.2140E-01    1.0856E-01    1.3502E-02    1.5746E-02    4.7085E-02   -2.3385E-02   -3.5678E-03   -7.6952E-02    2.0406E-02    2.1158E-02   -4.3232E-02    1.6248E-02    2.1503E-02   -4.3515E-02    1.5288E-01    1.1124E+00  
 -7.6725E+00    1.1604E+01   -1.3878E+00    1.4455E+00   -1.1066E-01    2.6631E-01   -7.3255E-02    5.2116E-01   -6.9012E-02    1.3478E-01    2.6349E-02    2.0750E-02    2.1030E-02   -1.6900E-02   -4.5482E-03   -7.2398E-02    9.4730E-03    3.0662E-02   -2.3787E-02    1.0151E-02    1.2970E-02   -4.4368E-02    1.4290E-01    1.0451E+00  
 -7.8003E+00    1.1498E+01    2.2701E-03    1.4508E+00   -1.0403E-02    2.9176E-01    2.5093E-03    5.1581E-01   -1.3718E-02    1.4228E-01    2.9628E-02    2.2358E-02    1.4274E-03   -1.4859E-02   -4.5158E-03   -7.0894E-02    5.5608E-04    3.3367E-02   -8.5816E-04    9.2958E-03    1.5810E-03   -4.4111E-02    1.3977E-01    1.0011E+00  
 -7.6713E+00    1.1605E+01    1.3948E+00    1.4473E+00    9.0511E-02    2.6215E-01    7.8183E-02    5.2155E-01    4.1974E-02    1.3183E-01    2.5088E-02    2.0046E-02   -1.7782E-02   -1.6747E-02   -4.6064E-03   -7.2632E-02   -8.4534E-03    2.9653E-02    2.2683E-02    1.3868E-02   -1.0396E-02   -4.4284E-02    1.4217E-01    1.0496E+00  
 -7.2244E+00    1.0600E+01    3.8976E+00    1.4326E+00    1.5134E-01    1.8376E-01    1.6017E-01    5.3817E-01    9.4682E-02    1.0270E-01    1.1666E-02    1.4657E-02   -4.3948E-02   -2.3045E-02   -6.4178E-03   -7.7580E-02   -1.9699E-02    1.9586E-02    4.3155E-02    2.3027E-02   -2.0592E-02   -4.3740E-02    1.5083E-01    1.1161E+00  
 -6.5338E+00    8.6751E+00    4.4973E+00    1.4010E+00    1.3216E-01    7.8783E-02    2.5349E-01    5.6585E-01    1.4204E-01    5.5465E-02   -1.1983E-02    1.0894E-02   -8.1628E-02   -3.3907E-02   -9.9505E-03   -8.3644E-02   -3.4599E-02    4.8234E-03    5.8754E-02    3.4153E-02   -2.5199E-02   -4.1177E-02    1.6588E-01    1.2041E+00  
 -5.7197E+00    7.0359E+00    4.6489E+00    1.3415E+00   -4.0351E-03   -1.8124E-02    3.6287E-01    6.0389E-01    1.8414E-01   -1.0545E-02   -5.0097E-02    1.5606E-02   -1.3502E-01   -5.1052E-02   -1.3733E-02   -9.0648E-02   -5.3987E-02   -1.1925E-02    6.9729E-02    4.1557E-02   -2.2407E-02   -3.7525E-02    1.8586E-01    1.3027E+00  
 -4.2465E+00    6.9339E+00   -3.6983E+00    1.3762E+00    1.4844E-01   -3.5683E-02   -5.0016E-01    9.7485E-01   -5.0564E-01    9.2642E-02   -1.6377E-01    3.9946E-02    8.6274E-02   -7.8164E-02   -1.3877E-01   -1.7160E-01    9.9993E-02    1.7354E-02   -1.8200E-01    2.0385E-02   -3.1650E-03   -4.3224E-02    2.1960E-01    1.2837E+00  
 -5.0741E+00    7.7739E+00   -3.5679E+00    1.2925E+00    1.1285E-01   -1.1436E-01   -2.9160E-01    7.5751E-01   -2.4176E-01    1.3042E-01   -7.8038E-02   -4.7204E-02    1.2527E-01   -2.2063E-02   -2.7323E-02   -1.0195E-01    3.8187E-02    2.7419E-02   -7.8406E-02    3.2590E-02    2.8995E-02   -3.2695E-02    2.0306E-01    1.4457E+00  
 -5.5901E+00    8.1117E+00   -1.9686E+00    1.3323E+00    2.3660E-03   -3.0075E-02   -1.7994E-01    7.1285E-01   -1.6157E-01    1.7433E-01   -5.3282E-02   -5.6504E-02    8.0805E-02   -1.0603E-02   -1.5095E-02   -1.0263E-01    2.5013E-02    3.9743E-02   -5.2434E-02    1.4887E-02    2.9663E-02   -3.3849E-02    1.8798E-01    1.3863E+00  
 -5.9075E+00    9.1640E+00   -7.0817E-01    1.3611E+00   -2.7245E-02    4.1385E-02   -8.4734E-02    6.9364E-01   -8.8777E-02    2.0463E-01   -3.7977E-02   -5.3873E-02    3.8721E-02   -1.5072E-03   -1.0136E-02   -9.9393E-02    1.2246E-02    4.9502E-02   -2.8173E-02    4.8818E-03    1.8137E-02   -3.4948E-02    1.7880E-01    1.3343E+00  
 -6.0123E+00    9.5344E+00   -1.0901E-03    1.3714E+00   -1.1768E-02    6.5813E-02    2.6448E-03    6.8778E-01   -1.5053E-02    2.1320E-01   -3.3235E-02   -5.2822E-02    1.3907E-03    9.8233E-04   -4.9983E-03   -9.7586E-02    3.7114E-04    5.2211E-02   -1.5434E-03    2.0373E-03    2.3828E-03   -3.4204E-02    1.7692E-01    1.2912E+00  
 -5.9064E+00    9.1572E+00    7.1634E-01    1.3633E+00    4.6638E-03    3.6383E-02    9.0049E-02    6.9368E-01    5.9625E-02    2.0096E-01   -3.8951E-02   -5.4615E-02   -3.5311E-02   -1.9102E-03    5.6556E-04   -9.8983E-02   -1.1514E-02    4.7984E-02    2.6275E-02    8.0902E-03   -1.3554E-02   -3.3835E-02    1.7984E-01    1.3412E+00  
 -5.5883E+00    8.1001E+00    1.9759E+00    1.3348E+00   -2.3611E-02   -3.9815E-02    1.8430E-01    7.1281E-01    1.3339E-01    1.6754E-01   -5.5378E-02   -5.8003E-02   -7.7475E-02   -1.0312E-02    5.4956E-03   -1.0345E-01   -2.4522E-02    3.7648E-02    5.2419E-02    2.1387E-02   -2.6167E-02   -3.3885E-02    1.8780E-01    1.3914E+00  
 -5.0724E+00    7.7521E+00    3.5750E+00    1.2943E+00   -1.3067E-01   -1.3048E-01    2.9482E-01    7.5656E-01    2.1564E-01    1.1719E-01   -8.0881E-02   -5.0643E-02   -1.2220E-01   -2.5670E-02    1.7237E-02   -1.0436E-01   -3.8359E-02    2.3831E-02    8.0113E-02    3.7197E-02   -2.8590E-02   -3.3518E-02    2.0365E-01    1.4455E+00  
 -4.3536E+00    6.7745E+00    3.6461E+00    1.3025E+00   -2.3608E-01   -1.5123E-01    4.7348E-01    9.0135E-01    4.2331E-01    2.9333E-02   -1.7768E-01    4.8550E-03   -1.1337E-01   -1.0379E-01    9.9419E-02   -1.7989E-01   -1.0273E-01    8.1912E-03    1.6927E-01    1.2509E-02   -8.2077E-03   -4.4363E-02    2.2242E-01    1.2852E+00  
