  1.2343E+00    3.3113E+00    1.7957E+00   -2.1554E+00   -2.7921E+00   -2.3390E+00    7.9807E-01    1.8717E+00    1.5929E+00    6.9188E-01   -5.8241E-01   -1.0176E+00   -1.1156E+00    1.1592E-01   -3.4310E+00    3.4041E-01    1.4007E-01    2.3743E-01    7.7573E-01   -1.0814E-01    1.8919E-01   -2.8987E-02    1.6759E-01    1.2521E+00  
  2.8417E+00    1.3214E+00    5.7216E-01   -3.0706E-01   -8.2511E-01   -8.6201E-01    2.9244E-02    1.0177E-01    3.9014E-01    1.8614E-01   -2.4701E-01   -1.7917E-01   -1.7292E-01    4.5774E-03   -2.8629E+00    1.9400E-01    8.1772E-02    7.0464E-02    1.8206E-01   -4.6540E-02    1.0296E-01   -4.0308E-02    3.2844E-01    1.0718E+00  
  2.8690E+00    1.2949E+00    7.9672E-02   -1.3673E-02   -4.0671E-01   -5.1408E-01   -4.3559E-02   -1.2797E-01    2.5382E-01   -3.7716E-02   -1.3050E-01   -1.3372E-02   -1.6046E-02   -8.0947E-03   -2.6896E+00    8.5907E-02    4.0548E-02    4.1874E-02    3.6664E-02   -1.3990E-03    5.4092E-03   -4.2275E-02    3.6021E-01    1.0288E+00  
  2.7431E+00    1.5020E+00   -2.3989E-01    4.7833E-02   -2.7290E-01   -3.7190E-01   -2.6555E-02   -1.3815E-01    3.3883E-01   -1.5054E-01   -1.0122E-01    1.8386E-02   -6.4574E-03   -1.2690E-02   -2.6763E+00    4.7724E-02    3.1647E-02    5.1301E-02    1.4576E-03    2.0215E-03   -5.7393E-03   -2.9800E-02    3.6899E-01    1.0742E+00  
  2.6726E+00    1.6335E+00   -4.9680E-01    8.7916E-02   -1.8783E-01   -2.6770E-01   -7.8026E-03   -1.5554E-01    4.3386E-01   -2.3735E-01   -8.2044E-02    4.5108E-02   -1.1879E-02   -1.2059E-02   -2.6668E+00    9.0278E-03    2.7507E-02    5.4325E-02   -2.6323E-02    1.1291E-03   -1.1810E-02   -1.2951E-02    3.7478E-01    1.1336E+00  
  2.6695E+00    1.6852E+00   -7.0226E-01    1.0952E-01   -1.0324E-01   -2.0758E-01    1.8193E-02   -1.8119E-01    5.3975E-01   -2.9730E-01   -7.2396E-02    6.4545E-02   -2.9131E-02   -8.9864E-03   -2.6632E+00   -2.5872E-02    2.9042E-02    5.1272E-02   -4.4371E-02   -1.7427E-03   -1.1529E-02    3.5508E-03    3.7605E-01    1.1836E+00  
  2.7384E+00    1.6466E+00   -7.7758E-01    1.1058E-01    3.0265E-02   -1.8406E-01    5.3598E-02   -2.1697E-01    6.5342E-01   -3.2752E-01   -7.2808E-02    7.5360E-02   -5.2036E-02   -5.7495E-03   -2.6644E+00   -5.2343E-02    3.1669E-02    4.1712E-02   -5.4946E-02   -3.4782E-03   -3.6508E-03    1.5031E-02    3.7340E-01    1.2138E+00  
  3.0495E+00    1.2182E+00   -5.4031E-01    2.7729E-01    7.8878E-02    5.0691E-03    1.8824E-01   -4.7769E-01    9.6829E-01   -4.0557E-01   -1.3259E-02    2.0359E-01   -1.9459E-01   -4.1556E-03   -2.8199E+00   -1.3581E-01    5.7396E-02   -1.7505E-02    4.0472E-02    3.3109E-02    9.0076E-02    1.1575E-02    3.5063E-01    1.2560E+00  
  4.8076E+00   -1.1143E+00    5.1945E-01    1.7617E+00   -9.6150E-01    1.2543E+00    9.6145E-01   -2.1581E+00    2.2157E+00   -6.9661E-01    1.7788E-01    9.5864E-01   -1.0145E+00   -7.3552E-02   -3.3373E+00   -1.9292E-01    5.6414E-02   -2.3357E-01    5.7333E-01    8.1279E-02    1.7401E-01   -7.5030E-03    1.9120E-01    1.4048E+00  
  2.8484E+00    1.0027E+00    9.4548E-01    1.5344E-02   -4.1251E-01   -3.9097E-01   -9.2988E-02   -1.1658E-01    1.3125E-01    3.1344E-01   -1.1722E-01   -1.9218E-02    1.1809E-02    1.2308E-02   -2.6824E+00    7.1275E-02    2.3954E-02   -2.4056E-02    4.8779E-02   -4.1071E-03   -4.3815E-04   -3.6075E-02    3.6286E-01    1.0984E+00  
  2.6099E+00    1.3062E+00    7.1490E-01    8.5319E-02   -2.0580E-01   -2.6531E-01   -6.0283E-02   -1.0221E-01    1.7398E-01    1.5790E-01   -8.0218E-02    9.2133E-03    2.5991E-02    4.6009E-03   -2.6756E+00    5.1855E-02    2.1621E-02   -8.7339E-03    1.9441E-02    5.4375E-03   -1.7663E-02   -3.9862E-02    3.7319E-01    1.0819E+00  
  2.4001E+00    1.5360E+00    3.0530E-01    1.3422E-01   -1.0966E-01   -1.2436E-01   -4.3808E-02   -9.6777E-02    2.2502E-01    3.3550E-02   -4.8816E-02    3.4445E-02    3.3902E-02   -2.5678E-03   -2.6698E+00    2.6039E-02    1.5095E-02    7.3660E-03   -1.0127E-02    9.4886E-03   -3.1098E-02   -3.2550E-02    3.8308E-01    1.0792E+00  
  2.2417E+00    1.7143E+00   -7.0291E-02    1.6175E-01   -9.3810E-02   -2.1918E-03   -3.1387E-02   -9.2805E-02    2.8669E-01   -6.7177E-02   -3.0575E-02    5.2825E-02    2.7324E-02   -4.9807E-03   -2.6651E+00    3.2267E-03    1.1017E-02    2.0328E-02   -3.4753E-02    5.9097E-03   -4.1571E-02   -2.2120E-02    3.9075E-01    1.1086E+00  
  2.1588E+00    1.8229E+00   -4.0494E-01    1.7448E-01   -1.1566E-01    7.7870E-02   -1.8049E-02   -9.0544E-02    3.5571E-01   -1.4314E-01   -2.4204E-02    6.0862E-02    1.0438E-02   -5.7878E-03   -2.6626E+00   -1.3130E-02    1.1555E-02    3.0624E-02   -5.2006E-02   -1.3971E-03   -4.5286E-02   -1.2002E-02    3.9416E-01    1.1555E+00  
  2.1644E+00    1.8683E+00   -6.7489E-01    1.7853E-01   -1.3069E-01    1.1226E-01   -9.8031E-04   -9.4545E-02    4.2712E-01   -1.9662E-01   -2.5977E-02    6.1613E-02   -1.0362E-02   -5.3865E-03   -2.6588E+00   -2.6609E-02    1.5319E-02    3.6521E-02   -6.4843E-02   -9.5831E-03   -4.4840E-02   -2.2356E-03    3.9423E-01    1.1710E+00  
  2.2629E+00    1.8539E+00   -8.4483E-01    1.7512E-01   -9.7905E-02    1.1099E-01    2.3599E-02   -1.0944E-01    5.0159E-01   -2.2822E-01   -3.3356E-02    5.9011E-02   -3.3376E-02   -3.6609E-03   -2.6569E+00   -4.0043E-02    2.0383E-02    3.5508E-02   -7.0981E-02   -1.6331E-02   -3.7042E-02    7.3862E-03    3.9025E-01    1.1803E+00  
  2.4453E+00    1.7549E+00   -8.4294E-01    1.5698E-01    2.3017E-02    9.6161E-02    5.7089E-02   -1.3675E-01    5.7570E-01   -2.3480E-01   -4.6558E-02    5.3844E-02   -5.3920E-02   -2.2252E-03   -2.6569E+00   -4.9556E-02    2.0929E-02    2.5755E-02   -7.1704E-02   -1.7333E-02   -2.3374E-02    1.3640E-02    3.8332E-01    1.1777E+00  
  2.6898E+00    1.5801E+00   -8.0969E-01    1.0183E-01    2.8000E-01    1.0489E-01    9.6384E-02   -1.7167E-01    6.4314E-01   -2.1759E-01   -7.6704E-02    5.0038E-02   -5.5851E-02    3.0185E-03   -2.6623E+00   -4.5940E-02    7.2649E-03    1.4182E-03   -6.8828E-02   -1.1465E-02   -2.4416E-03    8.4164E-03    3.7301E-01    1.1816E+00  
  2.4344E+00    1.1154E+00    1.2439E+00    1.3991E-01   -3.1435E-02   -1.9300E-01   -7.4774E-02   -9.1638E-02    1.4414E-01    3.3004E-01   -4.9487E-02    7.2187E-03    5.7819E-02    8.2840E-03   -2.6638E+00    1.8306E-02   -1.3044E-03   -4.8270E-02    1.6866E-03    1.6733E-02   -2.7742E-02   -2.2383E-02    3.8349E-01    1.1642E+00  
  2.1340E+00    1.3337E+00    9.3740E-01    1.7391E-01    7.0993E-02   -8.2629E-02   -4.9410E-02   -7.6307E-02    1.6862E-01    1.9521E-01   -1.8096E-02    2.9283E-02    6.0836E-02    2.3704E-03   -2.6685E+00    4.6895E-03   -1.3311E-03   -3.0693E-02   -1.6286E-02    2.1771E-02   -4.0330E-02   -2.4027E-02    3.9402E-01    1.1636E+00  
  1.8378E+00    1.6543E+00    6.1180E-01    1.8628E-01    7.5435E-02    4.1831E-02   -3.4730E-02   -6.3357E-02    2.0684E-01    8.5048E-02    2.4583E-03    4.3720E-02    5.1903E-02   -2.4233E-04   -2.6763E+00   -5.3151E-03    8.7373E-05   -1.1846E-02   -2.9275E-02    1.6906E-02   -4.6931E-02   -2.3685E-02    4.0170E-01    1.1527E+00  
  1.6637E+00    1.7550E+00    3.0413E-01    1.9139E-01    1.7840E-02    1.5056E-01   -2.6079E-02   -5.4697E-02    2.4978E-01   -6.5090E-03    1.4073E-02    5.4111E-02    3.6989E-02   -2.6953E-03   -2.6796E+00   -1.5653E-02    1.4629E-03    4.1511E-03   -4.2763E-02    8.8805E-03   -5.2156E-02   -1.9218E-02    4.0767E-01    1.1582E+00  
  1.5998E+00    1.7855E+00   -5.1153E-02    1.9367E-01   -6.8068E-02    2.1899E-01   -1.7975E-02   -4.7987E-02    2.9608E-01   -7.9793E-02    1.5417E-02    5.6785E-02    1.5833E-02   -3.1429E-03   -2.6798E+00   -2.2219E-02    4.9318E-03    1.6002E-02   -5.3228E-02   -2.9332E-03   -5.4498E-02   -1.4623E-02    4.1010E-01    1.1652E+00  
  1.6455E+00    1.7681E+00   -4.0412E-01    1.9649E-01   -1.4450E-01    2.4111E-01   -6.8767E-03   -4.6088E-02    3.4236E-01   -1.3515E-01    1.0221E-02    5.2704E-02   -5.9822E-03   -3.0388E-03   -2.6770E+00   -2.7095E-02    1.0214E-02    2.4342E-02   -6.1645E-02   -1.4945E-02   -5.3466E-02   -9.3858E-03    4.0890E-01    1.1528E+00  
  1.7923E+00    1.7228E+00   -7.5262E-01    1.9795E-01   -1.7720E-01    2.2461E-01    9.7565E-03   -5.2050E-02    3.8738E-01   -1.7123E-01    8.0955E-04    4.3448E-02   -2.8037E-02   -3.3232E-03   -2.6710E+00   -3.1634E-02    1.5298E-02    2.9492E-02   -6.6929E-02   -2.4280E-02   -4.9462E-02   -3.7634E-03    4.0443E-01    1.1297E+00  
  1.9955E+00    1.7935E+00   -9.7355E-01    1.8862E-01   -1.2836E-01    1.9078E-01    3.2658E-02   -6.4675E-02    4.2603E-01   -1.8628E-01   -1.5483E-02    2.9411E-02   -4.3758E-02   -1.4873E-03   -2.6614E+00   -3.1460E-02    1.5038E-02    2.8401E-02   -7.1156E-02   -3.1488E-02   -4.2265E-02   -1.5340E-03    3.9754E-01    1.1361E+00  
  2.3041E+00    1.6419E+00   -1.0058E+00    1.5703E-01    3.4436E-02    1.8033E-01    6.3990E-02   -8.6058E-02    4.5914E-01   -1.8132E-01   -4.1836E-02    1.9517E-02   -5.0052E-02    8.6113E-04   -2.6564E+00   -2.7419E-02    6.1087E-03    1.4494E-02   -6.8685E-02   -2.9421E-02   -2.6846E-02   -3.1277E-03    3.8701E-01    1.1449E+00  
  4.8807E+00   -6.7706E-01   -1.0304E+00    1.8007E+00    1.0777E+00   -1.1791E+00   -2.1968E+00   -1.0228E+00    6.0829E-01    2.2102E+00    2.0341E-01   -9.5358E-01    1.0693E+00   -1.0124E-01   -3.2868E+00   -6.8573E-02   -2.1213E-01    5.8106E-01    2.2402E-01   -1.4617E-01    9.1646E-02   -5.3800E-03    1.9248E-01    1.4636E+00  
  2.7839E+00    6.8337E-01    1.5978E+00    1.0901E-01   -1.7611E-01   -1.0324E-01   -1.8553E-01   -1.2016E-01    1.9773E-01    6.6938E-01   -7.3694E-02   -4.9047E-02    7.9693E-02    6.3479E-03   -2.6635E+00   -4.5330E-03   -4.5427E-02   -6.9092E-02    1.1434E-03    6.0141E-04   -4.1078E-03    8.9287E-03    3.7175E-01    1.2301E+00  
  2.3948E+00    9.1525E-01    1.6305E+00    1.6165E-01    6.0469E-02   -1.7831E-01   -9.8065E-02   -8.3567E-02    1.6054E-01    4.7978E-01   -4.0684E-02   -1.7441E-02    7.3307E-02    5.0251E-03   -2.6568E+00   -2.7525E-03   -2.4938E-02   -7.0988E-02   -1.1630E-02    2.5412E-02   -2.3436E-02   -3.3014E-03    3.8700E-01    1.2091E+00  
  2.0066E+00    1.0788E+00    1.4337E+00    1.8841E-01    1.8983E-01   -1.4330E-01   -5.4899E-02   -6.2059E-02    1.5345E-01    3.3481E-01   -9.2862E-03    3.8655E-03    7.1215E-02    3.3471E-03   -2.6673E+00   -6.2049E-03   -1.5517E-02   -5.7994E-02   -2.0247E-02    3.2673E-02   -3.5941E-02   -1.3498E-02    3.9891E-01    1.2001E+00  
  1.6150E+00    1.4036E+00    1.0407E+00    1.9290E-01    2.2139E-01   -4.5262E-02   -3.4875E-02   -4.8579E-02    1.6337E-01    2.1690E-01    1.6837E-02    2.1382E-02    6.6512E-02    1.2053E-03   -2.6804E+00   -1.2435E-02   -1.1669E-02   -4.0186E-02   -2.6989E-02    3.0306E-02   -4.3896E-02   -1.8034E-02    4.0922E-01    1.1963E+00  
  1.3204E+00    1.5046E+00    7.2647E-01    1.8388E-01    1.7624E-01    6.9680E-02   -2.4929E-02   -3.7735E-02    1.8457E-01    1.1778E-01    3.4058E-02    3.3871E-02    5.3915E-02   -3.7916E-04   -2.6930E+00   -1.6318E-02   -7.2905E-03   -2.0757E-02   -3.1710E-02    2.1217E-02   -4.6842E-02   -2.1638E-02    4.1679E-01    1.1772E+00  
  1.1265E+00    1.5668E+00    3.5376E-01    1.7434E-01    8.1594E-02    1.6866E-01   -1.8470E-02   -2.8827E-02    2.1162E-01    3.1942E-02    4.2177E-02    4.1649E-02    3.6559E-02   -1.5947E-03   -2.7005E+00   -1.9530E-02   -2.3420E-03   -4.7675E-03   -3.6716E-02    9.5606E-03   -4.8889E-02   -2.2027E-02    4.2172E-01    1.1726E+00  
  1.0546E+00    1.5916E+00   -4.3188E-02    1.7182E-01   -3.2365E-02    2.2789E-01   -1.3439E-02   -2.2316E-02    2.4020E-01   -3.9855E-02    4.2231E-02    4.3256E-02    1.6594E-02   -2.4819E-03   -2.7025E+00   -2.3481E-02    2.7024E-03    7.7086E-03   -4.2206E-02   -3.2924E-03   -4.9866E-02   -1.8852E-02    4.2350E-01    1.1695E+00  
  1.1111E+00    1.5810E+00   -4.3848E-01    1.7734E-01   -1.3626E-01    2.4045E-01   -7.6257E-03   -1.9224E-02    2.6753E-01   -9.7925E-02    3.6823E-02    3.8312E-02   -4.4361E-03   -3.0170E-03   -2.6994E+00   -2.6268E-02    9.1585E-03    1.7367E-02   -4.8079E-02   -1.6249E-02   -4.9343E-02   -1.4720E-02    4.2224E-01    1.1458E+00  
  1.2921E+00    1.5340E+00   -8.0806E-01    1.8713E-01   -2.0161E-01    2.1336E-01    2.2865E-03   -2.1067E-02    2.9149E-01   -1.4117E-01    2.7640E-02    2.7353E-02   -2.4060E-02   -3.1505E-03   -2.6911E+00   -2.6013E-02    1.4072E-02    2.4760E-02   -5.3343E-02   -2.8207E-02   -4.7561E-02   -1.2228E-02    4.1754E-01    1.1346E+00  
  1.5774E+00    1.4475E+00   -1.1182E+00    1.9372E-01   -1.9910E-01    1.6867E-01    2.0238E-02   -2.9108E-02    3.0955E-01   -1.6623E-01    1.3794E-02    1.2190E-02   -3.9376E-02   -2.6630E-03   -2.6783E+00   -2.3903E-02    1.5741E-02    2.9426E-02   -5.6641E-02   -3.7961E-02   -4.4555E-02   -1.1404E-02    4.0977E-01    1.1195E+00  
  1.9214E+00    1.4930E+00   -1.1937E+00    1.8489E-01   -1.0137E-01    1.4492E-01    4.5844E-02   -4.2929E-02    3.1842E-01   -1.7493E-01   -9.1548E-03   -1.5265E-03   -4.7275E-02   -8.0978E-04   -2.6663E+00   -1.8775E-02    9.5717E-03    2.3541E-02   -5.5297E-02   -4.1355E-02   -3.4688E-02   -1.2409E-02    3.9877E-01    1.1271E+00  
  2.3386E+00    1.2790E+00   -1.1776E+00    1.3484E-01    1.2558E-01    1.9552E-01    7.5615E-02   -5.9474E-02    3.1419E-01   -1.6949E-01   -5.0649E-02   -5.0276E-03   -3.5031E-02    3.6697E-03   -2.6613E+00   -4.6208E-03   -1.5448E-02    1.0846E-03   -4.6081E-02   -3.3412E-02   -1.8094E-02   -2.1539E-02    3.8352E-01    1.0854E+00  
  2.7449E+00    1.0201E+00   -1.0250E+00    7.3393E-03    5.1469E-01    3.9509E-01    9.9127E-02   -7.3656E-02    2.9824E-01   -1.6147E-01   -1.2039E-01    2.2148E-02    1.0968E-02    7.8859E-03   -2.6797E+00    2.1341E-02   -6.9791E-02   -4.8116E-02   -2.2344E-02   -5.4606E-03    4.1558E-03   -3.5669E-02    3.6215E-01    1.0483E+00  
  1.1642E+00    1.8869E+00   -3.2395E+00   -2.1881E+00    2.8786E+00    2.2674E+00   -1.9084E+00    8.4795E-01    6.1886E-01   -1.5668E+00   -6.0856E-01    1.0162E+00    1.1620E+00    1.2603E-01   -3.3633E+00    1.5266E-01   -3.5936E-01   -7.7936E-01    2.2898E-01    1.5179E-01    9.9913E-02   -2.9913E-02    1.7031E-01    1.2967E+00  
  3.1303E+00    4.3707E-01    1.2531E+00    2.8808E-01    3.6878E-02   -4.2714E-03   -4.9272E-01   -2.1967E-01    3.8571E-01    1.0048E+00   -7.7918E-03   -2.0302E-01    2.2271E-01   -8.8509E-03   -2.8222E+00   -5.5189E-02   -1.3803E-01    4.3937E-02    1.7268E-02   -9.2394E-02    4.6453E-02    1.1826E-02    3.4761E-01    1.2786E+00  
  2.5218E+00    7.0496E-01    1.8062E+00    1.6099E-01    7.5593E-02   -9.4606E-02   -1.4602E-01   -8.0606E-02    2.1858E-01    6.0094E-01   -4.4750E-02   -5.1642E-02    7.7191E-02    5.5217E-04   -2.6560E+00   -1.7127E-02   -4.8530E-02   -7.3821E-02   -2.3020E-02    2.1046E-02   -1.1039E-02    1.3634E-02    3.8277E-01    1.2311E+00  
  2.0702E+00    8.2428E-01    1.7926E+00    1.9148E-01    2.1884E-01   -1.8959E-01   -7.3323E-02   -5.2674E-02    1.6953E-01    4.4693E-01   -1.5180E-02   -2.6842E-02    6.7631E-02    2.0046E-03   -2.6605E+00   -1.1205E-02   -2.9220E-02   -7.4337E-02   -2.5270E-02    3.9989E-02   -2.6084E-02   -1.9456E-03    3.9772E-01    1.2076E+00  
  1.6111E+00    1.0382E+00    1.4073E+00    1.9626E-01    2.8333E-01   -1.6802E-01   -3.8203E-02   -3.7371E-02    1.4861E-01    3.2666E-01    1.2969E-02   -9.5258E-03    6.4751E-02    5.4554E-04   -2.6782E+00   -1.2531E-02   -2.1396E-02   -5.9581E-02   -2.6379E-02    4.2234E-02   -3.2605E-02   -1.2179E-02    4.0997E-01    1.1959E+00  
  1.1956E+00    1.1425E+00    1.1447E+00    1.8030E-01    2.7410E-01   -8.1294E-02   -2.3155E-02   -2.6885E-02    1.4633E-01    2.2493E-01    3.5659E-02    5.2288E-03    5.8789E-02   -1.3919E-04   -2.6968E+00   -1.5157E-02   -1.6360E-02   -4.0738E-02   -2.5108E-02    3.4538E-02   -3.6035E-02   -1.8075E-02    4.2011E-01    1.1870E+00  
  8.6529E-01    1.2155E+00    7.9597E-01    1.5626E-01    2.0909E-01    2.5146E-02   -1.6316E-02   -1.9412E-02    1.5369E-01    1.3438E-01    5.1042E-02    1.8216E-02    4.7812E-02   -9.8028E-04   -2.7103E+00   -1.7310E-02   -1.0121E-02   -2.3465E-02   -2.5632E-02    2.3714E-02   -3.8356E-02   -2.2958E-02    4.2837E-01    1.1825E+00  
  6.4988E-01    1.2612E+00    3.9119E-01    1.3784E-01    1.0821E-01    1.1604E-01   -1.2149E-02   -1.3085E-02    1.6680E-01    5.3482E-02    5.8565E-02    2.6163E-02    3.3901E-02   -1.7589E-03   -2.7182E+00   -1.9258E-02   -5.0829E-03   -8.9141E-03   -2.7448E-02    1.0617E-02   -3.9850E-02   -2.3743E-02    4.3372E-01    1.1632E+00  
  5.7258E-01    1.2810E+00   -3.5790E-02    1.3137E-01   -4.6973E-03    1.6692E-01   -9.5374E-03   -8.8940E-03    1.8204E-01   -1.7557E-02    6.0074E-02    2.7747E-02    1.7665E-02   -2.3683E-03   -2.7206E+00   -2.0882E-02    7.4588E-04    3.1726E-03   -2.9942E-02   -3.2637E-03   -4.0530E-02   -2.2240E-02    4.3586E-01    1.1712E+00  
  6.3910E-01    1.2761E+00   -4.6124E-01    1.3888E-01   -1.0723E-01    1.7091E-01   -6.9840E-03   -6.9556E-03    1.9662E-01   -7.8593E-02    5.6811E-02    2.2770E-02   -6.0406E-04   -2.7870E-03   -2.7176E+00   -2.1585E-02    8.5058E-03    1.3167E-02   -3.3614E-02   -1.7188E-02   -4.0133E-02   -1.9718E-02    4.3399E-01    1.1534E+00  
  8.4481E-01    1.2453E+00   -8.6293E-01    1.5750E-01   -1.7805E-01    1.3516E-01   -1.1889E-03   -7.7390E-03    2.0766E-01   -1.2843E-01    4.9280E-02    1.1959E-02   -1.8139E-02   -2.9865E-03   -2.7093E+00   -2.0805E-02    1.5380E-02    2.1354E-02   -3.6688E-02   -3.0400E-02   -3.8834E-02   -1.7515E-02    4.2866E-01    1.1417E+00  
  1.1682E+00    1.1864E+00   -1.2094E+00    1.7805E-01   -1.9508E-01    8.1454E-02    1.2359E-02   -1.2996E-02    2.1182E-01   -1.6487E-01    3.7442E-02   -2.6291E-03   -3.2134E-02   -2.8993E-03   -2.6961E+00   -1.8448E-02    1.7370E-02    2.7866E-02   -3.8437E-02   -4.1328E-02   -3.6548E-02   -1.7336E-02    4.2004E-01    1.1355E+00  
  1.5786E+00    1.0956E+00   -1.4701E+00    1.8974E-01   -1.3774E-01    4.6520E-02    3.5197E-02   -2.2051E-02    2.0459E-01   -1.8559E-01    1.7665E-02   -1.8951E-02   -4.1310E-02   -2.2707E-03   -2.6788E+00   -1.4657E-02    1.5207E-02    3.0569E-02   -3.7811E-02   -4.8962E-02   -3.2608E-02   -1.6806E-02    4.0896E-01    1.1211E+00  
  2.0488E+00    1.0281E+00   -1.3825E+00    1.6990E-01    1.8165E-02    8.4753E-02    6.3451E-02   -3.3721E-02    1.8365E-01   -1.9446E-01   -1.8338E-02   -2.7079E-02   -3.7557E-02   -1.8222E-03   -2.6654E+00   -4.6928E-03   -1.8382E-03    1.9937E-02   -2.8426E-02   -4.5101E-02   -2.3846E-02   -2.2671E-02    3.9394E-01    1.0776E+00  
  2.5189E+00    7.9765E-01   -1.2898E+00    7.9780E-02    3.0216E-01    2.6836E-01    8.9095E-02   -4.1369E-02    1.4678E-01   -2.0360E-01   -8.1930E-02   -6.9784E-03   -3.8823E-03    4.6917E-04   -2.6716E+00    1.8515E-02   -4.9459E-02   -1.6852E-02   -7.0148E-03   -2.2044E-02   -6.5649E-03   -3.8936E-02    3.7284E-01    1.0468E+00  
  2.7454E+00    6.2285E-01   -1.3121E+00   -3.1759E-01    9.3476E-01    8.6540E-01   -1.1815E-01    5.4399E-02    1.7143E-01   -4.2706E-01   -2.5176E-01    1.8177E-01    1.9787E-01    6.0109E-03   -2.8591E+00    8.0270E-02   -1.9411E-01   -1.8364E-01    6.9325E-02    9.7655E-02    5.0875E-02   -4.0264E-02    3.2659E-01    1.0922E+00  
  2.7916E+00    5.6350E-01    1.6363E+00    1.1427E-01    7.4245E-02    1.8525E-01   -2.2360E-01   -8.0231E-02    3.1497E-01    6.8221E-01   -7.0520E-02   -7.2919E-02    7.3682E-02   -5.2816E-03   -2.6617E+00   -2.7538E-02   -5.2750E-02   -5.7252E-02   -4.0028E-02    7.2139E-04    3.8933E-03    1.5628E-02    3.7244E-01    1.2412E+00  
  2.3156E+00    6.1408E-01    1.8836E+00    1.7671E-01    1.9283E-01   -1.1008E-01   -1.1502E-01   -4.6941E-02    2.1590E-01    5.2634E-01   -3.2580E-02   -5.5838E-02    5.5967E-02   -1.6830E-03   -2.6545E+00   -1.5702E-02   -3.8715E-02   -7.4644E-02   -3.2817E-02    3.4371E-02   -1.0839E-02    6.6270E-03    3.8989E-01    1.2044E+00  
  1.8227E+00    6.4095E-01    1.6996E+00    1.9926E-01    2.6450E-01   -2.2444E-01   -5.7869E-02   -3.0555E-02    1.5837E-01    4.0890E-01    6.8761E-04   -4.0420E-02    5.2459E-02   -1.0182E-03   -2.6693E+00   -1.1179E-02   -3.0180E-02   -7.0430E-02   -2.6780E-02    4.7152E-02   -1.8966E-02   -4.6115E-03    4.0436E-01    1.1739E+00  
  1.3147E+00    7.2759E-01    1.5069E+00    1.8843E-01    2.8241E-01   -2.1380E-01   -2.7553E-02   -2.0568E-02    1.2742E-01    3.0954E-01    2.6469E-02   -2.4342E-02    5.0308E-02   -9.2386E-04   -2.6902E+00   -1.1024E-02   -2.4622E-02   -5.6147E-02   -2.2574E-02    4.5677E-02   -2.2676E-02   -1.2725E-02    4.1754E-01    1.1684E+00  
  8.6308E-01    7.9579E-01    1.2169E+00    1.5893E-01    2.5362E-01   -1.3610E-01   -1.5037E-02   -1.4281E-02    1.1412E-01    2.2150E-01    4.7371E-02   -9.0131E-03    4.6170E-02   -1.1143E-03   -2.7093E+00   -1.3063E-02   -1.9407E-02   -3.8878E-02   -1.9392E-02    3.7233E-02   -2.4947E-02   -1.7337E-02    4.2864E-01    1.1627E+00  
  5.0601E-01    8.4436E-01    8.4479E-01    1.2441E-01    1.9008E-01   -3.8264E-02   -1.0412E-02   -9.3424E-03    1.1174E-01    1.3962E-01    6.1431E-02    4.7716E-03    3.8584E-02   -1.5227E-03   -2.7228E+00   -1.4623E-02   -1.2221E-02   -2.3337E-02   -1.7907E-02    2.5451E-02   -2.6420E-02   -2.2195E-02    4.3743E-01    1.1757E+00  
  2.7470E-01    8.7593E-01    4.1887E-01    9.8963E-02    1.0547E-01    4.4029E-02   -8.0946E-03   -5.4805E-03    1.1586E-01    6.3335E-02    6.8750E-02    1.2521E-02    2.8652E-02   -2.0053E-03   -2.7309E+00   -1.5316E-02   -6.0944E-03   -1.0462E-02   -1.8820E-02    1.1650E-02   -2.7602E-02   -2.4029E-02    4.4278E-01    1.1679E+00  
  1.9345E-01    8.9128E-01   -2.7986E-02    8.9331E-02    1.5994E-02    8.6219E-02   -7.6648E-03   -3.0535E-03    1.2240E-01   -6.8090E-03    7.1444E-02    1.4066E-02    1.6521E-02   -2.3904E-03   -2.7334E+00   -1.5414E-02    1.1491E-03    1.0281E-03   -2.0301E-02   -3.0685E-03   -2.7983E-02   -2.4679E-02    4.4468E-01    1.1513E+00  
  2.6767E-01    8.9095E-01   -4.7402E-01    9.8106E-02   -6.3506E-02    8.1437E-02   -6.5135E-03   -1.9568E-03    1.2840E-01   -7.0415E-02    6.9832E-02    9.0534E-03    3.8231E-03   -2.6804E-03   -2.7305E+00   -1.4892E-02    9.0273E-03    1.1137E-02   -2.1438E-02   -1.7806E-02   -2.7829E-02   -2.4237E-02    4.4291E-01    1.1554E+00  
  4.9220E-01    8.7406E-01   -8.9786E-01    1.2291E-01   -1.1852E-01    3.6936E-02   -3.0137E-03   -2.3309E-03    1.3059E-01   -1.2640E-01    6.3561E-02   -1.9619E-03   -9.0512E-03   -2.8923E-03   -2.7222E+00   -1.3722E-02    1.6353E-02    1.9796E-02   -2.1787E-02   -3.1637E-02   -2.6842E-02   -2.2886E-02    4.3752E-01    1.1634E+00  
  8.4446E-01    8.3889E-01   -1.2691E+00    1.5419E-01   -1.3401E-01   -2.5386E-02    7.6962E-03   -5.1596E-03    1.2585E-01   -1.7287E-01    5.3083E-02   -1.5731E-02   -1.9834E-02   -2.9351E-03   -2.7089E+00   -1.2126E-02    1.8897E-02    2.8304E-02   -2.1742E-02   -4.3407E-02   -2.5514E-02   -2.2708E-02    4.2841E-01    1.1519E+00  
  1.2925E+00    7.8273E-01   -1.5580E+00    1.8120E-01   -9.6428E-02   -6.8760E-02    2.6958E-02   -1.1047E-02    1.0976E-01   -2.0763E-01    3.5265E-02   -3.1518E-02   -2.7752E-02   -2.8923E-03   -2.6908E+00   -9.8679E-03    1.8269E-02    3.5273E-02   -1.8987E-02   -5.1729E-02   -2.3364E-02   -2.0520E-02    4.1662E-01    1.1508E+00  
  1.7981E+00    6.9426E-01   -1.7069E+00    1.8306E-01    1.0090E-02   -3.9947E-02    5.3290E-02   -1.8301E-02    7.7698E-02   -2.3327E-01    2.7242E-03   -4.1470E-02   -2.7942E-02   -3.3670E-03   -2.6730E+00   -3.1072E-03    7.8505E-03    3.3487E-02   -9.9775E-03   -5.1326E-02   -1.9194E-02   -2.2260E-02    4.0138E-01    1.1248E+00  
  2.3275E+00    4.8187E-01   -1.5356E+00    1.3035E-01    2.0194E-01    1.2695E-01    8.7040E-02   -2.4825E-02    2.6644E-02   -2.5444E-01   -4.9404E-02   -3.2474E-02   -1.2124E-02   -6.0027E-03   -2.6651E+00    1.1746E-02   -2.3267E-02    1.4288E-02    8.9584E-03   -3.4856E-02   -1.1358E-02   -3.1396E-02    3.8271E-01    1.0813E+00  
  2.7929E+00    2.4514E-01   -1.3286E+00   -2.0012E-02    5.0772E-01    5.1789E-01    1.1710E-01   -2.1499E-02   -4.4492E-02   -2.8658E-01   -1.3275E-01    1.6055E-02    3.6868E-02   -1.0867E-02   -2.6839E+00    3.7810E-02   -8.4904E-02   -3.3707E-02    4.2773E-02    2.1234E-03    1.3497E-03   -4.2870E-02    3.5935E-01    1.0581E+00  
  2.6952E+00    4.5329E-01    1.6898E+00    1.1044E-01    2.0475E-01    2.0814E-01   -1.8415E-01   -4.3693E-02    2.8854E-01    5.6731E-01   -7.1598E-02   -6.1143E-02    4.9054E-02   -9.2316E-03   -2.6589E+00   -2.4288E-02   -2.5594E-02   -4.8385E-02   -4.9689E-02    8.6742E-03    4.5084E-03    3.4976E-03    3.7512E-01    1.2149E+00  
  2.1904E+00    4.1662E-01    1.8954E+00    1.7873E-01    2.2363E-01   -1.1240E-01   -9.7641E-02   -2.2463E-02    1.8803E-01    4.5229E-01   -2.5834E-02   -5.8116E-02    3.2558E-02   -4.7416E-03   -2.6557E+00   -1.0867E-02   -2.5987E-02   -6.8848E-02   -3.4571E-02    4.2447E-02   -4.1054E-03   -3.1198E-03    3.9354E-01    1.1960E+00  
  1.6588E+00    3.1027E-01    1.7553E+00    1.9647E-01    2.2976E-01   -2.4194E-01   -4.9571E-02   -1.4496E-02    1.2621E-01    3.6467E-01    1.0103E-02   -4.9359E-02    3.0647E-02   -2.0403E-03   -2.6748E+00   -6.3921E-03   -2.6695E-02   -6.5073E-02   -2.2551E-02    5.1710E-02   -9.4027E-03   -1.0162E-02    4.0855E-01    1.1797E+00  
  1.1225E+00    3.5787E-01    1.5672E+00    1.7738E-01    2.1490E-01   -2.4188E-01   -2.2982E-02   -1.1239E-02    8.8553E-02    2.8629E-01    3.6253E-02   -3.4991E-02    3.1483E-02   -2.0129E-03   -2.6980E+00   -6.0095E-03   -2.5759E-02   -5.0730E-02   -1.5906E-02    4.7913E-02   -1.0581E-02   -1.4929E-02    4.2204E-01    1.1583E+00  
  6.4836E-01    3.9415E-01    1.2615E+00    1.3928E-01    1.8058E-01   -1.7282E-01   -1.1235E-02   -8.9639E-03    6.9030E-02    2.1107E-01    5.5667E-02   -1.9543E-02    2.9633E-02   -1.8820E-03   -2.7169E+00   -5.9335E-03   -2.0774E-02   -3.5596E-02   -1.1885E-02    3.8974E-02   -1.1631E-02   -1.9135E-02    4.3375E-01    1.1353E+00  
  2.7472E-01    4.2080E-01    8.7566E-01    9.8608E-02    1.3295E-01   -8.3744E-02   -6.8357E-03   -6.2563E-03    6.0841E-02    1.3784E-01    6.8659E-02   -5.9286E-03    2.6633E-02   -2.0394E-03   -2.7304E+00   -6.8166E-03   -1.3772E-02   -2.2731E-02   -9.9589E-03    2.6850E-02   -1.2538E-02   -2.3510E-02    4.4269E-01    1.1523E+00  
  3.3660E-02    4.3936E-01    4.3778E-01    6.9246E-02    7.9429E-02   -1.0751E-02   -5.4147E-03   -3.5262E-03    5.9535E-02    6.6205E-02    7.5369E-02    2.6077E-03    2.2163E-02   -2.2509E-03   -2.7383E+00   -7.6624E-03   -6.6556E-03   -1.0702E-02   -9.5748E-03    1.2259E-02   -1.2959E-02   -2.5383E-02    4.4844E-01    1.1489E+00  
 -5.0101E-02    4.5028E-01   -2.0514E-02    5.8478E-02    2.8526E-02    2.2181E-02   -5.6857E-03   -1.4296E-03    6.1031E-02   -3.0083E-03    7.7772E-02    4.8210E-03    1.6218E-02   -2.4259E-03   -2.7410E+00   -7.9819E-03    1.3345E-03    3.7691E-04   -9.9568E-03   -2.7922E-03   -1.3237E-02   -2.6160E-02    4.5037E-01    1.1323E+00  
  2.8891E-02    4.5364E-01   -4.7850E-01    6.8843E-02   -1.2658E-02    8.1253E-03   -5.8001E-03    5.1204E-05    6.2208E-02   -6.8992E-02    7.6155E-02    4.7052E-04    9.2277E-03   -2.5529E-03   -2.7380E+00   -7.9743E-03    9.4123E-03    1.0776E-02   -1.0089E-02   -1.7853E-02   -1.3185E-02   -2.5812E-02    4.4857E-01    1.1461E+00  
  2.6529E-01    4.4881E-01   -9.1547E-01    9.7880E-02   -3.6538E-02   -4.5671E-02   -3.6919E-03    7.9626E-04    5.9639E-02   -1.3059E-01    7.0138E-02   -9.7722E-03    1.7831E-03   -2.6492E-03   -2.7299E+00   -7.8391E-03    1.6708E-02    2.0740E-02   -9.5898E-03   -3.2453E-02   -1.2985E-02   -2.4430E-02    4.4286E-01    1.1595E+00  
  6.3574E-01    4.3497E-01   -1.3011E+00    1.3613E-01   -3.5869E-02   -1.1661E-01    4.2660E-03   -1.3923E-04    5.0036E-02   -1.8633E-01    6.0185E-02   -2.3694E-02   -4.8870E-03   -2.7499E-03   -2.7164E+00   -7.0775E-03    2.0464E-02    3.0147E-02   -7.8088E-03   -4.4566E-02   -1.2307E-02   -2.3773E-02    4.3372E-01    1.1594E+00  
  1.1074E+00    4.1105E-01   -1.6069E+00    1.7227E-01   -4.4209E-03   -1.6806E-01    2.0614E-02   -3.7149E-03    2.8699E-02   -2.3523E-01    4.3225E-02   -3.9342E-02   -9.5692E-03   -2.8924E-03   -2.6979E+00   -4.6296E-03    2.0870E-02    4.0340E-02   -3.6098E-03   -5.3429E-02   -1.1546E-02   -2.1273E-02    4.2166E-01    1.1710E+00  
  1.6398E+00    3.7461E-01   -1.7952E+00    1.8874E-01    6.5368E-02   -1.4882E-01    4.7133E-02   -8.8637E-03   -9.5205E-03   -2.7670E-01    1.4327E-02   -5.1718E-02   -1.2254E-02   -4.3630E-03   -2.6761E+00   -1.2891E-03    1.7571E-02    4.7285E-02    5.2702E-03   -5.6432E-02   -1.1036E-02   -1.8470E-02    4.0711E-01    1.1557E+00  
  2.1908E+00    1.4177E-01   -1.7129E+00    1.5869E-01    1.8379E-01    4.7504E-03    8.5558E-02   -1.1896E-02   -6.9922E-02   -3.1642E-01   -3.0692E-02   -5.0601E-02   -5.2069E-03   -7.0113E-03   -2.6603E+00    7.8592E-03   -1.0739E-03    3.9596E-02    2.1403E-02   -4.5043E-02   -7.7860E-03   -2.1592E-02    3.8995E-01    1.1318E+00  
  2.6901E+00   -3.3048E-02   -1.5167E+00    4.3801E-02    3.7064E-01    3.7543E-01    1.3056E-01   -4.9971E-03   -1.5307E-01   -3.7056E-01   -1.0197E-01   -1.5943E-02    2.6278E-02   -1.4921E-02   -2.6699E+00    2.8243E-02   -4.6329E-02    3.4768E-03    5.2197E-02   -8.6700E-03   -3.0323E-03   -3.0214E-02    3.6794E-01    1.0878E+00  
  2.6702E+00    2.4433E-01    1.6377E+00    8.6912E-02    2.8825E-01    2.6737E-01   -1.5590E-01   -1.7257E-02    2.3204E-01    4.6129E-01   -8.2241E-02   -4.1281E-02    3.1032E-02   -1.3311E-02   -2.6617E+00   -2.2972E-02    9.0454E-03   -3.0644E-02   -5.3323E-02    9.4556E-03    6.6802E-03   -1.3323E-02    3.7375E-01    1.1688E+00  
  2.1571E+00    1.3812E-01    1.8272E+00    1.7349E-01    2.0769E-01   -7.8958E-02   -9.1456E-02   -5.2494E-03    1.3820E-01    3.8130E-01   -2.4419E-02   -5.7174E-02    1.1285E-02   -6.4781E-03   -2.6590E+00   -7.4550E-03   -1.3441E-02   -5.5955E-02   -2.9618E-02    4.3364E-02    4.2221E-03   -1.2313E-02    3.9334E-01    1.1813E+00  
  1.5999E+00   -4.2653E-02    1.7858E+00    1.9262E-01    1.5255E-01   -2.2065E-01   -4.9104E-02   -3.3027E-03    7.4989E-02    3.1892E-01    1.5351E-02   -5.3114E-02    8.7864E-03   -3.5722E-03   -2.6772E+00   -1.3521E-03   -2.2489E-02   -5.6603E-02   -1.5146E-02    5.3273E-02    2.8042E-03   -1.4661E-02    4.0949E-01    1.1818E+00  
  1.0550E+00   -3.7231E-02    1.5913E+00    1.7081E-01    1.1015E-01   -2.3016E-01   -2.3376E-02   -5.4315E-03    3.5128E-02    2.5946E-01    4.2432E-02   -3.9621E-02    1.0743E-02   -2.7738E-03   -2.7006E+00    5.8705E-04   -2.3473E-02   -4.4774E-02   -7.0579E-03    4.8906E-02    2.4463E-03   -1.8685E-02    4.2309E-01    1.1687E+00  
  5.7303E-01   -3.0953E-02    1.2802E+00    1.3059E-01    7.7186E-02   -1.6971E-01   -1.0109E-02   -6.4493E-03    1.3013E-02    1.9687E-01    6.0213E-02   -2.4135E-02    1.1860E-02   -2.5575E-03   -2.7194E+00    2.2234E-03   -2.0485E-02   -3.1771E-02   -2.6732E-03    3.9796E-02    2.3150E-03   -2.1860E-02    4.3535E-01    1.1489E+00  
  1.9384E-01   -2.4843E-02    8.9000E-01    8.8882E-02    5.2578E-02   -8.9419E-02   -4.5628E-03   -5.0949E-03    2.5298E-03    1.3222E-01    7.1427E-02   -1.0521E-02    1.4403E-02   -2.5018E-03   -2.7329E+00    1.4116E-03   -1.4716E-02   -2.1364E-02   -5.7165E-04    2.7440E-02    2.2171E-03   -2.4269E-02    4.4433E-01    1.1425E+00  
 -4.9859E-02   -1.8176E-02    4.4851E-01    5.8291E-02    3.7394E-02   -2.5702E-02   -3.2572E-03   -3.5166E-03   -9.5405E-04    6.5358E-02    7.7704E-02   -1.3379E-03    1.5695E-02   -2.4771E-03   -2.7409E+00    7.0697E-04   -7.1845E-03   -1.0358E-02    1.4556E-04    1.2730E-02    2.1228E-03   -2.5933E-02    4.5018E-01    1.1292E+00  
 -1.3378E-01   -1.1166E-02   -1.3412E-02    4.7258E-02    3.2281E-02   -1.8724E-03   -3.7971E-03   -1.6439E-03   -1.1566E-03   -2.4722E-03    7.9771E-02    1.7167E-03    1.6204E-02   -2.4274E-03   -2.7437E+00    3.4288E-04    1.0815E-03    4.5134E-04    2.0481E-04   -2.4936E-03    2.0111E-03   -2.6606E-02    4.5216E-01    1.1248E+00  
 -5.2512E-02   -4.1666E-03   -4.7535E-01    5.8253E-02    3.6897E-02   -2.5031E-02   -4.2815E-03    2.0951E-04   -1.4011E-03   -7.0277E-02    7.7917E-02   -1.7993E-03    1.5653E-02   -2.3454E-03   -2.7407E+00    1.7701E-05    9.2464E-03    1.1274E-02    3.1674E-04   -1.7723E-02    1.8854E-03   -2.6189E-02    4.5039E-01    1.1370E+00  
  1.8852E-01    2.4688E-03   -9.1685E-01    8.8783E-02    5.1589E-02   -8.8077E-02   -2.8070E-03    1.7338E-03   -5.0138E-03   -1.3706E-01    7.1792E-02   -1.1404E-02    1.4351E-02   -2.2503E-03   -2.7324E+00   -5.6953E-04    1.6492E-02    2.2325E-02    1.1822E-03   -3.2453E-02    1.7454E-03   -2.4642E-02    4.4470E-01    1.1409E+00  
  5.6509E-01    8.5260E-03   -1.3071E+00    1.3040E-01    7.5709E-02   -1.6771E-01    3.0329E-03    2.9976E-03   -1.5707E-02   -2.0159E-01    6.0621E-02   -2.5344E-02    1.1839E-02   -2.2327E-03   -2.7186E+00   -1.2093E-03    2.1851E-02    3.2825E-02    3.4964E-03   -4.4855E-02    1.5884E-03   -2.2095E-02    4.3580E-01    1.1478E+00  
  1.0445E+00    1.4706E-02   -1.6183E+00    1.7039E-01    1.0817E-01   -2.2754E-01    1.6702E-02    1.8936E-03   -3.8103E-02   -2.6398E-01    4.2808E-02   -4.0976E-02    1.0884E-02   -2.4367E-03   -2.6996E+00    5.5713E-04    2.4486E-02    4.5955E-02    8.0902E-03   -5.4052E-02    1.3911E-03   -1.8675E-02    4.2342E-01    1.1677E+00  
  1.5869E+00    1.9953E-02   -1.8128E+00    1.9173E-01    1.5004E-01   -2.1743E-01    4.2878E-02   -2.2956E-04   -7.8299E-02   -3.2318E-01    1.5711E-02   -5.4417E-02    9.2967E-03   -3.3111E-03   -2.6762E+00    2.4058E-03    2.3490E-02    5.7945E-02    1.6263E-02   -5.8554E-02    9.8231E-04   -1.4692E-02    4.0950E-01    1.1742E+00  
  2.1315E+00   -1.7706E-01   -1.8386E+00    1.7221E-01    2.0455E-01   -7.5312E-02    8.5634E-02    1.7952E-03   -1.4180E-01   -3.8544E-01   -2.4022E-02   -5.8462E-02    1.2042E-02   -6.3174E-03   -2.6578E+00    8.4053E-03    1.4410E-02    5.7392E-02    3.0832E-02   -4.8623E-02   -3.8686E-04   -1.2418E-02    3.9312E-01    1.1776E+00  
  2.6441E+00   -2.7850E-01   -1.6447E+00    8.5325E-02    2.8440E-01    2.7130E-01    1.5048E-01    1.3913E-02   -2.3592E-01   -4.6534E-01   -8.1745E-02   -4.2571E-02    3.1895E-02   -1.3267E-02   -2.6601E+00    2.3829E-02   -8.1942E-03    3.2154E-02    5.4633E-02   -1.4623E-02   -2.7379E-03   -1.3409E-02    3.7340E-01    1.1671E+00  
  2.7129E+00   -4.3931E-03    1.5065E+00    4.5091E-02    3.7377E-01    3.7074E-01   -1.3605E-01    1.5681E-03    1.4871E-01    3.6689E-01   -1.0245E-01   -1.4330E-02    2.5524E-02   -1.4862E-02   -2.6710E+00   -2.7374E-02    4.7276E-02   -2.1340E-03   -5.0839E-02    3.6959E-03    6.9412E-03   -3.0149E-02    3.6787E-01    1.0888E+00  
  2.2127E+00   -1.8398E-01    1.6966E+00    1.5971E-01    1.8618E-01    2.7651E-04   -9.1469E-02    8.3749E-03    6.5937E-02    3.1265E-01   -3.1050E-02   -4.9004E-02   -5.7954E-03   -7.1080E-03   -2.6612E+00   -6.9073E-03    2.1034E-03   -3.8323E-02   -2.0141E-02    4.0000E-02    1.1577E-02   -2.1505E-02    3.8982E-01    1.1370E+00  
  1.6506E+00   -3.9731E-01    1.7684E+00    1.8946E-01    6.7034E-02   -1.5295E-01   -5.3364E-02    5.2579E-03    5.8989E-03    2.7285E-01    1.4081E-02   -5.0158E-02   -1.2629E-02   -4.6061E-03   -2.6767E+00    2.2998E-03   -1.6442E-02   -4.6030E-02   -4.1506E-03    5.1299E-02    1.4719E-02   -1.8374E-02    4.0689E-01    1.1608E+00  
  1.1158E+00   -4.3360E-01    1.5801E+00    1.7253E-01   -3.3252E-03   -1.7164E-01   -2.7272E-02    1.3719E-04   -3.1930E-02    2.3108E-01    4.2927E-02   -3.7722E-02   -9.5142E-03   -3.1957E-03   -2.6985E+00    5.7703E-03   -1.9811E-02   -3.9275E-02    4.5947E-03    4.8388E-02    1.5295E-02   -2.1324E-02    4.2115E-01    1.1713E+00  
  6.4161E-01   -4.5739E-01    1.2743E+00    1.3601E-01   -3.5328E-02   -1.1960E-01   -1.1219E-02   -3.4009E-03   -5.2919E-02    1.8189E-01    5.9938E-02   -2.2144E-02   -4.4763E-03   -3.0521E-03   -2.7168E+00    8.2315E-03   -1.9287E-02   -2.9145E-02    8.6007E-03    3.9597E-02    1.6149E-02   -2.3750E-02    4.3303E-01    1.1590E+00  
  2.6853E-01   -4.7119E-01    8.8867E-01    9.7647E-02   -3.6492E-02   -4.8023E-02   -3.5823E-03   -4.2073E-03   -6.2233E-02    1.2594E-01    6.9846E-02   -8.5232E-03    2.2948E-03   -2.8721E-03   -2.7302E+00    8.7963E-03   -1.5102E-02   -1.9831E-02    1.0163E-02    2.7505E-02    1.6898E-02   -2.4133E-02    4.4224E-01    1.1599E+00  
  2.9464E-02   -4.7600E-01    4.5169E-01    6.8553E-02   -1.3104E-02    6.4354E-03   -1.6810E-03   -3.3646E-03   -6.4591E-02    6.4191E-02    7.5945E-02    1.3078E-03    9.7570E-03   -2.6526E-03   -2.7381E+00    8.7628E-03   -7.4584E-03   -9.9033E-03    1.0506E-02    1.2890E-02    1.7140E-02   -2.5502E-02    4.4814E-01    1.1466E+00  
 -5.2179E-02   -4.7264E-01   -6.3121E-03    5.8153E-02    2.7584E-02    2.1162E-02   -1.8886E-03   -1.8221E-03   -6.3291E-02   -1.8951E-03    7.7750E-02    5.2018E-03    1.6716E-02   -2.3902E-03   -2.7408E+00    8.6717E-03    7.9550E-04    5.0151E-04    1.0314E-02   -2.2040E-03    1.7202E-02   -2.6040E-02    4.5015E-01    1.1386E+00  
  2.8929E-02   -4.6174E-01   -4.6464E-01    6.8874E-02    7.8002E-02   -1.1099E-02   -2.1408E-03    2.9741E-04   -6.1753E-02   -7.1158E-02    7.5562E-02    2.5186E-03    2.2622E-02   -2.0741E-03   -2.7378E+00    8.3273E-03    8.7644E-03    1.1616E-02    9.9800E-03   -1.7299E-02    1.6900E-02   -2.5539E-02    4.4843E-01    1.1554E+00  
  2.6734E-01   -4.4323E-01   -9.0257E-01    9.8173E-02    1.3104E-01   -8.3415E-02   -5.8738E-04    3.0158E-03   -6.3105E-02   -1.4279E-01    6.9054E-02   -6.4510E-03    2.7056E-02   -1.7391E-03   -2.7297E+00    7.5347E-03    1.5667E-02    2.3704E-02    1.0510E-02   -3.1945E-02    1.6431E-02   -2.3862E-02    4.4283E-01    1.1591E+00  
  6.3836E-01   -4.1664E-01   -1.2884E+00    1.3874E-01    1.7821E-01   -1.7182E-01    4.0746E-03    5.6782E-03   -7.1423E-02   -2.1596E-01    5.6193E-02   -2.0409E-02    3.0045E-02   -1.5004E-03   -2.7158E+00    6.7658E-03    2.2309E-02    3.6661E-02    1.2648E-02   -4.4138E-02    1.5464E-02   -1.9497E-02    4.3394E-01    1.1416E+00  
  1.1100E+00   -3.8046E-01   -1.5943E+00    1.7665E-01    2.1208E-01   -2.4023E-01    1.6254E-02    7.8825E-03   -9.1163E-02   -2.9107E-01    3.6799E-02   -3.6047E-02    3.1924E-02   -1.6103E-03   -2.6967E+00    6.9889E-03    2.6864E-02    5.1937E-02    1.6888E-02   -5.3184E-02    1.4363E-02   -1.5116E-02    4.2215E-01    1.1560E+00  
  1.6438E+00   -3.3301E-01   -1.7825E+00    1.9539E-01    2.2646E-01   -2.3967E-01    4.3363E-02    1.1099E-02   -1.2911E-01   -3.6927E-01    1.0574E-02   -5.0401E-02    3.1264E-02   -1.7032E-03   -2.6734E+00    7.4312E-03    2.7595E-02    6.6450E-02    2.3665E-02   -5.7134E-02    1.3158E-02   -1.0194E-02    4.0834E-01    1.1721E+00  
  2.1615E+00   -4.5045E-01   -1.9030E+00    1.7720E-01    2.1979E-01   -1.0960E-01    9.1924E-02    1.9117E-02   -1.9120E-01   -4.5672E-01   -2.5423E-02   -5.9060E-02    3.3411E-02   -4.4941E-03   -2.6542E+00    1.1797E-02    2.6883E-02    7.0401E-02    3.5715E-02   -4.7958E-02    7.8794E-03   -3.2602E-03    3.9295E-01    1.1922E+00  
  2.6660E+00   -4.8372E-01   -1.6940E+00    1.0849E-01    2.0022E-01    2.1132E-01    1.7876E-01    4.0457E-02   -2.9188E-01   -5.7164E-01   -7.1153E-02   -6.2025E-02    4.9929E-02   -9.0499E-03   -2.6570E+00    2.5111E-02    2.6272E-02    5.0020E-02    5.0941E-02   -1.4110E-02   -6.3768E-04    3.3181E-03    3.7437E-01    1.2131E+00  
  2.8122E+00   -2.8583E-01    1.3153E+00   -1.8953E-02    5.1002E-01    5.1240E-01   -1.2270E-01    1.8039E-02    3.9747E-02    2.8332E-01   -1.3312E-01    1.7893E-02    3.6246E-02   -1.0756E-02   -2.6847E+00   -3.6916E-02    8.5871E-02    3.4811E-02   -4.1369E-02   -6.9511E-03    2.4345E-03   -4.2774E-02    3.5890E-01    1.0494E+00  
  2.3452E+00   -5.2806E-01    1.5149E+00    1.3110E-01    2.0350E-01    1.2167E-01   -9.3013E-02    2.1282E-02   -3.0950E-02    2.5109E-01   -4.9687E-02   -3.0600E-02   -1.2488E-02   -6.0823E-03   -2.6657E+00   -1.0795E-02    2.4346E-02   -1.3227E-02   -7.6825E-03    2.9964E-02    1.5008E-02   -3.1322E-02    3.8225E-01    1.0860E+00  
  1.8077E+00   -7.2086E-01    1.6798E+00    1.8353E-01    1.0905E-02   -4.4914E-02   -5.9566E-02    1.4701E-02   -8.1546E-02    2.2980E-01    2.5466E-03   -3.9626E-02   -2.8059E-02   -3.6196E-03   -2.6734E+00    4.1046E-03   -6.6828E-03   -3.2447E-02    1.1095E-02    4.6376E-02    2.2725E-02   -2.2188E-02    4.0092E-01    1.1296E+00  
  1.2988E+00   -8.0535E-01    1.5314E+00    1.8131E-01   -9.6291E-02   -7.3282E-02   -3.3537E-02    7.4558E-03   -1.1315E-01    2.0394E-01    3.5112E-02   -2.9687E-02   -2.7524E-02   -3.2480E-03   -2.6910E+00    1.0947E-02   -1.7101E-02   -3.4309E-02    1.9905E-02    4.6770E-02    2.6869E-02   -2.0545E-02    4.1603E-01    1.1395E+00  
  8.4819E-01   -8.6140E-01    1.2424E+00    1.5387E-01   -1.3441E-01   -2.9340E-02   -1.4594E-02    1.6615E-03   -1.2881E-01    1.6880E-01    5.2904E-02   -1.3915E-02   -1.9158E-02   -3.2604E-03   -2.7091E+00    1.3281E-02   -1.7754E-02   -2.7461E-02    2.2421E-02    3.8508E-02    2.9151E-02   -2.2789E-02    4.2762E-01    1.1491E+00  
  4.9336E-01   -8.9650E-01    8.7110E-01    1.2236E-01   -1.1944E-01    3.3582E-02   -4.1186E-03   -1.0681E-03   -1.3318E-01    1.2202E-01    6.3380E-02   -3.6091E-04   -8.1161E-03   -3.1291E-03   -2.7223E+00    1.4773E-02   -1.4956E-02   -1.8975E-02    2.2235E-02    2.6741E-02    3.0581E-02   -2.2760E-02    4.3672E-01    1.1620E+00  
  2.6617E-01   -9.1338E-01    4.4723E-01    9.7497E-02   -6.4912E-02    7.8741E-02   -8.6904E-04   -1.2941E-03   -1.3070E-01    6.5812E-02    6.9646E-02    1.0254E-02    4.8097E-03   -2.7782E-03   -2.7304E+00    1.5744E-02   -7.2349E-03   -1.0349E-02    2.1711E-02    1.2854E-02    3.1617E-02   -2.3932E-02    4.4230E-01    1.1584E+00  
  1.8929E-01   -9.1372E-01    1.1498E-03    8.8678E-02    1.4113E-02    8.4190E-02    1.5290E-04   -9.2181E-05   -1.2450E-01    2.0289E-03    7.1390E-02    1.4807E-02    1.7502E-02   -2.3351E-03   -2.7331E+00    1.6116E-02    8.8780E-04   -2.1454E-04    2.0507E-02   -1.9536E-03    3.1779E-02   -2.4466E-02    4.4430E-01    1.1557E+00  
  2.6790E-01   -8.9841E-01   -4.4577E-01    9.8257E-02    1.0312E-01    4.2674E-02    5.6409E-04    2.4024E-03   -1.1784E-01   -6.8240E-02    6.8899E-02    1.2783E-02    2.9598E-02   -1.7915E-03   -2.7302E+00    1.5935E-02    8.1843E-03    1.1333E-02    1.9069E-02   -1.6752E-02    3.1371E-02   -2.4055E-02    4.4261E-01    1.1729E+00  
  4.9656E-01   -8.6689E-01   -8.7176E-01    1.2364E-01    1.8727E-01   -3.8934E-02    2.9774E-03    6.2970E-03   -1.1368E-01   -1.4460E-01    6.1812E-02    4.5863E-03    3.9480E-02   -1.1698E-03   -2.7219E+00    1.5228E-02    1.4168E-02    2.4284E-02    1.8299E-02   -3.0643E-02    3.0134E-02   -2.2447E-02    4.3740E-01    1.1811E+00  
  8.5105E-01   -8.1842E-01   -1.2440E+00    1.5802E-01    2.5038E-01   -1.3609E-01    7.8444E-03    1.1249E-02   -1.1612E-01   -2.2649E-01    4.7972E-02   -9.5635E-03    4.7004E-02   -6.6685E-04   -2.7081E+00    1.3702E-02    2.1035E-02    3.9918E-02    2.0002E-02   -4.2523E-02    2.8593E-02   -1.7716E-02    4.2864E-01    1.1632E+00  
  1.3001E+00   -7.5033E-01   -1.5341E+00    1.8731E-01    2.7876E-01   -2.1313E-01    2.0767E-02    1.7520E-02   -1.2957E-01   -3.1449E-01    2.7206E-02   -2.5109E-02    5.1102E-02   -4.4714E-04   -2.6888E+00    1.1742E-02    2.5852E-02    5.7311E-02    2.3405E-02   -5.1093E-02    2.6266E-02   -1.3076E-02    4.1743E-01    1.1640E+00  
  1.8036E+00   -6.6422E-01   -1.7246E+00    1.9784E-01    2.6044E-01   -2.2311E-01    5.1641E-02    2.7451E-02   -1.6076E-01   -4.1373E-01    1.3704E-03   -4.1205E-02    5.3266E-02   -5.8100E-04   -2.6677E+00    1.1994E-02    3.1081E-02    7.1783E-02    2.7777E-02   -5.2726E-02    2.2550E-02   -4.8242E-03    4.0394E-01    1.1693E+00  
  2.2840E+00   -6.3919E-01   -1.8900E+00    1.7486E-01    1.8831E-01   -1.0812E-01    1.0936E-01    4.3795E-02   -2.1855E-01   -5.3097E-01   -3.2110E-02   -5.6439E-02    5.6843E-02   -1.3344E-03   -2.6526E+00    1.6520E-02    3.9497E-02    7.6238E-02    3.3869E-02   -4.0126E-02    1.4463E-02    6.3801E-03    3.8903E-01    1.2005E+00  
  2.7598E+00   -5.8763E-01   -1.6377E+00    1.1187E-01    6.9036E-02    1.8773E-01    2.1817E-01    7.7097E-02   -3.1769E-01   -6.8661E-01   -7.0194E-02   -7.3310E-02    7.4419E-02   -4.9499E-03   -2.6593E+00    2.8266E-02    5.3207E-02    5.9026E-02    4.1223E-02   -6.4669E-03   -1.8990E-04    1.5312E-02    3.7135E-01    1.2393E+00  
  2.7606E+00   -6.6395E-01    1.2957E+00   -3.1692E-01    9.3645E-01    8.5933E-01    1.1264E-01   -5.7911E-02   -1.7654E-01    4.2460E-01   -2.5203E-01    1.8387E-01    1.9756E-01    6.2085E-03   -2.8598E+00   -7.9331E-02    1.9505E-01    1.8458E-01   -6.7962E-02   -1.0260E-01   -4.7520E-02   -4.0116E-02    3.2568E-01    1.0838E+00  
  2.5325E+00   -8.4258E-01    1.2651E+00    8.0296E-02    3.0282E-01    2.6232E-01   -9.5124E-02    3.7890E-02   -1.5134E-01    2.0070E-01   -8.2090E-02   -4.8750E-03   -4.0280E-03    3.2388E-04   -2.6719E+00   -1.7550E-02    5.0539E-02    1.7656E-02    8.2512E-03    1.7251E-02    1.0002E-02   -3.8840E-02    3.7211E-01    1.0504E+00  
  2.0599E+00   -1.0764E+00    1.3496E+00    1.7011E-01    1.8077E-02    7.8983E-02   -6.9759E-02    3.0198E-02   -1.8765E-01    1.9139E-01   -1.8417E-02   -2.4990E-02   -3.7410E-02   -2.1452E-03   -2.6656E+00    5.6769E-03    3.0145E-03   -1.9157E-02    2.9491E-02    4.0296E-02    2.7170E-02   -2.2621E-02    3.9329E-01    1.0759E+00  
  1.5827E+00   -1.1183E+00    1.4435E+00    1.8965E-01   -1.3856E-01    4.1127E-02   -4.1703E-02    1.8510E-02   -2.0803E-01    1.8235E-01    1.7677E-02   -1.6920E-02   -4.0875E-02   -2.7369E-03   -2.6788E+00    1.5653E-02   -1.3952E-02   -2.9752E-02    3.8654E-02    4.4121E-02    3.5820E-02   -1.6790E-02    4.0834E-01    1.1199E+00  
  1.1698E+00   -1.2091E+00    1.1829E+00    1.7755E-01   -1.9646E-01    7.6580E-02   -1.9141E-02    9.5638E-03   -2.1474E-01    1.6126E-01    3.7393E-02   -6.1452E-04   -3.1238E-02   -3.3391E-03   -2.6960E+00    1.9533E-02   -1.6193E-02   -2.7157E-02    3.8996E-02    3.6503E-02    3.9864E-02   -1.7481E-02    4.1927E-01    1.1322E+00  
  8.4392E-01   -1.2678E+00    8.3622E-01    1.5665E-01   -1.7995E-01    1.3085E-01   -5.7871E-03    4.4352E-03   -2.1013E-01    1.2442E-01    4.9228E-02    1.3846E-02   -1.6868E-02   -3.3010E-03   -2.7092E+00    2.1887E-02   -1.4147E-02   -2.0654E-02    3.6943E-02    2.5550E-02    4.2282E-02   -1.7588E-02    4.2782E-01    1.1372E+00  
  6.3556E-01   -1.2986E+00    4.3446E-01    1.3796E-01   -1.0960E-01    1.6724E-01   -2.5415E-04    3.8305E-03   -1.9873E-01    7.4266E-02    5.6672E-02    2.4290E-02    7.8576E-04   -2.9364E-03   -2.7173E+00    2.2491E-02   -6.9046E-03   -1.2485E-02    3.3670E-02    1.2249E-02    4.3652E-02   -1.9494E-02    4.3333E-01    1.1555E+00  
  5.6639E-01   -1.3036E+00    8.9362E-03    1.3039E-01   -7.5045E-03    1.6392E-01    2.1302E-03    5.9175E-03   -1.8387E-01    1.2976E-02    5.9984E-02    2.8803E-02    1.9085E-02   -2.3297E-03   -2.7201E+00    2.1609E-02    1.1459E-03   -2.4557E-03    2.9920E-02   -1.7848E-03    4.4068E-02   -2.1980E-02    4.3544E-01    1.1735E+00  
  6.4106E-01   -1.2839E+00   -4.1813E-01    1.3681E-01    1.0497E-01    1.1372E-01    4.6851E-03    1.0225E-02   -1.6843E-01   -5.8266E-02    5.8652E-02    2.6730E-02    3.5294E-02   -1.5353E-03   -2.7174E+00    1.9851E-02    7.0870E-03    9.7079E-03    2.7461E-02   -1.5788E-02    4.3361E-02   -2.3641E-02    4.3349E-01    1.1650E+00  
  8.5385E-01   -1.2383E+00   -8.2302E-01    1.5513E-01    2.0543E-01    2.3521E-02    8.9241E-03    1.6640E-02   -1.5521E-01   -1.3930E-01    5.1383E-02    1.8312E-02    4.9136E-02   -5.9160E-04   -2.7092E+00    1.7811E-02    1.2041E-02    2.4360E-02    2.5794E-02   -2.9010E-02    4.1802E-02   -2.3087E-02    4.2826E-01    1.1851E+00  
  1.1816E+00   -1.1653E+00   -1.1719E+00    1.7901E-01    2.7006E-01   -8.2226E-02    1.5977E-02    2.4181E-02   -1.4785E-01   -2.2994E-01    3.6281E-02    4.9373E-03    6.0013E-02    3.6460E-04   -2.6954E+00    1.5620E-02    1.8017E-02    4.1739E-02    2.5489E-02   -3.9965E-02    3.9405E-02   -1.8384E-02    4.2000E-01    1.1824E+00  
  1.5946E+00   -1.0612E+00   -1.4347E+00    1.9473E-01    2.7893E-01   -1.6827E-01    3.1405E-02    3.4708E-02   -1.5022E-01   -3.3169E-01    1.3813E-02   -1.0066E-02    6.5878E-02    1.1020E-03   -2.6766E+00    1.2992E-02    2.2686E-02    6.0702E-02    2.6991E-02   -4.7799E-02    3.5912E-02   -1.2563E-02    4.0972E-01    1.1903E+00  
  2.0375E+00   -8.4230E-01   -1.8034E+00    1.8963E-01    2.1408E-01   -1.8914E-01    6.7067E-02    5.0008E-02   -1.7133E-01   -4.5188E-01   -1.4271E-02   -2.7416E-02    6.8677E-02    2.5351E-03   -2.6586E+00    1.1696E-02    3.0163E-02    7.5625E-02    2.6053E-02   -4.5718E-02    2.9395E-02   -2.3103E-03    3.9717E-01    1.2021E+00  
  2.4884E+00   -7.2246E-01   -1.8122E+00    1.5865E-01    7.0413E-02   -9.3443E-02    1.4033E-01    7.7849E-02   -2.2060E-01   -6.0566E-01   -4.4069E-02   -5.1959E-02    7.8111E-02    1.0277E-03   -2.6538E+00    1.7622E-02    4.9221E-02    7.5404E-02    2.3882E-02   -2.6990E-02    1.4454E-02    1.3202E-02    3.8183E-01    1.2255E+00  
  3.0959E+00   -4.5356E-01   -1.2538E+00    2.8410E-01    2.9969E-02   -1.6222E-03    4.8613E-01    2.1626E-01   -3.8759E-01   -1.0080E+00   -7.7825E-03   -2.0238E-01    2.2261E-01   -8.1182E-03   -2.8187E+00    5.5495E-02    1.3799E-01   -4.1509E-02   -1.6117E-02    8.6083E-02   -4.2619E-02    1.1388E-02    3.4659E-01    1.2764E+00  
  1.1774E+00   -1.9264E+00    3.2187E+00   -2.1863E+00    2.8774E+00    2.2599E+00    1.9013E+00   -8.5056E-01   -6.2469E-01    1.5636E+00   -6.0848E-01    1.0178E+00    1.1610E+00    1.2548E-01   -3.3634E+00   -1.5172E-01    3.6026E-01    7.7930E-01   -2.2748E-01   -1.5710E-01   -9.6679E-02   -2.9891E-02    1.6942E-01    1.2969E+00  
  2.7545E+00   -1.0620E+00    9.9756E-01    7.5901E-03    5.1440E-01    3.8827E-01   -1.0520E-01    7.0313E-02   -3.0298E-01    1.5901E-01   -1.2048E-01    2.4394E-02    1.1092E-02    7.5744E-03   -2.6797E+00   -2.0407E-02    7.0866E-02    4.8620E-02    2.3498E-02    7.0625E-04   -9.6116E-04   -3.5651E-02    3.6128E-01    1.0505E+00  
  2.3454E+00   -1.3235E+00    1.1414E+00    1.3479E-01    1.2456E-01    1.8897E-01   -8.1919E-02    5.6114E-02   -3.1826E-01    1.6685E-01   -5.0670E-02   -2.7420E-03   -3.4595E-02    3.1916E-03   -2.6613E+00    5.5563E-03    1.6612E-02   -5.6341E-04    4.7041E-02    2.8693E-02    2.1167E-02   -2.1523E-02    3.8275E-01    1.0838E+00  
  1.9247E+00   -1.5388E+00    1.1496E+00    1.8456E-01   -1.0311E-01    1.3873E-01   -5.2323E-02    3.9570E-02   -3.2183E-01    1.7207E-01   -9.0938E-03    7.2243E-04   -4.6540E-02   -1.4081E-03   -2.6661E+00    1.9686E-02   -8.3352E-03   -2.2969E-02    5.6032E-02    3.6644E-02    3.7661E-02   -1.2403E-02    3.9810E-01    1.1260E+00  
  1.5770E+00   -1.4703E+00    1.0918E+00    1.9309E-01   -2.0151E-01    1.6292E-01   -2.6843E-02    2.5802E-02   -3.1232E-01    1.6310E-01    1.3909E-02    1.4375E-02   -3.8340E-02   -3.3169E-03   -2.6781E+00    2.4809E-02   -1.4474E-02   -2.8781E-02    5.7079E-02    3.3225E-02    4.7463E-02   -1.1449E-02    4.0913E-01    1.1185E+00  
  1.2892E+00   -1.5568E+00    7.8142E-01    1.8610E-01   -2.0449E-01    2.0816E-01   -9.1057E-03    1.7946E-02   -2.9374E-01    1.3758E-01    2.7673E-02    2.9449E-02   -2.2583E-02   -3.6310E-03   -2.6908E+00    2.7000E-02   -1.2887E-02   -2.4179E-02    5.3401E-02    2.3418E-02    5.0634E-02   -1.2364E-02    4.1683E-01    1.1338E+00  
  1.1056E+00   -1.6037E+00    4.1169E-01    1.7612E-01   -1.3958E-01    2.3586E-01    5.7566E-04    1.6289E-02   -2.6933E-01    9.3934E-02    3.6745E-02    4.0097E-02   -2.7269E-03   -3.2798E-03   -2.6990E+00    2.7185E-02   -7.7465E-03   -1.6787E-02    4.7870E-02    1.1340E-02    5.2528E-02   -1.4629E-02    4.2164E-01    1.1453E+00  
  1.0465E+00   -1.6144E+00    1.6309E-02    1.7053E-01   -3.6082E-02    2.2397E-01    6.1751E-03    1.9566E-02   -2.4165E-01    3.5538E-02    4.2121E-02    4.4564E-02    1.8367E-02   -2.5146E-03   -2.7019E+00    2.4245E-02   -9.7329E-04   -7.0995E-03    4.1893E-02   -1.7705E-03    5.3088E-02   -1.8620E-02    4.2313E-01    1.1692E+00  
  1.1157E+00   -1.5897E+00   -3.8075E-01    1.7296E-01    7.7493E-02    1.6543E-01    1.1116E-02    2.6232E-02   -2.1281E-01   -3.6529E-02    4.2208E-02    4.2444E-02    3.8324E-02   -1.4015E-03   -2.6997E+00    2.0150E-02    4.2236E-03    5.4675E-03    3.6428E-02   -1.4789E-02    5.2086E-02   -2.1886E-02    4.2154E-01    1.1731E+00  
  1.3071E+00   -1.5276E+00   -7.5361E-01    1.8238E-01    1.7178E-01    6.7162E-02    1.7619E-02    3.5276E-02   -1.8559E-01   -1.2258E-01    3.4351E-02    3.4166E-02    5.5613E-02    1.6952E-05   -2.6919E+00    1.6810E-02    9.1297E-03    2.1580E-02    3.1571E-02   -2.6614E-02    4.9966E-02   -2.1699E-02    4.1671E-01    1.1772E+00  
  1.5991E+00   -1.4267E+00   -1.0680E+00    1.9122E-01    2.1659E-01   -4.7065E-02    2.7758E-02    4.6243E-02   -1.6433E-01   -2.2186E-01    1.7452E-02    2.1262E-02    6.8098E-02    1.7427E-03   -2.6790E+00    1.2825E-02    1.3291E-02    4.1135E-02    2.7078E-02   -3.5869E-02    4.6932E-02   -1.8279E-02    4.0913E-01    1.1893E+00  
  1.9744E+00   -1.0863E+00   -1.4527E+00    1.8647E-01    1.8475E-01   -1.4438E-01    4.8142E-02    5.9829E-02   -1.5445E-01   -3.3983E-01   -8.3649E-03    3.4871E-03    7.2685E-02    3.9626E-03   -2.6657E+00    6.5160E-03    1.6809E-02    5.9084E-02    2.0595E-02   -3.8395E-02    3.8915E-02   -1.3819E-02    3.9869E-01    1.1932E+00  
  2.3612E+00   -9.2291E-01   -1.6411E+00    1.5938E-01    5.5118E-02   -1.7865E-01    9.1823E-02    8.1407E-02   -1.6167E-01   -4.8477E-01   -3.9586E-02   -1.7844E-02    7.4638E-02    5.6339E-03   -2.6548E+00    3.0076E-03    2.5889E-02    7.2240E-02    1.2164E-02   -3.1301E-02    2.6427E-02   -3.6139E-03    3.8653E-01    1.2026E+00  
  2.7498E+00   -6.9117E-01   -1.6016E+00    1.0626E-01   -1.8180E-01   -1.0278E-01    1.7985E-01    1.1800E-01   -1.9903E-01   -6.7414E-01   -7.2698E-02   -4.9158E-02    8.0842E-02    6.8888E-03   -2.6610E+00    4.7399E-03    4.6147E-02    7.0614E-02   -5.1360E-04   -6.7154E-03    7.2282E-03    8.5473E-03    3.7096E-01    1.2238E+00  
  4.8660E+00    6.7664E-01    1.0562E+00    1.8064E+00    1.0848E+00   -1.1947E+00    2.1994E+00    1.0228E+00   -6.1758E-01   -2.2262E+00    2.0533E-01   -9.5660E-01    1.0718E+00   -9.8227E-02   -3.2904E+00    6.8900E-02    2.1334E-01   -5.7927E-01   -2.2409E-01    1.4241E-01   -8.7800E-02   -5.8608E-03    1.9220E-01    1.4504E+00  
  2.3035E+00   -1.6828E+00    9.6226E-01    1.5643E-01    3.1780E-02    1.7337E-01   -7.0414E-02    8.2948E-02   -4.6241E-01    1.7885E-01   -4.1761E-02    2.1908E-02   -4.9020E-02    8.0855E-05   -2.6561E+00    2.8241E-02   -4.9201E-03   -1.4166E-02    6.9270E-02    2.4831E-02    2.9583E-02   -3.1487E-03    3.8640E-01    1.1439E+00  
  1.9909E+00   -1.8315E+00    9.2628E-01    1.8773E-01   -1.3168E-01    1.8424E-01   -3.9177E-02    6.1629E-02   -4.2859E-01    1.8354E-01   -1.5307E-02    3.1734E-02   -4.2488E-02   -2.3120E-03   -2.6610E+00    3.2264E-02   -1.3793E-02   -2.7949E-02    7.1416E-02    2.6885E-02    4.4903E-02   -1.5622E-03    3.9703E-01    1.1352E+00  
  1.7868E+00   -1.7469E+00    7.2234E-01    1.9673E-01   -1.8107E-01    2.1858E-01   -1.6358E-02    4.9120E-02   -3.8927E-01    1.6812E-01    9.8791E-04    4.5660E-02   -2.6462E-02   -4.0596E-03   -2.6706E+00    3.2450E-02   -1.4060E-02   -2.8972E-02    6.6826E-02    1.9624E-02    5.2120E-02   -3.8908E-03    4.0394E-01    1.1278E+00  
  1.6380E+00   -1.7912E+00    3.7734E-01    1.9500E-01   -1.4876E-01    2.3567E-01    6.2161E-05    4.3390E-02   -3.4374E-01    1.3155E-01    1.0252E-02    5.4672E-02   -4.0892E-03   -3.4979E-03   -2.6766E+00    2.7982E-02   -8.9360E-03   -2.3842E-02    6.1167E-02    1.0107E-02    5.6266E-02   -9.4540E-03    4.0847E-01    1.1512E+00  
  1.5897E+00   -1.8086E+00    2.4236E-02    1.9208E-01   -7.2669E-02    2.1422E-01    1.0906E-02    4.5501E-02   -2.9705E-01    7.5800E-02    1.5303E-02    5.8285E-02    1.7857E-02   -3.3136E-03   -2.6793E+00    2.3023E-02   -3.3601E-03   -1.5490E-02    5.2611E-02   -2.1142E-03    5.7369E-02   -1.4494E-02    4.0990E-01    1.1643E+00  
  1.6510E+00   -1.7782E+00   -3.3119E-01    1.8971E-01    1.2916E-02    1.4650E-01    1.8881E-02    5.2405E-02   -2.5043E-01    2.1728E-03    1.4037E-02    5.5093E-02    3.9047E-02   -2.5839E-03   -2.6788E+00    1.6324E-02    2.7882E-04   -3.5375E-03    4.2148E-02   -1.4142E-02    5.5010E-02   -1.9104E-02    4.0766E-01    1.1579E+00  
  1.8207E+00   -1.6749E+00   -6.4006E-01    1.8447E-01    7.0226E-02    3.8501E-02    2.7544E-02    6.1263E-02   -2.0727E-01   -8.9673E-02    2.6872E-03    4.4195E-02    5.3928E-02    1.0250E-04   -2.6753E+00    5.8492E-03    1.6520E-03    1.2601E-02    2.8804E-02   -2.2397E-02    4.9716E-02   -2.3674E-02    4.0181E-01    1.1425E+00  
  2.1036E+00   -1.3381E+00   -9.6327E-01    1.7190E-01    6.5543E-02   -8.5208E-02    4.2398E-02    7.4391E-02   -1.6893E-01   -2.0005E-01   -1.7512E-02    2.9323E-02    6.2777E-02    2.8910E-03   -2.6672E+00   -4.3030E-03    2.8864E-03    3.1609E-02    1.6051E-02   -2.7469E-02    4.3021E-02   -2.4153E-02    3.9413E-01    1.1529E+00  
  2.4020E+00   -1.1193E+00   -1.2625E+00    1.3767E-01   -3.7059E-02   -1.9481E-01    6.8123E-02    8.9921E-02   -1.4442E-01   -3.3500E-01   -4.8504E-02    6.9796E-03    5.9669E-02    8.8880E-03   -2.6621E+00   -1.8018E-02    2.5676E-03    4.9338E-02   -1.6182E-03   -2.2633E-02    3.0382E-02   -2.2531E-02    3.8349E-01    1.1536E+00  
  2.6860E+00   -1.6140E+00    7.6918E-01    1.0091E-01    2.7647E-01    9.7217E-02   -1.0271E-01    1.6879E-01   -6.4616E-01    2.1549E-01   -7.6606E-02    5.2520E-02   -5.4531E-02    2.0509E-03   -2.6619E+00    4.6618E-02   -6.0907E-03   -1.3448E-03    6.9246E-02    6.9707E-03    4.9634E-03    8.3401E-03    3.7249E-01    1.1809E+00  
  2.4378E+00   -1.7843E+00    8.0075E-01    1.5580E-01    1.8860E-02    8.8926E-02   -6.3502E-02    1.3399E-01   -5.7794E-01    2.3241E-01   -4.6330E-02    5.6278E-02   -5.2407E-02   -3.2020E-03   -2.6566E+00    5.0244E-02   -1.9735E-02   -2.5547E-02    7.1773E-02    1.2838E-02    2.5812E-02    1.3582E-02    3.8296E-01    1.1749E+00  
  2.2513E+00   -1.8768E+00    7.9803E-01    1.7367E-01   -1.0263E-01    1.0426E-01   -3.0019E-02    1.0680E-01   -5.0308E-01    2.2551E-01   -3.3039E-02    6.1345E-02   -3.1687E-02   -4.5782E-03   -2.6566E+00    4.0709E-02   -1.9136E-02   -3.5123E-02    7.0689E-02    1.1778E-02    3.9408E-02    7.3178E-03    3.9001E-01    1.1779E+00  
  2.1484E+00   -1.8856E+00    6.2758E-01    1.7683E-01   -1.3585E-01    1.0610E-01   -5.5471E-03    9.2090E-02   -4.2798E-01    1.9346E-01   -2.5768E-02    6.3716E-02   -8.4392E-03   -6.0998E-03   -2.6585E+00    2.7326E-02   -1.4038E-02   -3.6071E-02    6.4210E-02    4.8872E-03    4.7270E-02   -2.3150E-03    3.9408E-01    1.1687E+00  
  2.1385E+00   -1.8342E+00    3.6068E-01    1.7267E-01   -1.2110E-01    7.2362E-02    1.1241E-02    8.8339E-02   -3.5611E-01    1.3951E-01   -2.4248E-02    6.2519E-02    1.2574E-02   -6.1772E-03   -2.6623E+00    1.3923E-02   -1.0081E-02   -3.0174E-02    5.1153E-02   -3.5840E-03    4.7815E-02   -1.1960E-02    3.9424E-01    1.1539E+00  
  2.2174E+00   -1.7208E+00    2.9371E-02    1.5982E-01   -9.9489E-02   -7.0032E-03    2.4408E-02    9.0834E-02   -2.8672E-01    6.3123E-02   -3.0641E-02    5.3937E-02    2.9578E-02   -5.0580E-03   -2.6646E+00   -2.4897E-03   -9.3902E-03   -1.9786E-02    3.3869E-02   -1.1177E-02    4.4113E-02   -2.2077E-02    3.9106E-01    1.1087E+00  
  2.3725E+00   -1.5384E+00   -3.3808E-01    1.3214E-01   -1.1553E-01   -1.2842E-01    3.6814E-02    9.5064E-02   -2.2477E-01   -3.7961E-02   -4.8670E-02    3.5021E-02    3.6190E-02   -2.3818E-03   -2.6690E+00   -2.5411E-02   -1.3467E-02   -6.6576E-03    9.3692E-03   -1.5049E-02    3.3587E-02   -3.2566E-02    3.8350E-01    1.0674E+00  
  2.5797E+00   -1.3055E+00   -7.3850E-01    8.3053E-02   -2.1179E-01   -2.6858E-01    5.3450E-02    1.0077E-01   -1.7354E-01   -1.6259E-01   -7.9722E-02    9.3312E-03    2.8252E-02    4.9742E-03   -2.6744E+00   -5.1368E-02   -2.0141E-02    9.6307E-03   -1.9952E-02   -1.1274E-02    2.0068E-02   -3.9941E-02    3.7362E-01    1.0693E+00  
  2.8165E+00   -9.9986E-01   -9.6371E-01    1.2854E-02   -4.1855E-01   -3.9343E-01    8.6517E-02    1.1544E-01   -1.3071E-01   -3.1833E-01   -1.1630E-01   -1.9421E-02    1.3996E-02    1.2767E-02   -2.6808E+00   -7.0921E-02   -2.2731E-02    2.5113E-02   -4.8989E-02   -1.9634E-03    2.7862E-03   -3.6114E-02    3.6318E-01    1.0859E+00  
  4.7998E+00    1.0845E+00   -5.5509E-01    1.7574E+00   -9.6548E-01    1.2434E+00   -9.6614E-01    2.1521E+00   -2.2175E+00    6.9250E-01    1.7728E-01    9.5959E-01   -1.0110E+00   -7.6499E-02   -3.3358E+00    1.9306E-01   -5.4943E-02    2.3330E-01   -5.7186E-01   -8.6556E-02   -1.7053E-01   -7.6385E-03    1.9083E-01    1.4006E+00  
  3.0393E+00   -1.2444E+00    5.0034E-01    2.7534E-01    7.4519E-02   -3.2783E-03   -1.9426E-01    4.7472E-01   -9.6948E-01    4.0337E-01   -1.3077E-02    2.0582E-01   -1.9257E-01   -5.1878E-03   -2.8191E+00    1.3635E-01   -5.6247E-02    1.7386E-02   -4.0358E-02   -3.7278E-02   -8.7539E-02    1.1581E-02    3.5061E-01    1.2537E+00  
  2.7251E+00   -1.6677E+00    7.3489E-01    1.0892E-01    2.4773E-02   -1.9134E-01   -5.9869E-02    2.1479E-01   -6.5450E-01    3.2518E-01   -7.2375E-02    7.7848E-02   -5.0219E-02   -6.7648E-03   -2.6643E+00    5.2979E-02   -3.0512E-02   -4.1510E-02    5.4431E-02   -9.8118E-04    5.8661E-03    1.5003E-02    3.7344E-01    1.2122E+00  
  2.6525E+00   -1.6995E+00    6.6058E-01    1.0768E-01   -1.0917E-01   -2.1429E-01   -2.4469E-02    1.7915E-01   -5.4008E-01    2.9457E-01   -7.1995E-02    6.6815E-02   -2.7198E-02   -9.8411E-03   -2.6631E+00    2.6488E-02   -2.7755E-02   -5.0876E-02    4.3585E-02   -2.8271E-03    1.3701E-02    3.5764E-03    3.7623E-01    1.1824E+00  
  2.6518E+00   -1.6416E+00    4.5805E-01    8.6008E-02   -1.9407E-01   -2.7377E-01    1.3209E-03    1.5367E-01   -4.3362E-01    2.3413E-01   -8.1879E-02    4.6952E-02   -9.8058E-03   -1.2706E-02   -2.6667E+00   -8.3143E-03   -2.6026E-02   -5.3871E-02    2.5364E-02   -5.9767E-03    1.4043E-02   -1.2840E-02    3.7513E-01    1.1329E+00  
  2.7188E+00   -1.5046E+00    2.0447E-01    4.5735E-02   -2.7930E-01   -3.7734E-01    1.9862E-02    1.3648E-01   -3.3817E-01    1.4676E-01   -1.0123E-01    1.9600E-02   -4.1886E-03   -1.3058E-02   -2.6761E+00   -4.6981E-02   -3.0083E-02   -5.0818E-02   -2.5061E-03   -7.2671E-03    8.0335E-03   -2.9795E-02    3.6957E-01    1.0759E+00  
  2.8417E+00   -1.2932E+00   -1.0890E-01   -1.6027E-02   -4.1320E-01   -5.1884E-01    3.6814E-02    1.2654E-01   -2.5285E-01    3.3453E-02   -1.3045E-01   -1.2813E-02   -1.3672E-02   -8.1889E-03   -2.6891E+00   -8.5291E-02   -3.9027E-02   -4.1246E-02   -3.7644E-02   -4.2131E-03   -3.1607E-03   -4.2427E-02    3.6092E-01    1.0291E+00  
  2.8120E+00   -1.3188E+00   -5.9414E-01   -3.0979E-01   -8.3169E-01   -8.6614E-01   -3.5899E-02   -1.0303E-01   -3.8905E-01   -1.9091E-01   -2.4674E-01   -1.7924E-01   -1.7062E-01    4.5778E-03   -2.8621E+00   -1.9358E-01   -8.0457E-02   -6.9680E-02   -1.8290E-01    4.0510E-02   -1.0087E-01   -4.0515E-02    3.2920E-01    1.0705E+00  
  1.1826E+00   -3.3317E+00   -1.8284E+00   -2.1719E+00   -2.8191E+00   -2.3527E+00   -8.1139E-01   -1.8847E+00   -1.6062E+00   -6.9564E-01   -5.8387E-01   -1.0219E+00   -1.1198E+00    1.2023E-01   -3.4352E+00   -3.4120E-01   -1.3961E-01   -2.3669E-01   -7.7888E-01    1.0384E-01   -1.8773E-01   -2.9057E-02    1.6839E-01    1.2551E+00  
