  6.2779E+00    8.7722E+00    8.4421E+00    8.1079E-01    7.8266E-01    3.8721E-01   -1.1443E+00   -6.1369E-01   -1.5771E+00   -3.6132E-01    1.8768E-01    6.0375E-01    6.1784E-01   -9.7924E-02    8.0605E-01   -3.7284E-01   -3.0560E-02   -4.3677E-01   -7.5185E-01    1.1538E-02    4.6552E-02    4.4422E-02    5.4481E-01    3.2090E+00  
  5.1299E+00    1.2659E+01    1.0024E+01   -6.8131E-01   -4.1481E-01   -7.7898E-01   -3.6712E-01    9.4726E-01   -2.7304E-01   -1.8211E-01   -7.0490E-03   -1.4068E-01   -1.0519E-01    1.2611E-01    2.3478E-01   -2.1381E-01    7.6472E-03   -2.8357E-01   -2.4901E-01   -2.1711E-02    8.7205E-02    5.0895E-02    4.9025E-01    3.2599E+00  
  5.5533E+00    1.4697E+01    6.5160E+00   -7.3454E-01   -2.4310E-01   -7.7090E-01   -2.3051E-01    1.0411E+00   -1.3306E-01   -1.8411E-01    8.2131E-03   -2.1421E-01   -1.0372E-01    1.5220E-01    1.2130E-01   -1.6860E-01    1.6684E-02   -2.8259E-01   -1.4992E-01    3.3984E-02    1.0156E-01    5.1404E-02    4.5295E-01    3.1196E+00  
  5.8479E+00    1.6881E+01    3.2547E+00   -7.2176E-01   -9.7922E-02   -7.0530E-01   -1.1794E-01    1.0473E+00   -6.5962E-02   -2.0861E-01    3.5601E-02   -2.2727E-01   -5.1698E-02    1.7573E-01    6.1381E-02   -1.6152E-01    9.1004E-03   -2.9372E-01   -7.8310E-02    7.2677E-02    5.9698E-02    5.4966E-02    4.3502E-01    2.9826E+00  
  5.9691E+00    1.7649E+01    2.5904E-03   -7.1858E-01   -7.1761E-04   -6.8083E-01   -1.3651E-03    1.0488E+00    1.9083E-03   -2.1664E-01    4.4499E-02   -2.3243E-01    8.5777E-04    1.8451E-01   -1.7116E-03   -1.5910E-01    2.7904E-04   -2.9779E-01   -1.5972E-03    8.6827E-02    7.6802E-03    5.5932E-02    4.2924E-01    2.8832E+00  
  5.8470E+00    1.6894E+01   -3.2519E+00   -7.2208E-01    9.6308E-02   -7.0485E-01    1.1511E-01    1.0469E+00    6.9395E-02   -2.0930E-01    3.4755E-02   -2.2822E-01    5.3202E-02    1.7706E-01   -6.4993E-02   -1.6213E-01   -8.5929E-03   -2.9262E-01    7.4984E-02    7.4198E-02   -4.4344E-02    5.4645E-02    4.3387E-01    2.9810E+00  
  5.5515E+00    1.4723E+01   -6.5165E+00   -7.3504E-01    2.4112E-01   -7.6999E-01    2.2745E-01    1.0404E+00    1.3559E-01   -1.8591E-01    7.1028E-03   -2.1594E-01    1.0472E-01    1.5455E-01   -1.2535E-01   -1.6932E-01   -1.6430E-02   -2.8094E-01    1.4647E-01    3.6818E-02   -8.6066E-02    5.1180E-02    4.5087E-01    3.1161E+00  
  5.1285E+00    1.2688E+01   -1.0030E+01   -6.8052E-01    4.1040E-01   -7.7592E-01    3.6473E-01    9.4429E-01    2.7690E-01   -1.8577E-01   -7.6469E-03   -1.4190E-01    1.0463E-01    1.2879E-01   -2.4158E-01   -2.1451E-01   -7.6106E-03   -2.8201E-01    2.4676E-01   -1.6430E-02   -7.0453E-02    5.0455E-02    4.8730E-01    3.2535E+00  
  6.2576E+00    8.8171E+00   -8.4674E+00    8.0377E-01   -7.7111E-01    3.8346E-01    1.1390E+00   -6.1134E-01    1.5691E+00   -3.6887E-01    1.8490E-01    6.0052E-01   -6.1703E-01   -9.0139E-02   -8.1120E-01   -3.7087E-01    2.9419E-02   -4.3435E-01    7.5039E-01    1.6079E-02   -2.8323E-02    4.4857E-02    5.4125E-01    3.1983E+00  
  5.2252E+00    9.2657E+00    1.2556E+01   -6.1544E-01   -5.0213E-01   -6.7482E-01   -4.0847E-01    1.2302E+00   -1.9039E-01   -8.7498E-03   -2.2627E-04   -1.2052E-01   -1.6054E-01   -3.2831E-03    1.3505E-01   -1.7983E-01    2.4621E-02   -1.7322E-01   -2.7875E-01   -8.6088E-02    9.3391E-02    4.4730E-02    4.7117E-01    3.1393E+00  
  5.9222E+00    1.2198E+01    1.1442E+01   -5.9770E-01   -2.4890E-01   -6.0887E-01   -3.1443E-01    1.2591E+00   -1.4407E-01   -7.8993E-02    5.4755E-02   -1.4179E-01   -1.2900E-01    5.1973E-02    1.0622E-01   -1.5147E-01    2.6287E-02   -2.0384E-01   -2.1572E-01   -3.8791E-02    9.5379E-02    3.9487E-02    4.2684E-01    2.9224E+00  
  6.5950E+00    1.5848E+01    9.6019E+00   -5.8867E-01   -1.0246E-01   -5.2296E-01   -2.1654E-01    1.2745E+00   -9.9063E-02   -1.2362E-01    9.9025E-02   -1.5645E-01   -8.7724E-02    8.7066E-02    7.4131E-02   -1.3305E-01    2.1637E-02   -2.2910E-01   -1.5108E-01    5.2180E-03    8.0920E-02    3.5480E-02    3.9643E-01    2.7237E+00  
  7.0596E+00    1.7485E+01    3.9936E+00   -5.8653E-01   -3.2301E-02   -4.5633E-01   -1.1108E-01    1.2826E+00   -4.9674E-02   -1.4934E-01    1.2728E-01   -1.6664E-01   -4.4128E-02    1.0863E-01    3.6810E-02   -1.2154E-01    1.2398E-02   -2.4568E-01   -7.8194E-02    3.5075E-02    5.0119E-02    3.2429E-02    3.7905E-01    2.6115E+00  
  7.1822E+00    1.7955E+01    8.5232E-03   -5.8601E-01   -1.1180E-03   -4.3125E-01   -1.8171E-03    1.2845E+00    1.0499E-03   -1.5794E-01    1.3681E-01   -1.7032E-01    2.5730E-04    1.1642E-01   -1.6939E-03   -1.1800E-01   -2.9363E-05   -2.5146E-01   -1.9945E-03    4.6389E-02    8.7460E-03    3.1928E-02    3.7365E-01    2.4897E+00  
  7.0598E+00    1.7498E+01   -3.9771E+00   -5.8694E-01    3.0076E-02   -4.5587E-01    1.0758E-01    1.2819E+00    5.1556E-02   -1.4988E-01    1.2673E-01   -1.6743E-01    4.4755E-02    1.1071E-01   -4.0341E-02   -1.2198E-01   -1.2303E-02   -2.4462E-01    7.4360E-02    3.6711E-02   -3.2807E-02    3.2645E-02    3.7827E-01    2.6097E+00  
  6.5951E+00    1.5868E+01   -9.5907E+00   -5.8939E-01    1.0004E-01   -5.2208E-01    2.1318E-01    1.2732E+00    1.0018E-01   -1.2496E-01    9.8275E-02   -1.5781E-01    8.8324E-02    9.0852E-02   -7.8113E-02   -1.3372E-01   -2.1312E-02   -2.2726E-01    1.4756E-01    8.2396E-03   -6.3800E-02    3.5795E-02    3.9498E-01    2.7202E+00  
  5.9216E+00    1.2227E+01   -1.1447E+01   -5.9873E-01    2.4612E-01   -6.0765E-01    3.1096E-01    1.2575E+00    1.4392E-01   -8.1632E-02    5.4320E-02   -1.4350E-01    1.2938E-01    5.7002E-02   -1.1081E-01   -1.5186E-01   -2.6042E-02   -2.0183E-01    2.1257E-01   -3.4505E-02   -7.8163E-02    3.9833E-02    4.2494E-01    2.9173E+00  
  5.2232E+00    9.3021E+00   -1.2566E+01   -6.1698E-01    4.9925E-01   -6.7344E-01    4.0499E-01    1.2283E+00    1.8857E-01   -1.2959E-02   -2.9192E-04   -1.2245E-01    1.6091E-01    2.9640E-03   -1.4040E-01   -1.7980E-01   -2.4511E-02   -1.7124E-01    2.7595E-01   -8.0747E-02   -7.6031E-02    4.5114E-02    4.6922E-01    3.1318E+00  
  5.7111E+00    4.7085E+00    1.5374E+01   -4.6767E-01   -3.1692E-01   -5.6596E-01   -3.6634E-01    1.4493E+00   -1.3506E-01    2.3784E-02    6.5223E-02   -7.4888E-02   -1.2895E-01   -2.6243E-02    6.6460E-02   -1.5471E-01    3.3183E-02   -1.0043E-01   -2.6055E-01   -7.2062E-02    5.4734E-02    2.9039E-02    4.2252E-01    2.8135E+00  
  6.5119E+00    6.5326E+00    1.3377E+01   -4.5898E-01   -1.3099E-01   -4.9675E-01   -2.8667E-01    1.4772E+00   -1.1257E-01   -3.9891E-02    1.2657E-01   -8.2714E-02   -9.6580E-02    1.7196E-02    5.5158E-02   -1.3509E-01    3.3054E-02   -1.3915E-01   -2.0490E-01   -3.9641E-02    6.4532E-02    2.1577E-02    3.7904E-01    2.5733E+00  
  2.1514E+00    1.2512E-01    2.6402E+00   -4.6114E-01   -3.6125E-02   -4.1000E-01   -1.9911E-01    1.4963E+00   -8.1582E-02   -8.5055E-02    1.7376E-01   -8.8273E-02   -6.3696E-02    4.6729E-02    3.9393E-02   -1.1971E-01    2.7690E-02   -1.7246E-01   -1.4376E-01   -9.7164E-03    5.7432E-02    1.2853E-02    3.4821E-01    2.4025E+00  
  1.1048E+00   -1.5885E+00    4.9979E-01   -4.6614E-01   -3.1917E-03   -3.4286E-01   -1.0297E-01    1.5080E+00   -4.2736E-02   -1.1235E-01    2.0397E-01   -9.2720E-02   -3.1551E-02    6.4965E-02    1.9925E-02   -1.0835E-01    1.6417E-02   -1.9453E-01   -7.5039E-02    1.0104E-02    3.6983E-02    5.2478E-03    3.2947E-01    2.2746E+00  
  1.0436E+00   -1.5778E+00   -1.1396E-03   -4.6866E-01   -1.6263E-03   -3.1810E-01   -2.2112E-03    1.5120E+00    3.2099E-04   -1.2123E-01    2.1336E-01   -9.4822E-02   -1.4304E-04    7.1799E-02   -1.3716E-03   -1.0407E-01   -8.5787E-05   -2.0158E-01   -2.0984E-03    1.7004E-02    9.9940E-03    2.1331E-03    3.2334E-01    2.1930E+00  
  1.1032E+00   -1.5885E+00   -5.0206E-01   -4.6661E-01   -7.4442E-05   -3.4253E-01    9.8693E-02    1.5072E+00    4.3099E-02   -1.1275E-01    2.0381E-01   -9.3537E-02    3.1339E-02    6.7354E-02   -2.2887E-02   -1.0837E-01   -1.6554E-02   -1.9370E-01    7.0939E-02    1.1653E-02   -1.7292E-02    5.6846E-03    3.2905E-01    2.2721E+00  
  2.1490E+00    1.2963E-01   -2.6409E+00   -4.6223E-01    3.2822E-02   -4.0942E-01    1.9525E-01    1.4947E+00    8.1168E-02   -8.5931E-02    1.7342E-01   -8.9744E-02    6.3793E-02    5.1316E-02   -4.2900E-02   -1.1995E-01   -2.7507E-02   -1.7082E-01    1.4008E-01   -6.7559E-03   -3.8452E-02    1.3377E-02    3.4726E-01    2.3982E+00  
  6.5136E+00    6.5673E+00   -1.3383E+01   -4.6066E-01    1.2741E-01   -4.9613E-01    2.8301E-01    1.4751E+00    1.1074E-01   -4.1732E-02    1.2634E-01   -8.4611E-02    9.6879E-02    2.3366E-02   -5.9256E-02   -1.3527E-01   -3.2677E-02   -1.3718E-01    2.0168E-01   -3.5619E-02   -4.6034E-02    2.1784E-02    3.7762E-01    2.5673E+00  
  5.7116E+00    4.7424E+00   -1.5379E+01   -4.6987E-01    3.1305E-01   -5.6550E-01    3.6282E-01    1.4471E+00    1.3145E-01    2.0501E-02    6.5317E-02   -7.7039E-02    1.2939E-01   -1.8844E-02   -7.1147E-02   -1.5458E-01   -3.2982E-02   -9.8585E-02    2.5783E-01   -6.7150E-02   -3.6376E-02    2.9027E-02    4.2091E-01    2.8071E+00  
  5.4127E+00   -2.4442E+00    7.8443E+00    6.6360E-01    6.3998E-01   -3.7133E-01   -1.4189E+00    5.0938E-01   -6.7093E-01    1.5635E+00    3.5449E-02    5.5266E-02    7.2574E-01   -8.6457E-01   -3.4457E-01   -3.1140E-01    6.3992E-03    4.5236E-01   -7.5604E-01   -6.3104E-02    9.8617E-02    1.4985E-02    6.2016E-01    3.3830E+00  
  4.3874E+00   -2.4141E-03    1.3244E+01   -3.9056E-01   -8.2051E-01   -3.8442E-01   -4.5151E-01    1.5347E+00   -7.3032E-02    2.1977E-01   -3.4137E-02   -2.1140E-02   -1.4279E-01   -1.4718E-01    9.5865E-03   -1.9215E-01    2.7355E-02    6.4857E-02   -3.3269E-01   -6.1314E-02   -4.3296E-02    2.5999E-02    5.1090E-01    3.2103E+00  
  5.0770E+00    7.3188E-01    1.5607E+01   -3.4351E-01   -4.8215E-01   -5.2133E-01   -3.8242E-01    1.5983E+00   -9.3817E-02    1.2285E-01    4.2688E-02   -3.0639E-02   -1.1526E-01   -7.7938E-02    1.8386E-02   -1.6747E-01    3.1511E-02    1.6375E-02   -2.7969E-01   -6.0620E-02   -3.4506E-03    2.0997E-02    4.3955E-01    2.8607E+00  
  5.8528E+00    1.2665E+00    1.5740E+01   -3.2925E-01   -2.4725E-01   -5.2302E-01   -3.1835E-01    1.6474E+00   -9.9792E-02    4.9201E-02    1.1272E-01   -3.1397E-02   -8.3876E-02   -3.1204E-02    2.1632E-02   -1.5049E-01    3.5378E-02   -3.0834E-02   -2.3225E-01   -4.7560E-02    2.4490E-02    1.2266E-02    3.8280E-01    2.5528E+00  
  1.1556E+00   -2.1965E+00    1.4305E+00   -3.3526E-01   -1.0493E-01   -4.5535E-01   -2.5064E-01    1.6863E+00   -9.0353E-02   -7.6313E-03    1.7337E-01   -2.9653E-02   -5.6536E-02    1.3957E-03    2.0997E-02   -1.3629E-01    3.7673E-02   -7.5430E-02   -1.8292E-01   -2.8629E-02    3.7165E-02   -6.2749E-04    3.3839E-01    2.3429E+00  
  8.4337E-01   -2.1710E+00    1.0015E+00   -3.4839E-01   -3.1721E-02   -3.7001E-01   -1.7471E-01    1.7160E+00   -6.7739E-02   -5.0078E-02    2.2108E-01   -2.7801E-02   -3.3388E-02    2.3651E-02    1.6118E-02   -1.2356E-01    3.4106E-02   -1.1289E-01   -1.2705E-01   -1.1688E-02    3.5940E-02   -1.5864E-02    3.0524E-01    2.1034E+00  
  6.4134E-01   -2.1572E+00    5.1266E-01   -3.5988E-01   -5.2332E-03   -3.0353E-01   -9.0786E-02    1.7344E+00   -3.6120E-02   -7.6328E-02    2.5238E-01   -2.6707E-02   -1.5272E-02    3.7336E-02    8.3111E-03   -1.1397E-01    2.0930E-02   -1.3679E-01   -6.5518E-02   -7.4527E-04    2.5871E-02   -2.8885E-02    2.8404E-01    1.9716E+00  
  5.7153E-01   -2.1532E+00   -1.2557E-03   -3.6455E-01   -2.4234E-03   -2.7906E-01   -2.6644E-03    1.7403E+00   -5.4221E-04   -8.5192E-02    2.6299E-01   -2.6496E-02   -6.2951E-04    4.2629E-02   -1.1578E-03   -1.1078E-01   -5.5942E-05   -1.4450E-01   -2.3063E-03    3.4407E-03    1.0934E-02   -3.4060E-02    2.7648E-01    1.8945E+00  
  6.3957E-01   -2.1576E+00   -5.1515E-01   -3.6057E-01    4.1184E-04   -3.0352E-01    8.5670E-02    1.7334E+00    3.4796E-02   -7.6714E-02    2.5247E-01   -2.7763E-02    1.4151E-02    3.9847E-02   -1.0781E-02   -1.1382E-01   -2.1067E-02   -1.3635E-01    6.1083E-02    7.0767E-04   -4.2723E-03   -2.8572E-02    2.8362E-01    1.9674E+00  
  8.3990E-01   -2.1718E+00   -1.0039E+00   -3.4983E-01    2.6913E-02   -3.7003E-01    1.7013E-01    1.7141E+00    6.5646E-02   -5.0858E-02    2.2111E-01   -2.9713E-02    3.2718E-02    2.8516E-02   -1.9053E-02   -1.2343E-01   -3.4144E-02   -1.1196E-01    1.2311E-01   -8.9661E-03   -1.5131E-02   -1.5404E-02    3.0434E-01    2.0967E+00  
  1.1506E+00   -2.1976E+00   -1.4328E+00   -3.3754E-01    1.0005E-01   -4.5547E-01    2.4677E-01    1.6838E+00    8.6913E-02   -8.8782E-03    1.7335E-01   -3.1930E-02    5.6555E-02    8.1955E-03   -2.4679E-02   -1.3631E-01   -3.7241E-02   -7.3903E-02    1.7967E-01   -2.5079E-02   -1.7507E-02   -5.7347E-04    3.3702E-01    2.3354E+00  
  5.8556E+00    1.2945E+00   -1.5757E+01   -3.3202E-01    2.4202E-01   -5.2352E-01    3.1491E-01    1.6447E+00    9.4582E-02    4.6739E-02    1.1293E-01   -3.3884E-02    8.4281E-02   -2.3177E-02   -2.5756E-02   -1.5032E-01   -3.5029E-02   -2.9375E-02    2.2970E-01   -4.3390E-02   -5.2814E-03    1.1990E-02    3.8114E-01    2.5463E+00  
  5.0770E+00    7.5062E-01   -1.5632E+01   -3.4691E-01    4.7683E-01   -5.2243E-01    3.7936E-01    1.5958E+00    8.6546E-02    1.1880E-01    4.2905E-02   -3.3057E-02    1.1623E-01   -6.8914E-02   -2.2890E-02   -1.6702E-01   -3.1550E-02    1.7465E-02    2.7783E-01   -5.6020E-02    2.2396E-02    2.0321E-02    4.3787E-01    2.8540E+00  
  4.3847E+00    1.3501E-02   -1.3273E+01   -3.9477E-01    8.1568E-01   -3.8621E-01    4.4869E-01    1.5327E+00    6.3624E-02    2.1369E-01   -3.4274E-02   -2.3045E-02    1.4461E-01   -1.3726E-01   -1.4717E-02   -1.9146E-01   -2.7772E-02    6.5260E-02    3.3152E-01   -5.6143E-02    6.2215E-02    2.5027E-02    5.0936E-01    3.2037E+00  
  5.5626E+00   -2.5158E+00   -7.6678E+00    7.4545E-01   -7.6437E-01   -5.0046E-01    1.4951E+00    4.7805E-01    6.0925E-01    1.6577E+00    4.7332E-02    2.0879E-02   -7.5094E-01   -8.4532E-01    3.9532E-01   -3.1368E-01    1.1901E-04    4.6182E-01    7.4736E-01   -7.7061E-02   -8.0991E-02    1.4216E-02    6.2001E-01    3.3848E+00  
  3.8273E+00   -3.9572E+00    9.2521E+00   -2.8950E-01   -1.0127E+00   -3.5446E-02   -4.8121E-01    1.5872E+00    6.1280E-02    3.3811E-01   -7.1198E-02   -1.1197E-02   -1.0072E-01   -1.9456E-01   -1.0056E-01   -2.2109E-01    1.7029E-02    2.2215E-01   -3.2797E-01    1.7168E-03   -8.4025E-02    1.2296E-02    5.7363E-01    3.3325E+00  
  4.1857E+00   -5.6189E+00    1.1993E+01   -2.3708E-01   -7.1650E-01   -3.5762E-01   -3.6898E-01    1.6930E+00   -4.9634E-03    2.0176E-01   -4.9287E-03   -1.3569E-02   -1.0577E-01   -1.0762E-01   -3.9871E-02   -1.8439E-01    2.3237E-02    1.3798E-01   -2.7144E-01   -1.3497E-02   -5.1814E-02    1.3785E-02    4.8024E-01    2.9948E+00  
  4.8139E+00   -7.4585E+00    1.5259E+01   -2.0204E-01   -4.5733E-01   -4.9513E-01   -3.1159E-01    1.7615E+00   -4.7065E-02    1.2900E-01    6.8209E-02   -1.3628E-02   -7.0914E-02   -5.8790E-02   -1.8678E-02   -1.6879E-01    2.5540E-02    8.2650E-02   -2.2890E-01   -2.3239E-02   -1.6678E-02    7.7404E-03    4.0927E-01    2.6196E+00  
  1.2674E+00   -2.7543E+00    1.7887E+00   -2.0278E-01   -2.7131E-01   -4.9870E-01   -2.5905E-01    1.8219E+00   -6.5955E-02    6.8892E-02    1.3322E-01   -6.0268E-03   -3.9397E-02   -2.6435E-02   -6.6920E-03   -1.5976E-01    3.1533E-02    2.9671E-02   -1.8986E-01   -2.2300E-02    8.8542E-03   -3.9089E-03    3.5216E-01    2.3012E+00  
  8.3099E-01   -2.7525E+00    1.4404E+00   -2.2171E-01   -1.4900E-01   -4.3301E-01   -2.0355E-01    1.8746E+00   -6.5214E-02    1.8354E-02    1.8964E-01    3.0203E-03   -1.6108E-02   -4.2823E-03    3.1131E-04   -1.5316E-01    3.8783E-02   -2.0786E-02   -1.4848E-01   -1.5571E-02    2.0901E-02   -2.1958E-02    3.0520E-01    2.0526E+00  
  4.8537E-01   -2.7553E+00    1.0059E+00   -2.4502E-01   -7.4004E-02   -3.4953E-01   -1.4306E-01    1.9154E+00   -5.0834E-02   -1.9805E-02    2.3417E-01    1.0799E-02   -2.6858E-03    1.1005E-02    2.4023E-03   -1.4968E-01    3.7168E-02   -6.0397E-02   -1.0256E-01   -8.4352E-03    2.3175E-02   -4.3916E-02    2.6724E-01    1.8303E+00  
  2.6267E-01   -2.7585E+00    5.1405E-01   -2.6388E-01   -3.0503E-02   -2.8410E-01   -7.5551E-02    1.9408E+00   -2.7945E-02   -4.3661E-02    2.6377E-01    1.5714E-02    7.1982E-04    2.0586E-02    1.4797E-03   -1.4772E-01    2.3241E-02   -8.5142E-02   -5.3374E-02   -3.0271E-03    1.9060E-02   -6.3351E-02    2.4232E-01    1.7257E+00  
  1.8590E-01   -2.7602E+00   -1.5569E-03   -2.7105E-01   -3.4908E-03   -2.5997E-01   -3.1697E-03    1.9491E+00   -1.5389E-03   -5.1739E-02    2.7395E-01    1.6715E-02   -1.1237E-03    2.4560E-02   -1.0140E-03   -1.4725E-01    8.1755E-05   -9.3761E-02   -2.5910E-03   -7.6346E-04    1.1518E-02   -7.0726E-02    2.3370E-01    1.6118E+00  
  2.6071E-01   -2.7593E+00   -5.1714E-01   -2.6466E-01    2.3551E-02   -2.8437E-01    6.9465E-02    1.9397E+00    2.4643E-02   -4.4037E-02    2.6422E-01    1.4560E-02   -2.7934E-03    2.3119E-02   -3.6355E-03   -1.4734E-01   -2.3176E-02   -8.5086E-02    4.8414E-02   -1.8396E-03    3.7060E-03   -6.3169E-02    2.4181E-01    1.7201E+00  
  4.8148E-01   -2.7568E+00   -1.0089E+00   -2.4655E-01    6.7122E-02   -3.5010E-01    1.3768E-01    1.9134E+00    4.6836E-02   -2.0578E-02    2.3481E-01    8.6470E-03    1.0997E-03    1.5910E-02   -4.9494E-03   -1.4910E-01   -3.7291E-02   -6.0187E-02    9.8201E-02   -6.2371E-03   -1.1916E-03   -4.3451E-02    2.6626E-01    1.8213E+00  
  8.2537E-01   -2.7547E+00   -1.4432E+00   -2.2415E-01    1.4220E-01   -4.3395E-01    1.9914E-01    1.8719E+00    6.0101E-02    1.7203E-02    1.9026E-01    3.5667E-04    1.5474E-02    2.6717E-03   -3.3982E-03   -1.5272E-01   -3.8686E-02   -2.0294E-02    1.4512E-01   -1.2682E-02   -3.3861E-05   -2.1627E-02    3.0377E-01    2.0432E+00  
  1.2603E+00   -2.7571E+00   -1.7914E+00   -2.0601E-01    2.6447E-01   -5.0011E-01    2.5572E-01    1.8187E+00    5.9253E-02    6.7074E-02    1.3359E-01   -8.7442E-03    3.9768E-02   -1.8031E-02    2.9895E-03   -1.5961E-01   -3.1122E-02    3.0492E-02    1.8751E-01   -1.9138E-02    1.0933E-02   -4.1643E-03    3.5036E-01    2.2956E+00  
  4.8150E+00   -7.4513E+00   -1.5289E+01   -2.0561E-01    4.5019E-01   -4.9738E-01    3.0892E-01    1.7587E+00    3.8443E-02    1.2581E-01    6.8474E-02   -1.6279E-02    7.1824E-02   -4.9604E-02    1.4845E-02   -1.6859E-01   -2.5465E-02    8.3111E-02    2.2746E-01   -1.9867E-02    3.6020E-02    7.3265E-03    4.0745E-01    2.6138E+00  
  4.1833E+00   -5.6091E+00   -1.2018E+01   -2.4104E-01    7.0961E-01   -3.6094E-01    3.6687E-01    1.6908E+00   -5.7756E-03    1.9681E-01   -5.2246E-03   -1.5918E-02    1.0751E-01   -9.7606E-02    3.5795E-02   -1.8415E-01   -2.3482E-02    1.3775E-01    2.7073E-01   -9.9249E-03    7.1123E-02    1.3344E-02    4.7859E-01    2.9918E+00  
  3.8204E+00   -3.9491E+00   -9.2819E+00   -2.9523E-01    1.0090E+00   -3.9715E-02    4.7788E-01    1.5871E+00   -7.4995E-02    3.2908E-01   -7.2507E-02   -1.3031E-02    1.0501E-01   -1.8207E-01    9.4882E-02   -2.2048E-01   -1.7719E-02    2.1999E-01    3.2735E-01    5.6714E-03    1.0481E-01    1.2348E-02    5.7263E-01    3.3297E+00  
  3.5076E+00   -6.9871E+00    7.1713E+00   -1.7760E-01   -9.3050E-01    3.7448E-02   -3.4736E-01    1.7307E+00    1.3430E-01    2.4365E-01   -7.0505E-02   -4.3943E-03   -1.0746E-01   -1.2164E-01   -1.2505E-01   -2.0778E-01    2.8323E-02    2.6914E-01   -2.4435E-01    5.0803E-02   -7.1936E-02    1.1201E-03    5.4307E-01    3.2455E+00  
  3.6753E+00   -1.0181E+01    9.5261E+00   -9.3615E-02   -7.0184E-01   -3.0945E-01   -2.7991E-01    1.8155E+00    5.1499E-02    1.7641E-01    4.9214E-03   -2.0149E-02   -7.6162E-02   -7.0038E-02   -6.9986E-02   -1.8496E-01    1.4445E-02    1.9742E-01   -1.9946E-01    2.5221E-02   -4.2175E-02    1.2768E-03    4.5800E-01    2.7967E+00  
  1.9296E+00   -4.5551E+00    3.7378E+00   -6.9362E-02   -5.1054E-01   -4.4853E-01   -2.3038E-01    1.8914E+00   -2.5792E-03    1.2490E-01    7.0171E-02   -1.5097E-02   -3.6852E-02   -3.9238E-02   -3.9749E-02   -1.7617E-01    1.4238E-02    1.3576E-01   -1.6593E-01    6.5355E-03   -1.4687E-02   -4.6202E-03    3.8790E-01    2.4553E+00  
  1.0785E+00   -3.2764E+00    1.7654E+00   -8.1806E-02   -3.5826E-01   -4.5423E-01   -1.8743E-01    1.9635E+00   -3.0164E-02    7.7027E-02    1.2605E-01   -2.6251E-03   -4.5773E-03   -1.9702E-02   -2.2057E-02   -1.7595E-01    2.2247E-02    7.6813E-02   -1.3649E-01   -2.6911E-03    4.0596E-03   -1.7064E-02    3.2939E-01    2.1419E+00  
  6.1116E-01   -3.3115E+00    1.4186E+00   -1.1113E-01   -2.4074E-01   -3.9108E-01   -1.4651E-01    2.0281E+00   -3.7790E-02    3.4412E-02    1.7277E-01    1.0547E-02    1.5404E-02   -6.3424E-03   -1.1596E-02   -1.8306E-01    3.0044E-02    2.3588E-02   -1.0646E-01   -4.6129E-03    1.3124E-02   -3.6125E-02    2.7768E-01    1.8580E+00  
  2.4282E-01   -3.3405E+00    9.8948E-01   -1.4379E-01   -1.4826E-01   -3.0982E-01   -1.0413E-01    2.0799E+00   -3.2513E-02    1.1940E-03    2.0979E-01    2.3013E-02    2.0454E-02    3.0514E-03   -5.5630E-03   -1.9462E-01    3.0935E-02   -1.6929E-02   -7.3344E-02   -3.8987E-03    1.6131E-02   -5.9364E-02    2.3263E-01    1.5603E+00  
  3.8469E-03   -3.3611E+00    5.0435E-01   -1.6513E-01   -7.2540E-02   -2.4608E-01   -5.4586E-02    2.1159E+00   -1.9601E-02   -1.9820E-02    2.2929E-01    3.1602E-02    1.4021E-02    9.4033E-03   -2.5483E-03   -2.0832E-01    1.7913E-02   -4.2617E-02   -3.7527E-02   -2.1065E-03    1.5101E-02   -7.2924E-02    1.9854E-01    1.3802E+00  
 -7.8424E-02   -3.3685E+00   -2.0316E-03   -1.7317E-01   -4.7757E-03   -2.2266E-01   -3.6367E-03    2.1277E+00   -2.5688E-03   -2.7099E-02    2.3605E-01    3.4028E-02   -1.5046E-03    1.2305E-02   -8.4192E-04   -2.1315E-01    3.6238E-04   -5.1130E-02   -2.8115E-03   -1.0743E-03    1.1816E-02   -7.8007E-02    1.8677E-01    1.2697E+00  
  1.6845E-03   -3.3622E+00   -5.0839E-01   -1.6588E-01    6.3024E-02   -2.4661E-01    4.7576E-02    2.1150E+00    1.4247E-02   -2.0176E-02    2.3013E-01    3.0398E-02   -1.6855E-02    1.1874E-02    7.4574E-04   -2.0773E-01   -1.7367E-02   -4.2925E-02    3.2132E-02   -1.2748E-03    8.2560E-03   -7.2951E-02    1.9792E-01    1.3729E+00  
  2.3851E-01   -3.3428E+00   -9.9343E-01   -1.4529E-01    1.3888E-01   -3.1089E-01    9.7942E-02    2.0781E+00    2.6537E-02    4.5388E-04    2.1114E-01    2.0772E-02   -2.2740E-02    7.8652E-03    3.4368E-03   -1.9360E-01   -3.0856E-02   -1.7408E-02    6.8641E-02   -2.3622E-03    6.4565E-03   -5.9221E-02    2.3157E-01    1.5552E+00  
  6.0485E-01   -3.3149E+00   -1.4223E+00   -1.1342E-01    2.3155E-01   -3.9274E-01    1.4149E-01    2.0257E+00    3.0815E-02    3.3283E-02    1.7416E-01    7.6823E-03   -1.6733E-02    4.7686E-04    9.0135E-03   -1.8202E-01   -3.0289E-02    2.3067E-02    1.0283E-01   -2.6883E-03    8.3442E-03   -3.5699E-02    2.7631E-01    1.8523E+00  
  1.0704E+00   -3.2809E+00   -1.7688E+00   -8.5021E-02    3.4931E-01   -4.5654E-01    1.8393E-01    1.9605E+00    2.1827E-02    7.5500E-02    1.2696E-01   -5.5350E-03    4.5974E-03   -1.1335E-02    1.8895E-02   -1.7542E-01   -2.2303E-02    7.6554E-02    1.3411E-01   -7.9204E-04    1.6107E-02   -1.6828E-02    3.2781E-01    2.1387E+00  
  1.9214E+00   -4.5607E+00   -3.7438E+00   -7.3020E-02    5.0151E-01   -4.5182E-01    2.2809E-01    1.8884E+00   -7.3854E-03    1.2236E-01    7.0409E-02   -1.7863E-02    3.7810E-02   -3.0032E-02    3.6475E-02   -1.7619E-01   -1.4255E-02    1.3540E-01    1.6478E-01    8.3627E-03    3.4052E-02   -4.4631E-03    3.8633E-01    2.4545E+00  
  3.6727E+00   -1.0188E+01   -9.5541E+00   -9.7360E-02    6.9283E-01   -3.1417E-01    2.7842E-01    1.8130E+00   -6.3348E-02    1.7243E-01    4.8233E-03   -2.2848E-02    7.7538E-02   -6.0334E-02    6.6803E-02   -1.8505E-01   -1.4354E-02    1.9664E-01    1.9911E-01    2.6845E-02    6.1366E-02    1.6942E-03    4.5669E-01    2.7995E+00  
  3.5024E+00   -6.9908E+00   -7.1979E+00   -1.8132E-01    9.2218E-01    3.0636E-02    3.4663E-01    1.7285E+00   -1.4840E-01    2.3809E-01   -7.0650E-02   -7.4363E-03    1.0946E-01   -1.1094E-01    1.2188E-01   -2.0766E-01   -2.8018E-02    2.6789E-01    2.4430E-01    5.2106E-02    9.1755E-02    1.6276E-03    5.4204E-01    3.2470E+00  
  3.0958E+00   -8.4530E+00    4.7534E+00   -3.9925E-02   -8.6308E-01    1.3306E-01   -2.4694E-01    1.8141E+00    1.8944E-01    1.7257E-01   -7.2304E-02   -2.0789E-02   -9.5909E-02   -6.5472E-02   -1.5249E-01   -2.0656E-01    2.2058E-02    3.2058E-01   -1.5305E-01    7.8364E-02   -3.4901E-02   -8.8338E-03    5.2789E-01    3.1008E+00  
  2.9380E+00   -1.2852E+01    6.2075E+00    4.3447E-02   -7.3446E-01   -2.1613E-01   -1.8572E-01    1.8981E+00    9.8297E-02    1.3741E-01   -2.4406E-03   -3.6882E-02   -6.1132E-02   -3.7893E-02   -8.6761E-02   -1.8822E-01    2.2554E-03    2.4229E-01   -1.1825E-01    4.9189E-02   -1.8981E-02   -7.5602E-03    4.4348E-01    2.6625E+00  
  1.5502E+00   -3.6920E+00    1.9182E+00    6.2744E-02   -6.0527E-01   -3.5725E-01   -1.4045E-01    1.9786E+00    3.7899E-02    1.0567E-01    5.0305E-02   -3.1767E-02   -2.0891E-02   -2.1955E-02   -5.0751E-02   -1.8383E-01   -3.6084E-03    1.7343E-01   -9.3999E-02    2.4658E-02   -4.5974E-03   -1.1013E-02    3.7421E-01    2.3279E+00  
  1.0052E+00   -3.7746E+00    1.7014E+00    4.2126E-02   -4.7928E-01   -3.6549E-01   -1.0650E-01    2.0580E+00    3.2097E-03    7.0686E-02    9.2578E-02   -1.7511E-02    1.1823E-02   -1.2940E-02   -3.0414E-02   -1.9169E-01    2.1386E-03    1.0986E-01   -7.5473E-02    9.5668E-03    4.6471E-03   -2.1456E-02    3.1401E-01    2.0494E+00  
  5.2257E-01   -3.8436E+00    1.3675E+00    4.7145E-03   -3.5865E-01   -3.0463E-01   -8.0662E-02    2.1310E+00   -1.2253E-02    3.7582E-02    1.2605E-01   -2.1532E-03    3.0566E-02   -6.8929E-03   -1.8300E-02   -2.1155E-01    9.0805E-03    5.4775E-02   -5.7973E-02    2.6425E-03    9.4701E-03   -3.5429E-02    2.5736E-01    1.7247E+00  
  1.4169E-01   -3.8971E+00    9.5253E-01   -3.2597E-02   -2.4157E-01   -2.2495E-01   -5.5406E-02    2.1919E+00   -1.6136E-02    1.1519E-02    1.4872E-01    1.2277E-02    3.4693E-02   -1.8311E-03   -1.0218E-02   -2.3805E-01    1.0169E-02    1.0545E-02   -3.8184E-02   -9.5253E-05    1.2012E-02   -4.8022E-02    2.0321E-01    1.3155E+00  
 -1.0339E-01   -3.9304E+00    4.8516E-01   -5.9772E-02   -1.2370E-01   -1.6170E-01   -2.9686E-02    2.2306E+00   -1.1715E-02   -5.8736E-03    1.6220E-01    2.1285E-02    2.1397E-02    1.4863E-03   -4.7603E-03   -2.5701E-01    6.5121E-03   -1.6130E-02   -2.0053E-02   -7.0545E-04    1.2536E-02   -5.6985E-02    1.6900E-01    1.0523E+00  
 -1.8776E-01   -3.9420E+00   -2.7067E-03   -6.9672E-02   -6.2685E-03   -1.3850E-01   -4.0356E-03    2.2434E+00   -3.6032E-03   -1.2032E-02    1.6701E-01    2.3922E-02   -1.7494E-03    3.3494E-03   -6.4379E-04   -2.6352E-01    7.2332E-04   -2.4991E-02   -2.9462E-03   -5.8134E-04    1.1859E-02   -6.0237E-02    1.5724E-01    9.6211E-01  
 -1.0576E-01   -3.9319E+00   -4.9054E-01   -6.0420E-02    1.1123E-01   -1.6243E-01    2.1907E-02    2.2299E+00    4.3250E-03   -6.2254E-03    1.6339E-01    2.0087E-02   -2.4690E-02    3.8360E-03    3.3793E-03   -2.5623E-01   -5.3249E-03   -1.6779E-02    1.4423E-02   -2.3858E-04    1.0911E-02   -5.7333E-02    1.6828E-01    1.0423E+00  
  1.3695E-01   -3.9001E+00   -9.5778E-01   -3.3928E-02    2.2931E-01   -2.2646E-01    4.8498E-02    2.1906E+00    8.1946E-03    1.0795E-02    1.5068E-01    1.0011E-02   -3.7403E-02    2.7577E-03    8.5724E-03   -2.3676E-01   -9.6895E-03    9.3752E-03    3.3302E-02    7.4538E-04    1.0659E-02   -4.8434E-02    2.0210E-01    1.3123E+00  
  5.1555E-01   -3.8481E+00   -1.3725E+00    2.7536E-03    3.4669E-01   -3.0694E-01    7.5154E-02    2.1291E+00    3.4093E-03    3.6480E-02    1.2814E-01   -5.0990E-03   -3.2365E-02   -3.9281E-04    1.6256E-02   -2.1006E-01   -9.4838E-03    5.3336E-02    5.4201E-02    3.5313E-03    1.2041E-02   -3.5317E-02    2.5619E-01    1.7241E+00  
  9.9608E-01   -3.7806E+00   -1.7061E+00    3.9390E-02    4.6770E-01   -3.6865E-01    1.0268E-01    2.0557E+00   -1.3251E-02    6.9219E-02    9.4127E-02   -2.0539E-02   -1.2275E-02   -4.9815E-03    2.7946E-02   -1.9062E-01   -2.9319E-03    1.0836E-01    7.3018E-02    1.0117E-02    1.5541E-02   -2.0752E-02    3.1290E-01    2.0492E+00  
  1.5395E+00   -3.6992E+00   -1.9225E+00    5.9091E-02    5.9413E-01   -3.6144E-01    1.3827E-01    1.9760E+00   -4.9340E-02    1.0360E-01    5.0952E-02   -3.4369E-02    2.1625E-02   -1.3119E-02    4.7970E-02   -1.8335E-01    3.2925E-03    1.7227E-01    9.2739E-02    2.4566E-02    2.3597E-02   -1.0379E-02    3.7319E-01    2.3307E+00  
  2.9337E+00   -1.2872E+01   -6.2202E+00    3.9444E-02    7.2358E-01   -2.2200E-01    1.8450E-01    1.8954E+00   -1.1118E-01    1.3415E-01   -1.9418E-03   -3.9507E-02    6.2270E-02   -2.8566E-02    8.4302E-02   -1.8783E-01   -2.0707E-03    2.4105E-01    1.1794E-01    4.8574E-02    3.7650E-02   -6.9699E-03    4.4286E-01    2.6646E+00  
  3.0894E+00   -8.4695E+00   -4.7749E+00   -4.3727E-02    8.5245E-01    1.2488E-01    2.4672E-01    1.8114E+00   -2.0421E-01    1.6832E-01   -7.1552E-02   -2.3798E-02    9.7181E-02   -5.5643E-02    1.5064E-01   -2.0611E-01   -2.1511E-02    3.1938E-01    1.5316E-01    7.6772E-02    5.4215E-02   -8.2002E-03    5.2778E-01    3.1037E+00  
  2.6724E+00   -9.3816E+00    1.6373E+00    8.7408E-02   -7.9993E-01    2.7741E-01   -1.5445E-01    1.8557E+00    2.2407E-01    8.3848E-02   -8.2765E-02   -4.1825E-02   -9.8816E-02   -1.4782E-02   -1.6636E-01   -2.0680E-01    9.2965E-03    3.5415E-01   -5.4396E-02    8.6090E-02    1.1083E-02   -1.3610E-02    5.2193E-01    2.9863E+00  
  2.1596E+00   -1.4065E+01    1.8342E+00    1.7428E-01   -7.7311E-01   -7.0501E-02   -9.0313E-02    1.9352E+00    1.3026E-01    7.7938E-02   -2.4622E-02   -5.7795E-02   -6.9027E-02   -8.8245E-03   -9.3868E-02   -1.8860E-01   -1.3531E-02    2.6778E-01   -3.1247E-02    5.7733E-02    8.3417E-03   -1.2321E-02    4.3743E-01    2.5578E+00  
  1.6062E+00   -4.0869E+00    1.7956E+00    1.9353E-01   -7.0392E-01   -2.1362E-01   -4.8214E-02    2.0143E+00    6.7515E-02    6.7610E-02    1.5186E-02   -5.3686E-02   -3.0786E-02   -6.4213E-03   -5.4380E-02   -1.8369E-01   -2.2864E-02    1.9239E-01   -1.7001E-02    3.1321E-02    6.9554E-03   -1.4706E-02    3.6951E-01    2.2128E+00  
  1.0613E+00   -4.2121E+00    1.6008E+00    1.7139E-01   -6.0288E-01   -2.2424E-01   -2.2928E-02    2.0936E+00    2.8323E-02    4.9246E-02    4.1987E-02   -3.9752E-02    3.4382E-03   -6.1285E-03   -3.3557E-02   -1.9451E-01   -2.4016E-02    1.2568E-01   -9.2226E-03    1.3908E-02    7.3303E-03   -1.8960E-02    3.0846E-01    1.9686E+00  
  5.7929E-01   -4.3124E+00    1.2896E+00    1.3109E-01   -4.7863E-01   -1.6489E-01   -1.0156E-02    2.1687E+00    7.0628E-03    2.8172E-02    5.9719E-02   -2.4163E-02    2.5337E-02   -6.0378E-03   -2.0735E-02   -2.1974E-01   -2.0883E-02    6.7511E-02   -5.1873E-03    5.4651E-03    8.2687E-03   -2.1839E-02    2.4807E-01    1.5250E+00  
  2.0002E-01   -4.3865E+00    8.9942E-01    8.9254E-02   -3.3496E-01   -8.5658E-02   -4.9937E-03    2.2305E+00   -2.5174E-03    1.0151E-02    7.1219E-02   -1.0667E-02    3.1441E-02   -5.7467E-03   -1.1587E-02   -2.4922E-01   -1.4779E-02    2.0723E-02   -3.3871E-03    1.1551E-03    9.4595E-03   -2.4188E-02    1.9373E-01    1.1256E+00  
 -4.3708E-02   -4.4317E+00    4.5811E-01    5.8493E-02   -1.7497E-01   -2.2907E-02   -3.8495E-03    2.2696E+00   -5.1340E-03   -2.8047E-03    7.8050E-02   -1.7514E-03    1.9735E-02   -5.1481E-03   -5.3492E-03   -2.6981E-01   -7.0789E-03   -7.0257E-03   -2.9045E-03   -4.0421E-04    1.0671E-02   -2.6036E-02    1.6027E-01    8.2891E-01  
 -1.2762E-01   -4.4473E+00   -3.5857E-03    4.7268E-02   -7.9035E-03    8.0175E-05   -4.3178E-03    2.2825E+00   -4.5700E-03   -7.6375E-03    8.0754E-02    9.6411E-04   -1.8020E-03   -4.2098E-03   -4.1270E-04   -2.7681E-01    1.0934E-03   -1.6372E-02   -2.9510E-03   -8.2126E-04    1.1700E-02   -2.6965E-02    1.4906E-01    7.1958E-01  
 -4.6312E-02   -4.4336E+00   -4.6520E-01    5.8013E-02    1.5928E-01   -2.3832E-02   -4.4452E-03    2.2692E+00   -4.1340E-03   -3.1549E-03    7.9401E-02   -2.9447E-03   -2.3106E-02   -2.9459E-03    4.4881E-03   -2.6903E-01    8.9574E-03   -7.9688E-03   -2.6844E-03   -2.2173E-04    1.2466E-02   -2.6761E-02    1.5950E-01    8.3310E-01  
  1.9482E-01   -4.3903E+00   -9.0634E-01    8.8269E-02    3.1955E-01   -8.7556E-02   -2.3698E-03    2.2298E+00   -7.2200E-03    9.4445E-03    7.3526E-02   -1.2913E-02   -3.4224E-02   -1.4658E-03    1.0529E-02   -2.4789E-01    1.5726E-02    1.8965E-02   -1.4155E-03    1.3975E-03    1.2854E-02   -2.5175E-02    1.9263E-01    1.1295E+00  
  5.7159E-01   -4.3181E+00   -1.2963E+00    1.2962E-01    4.6362E-01   -1.6779E-01    4.2723E-03    2.1676E+00   -1.7618E-02    2.7096E-02    6.2256E-02   -2.7092E-02   -2.7250E-02    4.0986E-06    1.9339E-02   -2.1820E-01    2.0519E-02    6.5197E-02    1.4925E-03    5.4536E-03    1.2804E-02   -2.2234E-02    2.4710E-01    1.5260E+00  
  1.0514E+00   -4.2195E+00   -1.6070E+00    1.6920E-01    5.8848E-01   -2.2818E-01    1.8779E-02    2.0922E+00   -3.9951E-02    4.7774E-02    4.4108E-02   -4.2714E-02   -4.3213E-03    1.1971E-03    3.1766E-02   -1.9305E-01    2.2839E-02    1.2326E-01    6.7888E-03    1.3200E-02    1.2308E-02   -1.8337E-02    3.0773E-01    1.9698E+00  
  1.5945E+00   -4.0958E+00   -1.8010E+00    1.9011E-01    6.9031E-01   -2.1872E-01    4.5752E-02    2.0124E+00   -8.0397E-02    6.5647E-02    1.6700E-02   -5.6039E-02    3.0828E-02    1.5908E-03    5.2244E-02   -1.8238E-01    2.2217E-02    1.9039E-01    1.5545E-02    2.9444E-02    1.1330E-02   -1.4131E-02    3.6908E-01    2.2162E+00  
  2.1530E+00   -1.4090E+01   -1.8543E+00    1.7020E-01    7.6015E-01   -7.7362E-02    8.8992E-02    1.9330E+00   -1.4424E-01    7.5199E-02   -2.3410E-02   -5.9905E-02    6.9788E-02   -3.8323E-04    9.1949E-02   -1.8747E-01    1.3387E-02    2.6611E-01    3.0810E-02    5.4678E-02    9.3492E-03   -1.1983E-02    4.3755E-01    2.5609E+00  
  2.6638E+00   -9.4014E+00   -1.6552E+00    8.3520E-02    7.8763E-01    2.6825E-01    1.5434E-01    1.8535E+00   -2.3928E-01    8.0163E-02   -8.1348E-02   -4.4161E-02    1.0017E-01   -6.3418E-03    1.6519E-01   -2.0564E-01   -8.6382E-03    3.5255E-01    5.4842E-02    8.1503E-02    6.7373E-03   -1.3006E-02    5.2280E-01    2.9903E+00  
  2.3166E+00   -8.9118E+00   -1.5577E+00    1.9537E-01   -6.9579E-01    4.6625E-01   -6.9777E-02    1.8579E+00    2.3168E-01   -2.7182E-02   -1.0272E-01   -5.5485E-02   -1.1801E-01    3.8773E-02   -1.6655E-01   -2.1069E-01    8.6073E-04    3.6772E-01    5.0391E-02    7.7044E-02    5.4123E-02   -1.8765E-02    5.2516E-01    3.0292E+00  
  1.4699E+00   -1.3459E+01   -2.6012E+00    2.9597E-01   -7.7452E-01    1.2094E-01   -8.4638E-04    1.9281E+00    1.3984E-01   -2.6951E-03   -5.4728E-02   -7.1581E-02   -9.8812E-02    2.1612E-02   -9.3678E-02   -1.8492E-01   -2.5961E-02    2.7305E-01    6.0624E-02    4.9308E-02    3.4080E-02   -1.7554E-02    4.4071E-01    2.6054E+00  
  1.7719E+00   -4.3980E+00    1.6249E+00    3.2462E-01   -7.7097E-01   -2.3564E-02    3.9416E-02    1.9979E+00    7.9293E-02    1.3071E-02   -2.6343E-02   -6.9029E-02   -6.3956E-02    9.5363E-03   -5.3639E-02   -1.7576E-01   -4.0207E-02    1.9279E-01    6.3857E-02    2.5534E-02    1.7961E-02   -1.7758E-02    3.7138E-01    2.2898E+00  
  1.2458E+00   -4.5648E+00    1.4648E+00    3.0878E-01   -7.0049E-01   -3.6267E-02    5.7242E-02    2.0691E+00    3.9879E-02    1.4595E-02   -1.4194E-02   -5.5723E-02   -2.8801E-02    9.6465E-04   -3.1757E-02   -1.8054E-01   -4.8700E-02    1.2190E-01    6.0055E-02    1.0122E-02    9.5710E-03   -1.5227E-02    3.1152E-01    2.0433E+00  
  7.8000E-01   -4.6942E+00    1.1868E+00    2.7131E-01   -5.7749E-01    2.1763E-02    5.8302E-02    2.1365E+00    1.6551E-02    7.2867E-03   -1.1288E-02   -3.9790E-02   -3.0992E-03   -5.0877E-03   -1.8870E-02   -1.9801E-01   -4.9993E-02    6.1911E-02    4.9898E-02    2.5453E-03    6.7728E-03   -7.4964E-03    2.5559E-01    1.7399E+00  
  4.1401E-01   -4.7885E+00    8.3046E-01    2.2939E-01   -4.1379E-01    1.0064E-01    4.4317E-02    2.1943E+00    4.7261E-03   -1.5991E-03   -1.0605E-02   -2.7200E-02    1.0592E-02   -9.6762E-03   -1.0312E-02   -2.2323E-01   -3.9259E-02    1.4025E-02    3.2974E-02   -7.8876E-04    6.6948E-03    5.6869E-04    2.0262E-01    1.3300E+00  
  1.7890E-01   -4.8455E+00    4.2329E-01    1.9783E-01   -2.1887E-01    1.6293E-01    2.1572E-02    2.2315E+00   -1.6381E-03   -9.1440E-03   -1.0270E-02   -1.8347E-02    8.9009E-03   -1.1854E-02   -4.5538E-03   -2.4141E-01   -2.0475E-02   -1.4936E-02    1.5078E-02   -1.9269E-03    8.6312E-03    6.0231E-03    1.6960E-01    1.0591E+00  
  9.7861E-02   -4.8651E+00   -4.6463E-03    1.8620E-01   -9.6268E-03    1.8570E-01   -4.4101E-03    2.2441E+00   -5.3991E-03   -1.2138E-02   -9.7097E-03   -1.5570E-02   -1.6409E-03   -1.1862E-02   -9.8752E-05   -2.4773E-01    1.4478E-03   -2.4724E-02   -2.7912E-03   -2.1230E-03    1.1415E-02    7.4578E-03    1.5833E-01    9.8035E-01  
  1.7604E-01   -4.8478E+00   -4.3250E-01    1.9758E-01    1.9976E-01    1.6181E-01   -3.0053E-02    2.2315E+00   -9.2657E-03   -9.4945E-03   -8.9525E-03   -1.9548E-02   -1.1965E-02   -9.8162E-03    4.3306E-03   -2.4080E-01    2.2975E-02   -1.6123E-02   -2.0347E-02   -1.8999E-03    1.3905E-02    4.9963E-03    1.6879E-01    1.0698E+00  
  4.0834E-01   -4.7931E+00   -8.3943E-01    2.2893E-01    3.9502E-01    9.8400E-02   -5.1828E-02    2.1943E+00   -1.6025E-02   -2.2962E-03   -8.3142E-03   -2.9402E-02   -1.3098E-02   -5.7563E-03    9.9488E-03   -2.2211E-01    4.0609E-02    1.1778E-02   -3.7437E-02   -9.4564E-04    1.4951E-02   -7.8860E-04    2.0151E-01    1.3371E+00  
  7.7161E-01   -4.7010E+00   -1.1954E+00    2.7056E-01    5.5923E-01    1.8354E-02   -6.4337E-02    2.1365E+00   -2.8601E-02    6.2244E-03   -8.7491E-03   -4.2625E-02    1.3411E-03    3.9366E-04    1.8189E-02   -1.9674E-01    4.9721E-02    5.8889E-02   -5.3296E-02    1.8880E-03    1.3485E-02   -8.1636E-03    2.5469E-01    1.7453E+00  
  1.2352E+00   -4.5736E+00   -1.4727E+00    3.0710E-01    6.8311E-01   -4.0936E-02   -6.1780E-02    2.0687E+00   -5.2905E-02    1.3068E-02   -1.1591E-02   -5.8412E-02    2.7565E-02    7.5056E-03    3.0660E-02   -1.7897E-01    4.7672E-02    1.1886E-01   -6.2283E-02    8.4919E-03    9.0473E-03   -1.5262E-02    3.1092E-01    2.0475E+00  
  1.7592E+00   -4.4086E+00   -1.6320E+00    3.2179E-01    7.5462E-01   -2.9551E-02   -4.2260E-02    1.9972E+00   -9.3441E-02    1.1149E-02   -2.4217E-02   -7.1001E-02    6.3459E-02    1.6554E-02    5.2172E-02   -1.7412E-01    3.9282E-02    1.9011E-01   -6.5120E-02    2.2285E-02   -8.3588E-04   -1.7600E-02    3.7118E-01    2.2901E+00  
  1.4608E+00   -1.3479E+01    2.5807E+00    2.9258E-01    7.5942E-01    1.1309E-01   -4.3741E-04    1.9271E+00   -1.5493E-01   -5.2239E-03   -5.2936E-02   -7.3120E-02    9.9499E-02    2.8623E-02    9.2024E-02   -1.8336E-01    2.5850E-02    2.7083E-01   -6.0957E-02    4.4176E-02   -1.8118E-02   -1.7214E-02    4.4104E-01    2.6028E+00  
  2.3063E+00   -8.9295E+00    1.5421E+00    1.9253E-01    6.8216E-01    4.5578E-01    7.0168E-02    1.8571E+00   -2.4762E-01   -3.1161E-02   -1.0061E-01   -5.7370E-02    1.1996E-01    4.5211E-02    1.6514E-01   -2.0891E-01    3.0108E-04    3.6517E-01   -4.9920E-02    7.0137E-02   -3.9015E-02   -1.7955E-02    5.2640E-01    3.0234E+00  
  2.1001E+00   -7.8356E+00   -4.2233E+00    2.7192E-01   -4.9889E-01    6.8088E-01    5.0196E-03    1.8269E+00    2.0384E-01   -1.5445E-01   -1.3323E-01   -5.1605E-02   -1.4309E-01    1.0341E-01   -1.5233E-01   -2.1810E-01    6.0391E-03    3.6248E-01    1.6074E-01    4.9045E-02    8.3774E-02   -2.8921E-02    5.3797E-01    3.1645E+00  
  9.8945E-01   -1.1329E+01   -6.1286E+00    4.0134E-01   -6.9634E-01    3.3795E-01    7.4761E-02    1.8823E+00    1.1753E-01   -9.9668E-02   -8.6951E-02   -6.7865E-02   -1.4331E-01    5.8142E-02   -8.4526E-02   -1.8099E-01   -2.8304E-02    2.5970E-01    1.5651E-01    2.5021E-02    5.2544E-02   -2.6840E-02    4.5283E-01    2.7206E+00  
  1.7123E+00   -5.9149E+00   -3.3991E-01    4.5263E-01   -7.6984E-01    1.9312E-01    1.1506E-01    1.9355E+00    6.4706E-02   -5.5753E-02   -6.6916E-02   -6.6598E-02   -1.1650E-01    2.8903E-02   -4.6093E-02   -1.6182E-01   -5.1674E-02    1.7470E-01    1.4756E-01    7.9264E-03    2.5544E-02   -2.2744E-02    3.8244E-01    2.3997E+00  
  1.5478E+00   -4.8069E+00    1.2913E+00    4.5196E-01   -7.4291E-01    1.7867E-01    1.2774E-01    1.9908E+00    3.1128E-02   -3.0419E-02   -6.4813E-02   -5.2572E-02   -8.1666E-02    8.5834E-03   -2.4533E-02   -1.5491E-01   -6.4854E-02    9.9983E-02    1.3047E-01   -1.6020E-03    8.8842E-03   -1.6586E-02    3.2391E-01    2.1107E+00  
  1.1129E+00   -4.9669E+00    1.0589E+00    4.2402E-01   -6.3455E-01    2.3496E-01    1.1746E-01    2.0439E+00    1.1542E-02   -2.0551E-02   -7.3010E-02   -3.4324E-02   -4.9135E-02   -5.3095E-03   -1.2632E-02   -1.5776E-01   -6.8125E-02    3.6392E-02    1.0544E-01   -4.8755E-03    2.2527E-03   -4.1675E-03    2.7315E-01    1.8500E+00  
  7.6929E-01   -5.0802E+00    7.4449E-01    3.9052E-01   -4.6330E-01    3.1242E-01    8.9520E-02    2.0887E+00    1.2676E-03   -1.8920E-02   -8.5223E-02   -1.9550E-02   -2.5822E-02   -1.4610E-02   -5.6882E-03   -1.6649E-01   -5.8601E-02   -1.1273E-02    7.2908E-02   -5.3799E-03    1.9549E-03    1.4654E-02    2.2998E-01    1.5684E+00  
  5.4967E-01   -5.1500E+00    3.8014E-01    3.6141E-01   -2.4812E-01    3.7427E-01    4.5107E-02    2.1215E+00   -3.3508E-03   -1.9919E-02   -9.0457E-02   -1.0239E-02   -9.9926E-03   -2.0013E-02   -2.0477E-03   -1.7871E-01   -3.1268E-02   -4.1580E-02    3.5105E-02   -4.5994E-03    5.5824E-03    2.5205E-02    1.9753E-01    1.3886E+00  
  4.7376E-01   -5.1738E+00   -5.9053E-03    3.5074E-01   -1.1410E-02    3.9680E-01   -4.2994E-03    2.1328E+00   -6.0471E-03   -2.0764E-02   -9.1954E-02   -7.2709E-03   -1.2777E-03   -2.1113E-02    3.0434E-04   -1.8316E-01    1.6963E-03   -5.1957E-02   -2.4702E-03   -4.1441E-03    1.1086E-02    2.8676E-02    1.8633E-01    1.2818E+00  
  5.4655E-01   -5.1527E+00   -3.9186E-01    3.6150E-01    2.2543E-01    3.7298E-01   -5.3382E-02    2.1219E+00   -8.8743E-03   -2.0279E-02   -8.9393E-02   -1.1447E-02    7.5855E-03   -1.8142E-02    2.5964E-03   -1.7840E-01    3.4176E-02   -4.2971E-02   -3.9785E-02   -4.5694E-03    1.6216E-02    2.4104E-02    1.9666E-01    1.3957E+00  
  7.6310E-01   -5.0856E+00   -7.5593E-01    3.9075E-01    4.4102E-01    3.0988E-01   -9.6809E-02    2.0897E+00   -1.3852E-02   -1.9621E-02   -8.3406E-02   -2.1730E-02    2.3907E-02   -1.1061E-02    6.0970E-03   -1.6593E-01    6.0140E-02   -1.3924E-02   -7.6798E-02   -5.6239E-03    1.8816E-02    1.3355E-02    2.2882E-01    1.5771E+00  
  1.1040E+00   -4.9748E+00   -1.0697E+00    4.2396E-01    6.1297E-01    2.3107E-01   -1.2359E-01    2.0451E+00   -2.4812E-02   -2.1683E-02   -7.0697E-02   -3.6908E-02    4.7615E-02   -4.3958E-04    1.2702E-02   -1.5696E-01    6.8229E-02    3.3012E-02   -1.0824E-01   -5.7693E-03    1.6921E-02   -5.0011E-03    2.7216E-01    1.8613E+00  
  1.5364E+00   -4.8171E+00   -1.3013E+00    4.5103E-01    7.2234E-01    1.7336E-01   -1.3252E-01    1.9919E+00   -4.5345E-02   -3.2005E-02   -6.2281E-02   -5.4899E-02    8.0429E-02    1.4312E-02    2.4158E-02   -1.5383E-01    6.4119E-02    9.6410E-02   -1.3214E-01   -3.6466E-03    8.3833E-03   -1.7053E-02    3.2323E-01    2.1195E+00  
  1.6994E+00   -5.9285E+00    3.3178E-01    4.5086E-01    7.5072E-01    1.8625E-01   -1.1818E-01    1.9363E+00   -7.9963E-02   -5.7708E-02   -6.4518E-02   -6.8349E-02    1.1602E-01    3.4780E-02    4.5050E-02   -1.6050E-01    5.0789E-02    1.7137E-01   -1.4833E-01    4.0462E-03   -1.0083E-02   -2.2650E-02    3.8195E-01    2.4036E+00  
  9.7879E-01   -1.1353E+01    6.1113E+00    3.9890E-01    6.7881E-01    3.2914E-01   -7.6095E-02    1.8827E+00   -1.3386E-01   -1.0222E-01   -8.4971E-02   -6.9064E-02    1.4394E-01    6.3652E-02    8.2734E-02   -1.7976E-01    2.8120E-02    2.5678E-01   -1.5684E-01    1.9080E-02   -3.8800E-02   -2.6596E-02    4.5251E-01    2.7175E+00  
  2.0881E+00   -7.8577E+00    4.2068E+00    2.6957E-01    4.8316E-01    6.6924E-01   -4.6866E-03    1.8273E+00   -2.2098E-01   -1.5858E-01   -1.3129E-01   -5.2929E-02    1.4481E-01    1.0806E-01    1.5005E-01   -2.1708E-01   -5.5585E-03    3.5937E-01   -1.6074E-01    4.1468E-02   -7.1848E-02   -2.8812E-02    5.3800E-01    3.1607E+00  
  2.0624E+00   -5.0496E+00   -6.6997E+00    2.5467E-01   -1.1472E-01    9.1897E-01    1.1149E-01    1.7458E+00    1.2499E-01   -2.3393E-01   -1.8879E-01   -4.9287E-03   -1.2237E-01    1.8812E-01   -1.5361E-01   -2.4492E-01    4.0396E-02    3.6671E-01    2.7156E-01   -8.9905E-03    8.3433E-02   -3.9341E-02    5.6853E-01    3.2515E+00  
  8.7285E-01   -7.1604E+00   -8.9206E+00    4.7810E-01   -4.9746E-01    5.4221E-01    1.3101E-01    1.8102E+00    5.5515E-02   -2.0015E-01   -1.2124E-01   -4.4729E-02   -1.8591E-01    1.0383E-01   -6.1493E-02   -1.8524E-01   -2.1358E-02    2.3092E-01    2.5402E-01   -1.3410E-02    5.5356E-02   -3.8895E-02    4.7343E-01    2.9089E+00  
 -6.7979E-01   -9.3614E+00   -1.2129E+01    5.6355E-01   -6.6678E-01    3.9823E-01    1.7084E-01    1.8433E+00    1.4064E-02   -1.2924E-01   -1.0151E-01   -4.0021E-02   -1.7509E-01    5.2472E-02   -2.7810E-02   -1.5259E-01   -5.2530E-02    1.3960E-01    2.3080E-01   -2.1045E-02    2.3876E-02   -3.2354E-02    4.0140E-01    2.5407E+00  
  1.9393E+00   -4.9073E+00    1.0798E+00    5.8843E-01   -7.0184E-01    3.8286E-01    1.8107E-01    1.8768E+00   -6.3717E-03   -7.8533E-02   -1.0265E-01   -2.2163E-02   -1.4411E-01    1.7016E-02   -9.8377E-03   -1.3277E-01   -6.7745E-02    6.1693E-02    1.9980E-01   -2.0777E-02    2.2136E-03   -2.5150E-02    3.4336E-01    2.2378E+00  
  1.5475E+00   -5.1016E+00    9.0447E-01    5.7894E-01   -6.2799E-01    4.3720E-01    1.6260E-01    1.9108E+00   -1.4362E-02   -4.8859E-02   -1.1682E-01    9.7575E-05   -1.0523E-01   -6.8565E-03   -7.5849E-04   -1.1975E-01   -7.2301E-02   -4.9088E-03    1.5942E-01   -1.6144E-02   -6.7138E-03   -1.3710E-02    2.9692E-01    2.0149E+00  
  1.2370E+00   -5.2372E+00    6.4349E-01    5.5713E-01   -4.7114E-01    5.1248E-01    1.2174E-01    1.9400E+00   -1.5096E-02   -3.3680E-02   -1.3395E-01    1.9735E-02   -6.6847E-02   -2.2671E-02    2.5095E-03   -1.1182E-01   -6.2275E-02   -5.5466E-02    1.1013E-01   -1.0881E-02   -5.9692E-03    3.5980E-03    2.6061E-01    1.8114E+00  
  1.0358E+00   -5.3179E+00    3.2904E-01    5.3887E-01   -2.5588E-01    5.7253E-01    6.3484E-02    1.9595E+00   -1.1764E-02   -2.6907E-02   -1.4840E-01    3.2735E-02   -3.2618E-02   -3.1657E-02    2.4394E-03   -1.0757E-01   -3.5543E-02   -8.7082E-02    5.5303E-02   -6.8537E-03    9.7107E-04    2.0640E-02    2.3728E-01    1.7194E+00  
  9.6601E-01   -5.3455E+00   -7.3467E-03    5.3195E-01   -1.3190E-02    5.9434E-01   -3.9682E-03    1.9667E+00   -6.4892E-03   -2.5120E-02   -1.5337E-01    3.7165E-02   -7.5455E-04   -3.3960E-02    7.8555E-04   -1.0659E-01    1.7639E-03   -9.8503E-02   -2.0217E-03   -5.3616E-03    1.0799E-02    2.6843E-02    2.2913E-01    1.6171E+00  
  1.0324E+00   -5.3210E+00   -3.4364E-01    5.3938E-01    2.2963E-01    5.7112E-01   -7.1106E-02    1.9604E+00   -1.3627E-03   -2.7259E-02   -1.4782E-01    3.1524E-02    3.1207E-02   -2.9945E-02   -9.6528E-04   -1.0770E-01    3.8500E-02   -8.8607E-02   -5.9118E-02   -6.6623E-03    2.0164E-02    1.9847E-02    2.3637E-01    1.7259E+00  
  1.2303E+00   -5.2433E+00   -6.5771E-01    5.5807E-01    4.4534E-01    5.0970E-01   -1.2852E-01    1.9418E+00    1.5894E-03   -3.4405E-02   -1.3300E-01    1.7547E-02    6.5712E-02   -1.9442E-02   -1.2510E-03   -1.1198E-01    6.3810E-02   -5.8352E-02   -1.1327E-01   -1.0827E-02    2.5857E-02    2.8406E-03    2.5925E-01    1.8218E+00  
  1.5381E+00   -5.1104E+00   -9.1780E-01    5.7956E-01    6.0312E-01    4.3296E-01   -1.6859E-01    1.9131E+00    2.3579E-04   -5.0031E-02   -1.1510E-01   -2.3430E-03    1.0416E-01   -2.5020E-03    1.6596E-03   -1.1950E-01    7.2824E-02   -8.5512E-03   -1.6144E-01   -1.6725E-02    2.4758E-02   -1.4418E-02    2.9575E-01    2.0291E+00  
  1.9274E+00   -4.9188E+00   -1.0921E+00    5.8819E-01    6.7814E-01    3.7711E-01   -1.8600E-01    1.8791E+00   -8.6751E-03   -7.9980E-02   -1.0046E-01   -2.4418E-02    1.4306E-01    2.2062E-02    1.0221E-02   -1.3226E-01    6.7342E-02    5.7774E-02   -2.0082E-01   -2.2511E-02    1.3723E-02   -2.5908E-02    3.4247E-01    2.2492E+00  
 -6.9116E-01   -9.3896E+00    1.2109E+01    5.6217E-01    6.4443E-01    3.9068E-01   -1.7448E-01    1.8451E+00   -3.0582E-02   -1.3083E-01   -9.9323E-02   -4.1922E-02    1.7422E-01    5.7798E-02    2.7034E-02   -1.5231E-01    5.1360E-02    1.3595E-01   -2.3157E-01   -2.4138E-02   -1.0013E-02   -3.3072E-02    4.0026E-01    2.5507E+00  
  8.5988E-01   -7.1874E+00    8.9137E+00    4.7581E-01    4.7672E-01    5.3243E-01   -1.3283E-01    1.8114E+00   -7.3700E-02   -2.0234E-01   -1.1950E-01   -4.6102E-02    1.8567E-01    1.0893E-01    5.9127E-02   -1.8515E-01    2.0329E-02    2.2763E-01   -2.5507E-01   -1.7852E-02   -4.3671E-02   -3.9650E-02    4.7158E-01    2.9124E+00  
  2.0541E+00   -5.0761E+00    6.6903E+00    2.5707E-01    1.0163E-01    8.9841E-01   -1.0535E-01    1.7482E+00   -1.4932E-01   -2.4559E-01   -1.8647E-01   -1.0385E-02    1.2512E-01    1.9342E-01    1.4149E-01   -2.4560E-01   -4.1300E-02    3.6121E-01   -2.7550E-01   -8.4226E-03   -7.6836E-02   -4.1066E-02    5.6472E-01    3.2548E+00  
  6.1494E-01   -3.6818E+00   -5.5962E+00   -1.0951E+00    2.4334E+00    1.5334E+00    1.1773E+00    6.6778E-01    5.8035E-01    9.2704E-01   -4.4772E-01    3.6066E-02    8.3763E-01    8.4387E-01   -4.4761E-01   -3.9593E-01    1.4755E-01    6.6509E-01    7.4297E-01   -8.8956E-02   -7.9135E-02   -5.1491E-02    6.0822E-01    3.3469E+00  
  1.1551E+00   -1.7393E+00   -1.0657E+01    5.0621E-01   -1.4102E-01    6.8538E-01    1.6422E-01    1.7234E+00   -4.9449E-02   -2.9457E-01   -1.5992E-01   -6.2924E-03   -2.1028E-01    1.5491E-01   -1.3406E-02   -2.0905E-01   -2.1622E-03    1.8374E-01    3.5542E-01   -5.9087E-02    4.2928E-02   -5.3091E-02    5.0225E-01    3.1098E+00  
 -3.3312E-01   -1.5055E+00   -1.2841E+01    6.3945E-01   -4.2956E-01    5.4502E-01    2.0486E-01    1.7370E+00   -7.9062E-02   -1.9487E-01   -1.3356E-01    8.0982E-03   -2.2265E-01    7.8903E-02    8.7804E-03   -1.5967E-01   -4.1068E-02    8.8576E-02    3.1337E-01   -5.7007E-02    6.9354E-03   -4.5582E-02    4.2890E-01    2.7624E+00  
 -1.9192E+00   -1.3590E+00   -1.3152E+01    7.0118E-01   -5.5124E-01    5.2890E-01    2.1354E-01    1.7480E+00   -8.1217E-02   -1.1851E-01   -1.3099E-01    3.3733E-02   -2.0087E-01    2.5380E-02    1.9296E-02   -1.2569E-01   -6.0284E-02    6.8475E-03    2.6678E-01   -4.5152E-02   -1.5341E-02   -3.7966E-02    3.7061E-01    2.4633E+00  
  2.0498E+00   -5.0676E+00    7.1817E-01    7.2005E-01   -5.3867E-01    5.8136E-01    1.9110E-01    1.7604E+00   -6.9294E-02   -6.6485E-02   -1.4253E-01    6.3327E-02   -1.6081E-01   -1.1669E-02    2.0893E-02   -1.0033E-01   -6.4724E-02   -6.0828E-02    2.1126E-01   -2.9594E-02   -2.4139E-02   -2.8500E-02    3.2608E-01    2.2690E+00  
  1.7797E+00   -5.2308E+00    5.2241E-01    7.1690E-01   -4.2282E-01    6.5435E-01    1.4240E-01    1.7724E+00   -5.0389E-02   -3.5715E-02   -1.5935E-01    8.9017E-02   -1.0964E-01   -3.5604E-02    1.7080E-02   -8.1406E-02   -5.5192E-02   -1.1335E-01    1.4623E-01   -1.5350E-02   -1.9572E-02   -1.7809E-02    2.9387E-01    2.0495E+00  
  1.6042E+00   -5.3274E+00    2.6901E-01    7.0881E-01   -2.3607E-01    7.1285E-01    7.4245E-02    1.7813E+00   -2.8869E-02   -1.9934E-02   -1.7353E-01    1.0583E-01   -5.4963E-02   -4.9242E-02    1.0093E-02   -6.8450E-02   -3.1519E-02   -1.4647E-01    7.3604E-02   -6.1211E-03   -6.5187E-03   -7.3212E-03    2.7367E-01    1.9319E+00  
  1.5430E+00   -5.3602E+00   -8.9690E-03    7.0548E-01   -1.4948E-02    7.3423E-01   -3.4084E-03    1.7850E+00   -6.7186E-03   -1.5254E-02   -1.7868E-01    1.1105E-01   -1.1688E-04   -5.3110E-02    1.3231E-03   -6.4376E-02    1.5972E-03   -1.5788E-01   -1.4902E-03   -2.8097E-03    1.0635E-02   -2.9558E-03    2.6629E-01    1.8652E+00  
  1.6006E+00   -5.3308E+00   -2.8677E-01    7.0970E-01    2.0638E-01    7.1139E-01   -8.0882E-02    1.7825E+00    1.5331E-02   -2.0293E-02   -1.7353E-01    1.0458E-01    5.4668E-02   -4.7661E-02   -7.5401E-03   -6.8814E-02    3.4278E-02   -1.4804E-01   -7.6492E-02   -5.5957E-03    2.7250E-02   -7.5651E-03    2.7271E-01    1.9371E+00  
  1.7728E+00   -5.2373E+00   -5.3959E-01    7.1828E-01    3.9369E-01    6.5141E-01   -1.4862E-01    1.7746E+00    3.6443E-02   -3.6477E-02   -1.5913E-01    8.6787E-02    1.0920E-01   -3.2640E-02   -1.4852E-02   -8.1824E-02    5.6906E-02   -1.1627E-01   -1.4861E-01   -1.4601E-02    3.8799E-02   -1.8125E-02    2.9245E-01    2.0580E+00  
  2.0399E+00   -5.0772E+00   -7.3430E-01    7.2116E-01    5.1055E-01    5.7691E-01   -1.9683E-01    1.7634E+00    5.4699E-02   -6.7576E-02   -1.4161E-01    6.0849E-02    1.6017E-01   -7.6451E-03   -1.9072E-02   -1.0046E-01    6.5670E-02   -6.4553E-02   -2.1258E-01   -2.9160E-02    4.1249E-02   -2.9181E-02    3.2500E-01    2.2819E+00  
 -1.9298E+00   -1.3761E+00    1.3142E+01    7.0162E-01    5.2440E-01    5.2297E-01   -2.1867E-01    1.7512E+00    6.5586E-02   -1.1941E-01   -1.2931E-01    3.1424E-02    2.0010E-01    3.0241E-02   -1.7990E-02   -1.2568E-01    6.0077E-02    3.1742E-03   -2.6726E-01   -4.5481E-02    3.0709E-02   -3.8760E-02    3.6996E-01    2.4765E+00  
 -3.4591E-01   -1.5309E+00    1.2825E+01    6.3862E-01    4.0371E-01    5.3722E-01   -2.0912E-01    1.7396E+00    6.1426E-02   -1.9548E-01   -1.3166E-01    6.1013E-03    2.2148E-01    8.4677E-02   -8.8508E-03   -1.5993E-01    3.9817E-02    8.5361E-02   -3.1408E-01   -5.7739E-02    6.5957E-03   -4.6280E-02    4.2777E-01    2.7739E+00  
  1.1404E+00   -1.7673E+00    1.0640E+01    5.0504E-01    1.1688E-01    6.7562E-01   -1.6667E-01    1.7260E+00    3.0093E-02   -2.9523E-01   -1.5767E-01   -7.2957E-03    2.1011E-01    1.6099E-01    1.1858E-02   -2.0844E-01    1.4836E-03    1.8133E-01   -3.5615E-01   -6.0576E-02   -3.1049E-02   -5.2899E-02    5.0010E-01    3.1157E+00  
  5.1310E-01   -3.7796E+00    5.4888E+00   -1.1131E+00   -2.5600E+00    1.5510E+00   -1.1824E+00    6.5928E-01   -6.3164E-01    1.0091E+00   -4.4418E-01    2.8206E-02   -8.4038E-01    9.0151E-01    4.7951E-01   -3.9570E-01   -1.4493E-01    6.5941E-01   -7.4623E-01   -8.7776E-02    1.2394E-01   -5.0424E-02    6.1040E-01    3.3512E+00  
 -9.7155E-01    1.9107E+00   -1.3166E+01    7.6271E-01   -2.6678E-01    5.5564E-01    2.2394E-01    1.6228E+00   -1.9549E-01   -1.3479E-01   -1.5643E-01    1.0141E-01   -2.3550E-01    2.6296E-02    7.0732E-02   -1.4509E-01   -4.0987E-02   -6.3583E-02    3.3164E-01   -6.6617E-02   -4.5156E-02   -5.3814E-02    4.0629E-01    2.6992E+00  
 -2.3861E+00    3.3562E+00   -1.1511E+01    8.1888E-01   -3.4629E-01    6.0591E-01    2.0089E-01    1.6147E+00   -1.5754E-01   -5.8637E-02   -1.5973E-01    1.4123E-01   -1.9973E-01   -2.5515E-02    6.0162E-02   -1.0833E-01   -4.9269E-02   -1.3264E-01    2.5976E-01   -3.9582E-02   -5.0875E-02   -4.6380E-02    3.6261E-01    2.4707E+00  
  1.4938E+00   -3.2918E+00   -1.2749E+00    8.4216E-01   -3.0474E-01    6.7642E-01    1.5075E-01    1.6093E+00   -1.0919E-01   -8.9018E-03   -1.7022E-01    1.7528E-01   -1.4219E-01   -5.9256E-02    4.3837E-02   -8.2782E-02   -4.2281E-02   -1.8549E-01    1.8016E-01   -1.4137E-02   -4.0680E-02   -3.9966E-02    3.3252E-01    2.3150E+00  
  2.2110E+00   -5.1345E+00    1.9639E-01    8.5061E-01   -1.8121E-01    7.3353E-01    7.9230E-02    1.6077E+00   -5.8067E-02    1.8509E-02   -1.7971E-01    1.9871E-01   -7.3470E-02   -7.8861E-02    2.3464E-02   -6.5289E-02   -2.4393E-02   -2.1930E-01    9.1390E-02    2.6494E-03   -1.7958E-02   -3.3419E-02    3.1474E-01    2.1999E+00  
  2.1599E+00   -5.1735E+00   -1.0680E-02    8.5277E-01   -1.6555E-02    7.5441E-01   -2.7937E-03    1.6080E+00   -6.6627E-03    2.7328E-02   -1.8297E-01    2.0651E-01    4.3611E-04   -8.4550E-02    1.9190E-03   -5.9324E-02    1.4416E-03   -2.3092E-01   -1.0564E-03    8.7361E-03    1.0691E-02   -3.0746E-02    3.0877E-01    2.1251E+00  
  2.2073E+00   -5.1380E+00   -2.1757E-01    8.5158E-01    1.4824E-01    7.3197E-01   -8.4710E-02    1.6089E+00    4.4561E-02    1.8033E-02   -1.8017E-01    1.9727E-01    7.4158E-02   -7.7457E-02   -1.9822E-02   -6.5614E-02    2.6829E-02   -2.2087E-01   -9.3521E-02    3.6937E-03    3.8616E-02   -3.3557E-02    3.1378E-01    2.2028E+00  
  1.4867E+00   -3.3007E+00    1.2540E+00    8.4397E-01    2.7267E-01    6.7334E-01   -1.5607E-01    1.6118E+00    9.5511E-02   -9.8618E-03   -1.7058E-01    1.7299E-01    1.4277E-01   -5.6836E-02   -4.0373E-02   -8.2939E-02    4.4368E-02   -1.8853E-01   -1.8152E-01   -1.2732E-02    5.9595E-02   -3.9881E-02    3.3139E-01    2.3213E+00  
 -2.3952E+00    3.3445E+00    1.1491E+01    8.2044E-01    3.1523E-01    6.0146E-01   -2.0637E-01    1.6179E+00    1.4318E-01   -5.9381E-02   -1.5964E-01    1.3874E-01    1.9979E-01   -2.1967E-02   -5.6824E-02   -1.0871E-01    5.0356E-02   -1.3603E-01   -2.6014E-01   -3.8178E-02    6.8081E-02   -4.7057E-02    3.6237E-01    2.4825E+00  
 -9.8320E-01    1.8887E+00    1.3155E+01    7.6386E-01    2.3696E-01    5.5008E-01   -2.2924E-01    1.6266E+00    1.8022E-01   -1.3463E-01   -1.5539E-01    9.9294E-02    2.3526E-01    3.1133E-02   -6.7302E-02   -1.4529E-01    4.0978E-02   -6.6502E-02   -3.3109E-01   -6.5604E-02    6.1469E-02   -5.4475E-02    4.0713E-01    2.7143E+00  
  3.1139E-01    6.6702E+00   -1.0851E+01    7.3000E-01    1.7235E-01    3.8931E-01    2.1600E-01    1.5147E+00   -3.3616E-01   -1.1626E-01   -1.9341E-01    1.5131E-01   -2.2677E-01    9.6790E-03    1.5266E-01   -2.0375E-01   -8.4547E-03   -1.4697E-01    3.9802E-01   -7.8239E-02   -8.0751E-02   -7.1708E-02    4.5062E-01    3.0101E+00  
 -8.7348E-01    9.1145E+00   -9.9306E+00    8.3661E-01   -3.7843E-02    4.3899E-01    1.9401E-01    1.4947E+00   -2.6917E-01   -1.3540E-02   -1.8100E-01    2.0475E-01   -2.0728E-01   -5.8413E-02    1.2349E-01   -1.5306E-01   -2.5731E-02   -2.1634E-01    3.0816E-01   -3.6733E-02   -7.8304E-02   -6.4736E-02    4.0654E-01    2.8003E+00  
 -1.9419E+00    1.2419E+01   -8.4793E+00    8.9400E-01   -1.0842E-01    5.0805E-01    1.4637E-01    1.4781E+00   -1.8679E-01    5.9752E-02   -1.8072E-01    2.4985E-01   -1.5357E-01   -1.0235E-01    8.6604E-02   -1.1921E-01   -2.6048E-02   -2.6664E-01    2.1194E-01   -4.4699E-04   -6.2126E-02   -6.0463E-02    3.7778E-01    2.6144E+00  
 -2.6674E+00    1.3855E+01   -3.4001E+00    9.2281E-01   -8.6748E-02    5.6384E-01    7.7392E-02    1.4680E+00   -9.8023E-02    1.0244E-01   -1.8389E-01    2.8046E-01   -8.0846E-02   -1.2804E-01    4.4550E-02   -9.8149E-02   -1.5555E-02   -2.9808E-01    1.0662E-01    2.4320E-02   -3.0750E-02   -5.6883E-02    3.6169E-01    2.5101E+00  
 -2.8804E+00    1.4262E+01   -1.3787E-02    9.3158E-01   -1.8207E-02    5.8372E-01   -2.3677E-03    1.4647E+00   -6.7100E-03    1.1578E-01   -1.8582E-01    2.9040E-01    5.0184E-04   -1.3622E-01    2.1438E-03   -9.1092E-02    1.1997E-03   -3.0984E-01   -1.1270E-03    3.3802E-02    1.0669E-02   -5.5549E-02    3.5648E-01    2.3923E+00  
 -2.6709E+00    1.3857E+01    3.3827E+00    9.2402E-01    5.1089E-02    5.6202E-01   -8.1609E-02    1.4690E+00    8.5068E-02    1.0145E-01   -1.8451E-01    2.7878E-01    8.2511E-02   -1.2746E-01   -3.9963E-02   -9.8098E-02    1.8056E-02   -3.0008E-01   -1.0805E-01    2.5437E-02    5.1355E-02   -5.6762E-02    3.6061E-01    2.5111E+00  
 -1.9492E+00    1.2426E+01    8.4602E+00    8.9599E-01    7.3929E-02    5.0458E-01   -1.5056E-01    1.4802E+00    1.7397E-01    5.8171E-02   -1.8160E-01    2.4720E-01    1.5538E-01   -1.0126E-01   -8.1767E-02   -1.1927E-01    2.8271E-02   -2.7000E-01   -2.1222E-01    1.0953E-03    8.1115E-02   -6.0519E-02    3.7695E-01    2.6190E+00  
 -8.8350E-01    9.0993E+00    9.9038E+00    8.3868E-01    4.7006E-03    4.3459E-01   -1.9876E-01    1.4981E+00    2.5635E-01   -1.4389E-02   -1.8164E-01    2.0208E-01    2.0862E-01   -5.6391E-02   -1.1770E-01   -1.5370E-01    2.6903E-02   -2.1965E-01   -3.0706E-01   -3.5487E-02    9.6538E-02   -6.5616E-02    4.0757E-01    2.8119E+00  
  2.9825E-01    6.6459E+00    1.0832E+01    7.3137E-01   -2.0471E-01    3.8390E-01   -2.2113E-01    1.5184E+00    3.2207E-01   -1.1565E-01   -1.9344E-01    1.4860E-01    2.2715E-01    1.3620E-02   -1.4661E-01   -2.0494E-01    8.6036E-03   -1.4983E-01   -3.9657E-01   -7.6660E-02    9.8471E-02   -7.2716E-02    4.5313E-01    3.0270E+00  
 -1.7623E-01    6.6536E+00   -7.2720E+00   -1.1795E+00    2.5340E+00   -1.4427E+00    9.6594E-01   -3.0760E-01    8.9939E-01   -3.7570E-01   -5.8737E-01   -6.5441E-01    7.1077E-01    1.1705E-01    8.8666E-01   -5.1689E-01    1.1254E-01   -4.3466E-01    9.5187E-01    2.5529E-02   -1.4531E-02   -8.0883E-02    5.2049E-01    3.1263E+00  
  7.5214E-01    1.0123E+01   -8.9489E+00    6.4684E-01    4.7378E-01   -8.1296E-02    2.0650E-01    1.3186E+00   -3.1084E-01    2.5629E-02   -2.5192E-01    1.6526E-01   -1.2436E-01   -1.2960E-01    2.8102E-01   -2.6985E-01    1.5332E-02   -3.3249E-01    3.9349E-01   -1.2714E-02   -6.1761E-02   -7.7834E-02    4.6474E-01    3.1208E+00  
  4.1659E-02    1.1758E+01   -5.6939E+00    8.2673E-01    1.7484E-01    6.9677E-02    1.3119E-01    1.3831E+00   -2.7489E-01    1.6836E-01   -2.1106E-01    2.7653E-01   -1.3814E-01   -1.7442E-01    1.4610E-01   -2.0235E-01   -7.1858E-03   -3.6082E-01    2.4224E-01    2.5979E-02   -8.0847E-02   -7.8248E-02    4.3217E-01    2.9935E+00  
 -4.5134E-01    1.3684E+01   -2.8127E+00    8.7442E-01    5.2712E-02    1.2164E-01    7.1011E-02    1.3638E+00   -1.4150E-01    2.2612E-01   -2.0962E-01    3.1004E-01   -7.3489E-02   -2.0675E-01    7.5447E-02   -1.8399E-01   -4.7582E-03   -3.9123E-01    1.2320E-01    5.7260E-02   -4.0076E-02   -8.1659E-02    4.1588E-01    2.8779E+00  
 -6.4249E-01    1.4357E+01   -1.7792E-02    8.9083E-01   -1.9809E-02    1.4058E-01   -1.9373E-03    1.3584E+00   -7.0542E-03    2.4391E-01   -2.0913E-01    3.2141E-01    5.0800E-04   -2.1871E-01    1.5164E-03   -1.7639E-01    1.3268E-03   -4.0295E-01   -1.4916E-03    6.7653E-02    9.7411E-03   -8.1653E-02    4.1006E-01    2.7689E+00  
 -4.5513E-01    1.3670E+01    2.7917E+00    8.7658E-01   -9.0783E-02    1.1927E-01   -7.4093E-02    1.3648E+00    1.2896E-01    2.2381E-01   -2.0980E-01    3.0840E-01    7.5853E-02   -2.0839E-01   -7.0970E-02   -1.8240E-01    7.5824E-03   -3.9417E-01   -1.2445E-01    5.7195E-02    5.9721E-02   -8.0352E-02    4.1445E-01    2.8743E+00  
  3.4024E-02    1.1737E+01    5.6699E+00    8.2877E-01   -2.1093E-01    6.5332E-02   -1.3412E-01    1.3845E+00    2.6380E-01    1.6523E-01   -2.1225E-01    2.7326E-01    1.4125E-01   -1.7615E-01   -1.3960E-01   -2.0240E-01    9.2348E-03   -3.6474E-01   -2.4138E-01    2.6341E-02    1.0043E-01   -7.8590E-02    4.3158E-01    2.9967E+00  
  7.4633E-01    1.0102E+01    8.9354E+00    6.5283E-01   -4.9933E-01   -8.3062E-02   -2.0700E-01    1.3258E+00    3.1038E-01    2.1496E-02   -2.5306E-01    1.6324E-01    1.3061E-01   -1.3704E-01   -2.6472E-01   -2.7206E-01   -1.4969E-02   -3.3620E-01   -3.8826E-01   -2.1341E-02    8.4660E-02   -8.0180E-02    4.6763E-01    3.1358E+00  
 -4.2841E-01    6.3178E+00    7.1175E+00   -1.3188E+00   -2.7448E+00   -1.6401E+00   -1.0212E+00   -4.3563E-01   -1.0543E+00   -4.5214E-01   -6.1113E-01   -7.1377E-01   -7.5812E-01    1.0116E-01   -9.4744E-01   -5.3159E-01   -1.1786E-01   -4.5203E-01   -9.7166E-01    1.7784E-02    1.8049E-02   -8.1656E-02    5.2145E-01    3.1376E+00  
