 -1.2905E-01   -6.0563E+00    4.3522E+00   -1.3853E+00   -2.8836E+00   -1.4679E+00   -4.5954E-01    1.3834E+00    1.0399E+00   -7.7720E-01   -5.1585E-01   -1.1354E-01   -9.8038E-01    9.9521E-01   -3.7904E-01    2.0583E-01    4.1455E-01   -7.6220E-01    7.2759E-01   -6.0596E-02    1.3529E-01   -5.0421E-02    6.3558E-01    3.3330E+00  
  1.6192E+00   -7.6727E+00    4.8838E+00    2.2426E-01   -1.7285E-02   -8.6044E-01   -1.6926E+00    1.0464E-01   -2.7067E-01   -1.5329E-01   -1.8826E-01   -2.2621E-02    1.2711E-01    2.0639E-01   -1.2668E-01    5.6926E-02    2.3707E-01   -2.8221E-01    3.8867E-01    1.2242E-01    1.2013E-01   -4.0718E-02    5.8683E-01    3.4416E+00  
  1.7216E+00   -5.6497E+00    9.0219E+00    2.5258E-01    3.7079E-01   -6.3735E-01   -1.7693E+00   -1.7633E-03   -1.9497E-01   -2.2569E-01   -1.2642E-01    3.2494E-02    1.5467E-01    1.1607E-01   -1.4076E-01    1.5860E-02    2.0476E-01   -1.6910E-01    3.8484E-01    1.0278E-01    7.1887E-02   -3.0939E-02    5.5973E-01    3.2808E+00  
  2.0962E+00   -2.3063E+00    1.0981E+01    1.8255E-01    5.7128E-01   -4.3857E-01   -1.7948E+00   -7.1800E-02   -7.1965E-02   -2.4871E-01   -9.7693E-02    4.3788E-02    1.3128E-01    4.6275E-02   -1.5842E-01    9.1464E-03    1.9469E-01   -5.4175E-02    3.9161E-01    5.5936E-02    4.1086E-02   -2.0971E-02    5.4895E-01    3.2091E+00  
  2.6418E+00    1.6224E+00    1.1115E+01    8.4857E-02    6.7770E-01   -2.6385E-01   -1.7886E+00   -1.5501E-01    3.8464E-02   -2.3719E-01   -8.0568E-02    4.2197E-02    1.1208E-01   -1.3075E-02   -1.5888E-01    9.9280E-03    1.9145E-01    5.5061E-02    3.7931E-01   -7.4163E-04    2.8211E-02   -1.3532E-02    5.4592E-01    3.1725E+00  
  3.2563E+00    5.4777E+00    1.0542E+01   -3.0736E-02    7.4274E-01   -1.3324E-01   -1.7472E+00   -2.4626E-01    1.3006E-01   -1.9890E-01   -7.3337E-02    3.3628E-02    1.0938E-01   -7.0201E-02   -1.4525E-01    1.4313E-02    1.9171E-01    1.5829E-01    3.4547E-01   -5.9726E-02    3.4712E-02   -5.9852E-03    5.5082E-01    3.2857E+00  
  3.8299E+00    8.5862E+00    8.2063E+00   -1.6021E-01    8.1107E-01   -5.3361E-02   -1.6675E+00   -3.4155E-01    2.0670E-01   -1.3963E-01   -7.4899E-02    2.4891E-02    1.1954E-01   -1.3239E-01   -1.1533E-01    1.8961E-02    1.9518E-01    2.5419E-01    2.9249E-01   -1.1227E-01    6.2414E-02    3.6541E-03    5.6393E-01    3.3752E+00  
  4.2262E+00    1.0210E+01    3.8302E+00   -2.5406E-01    8.8669E-01    1.3869E-02   -1.5260E+00   -4.8296E-01    3.1585E-01   -6.7093E-02   -6.9555E-02    4.5580E-02    1.0349E-01   -2.0964E-01   -8.7190E-02    1.5148E-03    2.1241E-01    3.3631E-01    2.4834E-01   -1.3856E-01    1.0932E-01    1.1339E-02    5.9379E-01    3.5470E+00  
  6.0799E+00    8.3154E+00    3.0939E+00    9.8144E-01   -1.0011E+00    3.6290E-01   -2.8965E-01   -1.6656E+00    1.6296E+00    7.7031E-01    1.1264E-01    5.1428E-02   -8.8249E-01   -9.3955E-01   -2.6824E-01   -5.8148E-02    3.3093E-01    7.6991E-01    5.2770E-01    1.8390E-02    1.2216E-01    1.3667E-02    6.4135E-01    3.3878E+00  
  6.8519E-01   -1.0492E+01    3.2912E+00    4.7951E-01    1.1976E-02   -6.2658E-01   -1.6752E+00    1.4885E-01   -3.0255E-01    1.6365E-02   -1.5593E-01   -1.9965E-02    2.2227E-01    1.8848E-01    1.2340E-02    5.9048E-03    1.9476E-01   -3.6397E-01    2.0635E-01    7.9809E-02    1.7450E-01   -5.1137E-02    5.1795E-01    3.0502E+00  
  4.3525E-01   -9.1751E+00    6.2219E+00    4.5480E-01    3.7177E-01   -4.9278E-01   -1.7542E+00    1.2138E-01   -2.1919E-01   -8.4938E-02   -1.1586E-01    2.2660E-02    1.9930E-01    1.2834E-01   -4.0912E-02   -1.0998E-02    1.7338E-01   -2.6496E-01    2.5587E-01    8.4695E-02    1.3075E-01   -4.1717E-02    4.9089E-01    2.8979E+00  
  6.6788E-01   -5.5516E+00    1.1518E+01    3.8476E-01    5.7543E-01   -3.0007E-01   -1.8210E+00    6.8169E-02   -1.2636E-01   -1.4204E-01   -7.9145E-02    5.2100E-02    1.5939E-01    7.4393E-02   -6.9585E-02   -2.0271E-02    1.6648E-01   -1.6533E-01    2.8678E-01    6.9263E-02    9.4370E-02   -3.0841E-02    4.7306E-01    2.8736E+00  
  1.2754E+00   -2.1642E+00    1.5178E+01    2.8578E-01    6.5757E-01   -9.6035E-02   -1.8624E+00   -3.7535E-03   -3.4305E-02   -1.5926E-01   -4.8584E-02    6.3308E-02    1.1618E-01    3.0677E-02   -8.0942E-02   -2.0234E-02    1.6697E-01   -6.5640E-02    3.0050E-01    3.6549E-02    6.9308E-02   -2.1499E-02    4.6300E-01    2.7505E+00  
  2.1276E+00    1.8190E+00    1.5008E+01    1.7238E-01    6.5921E-01    8.2040E-02   -1.8667E+00   -8.9707E-02    4.5044E-02   -1.4451E-01   -2.2204E-02    5.8367E-02    8.6943E-02   -6.9702E-03   -8.1837E-02   -1.2317E-02    1.6924E-01    3.0795E-02    2.9519E-01   -3.4786E-03    5.9059E-02   -1.2337E-02    4.6077E-01    2.7202E+00  
  3.0698E+00    5.7381E+00    1.4603E+01    5.0476E-02    6.2318E-01    2.1433E-01   -1.8291E+00   -1.8194E-01    1.0739E-01   -1.0709E-01   -4.7679E-03    4.6284E-02    7.9237E-02   -4.3324E-02   -7.4493E-02   -1.9403E-03    1.7060E-01    1.2322E-01    2.7006E-01   -4.4454E-02    6.5378E-02   -3.3346E-03    4.6562E-01    2.8160E+00  
  3.9385E+00    8.9357E+00    1.0421E+01   -7.9078E-02    5.9184E-01    2.9454E-01   -1.7489E+00   -2.7265E-01    1.5250E-01   -5.4958E-02   -1.0789E-03    3.7165E-02    9.3096E-02   -8.2865E-02   -5.6305E-02    6.7582E-03    1.7095E-01    2.0944E-01    2.2514E-01   -8.0817E-02    8.7580E-02    5.3533E-03    4.7808E-01    2.9532E+00  
  4.5704E+00    1.2245E+01    4.7294E+00   -2.1564E-01    6.0706E-01    3.3084E-01   -1.6315E+00   -3.5826E-01    1.8577E-01    5.7073E-03   -9.8746E-03    3.7171E-02    1.2011E-01   -1.2806E-01   -2.1595E-02    1.3286E-02    1.7189E-01    2.8320E-01    1.6358E-01   -1.0192E-01    1.2487E-01    1.5115E-02    4.9821E-01    2.9999E+00  
  4.8103E+00    1.3096E+01    1.5936E+00   -3.6475E-01    7.1305E-01    3.4688E-01   -1.4805E+00   -4.3446E-01    2.1346E-01    7.7405E-02   -3.7965E-02    4.8139E-02    1.5482E-01   -1.7422E-01    3.3731E-02    1.8743E-02    1.7782E-01    3.4249E-01    8.6730E-02   -1.0166E-01    1.7347E-01    2.3019E-02    5.2632E-01    3.1604E+00  
 -7.6168E-01   -1.2438E+01    3.3706E+00    6.1557E-01    3.1057E-01   -4.9496E-01   -1.6816E+00    1.9183E-01   -1.8951E-01    4.5900E-02   -1.2922E-01   -2.9361E-02    2.3729E-01    1.1627E-01    3.2973E-02   -3.3251E-02    1.4551E-01   -3.2169E-01    1.1418E-01    3.9725E-02    1.7066E-01   -4.4124E-02    4.4060E-01    2.6789E+00  
 -1.0260E+00   -1.1786E+01    8.0878E+00    5.4484E-01    5.5258E-01   -3.5613E-01   -1.7830E+00    1.6215E-01   -1.3476E-01   -4.3730E-02   -9.5075E-02    2.2766E-02    1.9268E-01    7.9991E-02   -7.3345E-03   -4.5565E-02    1.3825E-01   -2.4066E-01    1.6699E-01    4.9221E-02    1.3736E-01   -3.4248E-02    4.1544E-01    2.5630E+00  
  1.5899E+00   -1.4982E-02    6.3156E+00    4.3869E-01    6.5994E-01   -1.6111E-01   -1.8710E+00    1.0979E-01   -6.8486E-02   -8.9671E-02   -5.9140E-02    5.4357E-02    1.3550E-01    4.7480E-02   -2.8967E-02   -4.6202E-02    1.4490E-01   -1.5551E-01    2.0384E-01    3.9657E-02    1.1082E-01   -2.7362E-02    3.9944E-01    2.4674E+00  
  1.7148E+00    1.6412E+00    4.7391E+00    3.1636E-01    6.6468E-01    4.4550E-02   -1.9290E+00    3.7416E-02   -3.7808E-03   -9.9466E-02   -2.0008E-02    6.3088E-02    8.3508E-02    1.9644E-02   -3.8034E-02   -3.6686E-02    1.5579E-01   -6.8969E-02    2.2277E-01    1.9610E-02    9.3647E-02   -2.1971E-02    3.9090E-01    2.3907E+00  
  1.5835E+00    1.8034E+00    4.4267E+00    1.9234E-01    6.0077E-01    2.2298E-01   -1.9425E+00   -4.6724E-02    5.0276E-02   -8.2510E-02    1.7518E-02    5.4463E-02    5.0480E-02   -4.5517E-03   -3.9792E-02   -2.1849E-02    1.6228E-01    1.5827E-02    2.2320E-01   -4.7890E-03    8.7680E-02   -1.5003E-02    3.9011E-01    2.3721E+00  
  1.5618E+00    1.9177E+00    4.0322E+00    6.8925E-02    5.0520E-01    3.5497E-01   -1.9073E+00   -1.3563E-01    9.0078E-02   -4.7320E-02    4.7708E-02    3.9100E-02    4.0713E-02   -2.8116E-02   -3.5417E-02   -5.3544E-03    1.6347E-01    9.7591E-02    2.0342E-01   -2.9516E-02    9.1805E-02   -7.1124E-03    3.9422E-01    2.4276E+00  
  2.0046E+00    3.4256E+00    4.9636E+00   -5.7008E-02    4.1293E-01    4.3522E-01   -1.8219E+00   -2.2284E-01    1.1456E-01   -9.4756E-04    6.4245E-02    2.8798E-02    5.6019E-02   -5.3407E-02   -2.3444E-02    9.2184E-03    1.5879E-01    1.7421E-01    1.6538E-01   -5.1373E-02    1.0727E-01   -9.7432E-05    4.0542E-01    2.5330E+00  
  5.1081E+00    1.4941E+01    6.2506E+00   -1.8485E-01    3.6105E-01    4.7143E-01   -1.6955E+00   -3.0072E-01    1.2614E-01    4.8820E-02    6.2176E-02    3.2755E-02    8.8382E-02   -8.1188E-02    4.0103E-04    1.8219E-02    1.5365E-01    2.3995E-01    1.1083E-01   -6.4168E-02    1.3469E-01    8.5120E-03    4.2349E-01    2.6439E+00  
  5.4607E+00    1.5226E+01    1.1900E+00   -3.2056E-01    3.8619E-01    4.8881E-01   -1.5373E+00   -3.6705E-01    1.3001E-01    9.9502E-02    3.7840E-02    5.3490E-02    1.2902E-01   -1.0861E-01    4.1616E-02    2.3039E-02    1.5234E-01    2.8952E-01    4.2012E-02   -5.8783E-02    1.7183E-01    1.8551E-02    4.5059E-01    2.7840E+00  
 -1.0944E+00   -6.4263E+00   -6.3433E+00   -1.5889E+00   -3.1811E+00    1.8619E+00    6.7471E-01    1.1188E+00   -3.7529E-01   -1.3322E+00   -6.2720E-01    7.3731E-01   -8.8286E-01    2.3014E-01    1.0762E+00    1.4037E-01    5.2335E-01   -1.0202E+00   -4.2682E-01    4.0603E-02    7.3543E-02   -7.7371E-02    4.8952E-01    2.5015E+00  
 -7.5754E-02   -9.2338E+00   -7.7503E+00    6.9720E-01   -2.8036E-01   -3.4216E-01   -1.4673E+00    1.9204E-01   -7.5164E-02    3.0406E-01   -1.8515E-01   -1.7323E-01    2.3751E-01    6.7993E-02    1.7878E-01    2.7391E-04    1.8833E-01   -3.9202E-01   -1.2918E-01   -4.8831E-02    1.8606E-01   -7.0391E-02    4.4667E-01    2.6515E+00  
 -1.4627E+00   -1.2191E+01   -3.4258E+00    7.3571E-01    1.5930E-01   -5.0971E-01   -1.5678E+00    2.0768E-01   -1.0576E-01    1.6392E-01   -1.5095E-01   -1.2166E-01    2.4957E-01    7.5591E-02    9.4542E-02   -3.2271E-02    1.2825E-01   -3.3229E-01   -4.0318E-02   -1.4730E-02    1.7537E-01   -5.2526E-02    4.0864E-01    2.4606E+00  
 -2.4069E+00   -1.4132E+01    3.6602E+00    6.8077E-01    4.4729E-01   -4.8724E-01   -1.6873E+00    2.0326E-01   -1.0155E-01    5.1088E-02   -1.2632E-01   -5.1425E-02    2.1808E-01    6.4541E-02    4.0842E-02   -5.3228E-02    1.0873E-01   -2.7197E-01    3.2658E-02    1.2086E-02    1.5629E-01   -3.6636E-02    3.7662E-01    2.3247E+00  
  1.8130E+00    1.1105E+00    5.2449E+00    5.7270E-01    6.0186E-01   -3.4787E-01   -1.8124E+00    1.7525E-01   -7.1042E-02   -2.1329E-02   -9.7258E-02    8.4676E-03    1.6265E-01    4.6624E-02    9.3963E-03   -6.2566E-02    1.1564E-01   -2.0690E-01    8.9661E-02    2.2563E-02    1.3513E-01   -2.6467E-02    3.5226E-01    2.2030E+00  
  1.4563E+00    1.3144E+00    5.1425E+00    4.4041E-01    6.4673E-01   -1.5206E-01   -1.9227E+00    1.2532E-01   -2.9122E-02   -5.5242E-02   -5.8600E-02    4.3560E-02    1.0053E-01    2.9012E-02   -7.2804E-03   -6.1107E-02    1.3623E-01   -1.3707E-01    1.3005E-01    1.9101E-02    1.1915E-01   -2.0651E-02    3.3579E-01    2.1406E+00  
  1.1896E+00    1.4806E+00    4.8986E+00    3.0240E-01    6.0792E-01    5.3526E-02   -1.9970E+00    5.7597E-02    1.2433E-02   -5.9825E-02   -9.0036E-03    5.1690E-02    4.8084E-02    1.2153E-02   -1.5701E-02   -4.6426E-02    1.5895E-01   -6.4913E-02    1.5301E-01    8.7039E-03    1.0924E-01   -1.8997E-02    3.2703E-01    2.1067E+00  
  1.0400E+00    1.6099E+00    4.5449E+00    1.7099E-01    5.1356E-01    2.3156E-01   -2.0192E+00   -2.0454E-02    4.6392E-02   -4.3635E-02    4.4175E-02    4.0950E-02    1.6007E-02   -4.0379E-03   -1.7849E-02   -2.3251E-02    1.7116E-01    7.6537E-03    1.5718E-01   -4.7089E-03    1.0564E-01   -1.9507E-02    3.2615E-01    2.0631E+00  
  1.0189E+00    1.7038E+00    4.1078E+00    4.7707E-02    3.9328E-01    3.6291E-01   -1.9839E+00   -1.0208E-01    6.9662E-02   -1.3479E-02    9.1292E-02    2.3749E-02    6.8035E-03   -1.9740E-02   -1.4424E-02    9.9583E-04    1.6916E-01    7.7721E-02    1.4120E-01   -1.8414E-02    1.0841E-01   -1.8564E-02    3.3047E-01    2.1161E+00  
  1.1276E+00    1.7611E+00    3.6111E+00   -7.0899E-02    2.7522E-01    4.4236E-01   -1.8913E+00   -1.8090E-01    8.0417E-02    2.5291E-02    1.2210E-01    1.3574E-02    2.2116E-02   -3.5120E-02   -5.0376E-03    1.8760E-02    1.5560E-01    1.4210E-01    1.0755E-01   -2.9730E-02    1.1767E-01   -1.2993E-02    3.4244E-01    2.1750E+00  
  1.3518E+00    1.7777E+00    3.0908E+00   -1.8791E-01    1.9055E-01    4.7832E-01   -1.7520E+00   -2.5016E-01    7.8884E-02    6.6725E-02    1.2825E-01    2.1970E-02    5.6403E-02   -5.0035E-02    1.1887E-02    2.5416E-02    1.4178E-01    1.9825E-01    5.8862E-02   -3.4984E-02    1.3336E-01   -2.7211E-03    3.6142E-01    2.2631E+00  
  6.2997E+00    1.6770E+01    1.0834E+00   -3.0908E-01    1.6730E-01    4.9532E-01   -1.5813E+00   -3.0559E-01    6.8153E-02    1.0442E-01    1.0748E-01    5.1068E-02    9.8428E-02   -6.3547E-02    4.2973E-02    2.7080E-02    1.3302E-01    2.3989E-01   -4.2432E-03   -2.6802E-02    1.5701E-01    1.0948E-02    3.8806E-01    2.4099E+00  
  6.1675E+00    1.4433E+01   -6.1883E+00   -4.3988E-01    2.3740E-01    5.3259E-01   -1.3892E+00   -3.4836E-01    5.3590E-02    1.4357E-01    5.9046E-02    9.5998E-02    1.3878E-01   -6.7738E-02    9.2261E-02    2.3300E-02    1.3771E-01    2.6513E-01   -7.7099E-02   -1.0799E-03    1.8074E-01    2.8317E-02    4.2225E-01    2.5720E+00  
  5.5825E+00    1.0983E+01   -1.0327E+01   -5.8091E-01    4.2472E-01    6.3894E-01   -1.1782E+00   -3.8423E-01    3.2310E-02    2.0306E-01   -9.0273E-03    1.4258E-01    1.6525E-01   -5.3935E-02    1.6616E-01    1.4835E-02    1.6353E-01    2.7807E-01   -1.5507E-01    3.4389E-02    1.9442E-01    4.4559E-02    4.6267E-01    2.7730E+00  
  6.9324E+00    7.7643E+00   -8.7708E+00    1.0939E+00   -1.2326E+00   -5.9170E-01    8.6554E-01   -1.2596E+00   -2.6829E-01    1.8546E+00    2.0828E-01   -6.3166E-01   -7.6089E-01   -2.3440E-01    9.2991E-01   -5.5394E-02    3.6878E-01    8.0898E-01   -4.1182E-01   -1.7158E-02    7.5206E-02    4.3096E-02    5.1109E-01    2.5720E+00  
  5.3604E-01   -6.3327E+00   -1.0745E+01    6.0403E-01   -5.5754E-01    1.1646E-01   -1.2724E+00    1.8063E-01    8.7784E-02    2.9522E-01   -2.4278E-01   -1.8107E-01    1.3085E-01   -6.6445E-02    2.8646E-01    2.9063E-02    2.6629E-01   -3.7847E-01   -3.2067E-01   -5.2506E-02    1.3055E-01   -8.4686E-02    4.3585E-01    2.5610E+00  
 -1.0975E+00   -7.6621E+00   -9.0504E+00    8.0449E-01   -5.3775E-02   -3.9968E-01   -1.4406E+00    1.7457E-01    3.6720E-02    2.4242E-01   -1.7048E-01   -2.2333E-01    2.1850E-01    3.1173E-03    1.4234E-01   -1.6079E-02    1.3734E-01   -3.0086E-01   -1.9734E-01   -5.7444E-02    1.4145E-01   -6.7307E-02    3.9045E-01    2.4067E+00  
 -2.7801E+00   -8.7820E+00   -6.2049E+00    7.9407E-01    2.5574E-01   -5.6686E-01   -1.5536E+00    1.8779E-01   -2.0376E-02    1.2939E-01   -1.5258E-01   -1.5771E-01    2.1406E-01    2.6478E-02    7.9656E-02   -4.1170E-02    8.9555E-02   -2.5941E-01   -1.0974E-01   -2.8880E-02    1.4412E-01   -4.6774E-02    3.5499E-01    2.1899E+00  
  1.8903E+00    7.5310E-01    5.3994E+00    7.0168E-01    4.5134E-01   -5.4613E-01   -1.6941E+00    1.8372E-01   -3.8934E-02    4.1794E-02   -1.3782E-01   -7.7427E-02    1.7708E-01    3.0125E-02    3.8690E-02   -5.8466E-02    8.1072E-02   -2.1475E-01   -3.5365E-02   -5.1046E-03    1.3746E-01   -2.8026E-02    3.2425E-01    2.0370E+00  
  1.4218E+00    9.3236E-01    5.4319E+00    5.6540E-01    5.4442E-01   -4.0787E-01   -1.8422E+00    1.5967E-01   -2.9495E-02   -1.0935E-02   -1.1292E-01   -1.0608E-02    1.2193E-01    2.4884E-02    1.5586E-02   -6.8340E-02    1.0037E-01   -1.6434E-01    2.3179E-02    5.8867E-03    1.2844E-01   -1.4498E-02    2.9890E-01    1.9485E+00  
  1.0222E+00    1.0802E+00    5.2959E+00    4.1490E-01    5.5478E-01   -2.1287E-01   -1.9727E+00    1.1786E-01   -6.9915E-03   -3.3934E-02   -6.9080E-02    2.7853E-02    6.5662E-02    1.6535E-02    2.5563E-03   -6.6276E-02    1.3721E-01   -1.1077E-01    6.5987E-02    7.0038E-03    1.2105E-01   -6.5695E-03    2.7874E-01    1.8484E+00  
  7.2459E-01    1.2021E+00    5.0219E+00    2.6716E-01    5.0126E-01   -7.7517E-03   -2.0622E+00    6.0852E-02    1.7584E-02   -3.5583E-02   -8.4626E-03    3.7206E-02    1.9691E-02    6.9105E-03   -4.3156E-03   -4.9592E-02    1.7508E-01   -5.4393E-02    9.2101E-02    2.9532E-03    1.1608E-01   -9.4089E-03    2.6591E-01    1.8596E+00  
  5.5980E-01    1.2997E+00    4.6396E+00    1.3106E-01    4.0586E-01    1.7030E-01   -2.0928E+00   -6.5412E-03    3.7709E-02   -2.2385E-02    6.1822E-02    2.5598E-02   -9.3358E-03   -3.8167E-03   -6.3147E-03   -2.0967E-02    1.9533E-01    3.2356E-03    9.8131E-02   -4.2881E-03    1.1384E-01   -2.3035E-02    2.6070E-01    1.7081E+00  
  5.3898E-01    1.3725E+00    4.1712E+00    8.9898E-03    2.8931E-01    3.0147E-01   -2.0553E+00   -7.6383E-02    4.8729E-02    1.0905E-03    1.2689E-01    7.4932E-03   -1.5571E-02   -1.4230E-02   -3.5105E-03    8.6019E-03    1.8736E-01    5.9047E-02    8.5549E-02   -1.1777E-02    1.1554E-01   -3.5135E-02    2.6883E-01    1.8397E+00  
  6.6299E-01    1.4183E+00    3.6404E+00   -1.0161E-01    1.7456E-01    3.7999E-01   -1.9540E+00   -1.4105E-01    4.9602E-02    3.1320E-02    1.7113E-01   -1.6810E-03   -1.7477E-03   -2.2915E-02    3.8902E-03    2.8018E-02    1.6035E-01    1.0987E-01    5.4116E-02   -1.6572E-02    1.2004E-01   -3.3608E-02    2.8498E-01    1.8548E+00  
  9.1808E-01    1.4345E+00    3.0830E+00   -2.0799E-01    8.5287E-02    4.1472E-01   -1.8021E+00   -1.9626E-01    3.9799E-02    6.3880E-02    1.8648E-01    9.9455E-03    2.9332E-02   -2.9740E-02    1.6820E-02    3.4131E-02    1.3214E-01    1.5363E-01    8.7486E-03   -1.6684E-02    1.2705E-01   -2.0007E-02    3.0859E-01    1.9820E+00  
  1.2771E+00    1.4191E+00    2.5289E+00   -3.1707E-01    4.3011E-02    4.3113E-01   -1.6157E+00   -2.4057E-01    2.1924E-02    9.3777E-02    1.6780E-01    4.6384E-02    6.9102E-02   -3.3056E-02    3.8770E-02    3.0167E-02    1.1678E-01    1.8894E-01   -4.8388E-02   -7.1425E-03    1.3644E-01   -5.3610E-04    3.3678E-01    2.0954E+00  
  6.8752E+00    1.0693E+01   -9.3549E+00   -4.3373E-01    6.9750E-02    4.6799E-01   -1.4125E+00   -2.7213E-01   -2.4988E-04    1.1903E-01    1.1861E-01    1.0098E-01    1.0580E-01   -2.7105E-02    7.6085E-02    2.4227E-02    1.1637E-01    2.0849E-01   -1.1494E-01    1.6657E-02    1.4569E-01    2.2491E-02    3.7051E-01    2.2820E+00  
  6.1207E+00    9.2274E+00   -1.2084E+01   -5.6430E-01    1.8869E-01    5.7881E-01   -1.2016E+00   -2.9554E-01   -2.7912E-02    1.5309E-01    4.4372E-02    1.6118E-01    1.3308E-01   -2.6353E-03    1.2941E-01    1.6556E-02    1.3583E-01    2.1444E-01   -1.8357E-01    4.7372E-02    1.4510E-01    4.2511E-02    4.0887E-01    2.5147E+00  
  5.3303E+00    7.4378E+00   -1.3275E+01   -6.3117E-01    3.5214E-01    7.4814E-01   -8.9078E-01   -3.4797E-01   -1.1762E-01    2.8775E-01   -1.4810E-02    1.5514E-01    9.7863E-02    6.0033E-02    2.5736E-01   -4.9428E-03    2.1020E-01    2.4494E-01   -2.7090E-01    4.5964E-02    1.3085E-01    5.6518E-02    4.5825E-01    2.6833E+00  
 -3.1875E-02   -4.4462E+00   -1.1251E+01    7.8929E-01   -2.4696E-01   -3.7106E-02   -1.3334E+00    1.1324E-01    2.3505E-01    2.5442E-01   -1.9530E-01   -2.9129E-01    1.4535E-01   -1.0573E-01    1.5818E-01    9.9589E-04    1.8838E-01   -2.3050E-01   -3.4998E-01   -7.0265E-02    8.0819E-02   -8.2609E-02    3.8982E-01    2.3942E+00  
 -1.9255E+00   -6.0571E+00   -1.0369E+01    8.6436E-01    3.5747E-02   -4.7412E-01   -1.4188E+00    1.3228E-01    1.1625E-01    1.6467E-01   -1.6828E-01   -2.6497E-01    1.6418E-01   -3.8877E-02    9.9747E-02   -1.8880E-02    1.0160E-01   -2.0512E-01   -2.4911E-01   -5.1411E-02    1.0093E-01   -6.3910E-02    3.4834E-01    2.1879E+00  
  1.3305E+00   -6.1693E-01    3.4874E+00    8.1940E-01    2.3338E-01   -6.4309E-01   -1.5431E+00    1.4157E-01    3.7015E-02    8.5505E-02   -1.6170E-01   -1.8871E-01    1.5503E-01   -5.3069E-03    5.7111E-02   -3.5774E-02    6.1800E-02   -1.7833E-01   -1.6314E-01   -2.9934E-02    1.1530E-01   -4.1824E-02    3.1366E-01    1.9984E+00  
  1.6212E+00    5.5339E-01    5.5563E+00    6.9990E-01    3.5413E-01   -6.2433E-01   -1.7015E+00    1.3829E-01    6.5805E-04    2.6405E-02   -1.5514E-01   -9.9910E-02    1.2284E-01    8.2255E-03    2.9562E-02   -5.0127E-02    5.9812E-02   -1.4763E-01   -8.8021E-02   -1.1344E-02    1.2064E-01   -1.8812E-02    2.8269E-01    1.8224E+00  
  1.1124E+00    6.6867E-01    5.5615E+00    5.4519E-01    4.0603E-01   -4.8773E-01   -1.8676E+00    1.2139E-01   -5.1016E-03   -7.4103E-03   -1.3179E-01   -2.7559E-02    7.9775E-02    1.0553E-02    1.4334E-02   -6.0012E-02    9.0058E-02   -1.1305E-01   -2.7879E-02   -2.1373E-03    1.2117E-01    3.0853E-03    2.5427E-01    1.6395E+00  
  6.7975E-01    7.6419E-01    5.4037E+00    3.8319E-01    4.0194E-01   -2.9405E-01   -2.0146E+00    9.2262E-02    4.0492E-03   -2.1669E-02   -8.3792E-02    1.4803E-02    3.8066E-02    8.1926E-03    5.6422E-03   -5.8942E-02    1.4399E-01   -7.6906E-02    1.7380E-02    5.0440E-04    1.2005E-01    1.4032E-02    2.2850E-01    1.5914E+00  
  3.6042E-01    8.4544E-01    5.1114E+00    2.2615E-01    3.5627E-01   -8.9356E-02   -2.1188E+00    4.8515E-02    1.8283E-02   -2.2637E-02   -9.2989E-03    2.5356E-02    4.3185E-04    2.6865E-03    9.5352E-04   -4.0576E-02    1.9969E-01   -3.6607E-02    4.2734E-02   -6.0771E-04    1.1835E-01   -3.0552E-04    2.0476E-01    1.4239E+00  
  1.8266E-01    9.1035E-01    4.7095E+00    8.9457E-02    2.8110E-01    8.9240E-02   -2.1543E+00   -3.2261E-04    2.9252E-02   -1.2592E-02    7.2893E-02    1.2046E-02   -2.1550E-02   -3.5466E-03   -1.9144E-04   -1.5869E-02    2.2507E-01    1.2230E-03    4.9550E-02   -3.7664E-03    1.1752E-01   -2.5547E-02    1.9747E-01    1.2751E+00  
  1.6053E-01    9.5968E-01    4.2205E+00   -2.8837E-02    1.9102E-01    2.2090E-01   -2.1158E+00   -5.0710E-02    3.2078E-02    4.2853E-03    1.5046E-01   -7.7586E-03   -2.5609E-02   -9.5777E-03    1.5731E-03    9.5492E-03    2.1360E-01    3.7922E-02    3.9823E-02   -7.1451E-03    1.1796E-01   -4.9247E-02    2.0682E-01    1.4021E+00  
  2.9749E-01    9.9275E-01    3.6648E+00   -1.3563E-01    1.0076E-01    2.9891E-01   -2.0045E+00   -9.9355E-02    2.5407E-02    2.4493E-02    2.1039E-01   -1.5795E-02   -1.1910E-02   -1.4490E-02    6.6517E-03    3.0066E-02    1.7032E-01    7.4753E-02    1.2906E-02   -8.8903E-03    1.1927E-01   -5.9116E-02    2.3347E-01    1.5749E+00  
  5.7510E-01    1.0049E+00    3.0812E+00   -2.3222E-01    2.9234E-02    3.3248E-01   -1.8412E+00   -1.3715E-01    1.0294E-02    4.7145E-02    2.3277E-01   -4.9462E-04    1.0722E-02   -1.5988E-02    1.5221E-02    3.4401E-02    1.2601E-01    1.0483E-01   -3.1151E-02   -7.3117E-03    1.1997E-01   -4.2011E-02    2.6338E-01    1.6478E+00  
  9.6743E-01    9.9619E-01    2.4989E+00   -3.3124E-01   -1.0748E-02    3.4803E-01   -1.6428E+00   -1.6730E-01   -1.2244E-02    6.8669E-02    2.1660E-01    4.1457E-02    4.1541E-02   -1.2788E-02    2.9367E-02    2.8560E-02    1.0155E-01    1.3038E-01   -8.5774E-02    4.0394E-04    1.1891E-01   -1.3674E-02    2.9595E-01    1.8632E+00  
  2.2824E+00    2.0085E+00    7.7839E-02   -4.3824E-01   -4.8456E-03    3.8456E-01   -1.4281E+00   -1.8887E-01   -3.7800E-02    8.5208E-02    1.6518E-01    1.0412E-01    7.0634E-02    6.4857E-04    5.4281E-02    2.0846E-02    9.9614E-02    1.4598E-01   -1.4812E-01    1.9152E-02    1.1397E-01    1.4978E-02    3.3060E-01    2.0708E+00  
  6.5570E+00    7.2171E+00   -1.3777E+01   -5.5829E-01    6.2573E-02    4.9677E-01   -1.2136E+00   -2.0324E-01   -6.6036E-02    1.0419E-01    8.7240E-02    1.7361E-01    9.1178E-02    3.0927E-02    9.0596E-02    1.4504E-02    1.1634E-01    1.4956E-01   -2.0913E-01    4.2891E-02    9.9149E-02    3.9016E-02    3.6833E-01    2.2873E+00  
  5.6079E+00    5.3017E+00   -1.4195E+01   -6.9572E-01    2.0485E-01    7.4626E-01   -9.8933E-01   -2.1481E-01   -1.1653E-01    1.4018E-01   -6.7178E-03    2.3140E-01    1.0262E-01    8.8702E-02    1.3873E-01    8.9430E-03    1.5588E-01    1.4418E-01   -2.6921E-01    6.4137E-02    7.6325E-02    5.5496E-02    4.1185E-01    2.5107E+00  
 -4.0881E-01   -1.5969E+00   -1.1578E+01    8.4174E-01   -1.0545E-01   -9.4438E-02   -1.3127E+00    6.1598E-02    2.9815E-01    1.2512E-01   -1.9149E-01   -3.2453E-01    8.0150E-02   -1.3455E-01    8.1709E-02   -2.7983E-03    1.6571E-01   -1.1589E-01   -3.8089E-01   -4.0149E-02    4.5554E-02   -8.2555E-02    3.6233E-01    2.2966E+00  
 -2.4268E+00   -1.5992E+00   -1.1258E+01    8.9520E-01    3.4220E-02   -5.3399E-01   -1.4050E+00    7.0949E-02    1.6408E-01    8.0400E-02   -1.7142E-01   -2.9330E-01    8.8302E-02   -6.2664E-02    5.0153E-02   -1.2583E-02    8.0010E-02   -1.0173E-01   -2.8121E-01   -3.3080E-02    7.3312E-02   -6.0232E-02    3.2128E-01    2.0621E+00  
  2.0210E+00    2.2712E-01    5.4574E+00    8.2867E-01    1.3021E-01   -7.0425E-01   -1.5371E+00    7.5795E-02    6.9911E-02    3.8889E-02   -1.7189E-01   -2.0978E-01    8.1724E-02   -2.3036E-02    2.9087E-02   -2.0830E-02    4.4335E-02   -8.8868E-02   -1.9723E-01   -2.0910E-02    9.6032E-02   -3.7519E-02    2.8611E-01    1.8704E+00  
  1.4475E+00    2.9556E-01    5.6481E+00    6.9227E-01    1.8778E-01   -6.8667E-01   -1.7067E+00    7.3690E-02    2.1976E-02    9.0610E-03   -1.6963E-01   -1.1454E-01    6.3472E-02   -4.3707E-03    1.5757E-02   -2.9340E-02    4.4690E-02   -7.2571E-02   -1.2141E-01   -1.0225E-02    1.0993E-01   -1.0136E-02    2.5429E-01    1.7220E+00  
  9.1330E-01    3.5118E-01    5.6376E+00    5.2718E-01    2.1108E-01   -5.5117E-01   -1.8836E+00    6.5880E-02    7.4063E-03   -7.5546E-03   -1.4713E-01   -3.8921E-02    3.9973E-02    2.3139E-03    8.2943E-03   -3.5867E-02    8.3702E-02   -5.6134E-02   -6.0022E-02   -4.6573E-03    1.1588E-01    1.9489E-02    2.2397E-01    1.5055E+00  
  4.6233E-01    3.9834E-01    5.4694E+00    3.5430E-01    2.0703E-01   -3.5861E-01   -2.0452E+00    4.9341E-02    8.9520E-03   -1.4922E-02   -9.0411E-02    6.2605E-03    1.5740E-02    3.0993E-03    4.1314E-03   -3.2983E-02    1.5538E-01   -3.7191E-02   -1.3950E-02   -2.5420E-03    1.1814E-01    2.5053E-02    1.8898E-01    1.2435E+00  
  1.2759E-01    4.3800E-01    5.1650E+00    1.9483E-01    1.8150E-01   -1.5393E-01   -2.1550E+00    2.6788E-02    1.6569E-02   -1.5127E-02   -1.0295E-02    1.6774E-02   -4.6041E-03    5.6137E-04    1.9959E-03   -2.2633E-02    2.1817E-01   -1.7605E-02    1.2621E-02   -2.3696E-03    1.1866E-01    5.9667E-03    1.6453E-01    1.0909E+00  
 -5.8801E-02    4.6977E-01    4.7515E+00    5.8961E-02    1.4123E-01    2.4770E-02   -2.1932E+00    1.6114E-03    2.2034E-02   -9.6644E-03    7.8788E-02    2.9249E-03   -1.6745E-02   -3.1521E-03    1.5592E-03   -8.8422E-03    2.4646E-01    6.9954E-04    2.0570E-02   -3.2872E-03    1.1857E-01   -2.6906E-02    1.5682E-01    9.1514E-01  
 -8.2295E-02    4.9407E-01    4.2508E+00   -5.5844E-02    9.3354E-02    1.5652E-01   -2.1545E+00   -2.4438E-02    2.0390E-02   -6.7059E-04    1.6366E-01   -1.7431E-02   -1.9138E-02   -6.7171E-03    2.5444E-03    5.4233E-03    2.3323E-01    1.8548E-02    1.1957E-02   -4.3742E-03    1.1838E-01   -5.8357E-02    1.6565E-01    1.0684E+00  
  6.0889E-02    5.1060E-01    3.6824E+00   -1.5709E-01    4.5401E-02    2.3456E-01   -2.0403E+00   -4.9714E-02    1.0063E-02    1.0077E-02    2.3052E-01   -2.5533E-02   -1.2190E-02   -8.8603E-03    5.0931E-03    1.7233E-02    1.8404E-01    3.6732E-02   -1.3868E-02   -4.7439E-03    1.1756E-01   -7.3305E-02    1.9280E-01    1.2186E+00  
  3.5480E-01    5.1769E-01    3.0811E+00   -2.5132E-01    6.2201E-03    2.6731E-01   -1.8655E+00   -7.1084E-02   -8.1893E-03    2.1740E-02    2.6351E-01   -7.6177E-03    1.1197E-03   -7.6042E-03    9.2519E-03    2.2460E-02    1.2270E-01    5.3331E-02   -5.6456E-02   -3.5973E-03    1.1486E-01   -6.1549E-02    2.3217E-01    1.4984E+00  
  7.6792E-01    5.1352E-01    2.4820E+00   -3.4315E-01   -1.6617E-02    2.8244E-01   -1.6603E+00   -8.6027E-02   -3.3464E-02    3.3647E-02    2.4954E-01    3.7479E-02    1.7613E-02   -7.1027E-04    1.6097E-02    1.8575E-02    9.0021E-02    6.6016E-02   -1.1000E-01    5.4471E-04    1.0824E-01   -2.5478E-02    2.6794E-01    1.7486E+00  
  1.2647E+00    4.9840E-01    1.9163E+00   -4.4459E-01   -1.6523E-02    3.1925E-01   -1.4374E+00   -9.7760E-02   -6.0461E-02    4.3240E-02    1.9668E-01    1.0622E-01    3.4114E-02    1.7075E-02    2.7798E-02    1.2814E-02    8.8195E-02    7.6196E-02   -1.7066E-01    1.0181E-02    9.3274E-02    8.5295E-03    3.0402E-01    1.9338E+00  
  6.8008E+00    2.2087E+00   -1.4851E+01   -5.5858E-01    1.3647E-02    4.3226E-01   -1.2192E+00   -1.0443E-01   -8.7669E-02    5.1354E-02    1.1553E-01    1.8184E-01    4.5435E-02    5.1387E-02    4.6125E-02    9.0765E-03    1.0424E-01    7.7536E-02   -2.2630E-01    2.3729E-02    6.8220E-02    3.5332E-02    3.4237E-01    2.1540E+00  
  5.7890E+00    2.0672E+00   -1.4762E+01   -6.8748E-01    8.0754E-02    6.8410E-01   -9.9507E-01   -1.0968E-01   -1.3675E-01    6.8960E-02    1.8854E-02    2.4427E-01    5.1545E-02    1.1035E-01    7.1723E-02    6.2387E-03    1.4539E-01    7.5277E-02   -2.8032E-01    3.3306E-02    3.5626E-02    5.6399E-02    3.8568E-01    2.4103E+00  
 -5.1955E-01    1.1513E-02   -1.1744E+01    8.5572E-01   -1.3924E-02   -1.1558E-01   -1.3043E+00   -7.9558E-04    3.1965E-01   -5.2973E-03   -1.9230E-01   -3.3487E-01    3.0974E-03   -1.4229E-01   -1.2728E-03   -1.5394E-04    1.6124E-01    3.7058E-03   -3.9084E-01   -4.5820E-03    3.2184E-02   -8.5074E-02    3.5328E-01    2.2312E+00  
 -2.5301E+00    7.7605E-03   -1.1296E+01    9.0351E-01   -1.3502E-02   -5.5599E-01   -1.3993E+00   -6.3200E-04    1.8006E-01   -6.1578E-03   -1.7389E-01   -3.0265E-01    2.6854E-03   -6.9479E-02   -1.3286E-03   -1.3519E-05    7.3894E-02    4.2636E-03   -2.9232E-01   -5.5023E-03    6.2759E-02   -5.9676E-02    3.1202E-01    2.0055E+00  
  1.9720E+00    1.3418E-02    5.4933E+00    8.3131E-01   -1.2869E-02   -7.2732E-01   -1.5353E+00   -5.3204E-04    8.0673E-02   -7.1401E-03   -1.7569E-01   -2.1713E-01    2.4729E-03   -2.8286E-02   -8.4218E-04   -4.1411E-05    3.8343E-02    4.6353E-03   -2.0935E-01   -5.5950E-03    8.9556E-02   -3.4778E-02    2.7605E-01    1.8306E+00  
  1.3888E+00    1.2685E-02    5.6776E+00    6.8883E-01   -1.1890E-02   -7.1036E-01   -1.7083E+00   -2.1121E-04    2.8740E-02   -8.5180E-03   -1.7482E-01   -1.1942E-01    2.3339E-03   -7.8020E-03   -4.2325E-04    7.4470E-05    3.9300E-02    4.3397E-03   -1.3273E-01   -4.9452E-03    1.0589E-01   -6.4030E-03    2.4392E-01    1.6819E+00  
  8.4640E-01    1.1709E-02    5.6619E+00    5.1964E-01   -1.0493E-02   -5.7525E-01   -1.8890E+00    4.8419E-04    1.1315E-02   -9.4757E-03   -1.5220E-01   -4.3074E-02    1.3801E-03    1.4643E-04    8.4718E-05   -4.8884E-04    8.1507E-02    3.6183E-03   -7.1385E-02   -4.3147E-03    1.1366E-01    2.5334E-02    2.1324E-01    1.4629E+00  
  3.8907E-01    1.0640E-02    5.4903E+00    3.4353E-01   -8.8208E-03   -3.8322E-01   -2.0554E+00    1.1389E-03    1.0189E-02   -9.9889E-03   -9.2928E-02    3.3400E-03    4.5946E-05    1.9830E-03    6.1728E-04   -1.0272E-03    1.5936E-01    2.6274E-03   -2.4326E-02   -3.7619E-03    1.1702E-01    2.9414E-02    1.7519E-01    1.1659E+00  
  4.9101E-02    9.6250E-03    5.1819E+00    1.8334E-01   -7.0642E-03   -1.7857E-01   -2.1672E+00    1.5158E-03    1.5573E-02   -1.0137E-02   -1.0993E-02    1.3896E-02   -1.2227E-03    3.6851E-04    1.1133E-03   -1.1394E-03    2.2477E-01    1.6914E-03    2.8012E-03   -3.2976E-03    1.1829E-01    8.5538E-03    1.5082E-01    9.2503E-01  
 -1.4034E-01    8.6938E-03    4.7647E+00    4.7993E-02   -5.2574E-03    2.0331E-04   -2.2063E+00    1.6213E-03    1.9210E-02   -9.9157E-03    8.0239E-02   -7.7479E-05   -2.3260E-03   -2.6127E-03    1.4742E-03   -8.7813E-04    2.5407E-01    8.7685E-04    1.1271E-02   -2.9334E-03    1.1852E-01   -2.7042E-02    1.4338E-01    7.0905E-01  
 -1.6445E-01    7.8222E-03    4.2603E+00   -6.5452E-02   -3.4043E-03    1.3203E-01   -2.1679E+00    1.4044E-03    1.6160E-02   -9.3380E-03    1.6753E-01   -2.0586E-02   -3.1618E-03   -5.4774E-03    1.6831E-03   -4.0066E-04    2.4054E-01    2.9238E-04    3.0283E-03   -2.6916E-03    1.1817E-01   -6.1444E-02    1.5151E-01    9.0493E-01  
 -1.9223E-02    7.0230E-03    3.6879E+00   -1.6483E-01   -1.5499E-03    2.1009E-01   -2.0529E+00    9.0127E-04    4.7033E-03   -8.4190E-03    2.3703E-01   -2.8688E-02   -3.7005E-03   -6.7908E-03    1.6729E-03    2.1249E-04    1.8942E-01    1.5597E-05   -2.2479E-02   -2.6577E-03    1.1671E-01   -7.8759E-02    1.7850E-01    1.1436E+00  
  2.7999E-01    6.3352E-03    3.0811E+00   -2.5807E-01    2.4071E-04    2.4249E-01   -1.8748E+00    1.5256E-04   -1.4388E-02   -7.1980E-03    2.7391E-01   -9.6138E-03   -3.8934E-03   -4.6698E-03    1.3659E-03    8.4330E-04    1.2249E-01    1.8308E-04   -6.5156E-02   -2.9587E-03    1.1303E-01   -6.9323E-02    2.2111E-01    1.4501E+00  
  6.9999E-01    5.6772E-03    2.4763E+00   -3.4763E-01    1.8802E-03    2.5766E-01   -1.6667E+00   -6.9398E-04   -4.0631E-02   -5.6475E-03    2.6094E-01    3.5895E-02   -3.5145E-03    3.2509E-03    7.4738E-04    1.1212E-03    8.5999E-02    7.6684E-04   -1.1771E-01   -3.7065E-03    1.0467E-01   -3.0862E-02    2.5798E-01    1.7027E+00  
  1.2054E+00    5.0367E-03    1.9046E+00   -4.4726E-01    3.2599E-03    2.9452E-01   -1.4412E+00   -1.4906E-03   -6.8142E-02   -3.8858E-03    2.0745E-01    1.0682E-01   -2.4989E-03    2.2568E-02   -1.3173E-04    7.0555E-04    8.3469E-02    1.7880E-03   -1.7836E-01   -4.8987E-03    8.7160E-02    5.7440E-03    2.9511E-01    1.8903E+00  
  6.8160E+00    1.0750E-02   -1.4951E+01   -5.5823E-01    3.8625E-03    4.0751E-01   -1.2200E+00   -1.8614E-03   -9.4939E-02   -3.0560E-03    1.2589E-01    1.8430E-01   -2.0065E-03    5.8099E-02   -1.6122E-04    4.1985E-04    1.0113E-01    2.0666E-03   -2.3237E-01   -5.1706E-03    5.6960E-02    3.5129E-02    3.3410E-01    2.0950E+00  
  5.8328E+00    5.9844E-03   -1.5016E+01   -6.8395E-01    4.0460E-03    6.6014E-01   -9.9545E-01   -2.0558E-03   -1.4318E-01   -2.5717E-03    2.8526E-02    2.4826E-01   -1.9916E-03    1.1764E-01   -2.5334E-05    2.3600E-04    1.4349E-01    1.9615E-03   -2.8402E-01   -5.0440E-03    2.1049E-02    5.8301E-02    3.7758E-01    2.3381E+00  
 -4.0785E-01    1.6176E+00   -1.1578E+01    8.4038E-01    7.8576E-02   -9.5145E-02   -1.3115E+00   -6.4036E-02    2.9978E-01   -1.3423E-01   -1.9285E-01   -3.2382E-01   -7.2917E-02   -1.3096E-01   -8.5767E-02    2.3666E-03    1.6728E-01    1.2419E-01   -3.8113E-01    3.0260E-02    4.3286E-02   -8.3632E-02    3.6174E-01    2.2935E+00  
 -2.4258E+00    1.6158E+00   -1.1271E+01    8.9497E-01   -6.0884E-02   -5.3497E-01   -1.4046E+00   -7.2742E-02    1.6501E-01   -9.2160E-02   -1.7201E-01   -2.9304E-01   -8.2387E-02   -6.0573E-02   -5.3364E-02    1.2484E-02    8.0050E-02    1.1051E-01   -2.8186E-01    2.2044E-02    7.2231E-02   -6.0139E-02    3.2018E-01    2.0562E+00  
  2.0232E+00   -2.0028E-01    5.4558E+00    8.2887E-01   -1.5595E-01   -7.0554E-01   -1.5365E+00   -7.6999E-02    7.0361E-02   -5.3147E-02   -1.7202E-01   -2.0966E-01   -7.6786E-02   -2.1489E-02   -3.0965E-02    2.0891E-02    4.4463E-02    9.7794E-02   -1.9832E-01    9.8513E-03    9.5051E-02   -3.6922E-02    2.8471E-01    1.8638E+00  
  1.4499E+00   -2.7043E-01    5.6464E+00    6.9197E-01   -2.1144E-01   -6.8824E-01   -1.7057E+00   -7.3906E-02    2.2112E-02   -2.5830E-02   -1.6939E-01   -1.1423E-01   -5.9278E-02   -2.8358E-03   -1.6737E-02    2.9083E-02    4.4341E-02    8.0826E-02   -1.2233E-01    2.1970E-04    1.0884E-01   -1.0565E-02    2.5338E-01    1.7175E+00  
  9.1618E-01   -3.2790E-01    5.6355E+00    5.2616E-01   -2.3204E-01   -5.5306E-01   -1.8820E+00   -6.4948E-02    7.3800E-03   -1.1216E-02   -1.4648E-01   -3.8199E-02   -3.7328E-02    3.7469E-03   -8.2063E-03    3.4959E-02    8.2399E-02    6.3210E-02   -6.0609E-02   -4.1247E-03    1.1488E-01    1.8594E-02    2.2379E-01    1.5022E+00  
  4.6503E-01   -3.7717E-01    5.4673E+00    3.5366E-01   -2.2467E-01   -3.6064E-01   -2.0441E+00   -4.7139E-02    8.8315E-03   -4.8995E-03   -9.0708E-02    6.9604E-03   -1.5630E-02    4.4904E-03   -2.9677E-03    3.1095E-02    1.5482E-01    4.2366E-02   -1.4342E-02   -5.1693E-03    1.1723E-01    2.5402E-02    1.8933E-01    1.2388E+00  
  1.3007E-01   -4.1885E-01    5.1630E+00    1.9461E-01   -1.9563E-01   -1.5601E-01   -2.1545E+00   -2.3822E-02    1.6339E-02   -4.9868E-03   -1.1219E-02    1.7419E-02    2.2249E-03    1.8616E-03    1.5481E-04    2.0521E-02    2.1832E-01    2.0937E-02    1.2382E-02   -4.4354E-03    1.1784E-01    6.9352E-03    1.6539E-01    1.0885E+00  
 -5.6546E-02   -4.5249E-01    4.7497E+00    5.9034E-02   -1.5175E-01    2.2628E-02   -2.1933E+00    1.5442E-03    2.1750E-02   -1.0003E-02    7.7624E-02    3.4566E-03    1.2218E-02   -1.9718E-03    1.3555E-03    7.1885E-03    2.4719E-01    1.0472E-03    2.0538E-02   -2.7778E-03    1.1793E-01   -2.6032E-02    1.5788E-01    9.1467E-01  
 -8.0259E-02   -4.7852E-01    4.2491E+00   -5.5583E-02   -1.0018E-01    1.5435E-01   -2.1552E+00    2.7183E-02    2.0081E-02   -1.7853E-02    1.6264E-01   -1.7047E-02    1.2974E-02   -5.6878E-03    8.0211E-04   -6.1690E-03    2.3435E-01   -1.7948E-02    1.2154E-02   -1.1889E-03    1.1796E-01   -5.8066E-02    1.6644E-01    1.0688E+00  
  6.2728E-02   -4.9663E-01    3.6809E+00   -1.5671E-01   -4.8531E-02    2.3239E-01   -2.0415E+00    5.1483E-02    9.7128E-03   -2.6785E-02    2.3005E-01   -2.5302E-02    4.9766E-03   -8.0281E-03   -1.7665E-03   -1.6810E-02    1.8528E-01   -3.6654E-02   -1.3475E-02   -7.2266E-04    1.1737E-01   -7.3814E-02    1.9309E-01    1.2212E+00  
  3.5643E-01   -5.0511E-01    3.0798E+00   -2.5089E-01   -5.7897E-03    2.6520E-01   -1.8673E+00    7.1401E-02   -8.5850E-03   -3.5992E-02    2.6387E-01   -7.5594E-03   -8.6616E-03   -7.0107E-03   -6.5426E-03   -2.0905E-02    1.2375E-01   -5.2899E-02   -5.5892E-02   -2.4446E-03    1.1494E-01   -6.2813E-02    2.3218E-01    1.4972E+00  
  7.6909E-01   -5.0228E-01    2.4807E+00   -3.4229E-01    2.0315E-02    2.8050E-01   -1.6619E+00    8.4721E-02   -3.3931E-02   -4.4784E-02    2.5029E-01    3.7199E-02   -2.4323E-02   -3.4705E-04   -1.4594E-02   -1.6696E-02    8.9834E-02   -6.4451E-02   -1.0926E-01   -8.0304E-03    1.0861E-01   -2.6181E-02    2.6818E-01    1.7474E+00  
  1.2654E+00   -4.8830E-01    1.9153E+00   -4.4367E-01    2.2923E-02    3.1763E-01   -1.4387E+00    9.4863E-02   -6.1145E-02   -5.1129E-02    1.9770E-01    1.0593E-01   -3.9092E-02    1.7148E-02   -2.7851E-02   -1.1521E-02    8.7156E-02   -7.2753E-02   -1.7002E-01   -1.9744E-02    9.3829E-02    9.1403E-03    3.0459E-01    1.9337E+00  
  6.8017E+00   -2.1943E+00   -1.4858E+01   -5.5851E-01   -6.1418E-03    4.3122E-01   -1.2196E+00    1.0070E-01   -8.8584E-02   -5.7354E-02    1.1576E-01    1.8225E-01   -4.9693E-02    5.1711E-02   -4.6197E-02   -8.3192E-03    1.0389E-01   -7.3375E-02   -2.2611E-01   -3.4132E-02    6.8412E-02    3.5453E-02    3.4238E-01    2.1535E+00  
  5.7888E+00   -2.0584E+00   -1.4769E+01   -6.8813E-01   -7.3102E-02    6.8327E-01   -9.9567E-01    1.0551E-01   -1.3750E-01   -7.3649E-02    1.8492E-02    2.4504E-01   -5.5987E-02    1.1135E-01   -7.1205E-02   -5.7575E-03    1.4452E-01   -7.1164E-02   -2.7998E-01   -4.3776E-02    3.5949E-02    5.6035E-02    3.8543E-01    2.4082E+00  
 -3.0214E-02    4.4638E+00   -1.1251E+01    7.8783E-01    2.2129E-01   -3.8374E-02   -1.3315E+00   -1.1681E-01    2.3750E-01   -2.6118E-01   -1.9678E-01   -2.9006E-01   -1.3717E-01   -9.9801E-02   -1.6520E-01   -9.8015E-04    1.8937E-01    2.3959E-01   -3.5130E-01    5.8835E-02    7.6887E-02   -8.2967E-02    3.8824E-01    2.3876E+00  
 -1.9230E+00    6.0860E+00   -1.0378E+01    8.6359E-01   -6.1928E-02   -4.7586E-01   -1.4176E+00   -1.3473E-01    1.1775E-01   -1.7536E-01   -1.6911E-01   -2.6403E-01   -1.5774E-01   -3.4959E-02   -1.0441E-01    1.8867E-02    1.0180E-01    2.1387E-01   -2.5060E-01    3.9944E-02    9.8464E-02   -6.4110E-02    3.4649E-01    2.1810E+00  
  1.3349E+00    6.4346E-01    3.4862E+00    8.1878E-01   -2.5873E-01   -6.4550E-01   -1.5415E+00   -1.4283E-01    3.7749E-02   -9.9244E-02   -1.6149E-01   -1.8817E-01   -1.5012E-01   -2.1978E-03   -5.9907E-02    3.5458E-02    6.1875E-02    1.8655E-01   -1.6477E-01    1.8914E-02    1.1320E-01   -4.2085E-02    3.1174E-01    1.9926E+00  
  1.6264E+00   -5.2881E-01    5.5528E+00    6.9894E-01   -3.7759E-01   -6.2746E-01   -1.6992E+00   -1.3830E-01    8.2232E-04   -4.2514E-02   -1.5418E-01   -9.9379E-02   -1.1950E-01    1.1036E-02   -3.0913E-02    4.9323E-02    5.9036E-02    1.5504E-01   -8.9419E-02    1.0356E-03    1.1849E-01   -1.9694E-02    2.8136E-01    1.8177E+00  
  1.1179E+00   -6.4590E-01    5.5576E+00    5.4369E-01   -4.2678E-01   -4.9138E-01   -1.8650E+00   -1.2037E-01   -5.1641E-03   -1.0714E-02   -1.3115E-01   -2.6469E-02   -7.7715E-02    1.3326E-02   -1.4561E-02    5.8983E-02    8.8417E-02    1.1939E-01   -2.8923E-02   -7.1106E-03    1.1913E-01    2.1348E-03    2.5398E-01    1.6349E+00  
  6.8517E-01   -7.4332E-01    5.3996E+00    3.8193E-01   -4.1960E-01   -2.9808E-01   -2.0124E+00   -9.0298E-02    3.8059E-03    2.3350E-03   -8.4223E-02    1.6199E-02   -3.7909E-02    1.0850E-02   -4.7012E-03    5.7564E-02    1.4286E-01    8.1887E-02    1.6614E-02   -8.7865E-03    1.1821E-01    1.4458E-02    2.2909E-01    1.5881E+00  
  3.6539E-01   -8.2657E-01    5.1075E+00    2.2572E-01   -3.7043E-01   -9.3531E-02   -2.1178E+00   -4.5761E-02    1.7856E-02    2.9921E-03   -1.0999E-02    2.6599E-02   -2.6179E-03    5.1689E-03    9.9887E-04    3.8937E-02    1.9998E-01    3.9803E-02    4.2283E-02   -6.8207E-03    1.1677E-01    1.3750E-03    2.0606E-01    1.4212E+00  
  1.8718E-01   -8.9337E-01    4.7059E+00    8.9612E-02   -2.9163E-01    8.4950E-02   -2.1546E+00    3.2597E-03    2.8721E-02   -6.6320E-03    7.0702E-02    1.3053E-02    1.7391E-02   -1.2981E-03    2.9779E-03    1.4551E-02    2.2645E-01    4.7495E-04    4.9493E-02   -2.8740E-03    1.1632E-01   -2.3983E-02    1.9896E-01    1.2745E+00  
  1.6462E-01   -9.4442E-01    4.2171E+00   -2.8290E-02   -1.9789E-01    2.1655E-01   -2.1172E+00    5.3275E-02    3.1472E-02   -2.2375E-02    1.4855E-01   -7.0300E-03    1.9918E-02   -7.6370E-03    1.6915E-03   -1.0122E-02    2.1570E-01   -3.7268E-02    4.0178E-02    1.0578E-03    1.1722E-01   -4.8726E-02    2.0786E-01    1.4042E+00  
  3.0118E-01   -9.7904E-01    3.6619E+00   -1.3486E-01   -1.0396E-01    2.9458E-01   -2.0070E+00    1.0100E-01    2.4719E-02   -4.0781E-02    2.0953E-01   -1.5368E-02    5.2595E-03   -1.2938E-02   -3.3886E-03   -2.9678E-02    1.7264E-01   -7.4492E-02    1.3635E-02    2.9792E-03    1.1902E-01   -6.0096E-02    2.3377E-01    1.5736E+00  
  5.7827E-01   -9.9261E-01    3.0784E+00   -2.3116E-01   -2.8966E-02    3.2831E-01   -1.8443E+00    1.3757E-01    9.5255E-03   -6.0965E-02    2.3326E-01   -5.5169E-04   -1.7476E-02   -1.4880E-02   -1.2501E-02   -3.3358E-02    1.2754E-01   -1.0432E-01   -3.0119E-02    9.3974E-04    1.2025E-01   -4.3944E-02    2.6333E-01    1.6453E+00  
  9.6994E-01   -9.8526E-01    2.4963E+00   -3.2970E-01    1.4302E-02    3.4414E-01   -1.6462E+00    1.6619E-01   -1.3111E-02   -7.9389E-02    2.1836E-01    4.0815E-02   -4.7350E-02   -1.2183E-02   -2.7862E-02   -2.7595E-02    1.0107E-01   -1.2863E-01   -8.4509E-02   -8.0904E-03    1.1976E-01   -1.4700E-02    2.9634E-01    1.8598E+00  
  2.2841E+00   -1.9968E+00    7.2847E-02   -4.3711E-01    1.0592E-02    3.8154E-01   -1.4304E+00    1.8641E-01   -3.9010E-02   -9.3374E-02    1.6683E-01    1.0387E-01   -7.5836E-02    1.0998E-03   -5.3483E-02   -1.9948E-02    9.8136E-02   -1.4306E-01   -1.4694E-01   -2.8266E-02    1.1475E-01    1.5291E-02    3.3120E-01    2.0698E+00  
  6.5578E+00   -7.2070E+00   -1.3785E+01   -5.5828E-01   -5.5682E-02    4.9470E-01   -1.2146E+00    1.9976E-01   -6.7587E-02   -1.1009E-01    8.7668E-02    1.7441E-01   -9.6030E-02    3.1593E-02   -8.9935E-02   -1.3768E-02    1.1561E-01   -1.4567E-01   -2.0841E-01   -5.3409E-02    9.9645E-02    3.9096E-02    3.6842E-01    2.2861E+00  
  5.6075E+00   -5.2950E+00   -1.4203E+01   -6.9642E-01   -1.9778E-01    7.4448E-01   -9.9024E-01    2.1071E-01   -1.1790E-01   -1.4426E-01   -6.8652E-03    2.3252E-01   -1.0761E-01    9.0155E-02   -1.3723E-01   -8.3598E-03    1.5506E-01   -1.4004E-01   -2.6837E-01   -7.5160E-02    7.6705E-02    5.5337E-02    4.1183E-01    2.5091E+00  
  5.3246E-01    6.3464E+00   -1.0738E+01    5.9669E-01    5.4144E-01    1.2064E-01   -1.2632E+00   -1.8774E-01    8.9207E-02   -2.8963E-01   -2.4486E-01   -1.7572E-01   -1.1866E-01   -5.5501E-02   -3.0549E-01   -2.8795E-02    2.6663E-01    3.9073E-01   -3.2434E-01    3.4083E-02    1.1850E-01   -8.4065E-02    4.3390E-01    2.5512E+00  
 -1.0930E+00    7.6856E+00   -9.0313E+00    8.0278E-01    2.8083E-02   -4.0170E-01   -1.4382E+00   -1.7673E-01    3.7687E-02   -2.5173E-01   -1.7055E-01   -2.2127E-01   -2.1247E-01    7.8038E-03   -1.4944E-01    1.5633E-02    1.3722E-01    3.0909E-01   -1.9989E-01    4.4467E-02    1.3766E-01   -6.7861E-02    3.8825E-01    2.4011E+00  
 -2.7739E+00    8.8034E+00   -6.2047E+00    7.9269E-01   -2.8083E-01   -5.7028E-01   -1.5510E+00   -1.8841E-01   -1.9932E-02   -1.4252E-01   -1.5142E-01   -1.5656E-01   -2.1008E-01    3.0390E-02   -8.3737E-02    4.0311E-02    8.9026E-02    2.6643E-01   -1.1195E-01    1.7294E-02    1.4122E-01   -4.7359E-02    3.5304E-01    2.1865E+00  
  1.8980E+00   -7.2928E-01    5.3941E+00    7.0022E-01   -4.7454E-01   -5.5070E-01   -1.6908E+00   -1.8354E-01   -3.8769E-02   -5.7182E-02   -1.3647E-01   -7.6598E-02   -1.7457E-01    3.3912E-02   -4.0654E-02    5.7189E-02    8.0183E-02    2.2124E-01   -3.6975E-02   -5.6253E-03    1.3439E-01   -2.8677E-02    3.2296E-01    2.0340E+00  
  1.4298E+00   -9.1034E-01    5.4262E+00    5.6365E-01   -5.6502E-01   -4.1318E-01   -1.8387E+00   -1.5869E-01   -2.9603E-02   -6.2737E-03   -1.1235E-01   -9.2584E-03   -1.2053E-01    2.8659E-02   -1.6252E-02    6.7282E-02    9.8819E-02    1.6999E-01    2.1932E-02   -1.5889E-02    1.2538E-01   -1.5167E-02    2.9868E-01    1.9480E+00  
  1.0302E+00   -1.0599E+00    5.2898E+00    4.1318E-01   -5.7243E-01   -2.1882E-01   -1.9695E+00   -1.1619E-01   -7.3395E-03    1.5426E-02   -6.9556E-02    2.9815E-02   -6.5586E-02    2.0192E-02   -1.9827E-03    6.5542E-02    1.3570E-01    1.1539E-01    6.4906E-02   -1.6191E-02    1.1834E-01   -6.3195E-03    2.7940E-01    1.8481E+00  
  7.3202E-01   -1.1838E+00    5.0161E+00    2.6651E-01   -5.1546E-01   -1.3975E-02   -2.0608E+00   -5.8493E-02    1.7015E-02    1.6702E-02   -1.0697E-02    3.8987E-02   -2.1566E-02    1.0332E-02    5.9920E-03    4.8696E-02    1.7538E-01    5.7409E-02    9.1506E-02   -1.1329E-02    1.1386E-01   -7.5354E-03    2.6714E-01    1.8565E+00  
  5.6656E-01   -1.2832E+00    4.6342E+00    1.3131E-01   -4.1645E-01    1.6390E-01   -2.0931E+00    9.1275E-03    3.6993E-02    3.8912E-03    5.8831E-02    2.7013E-02    5.7305E-03   -7.3604E-04    8.8781E-03    2.0218E-02    1.9719E-01   -1.5820E-03    9.8054E-02   -3.2787E-03    1.1226E-01   -2.1151E-02    2.6204E-01    1.7059E+00  
  5.4511E-01   -1.3577E+00    4.1663E+00    9.8451E-03   -2.9626E-01    2.9499E-01   -2.0573E+00    7.8655E-02    4.7887E-02   -1.8483E-02    1.2429E-01    8.4926E-03    1.0652E-02   -1.1602E-02    6.6015E-03   -8.8658E-03    1.9020E-01   -5.8271E-02    8.5999E-02    4.8673E-03    1.1468E-01   -3.4523E-02    2.6970E-01    1.8425E+00  
  6.6850E-01   -1.4050E+00    3.6360E+00   -1.0043E-01   -1.7789E-01    3.7357E-01   -1.9576E+00    1.4253E-01    4.8641E-02   -4.6942E-02    1.7002E-01   -1.1736E-03   -3.9559E-03   -2.0824E-02   -7.5659E-04   -2.7702E-02    1.6337E-01   -1.0933E-01    5.5089E-02    9.9562E-03    1.1996E-01   -3.4877E-02    2.8516E-01    1.8524E+00  
  9.2276E-01   -1.4227E+00    3.0789E+00   -2.0628E-01   -8.5173E-02    4.0859E-01   -1.8066E+00    1.9667E-01    3.8737E-02   -7.7010E-02    1.8714E-01    9.6297E-03   -3.4879E-02   -2.8311E-02   -1.4173E-02   -3.3768E-02    1.3369E-01   -1.5272E-01    1.0041E-02    9.7801E-03    1.2779E-01   -2.1949E-02    3.0847E-01    1.9777E+00  
  1.2808E+00   -1.4085E+00    2.5253E+00   -3.1515E-01   -3.9914E-02    4.2552E-01   -1.6204E+00    2.3981E-01    2.0800E-02   -1.0425E-01    1.7014E-01    4.5440E-02   -7.4064E-02   -3.2147E-02   -3.6991E-02   -3.0054E-02    1.1614E-01   -1.8709E-01   -4.6721E-02   -6.5416E-04    1.3764E-01   -1.3958E-03    3.3717E-01    2.0934E+00  
  6.8810E+00   -1.0677E+01   -9.3817E+00   -4.3277E-01   -6.4816E-02    4.6358E-01   -1.4158E+00    2.7051E-01   -1.6049E-03   -1.2742E-01    1.2085E-01    1.0066E-01   -1.1094E-01   -2.6271E-02   -7.4445E-02   -2.3845E-02    1.1502E-01   -2.0626E-01   -1.1314E-01   -2.5550E-02    1.4645E-01    2.2243E-02    3.7104E-01    2.2784E+00  
  6.1225E+00   -9.2140E+00   -1.2111E+01   -5.6462E-01   -1.8260E-01    5.7576E-01   -1.2035E+00    2.9268E-01   -2.9680E-02   -1.5882E-01    4.5299E-02    1.6223E-01   -1.3834E-01   -1.8124E-03   -1.2757E-01   -1.6106E-02    1.3477E-01   -2.1107E-01   -1.8219E-01   -5.7944E-02    1.4587E-01    4.2241E-02    4.0918E-01    2.5121E+00  
  5.3282E+00   -7.4303E+00   -1.3294E+01   -6.3355E-01   -3.4832E-01    7.4646E-01   -8.9371E-01    3.4302E-01   -1.2003E-01   -2.8838E-01   -1.5114E-02    1.5723E-01   -1.0466E-01    6.3443E-02   -2.5258E-01    5.3072E-03    2.0900E-01   -2.4012E-01   -2.6967E-01   -5.8294E-02    1.3363E-01    5.6289E-02    4.5838E-01    2.6819E+00  
 -8.1994E-01    6.5832E+00   -6.6835E+00   -1.4499E+00    2.9520E+00    1.6341E+00    5.4829E-01   -1.0741E+00   -2.8115E-01    1.1506E+00   -6.0822E-01    6.8538E-01    8.4576E-01    2.5154E-01   -9.9028E-01   -1.3765E-01    5.1451E-01    1.0088E+00   -4.1550E-01   -2.7632E-02    7.0470E-02   -7.9574E-02    4.8999E-01    2.5010E+00  
 -6.9615E-02    9.2528E+00   -7.7443E+00    6.9415E-01    2.5482E-01   -3.4495E-01   -1.4640E+00   -1.9348E-01   -7.5103E-02   -3.1290E-01   -1.8448E-01   -1.7099E-01   -2.3237E-01    7.1797E-02   -1.8743E-01   -2.1453E-03    1.8801E-01    3.9846E-01   -1.3196E-01    3.4100E-02    1.8273E-01   -7.1858E-02    4.4448E-01    2.6514E+00  
 -1.4544E+00    1.2209E+01   -3.4229E+00    7.3349E-01   -1.8413E-01   -5.1403E-01   -1.5643E+00   -2.0773E-01   -1.0604E-01   -1.7635E-01   -1.4948E-01   -1.2002E-01   -2.4649E-01    7.9324E-02   -1.0009E-01    3.0859E-02    1.2774E-01    3.3808E-01   -4.3016E-02    1.6872E-03    1.7232E-01   -5.3194E-02    4.0682E-01    2.4623E+00  
 -2.3959E+00    1.4157E+01    3.6681E+00    6.7886E-01   -4.7014E-01   -4.9310E-01   -1.6833E+00   -2.0286E-01   -1.0161E-01   -6.5822E-02   -1.2501E-01   -5.0253E-02   -2.1635E-01    6.8748E-02   -4.3723E-02    5.1861E-02    1.0788E-01    2.7731E-01    3.0890E-02   -2.3693E-02    1.5288E-01   -3.6853E-02    3.7553E-01    2.3265E+00  
  1.8235E+00   -1.0894E+00    5.2374E+00    5.7101E-01   -6.2234E-01   -3.5481E-01   -1.8081E+00   -1.7444E-01   -7.1203E-02    5.2404E-03   -9.6705E-02    1.0000E-02   -1.6214E-01    5.0934E-02   -1.0590E-02    6.1595E-02    1.1453E-01    2.1196E-01    8.8401E-02   -3.3536E-02    1.3115E-01   -2.6424E-02    3.5195E-01    2.2039E+00  
  1.4667E+00   -1.2949E+00    5.1346E+00    4.3878E-01   -6.6427E-01   -1.5980E-01   -1.9190E+00   -1.2395E-01   -2.9533E-02    3.7892E-02   -5.9345E-02    4.5860E-02   -1.0086E-01    3.3283E-02    7.3783E-03    6.0863E-02    1.3497E-01    1.4115E-01    1.2884E-01   -2.9441E-02    1.1567E-01   -2.0281E-02    3.3632E-01    2.1417E+00  
  1.1993E+00   -1.4629E+00    4.8908E+00    3.0172E-01   -6.2213E-01    4.5283E-02   -1.9950E+00   -5.5840E-02    1.1785E-02    4.2029E-02   -1.1534E-02    5.3992E-02   -4.9646E-02    1.6135E-02    1.7025E-02    4.6439E-02    1.5918E-01    6.7746E-02    1.5230E-01   -1.8277E-02    1.0657E-01   -1.7367E-02    3.2797E-01    2.1059E+00  
  1.0489E+00   -1.5939E+00    4.5377E+00    1.7145E-01   -5.2425E-01    2.2307E-01   -2.0196E+00    2.2418E-02    4.5542E-02    2.6188E-02    4.0618E-02    4.2790E-02   -1.8872E-02   -4.9222E-04    2.0097E-02    2.3366E-02    1.7320E-01   -5.9774E-03    1.5710E-01   -4.0579E-03    1.0391E-01   -1.7673E-02    3.2712E-01    2.0600E+00  
  1.0269E+00   -1.6895E+00    4.1013E+00    4.8981E-02   -4.0036E-01    3.5433E-01   -1.9865E+00    1.0385E-01    6.8655E-02   -2.9268E-03    8.8158E-02    2.5031E-02   -1.0671E-02   -1.6750E-02    1.7245E-02   -7.8267E-04    1.7237E-01   -7.6661E-02    1.4169E-01    1.0412E-02    1.0773E-01   -1.7921E-02    3.3108E-01    2.1202E+00  
  1.1348E+00   -1.7484E+00    3.6052E+00   -6.9053E-02   -2.7872E-01    4.3390E-01   -1.8959E+00    1.8211E-01    7.9268E-02   -3.9969E-02    1.2071E-01    1.4060E-02   -2.6441E-02   -3.2821E-02    7.9617E-03   -1.8603E-02    1.5872E-01   -1.4105E-01    1.0855E-01    2.2216E-02    1.1811E-01   -1.3966E-02    3.4252E-01    2.1746E+00  
  1.3580E+00   -1.7664E+00    3.0854E+00   -1.8548E-01   -1.9067E-01    4.7025E-01   -1.7577E+00    2.5051E-01    7.7688E-02   -7.9016E-02    1.2900E-01    2.1309E-02   -6.0468E-02   -4.8491E-02   -9.4197E-03   -2.5784E-02    1.4300E-01   -1.9654E-01    6.0254E-02    2.7409E-02    1.3486E-01   -3.8398E-03    3.6149E-01    2.2607E+00  
  6.3099E+00   -1.6760E+01    1.0608E+00   -3.0720E-01   -1.6511E-01    4.8825E-01   -1.5866E+00    3.0548E-01    6.7020E-02   -1.1496E-01    1.0953E-01    5.0072E-02   -1.0297E-01   -6.2118E-02   -4.0508E-02   -2.7392E-02    1.3267E-01   -2.3828E-01   -2.2034E-03    1.8823E-02    1.5816E-01    1.0064E-02    3.8822E-01    2.4046E+00  
  6.1739E+00   -1.4428E+01   -6.2132E+00   -4.3914E-01   -2.3332E-01    5.2697E-01   -1.3934E+00    3.4758E-01    5.2289E-02   -1.5198E-01    6.1435E-02    9.5647E-02   -1.4376E-01   -6.6666E-02   -8.9594E-02   -2.3505E-02    1.3633E-01   -2.6332E-01   -7.4787E-02   -7.8439E-03    1.8148E-01    2.7784E-02    4.2271E-01    2.5651E+00  
  5.5848E+00   -1.0979E+01   -1.0345E+01   -5.8160E-01   -4.1936E-01    6.3491E-01   -1.1810E+00    3.8230E-01    3.0544E-02   -2.0877E-01   -7.4278E-03    1.4360E-01   -1.7049E-01   -5.3191E-02   -1.6317E-01   -1.5046E-02    1.6236E-01   -2.7543E-01   -1.5329E-01   -4.4730E-02    1.9516E-01    4.3964E-02    4.6319E-01    2.7678E+00  
  6.9901E+00   -7.7490E+00   -8.7074E+00    1.1266E+00    1.2662E+00   -6.6409E-01    8.9843E-01    1.2633E+00   -3.1731E-01   -1.8886E+00    2.1357E-01   -6.4878E-01    7.6337E-01   -2.0808E-01   -9.5014E-01    5.5499E-02    3.6973E-01   -8.1107E-01   -4.1677E-01    1.7678E-02    8.6212E-02    4.2248E-02    5.1024E-01    2.5672E+00  
 -7.4899E-01    1.2446E+01    3.3948E+00    6.1361E-01   -3.3320E-01   -5.0241E-01   -1.6773E+00   -1.9115E-01   -1.8975E-01   -6.0251E-02   -1.2811E-01   -2.8176E-02   -2.3652E-01    1.2026E-01   -3.6089E-02    3.2354E-02    1.4468E-01    3.2566E-01    1.1260E-01   -5.1919E-02    1.6787E-01   -4.3693E-02    4.3952E-01    2.6834E+00  
 -1.0102E+00    1.1800E+01    8.1059E+00    5.4338E-01   -5.7271E-01   -3.6470E-01   -1.7785E+00   -1.6133E-01   -1.3497E-01    2.8573E-02   -9.4793E-02    2.4473E-02   -1.9283E-01    8.4601E-02    5.7125E-03    4.5188E-02    1.3730E-01    2.4484E-01    1.6597E-01   -6.0823E-02    1.3323E-01   -3.3451E-02    4.1480E-01    2.5649E+00  
  1.6034E+00    3.1619E-02    6.3110E+00    4.3738E-01   -6.7720E-01   -1.7062E-01   -1.8667E+00   -1.0886E-01   -6.8806E-02    7.3886E-02   -6.0251E-02    5.6916E-02   -1.3615E-01    5.2055E-02    2.8586E-02    4.6275E-02    1.4428E-01    1.5941E-01    2.0290E-01   -5.0957E-02    1.0669E-01   -2.6856E-02    3.9935E-01    2.4687E+00  
  1.7268E+00   -1.6244E+00    4.7295E+00    3.1598E-01   -6.7888E-01    3.4362E-02   -1.9266E+00   -3.6195E-02   -4.4559E-03    8.3112E-02   -2.2735E-02    6.5935E-02   -8.4936E-02    2.3759E-02    3.8830E-02    3.7596E-02    1.5605E-01    7.1773E-02    2.2193E-01   -3.0525E-02    9.0662E-02   -2.0734E-02    3.9133E-01    2.3889E+00  
  1.5944E+00   -1.7882E+00    4.4178E+00    1.9318E-01   -6.1154E-01    2.1244E-01   -1.9429E+00    4.7967E-02    4.9401E-02    6.6401E-02    1.3558E-02    5.6694E-02   -5.2572E-02   -9.4521E-04    4.1608E-02    2.2862E-02    1.6436E-01   -1.3985E-02    2.2306E-01   -5.3529E-03    8.6122E-02   -1.3558E-02    3.9067E-01    2.3799E+00  
  1.5717E+00   -1.9042E+00    4.0240E+00    7.0652E-02   -5.1249E-01    3.4434E-01   -1.9103E+00    1.3671E-01    8.9012E-02    3.2157E-02    4.4339E-02    4.0560E-02   -4.3290E-02   -2.5169E-02    3.7855E-02    6.1584E-03    1.6658E-01   -9.6016E-02    2.0388E-01    2.0237E-02    9.1716E-02   -6.6519E-03    3.9462E-01    2.4338E+00  
  2.0149E+00   -3.4151E+00    4.9537E+00   -5.4502E-02   -4.1670E-01    4.2480E-01   -1.8273E+00    2.2351E-01    1.1333E-01   -1.2590E-02    6.2769E-02    2.9148E-02   -5.8701E-02   -5.1196E-02    2.6105E-02   -9.2054E-03    1.6145E-01   -1.7234E-01    1.6623E-01    4.2858E-02    1.0857E-01   -4.8466E-04    4.0564E-01    2.5344E+00  
  5.1232E+00   -1.4941E+01    6.2203E+00   -1.8220E-01   -3.6201E-01    4.6173E-01   -1.7017E+00    3.0119E-01    1.2503E-01   -6.0870E-02    6.2456E-02    3.2015E-02   -9.1479E-02   -7.9190E-02    2.3741E-03   -1.8696E-02    1.5499E-01   -2.3812E-01    1.1228E-01    5.5955E-02    1.3631E-01    7.9725E-03    4.2356E-01    2.6426E+00  
  5.4720E+00   -1.5217E+01    1.1569E+00   -3.1855E-01   -3.8483E-01    4.8031E-01   -1.5432E+00    3.6746E-01    1.2901E-01   -1.1010E-01    3.9424E-02    5.2382E-02   -1.3288E-01   -1.0685E-01   -3.8565E-02   -2.3548E-02    1.5230E-01   -2.8810E-01    4.4266E-02    5.0552E-02    1.7288E-01    1.8011E-02    4.5060E-01    2.7781E+00  
  6.9951E-01    1.0504E+01    3.3062E+00    4.7796E-01   -3.4223E-02   -6.3532E-01   -1.6705E+00   -1.4781E-01   -3.0303E-01   -2.9826E-02   -1.5518E-01   -1.8240E-02   -2.2230E-01    1.9225E-01   -1.5532E-02   -5.7042E-03    1.9425E-01    3.6739E-01    2.0498E-01   -9.1951E-02    1.7244E-01   -5.0077E-02    5.1660E-01    3.0533E+00  
  4.5231E-01    9.1801E+00    6.2446E+00    4.5371E-01   -3.9117E-01   -5.0292E-01   -1.7494E+00   -1.2061E-01   -2.1916E-01    7.1057E-02   -1.1602E-01    2.4684E-02   -1.9975E-01    1.3344E-01    3.9212E-02    1.1684E-02    1.7252E-01    2.6860E-01    2.5545E-01   -9.6117E-02    1.2691E-01   -4.0423E-02    4.8966E-01    2.8982E+00  
  6.8803E-01    5.5613E+00    1.1528E+01    3.8396E-01   -5.9220E-01   -3.1109E-01   -1.8164E+00   -6.7468E-02   -1.2660E-01    1.2815E-01   -8.0521E-02    5.5095E-02   -1.6019E-01    7.9336E-02    6.8528E-02    2.1055E-02    1.6637E-01    1.6940E-01    2.8620E-01   -8.1074E-02    8.9804E-02   -3.0249E-02    4.7208E-01    2.8730E+00  
  1.2973E+00    2.1654E+00    1.5190E+01    2.8592E-01   -6.7156E-01   -1.0792E-01   -1.8596E+00    4.4146E-03   -3.4900E-02    1.4491E-01   -5.1484E-02    6.6612E-02   -1.1740E-01    3.4760E-02    8.0956E-02    2.1751E-02    1.6758E-01    6.8957E-02    2.9974E-01   -4.8451E-02    6.5995E-02   -2.0830E-02    4.6276E-01    2.7467E+00  
  2.1502E+00   -1.8203E+00    1.5007E+01    1.7408E-01   -6.7014E-01    6.9715E-02   -1.8672E+00    9.0313E-02    4.3973E-02    1.3010E-01   -2.6118E-02    6.1090E-02   -8.8474E-02   -3.8691E-03    8.2908E-02    1.4288E-02    1.7109E-01   -2.8409E-02    2.9461E-01   -8.0771E-03    5.7743E-02   -1.1079E-02    4.6118E-01    2.7291E+00  
  3.0918E+00   -5.7407E+00    1.4601E+01    5.2927E-02   -6.3065E-01    2.0183E-01   -1.8327E+00    1.8216E-01    1.0619E-01    9.3357E-02   -7.9686E-03    4.7922E-02   -8.0421E-02   -4.0938E-02    7.6564E-02    3.0163E-03    1.7315E-01   -1.2089E-01    2.7005E-01    3.3976E-02    6.6034E-02   -2.7764E-03    4.6628E-01    2.8233E+00  
  3.9576E+00   -8.9436E+00    1.0390E+01   -7.6270E-02   -5.9628E-01    2.8235E-01   -1.7546E+00    2.7282E-01    1.5143E-01    4.2213E-02   -2.7225E-03    3.7482E-02   -9.4479E-02   -8.0708E-02    5.8955E-02   -6.6524E-03    1.7315E-01   -2.0702E-01    2.2580E-01    7.1157E-02    8.9411E-02    5.3535E-03    4.7863E-01    2.9569E+00  
  4.5859E+00   -1.2246E+01    4.7003E+00   -2.1294E-01   -6.0901E-01    3.1950E-01   -1.6378E+00    3.5872E-01    1.8492E-01   -1.7622E-02   -1.0263E-02    3.6308E-02   -1.2238E-01   -1.2582E-01    2.4679E-02   -1.3488E-02    1.7343E-01   -2.8141E-01    1.6505E-01    9.2969E-02    1.2665E-01    1.4815E-02    4.9832E-01    2.9985E+00  
  4.8217E+00   -1.3097E+01    1.5588E+00   -3.6270E-01   -7.1250E-01    3.3694E-01   -1.4868E+00    4.3515E-01    2.1282E-01   -8.8001E-02   -3.7081E-02    4.6853E-02   -1.5789E-01   -1.7246E-01   -3.0172E-02   -1.9213E-02    1.7792E-01   -3.4108E-01    8.9204E-02    9.3050E-02    1.7467E-01    2.2623E-02    5.2622E-01    3.1563E+00  
  3.4502E-02    6.2486E+00    4.2581E+00   -1.3388E+00    2.7153E+00   -1.3989E+00   -4.7378E-01   -1.3502E+00    9.2332E-01    7.5669E-01   -5.1257E-01   -1.0586E-01    9.6890E-01    9.5714E-01    3.2545E-01   -2.0376E-01    4.1303E-01    7.6709E-01    7.2742E-01    2.2388E-02    1.3136E-01   -4.9829E-02    6.3094E-01    3.3274E+00  
  1.6323E+00    7.6843E+00    4.9047E+00    2.1948E-01    5.8015E-03   -8.7681E-01   -1.6852E+00   -1.0896E-01   -2.6212E-01    1.4020E-01   -1.8948E-01   -2.2745E-02   -1.2482E-01    2.1490E-01    1.3218E-01   -5.4613E-02    2.3582E-01    2.8471E-01    3.9122E-01   -1.2781E-01    1.2034E-01   -3.8775E-02    5.8546E-01    3.4376E+00  
  1.7428E+00    5.6571E+00    9.0417E+00    2.5233E-01   -3.8646E-01   -6.4947E-01   -1.7646E+00    2.3074E-03   -1.9505E-01    2.1413E-01   -1.2808E-01    3.6083E-02   -1.5502E-01    1.2189E-01    1.3925E-01   -1.4236E-02    2.0469E-01    1.7344E-01    3.8453E-01   -1.1423E-01    6.6999E-02   -3.0716E-02    5.5796E-01    3.2773E+00  
  2.1190E+00    2.3088E+00    1.0991E+01    1.8359E-01   -5.8472E-01   -4.5135E-01   -1.7919E+00    7.2031E-02   -7.2793E-02    2.3710E-01   -1.0038E-01    4.7938E-02   -1.3187E-01    5.0773E-02    1.5737E-01   -7.6062E-03    1.9568E-01    5.8640E-02    3.9070E-01   -6.8048E-02    3.6808E-02   -2.0738E-02    5.4812E-01    3.2049E+00  
  2.6651E+00   -1.6267E+00    1.1110E+01    8.8182E-02   -6.8883E-01   -2.7703E-01   -1.7894E+00    1.5518E-01    3.6743E-02    2.2525E-01   -8.3572E-02    4.6143E-02   -1.1290E-01   -1.0380E-02    1.5872E-01   -7.5275E-03    1.9298E-01   -5.1245E-02    3.7779E-01   -1.1699E-02    2.6370E-02   -1.1907E-02    5.4662E-01    3.1832E+00  
  3.2782E+00   -5.4829E+00    1.0532E+01   -2.7092E-02   -7.5098E-01   -1.4706E-01   -1.7512E+00    2.4606E-01    1.2869E-01    1.8659E-01   -7.5967E-02    3.6000E-02   -1.0988E-01   -6.8352E-02    1.4660E-01   -1.2543E-02    1.9366E-01   -1.5522E-01    3.4473E-01    4.7636E-02    3.5612E-02   -4.5629E-03    5.5211E-01    3.2961E+00  
  3.8487E+00   -8.5913E+00    8.1874E+00   -1.5742E-01   -8.1666E-01   -6.7267E-02   -1.6731E+00    3.4124E-01    2.0601E-01    1.2723E-01   -7.6981E-02    2.5266E-02   -1.2039E-01   -1.3036E-01    1.1796E-01   -1.8387E-02    1.9733E-01   -2.5182E-01    2.9309E-01    1.0104E-01    6.4538E-02    3.5484E-03    5.6486E-01    3.3800E+00  
  4.2391E+00   -1.0215E+01    3.7959E+00   -2.5394E-01   -8.9181E-01   -2.2502E-03   -1.5332E+00    4.8007E-01    3.1277E-01    5.3326E-02   -7.1371E-02    4.2631E-02   -1.0620E-01   -2.0829E-01    8.8125E-02   -1.9943E-03    2.1389E-01   -3.3557E-01    2.4869E-01    1.2867E-01    1.1009E-01    1.1195E-02    5.9409E-01    3.5473E+00  
  5.9942E+00   -8.4520E+00    3.0219E+00    9.0647E-01    9.3771E-01    2.5651E-01   -3.2666E-01    1.5903E+00    1.5735E+00   -8.3432E-01    9.9025E-02    1.7002E-02    8.4712E-01   -9.6422E-01    2.3695E-01    4.9735E-02    3.2753E-01   -7.7360E-01    5.1400E-01   -3.9482E-02    1.0581E-01    1.2635E-02    6.4344E-01    3.3845E+00  
