 2.9653E+000   1.3075E+000   1.0468E+000  -2.4546E-001  -3.6133E-001   2.3383E+000  -8.5178E-002  -9.3784E-002  -2.5638E-001  -2.5343E-003  -2.2112E-001  -1.6174E-001  -9.7143E-002   2.4254E-002  -6.9223E-002   8.5186E-002   4.5379E-002   1.3168E-002   1.0989E-001  -1.5905E-002   1.2124E-002  -1.7889E-002   2.6756E-002   1.5951E-001  
 2.9045E+000   1.4239E+000   9.1693E-001  -4.6922E-002   1.4222E-001   2.4795E+000  -9.2635E-002  -1.5624E-001  -2.6262E-001  -1.0519E-001  -1.4147E-001  -1.1451E-001  -3.0210E-002  -6.8992E-003  -2.9694E-002   3.1640E-002   1.5113E-002   3.7196E-002   7.6901E-002  -3.1959E-003   9.1250E-003  -1.4026E-002   3.5989E-002   1.9506E-001  
 2.7467E+000   1.5927E+000   7.8566E-001   2.1660E-002   3.8399E-001   2.5732E+000  -6.5556E-002  -1.5045E-001  -1.7982E-001  -1.7849E-001  -1.0972E-001  -9.2072E-002  -2.0571E-002  -1.3034E-002  -1.4104E-002   1.6218E-002   7.2346E-003   5.0058E-002   4.6850E-002   1.1347E-003   4.5977E-003  -1.3137E-002   3.6875E-002   1.8740E-001  
 2.6288E+000   1.6871E+000   5.9717E-001   5.1283E-002   5.1990E-001   2.6396E+000  -4.0106E-002  -1.4036E-001  -8.1979E-002  -2.1598E-001  -9.4027E-002  -8.3324E-002  -2.8343E-002  -1.6544E-002  -5.7181E-003   1.0503E-002   4.9706E-003   5.8566E-002   2.1721E-002   3.7414E-003   3.0824E-003  -1.2847E-002   3.7016E-002   1.5108E-001  
 2.5764E+000   1.7081E+000   3.9254E-001   6.0331E-002   6.0578E-001   2.6671E+000  -1.7799E-002  -1.3886E-001   1.6152E-002  -2.2489E-001  -8.8305E-002  -8.2381E-002  -4.0493E-002  -1.6818E-002   2.9984E-003   9.1497E-003   4.1674E-003   6.0416E-002  -3.4739E-003   4.9032E-003   2.8567E-004  -1.2979E-002   3.6909E-002   1.5899E-001  
 2.5944E+000   1.6573E+000   1.9011E-001   5.1484E-002   6.9053E-001   2.6489E+000   5.4543E-003  -1.4550E-001   1.1344E-001  -2.0644E-001  -9.2043E-002  -8.9487E-002  -5.1985E-002  -1.4302E-002   1.1246E-002   1.1835E-002   3.0923E-003   5.6022E-002  -2.8196E-002   4.2640E-003  -2.8201E-003  -1.3175E-002   3.6678E-002   1.7391E-001  
 2.6792E+000   1.5317E+000   1.7504E-002   2.2294E-002   8.2284E-001   2.5916E+000   3.3818E-002  -1.6082E-001   2.0893E-001  -1.5974E-001  -1.0558E-001  -1.0378E-001  -5.8077E-002  -9.1075E-003   1.8256E-002   1.8526E-002   1.7952E-004   4.5285E-002  -5.1881E-002   2.0795E-003  -5.2191E-003  -1.3570E-002   3.6344E-002   1.7580E-001  
 2.8094E+000   1.3443E+000  -9.3178E-002  -4.2521E-002   1.0561E+000   2.5087E+000   6.7017E-002  -1.7539E-001   2.9059E-001  -7.9130E-002  -1.3367E-001  -1.2860E-001  -4.7918E-002  -2.0774E-003   3.0322E-002   3.3068E-002  -8.1084E-003   3.0078E-002  -7.8227E-002  -1.9051E-003  -1.0679E-002  -1.4613E-002   3.5455E-002   2.1098E-001  
 2.8667E+000   1.1817E+000  -1.7614E-001  -2.2702E-001   1.5290E+000   2.3887E+000   7.4294E-002  -1.2828E-001   2.9833E-001   2.8855E-002  -2.0637E-001  -1.7856E-001   1.4467E-002   2.6404E-002   5.6726E-002   8.3676E-002  -3.5079E-002   7.3920E-003  -1.0765E-001  -1.2043E-002  -1.0131E-002  -1.8251E-002   2.6299E-002   1.9145E-001  
 2.7690E+000   1.4639E+000   1.2253E+000   3.9852E-002   2.5085E-001   2.7732E+000  -1.1163E-001  -1.2477E-001  -2.3968E-001   4.3466E-002  -1.0371E-001  -1.0409E-001  -7.2630E-004   5.4927E-003  -1.5145E-002   1.2523E-002   8.8118E-003  -4.1096E-003   6.2724E-002  -5.0543E-003  -6.7688E-005  -1.3284E-002   3.3891E-002   1.5678E-001  
 2.5040E+000   1.6704E+000   1.1212E+000   1.0061E-001   4.8643E-001   2.8407E+000  -7.7278E-002  -1.0256E-001  -1.8530E-001  -4.0738E-002  -6.9692E-002  -8.7634E-002   4.5915E-003  -2.1176E-003  -1.2414E-002   3.2486E-005   1.6818E-003   1.5346E-002   4.7767E-002  -2.8216E-003   1.5984E-003  -1.1898E-002   3.4677E-002   1.4258E-001  
 2.2834E+000   1.8042E+000   9.1326E-001   1.3272E-001   5.9753E-001   2.9266E+000  -5.3499E-002  -8.8629E-002  -1.2331E-001  -9.6850E-002  -4.6676E-002  -7.3087E-002  -2.8646E-003  -6.8531E-003  -7.5630E-003  -8.7285E-003  -1.3399E-004   2.7692E-002   3.0946E-002  -2.0600E-004   1.7425E-003  -1.0878E-002   3.5431E-002   1.3831E-001  
 2.1313E+000   1.8863E+000   6.5636E-001   1.4721E-001   6.2324E-001   2.9952E+000  -3.5648E-002  -8.1660E-002  -5.6185E-002  -1.2792E-001  -3.3115E-002  -6.4247E-002  -1.9068E-002  -8.6464E-003  -2.3386E-003  -1.3668E-002   1.5815E-003   3.3934E-002   1.3735E-002   1.4203E-003   8.0385E-004  -1.0480E-002   3.5914E-002   1.5481E-001  
 2.0663E+000   1.9046E+000   3.8134E-001   1.5121E-001   6.0507E-001   3.0235E+000  -2.0239E-002  -8.0906E-002   1.2475E-002  -1.3512E-001  -2.8114E-002  -6.3371E-002  -3.9024E-002  -8.4893E-003   2.2647E-003  -1.4640E-002   4.7672E-003   3.5065E-002  -2.9751E-003   1.9644E-003  -2.3461E-004  -1.0553E-002   3.5953E-002   1.5784E-001  
 2.0935E+000   1.8704E+000   1.0484E-001   1.4738E-001   5.8592E-001   3.0046E+000  -3.8358E-003  -8.6230E-002   8.0360E-002  -1.1954E-001  -3.1030E-002  -7.0610E-002  -5.8285E-002  -6.9944E-003   6.4143E-003  -1.2178E-002   7.5651E-003   3.1509E-002  -1.9212E-002   1.7385E-003  -1.4579E-003  -1.0927E-002   3.5598E-002   1.6659E-001  
 2.2087E+000   1.7688E+000  -1.3464E-001   1.3288E-001   6.0866E-001   2.9449E+000   1.6920E-002  -9.7684E-002   1.4512E-001  -8.0333E-002  -4.2527E-002  -8.5265E-002  -7.2484E-002  -3.9815E-003   1.0420E-002  -5.9632E-003   8.2249E-003   2.3230E-002  -3.5180E-002   3.8760E-004  -2.9898E-003  -1.1698E-002   3.4717E-002   1.7932E-001  
 2.3952E+000   1.6075E+000  -3.1422E-001   1.0081E-001   7.1462E-001   2.8671E+000   4.5449E-002  -1.1606E-001   2.0360E-001  -1.6778E-002  -6.3380E-002  -1.0437E-001  -7.7231E-002   1.0486E-003   1.3356E-002   3.4870E-003   4.9520E-003   9.4541E-003  -5.0040E-002  -1.8906E-003  -3.6733E-003  -1.2786E-002   3.3637E-002   1.8240E-001  
 2.6302E+000   1.3709E+000  -3.9896E-001   3.9942E-002   9.4299E-001   2.8064E+000   8.6194E-002  -1.4245E-001   2.5361E-001   7.3948E-002  -9.5448E-002  -1.2413E-001  -6.8703E-002   8.0976E-003   1.3685E-002   1.6420E-002  -3.8952E-003  -1.0751E-002  -6.2694E-002  -3.8597E-003  -2.7319E-003  -1.4213E-002   3.2218E-002   1.6277E-001  
 2.3828E+000   1.5698E+000   1.4431E+000   1.3407E-001   5.6493E-001   2.9183E+000  -8.8794E-002  -7.5775E-002  -1.4604E-001   6.8420E-002  -5.0385E-002  -1.0358E-001   2.0975E-002   4.6034E-003  -8.0863E-003  -5.1531E-003  -3.7147E-003  -1.1348E-002   3.8424E-002  -3.4590E-003  -2.3457E-003  -1.1522E-002   3.2058E-002   1.5778E-001  
 2.0517E+000   1.7324E+000   1.2653E+000   1.6415E-001   7.0036E-001   2.9873E+000  -6.1932E-002  -5.9154E-002  -1.1745E-001   5.6592E-004  -2.1349E-002  -8.7586E-002   1.8447E-002  -7.9592E-004  -6.3869E-003  -1.4340E-002  -7.1409E-003   4.2398E-003   2.9409E-002  -1.7094E-003  -1.0810E-003  -1.0891E-002   3.2628E-002   1.5343E-001  
 1.7736E+000   1.7938E+000   1.1091E+000   1.7283E-001   7.2880E-001   3.0741E+000  -4.4354E-002  -4.8268E-002  -7.9186E-002  -4.4332E-002  -2.5019E-003  -7.4227E-002   4.8962E-003  -3.6202E-003  -3.9117E-003  -1.9677E-002  -5.1880E-003   1.4028E-002   1.9466E-002  -5.9883E-004  -5.3861E-004  -1.1512E-002   3.2501E-002   1.5669E-001  
 1.5989E+000   1.8659E+000   8.0713E-001   1.7325E-001   6.8450E-001   3.1435E+000  -3.2303E-002  -4.3044E-002  -3.5831E-002  -6.8817E-002   8.7738E-003  -6.6259E-002  -1.4861E-002  -4.7242E-003  -9.9105E-004  -2.2532E-002  -3.7282E-004   1.9045E-002   8.5638E-003   9.0828E-005  -5.1650E-004  -1.2088E-002   3.2394E-002   1.5846E-001  
 1.5308E+000   1.8932E+000   4.5661E-001   1.7265E-001   6.0334E-001   3.1721E+000  -2.2311E-002  -4.2732E-002   9.2926E-003  -7.4303E-002   1.3111E-002  -6.5685E-002  -3.7229E-002  -4.5885E-003   1.4760E-003  -2.2919E-002   5.5166E-003   1.9892E-002  -2.1927E-003   2.3625E-004  -4.5436E-004  -1.2569E-002   3.2264E-002   1.6745E-001  
 1.5733E+000   1.8726E+000   1.0392E-001   1.7353E-001   5.2133E-001   3.1529E+000  -1.1314E-002  -4.7017E-002   5.3649E-002  -6.1666E-002   1.0969E-002  -7.2785E-002  -5.8890E-002  -3.7112E-003   3.6039E-003  -2.0995E-002   1.0847E-002   1.6958E-002  -1.2567E-002   2.5894E-004  -5.1662E-004  -1.2704E-002   3.2000E-002   1.6927E-001  
 1.7182E+000   1.7999E+000  -2.2589E-001   1.7310E-001   4.7448E-001   3.0925E+000   3.7570E-003  -5.6109E-002   9.4789E-002  -3.0256E-002   1.7930E-003  -8.6649E-002  -7.6700E-002  -1.9007E-003   5.4435E-003  -1.6809E-002   1.4214E-002   1.0166E-002  -2.2322E-002  -2.7365E-004  -8.1438E-004  -1.2672E-002   3.1529E-002   1.8053E-001  
 1.9334E+000   1.6740E+000  -4.8817E-001   1.6399E-001   4.9862E-001   3.0137E+000   2.6187E-002  -7.0652E-002   1.2960E-001   2.0953E-002  -1.5078E-002  -1.0467E-001  -8.7459E-002   1.0179E-003   6.3030E-003  -1.0537E-002   1.4210E-002  -8.4145E-004  -3.0563E-002  -1.3098E-003  -7.4488E-004  -1.2469E-002   3.0979E-002   1.8201E-001  
 2.2311E+000   1.4901E+000  -6.4750E-001   1.3332E-001   6.2786E-001   2.9515E+000   5.9569E-002  -9.0797E-002   1.5399E-001   9.4260E-002  -4.2216E-002  -1.2381E-001  -8.6942E-002   5.6909E-003   5.9862E-003  -9.3341E-004   8.6739E-003  -1.7077E-002  -3.7479E-002  -2.9192E-003   8.3759E-005  -1.3148E-002   2.9792E-002   1.9209E-001  
 3.1244E+000   8.0700E-001   1.5760E+000  -1.8385E-001  -3.0670E-001   3.4304E+000  -1.7415E-001  -7.4758E-002   1.4646E-002   3.2086E-001  -1.9949E-001  -9.8393E-002  -7.6464E-002   2.3097E-002   2.5762E-002   4.4258E-002   6.5283E-002  -9.2092E-002   1.0456E-002   2.4895E-003  -6.3015E-003  -1.7249E-002   2.3421E-002   1.7432E-001  
 2.8378E+000   1.0627E+000   1.7359E+000   5.4369E-002   2.4512E-001   3.0562E+000  -1.6162E-001  -8.5489E-002  -4.0267E-002   2.4648E-001  -9.9241E-002  -1.3173E-001   3.2853E-003   1.2899E-002   1.0862E-003   8.8803E-003   1.0923E-002  -5.3044E-002   1.7960E-002  -9.8491E-004  -5.6271E-003  -1.3063E-002   2.8161E-002   1.7216E-001  
 2.4189E+000   1.3043E+000   1.7609E+000   1.4010E-001   5.6139E-001   2.9295E+000  -1.0668E-001  -6.1342E-002  -6.8481E-002   1.4804E-001  -4.8882E-002  -1.2744E-001   2.2569E-002   7.9279E-003  -3.1102E-003  -3.1722E-003  -5.2315E-003  -3.0103E-002   2.1840E-002  -1.3603E-003  -4.3525E-003  -1.1992E-002   2.8510E-002   1.6080E-001  
 1.9905E+000   1.4845E+000   1.6217E+000   1.7493E-001   7.4251E-001   2.9311E+000  -7.1615E-002  -4.3680E-002  -7.4607E-002   7.4006E-002  -1.2819E-002  -1.1411E-001   2.7193E-002   3.1104E-003  -4.6333E-003  -1.2056E-002  -1.2414E-002  -1.2691E-002   2.1028E-002  -1.0830E-003  -2.6080E-003  -1.1936E-002   2.8773E-002   1.5251E-001  
 1.5737E+000   1.5252E+000   1.5221E+000   1.7853E-001   8.0936E-001   3.0006E+000  -5.0344E-002  -3.1521E-002  -6.5190E-002   2.1217E-002   1.1858E-002  -9.8436E-002   2.0269E-002  -1.6692E-004  -3.8921E-003  -1.7853E-002  -1.2642E-002  -8.6661E-004   1.7298E-002  -5.1959E-004  -1.7907E-003  -1.3041E-002   2.8510E-002   1.6105E-001  
 1.2683E+000   1.6219E+000   1.2176E+000   1.6817E-001   7.8929E-001   3.0882E+000  -3.7697E-002  -2.3758E-002  -4.5576E-002  -1.3364E-002   2.7794E-002  -8.5431E-002   5.3471E-003  -1.9156E-003  -2.4354E-003  -2.0856E-002  -8.1559E-003   6.6194E-003   1.2087E-002  -3.1817E-004  -1.3418E-003  -1.4961E-002   2.7607E-002   1.4677E-001  
 1.0662E+000   1.6793E+000   8.5215E-001   1.5695E-001   7.0986E-001   3.1579E+000  -2.9997E-002  -2.0095E-002  -2.0462E-002  -3.1911E-002   3.7408E-002  -7.7938E-002  -1.3961E-002  -2.7515E-003  -7.6155E-004  -2.2281E-002  -1.2936E-003   1.0643E-002   5.5888E-003  -2.2610E-004  -8.8047E-004  -1.6370E-002   2.6991E-002   1.4442E-001  
 9.8846E-001   1.6996E+000   4.5952E-001   1.5260E-001   6.0080E-001   3.1867E+000  -2.4088E-002  -2.0076E-002   6.5410E-003  -3.5880E-002   4.1270E-002  -7.7549E-002  -3.4907E-002  -2.8629E-003   8.3529E-004  -2.2280E-002   6.2707E-003   1.1406E-002  -1.3655E-003  -1.5558E-004  -4.9489E-004  -1.7103E-002   2.6679E-002   1.4568E-001  
 1.0400E+000   1.6845E+000   6.4744E-002   1.5745E-001   4.9101E-001   3.1673E+000  -1.7116E-002  -2.3406E-002   3.2830E-002  -2.6084E-002   3.9679E-002  -8.4528E-002  -5.5290E-002  -2.3292E-003   2.1553E-003  -2.0900E-002   1.3161E-002   9.0261E-003  -7.9577E-003  -1.2483E-004  -1.8549E-004  -1.7124E-002   2.6564E-002   1.6001E-001  
 1.2158E+000   1.6323E+000  -3.0724E-001   1.6877E-001   4.0938E-001   3.1066E+000  -6.2760E-003  -3.0298E-002   5.5844E-002  -1.9149E-003   3.2256E-002  -9.7939E-002  -7.2944E-002  -1.2643E-003   3.0230E-003  -1.8290E-002   1.8227E-002   3.5755E-003  -1.3457E-002  -1.8289E-004   6.9812E-005  -1.6358E-002   2.6539E-002   1.6724E-001  
 1.4955E+000   1.5409E+000  -6.2249E-001   1.7859E-001   3.8569E-001   3.0271E+000   1.1383E-002  -4.1137E-002   7.2178E-002   3.7781E-002   1.8314E-002  -1.1551E-001  -8.5401E-002   3.2109E-004   3.2134E-003  -1.4471E-002   2.0308E-002  -4.9364E-003  -1.7181E-002  -4.3143E-004   2.4233E-004  -1.4936E-002   2.6601E-002   1.7706E-001  
 1.8273E+000   1.4087E+000  -8.4183E-001   1.7396E-001   4.4740E-001   2.9645E+000   3.9280E-002  -5.6155E-002   7.7475E-002   9.4958E-002  -4.5893E-003  -1.3420E-001  -8.9548E-002   2.8095E-003   2.4345E-003  -8.2767E-003   1.7504E-002  -1.7337E-002  -1.9190E-002  -1.0305E-003   8.0731E-004  -1.4015E-002   2.6069E-002   1.8105E-001  
 2.2247E+000   1.2067E+000  -9.3007E-001   1.3793E-001   6.2181E-001   2.9681E+000   8.2410E-002  -7.6485E-002   6.6748E-002   1.7262E-001  -3.9155E-002  -1.4908E-001  -8.2245E-002   6.2610E-003  -6.0454E-004   6.1321E-004   8.0326E-003  -3.4842E-002  -1.8313E-002  -1.3178E-003   2.3850E-003  -1.3825E-002   2.5263E-002   1.8631E-001  
 2.6205E+000   9.4767E-001  -8.2448E-001   5.1532E-002   9.2968E-001   3.0978E+000   1.4670E-001  -1.0334E-001   3.3952E-002   2.7408E-001  -8.8101E-002  -1.5374E-001  -6.0948E-002   9.4736E-003  -6.1163E-003   1.2143E-002  -9.5985E-003  -5.7285E-002  -1.2913E-002  -1.0259E-003   3.6447E-003  -1.4317E-002   2.4863E-002   1.8534E-001  
 2.9316E+000   6.6724E-001  -5.3357E-001  -1.6549E-001   1.4347E+000   3.4478E+000   1.8812E-001  -1.0498E-001  -2.7965E-002   3.8033E-001  -1.8096E-001  -1.2637E-001   1.0970E-002   1.1996E-002  -1.8488E-002   4.3889E-002  -5.9690E-002  -9.1900E-002  -4.2714E-003  -4.9793E-004   1.4910E-003  -1.8391E-002   1.9620E-002   1.5777E-001  
 3.0443E+000   7.2446E-001   1.7669E+000  -7.1641E-003   1.4033E-001   3.3300E+000  -2.1263E-001  -7.5284E-002   1.1870E-001   2.8496E-001  -1.2808E-001  -1.3258E-001  -1.5889E-002   9.1167E-003   9.1326E-003   1.2547E-002   2.4509E-002  -6.3544E-002  -1.6285E-002   2.2964E-003  -3.8524E-003  -1.3458E-002   2.5854E-002   1.8666E-001  
 2.6071E+000   9.5392E-001   1.9703E+000   1.1921E-001   4.7663E-001   3.0016E+000  -1.3821E-001  -5.3457E-002   4.2350E-002   1.9199E-001  -6.4712E-002  -1.4564E-001   1.0009E-002   7.7239E-003   2.3935E-003   1.5279E-003  -6.0165E-005  -4.1048E-002  -1.7045E-003   1.6208E-003  -3.5833E-003  -1.2540E-002   2.4904E-002   1.5959E-001  
 2.1247E+000   1.1302E+000   1.9397E+000   1.7504E-001   6.9302E-001   2.8727E+000  -8.9653E-002  -3.6685E-002  -1.9201E-003   1.2005E-001  -1.9171E-002  -1.4139E-001   2.1772E-002   5.2435E-003  -1.8117E-003  -6.7277E-003  -1.3581E-002  -2.3506E-002   6.5283E-003   5.1902E-004  -2.5483E-003  -1.2365E-002   2.4865E-002   1.4610E-001  
 1.5914E+000   1.1661E+000   1.8741E+000   1.8360E-001   8.0560E-001   2.8737E+000  -5.9449E-002  -2.4320E-002  -2.3023E-002   6.5437E-002   1.2495E-002  -1.2781E-001   2.2062E-002   2.6254E-003  -3.2258E-003  -1.2113E-002  -1.7828E-002  -1.1024E-002   9.8287E-003   1.0641E-004  -1.7359E-003  -1.4062E-002   2.4163E-002   1.3243E-001  
 1.1618E+000   1.2660E+000   1.6222E+000   1.6642E-001   8.3124E-001   2.9431E+000  -4.2210E-002  -1.5875E-002  -2.7546E-002   2.6659E-002   3.3740E-002  -1.1209E-001   1.4085E-002   7.2170E-004  -2.8487E-003  -1.5250E-002  -1.5681E-002  -2.7371E-003   9.8805E-003  -8.1526E-005  -1.4432E-003  -1.6739E-002   2.2923E-002   1.2525E-001  
 8.1928E-001   1.3342E+000   1.2822E+000   1.4148E-001   7.9112E-001   3.0310E+000  -3.3263E-002  -1.0917E-002  -2.1682E-002   1.6110E-003   4.8005E-002  -9.9006E-002   1.1766E-003  -6.2198E-004  -1.8698E-003  -1.7330E-002  -9.9495E-003   2.7277E-003   7.5582E-003  -1.8119E-004  -1.1637E-003  -1.8794E-002   2.2185E-002   1.1887E-001  
 5.9392E-001   1.3745E+000   8.8453E-001   1.2134E-001   7.0562E-001   3.1011E+000  -2.8701E-002  -8.7943E-003  -9.8315E-003  -1.1746E-002   5.6728E-002  -9.1404E-002  -1.4834E-002  -1.4202E-003  -6.9922E-004  -1.8287E-002  -1.8601E-003   5.7333E-003   3.7414E-003  -2.0711E-004  -8.1703E-004  -2.0233E-002   2.1781E-002   1.1247E-001  
 5.0814E-001   1.3888E+000   4.6168E-001   1.1406E-001   5.9762E-001   3.1300E+000  -2.5527E-002  -9.0335E-003   4.3131E-003  -1.4529E-002   6.0343E-002  -9.0990E-002  -3.2070E-002  -1.6625E-003   4.2026E-004  -1.8254E-002   6.8896E-003   6.3360E-003  -6.7224E-004  -1.9000E-004  -4.7714E-004  -2.1064E-002   2.1570E-002   1.1486E-001  
 5.6706E-001   1.3782E+000   3.6697E-002   1.2201E-001   4.8902E-001   3.1105E+000  -2.1267E-002  -1.1376E-002   1.7779E-002  -7.3239E-003   5.9030E-002  -9.7956E-002  -4.8941E-002  -1.4175E-003   1.3461E-003  -1.7292E-002   1.4902E-002   4.6145E-003  -4.7673E-003  -1.4923E-004  -1.9271E-004  -2.1132E-002   2.1416E-002   1.2407E-001  
 7.6565E-001   1.3416E+000  -3.6747E-001   1.4238E-001   4.0168E-001   3.0495E+000  -1.3454E-002  -1.6067E-002   2.7624E-002   1.0307E-002   5.2558E-002  -1.1147E-001  -6.3832E-002  -8.0614E-004   1.9530E-003  -1.5417E-002   2.0911E-002   6.3617E-004  -7.6824E-003  -1.0389E-004   2.6508E-005  -2.0362E-002   2.1207E-002   1.3484E-001  
 1.0819E+000   1.2772E+000  -7.1822E-001   1.6675E-001   3.5851E-001   2.9698E+000   6.3791E-004  -2.3453E-002   3.0365E-002   3.9287E-002   4.0350E-002  -1.2909E-001  -7.4935E-002   4.1530E-005   2.0626E-003  -1.2732E-002   2.3879E-002  -5.5624E-003  -8.7023E-003  -3.0889E-005   1.3461E-004  -1.8759E-002   2.0986E-002   1.4546E-001  
 1.4858E+000   1.1812E+000  -9.8530E-001   1.8257E-001   3.7992E-001   2.9072E+000   2.4676E-002  -3.4161E-002   2.1863E-002   8.1482E-002   2.0746E-002  -1.4772E-001  -8.0724E-002   1.0202E-003   1.3536E-003  -9.2578E-003   2.3104E-002  -1.4256E-002  -7.1944E-003   9.8491E-005   2.8075E-004  -1.6380E-002   2.1159E-002   1.5217E-001  
 1.9181E+000   1.0517E+000  -1.1241E+000   1.7229E-001   4.8697E-001   2.9114E+000   6.3017E-002  -4.8596E-002  -3.6898E-003   1.3891E-001  -9.5854E-003  -1.6271E-001  -7.8368E-002   2.2528E-003  -1.0487E-003  -3.8048E-003   1.6255E-002  -2.6847E-002  -2.5123E-003   5.0272E-004   1.0493E-003  -1.4553E-002   2.1220E-002   1.5478E-001  
 2.3752E+000   8.6215E-001  -1.0739E+000   1.1493E-001   6.9654E-001   3.0433E+000   1.2074E-001  -6.7376E-002  -5.2417E-002   2.1323E-001  -5.4024E-002  -1.6717E-001  -6.4993E-002   3.0746E-003  -6.0001E-003   4.1914E-003   8.3292E-004  -4.4054E-002   6.9076E-003   1.4819E-003   2.0598E-003  -1.4246E-002   2.1101E-002   1.5728E-001  
 2.7978E+000   6.2012E-001  -7.7438E-001  -1.0480E-002   1.0232E+000   3.3703E+000   2.0720E-001  -9.2134E-002  -1.3411E-001   3.0991E-001  -1.1563E-001  -1.5463E-001  -3.9175E-002   3.2879E-003  -1.1965E-002   1.4294E-002  -2.4301E-002  -6.4822E-002   2.2095E-002   9.3126E-004   2.7534E-003  -1.4704E-002   2.1839E-002   1.8725E-001  
 2.9070E+000   5.7617E-001   1.9815E+000   5.3945E-002   3.6931E-001   3.2570E+000  -1.9371E-001  -4.5858E-002   1.8661E-001   1.9229E-001  -1.0022E-001  -1.4664E-001  -1.0882E-002   2.9208E-003   6.5191E-003   5.7928E-003   1.4302E-002  -4.2076E-002  -3.2186E-002   3.2746E-003  -1.6649E-004  -1.3011E-002   2.2425E-002   1.4788E-001  
 2.4194E+000   7.3149E-001   2.1428E+000   1.5434E-001   5.8389E-001   2.9261E+000  -1.2281E-001  -3.1609E-002   9.8318E-002   1.3073E-001  -4.1728E-002  -1.5870E-001   4.3441E-003   4.4652E-003   1.8055E-003  -8.6796E-004  -7.3581E-003  -2.7347E-002  -1.4165E-002   2.2809E-003  -6.9861E-004  -1.2668E-002   2.1332E-002   1.4001E-001  
 1.8357E+000   7.8095E-001   2.1190E+000   1.8772E-001   7.1792E-001   2.7956E+000  -7.8086E-002  -2.0989E-002   4.3042E-002   8.3289E-002  -1.2040E-004  -1.5378E-001   1.0534E-002   4.2788E-003  -1.1220E-003  -5.5396E-003  -1.8254E-002  -1.6088E-002  -2.8351E-003   9.8005E-004  -9.5008E-004  -1.3951E-002   2.0249E-002   1.3908E-001  
 1.3017E+000   8.5645E-001   1.9699E+000   1.7751E-001   7.8191E-001   2.7959E+000  -5.1334E-002  -1.3335E-002   1.1560E-002   4.7458E-002   2.8476E-002  -1.3975E-001   9.4546E-003   2.9663E-003  -2.1352E-003  -8.4328E-003  -2.0648E-002  -8.1617E-003   3.0466E-003   2.6117E-004  -9.6994E-004  -1.6894E-002   1.8613E-002   1.2262E-001  
 8.3496E-001   9.2024E-001   1.6900E+000   1.4581E-001   7.8740E-001   2.8651E+000  -3.7141E-002  -8.3537E-003  -2.7651E-003   2.2273E-002   4.7806E-002  -1.2384E-001   3.4411E-003   1.5231E-003  -1.8864E-003  -1.0409E-002  -1.7768E-002  -2.7999E-003   5.0805E-003   4.8086E-005  -1.0225E-003  -1.9636E-002   1.7609E-002   9.4914E-002  
 4.6439E-001   9.6356E-001   1.3258E+000   1.1024E-001   7.4848E-001   2.9530E+000  -3.0667E-002  -5.5470E-003  -6.0741E-003   6.0896E-003   6.0863E-002  -1.1058E-001  -5.6236E-003   3.1624E-004  -1.2709E-003  -1.1776E-002  -1.1197E-002   7.9457E-004   4.6008E-003  -8.8305E-005  -9.1401E-004  -2.1549E-002   1.7326E-002   9.1377E-002  
 2.2137E-001   9.8909E-001   9.0632E-001   8.3560E-002   6.7877E-001   3.0231E+000  -2.8101E-002  -4.4507E-003  -3.0058E-003  -2.5219E-003   6.8840E-002  -1.0283E-001  -1.6801E-002  -4.7255E-004  -5.4457E-004  -1.2509E-002  -2.2690E-003   2.8645E-003   2.5414E-003  -1.3137E-004  -6.9848E-004  -2.2943E-002   1.7262E-002   8.3941E-002  
 1.2948E-001   9.9811E-001   4.6311E-001   7.4088E-002   5.9388E-001   3.0521E+000  -2.6611E-002  -4.7431E-003   2.6667E-003  -4.2771E-003   7.2244E-002  -1.0235E-001  -2.8843E-002  -8.0311E-004   1.6656E-004  -1.2570E-002   7.2786E-003   3.3543E-003  -2.0345E-004  -1.2972E-004  -4.5368E-004  -2.3830E-002   1.7267E-002   8.6425E-002  
 1.9401E-001   9.9132E-001   1.7782E-002   8.4181E-002   5.0851E-001   3.0326E+000  -2.4019E-002  -6.2982E-003   7.6841E-003   4.3437E-004   7.1261E-002  -1.0935E-001  -4.0724E-002  -7.4732E-004   7.7488E-004  -1.2006E-002   1.6045E-002   2.3024E-003  -2.6639E-003  -8.7890E-005  -2.3719E-004  -2.4082E-002   1.7125E-002   9.6093E-002  
 4.0969E-001   9.6804E-001  -4.0811E-001   1.1115E-001   4.3735E-001   2.9715E+000  -1.8185E-002  -9.2081E-003   8.8289E-003   1.1941E-002   6.5487E-002  -1.2300E-001  -5.1425E-002  -3.8653E-004   1.1892E-003  -1.0852E-002   2.2826E-002  -2.8923E-004  -3.9167E-003   1.0808E-006  -9.5020E-005  -2.3340E-002   1.6762E-002   9.8445E-002  
 7.5356E-001   9.2702E-001  -7.8304E-001   1.4614E-001   3.9596E-001   2.8918E+000  -6.4355E-003  -1.3806E-002   2.4901E-003   3.0815E-002   5.4468E-002  -1.4081E-001  -5.9554E-002   8.5221E-005   1.3242E-003  -9.0938E-003   2.6333E-002  -4.2741E-003  -3.1996E-003   1.5923E-004  -6.3569E-005  -2.1728E-002   1.6092E-002   1.0438E-001  
 1.1941E+000   8.6559E-001  -1.0780E+000   1.7632E-001   3.9804E-001   2.8294E+000   1.4674E-002  -2.0462E-002  -1.5680E-002   5.8443E-002   3.6773E-002  -1.5955E-001  -6.4315E-002   4.3632E-004   9.5059E-004  -6.9401E-003   2.6130E-002  -9.8653E-003   1.5792E-004   3.8992E-004  -1.7203E-004  -1.9125E-002   1.5909E-002   1.2696E-001  
 1.6895E+000   7.7952E-001  -1.2566E+000   1.8445E-001   4.5758E-001   2.8344E+000   4.9665E-002  -2.9672E-002  -5.1475E-002   9.6348E-002   9.3529E-003  -1.7487E-001  -6.4196E-002   3.2589E-004  -5.9210E-004  -3.9518E-003   2.1019E-002  -1.7850E-002   7.2412E-003   1.1438E-003  -1.6712E-004  -1.6131E-002   1.6792E-002   1.3808E-001  
 2.1752E+000   6.5663E-001  -1.2555E+000   1.4894E-001   5.8617E-001   2.9680E+000   1.0340E-001  -4.1823E-002  -1.1099E-001   1.4561E-001  -3.1358E-002  -1.7984E-001  -5.7121E-002  -1.1264E-003  -3.8601E-003   6.9143E-004   7.9655E-003  -2.8899E-002   1.9619E-002   2.3761E-003  -4.1515E-004  -1.4587E-002   1.7663E-002   1.4132E-001  
 2.6451E+000   4.9782E-001  -9.9851E-001   4.6710E-002   7.9415E-001   3.2997E+000   1.8377E-001  -5.7743E-002  -2.0306E-001   2.0910E-001  -8.9246E-002  -1.6673E-001  -4.1397E-002  -4.5467E-003  -8.6240E-003   7.1402E-003  -1.5514E-002  -4.2965E-002   3.8620E-002   2.9611E-003  -9.8129E-004  -1.4669E-002   1.8623E-002   1.4870E-001  
 2.8141E+000   3.5306E-001   2.1054E+000   8.5507E-002   5.0142E-001   3.1988E+000  -1.8185E-001  -2.2200E-002   2.2561E-001   9.4265E-002  -8.4558E-002  -1.5544E-001  -1.7046E-002  -3.4734E-004   3.6657E-003   2.7773E-003   9.0013E-003  -2.1031E-002  -4.1168E-002   2.3385E-003   2.7080E-003  -1.2867E-002   1.9845E-002   1.4876E-001  
 2.2958E+000   4.3129E-001   2.2414E+000   1.7099E-001   6.0623E-001   2.8654E+000  -1.1421E-001  -1.5728E-002   1.3070E-001   6.4590E-002  -2.8447E-002  -1.6741E-001  -9.5640E-003   3.1624E-003   9.9662E-004  -3.3521E-004  -1.1317E-002  -1.3561E-002  -2.0749E-002   1.3235E-003   1.1716E-003  -1.3082E-002   1.7850E-002   1.3807E-001  
 1.6662E+000   4.4423E-001   2.2024E+000   1.9085E-001   6.7028E-001   2.7337E+000  -7.1772E-002  -1.0918E-002   6.8818E-002   4.1560E-002   1.0814E-002  -1.6196E-001  -6.6413E-003   4.1175E-003  -5.3594E-004  -2.3054E-003  -2.0711E-002  -8.1311E-003  -7.7946E-003   4.6582E-004   3.0939E-005  -1.5298E-002   1.5733E-002   1.1346E-001  
 1.1135E+000   4.8729E-001   2.0258E+000   1.6922E-001   6.9894E-001   2.7336E+000  -4.6973E-002  -7.5322E-003   3.1102E-002   2.4161E-002   3.7516E-002  -1.4745E-001  -7.2500E-003   3.2944E-003  -9.4287E-004  -3.4956E-003  -2.2227E-002  -4.4384E-003  -7.4222E-004   1.2921E-004  -4.9907E-004  -1.8867E-002   1.3493E-002   9.2425E-002  
 6.2342E-001   5.1827E-001   1.7294E+000   1.2873E-001   6.9821E-001   2.8026E+000  -3.4480E-002  -5.4279E-003   1.1172E-002   1.2084E-002   5.5652E-002  -1.3147E-001  -9.9847E-003   2.0121E-003  -8.7353E-004  -4.4471E-003  -1.9067E-002  -1.8390E-003   2.3571E-003   1.9822E-005  -7.2217E-004  -2.1384E-002   1.3098E-002   7.2686E-002  
 2.3525E-001   5.3922E-001   1.3510E+000   8.6528E-002   6.7499E-001   2.8904E+000  -2.9421E-002  -4.3232E-003   2.6390E-003   4.3539E-003   6.7986E-002  -1.1808E-001  -1.4216E-002   8.9951E-004  -6.3018E-004  -5.1791E-003  -1.2003E-002  -4.1436E-005   2.9138E-003  -4.1198E-005  -7.3267E-004  -2.3283E-002   1.3481E-002   6.5596E-002  
-1.8790E-002   5.5151E-001   9.1886E-001   5.5682E-002   6.3619E-001   2.9606E+000  -2.7938E-002  -4.0013E-003   7.6759E-004   2.4857E-004   7.5615E-002  -1.1027E-001  -1.9568E-002   1.1478E-004  -3.1883E-004  -5.6074E-003  -2.6038E-003   1.0650E-003   1.7931E-003  -5.9132E-005  -6.1649E-004  -2.4748E-002   1.4021E-002   6.3019E-002  
-1.1452E-001   5.5575E-001   4.6383E-001   4.4741E-002   5.8966E-001   2.9895E+000  -2.7344E-002  -4.2826E-003   1.6648E-003  -5.7567E-004   7.8946E-002  -1.0977E-001  -2.5435E-002  -2.5417E-004   8.2147E-006  -5.7603E-003   7.4018E-003   1.4380E-003  -4.5558E-005  -5.1678E-005  -4.4267E-004  -2.5719E-002   1.4372E-002   6.3767E-002  
-4.6569E-002   5.5230E-001   6.7065E-003   5.6081E-002   5.4277E-001   2.9700E+000  -2.5633E-002  -5.1067E-003   1.9151E-003   1.7121E-003   7.8140E-002  -1.1679E-001  -3.1329E-002  -2.6386E-004   3.1494E-004  -5.6449E-003   1.6616E-002   1.0720E-003  -1.5993E-003  -9.9759E-006  -2.8370E-004  -2.6037E-002   1.4317E-002   6.8891E-002  
 1.7972E-001   5.4082E-001  -4.3184E-001   8.7002E-002   5.0286E-001   2.9089E+000  -2.0838E-002  -6.5262E-003  -1.8641E-003   7.2785E-003   7.2798E-002  -1.3050E-001  -3.6748E-002  -1.5899E-005   5.7005E-004  -5.2439E-003   2.3817E-002  -6.2537E-005  -1.9213E-003   7.0697E-005  -1.9809E-004  -2.5326E-002   1.3791E-002   7.1524E-002  
 5.4066E-001   5.2068E-001  -8.2085E-001   1.2861E-001   4.7782E-001   2.8293E+000  -1.0494E-002  -8.7058E-003  -1.3373E-002   1.6444E-002   6.2318E-002  -1.4848E-001  -4.1020E-002   2.9146E-004   7.1839E-004  -4.5132E-003   2.7810E-002  -1.9132E-003  -2.2523E-004   2.1467E-004  -2.3237E-004  -2.3489E-002   1.2827E-002   7.1800E-002  
 1.0041E+000   4.9057E-001  -1.1323E+000   1.6747E-001   4.7446E-001   2.7672E+000   8.9377E-003  -1.1877E-002  -3.7103E-002   2.9912E-002   4.5736E-002  -1.6729E-001  -4.3598E-002   3.9999E-004   6.6006E-004  -3.5150E-003   2.7817E-002  -4.5767E-003   4.1605E-003   4.2626E-004  -4.2863E-004  -2.0899E-002   1.2041E-002   9.4140E-002  
 1.5305E+000   4.4846E-001  -1.3286E+000   1.8673E-001   4.9976E-001   2.7726E+000   4.1969E-002  -1.6353E-002  -7.9041E-002   4.8635E-002   2.0091E-002  -1.8298E-001  -4.4061E-002  -2.5844E-004   1.1895E-004  -2.2060E-003   2.3649E-002  -8.2691E-003   1.2378E-002   9.0221E-004  -8.7663E-004  -1.7338E-002   1.3423E-002   1.1663E-001  
 2.0417E+000   3.6955E-001  -1.3539E+000   1.6438E-001   5.5966E-001   2.9074E+000   9.3254E-002  -2.2291E-002  -1.4499E-001   7.3036E-002  -1.8441E-002  -1.8836E-001  -4.1165E-002  -2.8546E-003  -1.3926E-003  -1.2570E-004   1.1975E-002  -1.3562E-002   2.6416E-002   1.7528E-003  -1.9556E-003  -1.5004E-002   1.5249E-002   1.4302E-001  
 2.5417E+000   2.9482E-001  -1.1202E+000   7.6683E-002   6.5932E-001   3.2417E+000   1.7018E-001  -3.0109E-002  -2.4354E-001   1.0455E-001  -7.4057E-002  -1.7531E-001  -3.3983E-002  -8.2907E-003  -3.6736E-003   2.9390E-003  -1.0221E-002  -2.0407E-002   4.7798E-002   2.2530E-003  -3.5325E-003  -1.4554E-002   1.7140E-002   1.5186E-001  
 2.7813E+000   8.9346E-002   2.1531E+000   9.5590E-002   5.8396E-001   3.1764E+000  -1.7867E-001  -1.8415E-003   2.3762E-001  -4.6528E-003  -7.9204E-002  -1.5801E-001  -2.7914E-002  -1.2757E-003   5.4567E-004   1.2267E-003   7.5118E-003  -2.3314E-004  -4.3848E-002   1.0075E-004   3.8657E-003  -1.2969E-002   1.7989E-002   1.3440E-001  
 2.2523E+000   9.0960E-002   2.2817E+000   1.7611E-001   5.8532E-001   2.8422E+000  -1.1197E-001  -2.7318E-003   1.4063E-001  -3.1908E-003  -2.3909E-002  -1.6994E-001  -2.7199E-002   2.8516E-003   3.9162E-004   1.3666E-003  -1.2371E-002  -1.4867E-004  -2.2658E-002  -1.4831E-004   1.8235E-003  -1.3379E-002   1.5470E-002   1.0732E-001  
 1.6101E+000   9.2315E-002   2.2271E+000   1.9143E-001   5.8617E-001   2.7102E+000  -7.0180E-002  -3.4457E-003   7.6658E-002  -2.0838E-003   1.4541E-002  -1.6429E-001  -2.6471E-002   4.1313E-003   3.4478E-004   1.5736E-003  -2.1261E-002  -2.4609E-004  -9.2699E-003  -1.9876E-004   2.6986E-004  -1.6005E-002   1.2634E-002   1.0528E-001  
 1.0478E+000   9.2666E-002   2.0441E+000   1.6606E-001   5.8662E-001   2.7099E+000  -4.5966E-002  -4.0340E-003   3.6982E-002  -1.2410E-003   4.0600E-002  -1.4964E-001  -2.5647E-002   3.3513E-003   2.8421E-004   1.7691E-003  -2.2643E-002  -3.9630E-004  -1.9436E-003  -1.3124E-004  -3.3416E-004  -1.9677E-002   1.0078E-002   7.1802E-002  
 5.4967E-001   9.2856E-002   1.7422E+000   1.2262E-001   5.8671E-001   2.7788E+000  -3.3918E-002  -4.5153E-003   1.5348E-002  -6.0988E-004   5.8263E-002  -1.3369E-001  -2.4705E-002   2.1191E-003   1.6327E-004   1.8613E-003  -1.9513E-002  -4.6543E-004   1.4360E-003  -6.6549E-005  -6.2144E-004  -2.2066E-002   1.0365E-002   6.2683E-002  
 1.5549E-001   9.2891E-002   1.3592E+000   7.8069E-002   5.8646E-001   2.8666E+000  -2.9273E-002  -4.8919E-003   5.2474E-003  -1.7718E-004   7.0416E-002  -1.2027E-001  -2.3721E-002   1.0347E-003   3.1531E-005   1.8123E-003  -1.2336E-002  -4.3947E-004   2.2526E-003  -2.6642E-005  -6.8734E-004  -2.4040E-002   1.1464E-002   6.5945E-002  
-1.0238E-001   9.2781E-002   9.2280E-001   4.5711E-002   5.8592E-001   2.9367E+000  -2.8074E-002  -5.1872E-003   1.8761E-003   5.9412E-005   7.7926E-002  -1.1244E-001  -2.2817E-002   2.8400E-004  -8.2866E-005   1.6421E-003  -2.8581E-003  -2.8710E-004   1.3730E-003  -6.6875E-008  -6.0731E-004  -2.5526E-002   1.2557E-002   6.3793E-002  
-1.9951E-001   9.2534E-002   4.6386E-001   3.4150E-002   5.8511E-001   2.9656E+000  -2.7707E-002  -5.4031E-003   1.3351E-003   1.1923E-004   8.1234E-002  -1.1194E-001  -2.2076E-002  -5.5983E-005  -1.4530E-004   1.3840E-003   7.2461E-003  -3.4959E-005  -2.1216E-004   1.6994E-005  -4.5906E-004  -2.6480E-002   1.3242E-002   5.8477E-002  
-1.3051E-001   9.2149E-002   2.8225E-003   4.5763E-002   5.8405E-001   2.9461E+000  -2.6221E-002  -5.5463E-003   1.4026E-004   3.3252E-005   8.0486E-002  -1.1897E-001  -2.1537E-002  -3.2736E-005  -1.4202E-004   1.0769E-003   1.6585E-002   2.7049E-004  -1.5009E-003   4.0112E-005  -3.1832E-004  -2.6775E-002   1.3378E-002   6.5720E-002  
 9.9247E-002   9.1623E-002  -4.3992E-001   7.7866E-002   5.8276E-001   2.8851E+000  -2.1715E-002  -5.6250E-003  -5.1559E-003  -1.6429E-004   7.5273E-002  -1.3270E-001  -2.1218E-002   2.4358E-004  -5.5425E-005   7.6687E-004   2.3938E-002   5.7794E-004  -1.5482E-003   8.5283E-005  -2.5585E-004  -2.6026E-002   1.2934E-002   7.0250E-002  
 4.6581E-001   9.0965E-002  -8.3359E-001   1.2159E-001   5.8127E-001   2.8055E+000  -1.1819E-002  -5.6525E-003  -1.8263E-002  -4.2764E-004   6.4913E-002  -1.5076E-001  -2.1113E-002   5.7656E-004   1.0861E-004   5.0926E-004   2.8176E-002   8.4130E-004   4.7050E-004   1.5910E-004  -3.1793E-004  -2.4050E-002   1.2091E-002   6.8690E-002  
 9.3688E-001   9.0182E-002  -1.1505E+000   1.6328E-001   5.7958E-001   2.7435E+000   7.0804E-003  -5.6674E-003  -4.3722E-002  -7.2255E-004   4.8622E-002  -1.6961E-001  -2.1145E-002   6.8330E-004   3.4255E-004   3.5874E-004   2.8320E-002   1.0699E-003   5.1706E-003   2.7657E-004  -5.4117E-004  -2.1419E-002   1.1238E-002   6.3203E-002  
 1.4725E+000   8.9264E-002  -1.3532E+000   1.8612E-001   5.7770E-001   2.7491E+000   3.9410E-002  -5.6849E-003  -8.7646E-002  -9.9218E-004   2.3472E-002  -1.8545E-001  -2.1266E-002  -8.1064E-006   6.0721E-004   3.0612E-004   2.4436E-002   1.2476E-003   1.3724E-002   4.1534E-004  -1.0095E-003  -1.7776E-002   1.2737E-002   9.4245E-002  
 1.9913E+000   5.3220E-002  -1.3887E+000   1.6817E-001   5.7565E-001   2.8843E+000   8.9887E-002  -5.7440E-003  -1.5569E-001  -1.1173E-003  -1.4351E-002  -1.9106E-001  -2.1482E-002  -2.9344E-003   9.0597E-004   2.7236E-004   1.3308E-002   1.4662E-003   2.8322E-002   4.7215E-004  -2.4183E-003  -1.5081E-002   1.4975E-002   1.0510E-001  
 2.5020E+000   6.1088E-002  -1.1630E+000   8.5252E-002   5.7336E-001   3.2195E+000   1.6559E-001  -5.9172E-003  -2.5630E-001  -9.5150E-004  -6.9231E-002  -1.7804E-001  -2.1856E-002  -9.0586E-003   1.3461E-003   1.7178E-004  -8.4336E-003   1.8613E-003   5.0578E-002   3.7282E-004  -4.3874E-003  -1.4386E-002   1.7372E-002   1.4055E-001  
 2.8114E+000  -1.7349E-001   2.1061E+000   8.6866E-002   6.6602E-001   3.1967E+000  -1.8391E-001   1.8822E-002   2.2360E-001  -1.0343E-001  -8.3614E-002  -1.5400E-001  -3.8671E-002  -2.1975E-004  -2.5510E-003  -4.2007E-004   9.4476E-003   2.0431E-002  -4.0710E-002  -2.1978E-003   3.0333E-003  -1.3080E-002   1.7541E-002   1.1852E-001  
 2.2926E+000  -2.5077E-001   2.2436E+000   1.7216E-001   5.6402E-001   2.8635E+000  -1.1588E-001   1.0543E-002   1.2896E-001  -7.0837E-002  -2.7595E-002  -1.6593E-001  -4.4688E-002   3.1534E-003  -1.8270E-004   2.8880E-003  -1.0799E-002   1.3151E-002  -2.0389E-002  -1.5876E-003   1.3529E-003  -1.3385E-002   1.5212E-002   1.0922E-001  
 1.6627E+000  -2.6005E-001   2.2032E+000   1.9195E-001   5.0168E-001   2.7319E+000  -7.3156E-002   4.2987E-003   6.7365E-002  -4.5606E-002   1.1604E-002  -1.6051E-001  -4.6183E-002   3.9828E-003   1.2395E-003   5.2191E-003  -2.0227E-002   7.5438E-003  -7.5985E-003  -7.8587E-004   8.0063E-005  -1.5681E-002   1.2734E-002   1.0100E-001  
 1.1096E+000  -3.0240E-001   2.0264E+000   1.7028E-001   4.7393E-001   2.7318E+000  -4.8096E-002  -2.7337E-004   2.9937E-002  -2.6514E-002   3.8188E-002  -1.4606E-001  -4.3975E-002   3.0854E-003   1.4991E-003   6.7780E-003  -2.1903E-002   3.5850E-003  -7.3382E-004  -3.4105E-004  -5.1728E-004  -1.9276E-002   1.0326E-002   7.3502E-002  
 6.1899E-001  -3.3299E-001   1.7296E+000   1.2970E-001   4.7488E-001   2.8008E+000  -3.5363E-002  -3.3611E-003   1.0304E-002  -1.3180E-002   5.6186E-002  -1.3016E-001  -3.9451E-002   1.8007E-003   1.1732E-003   7.9376E-003  -1.9023E-002   8.6526E-004   2.1976E-003  -1.1696E-004  -7.7395E-004  -2.1745E-002   1.0653E-002   6.0814E-002  
 2.3043E-001  -3.5386E-001   1.3509E+000   8.7258E-002   4.9763E-001   2.8886E+000  -3.0104E-002  -5.2332E-003   2.0722E-003  -4.5838E-003   6.8485E-002  -1.1682E-001  -3.3335E-002   7.2392E-004   6.4492E-004   8.5907E-003  -1.2223E-002  -8.6470E-004   2.5727E-003   1.9285E-005  -7.9973E-004  -2.3648E-002   1.1933E-002   6.6378E-002  
-2.3963E-002  -3.6637E-001   9.1851E-001   5.6064E-002   5.3538E-001   2.9587E+000  -2.8451E-002  -6.1503E-003   4.8743E-004   1.6947E-006   7.6111E-002  -1.0901E-001  -2.6228E-002   2.7825E-005   8.9523E-005   8.7124E-003  -3.0318E-003  -1.6754E-003   1.2969E-003   7.5337E-005  -6.8224E-004  -2.5081E-002   1.3142E-002   6.4401E-002  
-1.2002E-001  -3.7110E-001   4.6320E-001   4.4734E-002   5.8031E-001   2.9877E+000  -2.7702E-002  -6.3061E-003   1.6529E-003   9.5628E-004   7.9439E-002  -1.0852E-001  -1.8917E-002  -2.1457E-004  -3.8061E-004   8.3873E-003   6.8378E-003  -1.5593E-003  -6.6796E-004   8.6864E-005  -5.0296E-004  -2.5941E-002   1.4003E-002   6.3271E-002  
-5.2381E-002  -3.6843E-001   5.7902E-003   5.5666E-002   6.2511E-001   2.9681E+000  -2.5852E-002  -5.7767E-003   2.1475E-003  -1.4903E-003   7.8614E-002  -1.1554E-001  -1.1968E-002  -6.3058E-005  -6.9316E-004   7.7031E-003   1.6003E-002  -5.9983E-004  -2.3134E-003   7.4134E-005  -3.3749E-004  -2.6118E-002   1.4390E-002   6.6633E-002  
 1.7359E-001  -3.5799E-001  -4.3304E-001   8.6179E-002   6.6244E-001   2.9071E+000  -2.0943E-002  -4.5267E-003  -1.4126E-003  -7.4376E-003   7.3216E-002  -1.2926E-001  -5.9206E-003   3.7448E-004  -7.9030E-004   6.7360E-003   2.3255E-002   1.1340E-003  -2.6915E-003   6.3063E-005  -2.4880E-004  -2.5291E-002   1.4337E-002   7.2802E-002  
 5.3420E-001  -3.3918E-001  -8.2233E-001   1.2745E-001   6.8452E-001   2.8275E+000  -1.0541E-002  -2.4293E-003  -1.2737E-002  -1.7117E-002   6.2628E-002  -1.4728E-001  -1.4113E-003   8.7988E-004  -6.1954E-004   5.5407E-003   2.7407E-002   3.5172E-003  -1.0071E-003   5.3341E-005  -2.7689E-004  -2.3355E-002   1.4001E-002   7.7202E-002  
 9.9729E-001  -3.1062E-001  -1.1340E+000   1.6610E-001   6.8450E-001   2.7654E+000   8.8692E-003   6.7439E-004  -3.6305E-002  -3.1163E-002   4.5838E-002  -1.6618E-001   1.1511E-003   1.1986E-003  -1.0891E-004   4.3002E-003   2.7659E-002   6.6428E-003   3.3784E-003   5.1221E-005  -4.6641E-004  -2.0660E-002   1.3875E-002   9.8819E-002  
 1.5233E+000  -2.7034E-001  -1.3306E+000   1.8519E-001   6.5546E-001   2.7708E+000   4.1829E-002   5.0859E-003  -7.8107E-002  -5.0396E-002   2.0004E-002  -1.8196E-001   1.3988E-003   7.2194E-004   9.5144E-004   2.8984E-003   2.3662E-002   1.0711E-002   1.1644E-002  -1.8220E-004  -8.8664E-004  -1.7099E-002   1.5368E-002   1.2116E-001  
 2.0281E+000  -2.5975E-001  -1.3418E+000   1.6267E-001   5.9149E-001   2.9056E+000   9.2951E-002   1.0873E-002  -1.4397E-001  -7.5022E-002  -1.8663E-002  -1.8742E-001  -1.9059E-003  -1.7327E-003   3.0654E-003   7.2874E-004   1.2008E-002   1.6468E-002   2.5752E-002  -9.1313E-004  -1.8487E-003  -1.4836E-002   1.7019E-002   1.5063E-001  
 2.5290E+000  -1.7117E-001  -1.1081E+000   7.4665E-002   4.8720E-001   3.2400E+000   1.6953E-001   1.8307E-002  -2.4244E-001  -1.0618E-001  -7.4467E-002  -1.7435E-001  -9.8601E-003  -7.0362E-003   6.2478E-003  -2.5648E-003  -1.0313E-002   2.4119E-002   4.7214E-002  -1.5939E-003  -3.2497E-003  -1.4480E-002   1.8715E-002   1.6201E-001  
 2.9017E+000  -3.9895E-001   1.9829E+000   5.6924E-002   7.9659E-001   3.2529E+000  -1.9803E-001   4.3464E-002   1.8255E-001  -2.0116E-001  -9.8176E-002  -1.4408E-001  -4.4645E-002   2.9642E-003  -5.2550E-003  -3.6539E-003   1.4820E-002   4.1018E-002  -3.1433E-002  -3.2923E-003   5.5032E-004  -1.3192E-002   1.8855E-002   1.2877E-001  
 2.4128E+000  -5.5664E-001   2.1456E+000   1.5666E-001   5.8510E-001   2.9223E+000  -1.2622E-001   2.7273E-002   9.4820E-002  -1.3661E-001  -3.9983E-002  -1.5596E-001  -5.8233E-002   4.3699E-003  -8.9935E-004   2.9787E-003  -6.4808E-003   2.6610E-002  -1.3576E-002  -2.4753E-003  -3.3003E-004  -1.3136E-002   1.7165E-002   1.1430E-001  
 1.8286E+000  -5.9936E-001   2.1209E+000   1.8980E-001   4.5289E-001   2.7919E+000  -8.0866E-002   1.5172E-002   4.0126E-002  -8.6968E-002   1.4286E-003  -1.5106E-001  -6.3023E-002   3.9911E-003   1.8566E-003   7.8551E-003  -1.7355E-002   1.5266E-002  -2.5229E-003  -1.1500E-003  -8.3786E-004  -1.4630E-002   1.5743E-002   1.1865E-001  
 1.2938E+000  -6.7289E-001   1.9711E+000   1.7945E-001   3.8989E-001   2.7923E+000  -5.3596E-002   6.2987E-003   9.2279E-003  -4.9437E-002   2.9839E-002  -1.3714E-001  -6.0482E-002   2.5434E-003   2.6527E-003   1.1033E-002  -2.0017E-002   7.1644E-003   3.0310E-003  -3.3271E-004  -1.0129E-003  -1.7648E-002   1.4190E-002   9.8908E-002  
 8.2617E-001  -7.3626E-001   1.6905E+000   1.4755E-001   3.8468E-001   2.8616E+000  -3.8951E-002   3.1235E-004  -4.5106E-003  -2.2995E-002   4.8962E-002  -1.2137E-001  -5.2908E-002   1.0756E-003   2.0977E-003   1.3200E-002  -1.7612E-002   1.7133E-003   4.7508E-003  -2.6455E-005  -1.1371E-003  -2.0336E-002   1.3997E-002   8.6349E-002  
 4.5476E-001  -7.7947E-001   1.3257E+000   1.1159E-001   4.2324E-001   2.9495E+000  -3.2038E-002  -3.3336E-003  -7.2508E-003  -5.9541E-003   6.1834E-002  -1.0819E-001  -4.2233E-002  -4.5166E-005   1.1457E-003   1.4609E-002  -1.1601E-002  -1.7767E-003   3.9787E-003   1.5092E-004  -1.0459E-003  -2.2145E-002   1.4842E-002   8.3602E-002  
 2.1104E-001  -8.0523E-001   9.0562E-001   8.4240E-002   4.9196E-001   3.0196E+000  -2.9138E-002  -5.0396E-003  -3.6187E-003   3.1620E-003   6.9802E-002  -1.0045E-001  -2.9462E-002  -6.7247E-004   1.2663E-004   1.5106E-002  -3.0559E-003  -3.5751E-003   1.6356E-003   1.9757E-004  -8.2814E-004  -2.3486E-002   1.5766E-002   7.5970E-002  
 1.1849E-001  -8.1474E-001   4.6183E-001   7.4013E-002   5.7531E-001   3.0485E+000  -2.7340E-002  -5.2029E-003   2.5767E-003   5.0760E-003   7.3183E-002  -9.9965E-002  -1.6094E-002  -7.5755E-004  -7.7727E-004   1.4807E-002   6.2295E-003  -3.6209E-003  -1.3456E-003   1.6993E-004  -5.6883E-004  -2.4194E-002   1.6602E-002   8.3272E-002  
 1.8237E-001  -8.0873E-001   1.5943E-002   8.3314E-002   6.5864E-001   3.0290E+000  -2.4476E-002  -3.9686E-003   8.0729E-003   2.4107E-004   7.2144E-002  -1.0696E-001  -3.2265E-003  -3.8915E-004  -1.4290E-003   1.3813E-002   1.4913E-002  -2.0279E-003  -3.9822E-003   1.0660E-004  -3.3842E-004  -2.4212E-002   1.7211E-002   9.3113E-002  
 3.9741E-001  -7.8651E-001  -4.1052E-001   1.0950E-001   7.2730E-001   2.9679E+000  -1.8421E-002  -1.2669E-003   9.6429E-003  -1.1600E-002   6.6266E-002  -1.2061E-001   8.0864E-003   3.3075E-004  -1.7252E-003   1.2222E-002   2.1785E-002   1.1195E-003  -5.3511E-003   3.6408E-005  -1.8303E-004  -2.3276E-002   1.7625E-002   9.8561E-002  
 7.4056E-001  -7.4678E-001  -7.8598E-001   1.4390E-001   7.6574E-001   2.8881E+000  -6.6051E-003   3.1387E-003   3.6821E-003  -3.0959E-002   5.4941E-002  -1.3849E-001   1.6561E-002   1.2017E-003  -1.5782E-003   1.0207E-002   2.5659E-002   5.6470E-003  -4.7064E-003  -4.6185E-005  -1.4455E-004  -2.1418E-002   1.7877E-002   1.0347E-001  
 1.1804E+000  -6.8691E-001  -1.0815E+000   1.7364E-001   7.6034E-001   2.8258E+000   1.4488E-002   9.6552E-003  -1.4180E-002  -5.9111E-002   3.6902E-002  -1.5737E-001   2.1404E-002   1.9419E-003  -7.9106E-004   7.8984E-003   2.5862E-002   1.1696E-002  -1.3554E-003  -1.2138E-004  -2.2413E-004  -1.8682E-002   1.8492E-002   1.3212E-001  
 1.6730E+000  -6.1124E-001  -1.2569E+000   1.8142E-001   6.9711E-001   2.8307E+000   4.9317E-002   1.8708E-002  -4.9723E-002  -9.7434E-002   9.1610E-003  -1.7286E-001   2.1149E-002   2.1717E-003   1.2560E-003   4.8150E-003   2.1010E-002   2.0135E-002   5.8029E-003  -7.0380E-004  -1.2568E-004  -1.5719E-002   1.9667E-002   1.4229E-001  
 2.1485E+000  -5.3372E-001  -1.2341E+000   1.4551E-001   5.6444E-001   2.9644E+000   1.0268E-001   3.0591E-002  -1.0907E-001  -1.4683E-001  -3.1870E-002  -1.7794E-001   1.3662E-002   1.0225E-003   5.1627E-003  -1.3805E-006   7.9421E-003   3.1762E-002   1.8287E-002  -1.8335E-003  -1.6668E-004  -1.4340E-002   2.0437E-002   1.5015E-001  
 2.6199E+000  -3.6506E-001  -9.7583E-001   4.2557E-002   3.5169E-001   3.2964E+000   1.8234E-001   4.5961E-002  -2.0105E-001  -2.0984E-001  -9.0156E-002  -1.6478E-001  -2.9387E-003  -2.0532E-003   1.0867E-002  -6.7972E-003  -1.5843E-002   4.6716E-002   3.7361E-002  -2.4907E-003  -4.1474E-004  -1.4650E-002   2.1139E-002   1.5790E-001  
 3.0383E+000  -5.4626E-001   1.7605E+000  -6.2398E-004   1.0215E+000   3.3224E+000  -2.2138E-001   7.5340E-002   1.1339E-001  -2.9489E-001  -1.2406E-001  -1.3041E-001  -4.0618E-002   9.1245E-003  -6.6129E-003  -1.0265E-002   2.4049E-002   6.0896E-002  -1.5140E-002  -1.9740E-003  -2.9783E-003  -1.3512E-002   2.1880E-002   1.5212E-001  
 2.5971E+000  -7.8244E-001   1.9684E+000   1.2274E-001   6.9009E-001   2.9962E+000  -1.4347E-001   5.0600E-002   3.7040E-002  -1.9743E-001  -6.2023E-002  -1.4201E-001  -6.3577E-002   7.3090E-003  -1.2979E-003   1.1846E-004   8.8786E-004   3.9741E-002  -1.1733E-003  -1.7677E-003  -2.9793E-003  -1.2956E-002   2.0300E-002   1.2981E-001  
 2.1128E+000  -9.6394E-001   1.9362E+000   1.7792E-001   4.7587E-001   2.8675E+000  -9.3856E-002   3.2182E-002  -6.3131E-003  -1.2318E-001  -1.6879E-002  -1.3775E-001  -7.3831E-002   4.7217E-003   2.5816E-003   8.2992E-003  -1.2421E-002   2.2340E-002   6.7778E-003  -5.3148E-004  -2.3592E-003  -1.3199E-002   1.9983E-002   1.2315E-001  
 1.5797E+000  -9.8472E-001   1.8758E+000   1.8617E-001   3.6443E-001   2.8685E+000  -6.2877E-002   1.8526E-002  -2.6521E-002  -6.6853E-002   1.4545E-002  -1.2434E-001  -7.2826E-002   1.9818E-003   3.6859E-003   1.3795E-002  -1.6957E-002   9.8162E-003   9.7323E-003   2.9980E-005  -1.7976E-003  -1.5050E-002   1.9555E-002   1.2171E-001  
 1.1488E+000  -1.0842E+000   1.6230E+000   1.6862E-001   3.3918E-001   2.9380E+000  -4.4964E-002   9.0337E-003  -3.0198E-002  -2.6816E-002   3.5553E-002  -1.0878E-001  -6.3565E-002   3.8813E-005   2.9207E-003   1.7080E-002  -1.5412E-002   1.5148E-003   9.3973E-003   2.7801E-004  -1.6185E-003  -1.7697E-002   1.9047E-002   1.2011E-001  
 8.0506E-001  -1.1522E+000   1.2821E+000   1.4310E-001   3.7906E-001   3.0259E+000  -3.5404E-002   3.2112E-003  -2.3511E-002  -8.9336E-004   4.9573E-002  -9.5797E-002  -4.9371E-002  -1.2067E-003   1.5287E-003   1.9219E-002  -1.0356E-002  -3.8390E-003   6.7015E-003   3.8206E-004  -1.3648E-003  -1.9615E-002   1.9342E-002   1.1150E-001  
 5.7855E-001  -1.1927E+000   8.8349E-001   1.2212E-001   4.6371E-001   3.0960E+000  -3.0289E-002   3.8539E-004  -1.0877E-002   1.2987E-002   5.8121E-002  -8.8189E-002  -3.2106E-002  -1.7672E-003  -7.9019E-006   2.0152E-002  -2.8694E-003  -6.5821E-003   2.5548E-003   3.4726E-004  -1.0039E-003  -2.0855E-002   1.9983E-002   1.0372E-001  
 4.9174E-001  -1.2075E+000   4.5977E-001   1.1380E-001   5.7028E-001   3.1248E+000  -2.6655E-002   1.0421E-004   4.0123E-003   1.5980E-002   6.1642E-002  -8.7720E-002  -1.3746E-002  -1.6702E-003  -1.3843E-003   1.9953E-002   5.5221E-003  -6.8150E-003  -2.1568E-003   2.4232E-004  -6.4124E-004  -2.1451E-002   2.0711E-002   1.0787E-001  
 5.4967E-001  -1.1977E+000   3.3942E-002   1.2067E-001   6.7694E-001   3.1053E+000  -2.2014E-002   2.0502E-003   1.8167E-002   8.7163E-003   6.0195E-002  -9.4624E-002   4.0189E-003  -9.9114E-004  -2.4229E-003   1.8781E-002   1.3436E-002  -4.6363E-003  -6.5134E-003   1.0989E-004  -3.2414E-004  -2.1229E-002   2.1437E-002   1.2223E-001  
 7.4722E-001  -1.1622E+000  -3.7106E-001   1.4002E-001   7.6184E-001   3.0443E+000  -1.3944E-002   6.4053E-003   2.8644E-002  -9.1920E-003   5.3438E-002  -1.0811E-001   1.9573E-002   1.3779E-004  -2.9723E-003   1.6760E-002   1.9660E-002  -1.4161E-004  -9.6407E-003  -3.8676E-006  -8.1991E-005  -2.0139E-002   2.2141E-002   1.2842E-001  
 1.0624E+000  -1.0991E+000  -7.2261E-001   1.6356E-001   8.0215E-001   2.9645E+000   2.6703E-004   1.3511E-002   3.1917E-002  -3.8578E-002   4.0831E-002  -1.2580E-001   3.1098E-002   1.5305E-003  -2.8583E-003   1.3964E-002   2.3058E-002   6.5623E-003  -1.0785E-002  -7.4406E-005   5.3872E-005  -1.8284E-002   2.2860E-002   1.4289E-001  
 1.4652E+000  -1.0046E+000  -9.9050E-001   1.7873E-001   7.7750E-001   2.9019E+000   2.4274E-002   2.3963E-002   2.3845E-002  -8.1207E-002   2.0805E-002  -1.4459E-001   3.7086E-002   3.0423E-003  -1.7972E-003   1.0421E-002   2.2777E-002   1.5736E-002  -9.3267E-003  -1.2519E-004   2.6906E-004  -1.5796E-002   2.3802E-002   1.4697E-001  
 1.8784E+000  -9.1649E-001  -1.1038E+000   1.6787E-001   6.6682E-001   2.9061E+000   6.2346E-002   3.8074E-002  -1.4039E-003  -1.3893E-001  -9.9500E-003  -1.5980E-001   3.4677E-002   4.7902E-003   1.0772E-003   4.8089E-003   1.6174E-002   2.8888E-002  -4.6406E-003  -3.8605E-004   1.2046E-003  -1.4057E-002   2.4260E-002   1.4775E-001  
 2.3372E+000  -7.2151E-001  -1.0472E+000   1.0970E-001   4.5303E-001   3.0382E+000   1.1940E-001   5.6334E-002  -4.9953E-002  -2.1316E-001  -5.4941E-002  -1.6433E-001   2.0767E-002   6.1564E-003   6.7350E-003  -3.5423E-003   5.5871E-004   4.6867E-002   4.8208E-003  -1.2637E-003   2.5087E-003  -1.4090E-002   2.4092E-002   1.5873E-001  
 2.7601E+000  -4.7429E-001  -7.4665E-001  -1.8540E-002   1.2008E-001   3.3671E+000   2.0297E-001   7.9564E-002  -1.3074E-001  -3.0786E-001  -1.1789E-001  -1.5066E-001  -7.1092E-003   6.6319E-003   1.4698E-002  -1.4505E-002  -2.5779E-002   6.9440E-002   2.0385E-002  -1.3225E-003   3.4377E-003  -1.4873E-002   2.4691E-002   1.8757E-001  
 3.1185E+000  -6.2999E-001   1.5647E+000  -1.7311E-001   1.4632E+000   3.4196E+000  -1.8703E-001   7.9331E-002   8.2005E-003  -3.3127E-001  -1.9158E-001  -9.4937E-002   1.7589E-002   2.3904E-002  -2.2629E-002  -3.9238E-002   6.2233E-002   8.8381E-002   9.7808E-003  -1.7241E-003  -6.7466E-003  -1.7238E-002   2.0395E-002   1.4824E-001  
 2.8246E+000  -8.8981E-001   1.7304E+000   5.9366E-002   9.1814E-001   3.0494E+000  -1.6896E-001   8.4830E-002  -4.7571E-002  -2.5149E-001  -9.5492E-002  -1.2755E-001  -5.6838E-002   1.1899E-002   1.2990E-004  -7.4660E-003   1.1587E-002   5.1042E-002   1.8033E-002   8.1179E-004  -4.8958E-003  -1.3209E-002   2.3755E-002   1.6429E-001  
 2.4025E+000  -1.1380E+000   1.7547E+000   1.4380E-001   6.0463E-001   2.9230E+000  -1.1245E-001   5.8723E-002  -7.4447E-002  -1.5058E-001  -4.5773E-002  -1.2327E-001  -7.4386E-002   6.9855E-003   3.9041E-003   4.1490E-003  -4.1165E-003   2.8469E-002   2.1763E-002   1.4449E-003  -4.0765E-003  -1.2695E-002   2.3817E-002   1.5658E-001  
 1.9711E+000  -1.3254E+000   1.6086E+000   1.7791E-001   4.2501E-001   2.9247E+000  -7.6281E-002   3.9606E-002  -7.9346E-002  -7.4762E-002  -1.0082E-002  -1.1016E-001  -7.7759E-002   2.1753E-003   4.9964E-003   1.2902E-002  -1.1496E-002   1.1219E-002   2.0710E-002   1.3772E-003  -2.6928E-003  -1.2940E-002   2.4365E-002   1.4971E-001  
 1.5566E+000  -1.3465E+000   1.5232E+000   1.8089E-001   3.5876E-001   2.9942E+000  -5.4081E-002   2.6283E-002  -6.8802E-002  -2.0669E-002   1.4272E-002  -9.4693E-002  -6.9783E-002  -1.0899E-003   3.7910E-003   1.8687E-002  -1.2271E-002  -4.9224E-004   1.6672E-002   9.0115E-004  -2.0419E-003  -1.4117E-002   2.4735E-002   1.5651E-001  
 1.2496E+000  -1.4430E+000   1.2175E+000   1.6976E-001   3.7874E-001   3.0818E+000  -4.0634E-002   1.7584E-002  -4.8157E-002   1.4807E-002   2.9920E-002  -8.1775E-002  -5.3911E-002  -2.7339E-003   1.8298E-003   2.1798E-002  -8.5133E-003  -7.8522E-003   1.1097E-002   6.7105E-004  -1.6142E-003  -1.5900E-002   2.4735E-002   1.3953E-001  
 1.0460E+000  -1.5006E+000   8.5081E-001   1.5754E-001   4.5747E-001   3.1515E+000  -3.2224E-002   1.3146E-002  -2.2060E-002   3.3922E-002   3.9254E-002  -7.4240E-002  -3.3695E-002  -3.3006E-003  -3.0491E-004   2.3326E-002  -2.3046E-003  -1.1661E-002   4.2355E-003   4.6170E-004  -1.1283E-003  -1.7053E-002   2.5101E-002   1.3468E-001  
 9.6677E-001  -1.5214E+000   4.5701E-001   1.5201E-001   5.6526E-001   3.1802E+000  -2.5712E-002   1.2479E-002   5.8691E-003   3.8160E-002   4.2855E-002  -7.3722E-002  -1.1891E-002  -2.9985E-003  -2.2439E-003   2.3412E-002   4.8347E-003  -1.2123E-002  -3.0502E-003   2.2869E-004  -6.9756E-004  -1.7469E-002   2.5720E-002   1.3309E-001  
 1.0168E+000  -1.5070E+000   6.1101E-002   1.5560E-001   6.7324E-001   3.1608E+000  -1.8269E-002   1.5269E-002   3.3020E-002   2.8381E-002   4.0957E-002  -8.0554E-002   9.2656E-003  -1.9345E-003  -3.7521E-003   2.2107E-002   1.1639E-002  -9.3713E-003  -9.9610E-003   2.3185E-005  -3.4109E-004  -1.7139E-002   2.6501E-002   1.5725E-001  
 1.1913E+000  -1.4559E+000  -3.1200E-001   1.6574E-001   7.5256E-001   3.1000E+000  -7.1033E-003   2.1703E-002   5.6813E-002   4.0336E-003   3.3132E-002  -9.3874E-002   2.7574E-002  -2.5418E-004  -4.6312E-003   1.9567E-002   1.6934E-002  -3.4906E-003  -1.5724E-002  -7.0085E-005  -4.1977E-005  -1.6045E-002   2.7385E-002   1.6067E-001  
 1.4695E+000  -1.3657E+000  -6.2834E-001   1.7453E-001   7.7352E-001   3.0205E+000   1.0692E-002   3.2108E-002   7.3789E-002  -3.5957E-002   1.8714E-002  -1.1146E-001   4.0509E-002   1.9813E-003  -4.6658E-003   1.5786E-002   1.9449E-002   5.4842E-003  -1.9676E-002   1.1411E-004   1.8066E-004  -1.4415E-002   2.8309E-002   1.7432E-001  
 1.7771E+000  -1.2521E+000  -8.2652E-001   1.6899E-001   7.0865E-001   2.9579E+000   3.8473E-002   4.6643E-002   7.9542E-002  -9.3402E-002  -4.7098E-003  -1.3031E-001   4.4911E-002   5.1580E-003  -3.6255E-003   9.4695E-003   1.7029E-002   1.8438E-002  -2.1901E-002   7.6730E-004   8.7509E-004  -1.3473E-002   2.8447E-002   1.7728E-001  
 2.1754E+000  -1.0477E+000  -8.9981E-001   1.3202E-001   5.3053E-001   2.9614E+000   8.1153E-002   6.6368E-002   6.9090E-002  -1.7116E-001  -3.9860E-002  -1.4540E-001   3.7482E-002   9.3766E-003  -1.5919E-004   2.8583E-004   7.6667E-003   3.6647E-002  -2.1202E-002   1.1908E-003   2.6920E-003  -1.3508E-002   2.8016E-002   1.8287E-001  
 2.5726E+000  -7.8375E-001  -7.8792E-001   4.4145E-002   2.1806E-001   3.0913E+000   1.4435E-001   9.2241E-002   3.6329E-002  -2.7224E-001  -8.9661E-002  -1.5014E-001   1.5322E-002   1.3467E-002   6.0201E-003  -1.1890E-002  -1.0440E-002   6.0073E-002  -1.5978E-002   1.0408E-003   4.2527E-003  -1.4483E-002   2.7513E-002   1.8631E-001  
 2.8887E+000  -5.0396E-001  -4.9515E-001  -1.7529E-001  -2.8838E-001   3.4404E+000   1.8320E-001   9.1817E-002  -2.4805E-002  -3.8113E-001  -1.8624E-001  -1.2237E-001  -5.9403E-002   1.4662E-002   1.7244E-002  -4.6623E-002  -6.4046E-002   9.6493E-002  -7.9607E-003   9.3973E-004   2.2528E-004  -1.8648E-002   2.1776E-002   1.7108E-001  
 2.3583E+000  -1.4104E+000   1.4244E+000   1.3753E-001   5.9914E-001   2.9110E+000  -9.4859E-002   7.3930E-002  -1.5220E-001  -6.8540E-002  -4.6949E-002  -9.9467E-002  -7.1627E-002   3.2209E-003   8.2563E-003   5.4735E-003  -2.9903E-003   9.5562E-003   3.7674E-002   3.7803E-003  -2.4701E-003  -1.2277E-002   2.8046E-002   1.5375E-001  
 2.0227E+000  -1.5773E+000   1.2404E+000   1.6655E-001   4.6473E-001   2.9800E+000  -6.6762E-002   5.5931E-002  -1.2218E-001   7.0851E-004  -1.8381E-002  -8.3713E-002  -6.8137E-002  -2.0151E-003   6.0395E-003   1.4467E-002  -6.8066E-003  -5.7559E-003   2.8546E-002   2.1855E-003  -1.4190E-003  -1.1839E-002   2.9122E-002   1.4483E-001  
 1.7489E+000  -1.6216E+000   1.1035E+000   1.7423E-001   4.3644E-001   3.0669E+000  -4.8170E-002   4.3974E-002  -8.2696E-002   4.6572E-002   8.7369E-005  -7.0421E-002  -5.3902E-002  -4.6860E-003   2.9892E-003   1.9874E-002  -5.4733E-003  -1.5352E-002   1.8339E-002   1.0465E-003  -9.3260E-004  -1.2388E-002   2.9766E-002   1.4697E-001  
 1.5738E+000  -1.6912E+000   8.0551E-001   1.7347E-001   4.8025E-001   3.1362E+000  -3.5249E-002   3.7823E-002  -3.8173E-002   7.1684E-002   1.0969E-002  -6.2386E-002  -3.3511E-002  -5.4951E-003  -4.4342E-004   2.2898E-002  -1.2496E-003  -2.0193E-002   7.1544E-003   2.3680E-004  -8.6249E-004  -1.2767E-002   3.0527E-002   1.4650E-001  
 1.5039E+000  -1.7189E+000   4.5351E-001   1.7158E-001   5.6033E-001   3.1647E+000  -2.4540E-002   3.6715E-002   8.0134E-003   7.7507E-002   1.4891E-002  -6.1621E-002  -1.0541E-002  -4.9273E-003  -3.3369E-003   2.3537E-002   4.2242E-003  -2.0841E-002  -3.9294E-003  -1.3854E-004  -7.2998E-004  -1.2931E-002   3.1257E-002   1.6512E-001  
 1.5445E+000  -1.6990E+000   9.9388E-002   1.7112E-001   6.4070E-001   3.1454E+000  -1.2984E-002   4.0293E-002   5.3342E-002   6.4982E-002   1.2296E-002  -6.8489E-002   1.1743E-002  -3.4821E-003  -5.7213E-003   2.1881E-002   9.4576E-003  -1.7646E-002  -1.4654E-002  -4.0807E-004  -7.3546E-004  -1.2726E-002   3.1835E-002   1.6673E-001  
 1.6840E+000  -1.6266E+000  -2.3386E-001   1.6936E-001   6.8541E-001   3.0849E+000   2.4372E-003   4.8713E-002   9.5311E-002   3.3529E-002   2.6013E-003  -8.2177E-002   3.0118E-002  -9.8395E-004  -7.6715E-003   1.7879E-002   1.2977E-002  -1.0506E-002  -2.4804E-002  -3.7206E-005  -9.7338E-004  -1.2435E-002   3.2185E-002   1.7512E-001  
 1.8763E+000  -1.5020E+000  -4.8726E-001   1.5904E-001   6.5865E-001   3.0060E+000   2.4957E-002   6.2585E-002   1.3079E-001  -1.7782E-002  -1.4834E-002  -1.0014E-001   4.1329E-002   2.7037E-003  -8.4860E-003   1.1668E-002   1.3269E-002   9.7359E-004  -3.3443E-002   9.2530E-004  -7.7794E-004  -1.2087E-002   3.2389E-002   1.7432E-001  
 2.1733E+000  -1.3188E+000  -6.3304E-001   1.2708E-001   5.2617E-001   2.9437E+000   5.8055E-002   8.1894E-002   1.5555E-001  -9.1124E-002  -4.2659E-002  -1.1943E-001   4.0908E-002   8.3153E-003  -8.0648E-003   1.8300E-003   7.9011E-003   1.7855E-002  -4.0844E-002   2.6366E-003   2.4155E-004  -1.2874E-002   3.1741E-002   1.8406E-001  
 2.7408E+000  -1.2938E+000   1.2001E+000   4.4333E-002   9.0856E-001   2.7657E+000  -1.1945E-001   1.2587E-001  -2.4768E-001  -4.3073E-002  -9.9374E-002  -9.9870E-002  -5.0602E-002   3.5272E-003   1.4939E-002  -1.2116E-002   9.0023E-003   1.9787E-003   6.1219E-002   5.2949E-003  -2.8559E-004  -1.3553E-002   3.0461E-002   1.5427E-001  
 2.4702E+000  -1.5043E+000   1.0921E+000   1.0337E-001   6.7467E-001   2.8331E+000  -8.3428E-002   1.0188E-001  -1.9157E-001   4.2699E-002  -6.6066E-002  -8.3675E-002  -5.4857E-002  -3.7189E-003   1.1583E-002  -6.9133E-005   1.7486E-003  -1.7005E-002   4.6369E-002   3.1861E-003   1.0437E-003  -1.2422E-002   3.1646E-002   1.3652E-001  
 2.2438E+000  -1.6363E+000   8.7732E-001   1.3398E-001   5.6421E-001   2.9189E+000  -5.8347E-002   8.6506E-002  -1.2806E-001   9.9846E-002  -4.3659E-002  -6.9300E-002  -4.6745E-002  -8.1772E-003   6.2020E-003   8.5173E-003  -4.3944E-004  -2.9105E-002   2.9534E-002   6.2002E-004   1.0934E-003  -1.1519E-002   3.2964E-002   1.4514E-001  
 2.0859E+000  -1.7170E+000   6.1649E-001   1.4708E-001   5.3832E-001   2.9874E+000  -3.9459E-002   7.8366E-002  -5.9625E-002   1.3160E-001  -3.0648E-002  -6.0404E-002  -3.0087E-002  -9.6693E-003   4.5418E-004   1.3583E-002   8.1749E-004  -3.5224E-002   1.2175E-002  -1.1136E-003   1.8513E-004  -1.1019E-002   3.4159E-002   1.5826E-001  
 2.0152E+000  -1.7277E+000   3.4471E-001   1.4964E-001   5.5565E-001   3.0156E+000  -2.3215E-002   7.6595E-002   1.0200E-002   1.3924E-001  -2.6198E-002  -5.9312E-002  -9.6957E-003  -9.0776E-003  -4.6015E-003   1.4809E-002   3.6683E-003  -3.6233E-002  -4.7952E-003  -1.8555E-003  -7.9214E-004  -1.0894E-002   3.4938E-002   1.5786E-001  
 2.0375E+000  -1.6910E+000   7.3052E-002   1.4432E-001   5.7336E-001   2.9965E+000  -6.2224E-003   8.0964E-002   7.9077E-002   1.2390E-001  -2.9708E-002  -6.6283E-002   9.9780E-003  -7.0024E-003  -9.0999E-003   1.2614E-002   6.3090E-003  -3.2506E-002  -2.1453E-002  -1.8352E-003  -1.9144E-003  -1.1058E-002   3.5305E-002   1.5799E-001  
 2.1489E+000  -1.5814E+000  -1.5282E-001   1.2831E-001   5.4860E-001   2.9367E+000   1.4858E-002   9.1436E-002   1.4465E-001   8.4822E-002  -4.1883E-002  -8.0734E-002   2.4556E-002  -3.2526E-003  -1.3339E-002   6.5570E-003   6.9764E-003  -2.3942E-002  -3.7955E-002  -6.1720E-004  -3.3066E-003  -1.1691E-002   3.5081E-002   1.5909E-001  
 2.3329E+000  -1.4142E+000  -3.1315E-001   9.4604E-002   4.3992E-001   2.8586E+000   4.3302E-002   1.0866E-001   2.0362E-001   2.1407E-002  -6.3533E-002  -9.9835E-002   2.9451E-002   2.7556E-003  -1.6461E-002  -3.0388E-003   3.7305E-003  -9.6715E-003  -5.3509E-002   1.7010E-003  -3.7661E-003  -1.2812E-002   3.4539E-002   1.6011E-001  
 2.5668E+000  -1.1757E+000  -3.8232E-001   3.1945E-002   2.0807E-001   2.7977E+000   8.3498E-002   1.3373E-001   2.5381E-001  -6.9045E-002  -9.6489E-002  -1.1970E-001   2.0728E-002   1.0994E-002  -1.6818E-002  -1.6319E-002  -5.1858E-003   1.1272E-002  -6.6882E-002   3.7590E-003  -2.5283E-003  -1.4362E-002   3.3627E-002   1.5137E-001  
 2.9549E+000  -1.0984E+000   1.0034E+000  -2.2747E-001   1.4943E+000   2.3427E+000  -1.0159E-001   1.0867E-001  -2.8329E-001   2.8770E-003  -2.1113E-001  -1.5460E-001   3.8293E-002   1.6860E-002   6.0484E-002  -8.0413E-002   4.1717E-002  -1.5995E-002   1.0540E-001   1.2814E-002   9.8945E-003  -1.7972E-002   2.5312E-002   1.6092E-001  
 2.8696E+000  -1.2439E+000   8.8746E-001  -4.1239E-002   1.0119E+000   2.4741E+000  -1.0144E-001   1.6087E-001  -2.7282E-001   1.0845E-001  -1.3623E-001  -1.0920E-001  -2.2464E-002  -8.9546E-003   2.6842E-002  -3.0568E-002   1.4298E-002  -3.8666E-002   7.3603E-002   3.1568E-003   7.6268E-003  -1.4151E-002   3.3719E-002   1.9603E-001  
 2.7038E+000  -1.4102E+000   7.4975E-001   2.3266E-002   7.7316E-001   2.5658E+000  -7.1794E-002   1.5098E-001  -1.8651E-001   1.8218E-001  -1.0619E-001  -8.8239E-002  -3.0081E-002  -1.4707E-002   1.1912E-002  -1.6387E-002   6.6950E-003  -5.1589E-002   4.4730E-002  -9.4031E-004   3.4151E-003  -1.3429E-002   3.4788E-002   1.9201E-001  
 2.5798E+000  -1.5012E+000   5.6126E-001   5.1050E-002   6.3755E-001   2.6319E+000  -4.5086E-002   1.3929E-001  -8.7181E-002   2.2041E-001  -9.1243E-002  -7.9548E-002  -2.1890E-002  -1.7883E-002   3.0425E-003  -1.0731E-002   4.1468E-003  -5.9991E-002   1.9628E-002  -3.5766E-003   1.8416E-003  -1.3136E-002   3.5476E-002   1.5681E-001  
 2.5217E+000  -1.5161E+000   3.6182E-001   5.8273E-002   5.5117E-001   2.6591E+000  -2.1841E-002   1.3632E-001   1.2200E-002   2.2984E-001  -8.6312E-002  -7.8534E-002  -9.4230E-003  -1.7715E-002  -6.1156E-003  -9.3657E-003   3.0843E-003  -6.1775E-002  -5.7417E-003  -4.7972E-003  -8.7876E-004  -1.3282E-002   3.5907E-002   1.6251E-001  
 2.5349E+000  -1.4582E+000   1.6873E-001   4.7564E-002   4.6514E-001   2.6406E+000   2.0033E-003   1.4152E-001   1.1043E-001   2.1175E-001  -9.0893E-002  -8.5521E-002   2.2477E-003  -1.4601E-002  -1.4809E-002  -1.2039E-002   1.7981E-003  -5.7274E-002  -3.0934E-002  -4.2186E-003  -3.8325E-003  -1.3499E-002   3.6191E-002   1.5910E-001  
 2.6157E+000  -1.3267E+000   9.1115E-003   1.6391E-002   3.3077E-001   2.5828E+000   3.0538E-002   1.5531E-001   2.0654E-001   1.6537E-001  -1.0535E-001  -9.9749E-002   8.3665E-003  -8.5850E-003  -2.2231E-002  -1.8836E-002  -1.3078E-003  -4.6282E-002  -5.5347E-002  -2.0493E-003  -5.9435E-003  -1.3923E-002   3.6343E-002   1.6356E-001  
 2.7413E+000  -1.1451E+000  -8.8039E-002  -5.2710E-002   9.2593E-002   2.4979E+000   6.2353E-002   1.6586E-001   2.8645E-001   8.4703E-002  -1.3536E-001  -1.2586E-001  -3.4812E-003  -7.6694E-005  -3.5918E-002  -3.4579E-002  -1.0206E-002  -3.0871E-002  -8.3694E-002   2.4941E-003  -1.1440E-002  -1.5002E-002   3.5758E-002   1.9844E-001  
 2.7900E+000  -9.8584E-001  -1.7059E-001  -2.4342E-001  -3.9230E-001   2.3742E+000   6.5841E-002   1.1416E-001   2.8767E-001  -2.1628E-002  -2.1147E-001  -1.7538E-001  -6.9037E-002   3.2007E-002  -6.5646E-002  -8.7323E-002  -3.9828E-002  -6.3423E-003  -1.1409E-001   1.4061E-002  -1.1491E-002  -1.8475E-002   2.6551E-002   1.7997E-001  
