  3.1151E+00    1.0374E+00    6.5132E-01   -1.4978E-01   -1.0695E+00   -3.5342E+00   -8.8097E-02   -1.8502E-01   -3.6554E-01   -1.9598E-02   -1.8948E-01    1.1526E-01   -3.1585E-02    1.6458E-02   -1.2351E-02    6.1919E-02    4.2793E-02   -7.6738E-03    9.0796E-02   -1.1765E-03   -2.0459E-03   -1.7743E-02    2.1105E-02    1.6025E-01  
  3.0038E+00    1.2617E+00    6.0206E-01    1.4751E-02   -6.4871E-01   -3.4557E+00   -8.1279E-02   -2.1251E-01   -3.0308E-01   -1.2113E-01   -1.2198E-01    1.4688E-01    2.4033E-02    5.9053E-03   -8.7075E-03    2.4538E-02    1.2474E-02    1.8368E-02    6.2515E-02   -3.2506E-03    2.1781E-03   -1.4206E-02    2.2817E-02    1.5882E-01  
  2.8612E+00    1.4888E+00    4.7113E-01    7.2659E-02   -4.2204E-01   -3.3870E+00   -4.8422E-02   -1.8912E-01   -2.0455E-01   -1.8965E-01   -9.5707E-02    1.5960E-01    2.6970E-02   -8.7819E-04   -7.3076E-03    1.5314E-02    5.4937E-03    3.5040E-02    4.2024E-02   -2.4783E-04    4.0560E-03   -1.3820E-02    1.9662E-02    1.3878E-01  
  2.7672E+00    1.6216E+00    2.5762E-01    1.0347E-01   -2.8921E-01   -3.3305E+00   -2.2813E-02   -1.7568E-01   -1.0298E-01   -2.3024E-01   -8.0678E-02    1.6888E-01    2.0361E-02   -4.3295E-03   -3.5438E-03    9.9221E-03    1.7936E-03    4.4351E-02    2.0707E-02    2.1716E-03    2.5862E-03   -1.3552E-02    1.7977E-02    1.3460E-01  
  2.7346E+00    1.6643E+00    8.3172E-04    1.1272E-01   -2.0527E-01   -3.3096E+00   -8.8391E-04   -1.7110E-01   -3.9122E-04   -2.4351E-01   -7.5956E-02    1.7217E-01    8.9904E-03   -5.3315E-03    5.7096E-04    8.2032E-03   -2.9181E-04    4.7311E-02   -4.6538E-04    3.0839E-03   -2.0336E-04   -1.3500E-02    1.7582E-02    1.2477E-01  
  2.7665E+00    1.6196E+00   -2.5549E-01    1.0303E-01   -1.2119E-01   -3.3310E+00    2.0963E-02   -1.7512E-01    1.0217E-01   -2.3048E-01   -8.0988E-02    1.6904E-01   -2.3801E-03   -4.1520E-03    4.6651E-03    9.8570E-03   -2.3526E-03    4.4324E-02   -2.1671E-02    2.2125E-03   -2.9820E-03   -1.3530E-02    1.8654E-02    1.4291E-01  
  2.8599E+00    1.4855E+00   -4.6668E-01    7.1731E-02    1.2090E-02   -3.3882E+00    4.6303E-02   -1.8792E-01    2.0367E-01   -1.9019E-01   -9.6350E-02    1.5986E-01   -8.9458E-03   -4.8768E-04    8.3835E-03    1.5278E-02   -6.0276E-03    3.4927E-02   -4.3099E-02   -1.9364E-04   -4.4012E-03   -1.3812E-02    2.0753E-02    1.4748E-01  
  3.0015E+00    1.2588E+00   -5.9451E-01    1.2574E-02    2.4016E-01   -3.4579E+00    7.8376E-02   -2.0986E-01    3.0147E-01   -1.2184E-01   -1.2330E-01    1.4677E-01   -5.4064E-03    6.5844E-03    1.0061E-02    2.4943E-02   -1.3159E-02    1.8197E-02   -6.4103E-02   -3.2405E-03   -2.5649E-03   -1.4241E-02    2.4002E-02    1.6542E-01  
  3.1120E+00    1.0358E+00   -6.4308E-01   -1.5270E-01    6.6273E-01   -3.5372E+00    8.4182E-02   -1.8171E-01    3.6293E-01   -2.0803E-02   -1.9196E-01    1.1563E-01    5.0840E-02    1.7746E-02    1.4182E-02    6.3213E-02   -4.4364E-02   -8.5401E-03   -9.2382E-02   -1.4714E-03    1.4748E-03   -1.7756E-02    2.1914E-02    1.6668E-01  
  2.8063E+00    1.2762E+00    9.3827E-01    7.5278E-02   -5.5027E-01   -3.1815E+00   -9.1350E-02   -1.5571E-01   -2.6322E-01    4.2912E-02   -9.3723E-02    1.4507E-01    4.2947E-02    1.0424E-02   -3.0290E-03    1.0418E-02    9.8767E-03   -1.5987E-02    5.4050E-02   -4.3268E-03    7.1365E-04   -1.3473E-02    2.5724E-02    1.8079E-01  
  2.5724E+00    1.5289E+00    8.3319E-01    1.3943E-01   -3.1909E-01   -3.1288E+00   -5.6704E-02   -1.3035E-01   -2.0546E-01   -4.2218E-02   -5.9905E-02    1.5894E-01    4.8386E-02    5.1083E-03   -3.7831E-03   -6.1998E-05    2.1129E-03    3.7600E-03    4.1774E-02   -2.9421E-03    2.9418E-03   -1.3382E-02    2.2033E-02    1.3719E-01  
  2.3827E+00    1.7059E+00    6.1806E-01    1.7416E-01   -2.1104E-01   -3.0550E+00   -3.2723E-02   -1.1340E-01   -1.4091E-01   -1.0011E-01   -3.7489E-02    1.7220E-01    4.1869E-02    1.6088E-03   -2.5815E-03   -7.2513E-03   -1.0611E-03    1.6505E-02    2.7712E-02   -6.0221E-04    3.2781E-03   -1.3625E-02    1.8577E-02    1.3262E-01  
  2.2586E+00    1.8027E+00    3.2455E-01    1.9034E-01   -1.8711E-01   -2.9959E+00   -1.5070E-02   -1.0348E-01   -7.1347E-02   -1.3400E-01   -2.4773E-02    1.8141E-01    2.7216E-02    1.2491E-04   -1.0189E-03   -1.1339E-02   -1.3533E-03    2.3396E-02    1.3512E-02    9.3920E-04    1.9067E-03   -1.3925E-02    1.5920E-02    1.1679E-01  
  2.2158E+00    1.8397E+00   -9.1979E-05    1.9480E-01   -2.0581E-01   -2.9741E+00   -6.6134E-04   -1.0011E-01   -2.6838E-05   -1.4508E-01   -2.0787E-02    1.8471E-01    8.7510E-03   -1.8795E-04    4.3671E-04   -1.2681E-02   -3.0502E-04    2.5526E-02   -3.9911E-04    1.4560E-03   -1.0246E-04   -1.4020E-02    1.5156E-02    1.0694E-01  
  2.2580E+00    1.8010E+00   -3.2460E-01    1.9001E-01   -2.2441E-01   -2.9964E+00    1.3682E-02   -1.0306E-01    7.1288E-02   -1.3419E-01   -2.5017E-02    1.8160E-01   -9.7199E-03    3.1548E-04    1.8701E-03   -1.1451E-02    7.9650E-04    2.3342E-02   -1.4321E-02    1.0160E-03   -2.1221E-03   -1.3837E-02    1.6721E-02    1.2416E-01  
  2.3816E+00    1.7028E+00   -6.1516E-01    1.7352E-01   -2.0011E-01   -3.0560E+00    3.1138E-02   -1.1253E-01    1.4082E-01   -1.0051E-01   -3.7988E-02    1.7254E-01   -2.4377E-02    1.9906E-03    3.3705E-03   -7.4233E-03    6.1864E-04    1.6370E-02   -2.8564E-02   -4.7774E-04   -3.5103E-03   -1.3493E-02    1.9824E-02    1.4015E-01  
  2.5709E+00    1.5247E+00   -8.2598E-01    1.3843E-01   -9.1395E-02   -3.1303E+00    5.4753E-02   -1.2895E-01    2.0528E-01   -4.2912E-02   -6.0682E-02    1.5932E-01   -3.0825E-02    5.7224E-03    4.4901E-03   -1.7161E-04   -2.4710E-03    3.4739E-03   -4.2720E-02   -2.8286E-03   -3.1519E-03   -1.3281E-02    2.3376E-02    1.4095E-01  
  2.8047E+00    1.2726E+00   -9.2797E-01    7.3820E-02    1.4082E-01   -3.1834E+00    8.8847E-02   -1.5370E-01    2.6287E-01    4.1812E-02   -9.4808E-02    1.4545E-01   -2.5168E-02    1.1338E-02    3.6083E-03    1.0467E-02   -1.0223E-02   -1.6508E-02   -5.5120E-02   -4.2525E-03   -8.6130E-04   -1.3457E-02    2.7011E-02    1.8200E-01  
  2.3982E+00    1.3345E+00    1.1948E+00    1.6112E-01   -2.3850E-01   -3.0529E+00   -6.5267E-02   -9.5534E-02   -1.6230E-01    7.2645E-02   -4.4299E-02    1.4050E-01    6.2492E-02    6.3023E-03    1.7855E-03   -6.2118E-03   -1.7104E-03   -2.0406E-02    3.1489E-02   -2.8446E-03    4.2713E-05   -1.2885E-02    2.5853E-02    1.6678E-01  
  2.1025E+00    1.5284E+00    1.0252E+00    1.9611E-01   -1.0614E-01   -2.9978E+00   -3.8457E-02   -7.6912E-02   -1.3145E-01    3.6746E-03   -1.4976E-02    1.5453E-01    6.0367E-02    3.3307E-03    7.5852E-04   -1.4446E-02   -5.9584E-03   -4.8328E-03    2.4423E-02   -1.6487E-03    1.7283E-03   -1.3524E-02    2.1960E-02    1.2990E-01  
  1.8469E+00    1.6864E+00    6.9547E-01    2.0883E-01   -7.9616E-02   -2.9224E+00   -2.0888E-02   -6.4047E-02   -9.1727E-02   -4.3223E-02    3.6953E-03    1.6724E-01    4.7983E-02    2.0897E-03    5.3499E-04   -1.9216E-02   -5.7575E-03    4.8159E-03    1.6473E-02   -4.8161E-04    1.9337E-03   -1.5058E-02    1.7562E-02    1.3949E-01  
  1.6853E+00    1.7608E+00    3.5875E-01    2.1170E-01   -1.2496E-01   -2.8621E+00   -9.2299E-03   -5.6592E-02   -4.6800E-02   -7.0494E-02    1.4151E-02    1.7597E-01    2.9622E-02    1.7945E-03    5.5044E-04   -2.1845E-02   -3.4838E-03    1.0003E-02    8.0069E-03    2.3188E-04    1.0531E-03   -1.6219E-02    1.3868E-02    1.0401E-01  
  1.6311E+00    1.7849E+00    4.1613E-03    2.1172E-01   -2.0619E-01   -2.8399E+00   -4.9175E-04   -5.4038E-02    2.1844E-04   -7.9354E-02    1.7378E-02    1.7904E-01    8.5532E-03    1.8545E-03    3.6491E-04   -2.2648E-02   -3.3919E-04    1.1605E-02   -3.8732E-04    4.0386E-04   -6.8569E-05   -1.6656E-02    1.2591E-02    1.0226E-01  
  1.6856E+00    1.7609E+00   -3.5039E-01    2.1144E-01   -2.8732E-01   -2.8626E+00    8.1904E-03   -5.6249E-02    4.7239E-02   -7.0624E-02    1.3956E-02    1.7615E-01   -1.2518E-02    1.9892E-03    1.5086E-04   -2.1938E-02    2.8762E-03    9.9044E-03   -8.7771E-03    3.1317E-04   -1.2061E-03   -1.6083E-02    1.4746E-02    1.1012E-01  
  1.8472E+00    1.6861E+00   -6.8788E-01    2.0833E-01   -3.3232E-01   -2.9233E+00    1.9683E-02   -6.3354E-02    9.2164E-02   -4.3502E-02    3.3037E-03    1.6757E-01   -3.0873E-02    2.4761E-03    9.2300E-05   -1.9382E-02    5.3197E-03    4.6176E-03   -1.7236E-02   -3.4527E-04   -2.1241E-03   -1.4833E-02    1.8859E-02    1.4644E-01  
  2.1012E+00    1.5256E+00   -1.0171E+00    1.9542E-01   -3.0524E-01   -2.9992E+00    3.6967E-02   -7.5846E-02    1.3187E-01    3.1913E-03   -1.5563E-02    1.5493E-01   -4.3231E-02    3.8972E-03   -2.4919E-04   -1.4634E-02    5.7066E-03   -5.1591E-03   -2.5185E-02   -1.4902E-03   -1.9313E-03   -1.3269E-02    2.3338E-02    1.3674E-01  
  2.3971E+00    1.3325E+00   -1.1836E+00    1.6021E-01   -1.7204E-01   -3.0547E+00    6.3350E-02   -9.4029E-02    1.6264E-01    7.1866E-02   -4.5096E-02    1.4092E-01   -4.5227E-02    7.0826E-03   -1.4146E-03   -6.3269E-03    1.5709E-03   -2.0914E-02   -3.2279E-02   -2.7199E-03   -2.1120E-04   -1.2688E-02    2.7157E-02    1.6676E-01  
  2.9878E+00    5.9053E-01    1.1485E+00   -2.1346E-01   -1.1416E+00   -2.4702E+00   -1.1087E-01   -8.2265E-02   -1.1549E-02    2.9218E-01   -2.1336E-01    1.7259E-01   -4.5453E-02    2.2154E-02    5.6133E-02    3.9731E-02    8.4011E-02   -1.0857E-01   -1.2088E-02    8.5734E-03   -1.1224E-02   -1.7997E-02    2.6441E-02    1.8744E-01  
  2.7667E+00    8.0974E-01    1.3408E+00    6.1252E-02   -5.5197E-01   -2.8903E+00   -1.3133E-01   -1.0038E-01   -5.9993E-02    2.5157E-01   -9.9599E-02    1.1640E-01    4.3649E-02    5.1069E-03    1.5138E-02    6.4030E-03    1.4174E-02   -6.2679E-02    6.3150E-03    2.6854E-03   -3.8165E-03   -1.3536E-02    3.2200E-02    1.6878E-01  
  2.3779E+00    1.0474E+00    1.4559E+00    1.5534E-01   -2.3868E-01   -3.0369E+00   -8.0004E-02   -7.5207E-02   -8.2594E-02    1.5453E-01   -4.6531E-02    1.1590E-01    6.3440E-02    3.9208E-03    7.6588E-03   -5.8998E-03   -3.2442E-03   -3.8079E-02    1.3154E-02   -2.3203E-04   -2.2733E-03   -1.2293E-02    2.9943E-02    1.6541E-01  
  1.9844E+00    1.2313E+00    1.3852E+00    1.9658E-01   -6.0595E-02   -3.0514E+00   -4.5904E-02   -5.6164E-02   -8.5803E-02    8.0253E-02   -9.1309E-03    1.2639E-01    6.7958E-02    2.0995E-03    4.0361E-03   -1.4574E-02   -1.0528E-02   -2.0242E-02    1.4016E-02   -1.0654E-03   -6.8020E-07   -1.3083E-02    2.6357E-02    1.6279E-01  
  1.6193E+00    1.4268E+00    1.0851E+00    2.0570E-01    3.9575E-03   -2.9957E+00   -2.4708E-02   -4.2474E-02   -7.4797E-02    2.6310E-02    1.5953E-02    1.4021E-01    6.1199E-02    1.2622E-03    2.6832E-03   -2.0058E-02   -1.1364E-02   -8.6199E-03    1.1796E-02   -6.2281E-04    1.0899E-03   -1.5374E-02    2.1589E-02    1.3242E-01  
  1.3317E+00    1.5206E+00    7.7244E-01    1.9987E-01   -1.7486E-02   -2.9195E+00   -1.2085E-02   -3.3073E-02   -5.4194E-02   -1.0162E-02    3.1661E-02    1.5251E-01    4.6974E-02    1.3438E-03    1.8513E-03   -2.2998E-02   -8.7339E-03   -1.4976E-03    8.3980E-03   -1.9545E-04    1.0662E-03   -1.8109E-02    1.6261E-02    1.1226E-01  
  1.1456E+00    1.5752E+00    4.0080E-01    1.9153E-01   -9.7545E-02   -2.8588E+00   -4.8992E-03   -2.7648E-02   -2.8031E-02   -3.1114E-02    4.0326E-02    1.6082E-01    2.8555E-02    1.5753E-03    1.0770E-03   -2.4683E-02   -4.8158E-03    2.4973E-03    4.1801E-03    6.6048E-05    6.1435E-04   -1.9827E-02    1.1981E-02    8.4573E-02  
  1.0820E+00    1.5930E+00    4.2270E-03    1.8790E-01   -2.0644E-01   -2.8364E+00   -3.4541E-04   -2.5817E-02    4.0100E-04   -3.7882E-02    4.3006E-02    1.6376E-01    8.3632E-03    1.7364E-03    3.1145E-04   -2.5247E-02   -3.6140E-04    3.7253E-03   -3.7273E-04    1.8397E-04   -6.3826E-05   -2.0338E-02    1.0518E-02    8.6378E-02  
  1.1460E+00    1.5754E+00   -3.9231E-01    1.9132E-01   -3.1523E-01   -2.8592E+00    4.1536E-03   -2.7357E-02    2.8837E-02   -3.1189E-02    4.0186E-02    1.6098E-01   -1.1816E-02    1.7644E-03   -4.8315E-04   -2.4708E-02    4.1650E-03    2.3556E-03   -4.9164E-03    1.2534E-04   -7.5213E-04   -1.9682E-02    1.2823E-02    9.1223E-02  
  1.3325E+00    1.5209E+00   -7.6385E-01    1.9949E-01   -3.9497E-01   -2.9204E+00    1.1184E-02   -3.2490E-02    5.5011E-02   -1.0326E-02    3.1370E-02    1.5281E-01   -3.0196E-02    1.7130E-03   -1.3415E-03   -2.3051E-02    8.2689E-03   -1.7669E-03   -9.0991E-03   -8.4552E-05   -1.2308E-03   -1.7855E-02    1.7448E-02    1.1892E-01  
  1.6206E+00    1.4272E+00   -1.0764E+00    2.0520E-01   -4.1589E-01   -2.9970E+00    2.3568E-02   -4.1592E-02    7.5621E-02    2.6024E-02    1.5495E-02    1.4057E-01   -4.4347E-02    1.7903E-03   -2.3033E-03   -2.0141E-02    1.1139E-02   -8.9914E-03   -1.2445E-02   -4.8294E-04   -1.2911E-03   -1.5075E-02    2.2822E-02    1.3885E-01  
  1.9839E+00    1.2320E+00   -1.3728E+00    1.9602E-01   -3.5060E-01   -3.0531E+00    4.4412E-02   -5.4937E-02    8.6601E-02    7.9762E-02   -9.7496E-03    1.2675E-01   -5.0980E-02    2.7697E-03   -3.8030E-03   -1.4626E-02    1.0480E-02   -2.0735E-02   -1.4622E-02   -9.2959E-04   -1.9132E-04   -1.2810E-02    2.7528E-02    1.6302E-01  
  2.3781E+00    1.0491E+00   -1.4401E+00    1.5466E-01   -1.7150E-01   -3.0389E+00    7.8040E-02   -7.3565E-02    8.3319E-02    1.5371E-01   -4.7329E-02    1.1622E-01   -4.6217E-02    4.7530E-03   -7.6104E-03   -5.8616E-03    3.2421E-03   -3.8730E-02   -1.3729E-02   -1.3313E-04    2.1453E-03   -1.2131E-02    3.0995E-02    1.6734E-01  
  2.7675E+00    8.1166E-01   -1.3238E+00    6.0228E-02    1.4320E-01   -2.8925E+00    1.2869E-01   -9.8182E-02    6.0595E-02    2.5023E-01   -1.0066E-01    1.1675E-01   -2.5971E-02    6.1172E-03   -1.5334E-02    6.6290E-03   -1.4348E-02   -6.3564E-02   -6.8712E-03    2.7502E-03    3.7878E-03   -1.3550E-02    3.3074E-02    1.6852E-01  
  2.9840E+00    5.9716E-01   -1.1387E+00   -2.1913E-01    7.4008E-01   -2.4699E+00    1.0373E-01   -7.6863E-02    1.1425E-02    2.8629E-01   -2.1641E-01    1.7401E-01    6.6326E-02    2.4395E-02   -5.7979E-02    4.1337E-02   -8.5806E-02   -1.1076E-01    1.1290E-02    8.8133E-03    1.1568E-02   -1.8072E-02    2.6713E-02    1.8702E-01  
  2.9201E+00    4.9773E-01    1.2960E+00   -2.3585E-02   -6.6059E-01   -2.5938E+00   -1.6473E-01   -8.1664E-02    9.1730E-02    2.8216E-01   -1.3784E-01    1.2369E-01    1.8733E-02   -6.4753E-03    2.9187E-02    1.1531E-02    3.2556E-02   -7.6713E-02   -3.4695E-02    1.0125E-02   -2.1998E-03   -1.4540E-02    3.4681E-02    1.9729E-01  
  2.5152E+00    7.0325E-01    1.5695E+00    1.2168E-01   -3.2008E-01   -2.9540E+00   -1.0653E-01   -6.2408E-02    2.8035E-02    1.9827E-01   -6.6927E-02    9.8285E-02    5.0061E-02   -2.0835E-03    1.3351E-02   -1.5639E-03    1.7223E-03   -4.8814E-02   -1.3413E-02    3.7013E-03   -2.0847E-03   -1.2344E-02    3.3222E-02    1.6970E-01  
  2.0626E+00    8.6843E-01    1.6321E+00    1.8566E-01   -1.0611E-01   -3.1021E+00   -6.1322E-02   -4.4849E-02   -1.1516E-02    1.2706E-01   -1.8637E-02    9.8305E-02    6.2057E-02   -1.0977E-03    6.8325E-03   -1.0521E-02   -1.2580E-02   -2.9989E-02   -2.7263E-03    7.0647E-04   -9.3911E-04   -1.1704E-02    3.0916E-02    1.5287E-01  
  1.6120E+00    1.0703E+00    1.4448E+00    2.0076E-01    4.0766E-03   -3.1171E+00   -3.2041E-02   -3.1430E-02   -3.0330E-02    7.2008E-02    1.4541E-02    1.0920E-01    6.2023E-02   -8.4055E-04    3.9856E-03   -1.6270E-02   -1.6498E-02   -1.7225E-02    1.8860E-03   -3.8415E-04    3.2697E-04   -1.4111E-02    2.6637E-02    1.6377E-01  
  1.2023E+00    1.1679E+00    1.1827E+00    1.8933E-01    2.7990E-02   -3.0613E+00   -1.4846E-02   -2.1746E-02   -3.3801E-02    3.2033E-02    3.6308E-02    1.2302E-01    5.3868E-02   -2.7584E-04    2.8278E-03   -1.9546E-02   -1.4659E-02   -9.2615E-03    3.2600E-03   -3.3662E-04    7.6091E-04   -1.7904E-02    2.1064E-02    1.2503E-01  
  8.7774E-01    1.2339E+00    8.3467E-01    1.6914E-01   -1.3109E-02   -2.9849E+00   -5.9565E-03   -1.5399E-02   -2.7239E-02    5.4037E-03    5.0126E-02    1.3515E-01    4.1072E-02    3.3053E-04    1.9268E-03   -2.1795E-02   -1.0809E-02   -4.0895E-03    2.8604E-03   -1.6325E-04    7.4017E-04   -2.0797E-02    1.6042E-02    8.9046E-02  
  6.6861E-01    1.2722E+00    4.3095E-01    1.5208E-01   -9.8948E-02   -2.9239E+00   -1.9282E-03   -1.1738E-02   -1.4679E-02   -9.8443E-03    5.7642E-02    1.4337E-01    2.5312E-02    7.7811E-04    1.0954E-03   -2.3194E-02   -5.8495E-03   -1.1906E-03    1.4670E-03   -6.1554E-07    4.1982E-04   -2.2433E-02    1.2357E-02    6.6458E-02  
  5.9736E-01    1.2846E+00    4.3042E-03    1.4556E-01   -2.0657E-01   -2.9013E+00   -2.1712E-04   -1.0473E-02    5.4898E-04   -1.4755E-02    5.9957E-02    1.4629E-01    8.1732E-03    9.9856E-04    2.6638E-04   -2.3648E-02   -3.4718E-04   -3.1695E-04   -3.2343E-04    7.5852E-05   -5.2009E-05   -2.2929E-02    1.1150E-02    6.2570E-02  
  6.6923E-01    1.2723E+00   -4.2231E-01    1.5193E-01   -3.1410E-01   -2.9243E+00    1.4453E-03   -1.1497E-02    1.5780E-02   -9.8644E-03    5.7555E-02    1.4350E-01   -8.9289E-03    9.4231E-04   -5.9240E-04   -2.3127E-02    5.2125E-03   -1.3615E-03   -2.1024E-03    3.7293E-05   -5.3082E-04   -2.2321E-02    1.2931E-02    7.3003E-02  
  8.7896E-01    1.2342E+00   -8.2593E-01    1.6889E-01   -3.9963E-01   -2.9858E+00    5.3235E-03   -1.4900E-02    2.8352E-02    5.3489E-03    4.9923E-02    1.3540E-01   -2.4591E-02    6.5623E-04   -1.5089E-03   -2.1695E-02    1.0348E-02   -4.4156E-03   -3.4588E-03   -9.2722E-05   -8.7211E-04   -2.0592E-02    1.6918E-02    9.0655E-02  
  1.2040E+00    1.1684E+00   -1.1739E+00    1.8906E-01   -4.4023E-01   -3.0626E+00    1.3988E-02   -2.0987E-02    3.4926E-02    3.1906E-02    3.5966E-02    1.2332E-01   -3.7248E-02    1.9070E-04   -2.5454E-03   -1.9435E-02    1.4422E-02   -9.6980E-03   -3.7958E-03   -2.4979E-04   -9.2155E-04   -1.7642E-02    2.2014E-02    1.2542E-01  
  1.6142E+00    1.0709E+00   -1.4357E+00    2.0052E-01   -4.1563E-01   -3.1187E+00    3.0890E-02   -3.0394E-02    3.1461E-02    7.1749E-02    1.4064E-02    1.0950E-01   -4.5220E-02   -2.5931E-04   -3.8635E-03   -1.6172E-02    1.6478E-02   -1.7733E-02   -2.3410E-03   -2.9754E-04   -5.0335E-04   -1.3848E-02    2.7561E-02    1.6526E-01  
  2.0637E+00    8.7370E-01   -1.6176E+00    1.8544E-01   -3.0454E-01   -3.1040E+00    5.9786E-02   -4.3484E-02    1.2629E-02    1.2655E-01   -1.9241E-02    9.8580E-02   -4.5020E-02   -4.2233E-04   -6.8830E-03   -1.0406E-02    1.2649E-02   -3.0584E-02    2.3492E-03    7.7933E-04    7.9922E-04   -1.1498E-02    3.1778E-02    1.5434E-01  
  2.5173E+00    7.0851E-01   -1.5537E+00    1.2135E-01   -8.9355E-02   -2.9560E+00    1.0448E-01   -6.0618E-02   -2.6966E-02    1.9733E-01   -6.7716E-02    9.8587E-02   -3.2649E-02   -1.3076E-03   -1.3645E-02   -1.3685E-03   -1.7507E-03   -4.9571E-02    1.3104E-02    3.7839E-03    2.0461E-03   -1.2273E-02    3.3953E-02    1.6852E-01  
  2.9223E+00    5.0333E-01   -1.2815E+00   -2.4971E-02    2.5335E-01   -2.5952E+00    1.6118E-01   -7.8978E-02   -9.0412E-02    2.7992E-01   -1.3918E-01    1.2457E-01   -3.2722E-04   -5.6735E-03   -3.0236E-02    1.2023E-02   -3.3132E-02   -7.8088E-02    3.4572E-02    1.0491E-02    2.2914E-03   -1.4601E-02    3.5164E-02    1.9463E-01  
  2.7735E+00    3.7974E-01    1.4746E+00    4.1879E-02   -4.2413E-01   -2.6805E+00   -1.5305E-01   -5.0818E-02    1.6833E-01    1.9745E-01   -1.0842E-01    1.0061E-01    2.7796E-02   -1.3110E-02    1.6372E-02    3.4241E-03    1.7719E-02   -4.9048E-02   -4.8996E-02    5.6834E-03    1.4182E-03   -1.3449E-02    3.5559E-02    1.7114E-01  
  2.3103E+00    5.0895E-01    1.7148E+00    1.5357E-01   -2.1127E-01   -3.0355E+00   -9.0071E-02   -3.6079E-02    8.8174E-02    1.3693E-01   -4.5209E-02    8.1444E-02    4.3728E-02   -6.9251E-03    9.2658E-03   -4.2483E-03   -7.3313E-03   -3.2919E-02   -2.6508E-02    3.1229E-03    6.2221E-05   -1.1289E-02    3.4252E-02    1.5277E-01  
  1.8190E+00    6.6535E-01    1.7138E+00    1.9448E-01   -7.9355E-02   -3.1846E+00   -4.8383E-02   -2.4733E-02    3.6885E-02    8.9500E-02   -9.1774E-04    8.2576E-02    4.9656E-02   -3.9709E-03    5.0091E-03   -9.7431E-03   -1.8394E-02   -2.0791E-02   -1.3120E-02    7.9340E-04   -1.0118E-04   -1.2058E-02    3.1323E-02    1.5549E-01  
  1.3190E+00    7.6099E-01    1.5386E+00    1.9067E-01   -1.7223E-02   -3.2003E+00   -2.2512E-02   -1.6204E-02    7.1809E-03    5.3074E-02    2.9377E-02    9.3871E-02    4.7999E-02   -2.5355E-03    3.0629E-03   -1.3205E-02   -1.9891E-02   -1.2654E-02   -6.1054E-03   -2.0704E-04    3.7301E-04   -1.5710E-02    2.6394E-02    1.5630E-01  
  8.7259E-01    8.2323E-01    1.2488E+00    1.6475E-01   -1.2961E-02   -3.1448E+00   -8.4392E-03   -1.0206E-02   -6.3911E-03    2.6847E-02    4.9469E-02    1.0762E-01    4.1436E-02   -1.4321E-03    2.2264E-03   -1.5402E-02   -1.7004E-02   -7.5089E-03   -2.5718E-03   -2.1811E-04    5.4592E-04   -1.9680E-02    2.1072E-02    1.2223E-01  
  5.2030E-01    8.6516E-01    8.7660E-01    1.3398E-01   -5.2502E-02   -3.0683E+00   -2.0076E-03   -6.3356E-03   -9.2854E-03    9.4516E-03    6.2085E-02    1.1957E-01    3.1935E-02   -5.7841E-04    1.5256E-03   -1.6933E-02   -1.2343E-02   -4.1576E-03   -9.3958E-04   -1.2099E-04    5.1596E-04   -2.2549E-02    1.6505E-02    8.8863E-02  
  2.9393E-01    8.8946E-01    4.5125E-01    1.1031E-01   -1.2225E-01   -3.0072E+00   -2.7882E-05   -4.1716E-03   -5.7794E-03   -4.6830E-04    6.9003E-02    1.2762E-01    2.0407E-02    1.2372E-06    8.8720E-04   -1.7779E-02   -6.5804E-03   -2.3120E-03   -3.8942E-04   -2.8070E-05    2.9752E-04   -2.4362E-02    1.3292E-02    6.6117E-02  
  2.1695E-01    8.9738E-01    4.3930E-03    1.0160E-01   -2.0658E-01   -2.9846E+00   -1.0886E-04   -3.4244E-03    6.6982E-04   -3.6500E-03    7.1168E-02    1.3047E-01    7.9947E-03    2.3576E-04    2.3778E-04   -1.8003E-02   -2.9302E-04   -1.7908E-03   -2.4805E-04    1.5610E-05   -3.3244E-05   -2.4972E-02    1.2244E-02    6.4709E-02  
  2.9469E-01    8.8964E-01   -4.4244E-01    1.1028E-01   -2.9083E-01   -3.0076E+00   -2.3258E-04   -3.9637E-03    7.1233E-03   -4.3525E-04    6.8929E-02    1.2774E-01   -4.3577E-03    1.3326E-04   -4.4166E-04   -1.7642E-02    6.0393E-03   -2.5105E-03   -9.0637E-05   -8.7976E-06   -3.6864E-04   -2.4275E-02    1.3607E-02    6.4005E-02  
  5.2182E-01    8.6553E-01   -8.6771E-01    1.3392E-01   -3.6030E-01   -3.0692E+00    1.6204E-03   -5.9179E-03    1.0638E-02    9.4938E-03    6.1945E-02    1.1978E-01   -1.5719E-02   -3.2106E-04   -1.1691E-03   -1.6683E-02    1.1920E-02   -4.5236E-03    5.0247E-04   -8.9556E-05   -6.0064E-04   -2.2419E-02    1.7025E-02    9.0775E-02  
  8.7480E-01    8.2376E-01   -1.2397E+00    1.6474E-01   -3.9936E-01   -3.1460E+00    7.8346E-03   -9.5521E-03    7.7627E-03    2.6862E-02    4.9216E-02    1.0789E-01   -2.5003E-02   -1.0564E-03   -2.0077E-03   -1.5115E-02    1.6778E-02   -7.9951E-03    2.1901E-03   -1.8461E-04   -6.5101E-04   -1.9505E-02    2.1681E-02    1.2416E-01  
  1.3219E+00    7.6168E-01   -1.5294E+00    1.9078E-01   -3.9444E-01   -3.2018E+00    2.1646E-02   -1.5306E-02   -5.7931E-03    5.3000E-02    2.9006E-02    9.4149E-02   -3.1310E-02   -2.0635E-03   -3.0136E-03   -1.2924E-02    1.9840E-02   -1.3194E-02    5.7916E-03   -1.9081E-04   -4.9689E-04   -1.5521E-02    2.7011E-02    1.5802E-01  
  1.8223E+00    6.6749E-01   -1.7034E+00    1.9471E-01   -3.3145E-01   -3.1864E+00    4.7191E-02   -2.3553E-02   -3.5484E-02    8.9229E-02   -1.3887E-03    8.2841E-02   -3.2688E-02   -3.4331E-03   -5.1351E-03   -9.4971E-03    1.8436E-02   -2.1370E-02    1.2889E-02    8.0594E-04   -6.4606E-06   -1.1887E-02    3.1917E-02    1.5739E-01  
  2.3139E+00    5.1799E-01   -1.6991E+00    1.5384E-01   -1.9845E-01   -3.0375E+00    8.8482E-02   -3.4558E-02   -8.6776E-02    1.3631E-01   -4.5782E-02    8.1715E-02   -2.6435E-02   -6.3407E-03   -9.5921E-03   -4.0053E-03    7.3518E-03   -3.3576E-02    2.6348E-02    3.1759E-03   -1.0422E-04   -1.1180E-02    3.4788E-02    1.5311E-01  
  2.7780E+00    3.8746E-01   -1.4593E+00    4.2005E-02    1.5844E-02   -2.6825E+00    1.5093E-01   -4.8826E-02   -1.6694E-01    1.9621E-01   -1.0915E-01    1.0098E-01   -1.0044E-02   -1.2479E-02   -1.7006E-02    3.7441E-03   -1.7847E-02   -4.9921E-02    4.8877E-02    5.8646E-03   -1.3540E-03   -1.3446E-02    3.6003E-02    1.6533E-01  
  2.6711E+00    2.0226E-01    1.5923E+00    7.1057E-02   -2.8979E-01   -2.7422E+00   -1.4003E-01   -2.3818E-02    2.1064E-01    9.9601E-02   -9.3972E-02    8.9014E-02    2.0723E-02   -1.7373E-02    8.4729E-03    7.5031E-04    1.1466E-02   -2.4687E-02   -5.8654E-02    3.2592E-03    3.5686E-03   -1.2950E-02    3.5976E-02    1.7362E-01  
  2.1756E+00    2.6270E-01    1.8042E+00    1.6789E-01   -1.8660E-01   -3.0994E+00   -8.0620E-02   -1.6712E-02    1.2353E-01    6.9874E-02   -3.2846E-02    6.9651E-02    2.8364E-02   -9.2872E-03    4.4456E-03   -3.1457E-03   -1.2932E-02   -1.6308E-02   -3.3787E-02    1.4684E-03    1.4044E-03   -1.0598E-02    3.5082E-02    1.5708E-01  
  1.6595E+00    3.5077E-01    1.7818E+00    1.9476E-01   -1.2433E-01   -3.2493E+00   -4.1028E-02   -1.1144E-02    6.5081E-02    4.6185E-02    9.1532E-03    7.1636E-02    3.0647E-02   -5.3910E-03    2.4419E-03   -5.7676E-03   -2.1918E-02   -1.0404E-02   -1.9004E-02    3.0841E-04    3.9247E-04   -1.2277E-02    3.1679E-02    1.5910E-01  
  1.1297E+00    3.9283E-01    1.5933E+00    1.7932E-01   -9.7018E-02   -3.2653E+00   -1.7048E-02   -6.9459E-03    2.8799E-02    2.7987E-02    3.7794E-02    8.3384E-02    2.9223E-02   -3.4805E-03    1.6504E-03   -7.3765E-03   -2.1885E-02   -6.6053E-03   -1.0818E-02   -1.0087E-04    3.5897E-04   -1.6679E-02    2.6355E-02    1.3716E-01  
  6.6035E-01    4.2301E-01    1.2871E+00    1.4446E-01   -9.8550E-02   -3.2101E+00   -4.8557E-03   -4.0831E-03    9.3824E-03    1.5058E-02    5.6986E-02    9.7035E-02    2.5568E-02   -2.1483E-03    1.2457E-03   -8.5036E-03   -1.8368E-02   -4.1070E-03   -6.0372E-03   -1.1898E-04    4.5079E-04   -2.0710E-02    2.1246E-02    1.1032E-01  
  2.9078E-01    4.4333E-01    9.0093E-01    1.0715E-01   -1.2201E-01   -3.1337E+00    1.6727E-04   -2.2703E-03    1.0654E-03    6.5114E-03    6.8923E-02    1.0883E-01    2.0435E-02   -1.1811E-03    9.0778E-04   -9.2160E-03   -1.3214E-02   -2.4879E-03   -3.2518E-03   -7.4994E-05    4.1597E-04   -2.3618E-02    1.6917E-02    8.6158E-02  
  5.3655E-02    4.5511E-01    4.6304E-01    7.9476E-02   -1.6062E-01   -3.0726E+00    1.0321E-03   -1.2316E-03   -6.3805E-04    1.6539E-03    7.5450E-02    1.1681E-01    1.4348E-02   -5.5232E-04    5.7697E-04   -9.5970E-03   -6.9471E-03   -1.6313E-03   -1.4825E-03   -3.2685E-05    2.4529E-04   -2.5487E-02    1.4035E-02    6.2815E-02  
 -2.6895E-02    4.5899E-01    4.4918E-03    6.9471E-02   -2.0648E-01   -3.0500E+00   -1.2382E-05   -8.5102E-04    7.6548E-04    1.2371E-04    7.7481E-02    1.1965E-01    7.8604E-03   -3.1503E-04    2.2865E-04   -9.6574E-03   -2.1121E-04   -1.4300E-03   -1.4430E-04   -9.7362E-06   -1.2882E-05   -2.6133E-02    1.3085E-02    6.1036E-02  
  5.4548E-02    4.5531E-01   -4.5403E-01    7.9581E-02   -2.5226E-01   -3.0730E+00   -1.0971E-03   -1.0510E-03    2.1765E-03    1.7314E-03    7.5368E-02    1.1692E-01    1.4445E-03   -4.6220E-04   -1.4835E-04   -9.4194E-03    6.5541E-03   -1.8464E-03    1.2064E-03   -2.6622E-05   -2.7178E-04   -2.5428E-02    1.4170E-02    6.2888E-02  
  2.9256E-01    4.4374E-01   -8.9183E-01    1.0736E-01   -2.9060E-01   -3.1345E+00   -3.5264E-04   -1.9035E-03    4.8968E-04    6.6428E-03    6.8772E-02    1.0902E-01   -4.4440E-03   -1.0035E-03   -5.7023E-04   -8.8911E-03    1.2901E-02   -2.8823E-03    3.0043E-03   -7.0226E-05   -4.4928E-04   -2.3531E-02    1.7152E-02    8.8438E-02  
  6.6297E-01    4.2361E-01   -1.2779E+00    1.4480E-01   -3.1363E-01   -3.2113E+00    4.4798E-03   -3.5206E-03   -7.8050E-03    1.5196E-02    5.6778E-02    9.7289E-02   -9.2814E-03   -1.8909E-03   -1.0479E-03   -8.0923E-03    1.8169E-02   -4.6203E-03    5.8332E-03   -1.2641E-04   -4.9276E-04   -2.0626E-02    2.1540E-02    1.1317E-01  
  1.1331E+00    3.9361E-01   -1.5839E+00    1.7984E-01   -3.1453E-01   -3.2668E+00    1.6437E-02   -6.1618E-03   -2.7192E-02    2.8068E-02    3.7501E-02    8.3660E-02   -1.2615E-02   -3.1499E-03   -1.6265E-03   -6.9651E-03    2.1794E-02   -7.1734E-03    1.0655E-02   -1.3302E-04   -4.1095E-04   -1.6576E-02    2.6666E-02    1.4004E-01  
  1.6637E+00    3.5173E-01   -1.7722E+00    1.9545E-01   -2.8640E-01   -3.2510E+00    4.0147E-02   -1.0113E-02   -6.3446E-02    4.6115E-02    8.7970E-03    7.1919E-02   -1.3717E-02   -5.0088E-03   -2.5958E-03   -5.4132E-03    2.1899E-02   -1.0970E-02    1.8886E-02    2.5588E-04   -4.4695E-04   -1.2177E-02    3.1989E-02    1.6218E-01  
  2.1809E+00    2.7531E-01   -1.7904E+00    1.6871E-01   -2.2311E-01   -3.1014E+00    7.9433E-02   -1.5379E-02   -1.2188E-01    6.9489E-02   -3.3236E-02    6.9941E-02   -1.1117E-02   -8.8737E-03   -4.7772E-03   -2.8320E-03    1.2917E-02   -1.6916E-02    3.3701E-02    1.4724E-03   -1.4186E-03   -1.0524E-02    3.5386E-02    1.6039E-01  
  2.6774E+00    2.1214E-01   -1.5791E+00    7.1891E-02   -1.1861E-01   -2.7441E+00    1.3847E-01   -2.2074E-02   -2.0897E-01    9.8646E-02   -9.4439E-02    8.9370E-02   -3.0680E-03   -1.6928E-02   -9.0888E-03    1.0816E-03   -1.1550E-02   -2.5475E-02    5.8592E-02    3.4478E-03   -3.5204E-03   -1.2935E-02    3.6245E-02    1.7200E-01  
  2.6350E+00   -4.5249E-03    1.6223E+00    7.9648E-02   -2.0407E-01   -2.7650E+00   -1.3565E-01   -1.0267E-03    2.2448E-01    7.7508E-04   -8.9415E-02    8.4981E-02    8.8030E-03   -1.8684E-02   -2.9233E-04   -1.5308E-04    9.5063E-03    2.8505E-04   -6.1758E-02   -2.6162E-04    4.3883E-03   -1.2932E-02    3.6101E-02    1.4427E-01  
  2.1284E+00   -6.2463E-03    1.8247E+00    1.7156E-01   -2.0469E-01   -3.1230E+00   -7.7380E-02   -8.2919E-04    1.3507E-01    5.1001E-04   -2.8999E-02    6.5553E-02    8.6092E-03   -9.8909E-03   -1.4276E-04   -1.5403E-04   -1.4684E-02    2.0397E-04   -3.6112E-02   -1.4732E-04    1.7718E-03   -1.0390E-02    3.5399E-02    1.4690E-01  
  1.6039E+00   -3.7506E-04    1.8058E+00    1.9381E-01   -2.0518E-01   -3.2732E+00   -3.8570E-02   -6.8724E-04    7.4283E-02    3.6706E-04    1.2283E-02    6.7787E-02    8.4503E-03   -5.7081E-03   -4.4887E-05   -1.8836E-04   -2.3097E-02    1.8818E-04   -2.0874E-02   -8.4320E-05    4.6596E-04   -1.2374E-02    3.1881E-02    1.4551E-01  
  1.0648E+00   -2.7743E-04    1.6111E+00    1.7455E-01   -2.0558E-01   -3.2893E+00   -1.5240E-02   -5.7432E-04    3.5833E-02    3.0448E-04    4.0461E-02    7.9680E-02    8.2829E-03   -3.7474E-03    5.0050E-05   -2.1844E-04   -2.2575E-02    1.8909E-04   -1.2339E-02   -6.0584E-05    3.8207E-04   -1.6949E-02    2.6450E-02    1.3972E-01  
  5.8779E-01   -1.7519E-04    1.2996E+00    1.3668E-01   -2.0589E-01   -3.2343E+00   -3.6817E-03   -4.7328E-04    1.4528E-02    2.9017E-04    5.9433E-02    9.3334E-02    8.1025E-03   -2.3527E-03    1.3812E-04   -2.1940E-04   -1.8790E-02    1.5611E-04   -7.1352E-03   -4.1442E-05    4.4359E-04   -2.1048E-02    2.1422E-02    1.0832E-01  
  2.1243E-01   -6.6633E-05    9.0887E-01    9.7262E-02   -2.0610E-01   -3.1579E+00    9.0922E-04   -3.8527E-04    4.4477E-03    3.1065E-04    7.1110E-02    1.0508E-01    7.9372E-03   -1.3534E-03    2.0267E-04   -1.7533E-04   -1.3463E-02    9.2789E-05   -3.9464E-03   -2.2756E-05    4.0677E-04   -2.3907E-02    1.7158E-02    7.9028E-02  
 -2.8266E-02    4.6418E-05    4.6693E-01    6.8298E-02   -2.0623E-01   -3.0968E+00    1.4152E-03   -3.0289E-04    1.0698E-03    3.5688E-04    7.7513E-02    1.1304E-01    7.8255E-03   -7.2837E-04    2.3879E-04   -9.4577E-05   -7.0072E-03   -1.2045E-06   -1.7645E-03   -1.0888E-05    2.4500E-04   -2.5801E-02    1.4360E-02    5.7079E-02  
 -1.0998E-01    1.5853E-04    4.5998E-03    5.7914E-02   -2.0627E-01   -3.0741E+00    7.1230E-05   -2.2650E-04    8.4452E-04    4.1488E-04    7.9496E-02    1.1586E-01    7.7870E-03   -5.0156E-04    2.4480E-04    1.3575E-06   -1.1383E-04   -1.1192E-04   -2.6894E-05   -5.2463E-06    5.3711E-06   -2.6471E-02    1.3392E-02    5.5068E-02  
 -2.7255E-02    2.7069E-04   -4.5770E-01    6.8547E-02   -2.0624E-01   -3.0971E+00   -1.3112E-03   -1.5109E-04    6.2759E-04    4.7196E-04    7.7421E-02    1.1313E-01    7.8222E-03   -6.8438E-04    2.1911E-04    9.8383E-05    6.7914E-03   -2.2102E-04    1.7143E-03   -1.1153E-05   -2.3377E-04   -2.5787E-02    1.4347E-02    5.7314E-02  
  2.1445E-01    3.8425E-04   -8.9956E-01    9.7761E-02   -2.0612E-01   -3.1587E+00   -9.1643E-04   -7.1404E-05   -2.7260E-03    5.1566E-04    7.0948E-02    1.0525E-01    7.9267E-03   -1.2668E-03    1.6267E-04    1.8284E-04    1.3279E-02   -3.1028E-04    3.9068E-03   -3.2860E-05   -3.9353E-04   -2.3883E-02    1.7141E-02    7.8795E-02  
  5.9078E-01    4.9440E-04   -1.2902E+00    1.3742E-01   -2.0592E-01   -3.2354E+00    3.5058E-03    1.3100E-05   -1.2771E-02    5.3304E-04    5.9225E-02    9.3579E-02    8.0884E-03   -2.2230E-03    8.6966E-05    2.3470E-04    1.8641E-02   -3.6529E-04    7.1085E-03   -6.7094E-05   -4.2926E-04   -2.1033E-02    2.1419E-02    1.0807E-01  
  1.0688E+00    5.9915E-04   -1.6015E+00    1.7551E-01   -2.0563E-01   -3.2907E+00    1.4860E-02    1.1111E-04   -3.4032E-02    5.1566E-04    4.0233E-02    7.9972E-02    8.2683E-03   -3.5780E-03   -2.9709E-06    2.4380E-04    2.2448E-02   -3.8851E-04    1.2322E-02   -1.1580E-04   -3.6707E-04   -1.6941E-02    2.6467E-02    1.3947E-01  
  1.6087E+00    6.9740E-04   -1.7960E+00    1.9497E-01   -2.0525E-01   -3.2748E+00    3.7969E-02    2.2278E-04   -7.2438E-02    4.5237E-04    1.2052E-02    6.8111E-02    8.4444E-03   -5.5038E-03   -8.8385E-05    2.1662E-04    2.2988E-02   -3.7736E-04    2.0857E-02   -1.6547E-04   -4.5148E-04   -1.2368E-02    3.1917E-02    1.4631E-01  
  2.1356E+00    6.7911E-03   -1.8135E+00    1.7290E-01   -2.0477E-01   -3.1249E+00    7.6554E-02    3.6804E-04   -1.3319E-01    3.0161E-04   -2.9232E-02    6.5903E-02    8.6106E-03   -9.6558E-03   -1.6000E-04    1.8763E-04    1.4583E-02   -3.9330E-04    3.6083E-02   -1.6152E-04   -1.7525E-03   -1.0389E-02    3.5454E-02    1.4887E-01  
  2.6430E+00    5.0791E-03   -1.6114E+00    8.1126E-02   -2.0416E-01   -2.7669E+00    1.3460E-01    5.6929E-04   -2.2256E-01    2.7057E-05   -8.9649E-02    8.5359E-02    8.8071E-03   -1.8410E-02   -2.7060E-04    1.9059E-04   -9.6101E-03   -4.8422E-04    6.1714E-02   -8.7362E-05   -4.3589E-03   -1.2933E-02    3.6172E-02    1.4322E-01  
  2.6694E+00   -2.1128E-01    1.5899E+00    7.0402E-02   -1.1821E-01   -2.7422E+00   -1.3952E-01    2.1729E-02    2.1088E-01   -9.8009E-02   -9.4203E-02    8.9003E-02   -3.1022E-03   -1.7251E-02   -9.0479E-03   -1.0446E-03    1.1457E-02    2.5304E-02   -5.8633E-02   -3.7768E-03    3.5885E-03   -1.2952E-02    3.6159E-02    1.7077E-01  
  2.1737E+00   -2.7422E-01    1.8015E+00    1.6736E-01   -2.2267E-01   -3.0995E+00   -8.0263E-02    1.5028E-02    1.2376E-01   -6.8828E-02   -3.3005E-02    6.9593E-02   -1.1148E-02   -9.1450E-03   -4.7075E-03    2.8645E-03   -1.3020E-02    1.6746E-02   -3.3734E-02   -1.7672E-03    1.4832E-03   -1.0537E-02    3.5331E-02    1.5808E-01  
  1.6588E+00   -3.5152E-01    1.7820E+00    1.9428E-01   -2.8593E-01   -3.2494E+00   -4.0753E-02    9.7541E-03    6.5288E-02   -4.5431E-02    9.0304E-03    7.1592E-02   -1.3751E-02   -5.2399E-03   -2.5016E-03    5.4373E-03   -2.2014E-02    1.0794E-02   -1.8917E-02   -4.9126E-04    5.0639E-04   -1.2183E-02    3.1959E-02    1.5981E-01  
  1.1292E+00   -3.9339E-01    1.5935E+00    1.7887E-01   -3.1403E-01   -3.2654E+00   -1.6822E-02    5.7936E-03    2.8989E-02   -2.7364E-02    3.7729E-02    8.3366E-02   -1.2654E-02   -3.3348E-03   -1.5239E-03    6.9837E-03   -2.1927E-02    6.9818E-03   -1.0692E-02   -2.5068E-05    4.6532E-04   -1.6587E-02    2.6653E-02    1.3780E-01  
  6.5996E-01   -4.2337E-01    1.2873E+00    1.4405E-01   -3.1312E-01   -3.2102E+00   -4.6611E-03    3.1379E-03    9.5572E-03   -1.4465E-02    5.6990E-02    9.7042E-02   -9.3304E-03   -2.0267E-03   -9.4495E-04    8.1024E-03   -1.8330E-02    4.4158E-03   -5.8780E-03    3.6930E-05    5.3921E-04   -2.0646E-02    2.1553E-02    1.1113E-01  
  2.9052E-01   -4.4347E-01    9.0115E-01    1.0685E-01   -2.9008E-01   -3.1338E+00    3.3546E-04    1.5047E-03    1.2242E-03   -5.8798E-03    6.8939E-02    1.0884E-01   -4.5095E-03   -1.0901E-03   -4.7787E-04    8.8945E-03   -1.3093E-02    2.6675E-03   -3.0612E-03    3.1235E-05    4.8191E-04   -2.3549E-02    1.7181E-02    8.6479E-02  
  5.3513E-02   -4.5503E-01    4.6326E-01    7.9311E-02   -2.5173E-01   -3.0726E+00    1.1884E-03    6.2951E-04   -4.8803E-04   -9.3413E-04    7.5464E-02    1.1682E-01    1.3645E-03   -5.0266E-04   -7.4809E-05    9.4214E-03   -6.7716E-03    1.6263E-03   -1.2696E-03    1.7629E-05    2.8913E-04   -2.5435E-02    1.4202E-02    6.1439E-02  
 -2.6922E-02   -4.5868E-01    4.7185E-03    6.9448E-02   -2.0596E-01   -3.0500E+00    1.4110E-04    4.0216E-04    9.1428E-04    7.0754E-04    7.7486E-02    1.1964E-01    7.7763E-03   -3.1055E-04    2.8346E-04    9.6619E-03   -1.3284E-05    1.2093E-03    8.3281E-05    8.5611E-06    1.5582E-05   -2.6126E-02    1.3099E-02    6.1263E-02  
  5.4639E-02   -4.5478E-01   -4.5380E-01    7.9703E-02   -1.6012E-01   -3.0730E+00   -9.4227E-04    7.5435E-04    2.3255E-03   -7.9054E-04    7.5371E-02    1.1690E-01    1.4260E-02   -5.0823E-04    6.0696E-04    9.6074E-03    6.7372E-03    1.4136E-03    1.4301E-03    1.5493E-05   -2.5597E-04   -2.5465E-02    1.4030E-02    6.2837E-02  
  2.9277E-01   -4.4297E-01   -8.9161E-01    1.0762E-01   -1.2154E-01   -3.1345E+00   -1.8886E-04    1.7662E-03    6.4517E-04   -5.6188E-03    6.8775E-02    1.0900E-01    2.0351E-02   -1.0996E-03    9.1663E-04    9.2336E-03    1.3036E-02    2.2759E-03    3.2131E-03    2.0029E-05   -4.3844E-04   -2.3594E-02    1.6900E-02    8.5872E-02  
  6.6331E-01   -4.2262E-01   -1.2777E+00    1.4517E-01   -9.8111E-02   -3.2112E+00    4.6663E-03    3.5562E-03   -7.6364E-03   -1.4141E-02    5.6798E-02    9.7273E-02    2.5493E-02   -2.0327E-03    1.2405E-03    8.5276E-03    1.8226E-02    3.9016E-03    6.0133E-03    8.2985E-06   -4.8287E-04   -2.0699E-02    2.1239E-02    1.1028E-01  
  1.1336E+00   -3.9242E-01   -1.5837E+00    1.8025E-01   -9.6621E-02   -3.2667E+00    1.6659E-02    6.4001E-03   -2.7008E-02   -2.7049E-02    3.7586E-02    8.3670E-02    2.9164E-02   -3.3350E-03    1.6401E-03    7.4038E-03    2.1763E-02    6.4066E-03    1.0806E-02   -7.5762E-05   -3.9800E-04   -1.6676E-02    2.6364E-02    1.3757E-01  
  1.6643E+00   -3.5034E-01   -1.7720E+00    1.9590E-01   -1.2399E-01   -3.2509E+00    4.0424E-02    1.0584E-02   -6.3245E-02   -4.5231E-02    8.9366E-03    7.1956E-02    3.0605E-02   -5.2220E-03    2.4407E-03    5.7962E-03    2.1807E-02    1.0211E-02    1.8993E-02   -5.5155E-04   -4.3592E-04   -1.2274E-02    3.1709E-02    1.5985E-01  
  2.1827E+00   -2.6214E-01   -1.7931E+00    1.6921E-01   -1.8632E-01   -3.1013E+00    7.9800E-02    1.6147E-02   -1.2165E-01   -6.8912E-02   -3.3067E-02    7.0002E-02    2.8336E-02   -9.1019E-03    4.4712E-03    3.1740E-03    1.2837E-02    1.6114E-02    3.3761E-02   -1.7712E-03   -1.4490E-03   -1.0599E-02    3.5130E-02    1.5808E-01  
  2.6792E+00   -2.0170E-01   -1.5814E+00    7.2512E-02   -2.8957E-01   -2.7441E+00    1.3898E-01    2.3254E-02   -2.0872E-01   -9.8630E-02   -9.4196E-02    8.9393E-02    2.0698E-02   -1.7168E-02    8.5499E-03   -7.1717E-04   -1.1567E-02    2.4480E-02    5.8608E-02   -3.6089E-03   -3.6056E-03   -1.2959E-02    3.6034E-02    1.7545E-01  
  2.7700E+00   -3.8658E-01    1.4700E+00    4.0546E-02    1.6543E-02   -2.6806E+00   -1.5199E-01    4.8604E-02    1.6885E-01   -1.9574E-01   -1.0892E-01    1.0062E-01   -1.0123E-02   -1.2838E-02   -1.6903E-02   -3.7105E-03    1.7745E-02    4.9786E-02   -4.8923E-02   -6.1676E-03    1.4500E-03   -1.3460E-02    3.5938E-02    1.6468E-01  
  2.3068E+00   -5.1714E-01    1.7104E+00    1.5252E-01   -1.9766E-01   -3.0357E+00   -8.9324E-02    3.4320E-02    8.8656E-02   -1.3580E-01   -4.5557E-02    8.1362E-02   -2.6509E-02   -6.6378E-03   -9.4624E-03    4.0298E-03   -7.4716E-03    3.3434E-02   -2.6387E-02   -3.4317E-03    2.0090E-04   -1.1187E-02    3.4754E-02    1.5369E-01  
  1.8172E+00   -6.6730E-01    1.7134E+00    1.9355E-01   -3.3058E-01   -3.1848E+00   -4.7810E-02    2.3301E-02    3.7317E-02   -8.8681E-02   -1.1711E-03    8.2514E-02   -3.2767E-02   -3.6777E-03   -4.9885E-03    9.5129E-03   -1.8563E-02    2.1216E-02   -1.2938E-02   -1.0003E-03    9.7594E-05   -1.1893E-02    3.1897E-02    1.5490E-01  
  1.3179E+00   -7.6157E-01    1.5390E+00    1.8981E-01   -3.9350E-01   -3.2004E+00   -2.2048E-02    1.5034E-02    7.5739E-03   -5.2407E-02    2.9217E-02    9.3855E-02   -3.1408E-02   -2.2547E-03   -2.8559E-03    1.2933E-02   -1.9980E-02    1.3020E-02   -5.8550E-03    7.1518E-05    5.7697E-04   -1.5531E-02    2.7014E-02    1.5562E-01  
  8.7177E-01   -8.2361E-01    1.2492E+00    1.6399E-01   -3.9838E-01   -3.1449E+00   -8.0413E-03    9.2508E-03   -6.0299E-03   -2.6219E-02    4.9410E-02    1.0764E-01   -2.5122E-02   -1.1899E-03   -1.8506E-03    1.5118E-02   -1.6946E-02    7.8011E-03   -2.2639E-03    1.3470E-04    7.1444E-04   -1.9521E-02    2.1715E-02    1.2215E-01  
  5.1977E-01   -8.6533E-01    8.7705E-01    1.3340E-01   -3.5928E-01   -3.0685E+00   -1.6702E-03    5.5816E-03   -8.9489E-03   -8.7909E-03    6.2102E-02    1.1960E-01   -1.5862E-02   -4.0129E-04   -1.0243E-03    1.6686E-02   -1.2116E-02    4.3179E-03   -5.8955E-04    8.5760E-05    6.3729E-04   -2.2431E-02    1.7083E-02    8.9312E-02  
  2.9364E-01   -8.8940E-01    4.5170E-01    1.0999E-01   -2.8979E-01   -3.0073E+00    2.8593E-04    3.5795E-03   -5.4600E-03    1.2041E-03    6.9017E-02    1.2764E-01   -4.5190E-03    1.0191E-04   -3.1421E-04    1.7646E-02   -6.2526E-03    2.2985E-03    2.2980E-06    3.2349E-05    3.7737E-04   -2.4275E-02    1.3668E-02    6.4288E-02  
  2.1689E-01   -8.9710E-01    4.8495E-03    1.0156E-01   -2.0555E-01   -2.9847E+00    1.9669E-04    2.9875E-03    9.8292E-04    4.4857E-03    7.1177E-02    1.3046E-01    7.8263E-03    2.4660E-04    3.4216E-04    1.8014E-02    7.7314E-05    1.5793E-03    1.6607E-04    1.0693E-05    1.2803E-05   -2.4959E-02    1.2282E-02    6.4943E-02  
  2.9488E-01   -8.8913E-01   -4.4198E-01    1.1052E-01   -1.2124E-01   -3.0076E+00    7.7162E-05    3.6815E-03    7.4378E-03    1.3682E-03    6.8938E-02    1.2770E-01    2.0239E-02    4.6296E-05    9.6311E-04    1.7799E-02    6.3799E-03    2.1052E-03    3.2001E-04    3.2170E-05   -3.4562E-04   -2.4339E-02    1.3293E-02    6.6109E-02  
  5.2225E-01   -8.6478E-01   -8.6726E-01    1.3443E-01   -5.1534E-02   -3.0691E+00    1.9493E-03    5.7959E-03    1.0966E-02   -8.4916E-03    6.1959E-02    1.1973E-01    3.1782E-02   -5.0357E-04    1.5768E-03    1.6962E-02    1.2172E-02    3.9584E-03    8.8852E-04    8.2695E-05   -5.8858E-04   -2.2529E-02    1.6486E-02    8.8537E-02  
  8.7551E-01   -8.2280E-01   -1.2393E+00    1.6542E-01   -1.2050E-02   -3.1459E+00    8.2206E-03    9.6245E-03    8.1093E-03   -2.5834E-02    4.9307E-02    1.0785E-01    4.1305E-02   -1.3335E-03    2.2585E-03    1.5433E-02    1.6862E-02    7.3160E-03    2.5400E-03    1.2192E-04   -6.3751E-04   -1.9671E-02    2.1056E-02    1.2209E-01  
  1.3229E+00   -7.6052E-01   -1.5290E+00    1.9158E-01   -1.6383E-02   -3.2017E+00    2.2102E-02    1.5590E-02   -5.4145E-03   -5.2018E-02    2.9197E-02    9.4146E-02    4.7899E-02   -2.4174E-03    3.0858E-03    1.3231E-02    1.9767E-02    1.2467E-02    6.0881E-03    4.6745E-05   -4.7960E-04   -1.5710E-02    2.6392E-02    1.5664E-01  
  1.8240E+00   -6.6481E-01   -1.7037E+00    1.9559E-01   -7.8604E-02   -3.1863E+00    4.7767E-02    2.4097E-02   -3.5069E-02   -8.8416E-02   -1.1059E-03    8.2890E-02    4.9581E-02   -3.8437E-03    5.0382E-03    9.7672E-03    1.8280E-02    2.0603E-02    1.3105E-02   -1.0167E-03   -1.3997E-05   -1.2055E-02    3.1340E-02    1.5617E-01  
  2.3175E+00   -5.0823E-01   -1.7037E+00    1.5484E-01   -2.1062E-01   -3.0373E+00    8.9247E-02    3.5427E-02   -8.6308E-02   -1.3583E-01   -4.5410E-02    8.1796E-02    4.3670E-02   -6.7958E-03    9.3198E-03    4.2687E-03    7.2297E-03    3.2726E-02    2.6481E-02   -3.4034E-03   -1.8025E-04   -1.1291E-02    3.4282E-02    1.5284E-01  
  2.7815E+00   -3.7910E-01   -1.4637E+00    4.3292E-02   -4.2359E-01   -2.6825E+00    1.5200E-01    5.0160E-02   -1.6641E-01   -1.9633E-01   -1.0863E-01    1.0099E-01    2.7741E-02   -1.2980E-02    1.6478E-02   -3.4044E-03   -1.7819E-02    4.8841E-02    4.8949E-02   -6.0113E-03   -1.5333E-03   -1.3453E-02    3.5594E-02    1.7204E-01  
  2.9146E+00   -5.0244E-01    1.2918E+00   -2.6209E-02    2.5418E-01   -2.5935E+00   -1.6246E-01    7.8944E-02    9.2419E-02   -2.7982E-01   -1.3890E-01    1.2409E-01   -5.6191E-04   -6.0249E-03   -2.9895E-02   -1.1975E-02    3.2967E-02    7.7895E-02   -3.4583E-02   -1.0636E-02   -2.1517E-03   -1.4625E-02    3.5161E-02    1.9454E-01  
  2.5103E+00   -7.0789E-01    1.5649E+00    1.2006E-01   -8.8218E-02   -2.9542E+00   -1.0533E-01    6.0477E-02    2.8841E-02   -1.9697E-01   -6.7503E-02    9.8223E-02   -3.2769E-02   -1.6104E-03   -1.3452E-02    1.3820E-03    1.6175E-03    4.9459E-02   -1.3149E-02   -3.9829E-03   -1.9253E-03   -1.2279E-02    3.3944E-02    1.6913E-01  
  2.0577E+00   -8.7286E-01    1.6287E+00    1.8431E-01   -3.0328E-01   -3.1024E+00   -6.0423E-02    4.3324E-02   -1.0814E-02   -1.2613E-01   -1.9041E-02    9.8252E-02   -4.5154E-02   -6.6778E-04   -6.6845E-03    1.0413E-02   -1.2787E-02    3.0455E-02   -2.4188E-03   -9.1242E-04   -6.8646E-04   -1.1502E-02    3.1772E-02    1.5203E-01  
  1.6103E+00   -1.0709E+00    1.4454E+00    1.9956E-01   -4.1427E-01   -3.1173E+00   -3.1318E-02    3.0206E-02   -2.9707E-02   -7.1262E-02    1.4252E-02    1.0921E-01   -4.5380E-02   -4.4358E-04   -3.6554E-03    1.6173E-02   -1.6625E-02    1.7580E-02    2.2489E-03    2.3931E-04    5.9725E-04   -1.3857E-02    2.7576E-02    1.6338E-01  
  1.2010E+00   -1.1684E+00    1.1834E+00    1.8831E-01   -4.3880E-01   -3.0615E+00   -1.4236E-02    2.0763E-02   -3.3227E-02   -3.1344E-02    3.6135E-02    1.2308E-01   -3.7440E-02    7.0109E-05   -2.3388E-03    1.9437E-02   -1.4595E-02    9.5209E-03    3.6852E-03    2.5613E-04    9.8562E-04   -1.7651E-02    2.2064E-02    1.2301E-01  
  8.7690E-01   -1.2341E+00    8.3533E-01    1.6837E-01   -3.9815E-01   -2.9851E+00   -5.4243E-03    1.4622E-02   -2.6699E-02   -4.7007E-03    5.0056E-02    1.3522E-01   -2.4811E-02    5.9270E-04   -1.3138E-03    2.1700E-02   -1.0544E-02    4.2240E-03    3.3358E-03    1.4312E-04    8.9972E-04   -2.0599E-02    1.7007E-02    9.0519E-02  
  6.6816E-01   -1.2722E+00    4.3163E-01    1.5164E-01   -3.1258E-01   -2.9240E+00   -1.4521E-03    1.1151E-02   -1.4156E-02    1.0609E-02    5.7627E-02    1.4340E-01   -9.1675E-03    9.2770E-04   -4.1622E-04    2.3134E-02   -5.4168E-03    1.1618E-03    1.9805E-03    3.5674E-05    5.1726E-04   -2.2319E-02    1.3026E-02    7.3151E-02  
  5.9728E-01   -1.2844E+00    4.9901E-03    1.4551E-01   -2.0505E-01   -2.9014E+00    2.3956E-04    1.0055E-02    1.0586E-03    1.5598E-02    5.9965E-02    1.4627E-01    7.9246E-03    1.0202E-03    4.1222E-04    2.3669E-02    1.4334E-04    1.1856E-04    2.0960E-04   -8.7974E-06   -5.2587E-06   -2.2916E-02    1.1226E-02    6.2777E-02  
  6.6952E-01   -1.2719E+00   -4.2163E-01    1.5226E-01   -9.7452E-02   -2.9243E+00    1.9136E-03    1.1246E-02    1.6290E-02    1.0782E-02    5.7587E-02    1.4344E-01    2.5071E-02    8.2745E-04    1.2099E-03    2.3227E-02    5.6594E-03    9.9979E-04   -1.5638E-03    3.9262E-05   -5.1841E-04   -2.2416E-02    1.2379E-02    6.7717E-02  
  8.7965E-01   -1.2335E+00   -8.2527E-01    1.6956E-01   -1.1665E-02   -2.9857E+00    5.8417E-03    1.4838E-02    2.8873E-02   -4.3776E-03    5.0024E-02    1.3530E-01    4.0853E-02    3.9882E-04    2.0096E-03    2.1835E-02    1.0640E-02    3.9073E-03   -2.9339E-03    1.5335E-04   -8.7342E-04   -2.0783E-02    1.6035E-02    8.8576E-02  
  1.2051E+00   -1.1675E+00   -1.1732E+00    1.8998E-01    2.9358E-02   -3.0624E+00    1.4583E-02    2.1127E-02    3.5475E-02   -3.0928E-02    3.6174E-02    1.2323E-01    5.3686E-02   -1.9406E-04    2.8863E-03    1.9584E-02    1.4511E-02    9.0888E-03   -3.3093E-03    2.6659E-04   -9.2371E-04   -1.7897E-02    2.1051E-02    1.2500E-01  
  1.6158E+00   -1.0698E+00   -1.4351E+00    2.0163E-01    5.3423E-03   -3.1185E+00    3.1599E-02    3.0765E-02    3.2055E-02   -7.0842E-02    1.4391E-02    1.0946E-01    6.1880E-02   -7.5217E-04    4.0291E-03    1.6300E-02    1.6363E-02    1.7057E-02   -1.9181E-03    2.4869E-04   -5.0948E-04   -1.4104E-02    2.6629E-02    1.6372E-01  
  2.0686E+00   -8.6801E-01   -1.6209E+00    1.8671E-01   -1.0496E-01   -3.1038E+00    6.0687E-02    4.4155E-02    1.3296E-02   -1.2585E-01   -1.8800E-02    9.8607E-02    6.1947E-02   -1.0106E-03    6.8759E-03    1.0542E-02    1.2457E-02    2.9815E-02    2.6975E-03   -8.9863E-04    7.4375E-04   -1.1698E-02    3.0923E-02    1.5324E-01  
  2.5223E+00   -7.0286E-01   -1.5580E+00    1.2289E-01   -3.1907E-01   -2.9558E+00    1.0570E-01    6.1694E-02   -2.6194E-02   -1.9703E-01   -6.7107E-02    9.8628E-02    4.9973E-02   -2.0120E-03    1.3413E-02    1.5807E-03   -1.8345E-03    4.8629E-02    1.3375E-02   -3.9428E-03    1.8852E-03   -1.2343E-02    3.3236E-02    1.6977E-01  
  2.9280E+00   -4.9725E-01   -1.2855E+00   -2.2299E-02   -6.5980E-01   -2.5957E+00    1.6362E-01    8.0904E-02   -8.9794E-02   -2.8084E-01   -1.3806E-01    1.2411E-01    1.8610E-02   -6.4223E-03    2.9335E-02   -1.1530E-02   -3.2686E-02    7.6548E-02    3.4653E-02   -1.0435E-02    2.0081E-03   -1.4540E-02    3.4682E-02    1.9751E-01  
  2.9770E+00   -5.9587E-01    1.1486E+00   -2.1927E-01    7.4067E-01   -2.4685E+00   -1.0607E-01    7.7584E-02   -9.3794E-03   -2.8660E-01   -2.1592E-01    1.7317E-01    6.5299E-02    2.4187E-02   -5.7561E-02   -4.1256E-02    8.5485E-02    1.1022E-01   -1.1435E-02   -8.8211E-03   -1.1653E-02   -1.8054E-02    2.6748E-02    1.8644E-01  
  2.7606E+00   -8.1068E-01    1.3349E+00    5.9009E-02    1.4466E-01   -2.8907E+00   -1.2958E-01    9.8141E-02   -5.8739E-02   -2.5002E-01   -1.0045E-01    1.1638E-01   -2.6162E-02    5.8416E-03   -1.5086E-02   -6.5989E-03    1.4182E-02    6.3490E-02    6.8074E-03   -2.8661E-03   -3.6677E-03   -1.3529E-02    3.3096E-02    1.6920E-01  
  2.3722E+00   -1.0481E+00    1.4514E+00    1.5356E-01   -1.6988E-01   -3.0373E+00   -7.8701E-02    7.3485E-02   -8.1534E-02   -1.5341E-01   -4.7144E-02    1.1590E-01   -4.6409E-02    4.5326E-03   -7.3653E-03    5.8664E-03   -3.3895E-03    3.8634E-02    1.3636E-02    7.9170E-05   -2.0298E-03   -1.2130E-02    3.1003E-02    1.6513E-01  
  1.9790E+00   -1.2311E+00    1.3844E+00    1.9509E-01   -3.4885E-01   -3.0518E+00   -4.4879E-02    5.4822E-02   -8.4885E-02   -7.9374E-02   -9.5827E-03    1.2646E-01   -5.1208E-02    2.6114E-03   -3.5551E-03    1.4627E-02   -1.0634E-02    2.0605E-02    1.4499E-02    9.5043E-04    2.8483E-04   -1.2814E-02    2.7550E-02    1.6098E-01  
  1.6176E+00   -1.4273E+00    1.0859E+00    2.0448E-01   -4.1403E-01   -2.9960E+00   -2.3865E-02    4.1422E-02   -7.3962E-02   -2.5537E-02    1.5639E-02    1.4033E-01   -4.4611E-02    1.6959E-03   -2.0523E-03    2.0138E-02   -1.1308E-02    8.8331E-03    1.2308E-02    5.6752E-04    1.3479E-03   -1.5081E-02    2.2878E-02    1.3860E-01  
  1.3305E+00   -1.5209E+00    7.7331E-01    1.9897E-01   -3.9304E-01   -2.9197E+00   -1.1350E-02    3.2258E-02   -5.3406E-02    1.0925E-02    3.1476E-02    1.5263E-01   -3.0489E-02    1.6773E-03   -1.1045E-03    2.3058E-02   -8.4595E-03    1.5895E-03    8.9454E-03    2.0449E-04    1.2394E-03   -1.7862E-02    1.7542E-02    1.1883E-01  
  1.1449E+00   -1.5753E+00    4.0169E-01    1.9102E-01   -3.1325E-01   -2.8589E+00   -4.2367E-03    2.7046E-02   -2.7270E-02    3.1912E-02    4.0240E-02    1.6088E-01   -1.2131E-02    1.7744E-03   -2.7040E-04    2.4725E-02   -4.3622E-03   -2.5410E-03    4.7598E-03    6.9570E-06    7.0573E-04   -1.9680E-02    1.2947E-02    9.2472E-02  
  1.0819E+00   -1.5928E+00    5.1379E-03    1.8784E-01   -2.0445E-01   -2.8364E+00    2.8419E-04    2.5420E-02    1.1464E-03    3.8732E-02    4.3005E-02    1.6374E-01    8.0410E-03    1.7772E-03    4.9021E-04    2.5278E-02    1.6975E-04   -3.9099E-03    2.2467E-04   -6.5534E-05   -3.9810E-05   -2.0326E-02    1.0639E-02    8.7195E-02  
  1.1464E+00   -1.5749E+00   -3.9140E-01    1.9170E-01   -9.5584E-02   -2.8592E+00    4.8036E-03    2.7161E-02    2.9580E-02    3.2089E-02    4.0276E-02    1.6088E-01    2.8246E-02    1.6339E-03    1.2181E-03    2.4727E-02    4.6343E-03   -2.6725E-03   -4.3070E-03    1.6017E-05   -7.7082E-04   -1.9817E-02    1.2051E-02    8.5764E-02  
  1.3335E+00   -1.5203E+00   -7.6297E-01    2.0027E-01   -1.5588E-02   -2.9203E+00    1.1899E-02    3.2502E-02    5.5766E-02    1.1252E-02    3.1574E-02    1.5265E-01    4.6697E-02    1.4107E-03    1.9537E-03    2.3048E-02    8.5653E-03    1.3345E-03   -8.4969E-03    2.2153E-04   -1.2678E-03   -1.8101E-02    1.6291E-02    1.1363E-01  
  1.6221E+00   -1.4264E+00   -1.0755E+00    2.0631E-01    5.7592E-03   -2.9969E+00    2.4388E-02    4.1830E-02    7.6412E-02   -2.5119E-02    1.5839E-02    1.4041E-01    6.0967E-02    1.3319E-03    2.7534E-03    2.0103E-02    1.1207E-02    8.4702E-03   -1.1866E-02    5.8386E-04   -1.3285E-03   -1.5369E-02    2.1594E-02    1.3387E-01  
  1.9893E+00   -1.2313E+00   -1.3732E+00    1.9740E-01   -5.8925E-02   -3.0529E+00    4.5421E-02    5.5466E-02    8.7472E-02   -7.8985E-02   -9.2586E-03    1.2664E-01    6.7767E-02    2.1653E-03    4.0841E-03    1.4612E-02    1.0380E-02    2.0095E-02   -1.4067E-02    9.6117E-04   -2.5940E-04   -1.3068E-02    2.6351E-02    1.6295E-01  
  2.3839E+00   -1.0474E+00   -1.4444E+00    1.5635E-01   -2.3716E-01   -3.0386E+00    7.9344E-02    7.4469E-02    8.4325E-02   -1.5321E-01   -4.6674E-02    1.1619E-01    6.3288E-02    3.9762E-03    7.6974E-03    5.9289E-03    3.1121E-03    3.7926E-02   -1.3198E-02    7.8263E-05    1.9991E-03   -1.2273E-02    2.9951E-02    1.6595E-01  
  2.7736E+00   -8.0963E-01   -1.3295E+00    6.2408E-02   -5.5063E-01   -2.8922E+00    1.3048E-01    9.9617E-02    6.1795E-02   -2.5022E-01   -9.9759E-02    1.1673E-01    4.3526E-02    5.1311E-03    1.5187E-02   -6.3793E-03   -1.4295E-02    6.2511E-02   -6.3630E-03   -2.8848E-03    3.5416E-03   -1.3519E-02    3.2208E-02    1.6887E-01  
  2.9942E+00   -5.9134E-01   -1.1395E+00   -2.1289E-01   -1.1422E+00   -2.4717E+00    1.0919E-01    8.1142E-02    1.3016E-02   -2.8947E-01   -2.1364E-01    1.7322E-01   -4.5883E-02    2.2852E-02    5.6739E-02   -3.9727E-02   -8.4173E-02    1.0856E-01    1.2124E-02   -8.7892E-03    1.1367E-02   -1.7995E-02    2.6426E-02    1.8799E-01  
  2.3923E+00   -1.3319E+00    1.1952E+00    1.5933E-01   -1.6991E-01   -3.0533E+00   -6.3869E-02    9.3973E-02   -1.6098E-01   -7.1571E-02   -4.4945E-02    1.4064E-01   -4.5528E-02    6.9618E-03   -1.1368E-03    6.3314E-03   -1.7340E-03    2.0800E-02    3.2121E-02    2.8161E-03    2.8610E-04   -1.2688E-02    2.7182E-02    1.6426E-01  
  2.0976E+00   -1.5250E+00    1.0289E+00    1.9472E-01   -3.0298E-01   -2.9981E+00   -3.7329E-02    7.5720E-02   -1.3027E-01   -2.7785E-03   -1.5440E-02    1.5470E-01   -4.3567E-02    3.8407E-03    3.0414E-05    1.4632E-02   -5.8777E-03    5.0093E-03    2.5018E-02    1.6494E-03    1.9713E-03   -1.3273E-02    2.3393E-02    1.3645E-01  
  1.8451E+00   -1.6861E+00    6.9781E-01    2.0784E-01   -3.2997E-01   -2.9226E+00   -1.9926E-02    6.3153E-02   -9.0621E-02    4.4055E-02    3.3950E-03    1.6740E-01   -3.1246E-02    2.4728E-03    3.5283E-04    1.9392E-02   -5.5044E-03   -4.7862E-03    1.7056E-02    5.3547E-04    2.1055E-03   -1.4831E-02    1.8954E-02    1.4658E-01  
  1.6845E+00   -1.7609E+00    3.5986E-01    2.1116E-01   -2.8490E-01   -2.8623E+00   -8.3583E-03    5.5956E-02   -4.5736E-02    7.1327E-02    1.3997E-02    1.7605E-01   -1.2902E-02    2.0334E-03    3.8746E-04    2.1958E-02   -3.0645E-03   -1.0081E-02    8.5989E-03   -1.1256E-04    1.1260E-03   -1.6085E-02    1.4866E-02    1.1583E-01  
  1.6309E+00   -1.7847E+00    5.2924E-03    2.1166E-01   -2.0377E-01   -2.8400E+00    3.3801E-04    5.3652E-02    1.2584E-03    8.0213E-02    1.7369E-02    1.7902E-01    8.1646E-03    1.9236E-03    5.6014E-04    2.2686E-02    1.5807E-04   -1.1779E-02    2.1601E-04   -2.2838E-04   -8.2399E-05   -1.6650E-02    1.2723E-02    1.0240E-01  
  1.6861E+00   -1.7606E+00   -3.4927E-01    2.1187E-01   -1.2256E-01   -2.8626E+00    9.0409E-03    5.6111E-02    4.8276E-02    7.1504E-02    1.4102E-02    1.7602E-01    2.9249E-02    1.8711E-03    7.0140E-04    2.1898E-02    3.3104E-03   -1.0168E-02   -8.1575E-03   -1.0515E-04   -1.2664E-03   -1.6211E-02    1.3985E-02    1.0472E-01  
  1.8488E+00   -1.6861E+00   -6.8545E-01    2.0921E-01   -7.7291E-02   -2.9232E+00    2.0620E-02    6.3472E-02    9.3228E-02    4.4374E-02    3.6167E-03    1.6736E-01    4.7649E-02    2.1665E-03    6.4168E-04    1.9277E-02    5.5906E-03   -4.9613E-03   -1.6589E-02    5.4498E-04   -2.1999E-03   -1.5055E-02    1.7637E-02    1.4087E-01  
  2.1062E+00   -1.5286E+00   -1.0127E+00    1.9670E-01   -1.0394E-01   -2.9989E+00    3.8068E-02    7.6256E-02    1.3299E-01   -2.4015E-03   -1.5076E-02    1.5471E-01    6.0076E-02    3.4008E-03    8.2728E-04    1.4505E-02    5.7909E-03    4.7071E-03   -2.4508E-02    1.6400E-03   -2.0319E-03   -1.3521E-02    2.1984E-02    1.3145E-01  
  2.4030E+00   -1.3343E+00   -1.1827E+00    1.6189E-01   -2.3645E-01   -3.0543E+00    6.4731E-02    9.4811E-02    1.6390E-01   -7.1276E-02   -4.4415E-02    1.4074E-01    6.2245E-02    6.3645E-03    1.8259E-03    6.2658E-03    1.5493E-03    2.0291E-02   -3.1555E-02    2.7755E-03   -3.6974E-04   -1.2870E-02    2.5863E-02    1.6723E-01  
  2.8001E+00   -1.2718E+00    9.3930E-01    7.2963E-02    1.4329E-01   -3.1821E+00   -8.9425E-02    1.5368E-01   -2.6128E-01   -4.1609E-02   -9.4683E-02    1.4518E-01   -2.5530E-02    1.1253E-02    3.9133E-03   -1.0483E-02    1.0064E-02    1.6393E-02    5.4934E-02    4.4029E-03    9.1414E-04   -1.3470E-02    2.7006E-02    1.7942E-01  
  2.5673E+00   -1.5243E+00    8.3743E-01    1.3776E-01   -8.8776E-02   -3.1292E+00   -5.5195E-02    1.2886E-01   -2.0376E-01    4.3256E-02   -6.0577E-02    1.5910E-01   -3.1233E-02    5.7046E-03    4.7840E-03    1.7048E-04    2.2984E-03   -3.6246E-03    4.2521E-02    3.0410E-03    3.1623E-03   -1.3285E-02    2.3410E-02    1.4111E-01  
  2.3791E+00   -1.7028E+00    6.2728E-01    1.7304E-01   -1.9737E-01   -3.0554E+00   -3.1469E-02    1.1235E-01   -1.3936E-01    1.0102E-01   -3.7914E-02    1.7238E-01   -2.4816E-02    2.0276E-03    3.6461E-03    7.4306E-03   -7.9748E-04   -1.6542E-02    2.8363E-02    7.2677E-04    3.4665E-03   -1.3490E-02    1.9908E-02    1.3971E-01  
  2.2567E+00   -1.8011E+00    3.3660E-01    1.8975E-01   -2.2160E-01   -2.9961E+00   -1.3946E-02    1.0277E-01   -6.9862E-02    1.3488E-01   -2.4981E-02    1.8151E-01   -1.0176E-02    3.9374E-04    2.1124E-03    1.1473E-02   -9.7579E-04   -2.3521E-02    1.4127E-02   -7.5949E-04    2.0087E-03   -1.3832E-02    1.6839E-02    1.2608E-01  
  2.2156E+00   -1.8400E+00    1.2633E-02    1.9475E-01   -2.0299E-01   -2.9742E+00    4.1233E-04    9.9721E-02    1.4318E-03    1.4595E-01   -2.0799E-02    1.8469E-01    8.3015E-03   -8.5249E-05    6.3587E-04    1.2718E-02    1.3625E-04   -2.5702E-02    2.2496E-04   -1.2280E-03   -8.3963E-05   -1.4017E-02    1.5293E-02    1.0463E-01  
  2.2597E+00   -1.8030E+00   -3.1196E-01    1.9050E-01   -1.8431E-01   -2.9964E+00    1.4785E-02    1.0299E-01    7.2746E-02    1.3504E-01   -2.4822E-02    1.8145E-01    2.6785E-02    2.3102E-04   -8.7505E-04    1.1394E-02    1.1892E-03   -2.3558E-02   -1.3665E-02   -7.7262E-04   -2.1657E-03   -1.3923E-02    1.6063E-02    1.1836E-01  
  2.3850E+00   -1.7065E+00   -6.0584E-01    1.7452E-01   -2.0833E-01   -3.0558E+00    3.2363E-02    1.1282E-01    1.4233E-01    1.0131E-01   -3.7565E-02    1.7232E-01    4.1473E-02    1.7088E-03   -2.4863E-03    7.3137E-03    8.9607E-04   -1.6641E-02   -2.7832E-02    6.9346E-04   -3.5927E-03   -1.3631E-02    1.8667E-02    1.3388E-01  
  2.5758E+00   -1.5295E+00   -8.2084E-01    1.3998E-01   -3.1652E-01   -3.1299E+00    5.6232E-02    1.2968E-01    2.0692E-01    4.3566E-02   -6.0001E-02    1.5911E-01    4.8025E-02    5.1978E-03   -3.7283E-03    1.2355E-04   -2.2919E-03   -3.8701E-03   -4.1868E-02    2.9582E-03   -3.2916E-03   -1.3394E-02    2.2056E-02    1.3568E-01  
  2.8108E+00   -1.2769E+00   -9.2630E-01    7.6007E-02   -5.4787E-01   -3.1829E+00    9.0754E-02    1.5497E-01    2.6473E-01   -4.1453E-02   -9.3831E-02    1.4529E-01    4.2641E-02    1.0498E-02   -3.0069E-03   -1.0353E-02   -1.0045E-02    1.5891E-02   -5.4122E-02    4.2851E-03   -1.0887E-03   -1.3469E-02    2.5754E-02    1.8138E-01  
  3.1062E+00   -1.0369E+00    6.5495E-01   -1.5459E-01    6.6670E-01   -3.5366E+00   -8.4378E-02    1.8061E-01   -3.6072E-01    2.0928E-02   -1.9199E-01    1.1482E-01    5.0903E-02    1.7844E-02    1.4560E-02   -6.3286E-02    4.4167E-02    8.2491E-03    9.2533E-02    1.5644E-03   -1.6588E-03   -1.7759E-02    2.1982E-02    1.6604E-01  
  2.9980E+00   -1.2586E+00    6.0593E-01    1.1957E-02    2.4305E-01   -3.4569E+00   -7.8922E-02    2.0980E-01   -3.0009E-01    1.2209E-01   -1.2322E-01    1.4654E-01   -5.8980E-03    6.5537E-03    1.0326E-02   -2.4951E-02    1.2988E-02   -1.8368E-02    6.3875E-02    3.4296E-03    2.5295E-03   -1.4238E-02    2.4000E-02    1.6732E-01  
  2.8574E+00   -1.4851E+00    4.7840E-01    7.1287E-02    1.5163E-02   -3.3875E+00   -4.6734E-02    1.8775E-01   -2.0230E-01    1.9066E-01   -9.6287E-02    1.5971E-01   -9.4486E-03   -4.0522E-04    8.6554E-03   -1.5264E-02    5.8530E-03   -3.5106E-02    4.2876E-02    4.8042E-04    4.3227E-03   -1.3808E-02    2.0818E-02    1.4649E-01  
  2.7652E+00   -1.6197E+00    2.6755E-01    1.0280E-01   -1.1805E-01   -3.3307E+00   -2.1336E-02    1.7485E-01   -1.0085E-01    2.3115E-01   -8.0949E-02    1.6896E-01   -2.9065E-03   -4.0387E-03    4.8973E-03   -9.8131E-03    2.1756E-03   -4.4514E-02    2.1459E-02   -1.9305E-03    2.8411E-03   -1.3509E-02    1.8797E-02    1.4278E-01  
  2.7344E+00   -1.6646E+00    1.1594E-02    1.1268E-01   -2.0208E-01   -3.3096E+00    5.3351E-04    1.7071E-01    1.7174E-03    2.4438E-01   -7.5966E-02    1.7215E-01    8.4837E-03   -5.1944E-03    7.6839E-04   -8.1664E-03    1.3095E-04   -4.7499E-02    3.0008E-04   -2.8207E-03   -3.3770E-06   -1.3489E-02    1.7747E-02    1.2802E-01  
  2.7682E+00   -1.6224E+00   -2.4555E-01    1.0362E-01   -2.8606E-01   -3.3309E+00    2.2430E-02    1.7519E-01    1.0429E-01    2.3131E-01   -8.0730E-02    1.6892E-01    1.9874E-02   -4.1824E-03   -3.4108E-03   -9.8841E-03   -1.9499E-03   -4.4514E-02   -2.0846E-02   -1.9690E-03   -2.8740E-03   -1.3564E-02    1.8110E-02    1.3586E-01  
  2.8633E+00   -1.4896E+00   -4.5872E-01    7.2999E-02   -4.1899E-01   -3.3878E+00    4.7956E-02    1.8852E-01    2.0587E-01    1.9091E-01   -9.5786E-02    1.5970E-01    2.6496E-02   -7.3674E-04   -7.2406E-03   -1.5268E-02   -5.6692E-03   -3.5171E-02   -4.2149E-02    3.6436E-04   -4.4087E-03   -1.3843E-02    1.9725E-02    1.3962E-01  
  3.0072E+00   -1.2622E+00   -5.9007E-01    1.5265E-02   -6.4583E-01   -3.4567E+00    8.0698E-02    2.1183E-01    3.0445E-01    1.2263E-01   -1.2209E-01    1.4707E-01    2.3576E-02    6.0913E-03   -8.6240E-03   -2.4507E-02   -1.2673E-02   -1.8442E-02   -6.2623E-02    3.3052E-03   -2.4914E-03   -1.4235E-02    2.2800E-02    1.5805E-01  
  3.1226E+00   -1.0339E+00   -6.3782E-01   -1.4718E-01   -1.0647E+00   -3.5325E+00    8.7985E-02    1.8612E-01    3.6895E-01    2.2851E-02   -1.8933E-01    1.1639E-01   -3.1376E-02    1.7240E-02   -1.1029E-02   -6.1722E-02   -4.2958E-02    7.8424E-03   -9.0575E-02    1.3512E-03    2.2645E-03   -1.7754E-02    2.1064E-02    1.6051E-01  
