  3.2734E+00   -5.3150E-01    5.2485E+00   -7.8046E-01   -5.4288E+00    6.9074E+00    1.9158E+00   -5.8300E-01   -2.9620E-01   -9.3095E+00   -3.5913E-01    1.6014E+00   -1.5782E+00    6.2621E+00    3.6062E+00    1.6443E-01    2.3878E-01   -1.3477E+00    3.0053E-01   -2.0258E+00   -3.7632E+00   -4.1155E-02    1.0430E+00    5.0409E+00  
  4.0001E+00    8.2288E-01   -1.1060E-01    5.3185E-01   -4.2300E-02    5.4244E-01   -1.7467E-01   -9.5789E-01   -8.5190E-01   -7.4548E-01    3.6201E-02    6.3681E-01    1.1120E-01    2.3930E-01    3.3376E-01   -6.8365E-02    2.8683E-02   -6.3002E-01   -2.3621E-01   -5.5818E-02   -3.3431E-01   -9.4410E-02    2.2538E+00    7.8128E+00  
  3.1839E+00    1.7513E+00   -1.2431E+00    5.1065E-02   -1.5211E-01   -2.7545E-01   -4.2689E-02   -2.3879E-01   -1.6624E-01   -1.0732E-01   -9.8117E-02    1.1281E-01   -2.5834E-02   -1.8355E-01   -4.0046E-01    3.7812E-02    2.0966E-02   -2.0011E-01   -1.0788E-01    1.1879E-01    3.5587E-01   -5.5543E-02    2.5052E+00    6.2826E+00  
  2.9086E+00    1.6966E+00   -1.9646E+00    9.7094E-02    1.8317E-02   -2.4892E-01   -5.3139E-02   -2.0735E-01   -5.8395E-02   -1.7806E-01   -7.4520E-02    8.7296E-02    3.3994E-02   -1.1114E-01   -4.4663E-01    6.2194E-03   -2.0819E-02   -6.8195E-02   -1.8816E-01    6.9248E-02    4.1276E-01   -2.7933E-02    2.5520E+00    6.2423E+00  
  2.6552E+00    1.6306E+00   -2.2840E+00    8.3138E-02    1.1104E-01   -2.6716E-01   -3.9788E-02   -1.5466E-01    4.7975E-02   -2.3686E-01   -8.1129E-02    4.2113E-02    4.0621E-02   -7.8672E-03   -4.5796E-01    9.4635E-03   -3.3530E-02    5.6300E-02   -2.2855E-01   -3.0609E-03    4.2750E-01   -1.3696E-02    2.5671E+00    6.1614E+00  
  2.4691E+00    1.4843E+00   -2.4277E+00    5.1324E-02    1.8702E-01   -3.2957E-01   -7.0490E-03   -1.1046E-01    1.4133E-01   -2.6859E-01   -9.7700E-02   -1.0029E-02    9.3192E-03    9.7625E-02   -4.3188E-01    1.6000E-02   -2.4039E-02    1.7469E-01   -2.3363E-01   -7.6596E-02    4.0629E-01    9.8208E-04    2.5514E+00    6.3347E+00  
  2.3890E+00    1.1812E+00   -2.0983E+00    3.7327E-02    2.8327E-01   -4.2187E-01    5.6947E-02   -1.0556E-01    2.3134E-01   -2.5605E-01   -1.0418E-01   -5.5868E-02   -6.5047E-02    1.7731E-01   -3.7244E-01   -4.0750E-03    1.1504E-02    2.8700E-01   -1.9811E-01   -1.2947E-01    3.4528E-01    2.8260E-02    2.5046E+00    6.3699E+00  
  1.8852E+00    1.6667E+00   -1.2012E+00   -5.4334E-01    8.2628E-01   -1.3758E+00    2.4325E-03    5.5315E-01   -2.4148E-01    5.2455E-01   -2.8821E-01   -6.0343E-01    6.6398E-02   -2.4213E-01    3.5533E-01    1.2215E-01    6.4812E-03    6.8398E-01   -3.6078E-01    5.2669E-02   -3.3807E-01    6.3661E-02    2.2529E+00    7.7902E+00  
  2.9902E+00    2.3988E+00    4.1512E+00    4.9152E-01   -3.8717E+00   -7.8247E+00    2.1351E+00    2.0341E-01    5.7102E-01    9.2973E+00   -3.5042E-02   -1.6358E+00   -1.5294E+00   -6.2875E+00    3.5577E+00   -1.9383E-02    1.5719E-01    1.3533E+00    1.1853E-01    2.0691E+00   -3.7322E+00    6.0292E-03    1.0457E+00    5.1445E+00  
  3.2848E+00    1.9998E+00    8.6422E-01    1.1079E-02   -3.7702E-01   -7.9563E-02   -1.9414E-02   -1.6334E-01   -2.8215E-01    1.4222E-01   -9.1534E-02    1.0626E-01   -1.5967E-01   -3.1418E-01   -1.8902E-01    2.3056E-02    6.4529E-02   -3.4888E-01    1.5329E-01    2.4803E-01    3.4334E-01   -1.6491E-02    2.4779E+00    6.1178E+00  
  3.0302E+00    2.0250E+00    6.0560E-02    1.1636E-01   -8.8357E-02   -3.6040E-02   -1.7142E-02   -1.6365E-01   -1.9458E-01    8.1146E-02   -4.6539E-02    1.1036E-01   -7.5062E-02   -3.0935E-01   -3.0637E-01   -9.1943E-03    3.5084E-02   -2.4538E-01    5.0335E-02    2.5254E-01    4.7240E-01   -1.7478E-02    2.5715E+00    6.3605E+00  
  2.7164E+00    1.8297E+00   -1.2263E+00    1.8048E-01    5.1078E-02    2.2905E-02   -1.9309E-02   -1.4966E-01   -9.6972E-02    9.9190E-03   -1.2217E-02    1.0177E-01   -2.0495E-02   -2.4704E-01   -4.0029E-01   -4.1352E-02   -3.4391E-03   -1.4022E-01   -2.7759E-02    2.0404E-01    5.5974E-01    9.9826E-03    2.6413E+00    6.4491E+00  
  2.3966E+00    1.8681E+00   -2.0081E+00    1.8089E-01    7.3805E-02    6.4506E-02   -7.8145E-03   -1.1315E-01    1.5427E-02   -6.8228E-02   -1.4471E-02    7.8362E-02   -2.3068E-02   -1.3345E-01   -4.6608E-01   -2.9362E-02   -1.3616E-02   -4.6554E-02   -6.0580E-02    1.0589E-01    6.1101E-01    3.0197E-03    2.6842E+00    6.5607E+00  
  2.1409E+00    1.8181E+00   -2.3682E+00    1.6981E-01    5.5752E-02    7.9221E-02    2.8281E-03   -9.0478E-02    9.6984E-02   -1.4267E-01   -2.3584E-02    5.8574E-02   -3.7190E-02   -5.8487E-04   -4.8125E-01   -1.3346E-02   -1.7271E-02    3.1630E-02   -8.4349E-02   -6.5234E-03    6.2512E-01   -1.2854E-02    2.6997E+00    6.6047E+00  
  1.9737E+00    1.7049E+00   -2.6133E+00    1.5050E-01    3.6422E-02    4.8062E-02    2.3482E-02   -7.3979E-02    1.5397E-01   -1.9451E-01   -4.0914E-02    3.1512E-02   -6.2030E-02    1.3299E-01   -4.5768E-01    5.6989E-03   -9.8332E-03    1.0520E-01   -9.1040E-02   -1.1949E-01    6.0654E-01   -2.8208E-02    2.6827E+00    6.5422E+00  
  1.9110E+00    1.5523E+00   -2.3769E+00    1.2070E-01    6.1919E-02   -3.4169E-02    4.9709E-02   -5.6658E-02    1.7642E-01   -2.0311E-01   -6.8517E-02   -1.2325E-02   -9.0213E-02    2.4983E-01   -3.8353E-01    2.7054E-02    1.3581E-03    1.8409E-01   -8.8608E-02   -2.1955E-01    5.5156E-01   -3.4493E-02    2.6388E+00    6.3747E+00  
  1.9901E+00    1.0268E+00   -1.4978E+00    1.1845E-01    1.3917E-01   -1.3141E-01    1.0250E-01   -7.6160E-02    2.0363E-01   -1.5576E-01   -7.8592E-02   -5.0155E-02   -1.5811E-01    3.1955E-01   -2.8319E-01    1.0955E-02    3.4546E-02    2.6241E-01   -3.9435E-02   -2.7087E-01    4.6349E-01   -7.6703E-03    2.5691E+00    6.3004E+00  
  2.2192E+00    5.7210E-01   -8.9104E-01    9.8315E-02    3.1462E-01   -2.0517E-01    1.7198E-01   -1.2597E-01    2.2604E-01   -4.3799E-02   -1.0101E-01   -7.7163E-02   -2.2984E-01    3.3630E-01   -1.6457E-01    2.6333E-03    4.7885E-02    3.2441E-01    3.8087E-02   -2.6748E-01    3.3800E-01   -1.0937E-02    2.4754E+00    6.0891E+00  
  2.9262E+00    1.5569E+00    1.0770E+00    9.3237E-02   -2.3650E-02   -1.4804E-03   -2.3871E-02   -7.1408E-02   -2.0854E-01    2.0470E-01   -4.9356E-02    3.2758E-02   -1.0943E-01   -3.9332E-01   -1.2482E-01    3.8979E-02    5.1646E-02   -2.1708E-01    1.5420E-01    3.8229E-01    4.6463E-01   -4.6991E-02    2.5959E+00    6.5046E+00  
  2.5898E+00    1.7394E+00   -1.4028E-02    1.6826E-01    1.4649E-01    5.8763E-02   -1.4935E-02   -7.9031E-02   -1.4430E-01    1.4083E-01   -4.8851E-03    4.9447E-02   -4.6830E-02   -3.5647E-01   -2.3295E-01   -4.9489E-03    9.9361E-03   -1.4601E-01    7.0394E-02    3.5091E-01    5.5738E-01   -2.4072E-02    2.6846E+00    6.7187E+00  
  1.8772E+00    1.6779E+00    2.9164E-01    1.9922E-01    1.8262E-01    1.3400E-01   -8.4322E-04   -7.1419E-02   -6.1368E-02    6.3004E-02    1.9679E-02    5.4903E-02   -3.1587E-02   -2.5646E-01   -3.1975E-01   -2.8959E-02   -9.2543E-03   -8.6637E-02    2.1387E-02    2.5520E-01    6.1007E-01    5.2248E-04    2.7482E+00    6.8631E+00  
  1.6510E+00    1.7395E+00    2.1696E-01    1.9896E-01    1.3446E-01    1.9704E-01    1.0117E-02   -5.8770E-02    1.8175E-02   -1.4289E-02    2.2327E-02    5.9234E-02   -4.7645E-02   -1.3137E-01   -3.7451E-01   -3.1294E-02   -1.0073E-02   -3.4030E-02   -3.6213E-03    1.3027E-01    6.3676E-01   -1.4469E-03    2.7892E+00    6.9516E+00  
  1.5875E+00    1.7968E+00   -1.3772E-01    1.8940E-01    4.9679E-02    2.2100E-01    1.9381E-02   -4.8633E-02    8.0041E-02   -7.9054E-02    1.6418E-02    5.5285E-02   -7.2741E-02    2.1495E-03   -3.9326E-01   -2.3351E-02   -4.8949E-03    1.6159E-02   -1.3231E-02   -8.1114E-03    6.4587E-01   -1.4355E-02    2.8035E+00    7.0560E+00  
  1.6334E+00    1.8065E+00   -4.9283E-01    1.8025E-01   -2.8243E-02    1.9814E-01    3.0321E-02   -4.2768E-02    1.0926E-01   -1.2550E-01    3.4620E-03    4.4080E-02   -9.1433E-02    1.3562E-01   -3.7025E-01   -1.2789E-02   -1.3428E-03    6.3006E-02   -2.2623E-02   -1.4638E-01    6.3442E-01   -2.6934E-02    2.7881E+00    7.0511E+00  
  1.7267E+00    1.7180E+00   -1.0752E+00    1.7716E-01   -7.0808E-02    1.3543E-01    4.5237E-02   -4.4566E-02    1.1623E-01   -1.4713E-01   -1.4603E-02    2.9062E-02   -1.1331E-01    2.6175E-01   -3.1081E-01   -8.9761E-03    5.9584E-03    1.0388E-01   -1.6425E-02   -2.7190E-01    6.0524E-01   -2.6656E-02    2.7462E+00    6.9661E+00  
  1.5036E+00    1.3865E+00   -1.9275E+00    1.8632E-01   -5.3406E-02    5.1169E-02    6.8875E-02   -6.1956E-02    1.0889E-01   -1.2881E-01   -2.6932E-02    6.0629E-03   -1.5315E-01    3.6481E-01   -2.2031E-01   -2.1640E-02    2.6413E-02    1.4262E-01    1.5503E-02   -3.6852E-01    5.5128E-01   -3.6428E-04    2.6823E+00    6.7450E+00  
  1.7771E+00    1.2010E+00   -1.1720E+00    1.9675E-01    4.1471E-02   -9.5748E-03    1.1709E-01   -1.0719E-01    1.0267E-01   -5.2472E-02   -3.9585E-02   -7.6317E-03   -2.1941E-01    4.0884E-01   -1.1211E-01   -4.8600E-02    5.9845E-02    1.8049E-01    8.5396E-02   -4.0098E-01    4.6102E-01    2.2699E-02    2.5942E+00    6.5366E+00  
  3.6087E+00    5.0064E+00   -9.0389E-01   -3.4491E-01   -5.2199E+00   -7.1715E+00   -1.0151E+00    1.7245E+00    9.4378E+00    3.7316E-01   -2.6022E-01   -1.7805E+00   -1.3912E+00    6.3782E+00   -3.5493E+00    2.1152E-01    1.0338E-01   -2.2773E-01    1.3843E+00   -3.7067E+00   -2.1597E+00   -4.0141E-02    1.0171E+00    4.8313E+00  
  3.2558E+00    9.6158E-01    2.1242E+00    7.3463E-03   -3.7329E-01    7.1952E-02   -1.5703E-01   -1.9132E-02   -1.2348E-01    3.1397E-01   -9.3232E-02   -9.9348E-02   -1.6542E-01   -3.1598E-01    1.6507E-01    6.8806E-02    2.7022E-02   -1.6418E-01    3.3969E-01    3.4629E-01    2.4138E-01   -2.0899E-02    2.4647E+00    6.1453E+00  
  2.9130E+00    1.0590E+00    1.9175E+00    9.4024E-02   -2.0703E-02   -6.5120E-03   -6.9869E-02   -2.4976E-02   -1.8263E-01    2.3778E-01   -4.8739E-02   -2.9718E-02   -1.1029E-01   -3.9380E-01    9.7030E-02    5.4217E-02    3.6601E-02   -1.6232E-01    2.0981E-01    4.7091E-01    3.7430E-01   -4.7808E-02    2.5886E+00    6.4940E+00  
  2.5386E+00    1.2152E+00    1.1331E+00    1.6079E-01    1.9545E-01   -2.6502E-03   -3.4868E-02   -3.6028E-02   -1.6618E-01    1.8967E-01   -8.6441E-04    1.5530E-03   -5.2373E-02   -3.9488E-01   -1.4919E-02    1.7305E-02    1.4531E-02   -1.2452E-01    1.1711E-01    4.7918E-01    4.7194E-01   -4.5506E-02    2.6935E+00    6.7988E+00  
  1.5993E+00    1.3597E+00    9.7620E-01    1.8353E-01    2.7110E-01    5.6842E-02   -1.2243E-02   -3.3151E-02   -1.0924E-01    1.3440E-01    2.7128E-02    1.4431E-02   -3.4992E-02   -3.2878E-01   -1.2521E-01   -5.0162E-03   -9.8992E-03   -8.5496E-02    6.6313E-02    4.0609E-01    5.2823E-01   -3.1885E-02    2.7783E+00    7.0310E+00  
  1.3041E+00    1.4768E+00    6.6034E-01    1.8356E-01    2.5170E-01    1.3722E-01    8.0188E-03   -2.7642E-02   -4.6716E-02    7.0529E-02    3.9948E-02    2.5493E-02   -4.0643E-02   -2.2742E-01   -2.0430E-01   -1.5534E-02   -1.4133E-02   -5.5447E-02    3.5629E-02    2.8665E-01    5.5636E-01   -2.1496E-02    2.8429E+00    7.1890E+00  
  1.1114E+00    1.5580E+00    2.8738E-01    1.7329E-01    1.7076E-01    2.0249E-01    1.6665E-02   -2.3569E-02    6.8202E-03    1.0294E-02    4.3807E-02    3.5372E-02   -5.9835E-02   -1.1477E-01   -2.5467E-01   -2.0380E-02   -1.2188E-02   -2.4429E-02    1.6652E-02    1.4450E-01    5.7231E-01   -1.9768E-02    2.8834E+00    7.1894E+00  
  1.0429E+00    1.6027E+00   -1.0991E-01    1.6711E-01    6.1983E-02    2.2983E-01    2.0945E-02   -2.2518E-02    4.5276E-02   -3.8081E-02    4.3036E-02    4.1329E-02   -8.1403E-02    1.8865E-03   -2.6948E-01   -2.3734E-02   -7.2782E-03    8.0135E-03    7.7222E-03   -7.7657E-03    5.7558E-01   -1.8697E-02    2.8980E+00    7.1991E+00  
  1.1027E+00    1.6121E+00   -5.0636E-01    1.6916E-01   -4.7176E-02    2.1032E-01    2.8598E-02   -2.4797E-02    6.1316E-02   -7.2686E-02    3.6696E-02    4.0754E-02   -1.0105E-01    1.1856E-01   -2.5178E-01   -2.5782E-02   -4.4324E-04    3.7441E-02    5.0192E-03   -1.5998E-01    5.7017E-01   -1.6666E-02    2.8824E+00    7.2667E+00  
  1.2851E+00    1.5843E+00   -8.7719E-01    1.7880E-01   -1.2635E-01    1.4894E-01    3.7106E-02   -3.1187E-02    5.7495E-02   -9.0166E-02    2.3074E-02    3.1967E-02   -1.1919E-01    2.3136E-01   -1.9880E-01   -2.6725E-02    7.5628E-03    5.9205E-02    1.3532E-02   -3.0197E-01    5.5243E-01   -1.1910E-02    2.8411E+00    7.2574E+00  
  1.5703E+00    1.5140E+00   -1.1871E+00    1.9513E-01   -1.4984E-01    6.8678E-02    4.4831E-02   -4.4068E-02    3.3233E-02   -7.9643E-02    5.3064E-03    1.5616E-02   -1.4188E-01    3.3335E-01   -1.1780E-01   -3.0635E-02    1.7907E-02    7.3223E-02    3.6320E-02   -4.2125E-01    5.2307E-01    2.9804E-03    2.7760E+00    7.0970E+00  
  1.3540E+00    1.3694E+00   -1.4888E+00    2.0482E-01   -9.5871E-02    5.5117E-03    6.8031E-02   -6.8298E-02   -5.1956E-03   -2.5007E-02   -1.5729E-02   -2.0631E-03   -1.7146E-01    4.0224E-01   -7.8044E-03   -4.1319E-02    3.9993E-02    8.7330E-02    8.2271E-02   -4.9405E-01    4.6739E-01    1.9487E-02    2.6913E+00    6.8631E+00  
  1.7861E+00    1.1528E+00   -8.8590E-01    1.9536E-01    4.4796E-02    2.3732E-02    1.0624E-01   -1.1713E-01   -3.3155E-02    7.8097E-02   -4.0562E-02    4.6699E-03   -2.1853E-01    4.0658E-01    9.8818E-02   -6.0619E-02    4.6639E-02    8.8549E-02    1.7578E-01   -4.8399E-01    3.7350E-01    2.2477E-02    2.5867E+00    6.5609E+00  
  2.2393E+00    7.6144E-01   -4.9462E-01    1.0192E-01    3.1941E-01    2.1955E-01    1.2897E-01   -1.7301E-01   -2.6398E-02    1.9870E-01   -9.8958E-02    7.0864E-02   -2.3238E-01    3.3381E-01    1.5298E-01   -5.1026E-02    2.2611E-03    4.0783E-02    3.1738E-01   -3.5354E-01    2.4479E-01   -6.2210E-03    2.4623E+00    6.2173E+00  
  2.0958E+00   -3.5435E+00   -3.4742E+00   -1.9247E-01   -3.0800E+00    8.4282E+00   -8.4230E-01   -1.8254E+00    9.4228E+00   -6.6741E-03   -1.5645E-01    1.8752E+00   -1.2322E+00   -6.2470E+00   -3.7680E+00   -1.2443E-01   -4.8717E-02   -1.4831E-03    1.3895E+00    3.7481E+00   -2.0731E+00    3.5583E-03    1.0210E+00    5.0263E+00  
  3.9297E+00   -4.6950E-01    9.8719E-01    5.1000E-01   -5.3669E-02   -5.2840E-01   -9.2946E-01   -1.5932E-01    7.4666E-01    8.6803E-01    2.8223E-02   -6.2092E-01    8.6494E-02    2.2783E-01   -3.4259E-01    3.7175E-02   -6.3312E-02    2.0820E-01    6.2258E-01   -3.2639E-01   -4.6192E-02   -9.1246E-02    2.2356E+00    7.5638E+00  
  2.9862E+00   -2.7557E-01    2.0038E+00    1.1540E-01   -8.0930E-02    3.1396E-02   -1.5954E-01   -1.6432E-02   -6.8769E-02    2.2921E-01   -4.7078E-02   -1.0494E-01   -7.9725E-02   -3.1480E-01    2.7966E-01    3.7685E-02   -6.5051E-03   -6.0046E-02    2.3742E-01    4.7515E-01    2.5229E-01   -2.1294E-02    2.5519E+00    6.4796E+00  
  2.5733E+00   -1.9095E-01    2.0934E+00    1.6915E-01    1.5121E-01   -6.3130E-02   -7.7154E-02   -1.5305E-02   -1.2511E-01    1.7404E-01   -4.4330E-03   -4.6114E-02   -4.8912E-02   -3.5832E-01    2.0359E-01    1.1580E-02   -6.2788E-03   -7.9430E-02    1.3946E-01    5.6304E-01    3.4600E-01   -2.5978E-02    2.6703E+00    6.7878E+00  
  1.5989E+00    9.7148E-01    1.3653E+00    1.8399E-01    2.7299E-01   -5.9444E-02   -3.2001E-02   -1.3010E-02   -1.1697E-01    1.3329E-01    2.7221E-02   -1.1394E-02   -3.6171E-02   -3.2946E-01    9.3189E-02   -8.0609E-03   -7.5752E-03   -7.4801E-02    7.9118E-02    5.3472E-01    4.0049E-01   -3.2950E-02    2.7715E+00    7.0194E+00  
  1.1822E+00    1.0939E+00    1.0986E+00    1.7820E-01    3.0260E-01   -4.7042E-04   -5.9020E-03   -6.8338E-03   -7.5622E-02    9.3889E-02    4.9206E-02    1.2879E-03   -3.8227E-02   -2.6074E-01   -1.7589E-02   -1.4711E-02   -1.6776E-02   -5.9938E-02    5.3032E-02    4.3536E-01    4.3020E-01   -2.7339E-02    2.8563E+00    7.2429E+00  
  8.5034E-01    1.1865E+00    7.4823E-01    1.5753E-01    2.6177E-01    8.0377E-02    9.7799E-03   -4.6960E-03   -3.5624E-02    5.4897E-02    5.7594E-02    1.2929E-02   -5.3526E-02   -1.7745E-01   -9.8784E-02   -1.8029E-02   -1.9731E-02   -3.9558E-02    3.2612E-02    3.0509E-01    4.5117E-01   -2.4889E-02    2.9239E+00    7.3716E+00  
  6.3705E-01    1.2525E+00    3.4437E-01    1.3600E-01    1.7773E-01    1.4461E-01    1.6538E-02   -6.4842E-03   -1.5431E-03    1.6194E-02    6.3331E-02    2.1766E-02   -7.0574E-02   -9.0122E-02   -1.4986E-01   -1.8505E-02   -1.5393E-02   -1.8163E-02    2.1019E-02    1.5287E-01    4.6127E-01   -2.5119E-02    2.9691E+00    7.3679E+00  
  5.6157E-01    1.2917E+00   -8.3985E-02    1.2669E-01    6.8886E-02    1.6915E-01    1.8959E-02   -8.9662E-03    1.9616E-02   -1.5284E-02    6.1165E-02    2.5857E-02   -8.9466E-02    1.2538E-03   -1.6605E-01   -2.0895E-02   -1.2083E-02    3.1501E-03    1.4896E-02   -7.2343E-03    4.6527E-01   -2.1821E-02    2.9840E+00    7.3046E+00  
  6.2996E-01    1.3060E+00   -5.0947E-01    1.3153E-01   -3.7676E-02    1.4664E-01    2.2951E-02   -1.3647E-02    2.7197E-02   -3.6713E-02    5.4053E-02    2.3412E-02   -1.0509E-01    9.2529E-02   -1.4784E-01   -2.2286E-02   -1.3319E-03    2.2241E-02    1.4670E-02   -1.6722E-01    4.5925E-01   -1.7676E-02    2.9682E+00    7.4069E+00  
  8.3798E-01    1.2958E+00   -9.1351E-01    1.4761E-01   -1.2531E-01    8.3720E-02    2.7212E-02   -2.2327E-02    1.6295E-02   -4.4239E-02    4.4300E-02    1.3525E-02   -1.1958E-01    1.7959E-01   -9.5001E-02   -1.9791E-02    6.4705E-03    3.6835E-02    2.1225E-02   -3.1908E-01    4.4732E-01   -1.5179E-02    2.9221E+00    7.4050E+00  
  1.1603E+00    1.2566E+00   -1.2596E+00    1.7218E-01   -1.6664E-01    3.4565E-03    3.2247E-02   -3.2427E-02   -1.2918E-02   -2.8872E-02    2.5437E-02   -2.2047E-03   -1.2931E-01    2.6248E-01   -1.2579E-02   -1.8333E-02    1.7862E-02    4.5448E-02    3.9479E-02   -4.4869E-01    4.2495E-01   -8.2504E-03    2.8538E+00    7.2695E+00  
  1.5700E+00    1.1840E+00   -1.5175E+00    1.9480E-01   -1.4818E-01   -6.0422E-02    4.3977E-02   -4.5143E-02   -6.4087E-02    1.3122E-02    5.1874E-03   -2.0444E-02   -1.4240E-01    3.3099E-01    9.8157E-02   -1.8152E-02    2.9473E-02    4.2860E-02    6.7651E-02   -5.4696E-01    3.9452E-01    3.3982E-03    2.7687E+00    7.0331E+00  
  1.5134E+00    2.0793E+00   -1.0703E+00    1.8543E-01   -4.8947E-02   -4.1114E-02    6.2234E-02   -6.9358E-02   -1.1391E-01    8.4525E-02   -2.7641E-02   -1.0744E-02   -1.5334E-01    3.6059E-01    2.0420E-01   -2.6517E-02    2.0992E-02    2.1142E-02    1.3659E-01   -5.7262E-01    3.4120E-01    1.6276E-04    2.6673E+00    6.7927E+00  
  2.0232E+00    1.8165E+00   -1.0855E+00    1.1873E-01    1.4769E-01    1.4200E-01    7.7439E-02   -1.0276E-01   -1.4341E-01    1.7385E-01   -7.8672E-02    4.3692E-02   -1.5818E-01    3.1777E-01    2.6828E-01   -3.5287E-02   -8.6390E-03   -3.6273E-02    2.5355E-01   -4.7911E-01    2.5071E-01   -4.8677E-03    2.5491E+00    6.4870E+00  
  1.9197E+00    1.5728E+00   -1.5606E+00   -5.4225E-01    8.4787E-01    1.3824E+00   -5.4920E-01   -2.2919E-03    5.2323E-01   -2.8595E-01   -2.8636E-01    5.9433E-01    6.5363E-02   -2.2204E-01   -3.7749E-01   -1.1639E-02   -1.1978E-01   -3.5541E-01    6.7189E-01    3.3058E-01   -3.8323E-02    6.2616E-02    2.2353E+00    7.5343E+00  
  3.1284E+00   -1.1586E+00    1.7805E+00    5.9003E-02   -1.4151E-01    2.6874E-01   -2.4246E-01   -3.9047E-02    1.1539E-01    2.0106E-01   -9.4510E-02   -1.1618E-01   -3.2920E-02   -1.9203E-01    3.8183E-01    2.2663E-02    2.8994E-02    9.2673E-02    1.9940E-01    3.6470E-01    1.2810E-01   -5.1527E-02    2.4828E+00    6.1880E+00  
  2.6793E+00   -1.1746E+00    2.0610E+00    1.8235E-01    5.9826E-02   -2.4307E-02   -1.4746E-01   -1.8341E-02   -3.9986E-03    1.3103E-01   -1.1842E-02   -9.8247E-02   -2.4987E-02   -2.5458E-01    3.7471E-01   -3.4359E-03   -4.1553E-02    1.6637E-02    1.3339E-01    5.6557E-01    2.0826E-01    9.6294E-03    2.6166E+00    6.6905E+00  
  1.8734E+00    2.9684E-01    1.7422E+00    2.0085E-01    1.8860E-01   -1.3524E-01   -6.9928E-02   -6.7796E-04   -5.3730E-02    9.1540E-02    1.9885E-02   -5.2132E-02   -3.4472E-02   -2.5993E-01    2.8924E-01   -9.3387E-03   -2.9714E-02   -3.0989E-02    8.1193E-02    6.1561E-01    2.5453E-01   -7.9169E-04    2.7281E+00    6.9518E+00  
  1.3034E+00    6.5650E-01    1.4823E+00    1.8443E-01    2.5469E-01   -1.3762E-01   -2.6938E-02    7.8404E-03   -5.9163E-02    7.1310E-02    3.9765E-02   -2.3363E-02   -4.2988E-02   -2.2879E-01    1.7017E-01   -1.3431E-02   -1.7668E-02   -4.4609E-02    5.0941E-02    5.6247E-01    2.8440E-01   -2.2861E-02    2.8301E+00    7.1214E+00  
  8.5000E-01    7.4424E-01    1.1910E+00    1.5783E-01    2.6290E-01   -7.9820E-02   -4.0389E-03    9.1642E-03   -4.2859E-02    5.4357E-02    5.7527E-02   -1.1181E-02   -5.4647E-02   -1.7812E-01    6.0999E-02   -1.8664E-02   -2.0157E-02   -3.9954E-02    3.4568E-02    4.5656E-01    3.0254E-01   -2.5658E-02    2.9182E+00    7.2795E+00  
  4.9283E-01    8.1425E-01    8.1813E-01    1.2626E-01    2.2726E-01    7.8419E-04    8.6746E-03    8.1836E-03   -2.1974E-02    3.4456E-02    6.8154E-02    5.9044E-04   -6.8740E-02   -1.2282E-01   -2.0260E-02   -1.7827E-02   -1.9287E-02   -2.7995E-02    2.2821E-02    3.1851E-01    3.1521E-01   -2.3484E-02    2.9915E+00    7.4113E+00  
  2.6206E-01    8.6522E-01    3.9150E-01    9.6729E-02    1.5903E-01    6.4528E-02    1.2034E-02    2.2544E-03   -4.0499E-03    1.3965E-02    7.1290E-02    9.2814E-03   -8.4804E-02   -6.1950E-02   -7.0482E-02   -1.8712E-02   -1.6397E-02   -1.3272E-02    1.6047E-02    1.6085E-01    3.2388E-01   -2.6175E-02    3.0414E+00    7.4342E+00  
  1.8322E-01    9.0144E-01   -5.5585E-02    8.4727E-02    7.5786E-02    8.8789E-02    1.4013E-02   -2.9352E-03    7.2048E-03   -4.2150E-03    7.2843E-02    1.2172E-02   -9.7874E-02    4.9205E-04   -8.7387E-02   -1.5227E-02   -9.2525E-03    6.2982E-04    1.3139E-02   -6.5265E-03    3.2498E-01   -2.4228E-02    3.0587E+00    7.3622E+00  
  2.5991E-01    9.2200E-01   -5.0273E-01    9.1309E-02   -9.7755E-03    6.5922E-02    1.4999E-02   -9.3988E-03    7.6498E-03   -1.5828E-02    6.9833E-02    8.5400E-03   -1.0948E-01    6.2758E-02   -6.9073E-02   -1.1133E-02   -7.3165E-04    1.3066E-02    1.3278E-02   -1.7377E-01    3.2196E-01   -2.1407E-02    3.0404E+00    7.4564E+00  
  4.8513E-01    9.2463E-01   -9.2721E-01    1.1262E-01   -8.1018E-02    2.3756E-03    1.8674E-02   -1.9364E-02   -4.6676E-03   -1.5940E-02    5.8728E-02   -1.4851E-03   -1.1614E-01    1.2313E-01   -1.7605E-02   -1.0118E-02    1.0158E-02    2.3297E-02    1.8676E-02   -3.3097E-01    3.1150E-01   -2.1336E-02    2.9897E+00    7.4174E+00  
  8.3769E-01    9.1104E-01   -1.2990E+00    1.4759E-01   -1.2438E-01   -7.8042E-02    2.1945E-02   -2.7688E-02   -3.3147E-02   -2.4604E-04    4.4276E-02   -1.7127E-02   -1.2029E-01    1.7758E-01    6.4483E-02   -6.1441E-03    1.9194E-02    2.7552E-02    3.1993E-02   -4.6829E-01    2.9726E-01   -1.4797E-02    2.9157E+00    7.2730E+00  
  1.2846E+00    8.7460E-01   -1.5879E+00    1.7847E-01   -1.2390E-01   -1.4256E-01    3.0826E-02   -3.7888E-02   -7.8874E-02    3.6260E-02    2.3273E-02   -3.6044E-02   -1.2068E-01    2.2696E-01    1.7379E-01   -7.0845E-03    2.5834E-02    2.0787E-02    5.4553E-02   -5.7299E-01    2.7785E-01   -1.1219E-02    2.8271E+00    7.0956E+00  
  1.7273E+00    1.0634E+00   -1.6679E+00    1.7600E-01   -6.5292E-02   -1.2829E-01    4.4719E-02   -4.6091E-02   -1.3652E-01    9.0597E-02   -1.5155E-02   -3.3773E-02   -1.1414E-01    2.5653E-01    2.9029E-01   -4.8843E-03    8.6118E-03   -9.4174E-03    9.7849E-02   -6.2386E-01    2.4761E-01   -2.6295E-02    2.7246E+00    6.9037E+00  
  1.9368E+00    2.3213E+00   -1.3491E+00    1.1941E-01    7.0549E-02    4.1146E-02    5.7495E-02   -5.0696E-02   -1.9489E-01    1.4740E-01   -6.9282E-02    6.2528E-03   -9.1187E-02    2.4689E-01    3.6774E-01   -3.2630E-04   -2.6951E-02   -8.1501E-02    1.7487E-01   -5.6878E-01    2.0102E-01   -3.4609E-02    2.6127E+00    6.6326E+00  
  2.4309E+00    2.0199E+00   -1.1706E+00    2.9949E-02    2.9531E-01    4.3303E-01    1.0099E-01   -5.9046E-02   -2.4659E-01    2.0010E-01   -1.0832E-01    5.5352E-02   -6.6510E-02    1.7673E-01    3.6185E-01   -1.1826E-02   -3.9965E-03   -1.8962E-01    2.8002E-01   -3.6308E-01    1.2180E-01    2.4025E-02    2.4813E+00    6.1355E+00  
  2.8762E+00   -1.6302E+00    1.7125E+00    1.0657E-01    3.0161E-02    2.4549E-01   -2.1277E-01   -5.1130E-02    1.8083E-01    9.1342E-02   -7.0712E-02   -9.2734E-02    2.8837E-02   -1.1949E-01    4.3217E-01   -2.3359E-02   -4.1591E-03    1.7314E-01    6.8939E-02    4.2859E-01    7.9910E-02   -2.2070E-02    2.5285E+00    6.2265E+00  
  2.3731E+00   -1.7942E+00    2.0140E+00    1.8333E-01    8.2010E-02   -6.3123E-02   -1.1202E-01   -5.9733E-03    6.9222E-02    1.5867E-02   -1.4390E-02   -7.6996E-02   -2.9099E-02   -1.4066E-01    4.4319E-01   -1.4568E-02   -3.0580E-02    4.6567E-02    4.2680E-02    6.1980E-01    1.1303E-01    4.6201E-03    2.6556E+00    6.6245E+00  
  1.6495E+00    2.1433E-01    1.7464E+00    1.9977E-01    1.4031E-01   -1.9539E-01   -5.7319E-02    1.0815E-02    1.7561E-02    1.1073E-02    2.1341E-02   -5.7417E-02   -5.2240E-02   -1.3528E-01    3.4441E-01   -1.1081E-02   -3.0806E-02   -7.3134E-03    3.0897E-02    6.4268E-01    1.3405E-01   -3.1306E-03    2.7645E+00    6.8779E+00  
  1.1105E+00    2.8422E-01    1.5633E+00    1.7425E-01    1.7445E-01   -2.0093E-01   -2.3284E-02    1.6755E-02   -5.2478E-03    1.7847E-02    4.3541E-02   -3.4684E-02   -6.3056E-02   -1.1697E-01    2.1963E-01   -1.2867E-02   -2.1783E-02   -2.6068E-02    2.2115E-02    5.7876E-01    1.4685E-01   -2.0809E-02    2.8665E+00    7.0547E+00  
  6.3657E-01    3.4105E-01    1.2570E+00    1.3630E-01    1.7963E-01   -1.4256E-01   -6.1073E-03    1.6177E-02   -1.0598E-02    2.0333E-02    6.3314E-02   -2.1283E-02   -7.2630E-02   -9.1416E-02    1.1082E-01   -1.5299E-02   -2.0217E-02   -2.8808E-02    1.5525E-02    4.6751E-01    1.5423E-01   -2.6232E-02    2.9597E+00    7.2069E+00  
  2.6187E-01    3.8820E-01    8.6908E-01    9.6800E-02    1.5965E-01   -6.2070E-02    2.6417E-03    1.1451E-02   -8.0518E-03    1.6659E-02    7.1343E-02   -9.1580E-03   -8.5667E-02   -6.2531E-02    2.8508E-02   -1.5700E-02   -2.0045E-02   -2.1575E-02    1.0391E-02    3.2831E-01    1.6086E-01   -2.6728E-02    3.0379E+00    7.2910E+00  
  2.2403E-02    4.2788E-01    4.3112E-01    6.6233E-02    1.2343E-01    1.3929E-03    5.9284E-03    5.3866E-03   -2.7193E-03    8.7229E-03    7.7676E-02   -1.8919E-04   -9.7371E-02   -3.2560E-02   -2.1955E-02   -1.2632E-02   -1.3627E-02   -1.0938E-02    7.7366E-03    1.6454E-01    1.6306E-01   -2.6810E-02    3.0905E+00    7.3157E+00  
 -5.9545E-02    4.5998E-01   -2.7688E-02    5.3999E-02    7.8453E-02    2.5104E-02    6.6452E-03   -1.0653E-03    5.6619E-04   -2.6690E-04    7.9392E-02    2.8632E-03   -1.0550E-01   -2.3436E-04   -3.9303E-02   -7.7178E-03   -5.8362E-03   -4.3245E-04    6.1129E-03   -5.7106E-03    1.6374E-01   -2.5811E-02    3.1079E+00    7.2547E+00  
  2.1311E-02    4.8455E-01   -4.8642E-01    6.3088E-02    3.1625E-02    1.6809E-03    7.0349E-03   -8.0751E-03   -7.0748E-04   -6.0120E-03    7.6814E-02   -6.0539E-04   -1.1003E-01    3.1890E-02   -2.1016E-02   -2.5067E-03    2.9343E-03    9.3493E-03    7.0731E-03   -1.7583E-01    1.6125E-01   -2.3885E-02    3.0896E+00    7.3270E+00  
  2.5947E-01    5.0094E-01   -9.2460E-01    9.1506E-02   -9.2718E-03   -6.2123E-02    8.6076E-03   -1.5970E-02   -1.0451E-02   -3.8684E-03    6.9642E-02   -1.0360E-02   -1.1003E-01    6.1282E-02    3.0272E-02    1.4419E-03    1.1242E-02    1.7785E-02    1.0507E-02   -3.3917E-01    1.5733E-01   -2.1160E-02    3.0360E+00    7.2798E+00  
  6.2912E-01    5.0776E-01   -1.3093E+00    1.3185E-01   -3.6055E-02   -1.4244E-01    1.3201E-02   -2.4059E-02   -3.1061E-02    1.0013E-02    5.3637E-02   -2.5732E-02   -1.0653E-01    8.9142E-02    1.1319E-01    2.5262E-03    2.1789E-02    2.1242E-02    1.9343E-02   -4.7764E-01    1.4914E-01   -1.7024E-02    2.9571E+00    7.1764E+00  
  1.1016E+00    5.0451E-01   -1.6158E+00    1.6912E-01   -4.4062E-02   -2.0574E-01    2.4249E-02   -2.9895E-02   -6.6435E-02    3.8970E-02    3.6506E-02   -4.3416E-02   -1.0320E-01    1.1304E-01    2.2219E-01    2.0078E-03    2.5294E-02    1.2807E-02    3.4335E-02   -5.8784E-01    1.4032E-01   -1.6050E-02    2.8635E+00    6.9987E+00  
  1.6323E+00    4.9055E-01   -1.8098E+00    1.8070E-01   -2.3243E-02   -1.9384E-01    4.3077E-02   -3.2075E-02   -1.1925E-01    8.3113E-02    4.2148E-03   -4.8319E-02   -9.4584E-02    1.2866E-01    3.4633E-01    2.9288E-03    1.3704E-02   -1.3559E-02    5.8537E-02   -6.5044E-01    1.2607E-01   -2.4951E-02    2.7611E+00    6.7872E+00  
  1.9863E+00    2.4103E+00   -1.5849E+00    1.4945E-01    4.3889E-02   -4.3834E-02    7.4453E-02   -2.6099E-02   -1.8934E-01    1.2634E-01   -4.1226E-02   -3.6272E-02   -6.5748E-02    1.2755E-01    4.4111E-01    1.1370E-02   -5.8867E-03   -7.9314E-02    9.7996E-02   -6.2443E-01    1.0276E-01   -2.9004E-02    2.6519E+00    6.5139E+00  
  2.4894E+00    2.1043E+00   -1.4801E+00    4.3351E-02    1.9879E-01    3.3714E-01    1.0550E-01    5.1178E-03   -2.6238E-01    1.1151E-01   -1.0210E-01    1.0404E-02    7.8036E-03    9.4793E-02    4.2291E-01    2.7444E-02   -2.5156E-02   -2.2217E-01    1.6807E-01   -4.2979E-01    6.8605E-02   -4.8822E-03    2.5261E+00    6.1169E+00  
  2.6506E+00   -1.9639E+00    1.6384E+00    8.4628E-02    1.2259E-01    2.6987E-01   -1.5549E-01   -3.8556E-02    2.3490E-01   -1.7021E-02   -8.1810E-02   -4.4449E-02    3.5860E-02   -1.2014E-02    4.4667E-01   -3.6847E-02    8.1201E-03    2.1356E-01   -5.3201E-02    4.4630E-01    4.3548E-03   -1.3404E-02    2.5431E+00    6.1181E+00  
  2.1368E+00   -2.2045E+00    1.8323E+00    1.7098E-01    6.3917E-02   -7.5724E-02   -9.0581E-02    4.5438E-03    1.4015E-01   -6.6830E-02   -2.4054E-02   -5.9977E-02   -4.3316E-02   -5.5188E-03    4.5925E-01   -1.8303E-02   -1.4250E-02    6.9940E-02   -3.0472E-02    6.3470E-01    2.7962E-03   -1.2117E-02    2.6689E+00    6.4415E+00  
  1.5863E+00   -1.3959E-01    1.8024E+00    1.9034E-01    5.5605E-02   -2.1746E-01   -4.8515E-02    1.9958E-02    7.6943E-02   -5.1336E-02    1.5956E-02   -5.6291E-02   -7.7654E-02   -1.9163E-03    3.6403E-01   -6.7567E-03   -2.3780E-02    2.2152E-03   -1.5935E-02    6.5255E-01    7.7749E-04   -1.4077E-02    2.7776E+00    6.7293E+00  
  1.0419E+00   -1.1243E-01    1.6078E+00    1.6792E-01    6.5712E-02   -2.2635E-01   -2.2654E-02    2.0807E-02    3.6740E-02   -2.1035E-02    4.2546E-02   -4.2215E-02   -8.5091E-02   -9.1400E-04    2.3492E-01   -8.8451E-03   -2.4294E-02   -1.7398E-02   -7.9869E-03    5.8336E-01   -3.6625E-04   -1.8742E-02    2.8801E+00    6.9098E+00  
  5.6088E-01   -8.6642E-02    1.2961E+00    1.2723E-01    7.0900E-02   -1.6577E-01   -9.0595E-03    1.8429E-02    1.4384E-02   -1.0554E-03    6.0848E-02   -2.6725E-02   -9.1957E-02   -4.2850E-04    1.2722E-01   -1.2612E-02   -2.1663E-02   -2.3001E-02   -3.3523E-03    4.7292E-01   -1.4613E-03   -2.2160E-02    2.9736E+00    7.0607E+00  
  1.8278E-01   -5.8223E-02    9.0523E-01    8.5016E-02    7.6511E-02   -8.5546E-02   -2.7971E-03    1.3341E-02    3.5508E-03    5.2435E-03    7.2707E-02   -1.3002E-02   -9.9054E-02   -3.2910E-04    4.5245E-02   -8.9929E-03   -1.6227E-02   -1.9095E-02   -1.0627E-03    3.3106E-01   -2.4767E-03   -2.4574E-02    3.0542E+00    7.1502E+00  
 -5.9754E-02   -3.0272E-02    4.6313E-01    5.4109E-02    7.8528E-02   -2.2049E-02   -6.7489E-04    5.9667E-03   -3.0653E-04    5.4037E-03    7.9374E-02   -3.6519E-03   -1.0587E-01   -4.7897E-04   -5.0918E-03   -5.0858E-03   -8.7424E-03   -9.6456E-03   -2.7345E-04    1.6694E-01   -3.4449E-03   -2.5987E-02    3.1070E+00    7.1686E+00  
 -1.4246E-01   -1.9267E-03    6.0300E-04    4.2944E-02    7.9468E-02    1.4121E-03   -3.9565E-04   -1.0055E-03   -8.4651E-04    2.7108E-04    8.1503E-02   -3.6426E-04   -1.0767E-01   -8.3977E-04   -2.2652E-02    5.9350E-04   -3.5136E-04   -7.5735E-04   -2.6438E-04   -4.8719E-03   -4.3284E-03   -2.6401E-02    3.1242E+00    7.0876E+00  
 -5.9923E-02    2.6440E-02   -4.6193E-01    5.3992E-02    7.8433E-02   -2.2283E-02   -1.2449E-04   -7.9598E-03   -1.3216E-03   -4.8317E-03    7.9398E-02   -3.6409E-03   -1.0558E-01   -1.3916E-03   -4.5745E-03    6.2445E-03    8.0663E-03    8.1365E-03   -2.9859E-04   -1.7656E-01   -5.0794E-03   -2.5888E-02    3.1060E+00    7.1573E+00  
  1.8244E-01    5.4453E-02   -9.0403E-01    8.4773E-02    7.6327E-02   -8.6007E-02    1.9737E-03   -1.5284E-02   -4.9894E-03   -4.5778E-03    7.2760E-02   -1.3008E-02   -9.8454E-02   -2.0919E-03    4.6259E-02    1.0062E-02    1.5619E-02    1.7608E-02    3.6997E-04   -3.4031E-01   -5.6725E-03   -2.4440E-02    3.0523E+00    7.1740E+00  
  5.6037E-01    8.2972E-02   -1.2949E+00    1.2685E-01    7.0584E-02   -1.6647E-01    8.1972E-03   -2.0287E-02   -1.5509E-02    1.8542E-03    6.0960E-02   -2.6817E-02   -9.1103E-02   -2.9960E-03    1.2864E-01    1.3545E-02    2.1143E-02    2.1535E-02    2.4814E-03   -4.8157E-01   -6.0954E-03   -2.2073E-02    2.9710E+00    7.0610E+00  
  1.0413E+00    1.0890E-01   -1.6066E+00    1.6737E-01    6.5218E-02   -2.2727E-01    2.1750E-02   -2.2560E-02   -3.7429E-02    2.1990E-02    4.2773E-02   -4.2471E-02   -8.3988E-02   -4.1656E-03    2.3667E-01    9.6277E-03    2.3816E-02    1.5977E-02    6.9265E-03   -5.9121E-01   -6.4109E-03   -1.8823E-02    2.8770E+00    6.9134E+00  
  1.5855E+00    1.3626E-01   -1.8013E+00    1.8966E-01    5.4875E-02   -2.1858E-01    4.7602E-02   -2.1587E-02   -7.7102E-02    5.2443E-02    1.6385E-02   -5.6746E-02   -7.6430E-02   -5.6710E-03    3.6602E-01    7.4590E-03    2.3179E-02   -3.6081E-03    1.4721E-02   -6.5951E-01   -6.6318E-03   -1.4231E-02    2.7742E+00    6.7411E+00  
  2.1351E+00    2.2206E+00   -1.8295E+00    1.7017E-01    6.2880E-02   -7.6977E-02    8.9740E-02   -6.1469E-03   -1.3973E-01    6.8296E-02   -2.3485E-02   -6.0633E-02   -4.2124E-02   -9.4752E-03    4.6144E-01    1.8903E-02    1.3404E-02   -7.1079E-02    2.9185E-02   -6.4101E-01   -7.6956E-03   -1.2202E-02    2.6658E+00    6.4482E+00  
  2.6489E+00    1.9789E+00   -1.6343E+00    8.3648E-02    1.2109E-01    2.6852E-01    1.5488E-01    3.6914E-02   -2.3397E-01    1.9140E-02   -8.1166E-02   -4.5331E-02    3.6968E-02   -1.5814E-02    4.4914E-01    3.7304E-02   -9.0953E-03   -2.1416E-01    5.1833E-02   -4.5247E-01   -8.2289E-03   -1.3397E-02    2.5406E+00    6.1662E+00  
  2.4924E+00   -2.0900E+00    1.4862E+00    4.4073E-02    1.9989E-01    3.3855E-01   -1.0620E-01   -6.9879E-03    2.6233E-01   -1.0876E-01   -1.0259E-01    1.1106E-02    6.3533E-03    9.8312E-02    4.1987E-01   -2.7065E-02    2.4286E-02    2.2101E-01   -1.6933E-01    4.2393E-01   -7.3291E-02   -4.7233E-03    2.5284E+00    6.1707E+00  
  1.9894E+00   -2.3942E+00    1.5889E+00    1.4998E-01    4.4510E-02   -4.2627E-02   -7.5298E-02    2.4254E-02    1.8885E-01   -1.2421E-01   -4.1699E-02   -3.5733E-02   -6.7145E-02    1.3105E-01    4.3816E-01   -1.0793E-02    5.2722E-03    7.7725E-02   -9.9103E-02    6.1830E-01   -1.0849E-01   -2.8934E-02    2.6549E+00    6.5300E+00  
  1.6327E+00   -4.9355E-01    1.8107E+00    1.8114E-01   -2.2910E-02   -1.9284E-01   -4.4059E-02    3.0233E-02    1.1833E-01   -8.1478E-02    3.8162E-03   -4.7942E-02   -9.5833E-02    1.3185E-01    3.4340E-01   -2.2174E-03   -1.4223E-02    1.1706E-02   -5.9466E-02    6.4367E-01   -1.3263E-01   -2.4874E-02    2.7643E+00    6.8061E+00  
  1.1018E+00   -5.0778E-01    1.6168E+00    1.6958E-01   -4.3999E-02   -2.0502E-01   -2.5235E-02    2.8006E-02    6.5121E-02   -3.7617E-02    3.6280E-02   -4.3234E-02   -1.0435E-01    1.1558E-01    2.1945E-01   -1.2750E-03   -2.5676E-02   -1.4640E-02   -3.5108E-02    5.8017E-01   -1.4770E-01   -1.5886E-02    2.8665E+00    7.0143E+00  
  6.2911E-01   -5.1127E-01    1.3104E+00    1.3223E-01   -3.6200E-02   -1.4200E-01   -1.4145E-02    2.2129E-02    2.9446E-02   -8.9180E-03    5.3532E-02   -2.5678E-02   -1.0748E-01    9.0859E-02    1.1072E-01   -1.7066E-03   -2.2155E-02   -2.3042E-02   -1.9976E-02    4.6915E-01   -1.5716E-01   -1.7025E-02    2.9597E+00    7.1342E+00  
  2.5927E-01   -5.0462E-01    9.2569E-01    9.1752E-02   -9.5743E-03   -6.1958E-02   -9.4809E-03    1.3985E-02    8.6646E-03    4.7149E-03    6.9647E-02   -1.0362E-02   -1.1069E-01    6.2091E-02    2.8187E-02   -4.7088E-04   -1.1716E-02   -1.9490E-02   -1.0983E-02    3.3004E-01   -1.6577E-01   -2.1339E-02    3.0379E+00    7.2870E+00  
  2.0930E-02   -4.8835E-01    4.8756E-01    6.3223E-02    3.1216E-02    1.5963E-03   -7.8495E-03    6.0681E-03   -1.1233E-03    6.6358E-03    7.6871E-02   -6.0316E-04   -1.1039E-01    3.1780E-02   -2.2630E-02    3.5848E-03   -3.5354E-03   -1.0958E-02   -7.4772E-03    1.6626E-01   -1.6986E-01   -2.4105E-02    3.0906E+00    7.3520E+00  
 -6.0096E-02   -4.6386E-01    2.8864E-02    5.4034E-02    7.7943E-02    2.4779E-02   -7.4205E-03   -9.1975E-04   -2.3175E-03    7.3583E-04    7.9485E-02    2.8953E-03   -1.0558E-01   -1.2784E-03   -4.0409E-02    8.8549E-03    5.1447E-03   -1.0553E-03   -6.5391E-03   -4.0454E-03   -1.7227E-01   -2.5948E-02    3.1080E+00    7.2808E+00  
  2.1675E-02   -4.3181E-01   -4.2990E-01    6.6142E-02    1.2285E-01    8.2822E-04   -6.6775E-03   -7.3243E-03    1.1829E-03   -8.3469E-03    7.7757E-02   -1.5059E-04   -9.7157E-02   -3.4480E-02   -2.2508E-02    1.3761E-02    1.2905E-02    9.5802E-03   -8.2642E-03   -1.7422E-01   -1.7125E-01   -2.6850E-02    3.0897E+00    7.3413E+00  
  2.6097E-01   -3.9213E-01   -8.6783E-01    9.6583E-02    1.5901E-01   -6.2842E-02   -3.3779E-03   -1.3318E-02    6.8532E-03   -1.6319E-02    7.1420E-02   -9.1305E-03   -8.5185E-02   -6.5229E-02    2.8475E-02    1.6760E-02    1.9347E-02    2.0345E-02   -1.1089E-02   -3.3768E-01   -1.6848E-01   -2.6673E-02    3.0361E+00    7.2999E+00  
  6.3552E-01   -3.4494E-01   -1.2557E+00    1.3594E-01    1.7890E-01   -1.4354E-01    5.3522E-03   -1.7932E-02    9.8526E-03   -1.9976E-02    6.3387E-02   -2.1355E-02   -7.1926E-02   -9.4796E-02    1.1125E-01    1.6277E-02    1.9573E-02    2.7707E-02   -1.6435E-02   -4.7633E-01   -1.6107E-01   -2.6134E-02    2.9572E+00    7.1623E+00  
  1.1093E+00   -2.8803E-01   -1.5620E+00    1.7372E-01    1.7360E-01   -2.0209E-01    2.2517E-02   -1.8381E-02    5.0567E-03   -1.7443E-02    4.3635E-02   -3.4930E-02   -6.2163E-02   -1.2086E-01    2.2043E-01    1.3750E-02    2.1187E-02    2.5081E-02   -2.3241E-02   -5.8685E-01   -1.5278E-01   -2.0776E-02    2.8634E+00    7.0630E+00  
  1.6481E+00   -2.1804E-01   -1.7451E+00    1.9902E-01    1.3927E-01   -1.9664E-01    5.6512E-02   -1.2285E-02   -1.7074E-02   -1.0577E-02    2.1559E-02   -5.7830E-02   -5.1269E-02   -1.3952E-01    3.4554E-01    1.1865E-02    3.0094E-02    6.4457E-03   -3.2166E-02   -6.4996E-01   -1.3900E-01   -3.2316E-03    2.7611E+00    6.8842E+00  
  2.3727E+00    1.8103E+00   -2.0117E+00    1.8240E-01    8.0684E-02   -6.4428E-02    1.1121E-01    4.6494E-03   -6.8005E-02   -1.5154E-02   -1.3907E-02   -7.7680E-02   -2.8214E-02   -1.4497E-01    4.4473E-01    1.5253E-02    2.9646E-02   -4.7242E-02   -4.3992E-02   -6.2645E-01   -1.1700E-01    4.5457E-03    2.6524E+00    6.6273E+00  
  2.8756E+00    1.6426E+00   -1.7092E+00    1.0546E-01    2.8471E-02    2.4421E-01    2.1221E-01    4.9836E-02   -1.7898E-01   -9.0036E-02   -7.0064E-02   -9.3727E-02    2.9609E-02   -1.2349E-01    4.3419E-01    2.4032E-02    3.2515E-03   -1.7333E-01   -7.0235E-02   -4.3526E-01   -8.2831E-02   -2.1967E-02    2.5261E+00    6.2686E+00  
  2.4352E+00   -2.0070E+00    1.1748E+00    3.0285E-02    2.9587E-01    4.3446E-01   -1.0181E-01    5.6997E-02    2.4554E-01   -1.9680E-01   -1.0848E-01    5.5792E-02   -6.8159E-02    1.7989E-01    3.5821E-01    1.2120E-02    3.4570E-03    1.8794E-01   -2.8097E-01    3.5749E-01   -1.2714E-01    2.4308E-02    2.4833E+00    6.1853E+00  
  1.9410E+00   -2.3103E+00    1.3526E+00    1.1957E-01    7.0662E-02    4.2317E-02   -5.8368E-02    4.8676E-02    1.9341E-01   -1.4472E-01   -6.9471E-02    6.6234E-03   -9.2632E-02    2.4986E-01    3.6397E-01    8.8660E-04    2.6641E-02    7.9481E-02   -1.7567E-01    5.6276E-01   -2.0734E-01   -3.4567E-02    2.6153E+00    6.6471E+00  
  1.7280E+00   -1.0644E+00    1.6694E+00    1.7618E-01   -6.5507E-02   -1.2745E-01   -4.5728E-02    4.4091E-02    1.3473E-01   -8.8515E-02   -1.5267E-02   -3.3599E-02   -1.1538E-01    2.5903E-01    2.8648E-01    5.6090E-03   -8.9771E-03    7.2052E-03   -9.8376E-02    6.1718E-01   -2.5472E-01   -2.6281E-02    2.7275E+00    6.9209E+00  
  1.2843E+00   -8.7768E-01    1.5886E+00    1.7867E-01   -1.2434E-01   -1.4204E-01   -3.1856E-02    3.5898E-02    7.6803E-02   -3.4662E-02    2.3235E-02   -3.6005E-02   -1.2169E-01    2.2875E-01    1.7003E-01    7.8691E-03   -2.6195E-02   -2.2981E-02   -5.4886E-02    5.6544E-01   -2.8558E-01   -1.1184E-02    2.8300E+00    7.1102E+00  
  8.3718E-01   -9.1443E-01    1.2998E+00    1.4782E-01   -1.2504E-01   -7.7846E-02   -2.2909E-02    2.5700E-02    3.0912E-02    1.4711E-03    4.4295E-02   -1.7179E-02   -1.2116E-01    1.7843E-01    6.0974E-02    6.9113E-03   -1.9481E-02   -2.9610E-02   -3.2199E-02    4.5989E-01   -3.0550E-01   -1.4803E-02    2.9182E+00    7.2328E+00  
  4.8440E-01   -9.2828E-01    9.2813E-01    1.1281E-01   -8.1822E-02    2.2489E-03   -1.9569E-02    1.7381E-02    2.4167E-03    1.6807E-02    5.8823E-02   -1.5607E-03   -1.1678E-01    1.2299E-01   -2.0735E-02    1.0936E-02   -1.0490E-02   -2.5181E-02   -1.8752E-02    3.2191E-01   -3.1997E-01   -2.1515E-02    2.9915E+00    7.4220E+00  
  2.5899E-01   -9.2584E-01    5.0373E-01    9.1431E-02   -1.0700E-02    6.5530E-02   -1.5804E-02    7.4257E-03   -9.8079E-03    1.6347E-02    7.0005E-02    8.5278E-03   -1.0984E-01    6.1636E-02   -7.1745E-02    1.2054E-02    2.0931E-04   -1.4720E-02   -1.3332E-02    1.6422E-01   -3.3041E-01   -2.1671E-02    3.0415E+00    7.4776E+00  
  1.8212E-01   -9.0542E-01    5.6664E-02    8.4764E-02    7.4780E-02    8.8134E-02   -1.4741E-02    1.0188E-03   -9.1348E-03    4.4633E-03    7.3023E-02    1.2211E-02   -9.7988E-02   -1.5732E-03   -8.9523E-02    1.6213E-02    8.5910E-03   -2.0268E-03   -1.3265E-02   -3.2682E-03   -3.3315E-01   -2.4457E-02    3.0588E+00    7.3840E+00  
  2.6078E-01   -8.6930E-01   -3.9034E-01    9.6649E-02    1.5798E-01    6.3622E-02   -1.2706E-02   -4.0808E-03    2.4919E-03   -1.3930E-02    7.1414E-02    9.3428E-03   -8.4674E-02   -6.4846E-02   -7.2040E-02    1.9723E-02    1.5652E-02    1.2122E-02   -1.6323E-02   -1.7063E-01   -3.3150E-01   -2.6313E-02    3.0406E+00    7.4556E+00  
  4.9139E-01   -8.1840E-01   -8.1690E-01    1.2608E-01    2.2618E-01   -3.1973E-04   -9.3172E-03   -9.9130E-03    2.0900E-02   -3.4583E-02    6.8240E-02    6.6106E-04   -6.8405E-02   -1.2641E-01   -2.1253E-02    1.8799E-02    1.8514E-02    2.7060E-02   -2.3322E-02   -3.2803E-01   -3.2206E-01   -2.3473E-02    2.9899E+00    7.4165E+00  
  8.4841E-01   -7.4842E-01   -1.1897E+00    1.5752E-01    2.6179E-01   -8.1099E-02    3.4067E-03   -1.0768E-02    4.2370E-02   -5.4578E-02    5.7540E-02   -1.1192E-02   -5.4147E-02   -1.8226E-01    6.0526E-02    1.9602E-02    1.9435E-02    3.9232E-02   -3.5330E-02   -4.6560E-01   -3.0847E-01   -2.5552E-02    2.9158E+00    7.2352E+00  
  1.3016E+00   -6.6067E-01   -1.4809E+00    1.8397E-01    2.5353E-01   -1.3903E-01    2.6311E-02   -9.3071E-03    5.9338E-02   -7.1586E-02    3.9721E-02   -2.3538E-02   -4.2383E-02   -2.3328E-01    1.7015E-01    1.4336E-02    1.7017E-02    4.4047E-02   -5.1958E-02   -5.7085E-01   -2.8931E-01   -2.2758E-02    2.8271E+00    7.1261E+00  
  1.8719E+00   -2.9891E-01   -1.7417E+00    2.0014E-01    1.8734E-01   -1.3664E-01    6.9244E-02   -6.3308E-04    5.4739E-02   -9.1780E-02    1.9804E-02   -5.2426E-02   -3.3858E-02   -2.6461E-01    2.8968E-01    1.0229E-02    2.8965E-02    3.0609E-02   -8.2290E-02   -6.2330E-01   -2.5843E-01   -8.5665E-04    2.7248E+00    6.9540E+00  
  2.6798E+00    1.1831E+00   -2.0608E+00    1.8139E-01    5.8368E-02   -2.5577E-02    1.4666E-01    1.7208E-02    5.9760E-03   -1.3106E-01   -1.1816E-02   -9.8697E-02   -2.4513E-02   -2.5926E-01    3.7581E-01    4.3791E-03    4.0613E-02   -1.6777E-02   -1.3434E-01   -5.7287E-01   -2.1123E-01    9.5346E-03    2.6136E+00    6.6887E+00  
  3.1288E+00    1.1667E+00   -1.7777E+00    5.8208E-02   -1.4307E-01    2.6750E-01    2.4207E-01    3.8172E-02   -1.1261E-01   -2.0079E-01   -9.4045E-02   -1.1720E-01   -3.2390E-02   -1.9639E-01    3.8357E-01   -2.1459E-02   -2.9496E-02   -9.2615E-02   -2.0025E-01   -3.7210E-01   -1.3018E-01   -5.1242E-02    2.4807E+00    6.2237E+00  
  1.9241E+00   -1.5672E+00    1.5624E+00   -5.4311E-01    8.4817E-01    1.3847E+00    5.4902E-01    7.0097E-05   -5.2618E-01    2.9011E-01   -2.8649E-01    5.9500E-01    6.4100E-02   -2.1986E-01   -3.8205E-01    1.1864E-02    1.1988E-01    3.5365E-01   -6.7286E-01   -3.3639E-01    3.2897E-02    6.2993E-02    2.2367E+00    7.5367E+00  
  2.0281E+00   -1.8143E+00    1.0861E+00    1.1853E-01    1.4716E-01    1.4312E-01   -7.8399E-02    1.0072E-01    1.4084E-01   -1.7079E-01   -7.8432E-02    4.3831E-02   -1.5960E-01    3.2006E-01    2.6376E-01    3.5848E-02    8.6176E-03    3.3889E-02   -2.5397E-01    4.7316E-01   -2.5741E-01   -4.7894E-03    2.5513E+00    6.4995E+00  
  1.5183E+00   -2.0781E+00    1.0751E+00    1.8532E-01   -4.9790E-02   -4.0425E-02   -6.3272E-02    6.7297E-02    1.1119E-01   -8.2159E-02   -2.7344E-02   -1.0802E-02   -1.5447E-01    3.6235E-01    1.9956E-01    2.7222E-02   -2.1176E-02   -2.3650E-02   -1.3663E-01    5.6600E-01   -3.4862E-01    1.0976E-04    2.6700E+00    6.8072E+00  
  1.5693E+00   -1.1871E+00    1.5179E+00    1.9473E-01   -1.4921E-01   -6.0114E-02   -4.5006E-02    4.3118E-02    6.1205E-02   -1.1398E-02    5.4755E-03   -2.0600E-02   -1.4322E-01    3.3197E-01    9.3526E-02    1.8941E-02   -2.9785E-02   -4.5308E-02   -6.7458E-02    5.3948E-01   -4.0243E-01    3.2847E-03    2.7714E+00    7.0458E+00  
  1.1593E+00   -1.2600E+00    1.2601E+00    1.7214E-01   -1.6783E-01    3.4015E-03   -3.3176E-02    3.0426E-02    9.9852E-03    3.0058E-02    2.5691E-02   -2.4067E-03   -1.2992E-01    2.6247E-01   -1.7018E-02    1.9080E-02   -1.8163E-02   -4.7675E-02   -3.9133E-02    4.4035E-01   -4.3314E-01   -8.4229E-03    2.8562E+00    7.2312E+00  
  8.3676E-01   -1.2994E+00    9.1418E-01    1.4765E-01   -1.2665E-01    8.3319E-02   -2.8076E-02    2.0394E-02   -1.9121E-02    4.4963E-02    4.4547E-02    1.3330E-02   -1.2006E-01    1.7851E-01   -9.9090E-02    2.0493E-02   -6.7581E-03   -3.8787E-02   -2.0771E-02    3.1004E-01   -4.5559E-01   -1.5367E-02    2.9240E+00    7.4069E+00  
  6.2854E-01   -1.3100E+00    5.1028E-01    1.3157E-01   -3.9124E-02    1.4594E-01   -2.3716E-02    1.1775E-02   -2.9788E-02    3.6988E-02    5.4356E-02    2.3322E-02   -1.0539E-01    9.0427E-02   -1.5146E-01    2.3026E-02    8.7598E-04   -2.3852E-02   -1.4222E-02    1.5764E-01   -4.6733E-01   -1.7926E-02    2.9693E+00    7.4246E+00  
  5.5994E-01   -1.2958E+00    8.4909E-02    1.2667E-01    6.7390E-02    1.6816E-01   -1.9609E-02    7.1713E-03   -2.1819E-02    1.5157E-02    6.1423E-02    2.5860E-02   -8.9561E-02   -1.7656E-03   -1.6910E-01    2.1684E-02    1.1445E-02   -4.4031E-03   -1.4539E-02   -2.6141E-03   -4.7286E-01   -2.2060E-02    2.9843E+00    7.3227E+00  
  6.3525E-01   -1.2568E+00   -3.4333E-01    1.3591E-01    1.7622E-01    1.4337E-01   -1.7111E-02    4.7969E-03   -1.4730E-04   -1.6655E-02    6.3518E-02    2.1839E-02   -7.0507E-02   -9.3927E-02   -1.5229E-01    1.9306E-02    1.4632E-02    1.7252E-02   -2.0863E-02   -1.6276E-01   -4.6813E-01   -2.5230E-02    2.9686E+00    7.3867E+00  
  8.4837E-01   -1.1909E+00   -7.4708E-01    1.5735E-01    2.6028E-01    7.8942E-02   -1.0293E-02    3.1348E-03    3.4558E-02   -5.5622E-02    5.7661E-02    1.3040E-02   -5.3329E-02   -1.8185E-01   -1.0059E-01    1.8821E-02    1.8943E-02    3.8958E-02   -3.2726E-02   -3.1479E-01   -4.5710E-01   -2.4849E-02    2.9225E+00    7.3735E+00  
  1.1801E+00   -1.0984E+00   -1.0974E+00    1.7793E-01    3.0115E-01   -2.0577E-03    5.4147E-03    5.4093E-03    7.5260E-02   -9.4807E-02    4.9124E-02    1.3594E-03   -3.7950E-02   -2.6555E-01   -1.8811E-02    1.5524E-02    1.6049E-02    5.9608E-02   -5.3467E-02   -4.4465E-01   -4.3508E-01   -2.7183E-02    2.8541E+00    7.1994E+00  
  1.5967E+00   -9.7602E-01   -1.3639E+00    1.8360E-01    2.7159E-01   -6.1135E-02    3.1550E-02    1.1746E-02    1.1740E-01   -1.3437E-01    2.6992E-02   -1.1470E-02   -3.5830E-02   -3.3449E-01    9.2502E-02    8.9480E-03    6.9997E-03    7.4635E-02   -7.9828E-02   -5.4342E-01   -4.0429E-01   -3.2786E-02    2.7688E+00    7.0209E+00  
  2.5744E+00    1.9157E-01   -2.0994E+00    1.6860E-01    1.4988E-01   -6.4729E-02    7.6646E-02    1.4252E-02    1.2657E-01   -1.7519E-01   -4.7622E-03   -4.6240E-02   -4.8560E-02   -3.6347E-01    2.0353E-01   -1.0538E-02    5.7128E-03    7.9398E-02   -1.4015E-01   -5.7126E-01   -3.4886E-01   -2.5969E-02    2.6674E+00    6.7866E+00  
  2.9869E+00    2.7565E-01   -2.0049E+00    1.1464E-01   -8.2237E-02    3.0154E-02    1.5886E-01    1.5573E-02    7.1484E-02   -2.3022E-01   -4.7409E-02   -1.0506E-01   -7.9474E-02   -3.2000E-01    2.8050E-01   -3.6493E-02    5.8317E-03    6.0198E-02   -2.3779E-01   -4.8328E-01   -2.5443E-01   -2.1444E-02    2.5494E+00    6.4752E+00  
  3.9298E+00    4.7289E-01   -9.8676E-01    5.0897E-01   -5.5271E-02   -5.2801E-01    9.2827E-01    1.5865E-01   -7.4158E-01   -8.6787E-01    2.8349E-02   -6.2088E-01    8.6709E-02    2.2197E-01   -3.3928E-01   -3.5674E-02    6.3067E-02   -2.0779E-01   -6.2242E-01    3.1654E-01    4.4456E-02   -9.1067E-02    2.2354E+00    7.5445E+00  
  1.9671E+00    3.4405E+00    3.6307E+00   -2.6044E-01   -2.9406E+00    8.4934E+00    8.9573E-01    1.7871E+00   -9.4111E+00    1.1449E-01   -1.6157E-01    1.8876E+00   -1.2017E+00   -6.2083E+00   -3.8146E+00    1.2489E-01    4.9128E-02    1.1935E-02   -1.3868E+00   -3.7590E+00    2.0485E+00    3.6294E-03    1.0226E+00    5.0513E+00  
  2.2438E+00   -7.6816E-01    4.9521E-01    1.0103E-01    3.1839E-01    2.2055E-01   -1.2989E-01    1.7110E-01    2.2679E-02   -1.9526E-01   -9.8694E-02    7.0604E-02   -2.3323E-01    3.3539E-01    1.4792E-01    5.1576E-02   -1.9192E-03   -4.3241E-02   -3.1744E-01    3.4756E-01   -2.5176E-01   -6.5421E-03    2.4638E+00    6.2325E+00  
  1.7903E+00   -1.1640E+00    8.8608E-01    1.9498E-01    4.3279E-02    2.4156E-02   -1.0729E-01    1.1534E-01    2.9365E-02   -7.5601E-02   -4.0141E-02    4.2774E-03   -2.1937E-01    4.0746E-01    9.3578E-02    6.1330E-02   -4.6770E-02   -9.1115E-02   -1.7537E-01    4.7741E-01   -3.8107E-01    2.2363E-02    2.5888E+00    6.5756E+00  
  1.3578E+00   -1.3839E+00    1.4900E+00    2.0461E-01   -9.7571E-02    5.5095E-03   -6.8975E-02    6.6500E-02    1.4269E-03    2.6724E-02   -1.5379E-02   -2.4099E-03   -1.7202E-01    4.0229E-01   -1.3128E-02    4.1933E-02   -4.0311E-02   -8.9737E-02   -8.1477E-02    4.8664E-01   -4.7530E-01    1.9475E-02    2.6936E+00    6.8747E+00  
  1.5688E+00   -1.5175E+00    1.1872E+00    1.9500E-01   -1.5164E-01    6.8306E-02   -4.5683E-02    4.2336E-02   -3.6945E-02    8.0644E-02    5.5203E-03    1.5363E-02   -1.4221E-01    3.3242E-01   -1.2304E-01    3.1160E-02   -1.8297E-02   -7.5361E-02   -3.5385E-02    4.1292E-01   -5.3107E-01    2.9725E-03    2.7783E+00    7.0667E+00  
  1.2834E+00   -1.5881E+00    8.7755E-01    1.7876E-01   -1.2823E-01    1.4820E-01   -3.7893E-02    2.9507E-02   -6.0972E-02    9.0554E-02    2.3288E-02    3.1759E-02   -1.1944E-01    2.2936E-01   -2.0368E-01    2.7178E-02   -7.9177E-03   -6.0988E-02   -1.2530E-02    2.9290E-01   -5.6029E-01   -1.1842E-02    2.8430E+00    7.2574E+00  
  1.1007E+00   -1.6163E+00    5.0694E-01    1.6915E-01   -4.9108E-02    2.0927E-01   -2.9348E-02    2.3164E-02   -6.4392E-02    7.2532E-02    3.6961E-02    4.0599E-02   -1.0127E-01    1.1554E-01   -2.5616E-01    2.6239E-02    7.1934E-05   -3.8872E-02   -4.0497E-03    1.5036E-01   -5.7765E-01   -1.6655E-02    2.8836E+00    7.2794E+00  
  1.0408E+00   -1.6071E+00    1.1064E-01    1.6697E-01    6.0039E-02    2.2851E-01   -2.1558E-02    2.0897E-02   -4.7819E-02    3.7433E-02    4.3389E-02    4.1248E-02   -8.1505E-02   -2.0237E-03   -2.7324E-01    2.4319E-02    6.7160E-03   -9.0405E-03   -6.8743E-03   -2.1471E-03   -5.8240E-01   -1.8866E-02    2.8984E+00    7.2123E+00  
  1.1091E+00   -1.5625E+00   -2.8651E-01    1.7304E-01    1.6886E-01    2.0093E-01   -1.7159E-02    2.1996E-02   -8.7167E-03   -1.1354E-02    4.4149E-02    3.5343E-02   -5.9853E-02   -1.1937E-01   -2.5778E-01    2.1091E-02    1.1482E-02    2.3770E-02   -1.6013E-02   -1.5450E-01   -5.7825E-01   -1.9961E-02    2.8831E+00    7.2021E+00  
  1.3017E+00   -1.4815E+00   -6.5933E-01    1.8321E-01    2.4987E-01    1.3548E-01   -8.3998E-03    2.6139E-02    4.5558E-02   -7.1937E-02    4.0192E-02    2.5510E-02   -4.0586E-02   -2.3251E-01   -2.0673E-01    1.6349E-02    1.3364E-02    5.5113E-02   -3.5251E-02   -2.9651E-01   -5.6127E-01   -2.1633E-02    2.8419E+00    7.1883E+00  
  1.5968E+00   -1.3645E+00   -9.7504E-01    1.8310E-01    2.6938E-01    5.4982E-02    1.1946E-02    3.1772E-02    1.0889E-01   -1.3609E-01    2.7201E-02    1.4461E-02   -3.4891E-02   -3.3419E-01   -1.2698E-01    5.9416E-03    9.1948E-03    8.5420E-02   -6.6261E-02   -4.1563E-01   -5.3203E-01   -3.1934E-02    2.7766E+00    6.9943E+00  
  2.5395E+00   -1.2303E+00   -1.1349E+00    1.6039E-01    1.9397E-01   -4.5754E-03    3.4653E-02    3.4802E-02    1.6677E-01   -1.9170E-01   -9.7689E-04    1.5469E-03   -5.2140E-02   -4.0047E-01   -1.6013E-02   -1.6305E-02   -1.5019E-02    1.2451E-01   -1.1731E-01   -4.8830E-01   -4.7482E-01   -4.5449E-02    2.6913E+00    6.7995E+00  
  2.9136E+00   -1.0710E+00   -1.9197E+00    9.3701E-02   -2.1829E-02   -8.2586E-03    6.9628E-02    2.4013E-02    1.8441E-01   -2.4008E-01   -4.8978E-02   -2.9602E-02   -1.0992E-01   -3.9958E-01    9.6784E-02   -5.3120E-02   -3.7001E-02    1.6230E-01   -2.1001E-01   -4.7979E-01   -3.7651E-01   -4.7793E-02    2.5862E+00    6.4946E+00  
  3.2561E+00   -9.7094E-01   -2.1223E+00    6.7542E-03   -3.7428E-01    7.0721E-02    1.5641E-01    1.8258E-02    1.2663E-01   -3.1608E-01   -9.3716E-02   -9.9017E-02   -1.6532E-01   -3.2173E-01    1.6599E-01   -6.7881E-02   -2.7677E-02    1.6440E-01   -3.3974E-01   -3.5517E-01   -2.4304E-01   -2.1149E-02    2.4628E+00    6.1451E+00  
  3.7520E+00   -4.9261E+00    1.0835E+00   -2.6911E-01   -5.0892E+00   -7.2692E+00    1.0817E+00   -1.6929E+00   -9.4507E+00   -4.8294E-01   -2.5137E-01   -1.8051E+00   -1.3612E+00    6.3541E+00   -3.6004E+00   -2.0920E-01   -9.9800E-02    2.1553E-01   -1.3881E+00    3.7094E+00    2.1435E+00   -4.0045E-02    1.0216E+00    4.8660E+00  
  1.7791E+00   -1.2224E+00    1.1696E+00    1.9651E-01    3.9107E-02   -9.8430E-03   -1.1795E-01    1.0586E-01   -1.0742E-01    5.4112E-02   -3.9407E-02   -8.1973E-03   -2.1965E-01    4.0805E-01   -1.1790E-01    4.9399E-02   -6.0326E-02   -1.8254E-01   -8.4135E-02    3.9379E-01   -4.6887E-01    2.2903E-02    2.5960E+00    6.5577E+00  
  1.5049E+00   -1.4088E+00    1.9214E+00    1.8610E-01   -5.5826E-02    5.0482E-02   -6.9701E-02    6.0643E-02   -1.1346E-01    1.2964E-01   -2.6802E-02    5.6053E-03   -1.5328E-01    3.6298E-01   -2.2604E-01    2.2376E-02   -2.6920E-02   -1.4432E-01   -1.4159E-02    3.6038E-01   -5.5915E-01   -1.6050E-04    2.6842E+00    6.7585E+00  
  1.7249E+00   -1.7250E+00    1.0753E+00    1.7689E-01   -7.3183E-02    1.3435E-01   -4.6023E-02    4.3245E-02   -1.2044E-01    1.4717E-01   -1.4494E-02    2.8660E-02   -1.1332E-01    2.5891E-01   -3.1619E-01    9.6182E-03   -6.3878E-03   -1.0526E-01    1.7792E-02    2.6292E-01   -6.1273E-01   -2.6553E-02    2.7479E+00    6.9782E+00  
  1.6309E+00   -1.8108E+00    4.9310E-01    1.8003E-01   -3.0613E-02    1.9674E-01   -3.1101E-02    4.1468E-02   -1.1297E-01    1.2483E-01    3.6390E-03    4.3749E-02   -9.1501E-02    1.3175E-01   -3.7512E-01    1.3328E-02    9.7110E-04   -6.4073E-02    2.3960E-02    1.3672E-01   -6.4130E-01   -2.6806E-02    2.7893E+00    7.0603E+00  
  1.5849E+00   -1.8015E+00    1.3821E-01    1.8909E-01    4.7357E-02    2.1932E-01   -1.9998E-02    4.7271E-02   -8.3051E-02    7.7752E-02    1.6755E-02    5.5063E-02   -7.2784E-02   -2.5546E-03   -3.9747E-01    2.3822E-02    4.4261E-03   -1.6864E-02    1.4508E-02   -1.8909E-03   -6.5191E-01   -1.4424E-02    2.8041E+00    7.0654E+00  
  1.6483E+00   -1.7445E+00   -2.1631E-01    1.9853E-01    1.3222E-01    1.9513E-01   -1.0587E-02    5.7348E-02   -2.0454E-02    1.2436E-02    2.2731E-02    5.9118E-02   -4.7698E-02   -1.3668E-01   -3.7802E-01    3.1741E-02    9.4315E-03    3.3663E-02    4.6292E-03   -1.4041E-01   -6.4190E-01   -1.6370E-03    2.7891E+00    6.9645E+00  
  1.8747E+00   -1.6858E+00   -2.9128E-01    1.9873E-01    1.8051E-01    1.3189E-01    4.8513E-04    6.9958E-02    5.9881E-02   -6.5353E-02    2.0026E-02    5.4870E-02   -3.1676E-02   -2.6221E-01   -3.2253E-01    2.9381E-02    8.5115E-03    8.6485E-02   -2.0747E-02   -2.6526E-01   -6.1420E-01    3.5528E-04    2.7475E+00    6.8699E+00  
  2.5893E+00   -1.7604E+00    1.5036E-02    1.6778E-01    1.4470E-01    5.6528E-02    1.4799E-02    7.7613E-02    1.4373E-01   -1.4366E-01   -4.5545E-03    4.9474E-02   -4.6759E-02   -3.6252E-01   -2.3499E-01    5.5496E-03   -1.0544E-02    1.4589E-01   -7.0070E-02   -3.6075E-01   -5.6057E-01   -2.4105E-02    2.6834E+00    6.7031E+00  
  2.9257E+00   -1.5753E+00   -1.0762E+00    9.2885E-02   -2.4948E-02   -3.7564E-03    2.3983E-02    7.0166E-02    2.0912E-01   -2.0804E-01   -4.9041E-02    3.2823E-02   -1.0906E-01   -3.9969E-01   -1.2607E-01   -3.8136E-02   -5.2063E-02    2.1684E-01   -1.5399E-01   -3.9194E-01   -4.6711E-01   -4.6956E-02    2.5944E+00    6.5155E+00  
  2.2192E+00   -5.9607E-01    8.8590E-01    9.8434E-02    3.1126E-01   -2.0530E-01   -1.7298E-01    1.2522E-01   -2.3201E-01    4.5214E-02   -1.0064E-01   -7.7583E-02   -2.3021E-01    3.3493E-01   -1.7104E-01   -1.3186E-03   -4.8644E-02   -3.2605E-01   -3.6758E-02    2.6051E-01   -3.4586E-01   -1.0475E-02    2.4771E+00    6.1085E+00  
  1.9894E+00   -1.0530E+00    1.4951E+00    1.1834E-01    1.3600E-01   -1.3217E-01   -1.0336E-01    7.5197E-02   -2.0915E-01    1.5622E-01   -7.8367E-02   -5.0617E-02   -1.5817E-01    3.1707E-01   -2.8942E-01   -9.9006E-03   -3.5214E-02   -2.6368E-01    4.1019E-02    2.6290E-01   -4.7124E-01   -7.2700E-03    2.5708E+00    6.3188E+00  
  1.9097E+00   -1.5789E+00    2.3729E+00    1.2040E-01    5.8892E-02   -3.5439E-02   -5.0494E-02    5.5622E-02   -1.8147E-01    2.0266E-01   -6.8393E-02   -1.2776E-02   -9.0109E-02    2.4626E-01   -3.8935E-01   -2.6223E-02   -1.8840E-03   -1.8498E-01    9.0214E-02    2.1063E-01   -5.5886E-01   -3.4282E-02    2.6403E+00    6.3866E+00  
  1.9718E+00   -1.7331E+00    2.6121E+00    1.5005E-01    3.3561E-02    4.6318E-02   -2.4282E-02    7.2895E-02   -1.5842E-01    1.9315E-01   -4.0885E-02    3.1008E-02   -6.1882E-02    1.2841E-01   -4.6286E-01   -5.1166E-03    9.3627E-03   -1.0582E-01    9.2555E-02    1.0983E-01   -6.1307E-01   -2.8157E-02    2.6838E+00    6.5544E+00  
  2.1387E+00   -1.8458E+00    2.3674E+00    1.6925E-01    5.3013E-02    7.7131E-02   -3.5816E-03    8.9363E-02   -1.0077E-01    1.4056E-01   -2.3445E-02    5.8111E-02   -3.7123E-02   -5.9757E-03   -4.8571E-01    1.3770E-02    1.6712E-02   -3.1949E-02    8.5656E-02   -3.5514E-03   -6.3076E-01   -1.2952E-02    2.7003E+00    6.6148E+00  
  2.3943E+00   -1.8953E+00    2.0104E+00    1.8018E-01    7.1246E-02    6.2109E-02    7.2682E-03    1.1193E-01   -1.8341E-02    6.5473E-02   -1.4154E-02    7.7998E-02   -2.3069E-02   -1.3946E-01   -4.6976E-01    2.9616E-02    1.2929E-02    4.6541E-02    6.1658E-02   -1.1605E-01   -6.1568E-01    2.8035E-03    2.6844E+00    6.5681E+00  
  2.7140E+00   -1.8546E+00    1.2264E+00    1.7970E-01    4.8758E-02    2.0201E-02    1.8966E-02    1.4833E-01    9.4939E-02   -1.3327E-02   -1.1861E-02    1.0147E-01   -2.0564E-02   -2.5352E-01   -4.0328E-01    4.1531E-02    2.7166E-03    1.4030E-01    2.8462E-02   -2.1413E-01   -5.6354E-01    9.8695E-03    2.6411E+00    6.4538E+00  
  3.0279E+00   -2.0462E+00   -5.8752E-02    1.1580E-01   -9.0134E-02   -3.8919E-02    1.7154E-02    1.6243E-01    1.9368E-01   -8.5219E-02   -4.6078E-02    1.1021E-01   -7.4903E-02   -3.1623E-01   -3.0864E-01    9.6816E-03   -3.5538E-02    2.4530E-01   -4.9879E-02   -2.6252E-01   -4.7552E-01   -1.7298E-02    2.5711E+00    6.3621E+00  
  3.2826E+00   -2.0220E+00   -8.6258E-01    1.0717E-02   -3.7811E-01   -8.2490E-02    1.9722E-02    1.6232E-01    2.8257E-01   -1.4692E-01   -9.1058E-02    1.0625E-01   -1.5930E-01   -3.2147E-01   -1.9047E-01   -2.2325E-02   -6.4901E-02    3.4860E-01   -1.5294E-01   -2.5800E-01   -3.4587E-01   -1.6342E-02    2.4776E+00    6.1208E+00  
  3.0709E+00   -2.3255E+00   -4.2222E+00    5.3798E-01   -3.9662E+00   -7.7890E+00   -2.1616E+00   -1.6423E-01   -6.4327E-01   -9.3109E+00   -3.0178E-02   -1.6250E+00   -1.5528E+00   -6.3160E+00    3.5264E+00    2.1090E-02   -1.5875E-01   -1.3545E+00   -1.2802E-01   -2.0885E+00    3.7236E+00    5.8684E-03    1.0465E+00    5.1490E+00  
  1.8832E+00   -1.6889E+00    1.1965E+00   -5.4235E-01    8.2163E-01   -1.3756E+00   -3.7691E-03   -5.5277E-01    2.3426E-01   -5.2386E-01   -2.8753E-01   -6.0325E-01    6.5725E-02   -2.4458E-01    3.4798E-01   -1.2037E-01   -7.5828E-03   -6.8467E-01    3.6200E-01   -5.9898E-02    3.2983E-01    6.4170E-02    2.2558E+00    7.7586E+00  
  2.3854E+00   -1.2048E+00    2.0949E+00    3.6996E-02    2.7941E-01   -4.2332E-01   -5.7832E-02    1.0473E-01   -2.3735E-01    2.5493E-01   -1.0411E-01   -5.6428E-02   -6.4961E-02    1.7314E-01   -3.7873E-01    4.9526E-03   -1.2204E-02   -2.8745E-01    1.9978E-01    1.2078E-01   -3.5245E-01    2.8417E-02    2.5061E+00    6.3375E+00  
  2.4648E+00   -1.5089E+00    2.4261E+00    5.0533E-02    1.8342E-01   -3.3175E-01    6.1837E-03    1.0932E-01   -1.4668E-01    2.6637E-01   -9.7906E-02   -1.0859E-02    9.4802E-03    9.2410E-02   -4.3753E-01   -1.5704E-02    2.3457E-02   -1.7487E-01    2.3515E-01    6.7185E-02   -4.1279E-01    8.1616E-04    2.5527E+00    6.3072E+00  
  2.6505E+00   -1.6544E+00    2.2842E+00    8.2149E-02    1.0759E-01   -2.6987E-01    3.8857E-02    1.5343E-01   -5.2750E-02    2.3365E-01   -8.1327E-02    4.1181E-02    4.0620E-02   -1.4019E-02   -4.6294E-01   -9.3424E-03    3.2870E-02   -5.6303E-02    2.2967E-01   -6.9543E-03   -4.3320E-01   -1.3969E-02    2.5680E+00    6.1410E+00  
  2.9039E+00   -1.7192E+00    1.9678E+00    9.5859E-02    1.5232E-02   -2.5214E-01    5.2412E-02    2.0604E-01    5.4519E-02    1.7398E-01   -7.4512E-02    8.6380E-02    3.3989E-02   -1.1796E-01   -4.5067E-01   -6.1524E-03    2.0001E-02    6.8314E-02    1.8895E-01   -7.9496E-02   -4.1749E-01   -2.8216E-02    2.5527E+00    6.2065E+00  
  3.1794E+00   -1.7729E+00    1.2453E+00    5.0006E-02   -1.5455E-01   -2.7896E-01    4.2434E-02    2.3758E-01    1.6365E-01    1.0250E-01   -9.7827E-02    1.1213E-01   -2.5605E-02   -1.9087E-01   -4.0354E-01   -3.7611E-02   -2.1567E-02    2.0026E-01    1.0861E-01   -1.2897E-01   -3.5973E-01   -5.5507E-02    2.5058E+00    6.2531E+00  
  3.9954E+00   -8.4632E-01    1.1149E-01    5.3105E-01   -4.4431E-02    5.3792E-01    1.7490E-01    9.5665E-01    8.4970E-01    7.3920E-01    3.6913E-02    6.3622E-01    1.1169E-01    2.3123E-01    3.3012E-01    6.9267E-02   -2.8811E-02    6.2983E-01    2.3673E-01    4.6050E-02    3.2959E-01   -9.4046E-02    2.2560E+00    7.7927E+00  
  3.2510E+00    4.9436E-01   -5.2718E+00   -7.9881E-01   -5.4576E+00    6.9124E+00   -1.9292E+00    5.6824E-01    2.8509E-01    9.3249E+00   -3.6256E-01    1.6006E+00   -1.5895E+00    6.2689E+00    3.6084E+00   -1.6597E-01   -2.4145E-01    1.3499E+00   -3.0269E-01    2.0200E+00    3.7649E+00   -4.1003E-02    1.0467E+00    5.0711E+00  
