  4.7937E+00   -1.1307E+00   -5.5121E-01    1.7654E+00    9.8241E-01    1.2700E+00   -9.6622E-01   -2.1652E+00   -2.2376E+00   -6.9937E-01    1.7865E-01    9.6017E-01    1.0191E+00   -7.4173E-02    3.3537E+00   -1.9317E-01   -5.5948E-02   -2.3435E-01   -5.7415E-01    9.3339E-02   -1.7973E-01   -6.9301E-03    1.9047E-01    1.4008E+00  
  3.0121E+00    1.2290E+00    5.2096E-01    2.7232E-01   -7.7535E-02    2.3814E-03   -1.9009E-01   -4.7701E-01   -9.6975E-01   -4.0166E-01   -1.2614E-02    2.0156E-01    1.9647E-01   -2.5589E-03    2.8222E+00   -1.3658E-01   -5.7030E-02   -1.7538E-02   -3.9993E-02    4.0661E-02   -9.0773E-02    1.1623E-02    3.4981E-01    1.2556E+00  
  2.6981E+00    1.6567E+00    7.6454E-01    1.0466E-01   -3.0186E-02   -1.8723E-01   -5.4498E-02   -2.1504E-01   -6.5333E-01   -3.2356E-01   -7.2399E-02    7.2671E-02    5.2995E-02   -3.8200E-03    2.6651E+00   -5.3057E-02   -3.1061E-02    4.1781E-02    5.5892E-02    2.9800E-03    3.4382E-03    1.4928E-02    3.7305E-01    1.2101E+00  
  2.6282E+00    1.6936E+00    6.9556E-01    1.0361E-01    1.0338E-01   -2.1055E-01   -1.8626E-02   -1.7906E-01   -5.3964E-01   -2.9337E-01   -7.1822E-02    6.1698E-02    2.9777E-02   -7.3407E-03    2.6635E+00   -2.6529E-02   -2.8533E-02    5.1395E-02    4.5005E-02    4.4007E-03    1.1307E-02    3.0882E-03    3.7588E-01    1.1789E+00  
  2.6310E+00    1.6418E+00    4.9680E-01    8.1947E-02    1.8783E-01   -2.7059E-01    7.8025E-03   -1.5332E-01   -4.3386E-01   -2.3343E-01   -8.1370E-02    4.2233E-02    1.1879E-02   -1.0531E-02    2.6668E+00    8.4320E-03   -2.7507E-02    5.4488E-02    2.6323E-02    7.1018E-03    1.1810E-02   -1.3671E-02    3.7477E-01    1.1303E+00  
  2.7019E+00    1.5104E+00    2.4658E-01    4.1916E-02    2.7276E-01   -3.7487E-01    2.6988E-02   -1.3602E-01   -3.3894E-01   -1.4661E-01   -1.0065E-01    1.5539E-02    5.8110E-03   -1.1045E-02    2.6760E+00    4.7066E-02   -3.2155E-02    5.1423E-02   -2.0918E-03    8.1650E-03    5.9617E-03   -3.0263E-02    3.6915E-01    1.0759E+00  
  2.8288E+00    1.3050E+00   -6.6638E-02   -1.9589E-02    4.0664E-01   -5.1726E-01    4.4459E-02   -1.2605E-01   -2.5392E-01   -3.3754E-02   -1.3009E-01   -1.6061E-02    1.5087E-02   -6.1652E-03    2.6889E+00    8.5193E-02   -4.1156E-02    4.1943E-02   -3.7611E-02    5.0592E-03   -5.1966E-03   -4.2379E-02    3.6058E-01    1.0324E+00  
  2.8043E+00    1.3322E+00   -5.5281E-01   -3.1203E-01    8.2375E-01   -8.6469E-01   -2.7388E-02    1.0244E-01   -3.8866E-01    1.9005E-01   -2.4637E-01   -1.8119E-01    1.7103E-01    6.1729E-03    2.8606E+00    1.9322E-01   -8.2138E-02    7.0430E-02   -1.8253E-01   -3.8984E-02   -1.0225E-01   -4.0259E-02    3.2933E-01    1.0721E+00  
  1.2204E+00    3.2948E+00   -1.7639E+00   -2.1516E+00    2.7711E+00   -2.3233E+00   -7.9326E-01    1.8646E+00   -1.5709E+00    6.8914E-01   -5.8164E-01   -1.0161E+00    1.1109E+00    1.1528E-01    3.4146E+00    3.4016E-01   -1.4054E-01    2.3666E-01   -7.7490E-01   -9.6082E-02   -1.8346E-01   -2.8414E-02    1.6822E-01    1.2560E+00  
  2.6547E+00    1.5980E+00    7.8740E-01    9.6397E-02   -2.8032E-01    1.0185E-01   -9.7933E-02   -1.7003E-01   -6.4287E-01   -2.1382E-01   -7.5819E-02    4.7993E-02    5.7067E-02    6.0527E-03    2.6639E+00   -4.6415E-02   -7.2424E-03    9.9235E-04    6.9570E-02   -4.4985E-03    2.2699E-03    8.7343E-03    3.7297E-01    1.1733E+00  
  2.4078E+00    1.7701E+00    8.2310E-01    1.5149E-01   -2.3101E-02    9.3547E-02   -5.8277E-02   -1.3498E-01   -5.7532E-01   -2.3100E-01   -4.5784E-02    5.1606E-02    5.5172E-02    6.3895E-04    2.6580E+00   -5.0289E-02   -2.0721E-02    2.5470E-02    7.2558E-02   -1.0508E-02    2.3038E-02    1.4058E-02    3.8329E-01    1.1806E+00  
  2.2234E+00    1.8664E+00    8.2981E-01    1.6956E-01    9.7994E-02    1.0869E-01   -2.4351E-02   -1.0749E-01   -5.0115E-01   -2.2445E-01   -3.2710E-02    5.6530E-02    3.4473E-02   -9.6070E-04    2.6574E+00   -4.0909E-02   -1.9938E-02    3.5364E-02    7.1881E-02   -9.7418E-03    3.6610E-02    7.6235E-03    3.9029E-01    1.1801E+00  
  2.1236E+00    1.8794E+00    6.6799E-01    1.7277E-01    1.3079E-01    1.1019E-01    5.9357E-04   -9.2578E-02   -4.2682E-01   -1.9277E-01   -2.5504E-02    5.9004E-02    1.0991E-02   -2.7074E-03    2.6591E+00   -2.7678E-02   -1.4999E-02    3.6658E-02    6.5441E-02   -3.1524E-03    4.4579E-02   -2.5858E-03    3.9424E-01    1.1676E+00  
  2.1176E+00    1.8333E+00    4.0494E-01    1.6857E-01    1.1566E-01    7.5890E-02    1.8049E-02   -8.8637E-02   -3.5571E-01   -1.3923E-01   -2.3796E-02    5.8244E-02   -1.0438E-02   -3.0399E-03    2.6626E+00   -1.4342E-02   -1.1554E-02    3.0892E-02    5.2006E-02    5.0231E-03    4.5286E-02   -1.2679E-02    3.9416E-01    1.1514E+00  
  2.2009E+00    1.7254E+00    7.7187E-02    1.5599E-01    9.3706E-02   -4.2563E-03    3.1773E-02   -9.0838E-02   -2.8700E-01   -6.3329E-02   -3.0102E-02    5.0217E-02   -2.7954E-02   -2.3017E-03    2.6649E+00    2.1581E-03   -1.1337E-02    2.0465E-02    3.4155E-02    1.2340E-02    4.1832E-02   -2.2470E-02    3.9074E-01    1.1071E+00  
  2.3606E+00    1.5485E+00   -2.9027E-01    1.2866E-01    1.0957E-01   -1.2665E-01    4.4561E-02   -9.4828E-02   -2.2546E-01    3.7317E-02   -4.8169E-02    3.1963E-02   -3.4999E-02    1.3228E-04    2.6692E+00    2.5173E-02   -1.5539E-02    7.2220E-03    9.2261E-03    1.6078E-02    3.1530E-02   -3.2312E-02    3.8305E-01    1.0650E+00  
  2.5724E+00    1.3214E+00   -6.9506E-01    7.9828E-02    2.0588E-01   -2.6792E-01    6.1471E-02   -1.0044E-01   -1.7436E-01    1.6171E-01   -7.9445E-02    6.9749E-03   -2.7243E-02    7.4650E-03    2.6746E+00    5.1121E-02   -2.1829E-02   -9.0189E-03   -2.0296E-02    1.2262E-02    1.8000E-02   -3.9444E-02    3.7322E-01    1.0669E+00  
  2.8134E+00    1.0207E+00   -9.2319E-01    9.9065E-03    4.1284E-01   -3.9400E-01    9.4537E-02   -1.1494E-01   -1.3152E-01    3.1721E-01   -1.1634E-01   -2.1263E-02   -1.3024E-02    1.5342E-02    2.6809E+00    7.0800E-02   -2.3976E-02   -2.4481E-02   -4.9521E-02    2.8599E-03    6.0988E-04   -3.5757E-02    3.6289E-01    1.0828E+00  
  2.2706E+00    1.6679E+00    9.8062E-01    1.5183E-01   -3.5036E-02    1.7797E-01   -6.5521E-02   -8.3912E-02   -4.5842E-01   -1.7742E-01   -4.0773E-02    1.7386E-02    5.1084E-02    4.3527E-03    2.6577E+00   -2.7738E-02   -6.1848E-03    1.3878E-02    6.9183E-02   -2.2513E-02    2.6465E-02   -2.9551E-03    3.8751E-01    1.1363E+00  
  1.9594E+00    1.8172E+00    9.5224E-01    1.8330E-01    1.2809E-01    1.8887E-01   -3.3781E-02   -6.2466E-02   -4.2527E-01   -1.8239E-01   -1.4545E-02    2.7065E-02    4.4844E-02    1.8774E-03    2.6622E+00   -3.1963E-02   -1.4961E-02    2.7952E-02    7.1846E-02   -2.4651E-02    4.1716E-02   -1.1639E-03    3.9800E-01    1.1284E+00  
  1.7640E+00    1.7487E+00    7.5006E-01    1.9249E-01    1.7715E-01    2.2311E-01   -1.0569E-02   -4.9899E-02   -3.8674E-01   -1.6729E-01    1.5096E-03    4.0968E-02    2.8933E-02    1.1726E-05    2.6715E+00   -3.2470E-02   -1.5160E-02    2.9382E-02    6.7611E-02   -1.7527E-02    4.8943E-02   -3.5225E-03    4.0474E-01    1.1424E+00  
  1.6186E+00    1.7952E+00    4.0416E-01    1.9074E-01    1.4444E-01    2.3988E-01    6.3942E-03   -4.4088E-02   -3.4202E-01   -1.3103E-01    1.0700E-02    5.0176E-02    6.3954E-03    4.6377E-04    2.6772E+00   -2.8272E-02   -1.0161E-02    2.4607E-02    6.2044E-02   -8.2066E-03    5.3229E-02   -9.4962E-03    4.0904E-01    1.1661E+00  
  1.5728E+00    1.8126E+00    5.1153E-02    1.8780E-01    6.8068E-02    2.1785E-01    1.7975E-02   -4.6046E-02   -2.9608E-01   -7.5617E-02    1.5873E-02    5.4261E-02   -1.5833E-02    4.2078E-04    2.6798E+00   -2.3528E-02   -4.9318E-03    1.6378E-02    5.3228E-02    3.8165E-03    5.4498E-02   -1.4854E-02    4.1010E-01    1.1768E+00  
  1.6368E+00    1.7821E+00   -3.0417E-01    1.8564E-01   -1.7787E-02    1.4934E-01    2.6561E-02   -5.2696E-02   -2.5012E-01   -2.3968E-03    1.4552E-02    5.1583E-02   -3.7402E-02    8.0695E-04    2.6793E+00   -1.6830E-02   -1.5152E-03    4.4163E-03    4.2365E-02    1.5619E-02    5.2393E-02   -1.9328E-02    4.0752E-01    1.1646E+00  
  1.8094E+00    1.6802E+00   -6.0924E-01    1.8082E-01   -7.5377E-02    4.0330E-02    3.5542E-02   -6.1205E-02   -2.0748E-01    8.8989E-02    3.1584E-03    4.1239E-02   -5.2799E-02    3.0923E-03    2.6758E+00   -6.1506E-03   -2.2571E-04   -1.1956E-02    2.8593E-02    2.3658E-02    4.7450E-02   -2.3445E-02    4.0137E-01    1.1400E+00  
  2.0980E+00    1.3574E+00   -9.1609E-01    1.6860E-01   -7.0724E-02   -8.4540E-02    5.0533E-02   -7.4098E-02   -1.6938E-01    1.9910E-01   -1.7158E-02    2.6937E-02   -6.1922E-02    5.7350E-03    2.6677E+00    4.1864E-03    1.2547E-03   -3.1142E-02    1.5596E-02    2.8608E-02    4.0879E-02   -2.3657E-02    3.9353E-01    1.1511E+00  
  2.4009E+00    1.1413E+00   -1.2187E+00    1.3471E-01    3.2035E-02   -1.9536E-01    7.6304E-02   -8.9492E-02   -1.4486E-01    3.3394E-01   -4.8424E-02    5.0882E-03   -5.8851E-02    1.1775E-02    2.6625E+00    1.7987E-02    1.3804E-03   -4.8886E-02   -2.1846E-03    2.3640E-02    2.8123E-02   -2.2210E-02    3.8293E-01    1.1514E+00  
  1.1459E+00    1.9226E+00    3.2125E+00   -2.1913E+00   -2.8887E+00    2.2486E+00    1.9039E+00    8.5497E-01   -6.0056E-01   -1.5664E+00   -6.0722E-01    1.0112E+00   -1.1660E+00    1.4334E-01    3.3644E+00    1.5269E-01    3.5938E-01   -7.8274E-01   -2.2710E-01    1.5562E-01   -1.0659E-01   -3.0546E-02    1.7023E-01    1.3147E+00  
  2.7192E+00    1.0495E+00    1.0030E+00    2.7264E-03   -5.1672E-01    3.9236E-01   -1.0108E-01   -7.0759E-02   -2.9735E-01   -1.5776E-01   -1.1935E-01    2.0271E-02   -1.0818E-02    1.2013E-02    2.6820E+00    2.1244E-02    7.0288E-02   -4.9257E-02    2.1920E-02    1.2300E-03   -4.4979E-03   -3.6270E-02    3.6312E-01    1.0592E+00  
  2.3102E+00    1.3093E+00    1.1528E+00    1.3008E-01   -1.2695E-01    1.9335E-01   -7.7477E-02   -5.6724E-02   -3.1317E-01   -1.6551E-01   -4.9583E-02   -7.1561E-03    3.5588E-02    7.6088E-03    2.6629E+00   -4.7312E-03    1.5519E-02    1.1062E-04    4.6017E-02   -2.6681E-02    1.7657E-02   -2.2046E-02    3.8444E-01    1.0768E+00  
  1.8902E+00    1.5234E+00    1.1685E+00    1.8000E-01    1.0054E-01    1.4330E-01   -4.7425E-02   -4.0264E-02   -3.1738E-01   -1.7088E-01   -8.0799E-03   -3.8655E-03    4.8115E-02    2.9813E-03    2.6673E+00   -1.9003E-02   -9.6913E-03    2.2738E-02    5.5502E-02   -3.4538E-02    3.4076E-02   -1.2551E-02    3.9960E-01    1.1199E+00  
  1.5534E+00    1.4736E+00    1.1182E+00    1.8865E-01    1.9867E-01    1.6756E-01   -2.1457E-02   -2.6508E-02   -3.0858E-01   -1.6218E-01    1.4776E-02    9.6892E-03    4.0273E-02    1.0656E-03    2.6790E+00   -2.4314E-02   -1.5868E-02    2.8875E-02    5.7032E-02   -3.1133E-02    4.3822E-02   -1.1300E-02    4.1045E-01    1.1225E+00  
  1.2676E+00    1.5601E+00    8.0806E-01    1.8172E-01    2.0129E-01    2.1274E-01   -3.3286E-03   -1.8716E-02   -2.9079E-01   -1.3689E-01    2.8317E-02    2.4813E-02    2.4634E-02    7.7121E-04    2.6916E+00   -2.6808E-02   -1.4281E-02    2.4750E-02    5.3718E-02   -2.1405E-02    4.7092E-02   -1.2112E-02    4.1790E-01    1.1453E+00  
  1.0863E+00    1.6070E+00    4.3847E-01    1.7166E-01    1.3609E-01    2.4011E-01    7.0401E-03   -1.7014E-02   -2.6716E-01   -9.3492E-02    3.7484E-02    3.5765E-02    4.7114E-03    1.0421E-03    2.6997E+00   -2.7304E-02   -9.3157E-03    1.7644E-02    4.8293E-02   -9.4421E-03    4.9120E-02   -1.4578E-02    4.2240E-01    1.1643E+00  
  1.0298E+00    1.6176E+00    4.3188E-02    1.6604E-01    3.2365E-02    2.2765E-01    1.3439E-02   -2.0147E-02   -2.4020E-01   -3.5368E-02    4.2918E-02    4.0715E-02   -1.6594E-02    1.6274E-03    2.7025E+00   -2.4602E-02   -2.7023E-03    8.0672E-03    4.2206E-02    3.5163E-03    4.9866E-02   -1.8694E-02    4.2350E-01    1.1707E+00  
  1.1017E+00    1.5928E+00   -3.5375E-01    1.6866E-01   -8.1423E-02    1.6833E-01    1.9056E-02   -2.6617E-02   -2.1199E-01    3.6374E-02    4.2838E-02    3.9103E-02   -3.6835E-02    2.4643E-03    2.7002E+00   -2.0567E-02    2.4994E-03   -4.4903E-03    3.6503E-02    1.6367E-02    4.9112E-02   -2.1885E-02    4.2156E-01    1.1778E+00  
  1.2959E+00    1.5307E+00   -7.2646E-01    1.7847E-01   -1.7593E-01    6.9061E-02    2.5971E-02   -3.5384E-02   -1.8527E-01    1.2206E-01    3.4735E-02    3.1331E-02   -5.4489E-02    3.5424E-03    2.6925E+00   -1.7112E-02    7.4997E-03   -2.0767E-02    3.1335E-02    2.8020E-02    4.7312E-02   -2.1522E-02    4.1639E-01    1.1800E+00  
  1.5910E+00    1.4297E+00   -1.0407E+00    1.8783E-01   -2.2096E-01   -4.6373E-02    3.6094E-02   -4.5980E-02   -1.6433E-01    2.2095E-01    1.7819E-02    1.8882E-02   -6.7410E-02    4.9338E-03    2.6797E+00   -1.2846E-02    1.1796E-02   -4.0737E-02    2.6598E-02    3.7133E-02    4.4629E-02   -1.7930E-02    4.0849E-01    1.1862E+00  
  1.9755E+00    1.1092E+00   -1.4085E+00    1.8352E-01   -1.8900E-01   -1.4492E-01    5.6479E-02   -5.9395E-02   -1.5449E-01    3.3886E-01   -8.2113E-03    1.5265E-03   -7.2055E-02    7.1382E-03    2.6663E+00   -6.4324E-03    1.5636E-02   -5.8797E-02    2.0042E-02    3.9490E-02    3.6553E-02   -1.3639E-02    3.9800E-01    1.1897E+00  
  2.3664E+00    9.4555E-01   -1.6056E+00    1.5689E-01   -5.9102E-02   -1.8049E-01    9.9926E-02   -8.0817E-02   -1.6156E-01    4.8376E-01   -3.9618E-02   -1.9569E-02   -7.3863E-02    8.9641E-03    2.6552E+00   -2.8628E-03    2.4867E-02   -7.1962E-02    1.1694E-02    3.2144E-02    2.3873E-02   -3.8080E-03    3.8598E-01    1.1981E+00  
  2.7582E+00    7.1282E-01   -1.5758E+00    1.0440E-01    1.7814E-01   -1.0597E-01    1.8748E-01   -1.1726E-01   -1.9862E-01    6.7309E-01   -7.2655E-02   -5.0924E-02   -7.9844E-02    1.0475E-02    2.6612E+00   -4.6295E-03    4.4930E-02   -7.0233E-02   -7.1882E-04    7.2921E-03    4.4499E-03    8.3277E-03    3.7069E-01    1.2193E+00  
  4.8624E+00   -6.4133E-01    1.0573E+00    1.7975E+00   -1.0675E+00   -1.1978E+00    2.2013E+00   -1.0157E+00   -6.2659E-01    2.2105E+00    2.0474E-01   -9.5864E-01   -1.0653E+00   -8.3924E-02    3.2857E+00   -6.8544E-02    2.1212E-01    5.7768E-01   -2.2590E-01   -1.4234E-01   -8.4964E-02   -6.0130E-03    1.9250E-01    1.4456E+00  
  2.7232E+00    6.5628E-01    1.2977E+00   -3.2311E-01   -9.3990E-01    8.6414E-01    1.1779E-01    5.8988E-02   -1.7021E-01   -4.2555E-01   -2.5191E-01    1.8076E-01   -1.9935E-01    1.1002E-02    2.8632E+00    7.9942E-02    1.9548E-01   -1.8614E-01   -7.0222E-02    1.0466E-01   -5.2491E-02   -4.0485E-02    3.2744E-01    1.0948E+00  
  2.4960E+00    8.3303E-01    1.2702E+00    7.5824E-02   -3.0449E-01    2.6637E-01   -9.1165E-02   -3.7954E-02   -1.4548E-01   -1.9960E-01   -8.1253E-02   -9.1774E-03    3.9723E-03    4.6874E-03    2.6736E+00    1.8027E-02    5.0096E-02   -1.8179E-02    6.2839E-03   -1.5672E-02    5.9675E-03   -3.9438E-02    3.7395E-01    1.0558E+00  
  2.0233E+00    1.0654E+00    1.3583E+00    1.6573E-01   -1.9752E-02    8.3354E-02   -6.5450E-02   -3.0517E-02   -1.8235E-01   -1.9027E-01   -1.7461E-02   -2.9506E-02    3.8049E-02    2.2431E-03    2.6668E+00   -5.0875E-03    1.9467E-03    1.8778E-02    2.8011E-02   -3.8603E-02    2.3203E-02   -2.3245E-02    3.9499E-01    1.0716E+00  
  1.5573E+00    1.1207E+00    1.4699E+00    1.8530E-01    1.3673E-01    4.5725E-02   -3.6885E-02   -1.8961E-02   -2.0334E-01   -1.8145E-01    1.8644E-02   -2.1546E-02    4.2035E-02    1.7253E-03    2.6796E+00   -1.5007E-02   -1.5354E-02    2.9538E-02    3.7690E-02   -4.2308E-02    3.1778E-02   -1.7155E-02    4.0988E-01    1.1154E+00  
  1.1463E+00    1.2115E+00    1.2093E+00    1.7317E-01    1.9433E-01    8.1295E-02   -1.3899E-02   -1.0170E-02   -2.1074E-01   -1.6052E-01    3.8244E-02   -5.2288E-03    3.2689E-02    1.2418E-03    2.6968E+00   -1.9020E-02   -1.7818E-02    2.7348E-02    3.8498E-02   -3.4709E-02    3.5865E-02   -1.7568E-02    4.2056E-01    1.1306E+00  
  8.2241E-01    1.2703E+00    8.6286E-01    1.5226E-01    1.7751E-01    1.3550E-01   -6.3523E-05   -5.1442E-03   -2.0689E-01   -1.2388E-01    5.0025E-02    9.3141E-03    1.8512E-02    1.3361E-03    2.7099E+00   -2.1555E-02   -1.5797E-02    2.1271E-02    3.6824E-02   -2.3804E-02    3.8393E-02   -1.7425E-02    4.2894E-01    1.1363E+00  
  6.1646E-01    1.3011E+00    4.6119E-01    1.3335E-01    1.0696E-01    1.7152E-01    6.3208E-03   -4.4648E-03   -1.9621E-01   -7.3906E-02    5.7710E-02    2.0134E-02    7.8110E-04    1.6596E-03    2.7179E+00   -2.2469E-02   -8.7856E-03    1.3279E-02    3.3703E-02   -1.0600E-02    3.9920E-02   -1.9436E-02    4.3410E-01    1.1484E+00  
  5.4987E-01    1.3060E+00    3.5790E-02    1.2574E-01    4.6972E-03    1.6763E-01    9.5374E-03   -6.4392E-03   -1.8204E-01   -1.2826E-02    6.1041E-02    2.5112E-02   -1.7665E-02    2.1226E-03    2.7206E+00   -2.1808E-02   -7.4575E-04    3.3453E-03    2.9942E-02    3.3254E-03    4.0530E-02   -2.1878E-02    4.3586E-01    1.1697E+00  
  6.2724E-01    1.2862E+00   -3.9115E-01    1.3231E-01   -1.0794E-01    1.1666E-01    1.2812E-02   -1.0595E-02   -1.6720E-01    5.8169E-02    5.9464E-02    2.3527E-02   -3.4078E-02    2.6876E-03    2.7179E+00   -2.0142E-02    5.3628E-03   -8.8023E-03    2.7358E-02    1.7206E-02    4.0064E-02   -2.3462E-02    4.3360E-01    1.1688E+00  
  8.4290E-01    1.2406E+00   -7.9590E-01    1.5103E-01   -2.0855E-01    2.5485E-02    1.7568E-02   -1.6817E-02   -1.5446E-01    1.3893E-01    5.1787E-02    1.5571E-02   -4.8185E-02    3.3423E-03    2.7097E+00   -1.8060E-02    1.0538E-02   -2.3547E-02    2.5497E-02    3.0310E-02    3.8797E-02   -2.2869E-02    4.2805E-01    1.1879E+00  
  1.1736E+00    1.1676E+00   -1.1446E+00    1.7542E-01   -2.7336E-01   -8.1454E-02    2.4695E-02   -2.4058E-02   -1.4741E-01    2.2928E-01    3.6460E-02    2.6290E-03   -5.9345E-02    4.0017E-03    2.6961E+00   -1.5730E-02    1.6808E-02   -4.1256E-02    2.5047E-02    4.1157E-02    3.6719E-02   -1.8307E-02    4.1953E-01    1.1843E+00  
  1.5898E+00    1.0634E+00   -1.4072E+00    1.9182E-01   -2.8232E-01   -1.6882E-01    3.9890E-02   -3.4281E-02   -1.4986E-01    3.3081E-01    1.3948E-02   -1.2121E-02   -6.5476E-02    4.5415E-03    2.6774E+00   -1.2880E-02    2.1542E-02   -6.0612E-02    2.6500E-02    4.8888E-02    3.3435E-02   -1.2527E-02    4.0900E-01    1.1874E+00  
  2.0447E+00    8.6154E-01   -1.7684E+00    1.8731E-01   -2.1725E-01   -1.9099E-01    7.5322E-02   -4.9470E-02   -1.7083E-01    4.5111E-01   -1.4303E-02   -2.9270E-02   -6.8123E-02    6.0698E-03    2.6591E+00   -1.1600E-02    2.9112E-02   -7.5497E-02    2.5685E-02    4.6487E-02    2.6726E-02   -2.5199E-03    3.9660E-01    1.1985E+00  
  2.4988E+00    7.4035E-01   -1.7865E+00    1.5703E-01   -7.3264E-02   -9.6602E-02    1.4809E-01   -7.7190E-02   -2.1987E-01    6.0494E-01   -4.4072E-02   -5.3841E-02   -7.7281E-02    4.7703E-03    2.6539E+00   -1.7615E-02    4.7894E-02   -7.5147E-02    2.3751E-02    2.7419E-02    1.1636E-02    1.3132E-02    3.8160E-01    1.2221E+00  
  3.1081E+00    4.7049E-01   -1.2387E+00    2.8256E-01   -3.1740E-02   -5.5383E-03    4.9309E-01   -2.1509E-01   -3.8693E-01    1.0063E+00   -7.9306E-03   -2.0403E-01   -2.2123E-01   -3.8620E-03    2.8181E+00   -5.5518E-02    1.3666E-01    4.1439E-02   -1.6372E-02   -8.5393E-02   -4.4841E-02    1.1604E-02    3.4669E-01    1.2760E+00  
  2.7755E+00    2.8072E-01    1.3153E+00   -2.3278E-02   -5.1115E-01    5.1607E-01   -1.1941E-01   -1.7826E-02    4.6311E-02   -2.8271E-01   -1.3238E-01    1.3620E-02   -3.6733E-02   -6.6336E-03    2.6862E+00    3.7025E-02    8.5600E-02   -3.5304E-02   -4.3627E-02    8.1259E-03   -2.3126E-03   -4.2975E-02    3.6042E-01    1.0599E+00  
  2.3079E+00    5.2103E-01    1.5188E+00    1.2706E-01   -2.0449E-01    1.2574E-01   -8.9244E-02   -2.1218E-02   -2.5002E-02   -2.5021E-01   -4.8942E-02   -3.5134E-02    1.2409E-02   -1.8459E-03    2.6668E+00    1.0858E-02    2.3849E-02    1.2888E-02   -9.9120E-03   -2.8860E-02    1.0585E-02   -3.1556E-02    3.8370E-01    1.0751E+00  
  1.7791E+00    7.2091E-01    1.7033E+00    1.7951E-01   -1.1917E-02   -4.0495E-02   -5.5381E-02   -1.4742E-02   -7.6138E-02   -2.2900E-01    3.2756E-03   -4.4261E-02    2.8372E-02    7.8326E-04    2.6742E+00   -3.8920E-03   -7.5959E-03    3.2090E-02    9.2372E-03   -4.5133E-02    1.8348E-02   -2.2603E-02    4.0226E-01    1.1185E+00  
  1.2733E+00    8.0694E-01    1.5578E+00    1.7717E-01    9.5125E-02   -6.8615E-02   -2.8897E-02   -7.6900E-03   -1.0832E-01   -2.0332E-01    3.5907E-02   -3.4342E-02    2.8241E-02    1.3158E-03    2.6916E+00   -1.0548E-02   -1.8503E-02    3.4140E-02    1.8581E-02   -4.5428E-02    2.2489E-02   -2.1025E-02    4.1723E-01    1.1341E+00  
  8.2462E-01    8.6304E-01    1.2689E+00    1.4960E-01    1.3298E-01   -2.4546E-02   -9.5187E-03   -2.0985E-03   -1.2462E-01   -1.6830E-01    5.3696E-02   -1.8516E-02    2.0154E-02    1.4701E-03    2.7097E+00   -1.2855E-02   -1.9458E-02    2.7687E-02    2.1586E-02   -3.7197E-02    2.4858E-02   -2.3046E-02    4.2868E-01    1.1452E+00  
  4.7193E-01    8.9816E-01    8.9773E-01    1.1791E-01    1.1780E-01    3.8264E-02    1.6218E-03    5.5212E-04   -1.2970E-01   -1.2166E-01    6.4394E-02   -4.7714E-03    9.2709E-03    1.6807E-03    2.7228E+00   -1.4482E-02   -1.6884E-02    1.9482E-02    2.1762E-02   -2.5463E-02    2.6407E-02   -2.2844E-02    4.3764E-01    1.1576E+00  
  2.4719E-01    9.1501E-01    4.7394E-01    9.2788E-02    6.3147E-02    8.3042E-02    5.7799E-03    8.3448E-04   -1.2794E-01   -6.5562E-02    7.0949E-02    6.2416E-03   -3.7305E-03    2.0072E-03    2.7308E+00   -1.5683E-02   -9.3554E-03    1.0959E-02    2.1442E-02   -1.1643E-02    2.7617E-02   -2.3928E-02    4.4293E-01    1.1503E+00  
  1.7289E-01    9.1533E-01    2.7986E-02    8.3909E-02   -1.5994E-02    8.7918E-02    7.6648E-03   -2.9015E-04   -1.2240E-01   -1.9191E-03    7.2668E-02    1.1252E-02   -1.6521E-02    2.3342E-03    2.7334E+00   -1.6208E-02   -1.1489E-03    8.9203E-04    2.0301E-02    3.0870E-03    2.7983E-02   -2.4254E-02    4.4468E-01    1.1557E+00  
  2.5422E-01    8.9999E-01   -4.1879E-01    9.3644E-02   -1.0511E-01    4.5635E-02    8.8281E-03   -2.6892E-03   -1.1632E-01    6.8188E-02    6.9868E-02    9.7091E-03   -2.8744E-02    2.6822E-03    2.7306E+00   -1.6107E-02    6.4227E-03   -1.0640E-02    1.8817E-02    1.7812E-02    2.7814E-02   -2.3720E-02    4.4275E-01    1.1728E+00  
  4.8574E-01    8.6846E-01   -8.4466E-01    1.1941E-01   -1.8936E-01   -3.6936E-02    1.1804E-02   -6.4593E-03   -1.1262E-01    1.4436E-01    6.2265E-02    1.9620E-03   -3.8804E-02    3.0502E-03    2.7222E+00   -1.5384E-02    1.2752E-02   -2.3651E-02    1.7932E-02    3.1625E-02    2.6855E-02   -2.2154E-02    4.3729E-01    1.1815E+00  
  8.4324E-01    8.1994E-01   -1.2168E+00    1.5434E-01   -2.5258E-01   -1.3526E-01    1.6860E-02   -1.1220E-02   -1.1535E-01    2.2606E-01    4.7984E-02   -1.1798E-02   -4.6490E-02    3.2908E-03    2.7085E+00   -1.3791E-02    1.9968E-02   -3.9495E-02    1.9548E-02    4.3444E-02    2.5603E-02   -1.7676E-02    4.2832E-01    1.1655E+00  
  1.2955E+00    7.5180E-01   -1.5067E+00    1.8439E-01   -2.8111E-01   -2.1366E-01    2.9492E-02   -1.7211E-02   -1.2887E-01    3.1385E-01    2.7111E-02   -2.7167E-02   -5.0797E-02    3.2842E-03    2.6894E+00   -1.1704E-02    2.4857E-02   -5.7281E-02    2.2980E-02    5.1979E-02    2.3551E-02   -1.3230E-02    4.1688E-01    1.1607E+00  
  1.8037E+00    6.6760E-01   -1.6961E+00    1.9570E-01   -2.6267E-01   -2.2499E-01    5.9960E-02   -2.6996E-02   -1.5993E-01    4.1317E-01    1.2386E-03   -4.3210E-02   -5.2889E-02    3.1318E-03    2.6681E+00   -1.1963E-02    2.9924E-02   -7.1828E-02    2.7521E-02    5.3344E-02    1.9812E-02   -4.9554E-03    4.0344E-01    1.1663E+00  
  2.2960E+00    6.5324E-01   -1.8668E+00    1.7343E-01   -1.9027E-01   -1.1129E-01    1.1723E-01   -4.3334E-02   -2.1755E-01    5.3057E-01   -3.2118E-02   -5.8499E-02   -5.6252E-02    2.4738E-03    2.6527E+00   -1.6590E-02    3.8132E-02   -7.6045E-02    3.3771E-02    4.0368E-02    1.1611E-02    6.4668E-03    3.8887E-01    1.2030E+00  
  2.7742E+00    5.9907E-01   -1.6230E+00    1.1100E-01   -7.0817E-02    1.8342E-01    2.2592E-01   -7.6558E-02   -3.1678E-01    6.8608E-01   -7.0142E-02   -7.5354E-02   -7.3817E-02   -1.0476E-03    2.6594E+00   -2.8323E-02    5.2054E-02   -5.8850E-02    4.0883E-02    6.7239E-03   -2.9305E-03    1.5522E-02    3.7134E-01    1.2395E+00  
  2.6761E+00    2.3784E-03    1.5058E+00    4.1038E-02   -3.7428E-01    3.7431E-01   -1.3302E-01   -1.4841E-03    1.5538E-01   -3.6650E-01   -1.0146E-01   -1.8977E-02   -2.5725E-02   -1.0804E-02    2.6717E+00    2.7397E-02    4.6748E-02    1.9163E-03   -5.3027E-02   -3.1096E-03    1.9093E-03   -3.0197E-02    3.6867E-01    1.0813E+00  
  2.1749E+00    1.8108E-01    1.6983E+00    1.5578E-01   -1.8665E-01    4.3985E-03   -8.7742E-02   -8.3302E-03    7.1918E-02   -3.1217E-01   -3.0245E-02   -5.3713E-02    5.7577E-03   -2.9467E-03    2.6618E+00    6.8846E-03    1.5362E-03    3.8160E-02   -2.2415E-02   -3.9440E-02    6.8625E-03   -2.1586E-02    3.9057E-01    1.1250E+00  
  1.6234E+00    3.9802E-01    1.7948E+00    1.8567E-01   -6.7479E-02   -1.4850E-01   -4.9209E-02   -5.1882E-03    1.1333E-02   -2.7243E-01    1.4666E-02   -5.4923E-02    1.2735E-02   -1.9419E-04    2.6771E+00   -2.3050E-03   -1.7224E-02    4.5790E-02   -6.2116E-03   -5.0633E-02    1.0079E-02   -1.8556E-02    4.0763E-01    1.1483E+00  
  1.0903E+00    4.3435E-01    1.6066E+00    1.6862E-01    2.7762E-03   -1.6689E-01   -2.2859E-02   -1.9095E-04   -2.7003E-02   -2.3075E-01    4.3408E-02   -4.2423E-02    9.7878E-03    1.4601E-03    2.6988E+00   -5.6480E-03   -2.1076E-02    3.9154E-02    3.0292E-03   -4.7682E-02    1.0700E-02   -2.1676E-02    4.2176E-01    1.1619E+00  
  6.1798E-01    4.5823E-01    1.3008E+00    1.3191E-01    3.4586E-02   -1.1474E-01   -6.3153E-03    3.1354E-03   -4.8607E-02   -1.8165E-01    6.0609E-02   -2.6754E-02    5.0498E-03    1.7825E-03    2.7171E+00   -7.9348E-03   -2.0953E-02    2.9341E-02    7.5206E-03   -3.8904E-02    1.1648E-02   -2.4045E-02    4.3367E-01    1.1519E+00  
  2.4717E-01    4.7201E-01    9.1528E-01    9.3142E-02    3.5671E-02   -4.3327E-02    2.1899E-03    3.9416E-03   -5.8614E-02   -1.2576E-01    7.1041E-02   -1.2834E-02   -1.7117E-03    2.0411E-03    2.7305E+00   -8.6331E-03   -1.7228E-02    2.0110E-02    9.4617E-03   -2.6835E-02    1.2545E-02   -2.4447E-02    4.4274E-01    1.1537E+00  
  1.0555E-02    4.7681E-01    4.7840E-01    6.3785E-02    1.2223E-02    1.0752E-02    5.0123E-03    3.1236E-03   -6.1677E-02   -6.4063E-02    7.7422E-02   -2.6075E-03   -9.2081E-03    2.2451E-03    2.7383E+00   -8.7196E-03   -9.7264E-03    1.0235E-02    1.0042E-02   -1.2253E-02    1.2965E-02   -2.5548E-02    4.4849E-01    1.1420E+00  
 -6.8502E-02    4.7345E-01    2.0514E-02    5.3318E-02   -2.8526E-02    2.4902E-02    5.6858E-03    1.6218E-03   -6.1031E-02    1.9535E-03    7.9174E-02    1.7378E-03   -1.6217E-02    2.4070E-03    2.7410E+00   -8.7042E-03   -1.3344E-03   -1.3564E-04    9.9568E-03    2.7990E-03    1.3237E-02   -2.5774E-02    4.5037E-01    1.1354E+00  
  1.5325E-02    4.6253E-01   -4.3767E-01    6.4189E-02   -7.8994E-02   -8.1247E-03    6.2025E-03   -4.5367E-04   -6.0066E-02    7.1134E-02    7.6637E-02   -4.7026E-04   -2.2183E-02    2.5470E-03    2.7380E+00   -8.4078E-03    6.9699E-03   -1.1243E-02    9.6223E-03    1.7859E-02    1.3178E-02   -2.5119E-02    4.4852E-01    1.1530E+00  
  2.5660E-01    4.4401E-01   -8.7546E-01    9.3870E-02   -1.3208E-01   -8.1400E-02    8.3377E-03   -3.1109E-03   -6.1866E-02    1.4267E-01    6.9562E-02   -8.9900E-03   -2.6704E-02    2.6509E-03    2.7299E+00   -7.6107E-03    1.4292E-02   -2.3361E-02    1.0087E-02    3.2468E-02    1.2979E-02   -2.3527E-02    4.4279E-01    1.1581E+00  
  6.3060E-01    4.1741E-01   -1.2612E+00    1.3506E-01   -1.7930E-01   -1.7095E-01    1.3284E-02   -5.6892E-03   -7.0459E-02    2.1574E-01    5.6091E-02   -2.2603E-02   -2.9795E-02    2.6504E-03    2.7161E+00   -6.7909E-03    2.1263E-02   -3.6403E-02    1.2173E-02    4.4636E-02    1.2290E-02   -1.9406E-02    4.3376E-01    1.1424E+00  
  1.1054E+00    3.8118E-01   -1.5669E+00    1.7373E-01   -2.1326E-01   -2.4071E-01    2.5226E-02   -7.7154E-03   -9.0249E-02    2.9077E-01    3.6436E-02   -3.8073E-02   -3.1702E-02    2.3397E-03    2.6971E+00   -7.0279E-03    2.5964E-02   -5.1916E-02    1.6486E-02    5.3661E-02    1.1427E-02   -1.5332E-02    4.2188E-01    1.1557E+00  
  1.6425E+00    3.3368E-01   -1.7549E+00    1.9339E-01   -2.2765E-01   -2.4162E-01    5.1647E-02   -1.0820E-02   -1.2802E-01    3.6894E-01    1.0442E-02   -5.2564E-02   -3.1128E-02    2.1282E-03    2.6738E+00   -7.4078E-03    2.6348E-02   -6.6568E-02    2.3493E-02    5.7510E-02    1.0359E-02   -1.0249E-02    4.0798E-01    1.1782E+00  
  2.1746E+00    4.5592E-01   -1.8809E+00    1.7582E-01   -2.2077E-01   -1.1275E-01    9.9826E-02   -1.8897E-02   -1.9003E-01    4.5655E-01   -2.5387E-02   -6.1228E-02   -3.3108E-02   -6.7699E-04    2.6543E+00   -1.1842E-02    2.5525E-02   -7.0284E-02    3.5583E-02    4.8051E-02    5.0288E-03   -3.1140E-03    3.9288E-01    1.1947E+00  
  2.6813E+00    4.8872E-01   -1.6789E+00    1.0767E-01   -2.0111E-01    2.0702E-01    1.8662E-01   -4.0180E-02   -2.9086E-01    5.7138E-01   -7.1087E-02   -6.4177E-02   -4.9607E-02   -5.1145E-03    2.6570E+00   -2.5135E-02    2.5175E-02   -4.9946E-02    5.0519E-02    1.4235E-02   -3.3856E-03    3.5148E-03    3.7437E-01    1.2132E+00  
  2.6334E+00   -2.4433E-01    1.6376E+00    8.2951E-02   -2.8825E-01    2.7092E-01   -1.5296E-01    1.7257E-02    2.3875E-01   -4.6129E-01   -8.1173E-02   -4.6061E-02   -3.1032E-02   -9.2791E-03    2.6617E+00    2.2972E-02    8.4144E-03    3.0644E-02   -5.5491E-02   -9.4556E-03    1.5503E-03   -1.3299E-02    3.7373E-01    1.1592E+00  
  2.1193E+00   -1.3812E-01    1.8289E+00    1.6956E-01   -2.0769E-01   -7.4802E-02   -8.7724E-02    5.2494E-03    1.4418E-01   -3.8130E-01   -2.3581E-02   -6.1932E-02   -1.1285E-02   -2.3498E-03    2.6590E+00    7.4550E-03   -1.4031E-02    5.5955E-02   -3.1898E-02   -4.3364E-02   -5.9626E-04   -1.2369E-02    3.9331E-01    1.1695E+00  
  1.5728E+00    4.2653E-02    1.8123E+00    1.8884E-01   -1.5255E-01   -2.1619E-01   -4.4923E-02    3.3025E-03    8.0417E-02   -3.1892E-01    1.5935E-02   -5.7927E-02   -8.7862E-03    8.4653E-04    2.6772E+00    1.3519E-03   -2.3250E-02    5.6603E-02   -1.7239E-02   -5.3273E-02   -1.9184E-03   -1.4823E-02    4.0945E-01    1.1651E+00  
  1.0294E+00    3.7231E-02    1.6179E+00    1.6705E-01   -1.1015E-01   -2.2538E-01   -1.9087E-02    5.4314E-03    4.0094E-02   -2.5946E-01    4.2718E-02   -4.4350E-02   -1.0743E-02    1.9192E-03    2.7006E+00   -5.8703E-04   -2.4610E-02    4.4774E-02   -8.7179E-03   -4.8906E-02   -2.2219E-03   -1.8860E-02    4.2305E-01    1.1587E+00  
  5.4941E-01    3.0953E-02    1.3068E+00    1.2651E-01   -7.7186E-02   -1.6484E-01   -5.2234E-03    6.4492E-03    1.7370E-02   -1.9687E-01    6.0903E-02   -2.8724E-02   -1.1860E-02    2.3118E-03    2.7194E+00   -2.2232E-03   -2.2205E-02    3.1771E-02   -3.8446E-03   -3.9796E-02   -2.2529E-03   -2.2259E-02    4.3534E-01    1.1401E+00  
  1.7250E-01    2.4843E-02    9.1661E-01    8.4358E-02   -5.2578E-02   -8.4717E-02    1.2194E-03    5.0948E-03    6.1982E-03   -1.3222E-01    7.2685E-02   -1.4798E-02   -1.4403E-02    2.4455E-03    2.7329E+00   -1.4115E-03   -1.6906E-02    2.1364E-02   -1.3483E-03   -2.7440E-02   -2.1982E-03   -2.4664E-02    4.4432E-01    1.1353E+00  
 -6.8744E-02    1.8176E-02    4.7521E-01    5.3505E-02   -3.7394E-02   -2.1380E-02    3.4496E-03    3.5165E-03    2.0089E-03   -6.5358E-02    7.9243E-02   -5.2203E-03   -1.5695E-02    2.4582E-03    2.7409E+00   -7.0693E-04   -9.5017E-03    1.0358E-02   -3.8670E-04   -1.2730E-02   -2.1159E-03   -2.6001E-02    4.5018E-01    1.1342E+00  
 -1.5008E-01    1.1166E-02    1.3412E-02    4.2400E-02   -3.2281E-02    1.8730E-03    3.7972E-03    1.6439E-03    1.1566E-03    2.4722E-03    8.1245E-02   -1.7164E-03   -1.6204E-02    2.4137E-03    2.7437E+00   -3.4288E-04   -1.0815E-03   -4.5124E-04   -2.0483E-04    2.4937E-03   -2.0111E-03   -2.6328E-02    4.5217E-01    1.1204E+00  
 -6.6091E-02    4.1666E-03   -4.4838E-01    5.3543E-02   -3.6897E-02   -2.2052E-02    4.0893E-03   -2.0955E-04    3.4640E-04    7.0277E-02    7.9029E-02   -4.7589E-03   -1.5652E-02    2.3266E-03    2.7407E+00   -1.7766E-05    7.4399E-03   -1.1274E-02   -7.5594E-05    1.7723E-02   -1.8923E-03   -2.5745E-02    4.5039E-01    1.1327E+00  
  1.7781E-01   -2.4687E-03   -8.8975E-01    8.4456E-02   -5.1589E-02   -8.6058E-02    6.1505E-03   -1.7338E-03   -3.7140E-03    1.3706E-01    7.2320E-02   -1.3914E-02   -1.4351E-02    2.1940E-03    2.7324E+00    5.6942E-04    1.5130E-02   -2.2325E-02    7.3779E-04    3.2453E-02   -1.7642E-03   -2.4292E-02    4.4470E-01    1.1431E+00  
  5.5735E-01   -8.5260E-03   -1.2799E+00    1.2670E-01   -7.5709E-02   -1.6683E-01    1.2300E-02   -2.9976E-03   -1.4676E-02    2.0159E-01    6.0494E-02   -2.7515E-02   -1.1839E-02    1.9869E-03    2.7186E+00    1.2092E-03    2.0839E-02   -3.2825E-02    3.0215E-03    4.4855E-02   -1.6505E-03   -2.2024E-02    4.3579E-01    1.1476E+00  
  1.0399E+00   -1.4706E-02   -1.5909E+00    1.6748E-01   -1.0817E-01   -2.2800E-01    2.5761E-02   -1.8935E-03   -3.7119E-02    2.6398E-01    4.2342E-02   -4.2995E-02   -1.0885E-02    1.5821E-03    2.6996E+00   -5.5711E-04    2.3597E-02   -4.5955E-02    7.6856E-03    5.4053E-02   -1.6155E-03   -1.8871E-02    4.2340E-01    1.1663E+00  
  1.5857E+00   -1.9953E-02   -1.7853E+00    1.8974E-01   -1.5004E-01   -2.1941E-01    5.1150E-02    2.2975E-04   -7.7107E-02    3.2318E-01    1.5575E-02   -5.6624E-02   -9.2966E-03    5.8545E-04    2.6762E+00   -2.4056E-03    2.2248E-02   -5.7946E-02    1.6121E-02    5.8555E-02   -1.8681E-03   -1.4792E-02    4.0948E-01    1.1799E+00  
  2.1449E+00    1.7706E-01   -1.8175E+00    1.7083E-01   -2.0455E-01   -7.8448E-02    9.3547E-02   -1.7952E-03   -1.4057E-01    3.8544E-01   -2.3978E-02   -6.0645E-02   -1.2042E-02   -2.5105E-03    2.6578E+00   -8.4053E-03    1.3062E-02   -5.7392E-02    3.0685E-02    4.8623E-02   -3.2391E-03   -1.2263E-02    3.9311E-01    1.1801E+00  
  2.6596E+00    2.7850E-01   -1.6306E+00    8.4538E-02   -2.8440E-01    2.6699E-01    1.5838E-01   -1.3913E-02   -2.3486E-01    4.6534E-01   -8.1669E-02   -4.4770E-02   -3.1895E-02   -9.3235E-03    2.6601E+00   -2.3829E-02   -9.2656E-03   -3.2154E-02    5.4180E-02    1.4624E-02   -5.4927E-03   -1.3213E-02    3.7340E-01    1.1672E+00  
  2.6584E+00   -4.5128E-01    1.6890E+00    1.0638E-01   -2.0424E-01    2.1172E-01   -1.8112E-01    4.3609E-02    2.9521E-01   -5.6770E-01   -7.0611E-02   -6.5790E-02   -4.8853E-02   -5.1736E-03    2.6582E+00    2.4265E-02   -2.6122E-02    4.8603E-02   -5.1877E-02   -9.2604E-03   -5.2342E-04    3.4491E-03    3.7428E-01    1.2048E+00  
  2.1527E+00   -4.1372E-01    1.8971E+00    1.7480E-01   -2.2316E-01   -1.0828E-01   -9.3915E-02    2.2418E-02    1.9401E-01   -4.5277E-01   -2.5029E-02   -6.2825E-02   -3.2520E-02   -5.8028E-04    2.6552E+00    1.0890E-02   -2.6554E-02    6.9011E-02   -3.6846E-02   -4.3007E-02   -8.8204E-03   -3.2011E-03    3.9272E-01    1.1838E+00  
  1.6317E+00   -3.1099E-01    1.7818E+00    1.9267E-01   -2.2931E-01   -2.3749E-01   -4.5417E-02    1.4426E-02    1.3164E-01   -3.6508E-01    1.0689E-02   -5.4124E-02   -3.0753E-02    2.3712E-03    2.6744E+00    6.3972E-03   -2.7477E-02    6.5314E-02   -2.4612E-02   -5.2377E-02   -1.4042E-02   -1.0345E-02    4.0774E-01    1.1630E+00  
  1.0970E+00   -3.5862E-01    1.5937E+00    1.7347E-01   -2.1436E-01   -2.3713E-01   -1.8569E-02    1.1293E-02    9.3480E-02   -2.8663E-01    3.6734E-02   -3.9692E-02   -3.1757E-02    2.6430E-03    2.6976E+00    5.8873E-03   -2.7023E-02    5.0851E-02   -1.7471E-02   -4.8619E-02   -1.5176E-02   -1.5281E-02    4.2136E-01    1.1480E+00  
  6.2473E-01   -3.9499E-01    1.2880E+00    1.3518E-01   -1.7984E-01   -1.6796E-01   -6.3311E-03    9.2292E-03    7.3342E-02   -2.1130E-01    5.6338E-02   -2.4153E-02   -3.0206E-02    2.9526E-03    2.7166E+00    5.6369E-03   -2.2440E-02    3.5400E-02   -1.2965E-02   -3.9666E-02   -1.6132E-02   -1.9430E-02    4.3307E-01    1.1420E+00  
  2.5336E-01   -4.2163E-01    9.0227E-01    9.4103E-02   -1.3212E-01   -7.9047E-02   -1.0634E-03    6.5219E-03    6.4461E-02   -1.3802E-01    6.9854E-02   -1.0239E-02   -2.7216E-02    2.8738E-03    2.7302E+00    6.6536E-03   -1.5898E-02    2.2452E-02   -1.0660E-02   -2.7520E-02   -1.6892E-02   -2.3824E-02    4.4218E-01    1.1584E+00  
  1.4751E-02   -4.4017E-01    4.6448E-01    6.4478E-02   -7.8548E-02   -6.4348E-03    1.2787E-03    3.7669E-03    6.2449E-02   -6.6333E-02    7.6847E-02   -1.3075E-03   -2.2712E-02    2.6468E-03    2.7381E+00    7.6192E-03   -8.9238E-03    1.0371E-02   -1.0039E-02   -1.2896E-02   -1.7134E-02   -2.5429E-02    4.4809E-01    1.1535E+00  
 -6.6424E-02   -4.5109E-01    6.3120E-03    5.3643E-02   -2.7584E-02    2.5921E-02    1.8887E-03    1.6298E-03    6.3291E-02    2.9499E-03    7.9197E-02    1.3570E-03   -1.6716E-02    2.3713E-03    2.7408E+00    8.0143E-03   -7.9551E-04   -7.4259E-04   -1.0314E-02    2.1974E-03   -1.7202E-02   -2.5894E-02    4.5015E-01    1.1355E+00  
  1.5286E-02   -4.5443E-01   -4.5154E-01    6.4157E-02    1.3649E-02    1.1100E-02    2.5433E-03    1.0500E-04    6.3896E-02    6.9015E-02    7.7229E-02   -2.5183E-03   -9.6668E-03    2.0682E-03    2.7378E+00    8.0546E-03    7.6178E-03   -1.1149E-02   -1.0447E-02    1.7293E-02   -1.6907E-02   -2.5392E-02    4.4848E-01    1.1485E+00  
  2.5455E-01   -4.4959E-01   -8.8837E-01    9.3577E-02    3.7580E-02   -4.3656E-02    5.2333E-03   -7.0111E-04    6.0878E-02    1.3071E-01    7.0646E-02   -1.2311E-02   -2.1351E-03    1.7408E-03    2.7297E+00    7.9150E-03    1.5333E-02   -2.1083E-02   -1.0013E-02    3.1930E-02   -1.6438E-02   -2.4095E-02    4.4289E-01    1.1606E+00  
  6.2798E-01   -4.3574E-01   -1.2739E+00    1.3245E-01    3.6965E-02   -1.1574E-01    1.3475E-02    1.5024E-04    5.1000E-02    1.8655E-01    6.0083E-02   -2.5888E-02    4.6373E-03    1.4009E-03    2.7161E+00    7.1025E-03    1.9418E-02   -3.0406E-02   -8.2831E-03    4.4069E-02   -1.5482E-02   -2.3683E-02    4.3388E-01    1.1586E+00  
  1.1028E+00   -4.1177E-01   -1.5795E+00    1.6935E-01    5.6045E-03   -1.6854E-01    2.9587E-02    3.5479E-03    2.9614E-02    2.3553E-01    4.2862E-02   -4.1368E-02    9.3468E-03    1.0576E-03    2.6976E+00    4.6685E-03    1.9971E-02   -4.0361E-02   -4.0115E-03    5.2953E-02   -1.4482E-02   -2.1489E-02    4.2188E-01    1.1690E+00  
  1.6385E+00   -3.7528E-01   -1.7677E+00    1.8674E-01   -6.4183E-02   -1.5077E-01    5.5417E-02    8.5847E-03   -8.4332E-03    2.7703E-01    1.4196E-02   -5.3882E-02    1.2118E-02   -5.3133E-04    2.6758E+00    1.2659E-03    1.6323E-02   -4.7167E-02    5.0974E-03    5.6057E-02   -1.3834E-02   -1.8525E-02    4.0743E-01    1.1593E+00  
  2.2039E+00   -1.4725E-01   -1.6907E+00    1.5731E-01   -1.8281E-01    1.5947E-03    9.3459E-02    1.1676E-02   -6.8752E-02    3.1660E-01   -3.0656E-02   -5.2769E-02    4.9043E-03   -3.1942E-03    2.6603E+00   -7.8142E-03   -2.4315E-03   -3.9713E-02    2.1271E-02    4.4950E-02   -1.0637E-02   -2.1445E-02    3.9000E-01    1.1366E+00  
  2.7053E+00    2.8047E-02   -1.5016E+00    4.2988E-02   -3.6975E-01    3.7113E-01    1.3841E-01    4.7203E-03   -1.5205E-01    3.7082E-01   -1.0191E-01   -1.8095E-02   -2.6600E-02   -1.0986E-02    2.6698E+00   -2.8219E-02   -4.7426E-02   -3.5511E-03    5.1774E-02    8.5455E-03   -5.7802E-03   -3.0018E-02    3.6793E-01    1.0883E+00  
  2.7549E+00   -5.5838E-01    1.6363E+00    1.0995E-01   -7.3123E-02    1.8891E-01   -2.2031E-01    8.0018E-02    3.2153E-01   -6.8283E-01   -6.9777E-02   -7.7192E-02   -7.3195E-02   -1.1588E-03    2.6602E+00    2.7429E-02   -5.3022E-02    5.7745E-02   -4.2287E-02   -1.8961E-03   -8.5379E-04    1.5426E-02    3.7087E-01    1.2308E+00  
  2.2783E+00   -6.0705E-01    1.8875E+00    1.7268E-01   -1.9184E-01   -1.0601E-01   -1.1125E-01    4.6877E-02    2.2185E-01   -5.2722E-01   -3.1836E-02   -6.0372E-02   -5.5888E-02    2.5534E-03    2.6533E+00    1.5639E-02   -3.9212E-02    7.4983E-02   -3.5047E-02   -3.5475E-02   -1.5262E-02    6.3933E-03    3.8838E-01    1.1920E+00  
  1.7940E+00   -6.4100E-01    1.7232E+00    1.9524E-01   -2.6348E-01   -2.2002E-01   -5.3684E-02    3.0596E-02    1.6378E-01   -4.0970E-01    1.4162E-03   -4.5054E-02   -5.2772E-02    3.3843E-03    2.6685E+00    1.0966E-02   -3.1092E-02    7.0788E-02   -2.8638E-02   -4.8394E-02   -2.3343E-02   -5.0269E-03    4.0295E-01    1.1711E+00  
  1.2892E+00   -7.2918E-01    1.5333E+00    1.8429E-01   -2.8125E-01   -2.0914E-01   -2.2913E-02    2.0802E-02    1.3226E-01   -3.1016E-01    2.7264E-02   -2.8997E-02   -5.1026E-02    3.6399E-03    2.6896E+00    1.0625E-02   -2.6025E-02    5.6317E-02   -2.3898E-02   -4.7020E-02   -2.7057E-02   -1.3205E-02    4.1628E-01    1.1652E+00  
  8.3952E-01   -7.9743E-01    1.2434E+00    1.5466E-01   -2.5218E-01   -1.3131E-01   -9.9622E-03    1.4718E-02    1.1832E-01   -2.2200E-01    4.8163E-02   -1.3615E-02   -4.7167E-02    3.6161E-03    2.7087E+00    1.2636E-02   -2.1111E-02    3.8653E-02   -2.0227E-02   -3.8545E-02   -2.9240E-02   -1.7595E-02    4.2752E-01    1.1627E+00  
  4.8458E-01   -8.4601E-01    8.7142E-01    1.1997E-01   -1.8843E-01   -3.3581E-02   -4.6714E-03    9.8582E-03    1.1522E-01   -1.3998E-01    6.2446E-02    3.6109E-04   -3.9739E-02    3.2871E-03    2.7223E+00    1.4333E-02   -1.4150E-02    2.2830E-02   -1.8380E-02   -2.6728E-02   -3.0594E-02   -2.2280E-02    4.3649E-01    1.1801E+00  
  2.5572E-01   -8.7756E-01    4.4559E-01    9.4254E-02   -1.0370E-01    4.8330E-02   -1.4455E-03    5.9399E-03    1.1863E-01   -6.3584E-02    7.0053E-02    8.5089E-03   -2.9731E-02    2.7800E-03    2.7305E+00    1.5255E-02   -8.2151E-03    9.8522E-03   -1.9090E-02   -1.2860E-02   -3.1602E-02   -2.4025E-02    4.4215E-01    1.1718E+00  
  1.7705E-01   -8.9288E-01   -1.1498E-03    8.4562E-02   -1.4113E-02    8.9946E-02   -1.5277E-04    3.4357E-03    1.2450E-01    6.6992E-03    7.2722E-02    1.0512E-02   -1.7502E-02    2.2789E-03    2.7331E+00    1.5505E-02   -8.8786E-04   -1.7054E-03   -2.0507E-02    1.9351E-03   -3.1779E-02   -2.4467E-02    4.4430E-01    1.1542E+00  
  2.5399E-01   -8.9253E-01   -4.4705E-01    9.3493E-02    6.5492E-02    8.4397E-02    1.7507E-03    2.2435E-03    1.2991E-01    7.0468E-02    7.0801E-02    5.9794E-03   -4.6766E-03    1.7934E-03    2.7302E+00    1.5064E-02    7.2656E-03   -1.1830E-02   -2.1691E-02    1.6746E-02   -3.1386E-02   -2.3902E-02    4.4276E-01    1.1579E+00  
  4.8138E-01   -8.7562E-01   -8.7075E-01    1.1869E-01    1.2061E-01    3.8934E-02    5.8129E-03    2.4932E-03    1.3164E-01    1.2664E-01    6.4013E-02   -4.5861E-03    8.3755E-03    1.3279E-03    2.7219E+00    1.3877E-02    1.4938E-02   -2.0429E-02   -2.2154E-02    3.0656E-02   -3.0121E-02   -2.2593E-02    4.3761E-01    1.1630E+00  
  8.3665E-01   -8.4042E-01   -1.2418E+00    1.5051E-01    1.3622E-01   -2.4552E-02    1.6712E-02    5.1304E-03    1.2662E-01    1.7329E-01    5.3095E-02   -1.7966E-02    1.9320E-02    1.0227E-03    2.7084E+00    1.2216E-02    1.7830E-02   -2.8727E-02   -2.2196E-02    4.2487E-02   -2.8504E-02   -2.2668E-02    4.2870E-01    1.1497E+00  
  1.2879E+00   -7.8420E-01   -1.5306E+00    1.7829E-01    9.8777E-02   -6.9290E-02    3.5684E-02    1.0737E-02    1.1047E-01    2.0827E-01    3.5169E-02   -3.3575E-02    2.7447E-02    8.3916E-04    2.6902E+00    9.8300E-03    1.7273E-02   -3.5303E-02   -1.9413E-02    5.0843E-02   -2.6078E-02   -2.0675E-02    4.1714E-01    1.1387E+00  
  1.7981E+00   -6.9764E-01   -1.6784E+00    1.8093E-01   -7.8638E-03   -4.1831E-02    6.1608E-02    1.7846E-02    7.8526E-02    2.3383E-01    2.5929E-03   -4.3476E-02    2.7566E-02    3.4617E-04    2.6725E+00    3.0764E-03    6.6943E-03   -3.3442E-02   -1.0234E-02    5.0708E-02   -2.1932E-02   -2.2390E-02    4.0186E-01    1.1285E+00  
  2.3395E+00   -4.9591E-01   -1.5124E+00    1.2892E-01   -1.9998E-01    1.2378E-01    9.4904E-02    2.4364E-02    2.7646E-02    2.5484E-01   -4.9413E-02   -3.4534E-02    1.1533E-02   -2.1945E-03    2.6650E+00   -1.1676E-02   -2.4631E-02   -1.4482E-02    8.8605E-03    3.4614E-02   -1.4210E-02   -3.1309E-02    3.8285E-01    1.0859E+00  
  2.8073E+00   -2.5658E-01   -1.3139E+00   -2.0874E-02   -5.0594E-01    5.1359E-01    1.2484E-01    2.0960E-02   -4.3588E-02    2.8711E-01   -1.3270E-01    1.4011E-02   -3.7470E-02   -6.9652E-03    2.6839E+00   -3.7754E-02   -8.6056E-02    3.3530E-02    4.2432E-02   -2.3803E-03   -1.3908E-03   -4.2660E-02    3.5935E-01    1.0580E+00  
  3.0929E+00   -4.2940E-01    1.2551E+00    2.8189E-01   -3.3432E-02    5.3363E-04   -4.8758E-01    2.1860E-01    3.9205E-01   -1.0038E+00   -7.6659E-03   -2.0614E-01   -2.2091E-01   -4.0581E-03    2.8188E+00    5.4579E-02   -1.3760E-01   -4.2383E-02    1.5008E-02    9.0340E-02    4.1483E-02    1.1457E-02    3.4578E-01    1.2681E+00  
  2.4852E+00   -6.9542E-01    1.8113E+00    1.5652E-01   -7.3923E-02   -9.0554E-02   -1.4207E-01    8.0670E-02    2.2443E-01   -6.0204E-01   -4.3913E-02   -5.5944E-02   -7.7135E-02    4.9156E-03    2.6543E+00    1.6650E-02   -4.8973E-02    7.4344E-02   -2.4988E-02   -2.2625E-02   -1.5073E-02    1.3036E-02    3.8084E-01    1.2257E+00  
  2.0336E+00   -8.1321E-01    1.8013E+00    1.8710E-01   -2.1716E-01   -1.8522E-01   -6.9014E-02    5.2993E-02    1.7483E-01   -4.4805E-01   -1.4224E-02   -3.1359E-02   -6.8270E-02    6.3928E-03    2.6593E+00    1.0615E-02   -3.0288E-02    7.4716E-02   -2.6750E-02   -4.1682E-02   -3.0050E-02   -2.5699E-03    3.9592E-01    1.2017E+00  
  1.5857E+00   -1.0406E+00    1.4337E+00    1.9190E-01   -2.8149E-01   -1.6342E-01   -3.3385E-02    3.7822E-02    1.5330E-01   -3.2757E-01    1.3936E-02   -1.4152E-02   -6.5910E-02    5.0078E-03    2.6773E+00    1.1884E-02   -2.2797E-02    5.9795E-02   -2.7343E-02   -4.4046E-02   -3.6647E-02   -1.2544E-02    4.0835E-01    1.1901E+00  
  1.1720E+00   -1.1450E+00    1.1711E+00    1.7592E-01   -2.7197E-01   -7.6579E-02   -1.7913E-02    2.7490E-02    1.5034E-01   -2.2567E-01    3.6510E-02    6.1445E-04   -6.0240E-02    4.4416E-03    2.6960E+00    1.4644E-02   -1.7985E-02    4.0547E-02   -2.5606E-02   -3.6331E-02   -4.0035E-02   -1.8162E-02    4.1875E-01    1.1812E+00  
  8.4378E-01   -1.2180E+00    8.2261E-01    1.5187E-01   -2.0665E-01    2.9794E-02   -1.0592E-02    2.0121E-02    1.5694E-01   -1.3492E-01    5.1839E-02    1.3684E-02   -4.9456E-02    3.6569E-03    2.7096E+00    1.6978E-02   -1.1771E-02    2.2848E-02   -2.5751E-02   -2.5460E-02   -4.2245E-02   -2.2796E-02    4.2721E-01    1.1834E+00  
  6.3078E-01   -1.2637E+00    4.1793E-01    1.3323E-01   -1.0557E-01    1.2032E-01   -5.5740E-03    1.3720E-02    1.6931E-01   -5.3842E-02    5.9603E-02    2.2007E-02   -3.5468E-02    2.8370E-03    2.7176E+00    1.9235E-02   -6.9642E-03    8.1208E-03   -2.7415E-02   -1.2266E-02   -4.3582E-02   -2.3686E-02    4.3294E-01    1.1644E+00  
  5.5605E-01   -1.2834E+00   -8.9362E-03    1.2671E-01    7.5046E-03    1.7063E-01   -2.1299E-03    9.4156E-03    1.8387E-01    1.7407E-02    6.1131E-02    2.4057E-02   -1.9085E-02    2.0841E-03    2.7201E+00    2.1080E-02   -1.1460E-03   -4.0621E-03   -2.9920E-02    1.7233E-03   -4.4068E-02   -2.2138E-02    4.3544E-01    1.1742E+00  
  6.2528E-01   -1.2784E+00   -4.3425E-01    1.3438E-01    1.1020E-01    1.7384E-01    1.1434E-03    7.3248E-03    1.9784E-01    7.8690E-02    5.7624E-02    1.9568E-02   -6.1146E-04    1.4360E-03    2.7171E+00    2.1875E-02    6.7815E-03   -1.4072E-02   -3.3717E-02    1.5771E-02   -4.3431E-02   -1.9538E-02    4.3387E-01    1.1568E+00  
  8.3385E-01   -1.2476E+00   -8.3581E-01    1.5339E-01    1.8116E-01    1.3713E-01    7.4553E-03    7.9157E-03    2.0841E-01    1.2881E-01    4.9684E-02    9.2180E-03    1.7188E-02    9.4751E-04    2.7088E+00    2.1054E-02    1.3877E-02   -2.2166E-02   -3.6986E-02    2.9100E-02   -4.1839E-02   -1.7296E-02    4.2885E-01    1.1389E+00  
  1.1603E+00   -1.1887E+00   -1.1821E+00    1.7446E-01    1.9838E-01    8.2227E-02    2.1077E-02    1.2873E-02    2.1226E-01    1.6554E-01    3.7622E-02   -4.9372E-03    3.1465E-02    7.3803E-04    2.6954E+00    1.8557E-02    1.6161E-02   -2.8349E-02   -3.8879E-02    4.0136E-02   -3.9234E-02   -1.7259E-02    4.2048E-01    1.1337E+00  
  1.5738E+00   -1.0977E+00   -1.4425E+00    1.8682E-01    1.4113E-01    4.5970E-02    4.3683E-02    2.1624E-02    2.0495E-01    1.8648E-01    1.7799E-02   -2.1005E-02    4.0907E-02    1.1690E-03    2.6780E+00    1.4545E-02    1.4063E-02   -3.0659E-02   -3.8302E-02    4.7873E-02   -3.5085E-02   -1.6771E-02    4.0966E-01    1.1140E+00  
  2.0560E+00   -1.0473E+00   -1.3475E+00    1.6759E-01   -1.4998E-02    8.2906E-02    7.1706E-02    3.3183E-02    1.8415E-01    1.9523E-01   -1.8370E-02   -2.8933E-02    3.7003E-02    1.7127E-03    2.6650E+00    4.5961E-03   -2.8890E-03   -2.0066E-02   -2.8794E-02    4.4333E-02   -2.6514E-02   -2.2880E-02    3.9449E-01    1.0738E+00  
  2.5293E+00   -8.1554E-01   -1.2642E+00    7.8161E-02   -2.9931E-01    2.6521E-01    9.6861E-02    4.0711E-02    1.4751E-01    2.0432E-01   -8.1934E-02   -8.8604E-03    3.0527E-03    4.2119E-03    2.6714E+00   -1.8522E-02   -5.0787E-02    1.6595E-02   -7.1452E-03    2.1616E-02   -9.3832E-03   -3.9005E-02    3.7304E-01    1.0502E+00  
  2.7576E+00   -6.3979E-01   -1.2970E+00   -3.1913E-01   -9.3299E-01    8.6149E-01   -1.1119E-01   -5.5577E-02    1.7209E-01    4.2879E-01   -2.5191E-01    1.8012E-01   -1.9925E-01    1.0268E-02    2.8597E+00   -8.0247E-02   -1.9544E-01    1.8371E-01    6.9070E-02   -9.8348E-02    4.8656E-02   -4.0048E-02    3.2646E-01    1.0927E+00  
  4.8491E+00    6.8074E-01   -1.0365E+00    1.7956E+00   -1.0663E+00   -1.1903E+00   -2.1942E+00    1.0183E+00    6.3243E-01   -2.2073E+00    2.0467E-01   -9.6018E-01   -1.0643E+00   -8.3356E-02    3.2859E+00    6.7599E-02   -2.1301E-01   -5.7761E-01    2.2441E-01    1.4764E-01    8.1723E-02   -6.0346E-03    1.9167E-01    1.4458E+00  
  2.7486E+00   -6.7089E-01    1.6032E+00    1.0415E-01    1.7844E-01   -9.9152E-02   -1.8141E-01    1.2061E-01    2.0336E-01   -6.7063E-01   -7.2563E-02   -5.3170E-02   -7.9968E-02    1.0786E-02    2.6612E+00    3.6955E-03   -4.6006E-02    6.9729E-02   -4.3463E-04   -2.5376E-03   -7.6446E-03    8.3100E-03    3.6979E-01    1.2215E+00  
  2.3596E+00   -9.0106E-01    1.6419E+00    1.5694E-01   -5.8081E-02   -1.7394E-01   -9.3622E-02    8.4177E-02    1.6564E-01   -4.8112E-01   -3.9597E-02   -2.1855E-02   -7.4299E-02    9.4422E-03    2.6552E+00    1.9272E-03   -2.6031E-02    7.1441E-02   -1.2654E-02   -2.7424E-02   -2.6946E-02   -3.8240E-03    3.8519E-01    1.2000E+00  
  1.9721E+00   -1.0634E+00    1.4526E+00    1.8385E-01   -1.8726E-01   -1.3873E-01   -5.0000E-02    6.2754E-02    1.5790E-01   -3.3600E-01   -8.2723E-03   -7.2247E-04   -7.2790E-02    7.7365E-03    2.6661E+00    5.5216E-03   -1.6873E-02    5.8225E-02   -2.0776E-02   -3.4778E-02   -3.9526E-02   -1.3645E-02    3.9731E-01    1.1911E+00  
  1.5914E+00   -1.4069E+00    1.0671E+00    1.8846E-01   -2.1855E-01   -4.0626E-02   -2.9489E-02    4.9285E-02    1.6711E-01   -2.1783E-01    1.7704E-02    1.6696E-02   -6.8446E-02    5.5878E-03    2.6795E+00    1.1940E-02   -1.3064E-02    4.0092E-02   -2.7036E-02   -3.2397E-02   -4.7537E-02   -1.7884E-02    4.0784E-01    1.1872E+00  
  1.2988E+00   -1.5079E+00    7.5311E-01    1.7950E-01   -1.7304E-01    7.4262E-02   -1.9152E-02    3.8505E-02    1.8751E-01   -1.1847E-01    3.4703E-02    2.9235E-02   -5.5966E-02    4.0231E-03    2.6922E+00    1.6126E-02   -8.6848E-03    2.0187E-02   -3.1393E-02   -2.3230E-02   -5.0385E-02   -2.1386E-02    4.1568E-01    1.1751E+00  
  1.1072E+00   -1.5701E+00    3.8053E-01    1.6988E-01   -7.8104E-02    1.7291E-01   -1.2006E-02    2.9552E-02    2.1379E-01   -3.2384E-02    4.2916E-02    3.7317E-02   -3.8544E-02    2.7272E-03    2.6999E+00    1.9650E-02   -3.9115E-03    3.9107E-03   -3.6294E-02   -1.1459E-02   -5.2296E-02   -2.1976E-02    4.2097E-01    1.1731E+00  
  1.0379E+00   -1.5948E+00   -1.6309E-02    1.6733E-01    3.6082E-02    2.3157E-01   -6.1749E-03    2.2898E-02    2.4165E-01    3.9684E-02    4.3029E-02    3.9407E-02   -1.8367E-02    1.6602E-03    2.7019E+00    2.3838E-02    9.7316E-04   -8.6762E-03   -4.1893E-02    1.5468E-03   -5.3088E-02   -1.8925E-02    4.2314E-01    1.1713E+00  
  1.0971E+00   -1.5841E+00   -4.1147E-01    1.7304E-01    1.4019E-01    2.4334E-01    3.1415E-04    1.9609E-02    2.6835E-01    9.8079E-02    3.7453E-02    3.4971E-02    2.9473E-03    8.4899E-04    2.6989E+00    2.6685E-02    7.4341E-03   -1.8344E-02   -4.8004E-02    1.4670E-02   -5.2317E-02   -1.4719E-02    4.2223E-01    1.1484E+00  
  1.2809E+00   -1.5371E+00   -7.8091E-01    1.8322E-01    2.0576E-01    2.1526E-01    1.0639E-02    2.1175E-02    2.9181E-01    1.4169E-01    2.8024E-02    2.4519E-02    2.2936E-02    3.7519E-04    2.6905E+00    2.6316E-02    1.2442E-02   -2.5572E-02   -5.3579E-02    2.6801E-02   -5.0216E-02   -1.2051E-02    4.1785E-01    1.1369E+00  
  1.5693E+00   -1.4505E+00   -1.0909E+00    1.9033E-01    2.0347E-01    1.6936E-01    2.8573E-02    2.8845E-02    3.0954E-01    1.6713E-01    1.4160E-02    9.8098E-03    3.8688E-02    5.2831E-04    2.6776E+00    2.3924E-02    1.4247E-02   -2.9824E-02   -5.7121E-02    3.6696E-02   -4.6858E-02   -1.1055E-02    4.1040E-01    1.1167E+00  
  1.9225E+00   -1.5159E+00   -1.1496E+00    1.8193E-01    1.0561E-01    1.4438E-01    5.4181E-02    4.2494E-02    3.1838E-01    1.7590E-01   -9.0014E-03   -3.4872E-03    4.6645E-02    2.3660E-03    2.6657E+00    1.8692E-02    8.3994E-03   -2.3828E-02   -5.5851E-02    4.0261E-02   -3.7050E-02   -1.2230E-02    3.9943E-01    1.1145E+00  
  2.3438E+00   -1.3016E+00   -1.1421E+00    1.3235E-01   -1.2159E-01    1.9368E-01    8.3718E-02    5.8884E-02    3.1430E-01    1.7050E-01   -5.0681E-02   -6.7530E-03    3.4257E-02    7.0001E-03    2.6609E+00    4.4761E-03   -1.6469E-02   -1.3627E-03   -4.6550E-02    3.2571E-02   -2.0648E-02   -2.1733E-02    3.8403E-01    1.0747E+00  
  2.7533E+00   -1.0417E+00   -9.9914E-01    5.4803E-03   -5.1104E-01    3.9190E-01    1.0676E-01    7.2925E-02    2.9865E-01    1.6252E-01   -1.2035E-01    2.0382E-02   -1.1966E-02    1.1472E-02    2.6796E+00   -2.1451E-02   -7.1008E-02    4.7735E-02   -2.2549E-02    4.8842E-03    1.3773E-03   -3.5888E-02    3.6238E-01    1.0528E+00  
  1.1606E+00   -1.9222E+00   -3.2383E+00   -2.1970E+00   -2.8959E+00    2.2643E+00   -1.9065E+00   -8.5500E-01    6.0985E-01    1.5824E+00   -6.0915E-01    1.0142E+00   -1.1685E+00    1.4032E-01    3.3679E+00   -1.5302E-01   -3.6059E-01    7.8095E-01    2.2716E-01   -1.5186E-01    1.0274E-01   -3.0065E-02    1.6999E-01    1.3015E+00  
  2.4015E+00   -1.1005E+00    1.2623E+00    1.3531E-01    3.4691E-02   -1.8839E-01   -6.9880E-02    9.2602E-02    1.4814E-01   -3.3147E-01   -4.8499E-02    2.6970E-03   -5.9882E-02    1.2556E-02    2.6622E+00   -1.8810E-02   -2.5688E-03    4.8558E-02    1.5995E-03   -1.9050E-02   -3.0859E-02   -2.2190E-02    3.8230E-01    1.1496E+00  
  2.1026E+00   -1.3194E+00    9.6336E-01    1.6948E-01   -6.7409E-02   -7.8004E-02   -4.4014E-02    7.7145E-02    1.7194E-01   -1.9636E-01   -1.7335E-02    2.4614E-02   -6.3192E-02    6.5597E-03    2.6674E+00   -4.9908E-03   -2.4990E-03    3.0690E-02   -1.5856E-02   -2.4005E-02   -4.3517E-02   -2.3628E-02    3.9301E-01    1.1491E+00  
  1.8150E+00   -1.6560E+00    6.3952E-01    1.8204E-01   -7.1513E-02    4.6359E-02   -2.8940E-02    6.4135E-02    2.0936E-01   -8.5882E-02    2.9798E-03    3.9027E-02   -5.4373E-02    3.8287E-03    2.6755E+00    5.3336E-03   -1.0130E-03    1.1435E-02   -2.8490E-02   -1.9002E-02   -5.0108E-02   -2.3317E-02    4.0090E-01    1.1382E+00  
  1.6442E+00   -1.7590E+00    3.3096E-01    1.8714E-01   -1.3527E-02    1.5477E-01   -1.9747E-02    5.5395E-02    2.5151E-01    5.9886E-03    1.4520E-02    4.9615E-02   -3.9295E-02    1.2661E-03    2.6789E+00    1.5943E-02    2.3746E-04   -4.9168E-03   -4.1886E-02   -1.0781E-02   -5.5193E-02   -1.9260E-02    4.0711E-01    1.1578E+00  
  1.5829E+00   -1.7895E+00   -2.4236E-02    1.8939E-01    7.2670E-02    2.2262E-01   -1.0906E-02    4.8532E-02    2.9705E-01    7.9610E-02    1.5987E-02    5.2761E-02   -1.7856E-02    5.9168E-04    2.6793E+00    2.2725E-02    3.3601E-03   -1.6890E-02   -5.2610E-02    1.2311E-03   -5.7368E-02   -1.4983E-02    4.0992E-01    1.1674E+00  
  1.6313E+00   -1.7720E+00   -3.7710E-01    1.9243E-01    1.4937E-01    2.4395E-01    8.0394E-04    4.6380E-02    3.4267E-01    1.3537E-01    1.0736E-02    4.9194E-02    4.3375E-03    3.5241E-04    2.6765E+00    2.7601E-02    8.4197E-03   -2.5221E-02   -6.1429E-02    1.3469E-02   -5.6083E-02   -9.6098E-03    4.0905E-01    1.1559E+00  
  1.7810E+00   -1.7281E+00   -7.2180E-01    1.9430E-01    1.8236E-01    2.2644E-01    1.7755E-02    5.1993E-02    3.8717E-01    1.7191E-01    1.2806E-03    4.0493E-02    2.6908E-02   -3.3306E-04    2.6705E+00    3.1935E-02    1.3421E-02   -3.0138E-02   -6.7140E-02    2.3019E-02   -5.1728E-02   -3.5338E-03    4.0487E-01    1.1322E+00  
  1.9899E+00   -1.8128E+00   -9.2637E-01    1.8531E-01    1.3354E-01    1.9145E-01    4.0794E-02    6.4382E-02    4.2559E-01    1.8723E-01   -1.5129E-02    2.7025E-02    4.2903E-02    1.3569E-03    2.6609E+00    3.1577E-02    1.3406E-02   -2.8868E-02   -7.1611E-02    3.0350E-02   -4.4408E-02   -1.0376E-03    3.9814E-01    1.1256E+00  
  2.3030E+00   -1.6639E+00   -9.6202E-01    1.5408E-01   -2.9412E-02    1.7978E-01    7.2171E-02    8.5629E-02    4.5870E-01    1.8238E-01   -4.1756E-02    1.7625E-02    4.9234E-02    3.7489E-03    2.6560E+00    2.7450E-02    4.9218E-03   -1.4946E-02   -6.9251E-02    2.8414E-02   -2.9106E-02   -2.8072E-03    3.8756E-01    1.1334E+00  
  2.8172E+00   -9.8675E-01    9.6370E-01    1.0829E-02    4.1637E-01   -3.8633E-01   -8.8215E-02    1.1782E-01    1.3454E-01   -3.1511E-01   -1.1644E-01   -2.3744E-02   -1.4345E-02    1.6310E-02    2.6805E+00   -7.1479E-02    2.2802E-02    2.4408E-02    4.9103E-02    1.6352E-03   -3.1317E-03   -3.5681E-02    3.6236E-01    1.0800E+00  
  2.5799E+00   -1.2921E+00    7.3725E-01    8.1011E-02    2.1004E-01   -2.6069E-01   -5.5057E-02    1.0320E-01    1.7660E-01   -1.5931E-01   -7.9672E-02    4.5416E-03   -2.8756E-02    8.4418E-03    2.6742E+00   -5.1809E-02    2.0635E-02    8.8107E-03    2.0226E-02   -7.7669E-03   -2.0438E-02   -3.9386E-02    3.7287E-01    1.0641E+00  
  2.3723E+00   -1.5256E+00    3.3707E-01    1.3011E-01    1.1430E-01   -1.1992E-01   -3.8141E-02    9.7463E-02    2.2696E-01   -3.4604E-02   -4.8487E-02    2.9630E-02   -3.6688E-02    1.0497E-03    2.6689E+00   -2.5839E-02    1.4293E-02   -7.6073E-03   -8.9351E-03   -1.1525E-02   -3.3897E-02   -3.2244E-02    3.8284E-01    1.0622E+00  
  2.2169E+00   -1.7082E+00   -2.9885E-02    1.5768E-01    9.8868E-02    1.9037E-03   -2.5246E-02    9.3293E-02    2.8785E-01    6.6489E-02   -3.0311E-02    4.8114E-02   -2.9876E-02   -1.5883E-03    2.6646E+00   -2.8746E-03    1.0055E-02   -2.0915E-02   -3.3522E-02   -7.6443E-03   -4.4262E-02   -2.2391E-02    3.9064E-01    1.1097E+00  
  2.1379E+00   -1.8220E+00   -3.6068E-01    1.7038E-01    1.2110E-01    8.1398E-02   -1.1241E-02    9.0842E-02    3.5611E-01    1.4286E-01   -2.3751E-02    5.6587E-02   -1.2574E-02   -2.6504E-03    2.6623E+00    1.3549E-02    1.0080E-02   -3.1342E-02   -5.1154E-02   -4.1812E-05   -4.7815E-02   -1.2722E-02    3.9426E-01    1.1537E+00  
  2.1479E+00   -1.8729E+00   -6.2707E-01    1.7470E-01    1.3647E-01    1.1501E-01    6.3848E-03    9.4549E-02    4.2685E-01    1.9683E-01   -2.5437E-02    5.7893E-02    8.7370E-03   -2.6299E-03    2.6585E+00    2.6941E-02    1.3373E-02   -3.7200E-02   -6.4558E-02    8.4202E-03   -4.7121E-02   -2.6285E-03    3.9455E-01    1.1691E+00  
  2.2511E+00   -1.8640E+00   -7.9702E-01    1.7164E-01    1.0386E-01    1.1276E-01    3.1346E-02    1.0920E-01    5.0090E-01    2.2886E-01   -3.2856E-02    5.5954E-02    3.2185E-02   -1.1467E-03    2.6566E+00    4.0282E-02    1.8310E-02   -3.6072E-02   -7.1124E-02    1.5303E-02   -3.9099E-02    7.6406E-03    3.9070E-01    1.1801E+00  
  2.4380E+00   -1.7709E+00   -7.9950E-01    1.5376E-01   -1.7113E-02    9.6823E-02    6.5110E-02    1.3642E-01    5.7488E-01    2.3568E-01   -4.6281E-02    5.1488E-02    5.2911E-02    2.6574E-04    2.6568E+00    4.9803E-02    1.9241E-02   -2.6367E-02   -7.2048E-02    1.6345E-02   -2.5442E-02    1.4137E-02    3.8371E-01    1.1789E+00  
  2.6867E+00   -1.6009E+00   -7.6917E-01    9.8886E-02   -2.7428E-01    1.0432E-01    1.0440E-01    1.7117E-01    6.4233E-01    2.1871E-01   -7.6743E-02    4.8196E-02    5.4880E-02    5.5946E-03    2.6623E+00    4.6061E-02    6.0194E-03   -2.0496E-03   -6.9360E-02    1.0569E-02   -4.6180E-03    8.7733E-03    3.7330E-01    1.1716E+00  
  1.2262E+00   -3.2673E+00    1.8011E+00   -2.1484E+00    2.7772E+00   -2.3131E+00    7.9854E-01   -1.8595E+00    1.5741E+00   -6.8465E-01   -5.8115E-01   -1.0172E+00    1.1079E+00    1.1875E-01    3.4134E+00   -3.4033E-01    1.3909E-01   -2.3636E-01    7.7358E-01    1.0155E-01    1.7998E-01   -2.8290E-02    1.6781E-01    1.2517E+00  
  2.8144E+00   -1.3062E+00    5.9292E-01   -3.1026E-01    8.2836E-01   -8.5648E-01    3.3519E-02   -9.9676E-02    3.9010E-01   -1.8784E-01   -2.4660E-01   -1.8351E-01    1.6915E-01    7.3058E-03    2.8600E+00   -1.9379E-01    8.0995E-02   -7.0324E-02    1.8251E-01    4.3261E-02    9.9752E-02   -4.0244E-02    3.2931E-01    1.0698E+00  
  2.8421E+00   -1.2839E+00    1.0932E-01   -1.7924E-02    4.1213E-01   -5.0997E-01   -3.8188E-02    1.2823E-01    2.5500E-01    3.6093E-02   -1.3052E-01   -1.8550E-02    1.3270E-02   -5.1498E-03    2.6888E+00   -8.5829E-02    3.9999E-02   -4.2145E-02    3.8125E-02   -5.9969E-04    2.9813E-03   -4.2351E-02    3.6065E-01    1.0308E+00  
  2.7189E+00   -1.4962E+00   -2.0491E-01    4.3761E-02    2.7870E-01   -3.6816E-01   -2.0712E-02    1.3806E-01    3.3927E-01    1.4934E-01   -1.0105E-01    1.3268E-02    3.8784E-03   -1.0190E-02    2.6760E+00   -4.7683E-02    3.0869E-02   -5.1820E-02    2.8770E-03   -3.5950E-03   -8.1338E-03   -3.0288E-02    3.6937E-01    1.0770E+00  
  2.6518E+00   -1.6337E+00   -4.5805E-01    8.3856E-02    1.9407E-01   -2.6452E-01   -1.3207E-03    1.5519E-01    4.3362E-01    2.3665E-01   -8.1536E-02    4.0389E-02    9.8058E-03   -9.8840E-03    2.6667E+00   -9.1455E-03    2.6026E-02   -5.4942E-02   -2.5364E-02   -2.2540E-03   -1.4043E-02   -1.3782E-02    3.7514E-01    1.1304E+00  
  2.6525E+00   -1.6910E+00   -6.6014E-01    1.0570E-01    1.0978E-01   -2.0511E-01    2.5319E-02    1.8072E-01    5.3898E-01    2.9715E-01   -7.1812E-02    6.0484E-02    2.7508E-02   -6.9729E-03    2.6633E+00    2.5787E-02    2.6969E-02   -5.1878E-02   -4.3956E-02    8.4500E-04   -1.3601E-02    3.0832E-03    3.7645E-01    1.1796E+00  
  2.7255E+00   -1.6583E+00   -7.3532E-01    1.0702E-01   -2.3696E-02   -1.8248E-01    6.1244E-02    2.1647E-01    6.5236E-01    3.2782E-01   -7.2449E-02    7.2112E-02    5.0621E-02   -3.7256E-03    2.6646E+00    5.2441E-02    2.9540E-02   -4.2409E-02   -5.4913E-02    2.6323E-03   -5.6869E-03    1.5080E-02    3.7373E-01    1.2105E+00  
  3.0418E+00   -1.2316E+00   -4.9898E-01    2.7505E-01   -7.0955E-02    6.5127E-03    1.9675E-01    4.7827E-01    9.6866E-01    4.0643E-01   -1.2889E-02    2.0164E-01    1.9416E-01   -2.5595E-03    2.8214E+00    1.3616E-01    5.5715E-02    1.6754E-02    4.0835E-02   -3.4632E-02    8.8685E-02    1.1830E-02    3.5053E-01    1.2544E+00  
  4.8435E+00    1.1490E+00    5.8239E-01    1.7810E+00    1.0075E+00    1.2830E+00    9.7899E-01    2.1774E+00    2.2497E+00    7.0349E-01    1.8000E-01    9.6429E-01    1.0229E+00   -7.8004E-02    3.3576E+00    1.9392E-01    5.5471E-02    2.3364E-01    5.7715E-01   -8.8853E-02    1.7828E-01   -6.8711E-03    1.9127E-01    1.4040E+00  
