  2.9689E+00    1.1618E+00    5.6680E-01   -2.9341E-01   -1.5170E+00   -9.7458E-01   -5.7497E-02   -4.9353E-02    2.5543E+00    2.6532E-01   -2.0387E-01   -2.7331E-02   -6.4124E-02    4.2430E-02   -8.5331E-02    5.0658E-02    3.5799E-02   -2.1209E-02   -1.3168E-01   -6.0790E-02    6.5959E-02   -1.1753E-02    4.9111E-02    2.0015E-01  
  3.0812E+00    1.1054E+00    2.6809E-01    2.0753E-02   -8.4502E-01   -6.6733E-01   -1.2638E-01   -2.1351E-01    2.4150E+00    1.5542E-01   -1.1858E-01    4.9932E-02    6.3737E-02   -1.8570E-02    2.7690E-02    6.6754E-03    6.7754E-03    4.6804E-04   -1.9957E-01   -1.8152E-02    4.8103E-02   -3.5427E-03    4.8645E-02    2.2591E-01  
  2.8929E+00    1.3662E+00   -1.1186E-02    6.9732E-02   -6.2902E-01   -5.2706E-01   -9.0548E-02   -1.8409E-01    2.5215E+00    8.3007E-02   -9.6465E-02    5.6605E-02    6.1636E-02   -1.6069E-02    3.5710E-02    3.4565E-03    4.1182E-03    1.5382E-02   -2.2153E-01   -1.0531E-02    4.7802E-02   -5.9805E-03    4.8858E-02    2.2473E-01  
  2.7437E+00    1.5532E+00   -2.9595E-01    9.2051E-02   -5.0601E-01   -4.0278E-01   -6.2929E-02   -1.6373E-01    2.6297E+00    4.3055E-02   -8.4676E-02    5.7135E-02    5.1488E-02   -1.1407E-02    4.1481E-02    3.2180E-03    3.1255E-03    2.4889E-02   -2.4424E-01   -3.3550E-03    4.7556E-02   -9.0587E-03    4.9723E-02    2.5429E-01  
  2.6541E+00    1.6532E+00   -5.5737E-01    9.4326E-02   -4.2882E-01   -3.1553E-01   -4.0246E-02   -1.5310E-01    2.7334E+00    3.1671E-02   -8.2426E-02    5.0649E-02    3.8741E-02   -4.4768E-03    4.7477E-02    6.4778E-03    2.3408E-03    2.8649E-02   -2.6751E-01    2.9254E-03    4.5144E-02   -1.2392E-02    5.0215E-02    2.7208E-01  
  2.6300E+00    1.6730E+00   -7.8564E-01    7.8054E-02   -3.4890E-01   -2.7235E-01   -1.8519E-02   -1.5075E-01    2.8315E+00    4.7051E-02   -8.9842E-02    3.6732E-02    2.7897E-02    5.0322E-03    5.3510E-02    1.3630E-02    1.8413E-04    2.6273E-02   -2.9116E-01    7.3639E-03    4.1317E-02   -1.5946E-02    4.9681E-02    2.9433E-01  
  2.6712E+00    1.6131E+00   -9.2367E-01    3.9580E-02   -2.1678E-01   -2.6667E-01    5.8567E-03   -1.5600E-01    2.9229E+00    8.9368E-02   -1.0803E-01    1.5972E-02    2.4343E-02    1.7883E-02    5.8741E-02    2.5474E-02   -5.1292E-03    1.6667E-02   -3.1509E-01    9.5878E-03    3.7563E-02   -1.9959E-02    4.7505E-02    2.6549E-01  
  2.7619E+00    1.4713E+00   -9.2153E-01   -3.7067E-02    2.0450E-02   -2.8362E-01    3.2077E-02   -1.5921E-01    2.9978E+00    1.6181E-01   -1.4261E-01   -1.4533E-02    3.9623E-02    3.4302E-02    6.5731E-02    4.7193E-02   -1.7758E-02    5.1488E-04   -3.4285E-01    9.8054E-03    3.4033E-02   -2.4180E-02    4.3572E-02    2.2987E-01  
  3.0552E+00    1.0228E+00   -7.6785E-01   -6.9051E-02    2.2294E-01   -1.8339E-01    1.1356E-01   -2.4818E-01    3.2146E+00    2.6867E-01   -1.9939E-01   -1.7581E-02    2.7353E-02    3.4849E-03   -1.2538E-02    9.1314E-02   -4.8583E-02   -2.6493E-02   -3.3447E-01    4.7159E-02    5.1126E-02   -2.3526E-02    2.3234E-02    1.2381E-01  
  2.9020E+00    1.0744E+00    7.3196E-01    8.4374E-02   -6.8111E-01   -4.5026E-01   -1.3259E-01   -1.5905E-01    2.4606E+00    3.1758E-01   -9.1208E-02    5.1884E-02    7.5817E-02   -1.9567E-02    3.2409E-02   -1.6354E-03    5.2564E-03   -3.6118E-02   -2.0860E-01   -2.3004E-02    3.6588E-02   -4.6768E-03    4.7679E-02    2.2271E-01  
  2.6376E+00    1.3897E+00    5.3549E-01    1.4017E-01   -4.6204E-01   -3.2773E-01   -9.5654E-02   -1.2775E-01    2.5319E+00    2.3094E-01   -6.0334E-02    6.0455E-02    7.7781E-02   -1.7912E-02    3.4493E-02   -9.4421E-03    4.3678E-04   -1.7240E-02   -2.2346E-01   -1.8450E-02    4.1694E-02   -5.8772E-03    4.7883E-02    2.2563E-01  
  2.4066E+00    1.6187E+00    1.9012E-01    1.6788E-01   -3.6436E-01   -1.8412E-01   -6.9832E-02   -1.0590E-01    2.6068E+00    1.7257E-01   -4.0379E-02    6.7177E-02    6.8145E-02   -1.3298E-02    3.7551E-02   -1.3693E-02   -5.9364E-05   -4.9062E-03   -2.3948E-01   -1.2423E-02    4.4791E-02   -8.1303E-03    4.8804E-02    2.2073E-01  
  2.2347E+00    1.7716E+00   -1.6841E-01    1.7898E-01   -3.4861E-01   -5.4826E-02   -5.1186E-02   -9.2814E-02    2.6821E+00    1.3916E-01   -2.8897E-02    6.9276E-02    5.1655E-02   -6.5073E-03    4.0746E-02   -1.5648E-02    1.4739E-03    2.2695E-03   -2.5592E-01   -5.6666E-03    4.5753E-02   -1.0224E-02    5.0270E-02    2.1380E-01  
  2.1417E+00    1.8508E+00   -5.0462E-01    1.7975E-01   -3.7403E-01    3.6128E-02   -3.6101E-02   -8.7030E-02    2.7546E+00    1.2897E-01   -2.5425E-02    6.4957E-02    3.2085E-02    1.9515E-03    4.3577E-02   -1.5214E-02    3.7390E-03    4.6762E-03   -2.7185E-01    6.7376E-04    4.4674E-02   -1.1868E-02    5.1773E-02    2.5685E-01  
  2.1359E+00    1.8691E+00   -8.0037E-01    1.7196E-01   -3.9814E-01    8.1445E-02   -2.1168E-02   -8.7469E-02    2.8228E+00    1.4100E-01   -2.9990E-02    5.3289E-02    1.3253E-02    1.1603E-02    4.5881E-02   -1.1724E-02    5.5747E-03    2.4917E-03   -2.8714E-01    6.0614E-03    4.1895E-02   -1.3566E-02    5.2575E-02    2.6079E-01  
  2.2166E+00    1.8278E+00   -1.0187E+00    1.5222E-01   -3.7772E-01    8.7457E-02   -3.2652E-03   -9.3344E-02    2.8842E+00    1.7608E-01   -4.3830E-02    3.4254E-02   -3.3513E-04    2.2664E-02    4.8098E-02   -3.9148E-03    4.9868E-03   -4.7457E-03   -3.0228E-01    9.6215E-03    3.7663E-02   -1.6012E-02    5.1674E-02    2.7468E-01  
  2.3714E+00    1.7270E+00   -1.1028E+00    1.1269E-01   -2.7023E-01    7.5495E-02    2.0340E-02   -1.0422E-01    2.9348E+00    2.3456E-01   -6.8440E-02    1.0356E-02   -3.1738E-03    3.6243E-02    4.9425E-02    8.6309E-03   -3.3884E-04   -1.8617E-02   -3.1699E-01    1.0475E-02    3.3998E-02   -1.9407E-02    4.8637E-02    2.3075E-01  
  2.5815E+00    1.5637E+00   -1.1110E+00    4.2651E-02   -3.6776E-02    8.1483E-02    5.4387E-02   -1.2185E-01    2.9738E+00    3.1913E-01   -1.0488E-01   -1.3762E-02    7.9703E-03    5.1282E-02    4.7347E-02    2.4872E-02   -1.1746E-02   -3.9964E-02   -3.2894E-01    1.1099E-02    3.1854E-02   -2.2648E-02    4.5150E-02    2.0883E-01  
  2.4752E+00    1.1499E+00    1.0649E+00    1.6491E-01   -3.1574E-01   -3.1318E-01   -1.0127E-01   -9.3604E-02    2.5810E+00    3.4634E-01   -4.4844E-02    4.5822E-02    8.4512E-02   -2.4030E-02    3.3243E-02   -1.1735E-02   -2.5798E-03   -4.2377E-02   -2.3327E-01   -2.1846E-02    3.2615E-02   -7.5986E-03    4.8382E-02    2.1917E-01  
  2.1560E+00    1.4070E+00    7.9024E-01    1.9389E-01   -1.9312E-01   -1.8701E-01   -7.3446E-02   -7.1392E-02    2.6246E+00    2.7668E-01   -1.7649E-02    5.4576E-02    8.0570E-02   -1.9904E-02    3.4596E-02   -1.8208E-02   -5.0166E-03   -2.7407E-02   -2.4417E-01   -1.8179E-02    3.7726E-02   -9.2892E-03    4.8559E-02    2.1872E-01  
  1.8304E+00    1.6841E+00    5.5089E-01    2.0211E-01   -1.7468E-01   -4.0077E-02   -5.5440E-02   -5.6385E-02    2.6730E+00    2.2973E-01   -1.3292E-05    6.1639E-02    6.7343E-02   -1.3360E-02    3.6666E-02   -2.2198E-02   -3.6026E-03   -1.7903E-02   -2.5619E-01   -1.2772E-02    4.0949E-02   -1.1469E-02    4.9535E-02    2.1473E-01  
  1.6488E+00    1.7769E+00    2.5466E-01    2.0121E-01   -2.2733E-01    9.1654E-02   -4.3441E-02   -4.7496E-02    2.7231E+00    2.0292E-01    1.0288E-02    6.3924E-02    4.8149E-02   -4.8701E-03    3.8329E-02   -2.4155E-02   -4.0314E-05   -1.2440E-02   -2.6792E-01   -6.9045E-03    4.2579E-02   -1.3289E-02    5.1072E-02    2.0435E-01  
  1.5816E+00    1.8079E+00   -1.0113E-01    1.9844E-01   -3.1515E-01    1.8418E-01   -3.4149E-02   -4.4137E-02    2.7714E+00    1.9466E-01    1.3917E-02    5.9907E-02    2.6312E-02    4.6498E-03    3.9259E-02   -2.4272E-02    4.4177E-03   -1.0682E-02   -2.7856E-01   -9.1515E-04    4.2524E-02   -1.4367E-02    5.2764E-02    2.2525E-01  
  1.6238E+00    1.7909E+00   -4.5613E-01    1.9627E-01   -4.0239E-01    2.3035E-01   -2.4476E-02   -4.5499E-02    2.8158E+00    2.0412E-01    1.1062E-02    4.8974E-02    4.7093E-03    1.4624E-02    3.9498E-02   -2.2425E-02    8.8207E-03   -1.2512E-02   -2.8765E-01    4.8256E-03    4.0650E-02   -1.4787E-02    5.4100E-02    2.5889E-01  
  1.7630E+00    1.7416E+00   -8.2664E-01    1.9198E-01   -4.5277E-01    2.3685E-01   -1.1617E-02   -5.1098E-02    2.8537E+00    2.3204E-01    7.0175E-04    3.1379E-02   -1.3486E-02    2.5119E-02    3.9274E-02   -1.8097E-02    1.1756E-02   -1.8301E-02   -2.9544E-01    9.1810E-03    3.7192E-02   -1.5167E-02    5.4357E-02    2.6414E-01  
  1.9331E+00    1.7963E+00   -1.2007E+00    1.7846E-01   -4.3008E-01    2.2547E-01    7.4284E-03   -6.1458E-02    2.8822E+00    2.7923E-01   -1.8246E-02    9.5547E-03   -2.4784E-02    3.6134E-02    3.7682E-02   -1.1161E-02    1.1574E-02   -2.9062E-02   -3.0108E-01    1.1972E-02    3.3754E-02   -1.5592E-02    5.3255E-02    2.5059E-01  
  2.2147E+00    1.6867E+00   -1.2716E+00    1.4171E-01   -2.9908E-01    2.3112E-01    3.5615E-02   -7.5791E-02    2.8963E+00    3.4781E-01   -4.8728E-02   -1.3947E-02   -2.3438E-02    4.8809E-02    3.4962E-02    6.7654E-04    5.0166E-03   -4.5981E-02   -3.0570E-01    1.2180E-02    3.0854E-02   -1.7760E-02    4.9897E-02    2.5025E-01  
  3.0679E+00    3.2662E-01    1.3435E+00   -1.8062E-01   -1.1288E+00    2.7559E-03   -1.6388E-01   -8.4369E-02    2.7563E+00    5.9277E-01   -2.0752E-01    7.2250E-02   -3.0631E-02    1.7373E-02    3.4838E-02    3.1097E-02    8.6933E-02   -1.2523E-01   -2.5505E-01   -4.3460E-02   -2.3673E-03   -1.8476E-02    3.5503E-02    1.4762E-01  
  2.8297E+00    5.5025E-01    1.4882E+00    7.2950E-02   -5.5209E-01   -2.8197E-01   -1.6338E-01   -1.0217E-01    2.6646E+00    5.2543E-01   -9.8733E-02    3.0674E-02    5.7550E-02   -3.5223E-02    3.6863E-02    3.3173E-03    1.5973E-02   -8.5021E-02   -2.5138E-01   -1.8189E-02    1.7935E-02   -1.2182E-02    4.8300E-02    3.0020E-01  
  2.4454E+00    8.3336E-01    1.4904E+00    1.6250E-01   -2.4835E-01   -3.5932E-01   -1.1327E-01   -7.3781E-02    2.6601E+00    4.2805E-01   -4.6749E-02    2.5731E-02    7.7316E-02   -3.2522E-02    3.2144E-02   -8.3415E-03   -2.0963E-03   -6.1147E-02   -2.4940E-01   -2.0191E-02    2.2746E-02   -1.0017E-02    4.9678E-02    2.5306E-01  
  2.0463E+00    1.0755E+00    1.2995E+00    1.9881E-01   -7.9132E-02   -3.0224E-01   -7.9256E-02   -5.2149E-02    2.6720E+00    3.5343E-01   -1.0955E-02    3.1672E-02    8.1451E-02   -2.8882E-02    3.0927E-02   -1.6172E-02   -8.9308E-03   -4.3936E-02   -2.5412E-01   -1.9467E-02    2.8719E-02   -1.0884E-02    4.9852E-02    2.4366E-01  
  1.6122E+00    1.4306E+00    9.9163E-01    2.0359E-01   -2.2552E-02   -1.7439E-01   -5.8021E-02   -3.6659E-02    2.6949E+00    2.9952E-01    1.2833E-02    4.0434E-02    7.4465E-02   -2.3014E-02    3.1763E-02   -2.1097E-02   -9.3062E-03   -3.2489E-02   -2.6194E-01   -1.6225E-02    3.3641E-02   -1.3182E-02    5.0075E-02    2.0765E-01  
  1.3120E+00    1.5298E+00    6.7629E-01    1.9403E-01   -5.1169E-02   -2.5922E-02   -4.5543E-02   -2.6313E-02    2.7238E+00    2.6337E-01    2.8261E-02    4.7298E-02    6.0211E-02   -1.4967E-02    3.2966E-02   -2.4088E-02   -6.2274E-03   -2.5245E-02   -2.7056E-01   -1.1730E-02    3.6892E-02   -1.5621E-02    5.1019E-02    2.0408E-01  
  1.1137E+00    1.5898E+00    3.0272E-01    1.8232E-01   -1.3808E-01    1.0703E-01   -3.8420E-02   -2.0411E-02    2.7549E+00    2.4283E-01    3.7342E-02    4.9458E-02    4.1340E-02   -5.3527E-03    3.3758E-02   -2.5524E-02   -1.0718E-03   -2.1044E-02   -2.7891E-01   -6.6846E-03    3.8740E-02   -1.7410E-02    5.2256E-02    1.9515E-01  
  1.0384E+00    1.6131E+00   -9.5000E-02    1.7613E-01   -2.5353E-01    2.0034E-01   -3.3429E-02   -1.8331E-02    2.7846E+00    2.3652E-01    4.0680E-02    4.5326E-02    2.0530E-02    5.0376E-03    3.3905E-02   -2.5400E-02    4.9977E-03   -1.9799E-02   -2.8593E-01   -1.5509E-03    3.8948E-02   -1.8441E-02    5.3476E-02    2.0395E-01  
  1.0913E+00    1.6011E+00   -4.9197E-01    1.7808E-01   -3.6871E-01    2.4695E-01   -2.7700E-02   -1.9626E-02    2.8106E+00    2.4368E-01    3.8587E-02    3.4518E-02    9.1357E-05    1.5703E-02    3.3271E-02   -2.3926E-02    1.0832E-02   -2.1437E-02   -2.9091E-01    3.3916E-03    3.7614E-02   -1.8571E-02    5.4400E-02    2.3168E-01  
  1.2675E+00    1.5522E+00   -8.6312E-01    1.8602E-01   -4.5459E-01    2.5374E-01   -1.8688E-02   -2.4293E-02    2.8304E+00    2.6499E-01    3.0514E-02    1.7629E-02   -1.8175E-02    2.6182E-02    3.1783E-02   -2.1414E-02    1.5776E-02   -2.6041E-02   -2.9335E-01    7.8757E-03    3.4893E-02   -1.7607E-02    5.4974E-02    2.5390E-01  
  1.5466E+00    1.4640E+00   -1.1744E+00    1.9248E-01   -4.8119E-01    2.4242E-01   -3.7964E-03   -3.2489E-02    2.8406E+00    3.0168E-01    1.5324E-02   -3.6088E-03   -3.1848E-02    3.5996E-02    2.9400E-02   -1.7705E-02    1.8789E-02   -3.3941E-02   -2.9299E-01    1.1312E-02    3.1204E-02   -1.5773E-02    5.4899E-02    2.6211E-01  
  1.8414E+00    1.5916E+00   -1.4117E+00    1.8411E-01   -4.2037E-01    2.4853E-01    2.0078E-02   -4.4007E-02    2.8364E+00    3.5548E-01   -9.8641E-03   -2.6509E-02   -3.6797E-02    4.5853E-02    2.5962E-02   -1.0640E-02    1.6793E-02   -4.6305E-02   -2.9046E-01    1.2940E-02    2.7551E-02   -1.5090E-02    5.2840E-02    2.4572E-01  
  2.2388E+00    1.4612E+00   -1.4065E+00    1.4350E-01   -2.4453E-01    3.2145E-01    5.8114E-02   -5.9861E-02    2.8129E+00    4.2906E-01   -4.7149E-02   -4.5833E-02   -2.9465E-02    5.5811E-02    1.9932E-02   -9.3076E-05    7.5092E-03   -6.4643E-02   -2.8489E-01    1.3521E-02    2.5305E-02   -1.5716E-02    4.9493E-02    2.6127E-01  
  2.6400E+00    1.2540E+00   -1.2245E+00    5.1725E-02    6.7530E-02    5.1972E-01    1.1697E-01   -8.1061E-02    2.7641E+00    5.2580E-01   -9.8677E-02   -5.5106E-02   -7.2884E-03    6.4107E-02    1.0851E-02    1.3519E-02   -1.0036E-02   -8.8581E-02   -2.7526E-01    1.4081E-02    2.3265E-02   -1.6421E-02    4.6433E-02    2.7203E-01  
  2.9598E+00    9.6503E-01   -8.8189E-01   -1.6938E-01    5.5294E-01    9.8667E-01    1.4725E-01   -8.8455E-02    2.7446E+00    6.2522E-01   -1.9727E-01   -1.9896E-02    5.8573E-02    2.6135E-02   -3.1512E-02    5.3081E-02   -6.1141E-02   -1.2577E-01   -2.5353E-01    4.0981E-02    1.8348E-03   -1.7928E-02    3.6100E-02    1.5341E-01  
  2.9475E+00    2.7492E-01    1.5651E+00   -1.0830E-02   -5.9220E-01   -4.7478E-02   -1.9259E-01   -8.3203E-02    2.8090E+00    5.5709E-01   -1.3854E-01    4.3289E-02    2.3889E-02   -4.8319E-02    4.0752E-02    1.1455E-02    4.2021E-02   -9.9116E-02   -2.8861E-01   -1.2553E-02    1.2307E-02   -1.8736E-02    4.5208E-02    3.0914E-01  
  2.5573E+00    5.1199E-01    1.7590E+00    1.3083E-01   -2.6219E-01   -3.3691E-01   -1.3562E-01   -6.1006E-02    2.7630E+00    4.7041E-01   -6.7562E-02    1.4147E-02    5.5370E-02   -4.3823E-02    3.1668E-02   -1.7446E-03    7.2741E-03   -7.3287E-02   -2.7309E-01   -1.4290E-02    1.5795E-02   -1.4105E-02    4.8983E-02    3.0986E-01  
  2.1141E+00    7.1966E-01    1.7182E+00    1.9204E-01   -5.5894E-02   -4.1556E-01   -9.2890E-02   -4.1826E-02    2.7417E+00    3.9991E-01   -1.9490E-02    8.8930E-03    6.8320E-02   -3.8662E-02    2.6918E-02   -1.0588E-02   -9.1165E-03   -5.4863E-02   -2.6811E-01   -1.6847E-02    2.0036E-02   -1.2040E-02    5.1306E-02    2.5743E-01  
  1.6187E+00    1.0712E+00    1.3592E+00    2.0333E-01    4.6866E-02   -3.5829E-01   -6.4467E-02   -2.7259E-02    2.7377E+00    3.4531E-01    1.2778E-02    1.4996E-02    6.8844E-02   -3.3137E-02    2.5762E-02   -1.6125E-02   -1.3781E-02   -4.2313E-02   -2.7034E-01   -1.6456E-02    2.5368E-02   -1.3833E-02    5.1682E-02    2.4994E-01  
  1.1974E+00    1.1727E+00    1.0938E+00    1.8820E-01    6.3736E-02   -2.2970E-01   -4.7635E-02   -1.6932E-02    2.7457E+00    3.0578E-01    3.3918E-02    2.3761E-02    6.1169E-02   -2.5895E-02    2.6382E-02   -1.9447E-02   -1.2369E-02   -3.4389E-02   -2.7580E-01   -1.3634E-02    2.9858E-02   -1.6852E-02    5.1871E-02    2.2319E-01  
  8.6128E-01    1.2426E+00    7.4314E-01    1.6428E-01    1.5739E-02   -8.0543E-02   -3.9101E-02   -1.0245E-02    2.7607E+00    2.7962E-01    4.7758E-02    3.0531E-02    4.8456E-02   -1.6828E-02    2.6962E-02   -2.1641E-02   -8.1019E-03   -2.9092E-02   -2.8193E-01   -1.0055E-02    3.3237E-02   -1.9345E-02    5.2708E-02    1.9697E-01  
  6.4079E-01    1.2850E+00    3.3761E-01    1.4386E-01   -7.6795E-02    5.3077E-02   -3.5260E-02   -6.4444E-03    2.7783E+00    2.6477E-01    5.5968E-02    3.2794E-02    3.2295E-02   -6.4378E-03    2.7191E-02   -2.2562E-02   -1.5852E-03   -2.5961E-02   -2.8763E-01   -6.0643E-03    3.5208E-02   -2.1139E-02    5.3741E-02    1.9214E-01  
  5.5844E-01    1.3016E+00   -9.0166E-02    1.3527E-01   -1.9103E-01    1.4682E-01   -3.3039E-02   -4.9510E-03    2.7949E+00    2.6026E-01    5.8700E-02    2.8783E-02    1.4815E-02    4.6439E-03    2.6910E-02   -2.2577E-02    5.6516E-03   -2.5140E-02   -2.9201E-01   -1.9477E-03    3.5624E-02   -2.1704E-02    5.4627E-02    1.9486E-01  
  6.1976E-01    1.2934E+00   -5.1716E-01    1.4086E-01   -3.0506E-01    1.9363E-01   -3.0097E-02   -5.6279E-03    2.8078E+00    2.6549E-01    5.6574E-02    1.8093E-02   -2.2862E-03    1.5846E-02    2.5988E-02   -2.1578E-02    1.2694E-02   -2.6449E-02   -2.9418E-01    2.0249E-03    3.4378E-02   -2.1316E-02    5.4982E-02    2.1035E-01  
  8.2001E-01    1.2595E+00   -9.2043E-01    1.5796E-01   -3.9708E-01    2.0048E-01   -2.4024E-02   -8.7511E-03    2.8140E+00    2.8089E-01    4.9625E-02    1.2643E-03   -1.7510E-02    2.6587E-02    2.4417E-02   -1.9412E-02    1.8502E-02   -2.9746E-02   -2.9362E-01    5.5970E-03    3.1722E-02   -2.0386E-02    5.4796E-02    2.3530E-01  
  1.1370E+00    1.1979E+00   -1.2671E+00    1.7924E-01   -4.4382E-01    1.8926E-01   -1.2511E-02   -1.4445E-02    2.8103E+00    3.0756E-01    3.6433E-02   -1.9962E-02   -2.9528E-02    3.6234E-02    2.2118E-02   -1.6605E-02    2.2647E-02   -3.5360E-02   -2.8977E-01    8.6120E-03    2.7916E-02   -1.8290E-02    5.4226E-02    2.5522E-01  
  1.5408E+00    1.1045E+00   -1.5269E+00    1.9249E-01   -4.2494E-01    1.9597E-01    7.9820E-03   -2.3206E-02    2.7925E+00    3.4731E-01    1.5400E-02   -4.2874E-02   -3.6571E-02    4.4423E-02    1.8860E-02   -1.2959E-02    2.3924E-02   -4.3652E-02   -2.8216E-01    1.0888E-02    2.3579E-02   -1.5178E-02    5.3173E-02    2.6456E-01  
  1.9663E+00    1.2479E+00   -1.5444E+00    1.7957E-01   -3.1891E-01    2.7000E-01    4.2255E-02   -3.5123E-02    2.7544E+00    4.0200E-01   -1.6709E-02   -6.2664E-02   -3.5026E-02    5.1686E-02    1.3900E-02   -6.7608E-03    1.8885E-02   -5.6200E-02   -2.7114E-01    1.2050E-02    2.0064E-02   -1.3238E-02    5.0764E-02    2.3973E-01  
  2.4356E+00    1.1113E+00   -1.4273E+00    1.1985E-01   -1.0846E-01    4.7058E-01    9.6408E-02   -5.0559E-02    2.6894E+00    4.7311E-01   -6.2440E-02   -7.2656E-02   -2.1906E-02    5.7568E-02    6.0196E-03    2.3287E-03    5.5106E-03   -7.4078E-02   -2.5625E-01    1.2902E-02    1.8143E-02   -1.2494E-02    4.7838E-02    2.4501E-01  
  2.8700E+00    9.1051E-01   -1.0839E+00   -1.1460E-02    2.2452E-01    8.7069E-01    1.7537E-01   -6.9528E-02    2.5929E+00    5.6143E-01   -1.2598E-01   -6.3126E-02    6.1985E-03    5.7980E-02   -8.4494E-03    1.4027E-02   -1.7381E-02   -9.8297E-02   -2.3501E-01    1.6909E-02    1.4988E-02   -1.1427E-02    4.6475E-02    2.6635E-01  
  2.7798E+00    2.4781E-01    1.7682E+00    4.9146E-02   -2.9906E-01   -1.2009E-01   -1.7412E-01   -4.8838E-02    2.8873E+00    4.6712E-01   -1.1137E-01    2.5523E-02    2.4695E-02   -5.9853E-02    2.9104E-02    4.7393E-03    3.1331E-02   -7.4643E-02   -3.0635E-01   -8.7522E-03    1.3839E-02   -2.0085E-02    4.4657E-02    2.7941E-01  
  2.3382E+00    3.9271E-01    1.9348E+00    1.6239E-01   -9.2457E-02   -4.1014E-01   -1.1822E-01   -3.3439E-02    2.8300E+00    4.0853E-01   -4.6068E-02   -1.5728E-03    4.2603E-02   -5.0342E-02    2.3291E-02   -3.4857E-03    2.4620E-04   -5.8835E-02   -2.8836E-01   -1.0938E-02    1.4527E-02   -1.5101E-02    5.0047E-02    2.9198E-01  
  1.8404E+00    6.4961E-01    1.6643E+00    2.0133E-01    3.2869E-02   -4.8955E-01   -7.9644E-02   -2.1457E-02    2.7971E+00    3.6239E-01   -1.4300E-03   -6.2488E-03    4.9753E-02   -4.3099E-02    1.9948E-02   -9.0740E-03   -1.3816E-02   -4.6990E-02   -2.8140E-01   -1.2927E-02    1.7561E-02   -1.3898E-02    5.2902E-02    2.9725E-01  
  1.3272E+00    7.6392E-01    1.4563E+00    1.9410E-01    8.8370E-02   -4.3241E-01   -5.4864E-02   -1.2643E-02    2.7821E+00    3.2689E-01    2.8280E-02    1.6613E-04    4.8890E-02   -3.6453E-02    1.9019E-02   -1.2467E-02   -1.6590E-02   -3.8935E-02   -2.8212E-01   -1.2580E-02    2.2434E-02   -1.6554E-02    5.3184E-02    2.6008E-01  
  8.6965E-01    8.2867E-01    1.1631E+00    1.6458E-01    8.5919E-02   -3.0370E-01   -4.1162E-02   -6.5132E-03    2.7802E+00    3.0131E-01    4.7715E-02    8.7811E-03    4.2820E-02   -2.8336E-02    1.9179E-02   -1.4481E-02   -1.4444E-02   -3.3872E-02   -2.8588E-01   -1.0475E-02    2.6848E-02   -1.9618E-02    5.3495E-02    2.3363E-01  
  5.0638E-01    8.7324E-01    7.8840E-01    1.3004E-01    3.9687E-02   -1.5424E-01   -3.5142E-02   -2.5968E-03    2.7858E+00    2.8444E-01    6.0611E-02    1.5563E-02    3.3529E-02   -1.8635E-02    1.9267E-02   -1.5756E-02   -9.2463E-03   -3.0487E-02   -2.9008E-01   -7.9505E-03    3.0275E-02   -2.2195E-02    5.4205E-02    2.0767E-01  
  2.6897E-01    9.0011E-01    3.6117E-01    1.0343E-01   -3.6853E-02   -2.0320E-02   -3.3139E-02   -1.5007E-04    2.7943E+00    2.7493E-01    6.7830E-02    1.7995E-02    2.2161E-02   -7.6321E-03    1.9033E-02   -1.6677E-02   -2.1590E-03   -2.8475E-02   -2.9361E-01   -5.0871E-03    3.2349E-02   -2.3660E-02    5.4751E-02    1.9620E-01  
  1.8132E-01    9.1067E-01   -8.6800E-02    9.2972E-02   -1.2787E-01    7.3666E-02   -3.2527E-02    8.8150E-04    2.8022E+00    2.7202E-01    7.0240E-02    1.4126E-02    9.8363E-03    3.8923E-03    1.8448E-02   -1.6845E-02    5.8391E-03   -2.7906E-02   -2.9597E-01   -2.2050E-03    3.2851E-02   -2.4012E-02    5.5200E-02    1.9684E-01  
  2.4901E-01    9.0562E-01   -5.3395E-01    1.0115E-01   -2.1871E-01    1.2063E-01   -3.1404E-02    6.4650E-04    2.8064E+00    2.7537E-01    6.8205E-02    3.5769E-03   -2.4619E-03    1.5441E-02    1.7484E-02   -1.6334E-02    1.3805E-02   -2.8716E-02   -2.9638E-01    5.4706E-04    3.1743E-02   -2.3399E-02    5.5343E-02    1.9821E-01  
  4.6703E-01    8.8422E-01   -9.5865E-01    1.2548E-01   -2.9467E-01    1.2760E-01   -2.7560E-02   -9.3382E-04    2.8037E+00    2.8535E-01    6.1469E-02   -1.3110E-02   -1.3669E-02    2.6507E-02    1.6094E-02   -1.5203E-02    2.0835E-02   -3.0901E-02   -2.9417E-01    3.0509E-03    2.9140E-02   -2.1965E-02    5.5009E-02    2.1317E-01  
  8.1260E-01    8.4538E-01   -1.3294E+00    1.5753E-01   -3.4021E-01    1.1662E-01   -1.8375E-02   -4.4983E-03    2.7905E+00    3.0253E-01    4.9718E-02   -3.4337E-02   -2.2267E-02    3.6220E-02    1.4195E-02   -1.2969E-02    2.5564E-02   -3.4465E-02   -2.8827E-01    5.0831E-03    2.5319E-02   -2.0119E-02    5.3816E-02    2.3252E-01  
  1.2540E+00    7.8622E-01   -1.6169E+00    1.8557E-01   -3.4152E-01    1.2388E-01   -8.1999E-04   -1.0072E-02    2.7627E+00    3.2833E-01    3.0580E-02   -5.7489E-02   -2.7694E-02    4.4113E-02    1.1748E-02   -1.0326E-02    2.7794E-02   -3.9609E-02   -2.7814E-01    6.7012E-03    2.0637E-02   -1.6752E-02    5.2131E-02    2.4258E-01  
  1.7531E+00    7.3929E-01   -1.7625E+00    1.9203E-01   -2.8458E-01    1.9901E-01    3.0451E-02   -1.8022E-02    2.7143E+00    3.6433E-01    1.9292E-03   -7.7791E-02   -2.8207E-02    4.9836E-02    8.1094E-03   -6.9216E-03    2.5237E-02   -4.7095E-02   -2.6359E-01    7.9987E-03    1.6051E-02   -1.3055E-02    5.0160E-02    2.5014E-01  
  2.2701E+00    8.3629E-01   -1.5677E+00    1.5597E-01   -1.5740E-01    4.0113E-01    8.1837E-02   -2.8343E-02    2.6382E+00    4.1145E-01   -3.9092E-02   -8.9084E-02   -2.1619E-02    5.3310E-02    2.7412E-03   -1.8383E-03    1.5708E-02   -5.8119E-02   -2.4489E-01    8.9628E-03    1.2703E-02   -1.0139E-02    4.7797E-02    2.3195E-01  
  2.7614E+00    6.9736E-01   -1.2743E+00    5.5936E-02    5.0406E-02    7.9813E-01    1.6317E-01   -4.1892E-02    2.5248E+00    4.7236E-01   -9.5555E-02   -8.4650E-02   -6.4395E-03    5.3931E-02   -4.6472E-03    4.8725E-03   -1.8174E-03   -7.2765E-02   -2.2146E-01    9.6250E-03    1.0456E-02   -8.0284E-03    4.6162E-02    2.2789E-01  
  2.6695E+00    1.6065E-01    1.8907E+00    7.8065E-02   -1.0275E-01   -1.7349E-01   -1.6024E-01   -2.0642E-02    2.9326E+00    3.6904E-01   -9.7213E-02    1.5421E-02    1.2677E-02   -6.6472E-02    1.6961E-02    1.7862E-03    2.6835E-02   -5.1113E-02   -3.1778E-01   -6.2181E-03    1.4140E-02   -2.0974E-02    4.4160E-02    2.3152E-01  
  2.1970E+00    2.2896E-01    2.0335E+00    1.7735E-01   -5.1068E-03   -4.6639E-01   -1.0884E-01   -1.3597E-02    2.8694E+00    3.4155E-01   -3.3340E-02   -1.3043E-02    2.1849E-02   -5.4252E-02    1.3243E-02   -2.5166E-03   -4.5703E-03   -4.2967E-02   -2.9714E-01   -7.8954E-03    1.3492E-02   -1.5333E-02    5.1158E-02    2.5803E-01  
  1.6794E+00    3.5461E-01    1.7051E+00    2.0233E-01    5.1116E-02   -5.4619E-01   -7.2520E-02   -7.9250E-03    2.8294E+00    3.1934E-01    9.2062E-03   -1.6999E-02    2.5143E-02   -4.6067E-02    1.1542E-02   -5.2105E-03   -1.6863E-02   -3.7551E-02   -2.8934E-01   -8.6295E-03    1.5828E-02   -1.4914E-02    5.4141E-02    2.7550E-01  
  1.1392E+00    3.9764E-01    1.5127E+00    1.8352E-01    7.2173E-02   -4.8911E-01   -4.9610E-02   -3.8304E-03    2.8079E+00    3.0230E-01    3.7096E-02   -1.0095E-02    2.4412E-02   -3.8840E-02    1.0963E-02   -6.7117E-03   -1.8129E-02   -3.3984E-02   -2.8930E-01   -8.1723E-03    2.0396E-02   -1.8325E-02    5.4197E-02    2.6548E-01  
  6.5882E-01    4.2892E-01    1.2032E+00    1.4537E-01    6.4200E-02   -3.6047E-01   -3.7546E-02   -1.0378E-03    2.8002E+00    2.9017E-01    5.5331E-02   -1.5280E-03    2.1324E-02   -3.0286E-02    1.0719E-02   -7.6657E-03   -1.5704E-02   -3.1633E-02   -2.9191E-01   -6.9000E-03    2.4799E-02   -2.1038E-02    5.4536E-02    2.3682E-01  
  2.7842E-01    4.5031E-01    8.1454E-01    1.0448E-01    3.4094E-02   -2.1097E-01   -3.2813E-02    9.0475E-04    2.8003E+00    2.8226E-01    6.7339E-02    5.4243E-03    1.6794E-02   -2.0113E-02    1.0364E-02   -8.5632E-03   -1.0170E-02   -3.0153E-02   -2.9476E-01   -5.4219E-03    2.8315E-02   -2.3327E-02    5.4943E-02    2.0801E-01  
  3.0579E-02    4.6328E-01    3.7485E-01    7.3809E-02   -1.1189E-02   -7.6860E-02   -3.1920E-02    2.0157E-03    2.8037E+00    2.7778E-01    7.4301E-02    7.8559E-03    1.1087E-02   -8.8304E-03    9.8150E-03   -8.9867E-03   -2.5349E-03   -2.9258E-02   -2.9713E-01   -3.8605E-03    3.0478E-02   -2.4906E-02    5.5347E-02    1.9268E-01  
 -6.0315E-02    4.6841E-01   -8.4744E-02    6.2034E-02   -6.3737E-02    1.7288E-02   -3.2240E-02    2.4723E-03    2.8066E+00    2.7643E-01    7.6697E-02    3.9714E-03    4.8774E-03    2.9729E-03    9.0630E-03   -9.0734E-03    5.9927E-03   -2.9006E-02   -2.9838E-01   -2.3286E-03    3.1099E-02   -2.5408E-02    5.5590E-02    1.9519E-01  
  1.1420E-02    4.6604E-01   -5.4351E-01    7.1647E-02   -1.1619E-01    6.4384E-02   -3.2024E-02    2.3662E-03    2.8058E+00    2.7803E-01    7.4893E-02   -6.5970E-03   -1.3303E-03    1.4760E-02    8.1173E-03   -8.8120E-03    1.4470E-02   -2.9383E-02   -2.9764E-01   -9.2353E-04    3.0073E-02   -2.4945E-02    5.5510E-02    1.9874E-01  
  2.4069E-01    4.5585E-01   -9.8070E-01    1.0014E-01   -1.6123E-01    7.1519E-02   -2.9226E-02    1.6640E-03    2.7979E+00    2.8272E-01    6.8666E-02   -2.3294E-02   -7.0165E-03    2.5954E-02    6.9631E-03   -8.1780E-03    2.1980E-02   -3.0403E-02   -2.9429E-01    2.7892E-04    2.7541E-02   -2.3643E-02    5.4895E-02    1.9569E-01  
  6.0385E-01    4.3713E-01   -1.3653E+00    1.3928E-01   -1.9082E-01    6.0675E-02   -2.1621E-02    2.3848E-04    2.7794E+00    2.9088E-01    5.7202E-02   -4.4402E-02   -1.1559E-02    3.5862E-02    5.6097E-03   -7.3042E-03    2.7483E-02   -3.2103E-02   -2.8746E-01    1.2324E-03    2.3706E-02   -2.1341E-02    5.3682E-02    2.0786E-01  
  1.0687E+00    4.0874E-01   -1.6690E+00    1.7658E-01   -1.9833E-01    6.8360E-02   -5.9871E-03   -2.4235E-03    2.7457E+00    3.0308E-01    3.8913E-02   -6.7591E-02   -1.4154E-02    4.3708E-02    4.0348E-03   -5.7631E-03    3.0267E-02   -3.4300E-02   -2.7609E-01    1.9205E-03    1.8994E-02   -1.7728E-02    5.1531E-02    2.0531E-01  
  1.5965E+00    3.6843E-01   -1.8544E+00    1.9465E-01   -1.7672E-01    1.4412E-01    2.3422E-02   -6.3736E-03    2.6909E+00    3.2045E-01    1.2055E-02   -8.8324E-02   -1.4558E-02    4.8935E-02    2.0931E-03   -4.0929E-03    2.8688E-02   -3.7370E-02   -2.5993E-01    2.3212E-03    1.3801E-02   -1.3338E-02    4.9211E-02    1.9842E-01  
  2.1627E+00    4.6194E-01   -1.6536E+00    1.7246E-01   -1.1969E-01    3.4743E-01    7.2926E-02   -1.1362E-02    2.6081E+00    3.4310E-01   -2.6247E-02   -1.0034E-01   -1.1573E-02    5.1193E-02   -9.2940E-04   -1.7992E-03    2.1171E-02   -4.2470E-02   -2.3906E-01    2.9595E-03    9.4740E-03   -9.2269E-03    4.7022E-02    2.0477E-01  
  2.6868E+00    3.9654E-01   -1.3899E+00    8.8808E-02   -2.2034E-02    7.4590E-01    1.5253E-01   -1.7871E-02    2.4869E+00    3.7239E-01   -7.9336E-02   -9.7433E-02   -4.3137E-03    5.0538E-02   -4.9624E-03    1.3714E-03    6.4209E-03   -4.9542E-02   -2.1355E-01    3.5248E-03    6.6991E-03   -5.8682E-03    4.5612E-02    2.1083E-01  
  2.6346E+00    4.7344E-02    1.9226E+00    8.7363E-02    4.5073E-02   -1.8917E-01   -1.5623E-01    3.0786E-03    2.9474E+00    2.7004E-01   -9.2402E-02    1.1285E-02   -3.7619E-03   -6.9244E-02    3.4553E-03    1.2012E-04    2.5025E-02   -2.6754E-02   -3.2150E-01   -4.4347E-03    1.4159E-02   -2.1128E-02    4.4026E-02    2.0368E-01  
  2.1515E+00    4.2937E-02    2.0590E+00    1.8174E-01    3.9387E-02   -4.8284E-01   -1.0598E-01    2.6605E-03    2.8823E+00    2.7208E-01   -2.9170E-02   -1.7525E-02   -3.0661E-03   -5.5988E-02    3.1186E-03   -5.2028E-06   -6.2498E-03   -2.7078E-02   -2.9995E-01   -4.2708E-03    1.2726E-02   -1.5327E-02    5.1552E-02    2.4736E-01  
  1.6251E+00    6.6229E-03    1.7293E+00    2.0200E-01    3.3284E-02   -5.6275E-01   -7.0410E-02    2.4474E-03    2.8400E+00    2.7368E-01    1.2712E-02   -2.1188E-02   -2.4613E-03   -4.7564E-02    2.7488E-03   -8.3810E-05   -1.7924E-02   -2.7621E-02   -2.9189E-01   -3.9230E-03    1.4925E-02   -1.5252E-02    5.4590E-02    2.7211E-01  
  1.0755E+00    6.2533E-03    1.5309E+00    1.7931E-01    2.6874E-02   -5.0566E-01   -4.8042E-02    2.3485E-03    2.8163E+00    2.7494E-01    3.9919E-02   -1.4026E-02   -1.8875E-03   -4.0268E-02    2.2979E-03   -1.5941E-04   -1.8627E-02   -2.8221E-02   -2.9167E-01   -3.4455E-03    1.9500E-02   -1.8898E-02    5.4484E-02    3.0268E-01  
  5.8724E-01    5.9654E-03    1.2160E+00    1.3834E-01    2.0351E-02   -3.7702E-01   -3.6353E-02    2.2807E-03    2.8067E+00    2.7592E-01    5.7598E-02   -5.4874E-03   -1.3454E-03   -3.1540E-02    1.6982E-03   -2.4960E-04   -1.6330E-02   -2.8695E-02   -2.9387E-01   -3.0166E-03    2.3963E-02   -2.1353E-02    5.4801E-02    2.6944E-01  
  2.0112E-01    5.7715E-03    8.2291E-01    9.5171E-02    1.3743E-02   -2.2750E-01   -3.2126E-02    2.2124E-03    2.8050E+00    2.7661E-01    6.9492E-02    1.5140E-03   -9.0081E-04   -2.1291E-02    9.5999E-04   -3.0281E-04   -1.0501E-02   -2.8985E-02   -2.9631E-01   -2.6640E-03    2.7523E-02   -2.3709E-02    5.5184E-02    2.3735E-01  
 -5.0264E-02    5.6534E-03    3.7923E-01    6.3142E-02    7.0248E-03   -9.3337E-02   -3.1561E-02    2.1748E-03    2.8068E+00    2.7704E-01    7.6328E-02    3.9367E-03   -4.8324E-04   -9.8896E-03    1.3292E-04   -3.5024E-04   -2.6871E-03   -2.9156E-02   -2.9833E-01   -2.4267E-03    2.9781E-02   -2.5303E-02    5.5533E-02    2.0537E-01  
 -1.4225E-01    5.6157E-03   -8.4079E-02    5.0912E-02    3.1171E-04    8.7369E-04   -3.2186E-02    2.1687E-03    2.8081E+00    2.7719E-01    7.8740E-02    4.9343E-05   -7.9377E-05    2.0044E-03   -7.3672E-04   -3.7563E-04    6.0100E-03   -2.9215E-02   -2.9918E-01   -2.3128E-03    3.0475E-02   -2.5863E-02    5.5728E-02    1.8946E-01  
 -6.9138E-02    5.6550E-03   -5.4654E-01    6.0990E-02   -6.4055E-03    4.8021E-02   -3.2200E-02    2.1841E-03    2.8056E+00    2.7707E-01    7.7044E-02   -1.0524E-02    3.1785E-04    1.3868E-02   -1.6171E-03   -3.7679E-04    1.4692E-02   -2.9163E-02   -2.9808E-01   -2.3368E-03    2.9575E-02   -2.5483E-02    5.5556E-02    1.9173E-01  
  1.6391E-01    5.7744E-03   -9.8771E-01    9.0892E-02   -1.3133E-02    5.5187E-02   -2.9716E-02    2.2308E-03    2.7961E+00    2.7667E-01    7.0942E-02   -2.7234E-02    7.2086E-04    2.5155E-02   -2.4719E-03   -3.5089E-04    2.2397E-02   -2.8998E-02   -2.9431E-01   -2.4831E-03    2.7125E-02   -2.4230E-02    5.4866E-02    1.9398E-01  
  5.3310E-01    5.9706E-03   -1.3768E+00    1.3231E-01   -1.9754E-02    4.4415E-02   -2.2499E-02    2.3081E-03    2.7758E+00    2.7601E-01    5.9729E-02   -4.8344E-02    1.1457E-03    3.5081E-02   -3.2549E-03   -3.0922E-04    2.8021E-02   -2.8713E-02   -2.8711E-01   -2.7417E-03    2.3385E-02   -2.1945E-02    5.3513E-02    1.8985E-01  
  1.0058E+00    6.2594E-03   -1.6857E+00    1.7293E-01   -2.6294E-02    5.2230E-02   -7.6554E-03    2.3799E-03    2.7403E+00    2.7505E-01    4.1441E-02   -7.1590E-02    1.6627E-03    4.2996E-02   -3.9198E-03   -2.1899E-04    3.1275E-02   -2.8240E-02   -2.7538E-01   -3.0739E-03    1.8688E-02   -1.8004E-02    5.1342E-02    1.7567E-01  
  1.5431E+00    6.6269E-03   -1.8773E+00    1.9480E-01   -3.2725E-02    1.2819E-01    2.1080E-02    2.4771E-03    2.6834E+00    2.7382E-01    1.5033E-02   -9.2361E-02    2.2154E-03    4.8206E-02   -4.4591E-03   -1.3718E-04    2.9809E-02   -2.7634E-02   -2.5877E-01   -3.4546E-03    1.3530E-02   -1.3562E-02    4.8774E-02    1.8885E-01  
  2.1284E+00    4.2727E-02   -1.6820E+00    1.7727E-01   -3.8852E-02    3.3184E-01    7.0113E-02    2.6885E-03    2.5983E+00    2.7222E-01   -2.2228E-02   -1.0464E-01    2.8079E-03    5.0065E-02   -4.9401E-03   -5.1163E-05    2.2929E-02   -2.7084E-02   -2.3725E-01   -3.7096E-03    8.6637E-03   -8.9282E-03    4.6565E-02    1.9828E-01  
  2.6642E+00    4.7415E-02   -1.4294E+00    9.9199E-02   -4.4555E-02    7.3060E-01    1.4941E-01    3.1033E-03    2.4743E+00    2.7017E-01   -7.4051E-02   -1.0241E-01    3.5092E-03    4.9133E-02   -5.4291E-03    7.9549E-05    9.2501E-03   -2.6746E-02   -2.1121E-01   -3.7684E-03    5.6599E-03   -5.0681E-03    4.5174E-02    2.0475E-01  
  2.6793E+00   -6.7903E-02    1.8812E+00    7.9382E-02    1.9265E-01   -1.6034E-01   -1.6148E-01    2.6891E-02    2.9329E+00    1.7057E-01   -9.6715E-02    1.3729E-02   -2.0347E-02   -6.8128E-02   -1.0027E-02   -1.4741E-03    2.5972E-02   -2.3950E-03   -3.1761E-01   -2.4743E-03    1.3623E-02   -2.0463E-02    4.4393E-02    2.3864E-01  
  2.2056E+00   -1.4661E-01    2.0239E+00    1.7808E-01    8.3750E-02   -4.5272E-01   -1.0940E-01    1.8939E-02    2.8696E+00    2.0223E-01   -3.3191E-02   -1.4388E-02   -2.8045E-02   -5.5989E-02   -7.0231E-03    2.4979E-03   -4.9435E-03   -1.1118E-02   -2.9710E-01   -4.3788E-04    1.2852E-02   -1.5089E-02    5.1119E-02    2.5733E-01  
  1.6812E+00   -3.4142E-01    1.7042E+00    2.0284E-01    1.5377E-02   -5.3226E-01   -7.2773E-02    1.2793E-02    2.8295E+00    2.2767E-01    9.1620E-03   -1.8237E-02   -3.0099E-02   -4.7860E-02   -6.0765E-03    5.0136E-03   -1.7065E-02   -1.7551E-02   -2.8937E-01    9.8560E-04    1.5147E-02   -1.4834E-02    5.3942E-02    2.7700E-01  
  1.1408E+00   -3.8518E-01    1.5120E+00    1.8393E-01   -1.8467E-02   -4.7505E-01   -4.9749E-02    8.4715E-03    2.8080E+00    2.4723E-01    3.6988E-02   -1.1317E-02   -2.8236E-02   -4.0701E-02   -6.4140E-03    6.3836E-03   -1.8332E-02   -2.2285E-02   -2.8938E-01    1.4489E-03    1.9804E-02   -1.8273E-02    5.3990E-02    2.6850E-01  
  6.6023E-01   -4.1703E-01    1.2027E+00    1.4561E-01   -2.3527E-02   -3.4633E-01   -3.7679E-02    5.5506E-03    2.8003E+00    2.6133E-01    5.5294E-02   -2.7186E-03   -2.4067E-02   -3.2195E-02   -7.3640E-03    7.1567E-03   -1.5865E-02   -2.5579E-02   -2.9200E-01    1.0348E-03    2.4317E-02   -2.1068E-02    5.4421E-02    2.3987E-01  
  2.7974E-01   -4.3882E-01    8.1422E-01    1.0461E-01   -6.6308E-03   -1.9679E-01   -3.2922E-02    3.4896E-03    2.8003E+00    2.7063E-01    6.7342E-02    4.2711E-03   -1.8614E-02   -2.2044E-02   -8.4669E-03    7.9390E-03   -1.0277E-02   -2.7669E-02   -2.9483E-01    2.4780E-04    2.7987E-02   -2.3379E-02    5.4840E-02    2.1100E-01  
  3.1836E-02   -4.5203E-01    3.7469E-01    7.3894E-02    2.5227E-02   -6.2639E-02   -3.1964E-02    2.3002E-03    2.8038E+00    2.7597E-01    7.4294E-02    6.7042E-03   -1.2066E-02   -1.0769E-02   -9.5593E-03    8.2736E-03   -2.6072E-03   -2.8910E-02   -2.9718E-01   -8.4213E-04    3.0328E-02   -2.4907E-02    5.5287E-02    1.9346E-01  
 -5.9082E-02   -4.5723E-01   -8.4741E-02    6.2099E-02    6.4360E-02    3.1523E-02   -3.2230E-02    1.8243E-03    2.8066E+00    2.7762E-01    7.6676E-02    2.8180E-03   -5.0459E-03    1.0443E-03   -1.0537E-02    8.3124E-03    5.9690E-03   -2.9282E-02   -2.9840E-01   -2.1568E-03    3.1145E-02   -2.5380E-02    5.5561E-02    1.9628E-01  
  1.2676E-02   -4.5478E-01   -5.4335E-01    7.1718E-02    1.0339E-01    7.8612E-02   -3.1961E-02    1.9657E-03    2.8058E+00    2.7579E-01    7.4874E-02   -7.7553E-03    1.9621E-03    1.2854E-02   -1.1340E-02    8.0527E-03    1.4498E-02   -2.8798E-02   -2.9764E-01   -3.6099E-03    3.0322E-02   -2.4922E-02    5.5493E-02    1.9571E-01  
  2.4201E-01   -4.4435E-01   -9.8038E-01    1.0024E-01    1.3499E-01    8.5717E-02   -2.9102E-02    2.7613E-03    2.7979E+00    2.7030E-01    6.8643E-02   -2.4464E-02    8.4620E-03    2.4092E-02   -1.1882E-02    7.4699E-03    2.2051E-02   -2.7448E-02   -2.9426E-01   -5.1101E-03    2.7985E-02   -2.3658E-02    5.4873E-02    1.9654E-01  
  6.0526E-01   -4.2524E-01   -1.3648E+00    1.3948E-01    1.5134E-01    7.4831E-02   -2.1480E-02    4.3186E-03    2.7794E+00    2.6080E-01    5.7129E-02   -4.5618E-02    1.3890E-02    3.4056E-02   -1.2073E-02    6.6923E-03    2.7627E-02   -2.5150E-02   -2.8740E-01   -6.5737E-03    2.4331E-02   -2.1328E-02    5.3598E-02    1.9032E-01  
  1.0702E+00   -3.9627E-01   -1.6684E+00    1.7694E-01    1.4578E-01    8.2445E-02   -5.8519E-03    7.1152E-03    2.7457E+00    2.4670E-01    3.8765E-02   -6.8849E-02    1.7523E-02    4.1984E-02   -1.1819E-02    5.3347E-03    3.0475E-02   -2.2011E-02   -2.7602E-01   -7.9328E-03    1.9765E-02   -1.7639E-02    5.1421E-02    1.8684E-01  
  1.5982E+00   -3.5523E-01   -1.8536E+00    1.9512E-01    1.1134E-01    1.5807E-01    2.3662E-02    1.1289E-02    2.6908E+00    2.2684E-01    1.1962E-02   -8.9612E-02    1.9022E-02    4.7318E-02   -1.0966E-02    3.8065E-03    2.8912E-02   -1.7767E-02   -2.5989E-01   -9.0659E-03    1.4702E-02   -1.3218E-02    4.8992E-02    1.8899E-01  
  2.1713E+00   -3.8050E-01   -1.6431E+00    1.7317E-01    4.2111E-02    3.6113E-01    7.3469E-02    1.6735E-02    2.6079E+00    2.0098E-01   -2.6148E-02   -1.0175E-01    1.7250E-02    4.9674E-02   -8.9077E-03    1.7060E-03    2.1573E-02   -1.1629E-02   -2.3908E-01   -1.0210E-02    1.0385E-02   -8.9293E-03    4.6792E-02    1.9925E-01  
  2.6966E+00   -3.0411E-01   -1.3801E+00    9.0124E-02   -6.6854E-02    7.5905E-01    1.5375E-01    2.4139E-02    2.4865E+00    1.6750E-01   -7.8888E-02   -9.9223E-02    1.1467E-02    4.9181E-02   -5.8637E-03   -1.1165E-03    7.3185E-03   -3.9464E-03   -2.1370E-01   -1.0946E-02    7.5607E-03   -5.2947E-03    4.5489E-02    2.0459E-01  
  2.7991E+00   -1.6508E-01    1.7506E+00    5.1932E-02    3.8816E-01   -9.3817E-02   -1.7675E-01    5.5372E-02    2.8878E+00    7.1015E-02   -1.1030E-01    2.2128E-02   -3.2873E-02   -6.3202E-02   -2.2140E-02   -4.1817E-03    2.9517E-02    2.1109E-02   -3.0613E-01    5.5158E-04    1.2855E-02   -1.8998E-02    4.5088E-02    2.8916E-01  
  2.3547E+00   -3.2310E-01    1.9146E+00    1.6398E-01    1.7063E-01   -3.8286E-01   -1.1952E-01    3.8874E-02    2.8303E+00    1.3398E-01   -4.5672E-02   -4.3750E-03   -4.9063E-02   -5.3769E-02   -1.7056E-02    3.5448E-03   -6.7103E-04    4.8890E-03   -2.8831E-01    3.2323E-03    1.3336E-02   -1.4465E-02    5.0069E-02    2.8632E-01  
  1.8456E+00   -6.2939E-01    1.6601E+00    2.0235E-01    3.3359E-02   -4.6173E-01   -8.0264E-02    2.6276E-02    2.7973E+00    1.8353E-01   -1.4449E-03   -8.7807E-03   -5.4834E-02   -4.6632E-02   -1.4559E-02    8.8313E-03   -1.4262E-02   -7.7535E-03   -2.8149E-01    5.8676E-03    1.6293E-02   -1.3640E-02    5.2586E-02    2.9860E-01  
  1.3302E+00   -7.5161E-01    1.4549E+00    1.9485E-01   -3.4806E-02   -4.0429E-01   -5.5182E-02    1.7148E-02    2.7823E+00    2.2165E-01    2.8096E-02   -2.2850E-03   -5.2814E-02   -4.0089E-02   -1.4605E-02    1.2070E-02   -1.6944E-02   -1.6826E-02   -2.8228E-01    6.3521E-03    2.1263E-02   -1.6454E-02    5.2800E-02    2.5397E-01  
  8.7241E-01   -8.1694E-01    1.1621E+00    1.6509E-01   -4.5327E-02   -2.7542E-01   -4.1414E-02    1.0867E-02    2.7803E+00    2.4918E-01    4.7582E-02    6.3869E-03   -4.5701E-02   -3.2054E-02   -1.5937E-02    1.3961E-02   -1.4782E-02   -2.2834E-02   -2.8603E-01    5.0780E-03    2.5902E-02   -1.9583E-02    5.3229E-02    2.2589E-01  
  5.0899E-01   -8.6192E-01    7.8776E-01    1.3029E-01   -1.2299E-02   -1.2587E-01   -3.5367E-02    6.8686E-03    2.7859E+00    2.6746E-01    6.0608E-02    1.3243E-02   -3.5413E-02   -2.2410E-02   -1.7443E-02    1.5076E-02   -9.4342E-03   -2.6900E-02   -2.9021E-01    3.2232E-03    2.9619E-02   -2.2248E-02    5.4033E-02    1.9891E-01  
  2.7144E-01   -8.8903E-01    3.6086E-01    1.0359E-01    5.0861E-02    8.1282E-03   -3.3234E-02    4.3324E-03    2.7944E+00    2.7783E-01    6.7804E-02    1.5682E-02   -2.3179E-02   -1.1416E-02   -1.8813E-02    1.5930E-02   -2.2978E-03   -2.9273E-02   -2.9370E-01    8.0998E-04    3.2048E-02   -2.3624E-02    5.4663E-02    1.9606E-01  
  1.8374E-01   -8.9967E-01   -8.6794E-02    9.3097E-02    1.2849E-01    1.0214E-01   -3.2509E-02    3.2784E-03    2.8023E+00    2.8105E-01    7.0201E-02    1.1808E-02   -1.0031E-02    1.2254E-04   -1.9923E-02    1.6064E-02    5.7976E-03   -2.9962E-02   -2.9601E-01   -1.8728E-03    3.2934E-02   -2.3930E-02    5.5177E-02    1.9773E-01  
  2.5148E-01   -8.9453E-01   -5.3362E-01    1.0129E-01    2.0594E-01    1.4909E-01   -3.1275E-02    3.5454E-03    2.8064E+00    2.7746E-01    6.8158E-02    1.2490E-03    3.0847E-03    1.1720E-02   -2.0669E-02    1.5562E-02    1.3868E-02   -2.9050E-02   -2.9637E-01   -4.6858E-03    3.2222E-02   -2.3332E-02    5.5352E-02    1.9617E-01  
  4.6963E-01   -8.7290E-01   -9.5801E-01    1.2568E-01    2.6850E-01    1.5600E-01   -2.7310E-02    5.2192E-03    2.8037E+00    2.6670E-01    6.1424E-02   -1.5462E-02    1.5133E-02    2.2860E-02   -2.0932E-02    1.4476E-02    2.0966E-02   -2.6525E-02   -2.9411E-01   -7.4924E-03    3.0009E-02   -2.1968E-02    5.4999E-02    1.9371E-01  
  8.1535E-01   -8.3363E-01   -1.3284E+00    1.5796E-01    3.0082E-01    1.4493E-01   -1.8114E-02    8.8649E-03    2.7905E+00    2.4816E-01    4.9523E-02   -3.6781E-02    2.4701E-02    3.2699E-02   -2.0532E-02    1.2398E-02    2.5881E-02   -2.2294E-02   -2.8817E-01   -1.0034E-02    2.6535E-02   -2.0027E-02    5.3737E-02    2.1198E-01  
  1.2571E+00   -7.7390E-01   -1.6156E+00    1.8623E-01    2.8912E-01    1.5204E-01   -5.1335E-04    1.4589E-02    2.7626E+00    2.2047E-01    3.0323E-02   -6.0009E-02    3.1144E-02    4.0741E-02   -1.9373E-02    9.8869E-03    2.8160E-02   -1.6214E-02   -2.7801E-01   -1.2314E-02    2.2151E-02   -1.6598E-02    5.1915E-02    2.2155E-01  
  1.7582E+00   -7.1923E-01   -1.7581E+00    1.9297E-01    2.1946E-01    2.2688E-01    3.1038E-02    2.2843E-02    2.7141E+00    1.8190E-01    1.8366E-03   -8.0412E-02    3.2796E-02    4.6630E-02   -1.6861E-02    6.6437E-03    2.5715E-02   -7.7045E-03   -2.6351E-01   -1.4268E-02    1.7747E-02   -1.2743E-02    4.9831E-02    2.2725E-01  
  2.2864E+00   -7.6758E-01   -1.5466E+00    1.5750E-01    8.0278E-02    4.2845E-01    8.3092E-02    3.3765E-02    2.6378E+00    1.3141E-01   -3.8768E-02   -9.2003E-02    2.7573E-02    5.0288E-02   -1.2518E-02    1.8784E-03    1.6685E-02    4.1407E-03   -2.4490E-01   -1.5717E-02    1.4417E-02   -9.4311E-03    4.7559E-02    2.1368E-01  
  2.7806E+00   -6.1508E-01   -1.2563E+00    5.8740E-02   -1.3851E-01    8.2442E-01    1.6579E-01    4.8408E-02    2.5241E+00    6.6108E-02   -9.4533E-02   -8.8236E-02    1.4122E-02    5.1121E-02   -6.0806E-03   -4.2904E-03    1.2794E-04    1.9218E-02   -2.2161E-01   -1.6731E-02    1.2073E-02   -6.8282E-03    4.6196E-02    2.1189E-01  
  2.9756E+00   -2.0947E-01    1.5347E+00   -5.4848E-03    6.7967E-01   -9.1270E-03   -1.9777E-01    9.0464E-02    2.8102E+00   -2.1582E-02   -1.3633E-01    3.7548E-02   -3.3370E-02   -5.2732E-02   -3.3666E-02   -1.0127E-02    3.8532E-02    4.5285E-02   -2.8823E-01    5.2209E-03    1.0343E-02   -1.6996E-02    4.5902E-02    3.1291E-01  
  2.5804E+00   -4.6092E-01    1.7227E+00    1.3347E-01    3.3945E-01   -2.9636E-01   -1.3796E-01    6.6661E-02    2.7633E+00    6.9963E-02   -6.6736E-02    9.8475E-03   -6.2402E-02   -4.8906E-02   -2.5476E-02    2.1035E-03    5.6234E-03    1.9553E-02   -2.7319E-01    7.4350E-03    1.4222E-02   -1.2951E-02    4.9089E-02    3.0890E-01  
  2.1331E+00   -6.8394E-01    1.6822E+00    1.9352E-01    1.2166E-01   -3.7410E-01   -9.3987E-02    4.6598E-02    2.7420E+00    1.4422E-01   -1.9363E-02    5.0795E-03   -7.3611E-02   -4.3789E-02   -2.1728E-02    1.0361E-02   -9.8349E-03    7.0407E-04   -2.6835E-01    1.0585E-02    1.8273E-02   -1.1552E-02    5.0882E-02    2.6400E-01  
  1.6232E+00   -1.0591E+00    1.3572E+00    2.0431E-01    6.4363E-03   -3.1637E-01   -6.5028E-02    3.1598E-02    2.7380E+00    2.0155E-01    1.2608E-02    1.1302E-02   -7.2885E-02   -3.8350E-02   -2.1564E-02    1.5613E-02   -1.4226E-02   -1.2669E-02   -2.7060E-01    1.0987E-02    2.3683E-02   -1.3675E-02    5.1157E-02    2.3732E-01  
  1.2014E+00   -1.1612E+00    1.0923E+00    1.8887E-01   -2.3318E-02   -1.8753E-01   -4.8024E-02    2.1080E-02    2.7460E+00    2.4305E-01    3.3758E-02    2.0128E-02   -6.4192E-02   -3.1220E-02   -2.3323E-02    1.8838E-02   -1.2807E-02   -2.1498E-02   -2.7603E-01    8.9681E-03    2.8476E-02   -1.6768E-02    5.1536E-02    2.1115E-01  
  8.6503E-01   -1.2316E+00    7.4216E-01    1.6466E-01    1.1554E-02   -3.8213E-02   -3.9395E-02    1.4297E-02    2.7609E+00    2.7063E-01    4.7679E-02    2.6979E-02   -5.0479E-02   -2.2232E-02   -2.5266E-02    2.0924E-02   -8.4121E-03   -2.7504E-02   -2.8211E-01    6.0202E-03    3.2279E-02   -1.9312E-02    5.2532E-02    1.9028E-01  
  6.4437E-01   -1.2742E+00    3.3714E-01    1.4405E-01    9.0739E-02    9.5507E-02   -3.5420E-02    1.0428E-02    2.7785E+00    2.8636E-01    5.5933E-02    2.9280E-02   -3.3374E-02   -1.1880E-02   -2.7038E-02    2.1770E-02   -1.7455E-03   -3.1056E-02   -2.8777E-01    2.4517E-03    3.4752E-02   -2.1092E-02    5.3727E-02    1.9123E-01  
  5.6195E-01   -1.2909E+00   -9.0156E-02    1.3540E-01    1.9165E-01    1.8929E-01   -3.3020E-02    8.8922E-03    2.7951E+00    2.9119E-01    5.8646E-02    2.5270E-02   -1.5049E-02   -7.7571E-04   -2.8387E-02    2.1789E-02    5.6036E-03   -3.2012E-02   -2.9208E-01   -1.4990E-03    3.5722E-02   -2.1603E-02    5.4683E-02    1.9553E-01  
  6.2334E-01   -1.2826E+00   -5.1668E-01    1.4100E-01    2.9236E-01    2.3608E-01   -2.9902E-02    9.6040E-03    2.8079E+00    2.8573E-01    5.6516E-02    1.4558E-02    2.8924E-03    1.0489E-02   -2.9107E-02    2.0793E-02    1.2769E-02   -3.0595E-02   -2.9417E-01   -5.5455E-03    3.5050E-02   -2.1246E-02    5.5057E-02    2.0166E-01  
  8.2376E-01   -1.2485E+00   -9.1944E-01    1.5825E-01    3.7101E-01    2.4285E-01   -2.3708E-02    1.2783E-02    2.8140E+00    2.6952E-01    4.9499E-02   -2.3292E-03    1.9051E-02    2.1358E-02   -2.9117E-02    1.8710E-02    1.8757E-02   -2.6903E-02   -2.9355E-01   -9.4365E-03    3.2952E-02   -2.0319E-02    5.4868E-02    2.2156E-01  
  1.1410E+00   -1.1864E+00   -1.2656E+00    1.7980E-01    4.0460E-01    2.3148E-01   -1.2120E-02    1.8561E-02    2.8102E+00    2.4150E-01    3.6202E-02   -2.3661E-02    3.2057E-02    3.1176E-02   -2.8252E-02    1.6017E-02    2.3066E-02   -2.0602E-02   -2.8964E-01   -1.2957E-02    2.9659E-02   -1.8174E-02    5.4159E-02    2.3450E-01  
  1.5453E+00   -1.0925E+00   -1.5249E+00    1.9336E-01    3.7279E-01    2.3795E-01    8.5205E-03    2.7502E-02    2.7924E+00    1.9984E-01    1.5151E-02   -4.6659E-02    4.0120E-02    3.9562E-02   -2.6234E-02    1.2476E-02    2.4388E-02   -1.1420E-02   -2.8196E-01   -1.5896E-02    2.5736E-02   -1.4979E-02    5.2930E-02    2.4364E-01  
  1.9850E+00   -1.2130E+00   -1.5075E+00    1.8096E-01    2.5425E-01    3.1154E-01    4.3306E-02    3.9846E-02    2.7542E+00    1.4247E-01   -1.6662E-02   -6.6587E-02    3.9834E-02    4.6989E-02   -2.2389E-02    6.5775E-03    1.9654E-02    1.9426E-03   -2.7090E-01   -1.7713E-02    2.2412E-02   -1.2699E-02    5.0584E-02    2.4323E-01  
  2.4585E+00   -1.0608E+00   -1.3901E+00    1.2242E-01    3.2260E-02    5.1122E-01    9.8696E-02    5.6161E-02    2.6891E+00    6.7633E-02   -6.1687E-02   -7.7096E-02    2.8468E-02    5.3000E-02   -1.5647E-02   -1.9073E-03    7.2620E-03    2.0243E-02   -2.5608E-01   -1.9048E-02    2.0407E-02   -1.1277E-02    4.7968E-02    2.5303E-01  
  2.8978E+00   -8.4557E-01   -1.0520E+00   -6.1364E-03   -3.1104E-01    9.0930E-01    1.8046E-01    7.6742E-02    2.5918E+00   -2.5412E-02   -1.2377E-01   -6.9011E-02    2.8594E-03    5.4092E-02   -1.9746E-03   -1.2588E-02   -1.3653E-02    4.4371E-02   -2.3522E-01   -2.3698E-02    1.7761E-02   -9.5828E-03    4.7017E-02    2.6400E-01  
  3.0484E+00   -3.1994E-01    1.3716E+00   -2.0696E-01    1.2680E+00    8.7498E-02   -1.4050E-01    7.5853E-02    2.7549E+00   -1.6901E-02   -2.0873E-01    7.5693E-02    3.5881E-02    2.2272E-02   -4.9353E-02   -2.9830E-02    8.3771E-02    7.9047E-02   -2.5619E-01    3.2095E-02   -1.2999E-02   -1.7376E-02    3.7550E-02    1.5361E-01  
  2.8576E+00   -5.1933E-01    1.4436E+00    7.6895E-02    6.2791E-01   -2.2836E-01   -1.6703E-01    1.0822E-01    2.6646E+00    1.2065E-02   -9.7345E-02    2.5025E-02   -6.5493E-02   -4.1847E-02   -3.0981E-02   -2.3520E-03    1.3480E-02    3.1641E-02   -2.5188E-01    1.2209E-02    1.5937E-02   -1.0517E-02    4.8402E-02    2.9325E-01  
  2.4676E+00   -8.1279E-01    1.4443E+00    1.6462E-01    3.1325E-01   -3.0454E-01   -1.1513E-01    7.8600E-02    2.6602E+00    1.1344E-01   -4.6296E-02    2.0599E-02   -8.3133E-02   -3.9149E-02   -2.7199E-02    8.4115E-03   -3.3136E-03    7.5892E-03   -2.4990E-01    1.4866E-02    2.0695E-02   -9.1454E-03    4.9264E-02    2.4299E-01  
  2.0632E+00   -1.0704E+00    1.2526E+00    2.0003E-01    1.3194E-01   -2.4680E-01   -8.0233E-02    5.6337E-02    2.6723E+00    1.9102E-01   -1.0942E-02    2.6705E-02   -8.5774E-02   -3.5490E-02   -2.7001E-02    1.5734E-02   -9.5961E-03   -1.0147E-02   -2.5454E-01    1.4917E-02    2.6668E-02   -1.0541E-02    4.9301E-02    2.2899E-01  
  1.6174E+00   -1.4195E+00    9.8963E-01    2.0431E-01    6.2701E-02   -1.1857E-01   -5.8594E-02    4.0554E-02    2.6952E+00    2.4701E-01    1.2714E-02    3.5530E-02   -7.7644E-02   -2.9674E-02   -2.8961E-02    2.0427E-02   -9.7910E-03   -2.2307E-02   -2.6224E-01    1.2456E-02    3.1870E-02   -1.3085E-02    4.9723E-02    2.0807E-01  
  1.3168E+00   -1.5191E+00    6.7498E-01    1.9439E-01    7.8303E-02    3.0128E-02   -4.5920E-02    3.0095E-02    2.7241E+00    2.8459E-01    2.8192E-02    4.2444E-02   -6.2381E-02   -2.1723E-02   -3.1444E-02    2.3304E-02   -6.6011E-03   -3.0231E-02   -2.7078E-01    8.5635E-03    3.5643E-02   -1.5605E-02    5.0921E-02    2.0365E-01  
  1.1183E+00   -1.5795E+00    3.0208E-01    1.8243E-01    1.5196E-01    1.6322E-01   -3.8618E-02    2.4158E-02    2.7551E+00    3.0601E-01    3.7342E-02    4.4644E-02   -4.2540E-02   -1.2161E-02   -3.3699E-02    2.4658E-02   -1.2833E-03   -3.4875E-02   -2.7906E-01    3.8892E-03    3.8122E-02   -1.7435E-02    5.2358E-02    1.9159E-01  
  1.0429E+00   -1.6029E+00   -9.4986E-02    1.7613E-01    2.5415E-01    2.5659E-01   -3.3416E-02    2.2069E-02    2.7848E+00    3.1265E-01    4.0711E-02    4.0510E-02   -2.0808E-02   -1.7564E-03   -3.5388E-02    2.4499E-02    4.9576E-03   -3.6271E-02   -2.8601E-01   -1.1116E-03    3.9032E-02   -1.8478E-02    5.3720E-02    2.1660E-01  
  1.0958E+00   -1.5907E+00   -4.9131E-01    1.7815E-01    3.5607E-01    3.0317E-01   -2.7480E-02    2.3351E-02    2.8107E+00    3.0525E-01    3.8557E-02    2.9688E-02    5.5342E-04    8.9915E-03   -3.6305E-02    2.3085E-02    1.0975E-02   -3.4511E-02   -2.9092E-01   -6.1566E-03    3.8428E-02   -1.8584E-02    5.4702E-02    2.3427E-01  
  1.2723E+00   -1.5415E+00   -8.6179E-01    1.8631E-01    4.2868E-01    3.0984E-01   -1.8301E-02    2.8034E-02    2.8304E+00    2.8315E-01    3.0382E-02    1.2744E-02    1.9797E-02    1.9625E-02   -3.6304E-02    2.0669E-02    1.6109E-02   -2.9494E-02   -2.9328E-01   -1.0967E-02    3.6421E-02   -1.7567E-02    5.5206E-02    2.3997E-01  
  1.5518E+00   -1.4529E+00   -1.1724E+00    1.9310E-01    4.4223E-01    2.9830E-01   -3.2432E-03    3.6316E-02    2.8405E+00    2.4512E-01    1.5116E-02   -8.5696E-03    3.4483E-02    2.9640E-02   -3.5256E-02    1.7080E-02    1.9262E-02   -2.0942E-02   -2.9282E-01   -1.4926E-02    3.3375E-02   -1.5655E-02    5.4966E-02    2.5565E-01  
  1.8579E+00   -1.5875E+00   -1.3654E+00    1.8523E-01    3.6871E-01    3.0403E-01    2.1010E-02    4.8094E-02    2.8363E+00    1.8928E-01   -9.9482E-03   -3.1570E-02    4.0593E-02    3.9645E-02   -3.3040E-02    1.0243E-02    1.7479E-02   -7.9083E-03   -2.9017E-01   -1.7225E-02    3.0113E-02   -1.4730E-02    5.2894E-02    2.5410E-01  
  2.2605E+00   -1.4414E+00   -1.3594E+00    1.4550E-01    1.8073E-01    3.7633E-01    5.9913E-02    6.4562E-02    2.8128E+00    1.1278E-01   -4.6790E-02   -5.1081E-02    3.4790E-02    4.9654E-02   -2.8126E-02    2.0835E-04    8.7706E-03    1.0908E-02   -2.8444E-01   -1.8492E-02    2.7961E-02   -1.4844E-02    4.9806E-02    2.6817E-01  
  2.6676E+00   -1.2236E+00   -1.1789E+00    5.5506E-02   -1.4234E-01    5.7342E-01    1.2052E-01    8.6927E-02    2.7640E+00    1.2071E-02   -9.7405E-02   -6.0918E-02    1.4705E-02    5.8050E-02   -2.0106E-02   -1.2571E-02   -7.5175E-03    3.4996E-02   -2.7479E-01   -1.9612E-02    2.5951E-02   -1.4810E-02    4.7110E-02    2.7932E-01  
  2.9505E+00   -9.5246E-01   -8.9479E-01   -1.9058E-01   -6.8164E-01    1.0640E+00    1.2842E-01    8.1837E-02    2.7442E+00   -5.7150E-02   -1.9795E-01   -1.8395E-02   -6.2482E-02    3.0341E-02    3.8192E-02   -5.1672E-02   -5.7740E-02    7.8712E-02   -2.5289E-01   -5.0816E-02    1.1747E-02   -1.6927E-02    3.8667E-02    1.6837E-01  
  2.4920E+00   -1.1587E+00    1.0091E+00    1.6639E-01    3.6780E-01   -2.4459E-01   -1.0283E-01    9.7541E-02    2.5811E+00    1.9490E-01   -4.4668E-02    3.9599E-02   -8.9231E-02   -3.1885E-02   -2.9656E-02    1.1479E-02   -3.5054E-03   -1.0819E-02   -2.3389E-01    1.8127E-02    3.0387E-02   -7.1257E-03    4.7904E-02    2.2008E-01  
  2.1670E+00   -1.4261E+00    7.3731E-01    1.9460E-01    2.3287E-01   -1.1794E-01   -7.4295E-02    7.4857E-02    2.6249E+00    2.6679E-01   -1.7773E-02    4.8377E-02   -8.3937E-02   -2.7718E-02   -3.2031E-02    1.7528E-02   -5.5574E-03   -2.6283E-02   -2.4454E-01    1.5266E-02    3.5776E-02   -9.2124E-03    4.8285E-02    2.1820E-01  
  1.8360E+00   -1.6797E+00    5.4295E-01    2.0239E-01    2.0160E-01    2.9331E-02   -5.5933E-02    5.9686E-02    2.6734E+00    3.1524E-01   -1.7498E-04    5.5481E-02   -6.9642E-02   -2.1215E-02   -3.5310E-02    2.1369E-02   -3.9817E-03   -3.6336E-02   -2.5639E-01    1.0480E-02    3.9524E-02   -1.1536E-02    4.9602E-02    2.1090E-01  
  1.6540E+00   -1.7671E+00    2.5386E-01    2.0122E-01    2.4112E-01    1.6127E-01   -4.3670E-02    5.0756E-02    2.7234E+00    3.4297E-01    1.0178E-02    5.7821E-02   -4.9442E-02   -1.2746E-02   -3.8351E-02    2.3291E-02   -2.4812E-04   -4.2184E-02   -2.6803E-01    4.9798E-03    4.1841E-02   -1.3400E-02    5.1428E-02    2.1102E-01  
  1.5868E+00   -1.7981E+00   -1.0111E-01    1.9836E-01    3.1578E-01    2.5389E-01   -3.4150E-02    4.7399E-02    2.7716E+00    3.5158E-01    1.3858E-02    5.3835E-02   -2.6631E-02   -3.2058E-03   -4.0746E-02    2.3426E-02    4.3938E-03   -4.4082E-02   -2.7865E-01   -9.2296E-04    4.2556E-02   -1.4471E-02    5.3288E-02    2.4272E-01  
  1.6291E+00   -1.7811E+00   -4.5530E-01    1.9626E-01    3.8985E-01    3.0001E-01   -2.4247E-02    4.8724E-02    2.8159E+00    3.4187E-01    1.0934E-02    4.2872E-02   -4.0394E-03    6.8553E-03   -4.2450E-02    2.1602E-02    8.9854E-03   -4.2148E-02   -2.8772E-01   -6.7911E-03    4.1490E-02   -1.4882E-02    5.4619E-02    2.6087E-01  
  1.7685E+00   -1.7374E+00   -8.1904E-01    1.9218E-01    4.2705E-01    3.0632E-01   -1.1150E-02    5.4310E-02    2.8537E+00    3.1314E-01    4.8801E-04    2.5206E-02    1.5166E-02    1.7496E-02   -4.3627E-02    1.7305E-02    1.2087E-02   -3.6000E-02   -2.9544E-01   -1.1507E-02    3.8826E-02   -1.5228E-02    5.4715E-02    2.4522E-01  
  1.9436E+00   -1.8166E+00   -1.1480E+00    1.7908E-01    3.9151E-01    2.9462E-01    8.2274E-03    6.4792E-02    2.8821E+00    2.6453E-01   -1.8441E-02    3.3109E-03    2.7559E-02    2.8657E-02   -4.3304E-02    1.0513E-02    1.2096E-02   -2.4739E-02   -3.0093E-01   -1.4876E-02    3.6036E-02   -1.5485E-02    5.3522E-02    2.3949E-01  
  2.2310E+00   -1.6967E+00   -1.2158E+00    1.4308E-01    2.4813E-01    2.9977E-01    3.7095E-02    7.9542E-02    2.8963E+00    1.9377E-01   -4.8658E-02   -2.0270E-02    2.7576E-02    4.1390E-02   -4.1726E-02   -9.3036E-04    5.9503E-03   -7.3992E-03   -3.0531E-01   -1.5796E-02    3.3502E-02   -1.7259E-02    5.0339E-02    2.6642E-01  
  2.9168E+00   -1.1019E+00    6.6700E-01    8.5883E-02    7.3226E-01   -3.6939E-01   -1.3484E-01    1.6227E-01    2.4607E+00    2.1957E-01   -9.1089E-02    4.4279E-02   -8.0823E-02   -2.8464E-02   -2.9111E-02    1.2491E-03    4.1760E-03   -1.6475E-02   -2.0928E-01    1.9927E-02    3.4390E-02   -4.3612E-03    4.7332E-02    2.2517E-01  
  2.6457E+00   -1.4232E+00    4.7424E-01    1.4062E-01    5.0125E-01   -2.4625E-01   -9.6896E-02    1.3029E-01    2.5323E+00    3.0853E-01   -6.0649E-02    5.2808E-02   -8.1292E-02   -2.6785E-02   -3.2128E-02    8.4863E-03   -1.2311E-04   -3.5670E-02   -2.2384E-01    1.6054E-02    3.9804E-02   -6.0350E-03    4.7678E-02    2.2287E-01  
  2.4096E+00   -1.6556E+00    1.4434E-01    1.6775E-01    3.9103E-01   -1.0225E-01   -7.0504E-02    1.0813E-01    2.6073E+00    3.6848E-01   -4.0877E-02    5.9498E-02   -7.0481E-02   -2.2134E-02   -3.6285E-02    1.2457E-02   -3.8101E-04   -4.8413E-02   -2.3963E-01    1.0685E-02    4.3381E-02   -8.5570E-03    4.8914E-02    2.1562E-01  
  2.2342E+00   -1.8104E+00   -1.9106E-01    1.7861E-01    3.6229E-01    2.7364E-02   -5.1504E-02    9.4990E-02    2.6825E+00    4.0288E-01   -2.9401E-02    6.1672E-02   -5.2986E-02   -1.5314E-02   -4.0828E-02    1.4390E-02    1.3117E-03   -5.5865E-02   -2.5602E-01    4.3034E-03    4.4948E-02   -1.0721E-02    5.0659E-02    2.2724E-01  
  2.1399E+00   -1.8914E+00   -5.0585E-01    1.7928E-01    3.7467E-01    1.1843E-01   -3.6114E-02    8.9172E-02    2.7549E+00    4.1347E-01   -2.5940E-02    5.7382E-02   -3.2422E-02   -6.7907E-03   -4.5053E-02    1.3948E-02    3.7355E-03   -5.8362E-02   -2.7195E-01   -1.9130E-03    4.4626E-02   -1.2405E-02    5.2288E-02    2.5243E-01  
  2.1351E+00   -1.9083E+00   -7.8021E-01    1.7156E-01    3.8570E-01    1.6368E-01   -2.0902E-02    8.9595E-02    2.8229E+00    4.0120E-01   -3.0526E-02    4.5682E-02   -1.2617E-02    2.9230E-03   -4.8768E-02    1.0484E-02    5.6985E-03   -5.6095E-02   -2.8727E-01   -7.4955E-03    4.2658E-02   -1.4078E-02    5.3013E-02    2.4658E-01  
  2.2191E+00   -1.8659E+00   -9.7459E-01    1.5200E-01    3.5223E-01    1.6942E-01   -2.6779E-03    9.5462E-02    2.8840E+00    3.6526E-01   -4.4381E-02    2.6559E-02    1.9722E-03    1.4095E-02   -5.2372E-02    2.7041E-03    5.2457E-03   -4.8595E-02   -3.0240E-01   -1.1448E-02    3.9159E-02   -1.6455E-02    5.1923E-02    2.6163E-01  
  2.3789E+00   -1.7612E+00   -1.0427E+00    1.1301E-01    2.3210E-01    1.5704E-01    2.1467E-02    1.0656E-01    2.9346E+00    3.0529E-01   -6.8836E-02    2.6432E-03    5.9928E-03    2.7775E-02   -5.4913E-02   -9.5685E-03    1.7498E-04   -3.4373E-02   -3.1695E-01   -1.2900E-02    3.6087E-02   -1.9550E-02    4.8920E-02    2.1502E-01  
  2.5956E+00   -1.5921E+00   -1.0455E+00    4.4029E-02   -1.3348E-02    1.6240E-01    5.6520E-02    1.2483E-01    2.9737E+00    2.1843E-01   -1.0485E-01   -2.1474E-02   -3.5935E-03    4.2860E-02   -5.3888E-02   -2.5219E-02   -1.0667E-02   -1.2799E-02   -3.2861E-01   -1.4152E-02    3.4338E-02   -2.2278E-02    4.5724E-02    2.1332E-01  
  2.9654E+00   -1.2156E+00    5.1121E-01   -3.0141E-01    1.5869E+00   -8.8043E-01   -5.3493E-02    4.4687E-02    2.5644E+00    2.7932E-01   -2.0552E-01   -3.6428E-02    6.4678E-02    4.3449E-02    8.7174E-02   -5.3054E-02    3.4020E-02   -2.9087E-02   -1.3066E-01    6.1647E-02    5.9404E-02   -1.1830E-02    4.8906E-02    1.9963E-01  
  3.0849E+00   -1.1475E+00    2.0588E-01    2.0146E-02    8.8370E-01   -5.7462E-01   -1.2799E-01    2.1414E-01    2.4155E+00    3.7913E-01   -1.1956E-01    4.0416E-02   -6.7079E-02   -2.8253E-02   -2.5678E-02   -8.6880E-03    6.3969E-03   -5.2979E-02   -1.9985E-01    1.6003E-02    4.6071E-02   -4.1945E-03    4.8549E-02    2.2869E-01  
  2.8909E+00   -1.4116E+00   -5.7866E-02    6.8406E-02    6.5544E-01   -4.3406E-01   -9.1435E-02    1.8421E-01    2.5222E+00    4.5298E-01   -9.7690E-02    4.6906E-02   -6.3867E-02   -2.5843E-02   -3.4518E-02   -5.7619E-03    3.9374E-03   -6.8293E-02   -2.2162E-01    8.9855E-03    4.6426E-02   -6.9674E-03    4.8832E-02    2.2770E-01  
  2.7378E+00   -1.6012E+00   -3.2076E-01    9.0258E-02    5.1963E-01   -3.0958E-01   -6.3326E-02    1.6353E-01    2.6303E+00    4.9382E-01   -8.6109E-02    4.7237E-02   -5.2725E-02   -2.1227E-02   -4.1497E-02   -5.8286E-03    3.0577E-03   -7.8135E-02   -2.4425E-01    2.1535E-03    4.6819E-02   -1.0300E-02    4.9820E-02    2.5821E-01  
  2.6466E+00   -1.7024E+00   -5.5882E-01    9.2318E-02    4.2947E-01   -2.2225E-01   -4.0282E-02    1.5274E-01    2.7336E+00    5.0557E-01   -8.3976E-02    4.0654E-02   -3.9097E-02   -1.4243E-02   -4.8913E-02   -9.2685E-03    2.3383E-03   -8.1997E-02   -2.6760E-01   -4.0139E-03    4.5065E-02   -1.3803E-02    5.0278E-02    2.7942E-01  
  2.6238E+00   -1.7210E+00   -7.6339E-01    7.6161E-02    3.3649E-01   -1.7909E-01   -1.8238E-02    1.5045E-01    2.8314E+00    4.9005E-01   -9.1353E-02    2.6797E-02   -2.7439E-02   -4.5888E-03   -5.6439E-02   -1.6330E-02    1.9923E-04   -7.9468E-02   -2.9142E-01   -8.5994E-03    4.1922E-02   -1.7285E-02    4.9615E-02    2.8722E-01  
  2.6686E+00   -1.6596E+00   -8.7861E-01    3.8097E-02    1.9143E-01   -1.7358E-01    6.5645E-03    1.5593E-01    2.9224E+00    4.4703E-01   -1.0936E-01    6.2096E-03   -2.2949E-02    8.4755E-03   -6.3006E-02   -2.7840E-02   -5.0295E-03   -6.9544E-02   -3.1539E-01   -1.1185E-02    3.8885E-02   -2.1014E-02    4.7364E-02    2.4734E-01  
  2.7645E+00   -1.5150E+00   -8.6004E-01   -3.8129E-02   -5.8712E-02   -1.9098E-01    3.3278E-02    1.5928E-01    2.9968E+00    3.7344E-01   -1.4374E-01   -2.4241E-02   -3.7341E-02    2.5568E-02   -7.1333E-02   -4.9211E-02   -1.7425E-02   -5.3037E-02   -3.4323E-01   -1.1444E-02    3.6029E-02   -2.4787E-02    4.3480E-02    2.1343E-01  
  3.0520E+00   -1.0761E+00   -7.1317E-01   -7.5893E-02   -2.9215E-01   -8.7425E-02    1.0960E-01    2.4478E-01    3.2041E+00    2.7804E-01   -2.0088E-01   -2.5794E-02   -2.8218E-02    6.2908E-03    7.0145E-03   -9.3547E-02   -4.6810E-02   -2.3480E-02   -3.3548E-01   -4.5267E-02    5.7473E-02   -2.3542E-02    2.3428E-02    1.2410E-01  
