  1.2852E+01    3.0298E+00    1.6394E+00    2.7149E+00   -1.7566E+00   -1.0641E+00    2.5084E-01    4.5323E-01   -6.1709E-02    2.6373E-02   -4.6673E-01   -8.0101E-02   -1.3496E-01    5.8115E-02   -1.5646E-01    9.8743E-02    5.5229E-02    7.3045E-03    8.6113E-02   -5.0746E-02    3.9738E-02    3.0271E-03    5.2450E-02    2.9582E-01  
  1.3322E+01    2.6823E+00    1.3672E+00    3.1510E+00   -8.0707E-01   -7.6094E-01    1.0146E-01    2.3262E-01   -3.3723E-01   -1.1554E-01   -3.4934E-01    1.9793E-02    6.0548E-03   -1.8343E-02    1.7052E-02    2.0143E-02    6.9715E-03    1.2830E-02    3.9929E-02    1.4934E-02    5.6533E-03    1.2642E-02    6.7660E-02    3.0452E-01  
  1.3290E+01    3.0274E+00    9.1949E-01    3.2408E+00   -4.5832E-01   -7.3096E-01    7.2856E-02    2.5318E-01   -2.3864E-01   -1.8876E-01   -3.2128E-01    3.6041E-02    1.2307E-02   -1.8739E-02    1.7337E-02    1.1496E-02   -3.5652E-05    1.5794E-02    2.1408E-02    2.5227E-02    7.7839E-03    1.4000E-02    6.3612E-02    3.1046E-01  
  1.3258E+01    3.2383E+00    4.6927E-01    3.2859E+00   -2.0597E-01   -7.0321E-01    3.8282E-02    2.6997E-01   -1.2795E-01   -2.2974E-01   -3.0697E-01    4.4201E-02    6.9253E-03   -1.7567E-02    1.0442E-02    8.6985E-03   -1.7278E-03    1.5926E-02    1.0252E-02    3.2776E-02    7.2579E-03    1.5029E-02    6.0076E-02    2.7883E-01  
  1.3249E+01    3.3072E+00    9.5371E-03    3.2993E+00   -7.2642E-04   -6.9230E-01   -3.5379E-04    2.7513E-01   -1.5888E-02   -2.4260E-01   -3.0270E-01    4.7223E-02   -1.0912E-03   -1.6280E-02    2.5879E-03    7.7541E-03   -1.2907E-03    1.5761E-02    1.6669E-03    3.5921E-02    2.5038E-03    1.5194E-02    5.7849E-02    2.5090E-01  
  1.3259E+01    3.2368E+00   -4.5147E-01    3.2841E+00    2.0412E-01   -7.0462E-01   -3.9204E-02    2.6873E-01    9.5849E-02   -2.2829E-01   -3.0752E-01    4.5350E-02   -9.3390E-03   -1.5767E-02   -5.6170E-03    7.7513E-03   -4.0580E-04    1.6520E-02   -7.2675E-03    3.3415E-02   -2.4605E-03    1.4767E-02    5.8232E-02    2.5924E-01  
  1.3292E+01    3.0247E+00   -9.0374E-01    3.2381E+00    4.5550E-01   -7.3378E-01   -7.4072E-02    2.5120E-01    2.0604E-01   -1.8646E-01   -3.2177E-01    3.7961E-02   -1.5261E-02   -1.6010E-02   -1.3091E-02    1.0327E-02   -1.2700E-03    1.6231E-02   -1.9167E-02    2.6091E-02   -3.4929E-03    1.4379E-02    6.0604E-02    2.9053E-01  
  1.3324E+01    2.6788E+00   -1.3570E+00    3.1472E+00    8.0395E-01   -7.6682E-01   -1.0291E-01    2.3142E-01    3.0330E-01   -1.1128E-01   -3.5013E-01    2.1024E-02   -8.9579E-03   -1.5803E-02   -1.2187E-02    1.9175E-02   -7.2577E-03    1.3630E-02   -3.8665E-02    1.6215E-02   -3.6547E-03    1.3933E-02    6.3328E-02    2.8874E-01  
  1.2986E+01    2.8681E+00   -1.5389E+00    2.7639E+00    1.6190E+00   -9.9853E-01   -2.2900E-01    4.1165E-01    1.3519E-01    3.5806E-02   -4.6284E-01   -6.8729E-02    1.1446E-01    2.5671E-02    1.0959E-01    9.6561E-02   -5.3243E-02    6.8230E-03   -8.1541E-02   -2.4003E-02   -3.0144E-02    4.7013E-03    4.8600E-02    2.9465E-01  
  1.3268E+01    2.6614E+00    1.8096E+00    3.2569E+00   -7.6135E-01   -3.0760E-01    1.5033E-01    2.2383E-01   -3.0330E-01    4.3785E-02   -3.1890E-01    1.8717E-02    2.6297E-02   -1.2598E-02    2.4673E-02    6.1828E-03    5.2188E-03   -1.0026E-03    2.8310E-02    4.6333E-03   -1.2651E-02    1.2940E-02    6.6825E-02    2.8121E-01  
  1.3188E+01    3.0840E+00    1.6166E+00    3.3587E+00   -4.3308E-01   -3.1662E-01    1.2887E-01    2.5630E-01   -2.4212E-01   -4.3111E-02   -2.8580E-01    3.2099E-02    2.8214E-02   -1.4863E-02    2.2284E-02   -5.3088E-04   -8.5427E-04    3.7003E-03    1.5786E-02    1.2300E-02   -2.2483E-03    1.3117E-02    6.5451E-02    2.6800E-01  
  1.3115E+01    3.4376E+00    1.1618E+00    3.4216E+00   -2.2271E-01   -2.8907E-01    9.3107E-02    2.7885E-01   -1.7225E-01   -1.0222E-01   -2.6353E-01    4.4200E-02    2.2199E-02   -1.4843E-02    1.8050E-02   -4.3635E-03   -3.4135E-03    2.2558E-03    6.6999E-03    2.0794E-02    3.4368E-03    1.4013E-02    6.2929E-02    2.8843E-01  
  1.3065E+01    3.6191E+00    5.1359E-01    3.4551E+00   -9.1853E-02   -2.5883E-01    4.8126E-02    2.9230E-01   -9.5678E-02   -1.3702E-01   -2.5055E-01    5.2495E-02    1.1213E-02   -1.3556E-02    1.1466E-02   -6.0393E-03   -3.0823E-03   -1.6969E-03    2.2944E-03    2.7066E-02    4.2553E-03    1.4992E-02    5.9966E-02    2.8588E-01  
  1.3046E+01    3.6709E+00    8.4906E-03    3.4647E+00   -2.3335E-03   -2.4698E-01   -1.0813E-03    2.9646E-01   -1.6350E-02   -1.4777E-01   -2.4637E-01    5.5706E-02   -2.0279E-03   -1.2232E-02    3.2253E-03   -6.4500E-03   -1.6963E-03   -3.4679E-03    1.0363E-03    2.9525E-02    2.9195E-03    1.5533E-02    5.8068E-02    2.4403E-01  
  1.3066E+01    3.6168E+00   -4.9739E-01    3.4532E+00    8.7211E-02   -2.6021E-01   -5.0086E-02    2.9110E-01    6.3025E-02   -1.3513E-01   -2.5069E-01    5.3540E-02   -1.4830E-02   -1.1456E-02   -5.3293E-03   -6.4664E-03    5.6457E-04   -1.4724E-03    9.0438E-06    2.8203E-02    1.0860E-03    1.5651E-02    5.8124E-02    2.7053E-01  
  1.3116E+01    3.4331E+00   -1.1476E+00    3.4184E+00    2.1767E-01   -2.9179E-01   -9.4673E-02    2.7685E-01    1.3944E-01   -9.8836E-02   -2.6379E-01    4.6004E-02   -2.5268E-02   -1.1410E-02   -1.2730E-02   -4.8897E-03    2.4753E-03    2.6077E-03   -4.3810E-03    2.2591E-02    8.8674E-04    1.4899E-02    5.9492E-02    2.7625E-01  
  1.3190E+01    3.0779E+00   -1.6073E+00    3.3554E+00    4.2700E-01   -3.2078E-01   -1.3019E-01    2.5400E-01    2.0915E-01   -3.8920E-02   -2.8576E-01    3.4137E-02   -3.1309E-02   -1.1105E-02   -1.7778E-02   -6.5330E-04    1.0270E-03    3.6775E-03   -1.3668E-02    1.4491E-02    5.4825E-03    1.4596E-02    6.1025E-02    2.6188E-01  
  1.3271E+01    2.6542E+00   -1.8031E+00    3.2536E+00    7.5423E-01   -3.1328E-01   -1.5155E-01    2.2136E-01    2.7043E-01    4.8535E-02   -3.1863E-01    2.0830E-02   -2.9020E-02   -8.8909E-03   -2.1216E-02    6.7979E-03   -4.2762E-03   -1.3951E-03   -2.5915E-02    7.5042E-03    1.4178E-02    1.4092E-02    6.1399E-02    2.4698E-01  
  1.3117E+01    2.5695E+00    2.3108E+00    3.4098E+00   -3.9369E-01   -7.9735E-02    1.8468E-01    2.2881E-01   -1.9655E-01    7.0183E-02   -2.6987E-01    1.5825E-02    4.0533E-02   -9.0754E-03    2.2658E-02   -5.9636E-03   -1.9654E-03    1.5581E-03    1.0455E-02    5.5132E-03   -1.6304E-02    1.4681E-02    6.4974E-02    2.7168E-01  
  1.2993E+01    3.0255E+00    2.0227E+00    3.4861E+00   -1.7829E-01   -8.7122E-02    1.5432E-01    2.5597E-01   -1.6433E-01    1.7406E-04   -2.4164E-01    2.8315E-02    3.6208E-02   -1.1277E-02    2.1388E-02   -9.2130E-03   -4.5386E-03    2.5425E-03    1.6075E-03    1.1558E-02   -7.2349E-03    1.3134E-02    6.3787E-02    2.4955E-01  
  1.1920E+01    7.1880E-01    3.0985E-01    3.5302E+00   -6.3518E-02   -5.8658E-02    1.1050E-01    2.7608E-01   -1.2090E-01   -4.7863E-02   -2.2343E-01    3.8783E-02    2.5718E-02   -1.1562E-02    1.7098E-02   -9.3589E-03   -4.1801E-03   -2.3561E-03   -2.6409E-03    1.7664E-02   -1.5247E-03    1.1616E-02    6.1245E-02    2.4736E-01  
  1.1600E+01    3.0639E-01    6.8306E-02    3.5526E+00   -1.6357E-02   -2.7638E-02    5.6778E-02    2.8824E-01   -7.0345E-02   -7.5886E-02   -2.1304E-01    4.6035E-02    1.2120E-02   -1.1035E-02    1.1152E-02   -8.6865E-03   -3.0847E-03   -8.1298E-03   -2.4401E-03    2.1971E-02    1.3958E-03    1.0922E-02    5.8077E-02    2.5555E-01  
  1.1545E+01    3.2782E-01    3.1171E-03    3.5587E+00   -3.8040E-03   -1.5394E-02   -1.5488E-03    2.9207E-01   -1.6463E-02   -8.4360E-02   -2.0938E-01    4.8956E-02   -2.4867E-03   -1.0165E-02    4.1093E-03   -8.2722E-03   -1.6351E-03   -1.0748E-02    8.6105E-04    2.3606E-02    3.3560E-03    1.1069E-02    5.6253E-02    2.6437E-01  
  1.1600E+01    3.0462E-01   -6.2046E-02    3.5510E+00    8.8131E-03   -2.8913E-02   -5.9683E-02    2.8755E-01    3.7470E-02   -7.3864E-02   -2.1242E-01    4.6972E-02   -1.6625E-02   -9.1740E-03   -3.2372E-03   -8.2347E-03    5.1369E-04   -8.6274E-03    4.3901E-03    2.3090E-02    4.8455E-03    1.2263E-02    5.6407E-02    2.4755E-01  
  1.1919E+01    7.1509E-01   -3.0293E-01    3.5271E+00    5.6138E-02   -6.1114E-02   -1.1259E-01    2.7460E-01    8.8149E-02   -4.3856E-02   -2.2275E-01    4.0520E-02   -2.8937E-02   -7.9316E-03   -1.0154E-02   -8.7749E-03    3.3583E-03   -2.8352E-03    5.0647E-03    1.9760E-02    6.3834E-03    1.3197E-02    5.7886E-02    2.4493E-01  
  1.2994E+01    3.0179E+00   -2.0150E+00    3.4826E+00    1.7042E-01   -9.0831E-02   -1.5566E-01    2.5418E-01    1.3148E-01    5.4030E-03   -2.4099E-01    3.0455E-02   -3.8515E-02   -6.8640E-03   -1.5590E-02   -8.3334E-03    5.1623E-03    1.9786E-03    9.7930E-04    1.4188E-02    1.0735E-02    1.4434E-02    5.9183E-02    2.2159E-01  
  1.3119E+01    2.5607E+00   -2.3057E+00    3.4064E+00    3.8491E-01   -8.4878E-02   -1.8574E-01    2.2705E-01    1.6369E-01    7.5943E-02   -2.6888E-01    1.8159E-02   -4.2230E-02   -4.5370E-03   -1.8042E-02   -4.4953E-03    3.3266E-03    5.6173E-04   -7.4670E-03    8.8207E-03    1.8465E-02    1.5398E-02    5.9761E-02    2.3885E-01  
  1.3147E+01    1.2961E+00    2.7277E+00    2.8827E+00   -1.4081E+00    9.4595E-01    3.1904E-01    1.5197E-01   -1.1642E-01    2.7209E-01   -4.4332E-01    5.8558E-02   -4.1636E-02   -2.7066E-02    8.6585E-02    4.4843E-02    8.4257E-02   -5.0152E-02   -5.5099E-03    4.3735E-02   -1.9939E-02    9.2344E-03    5.1790E-02    2.7991E-01  
  1.3246E+01    1.6915E+00    2.7726E+00    3.2532E+00   -7.6610E-01    3.2891E-01    2.2662E-01    1.4713E-01   -8.0375E-02    2.5161E-01   -3.1958E-01   -7.9450E-03    3.3892E-02    4.6764E-03    1.7319E-02    2.8431E-03    7.8131E-03   -1.5547E-02    1.0620E-02    9.1755E-03   -2.9889E-02    1.5852E-02    6.1277E-02    2.5934E-01  
  1.3104E+01    2.1006E+00    2.8291E+00    3.4079E+00   -3.9570E-01    9.7267E-02    2.3153E-01    1.8180E-01   -1.0837E-01    1.5172E-01   -2.6986E-01   -4.5877E-03    4.4268E-02   -7.9329E-04    1.8189E-02   -5.6099E-03   -2.7372E-03    1.5455E-03    8.3742E-03    6.9449E-03   -2.4791E-02    1.6600E-02    6.2409E-02    2.4689E-01  
  1.2936E+01    2.5669E+00    2.6529E+00    3.5041E+00   -1.5451E-01    6.9590E-03    2.1312E-01    2.1046E-01   -1.1431E-01    7.6305E-02   -2.3509E-01    5.9496E-03    4.3327E-02   -4.7710E-03    1.9161E-02   -9.4198E-03   -5.5426E-03    8.0286E-03    1.9731E-03    8.1695E-03   -1.6747E-02    1.4517E-02    6.2576E-02    2.7438E-01  
  1.1540E+01    2.6534E-01    2.1184E-01    3.5594E+00   -2.1569E-02    2.6424E-04    1.7654E-01    2.3335E-01   -1.0365E-01    2.1518E-02   -2.1183E-01    1.7863E-02    3.5690E-02   -6.9034E-03    1.8384E-02   -9.5876E-03   -4.6942E-03    5.9146E-03   -3.8444E-03    1.1989E-02   -9.6095E-03    1.0573E-02    6.1205E-02    2.3312E-01  
  1.1249E+01    3.5202E-01    1.8602E-01    3.5889E+00    3.0087E-02    2.9572E-02    1.2611E-01    2.5118E-01   -8.0573E-02   -1.6073E-02   -1.9784E-01    2.7548E-02    2.4154E-02   -7.8871E-03    1.5081E-02   -7.0119E-03   -2.4959E-03   -7.6826E-04   -5.3981E-03    1.5672E-02   -4.6029E-03    6.1945E-03    5.8002E-02    2.3578E-01  
  1.1061E+01    4.0187E-01    1.0654E-01    3.6027E+00    2.6536E-02    6.1279E-02    6.4797E-02    2.6246E-01   -4.9932E-02   -3.7351E-02   -1.9044E-01    3.3975E-02    1.0952E-02   -8.2401E-03    1.0521E-02   -4.6215E-03   -1.5188E-03   -6.7235E-03   -3.1904E-03    1.8083E-02   -1.8088E-04    3.3636E-03    5.4303E-02    2.4954E-01  
  1.0997E+01    4.1740E-01    2.2132E-03    3.6062E+00   -5.0468E-03    7.3799E-02   -1.7407E-03    2.6613E-01   -1.6168E-02   -4.3513E-02   -1.8794E-01    3.6448E-02   -2.5158E-03   -7.8369E-03    5.2088E-03   -3.3718E-03   -1.2357E-03   -9.3551E-03    1.0114E-03    1.9269E-02    3.6941E-03    2.9410E-03    5.2050E-02    2.4194E-01  
  1.1061E+01    4.0011E-01   -1.0209E-01    3.6014E+00   -3.6590E-02    6.0167E-02   -6.8129E-02    2.6229E-01    1.7605E-02   -3.5237E-02   -1.8931E-01    3.4785E-02   -1.5563E-02   -6.6069E-03   -4.2595E-04   -3.6584E-03   -4.7238E-04   -7.8805E-03    5.3764E-03    1.9152E-02    7.1689E-03    4.7297E-03    5.2492E-02    2.4673E-01  
  1.1248E+01    3.4851E-01   -1.8158E-01    3.5865E+00   -3.9987E-02    2.7405E-02   -1.2879E-01    2.5070E-01    4.8280E-02   -1.1860E-02   -1.9605E-01    2.9121E-02   -2.7560E-02   -4.6374E-03   -5.9807E-03   -5.4281E-03    1.7691E-03   -2.5589E-03    8.0043E-03    1.7694E-02    1.0434E-02    7.9757E-03    5.4929E-02    2.3084E-01  
  1.1539E+01    2.6016E-01   -2.0755E-01    3.5562E+00    1.1940E-02   -2.8371E-03   -1.7779E-01    2.3239E-01    7.1435E-02    2.7702E-02   -2.1050E-01    2.0060E-02   -3.7251E-02   -2.2072E-03   -1.0965E-02   -7.9820E-03    5.5924E-03    4.4606E-03    6.9443E-03    1.4676E-02    1.3572E-02    1.1525E-02    5.6792E-02    2.6753E-01  
  1.2936E+01    2.5572E+00   -2.6519E+00    3.5011E+00    1.4427E-01    2.5445E-03   -2.1386E-01    2.0972E-01    8.1988E-02    8.3206E-02   -2.3372E-01    8.4430E-03   -4.3774E-02    3.3015E-04   -1.3125E-02   -7.4994E-03    7.1162E-03    6.2549E-03    1.5938E-03    1.1531E-02    1.9553E-02    1.4404E-02    5.7701E-02    2.4751E-01  
  1.3104E+01    2.0881E+00   -2.8328E+00    3.4053E+00    3.8487E-01    9.1422E-02   -2.3224E-01    1.8157E-01    7.6096E-02    1.5868E-01   -2.6842E-01   -1.8702E-03   -4.3440E-02    4.6358E-03   -1.3847E-02   -3.3896E-03    4.0520E-03   -6.3089E-04   -4.0103E-03    1.1228E-02    2.6414E-02    1.5424E-02    5.7621E-02    2.2614E-01  
  1.3245E+01    1.6796E+00   -2.7774E+00    3.2511E+00    7.5503E-01    3.2170E-01   -2.2769E-01    1.4766E-01    4.8270E-02    2.5795E-01   -3.1805E-01   -5.0029E-03   -3.1533E-02    1.0519E-02   -1.5221E-02    5.0208E-03   -7.4081E-03   -1.7991E-02   -5.2138E-03    1.4599E-02    3.0427E-02    1.4360E-02    5.7204E-02    2.3438E-01  
  1.3227E+01    1.2663E+00   -2.6182E+00    2.9273E+00    1.3634E+00    8.3813E-01   -2.7262E-01    1.4701E-01    1.3997E-02    3.1557E-01   -4.3558E-01    3.5092E-02    3.7570E-02    1.7827E-02   -5.6508E-02    4.6098E-02   -8.1096E-02   -4.7789E-02    1.1561E-03    3.5510E-02    3.6958E-02    7.4629E-03    4.7930E-02    2.8421E-01  
  1.3281E+01    1.0298E+00    2.8120E+00    3.1474E+00   -8.1284E-01    7.7963E-01    2.3515E-01    9.5631E-02    8.9578E-02    2.8847E-01   -3.4963E-01   -8.3622E-03    2.0149E-02    1.2655E-02    1.6247E-02    8.6292E-03    1.6939E-02   -2.7230E-02   -8.2779E-03    1.8464E-02   -2.0116E-02    1.4935E-02    6.1084E-02    2.6406E-01  
  1.3146E+01    1.3625E+00    3.0267E+00    3.3536E+00   -4.3909E-01    3.3331E-01    2.5960E-01    1.2532E-01    1.4881E-02    1.9471E-01   -2.8612E-01   -1.9642E-02    3.7862E-02    9.5919E-03    1.3251E-02   -1.1088E-03   -1.2843E-03   -4.1528E-03    3.0200E-03    1.2758E-02   -2.3478E-02    1.6075E-02    6.0596E-02    2.3088E-01  
  1.2964E+01    1.7239E+00    3.2144E+00    3.4823E+00   -1.8203E-01    1.0078E-01    2.5907E-01    1.5139E-01   -3.0946E-02    1.2214E-01   -2.4171E-01   -1.5715E-02    4.2201E-02    4.3121E-03    1.4143E-02   -6.8327E-03   -7.4187E-03    9.3187E-03    4.5652E-03    9.4479E-03   -2.0566E-02    1.6173E-02    6.0594E-02    2.1400E-01  
  1.1538E+01    2.0044E-01    2.8064E-01    3.5573E+00   -2.3390E-02    1.0176E-02    2.3610E-01    1.7381E-01   -5.3346E-02    6.6992E-02   -2.1192E-01   -5.2488E-03    3.8256E-02    3.5961E-04    1.5596E-02   -8.3016E-03   -6.2707E-03    1.3176E-02    1.1895E-03    8.8524E-03   -1.5018E-02    1.2286E-02    5.9800E-02    2.6187E-01  
  1.1124E+01    2.9065E-01    3.0207E-01    3.5969E+00    5.3737E-02    3.5549E-03    1.9566E-01    1.9301E-01   -5.7804E-02    2.6116E-02   -1.9367E-01    6.2188E-03    2.9998E-02   -2.3921E-03    1.5311E-02   -5.9636E-03   -1.9546E-03    8.9049E-03   -2.2121E-03    1.0726E-02   -9.9441E-03    5.6601E-03    5.7368E-02    2.4085E-01  
  1.0797E+01    3.5078E-01    2.4278E-01    3.6158E+00    6.9274E-02    3.3471E-02    1.3950E-01    2.0748E-01   -4.9928E-02   -1.1645E-03   -1.8426E-01    1.5561E-02    1.9574E-02   -4.2468E-03    1.3309E-02   -3.3097E-03    1.8121E-04    2.3722E-03   -3.1782E-03    1.2806E-02   -5.2557E-03   -7.5222E-04    5.3357E-02    2.2162E-01  
  1.0587E+01    3.8509E-01    1.3340E-01    3.6236E+00    4.2297E-02    6.5757E-02    7.1566E-02    2.1635E-01   -3.4429E-02   -1.6393E-02   -1.8066E-01    2.1548E-02    8.5384E-03   -5.1377E-03    1.0232E-02   -9.1175E-04    3.3610E-04   -3.0822E-03   -1.6823E-03    1.4487E-02   -5.9229E-04   -4.6186E-03    4.9167E-02    2.3440E-01  
  1.0515E+01    3.9558E-01    1.3274E-03    3.6255E+00   -6.0589E-03    7.8535E-02   -1.7110E-03    2.1934E-01   -1.5511E-02   -2.0567E-02   -1.7954E-01    2.3780E-02   -2.3027E-03   -4.9360E-03    6.3920E-03    3.8638E-04   -6.8077E-04   -5.6938E-03    1.2824E-03    1.5429E-02    3.8697E-03   -5.5017E-03    4.6756E-02    2.2640E-01  
  1.0586E+01    3.8335E-01   -1.3073E-01    3.6229E+00   -5.4380E-02    6.4835E-02   -7.4857E-02    2.1658E-01    3.3970E-03   -1.4185E-02   -1.7940E-01    2.2161E-02   -1.2755E-02   -3.6826E-03    2.2185E-03    2.0443E-04   -1.4290E-03   -4.7549E-03    4.3799E-03    1.5526E-02    8.0295E-03   -3.6772E-03    4.7406E-02    2.3260E-01  
  1.0796E+01    3.4731E-01   -2.4005E-01    3.6142E+00   -8.1258E-02    3.1643E-02   -1.4234E-01    2.0791E-01    1.8837E-02    3.2285E-03   -1.8196E-01    1.6846E-02   -2.2638E-02   -1.3674E-03   -1.8837E-03   -1.4224E-03   -4.4367E-04   -5.8868E-04    6.2330E-03    1.4762E-02    1.1796E-02    4.0016E-04    5.0610E-02    2.1707E-01  
  1.1123E+01    2.8551E-01   -2.9946E-01    3.5948E+00   -6.5442E-02    9.5406E-04   -1.9723E-01    1.9336E-01    2.6660E-02    3.2581E-02   -1.9146E-01    8.0437E-03   -3.1373E-02    1.8370E-03   -5.6452E-03   -3.8047E-03    2.5429E-03    5.7341E-03    5.6953E-03    1.3360E-02    1.5003E-02    6.3878E-03    5.4118E-02    2.2381E-01  
  1.1537E+01    1.9378E-01   -2.7832E-01    3.5551E+00    1.1794E-02    6.6678E-03   -2.3627E-01    1.7412E-01    2.2085E-02    7.5149E-02   -2.1054E-01   -2.7973E-03   -3.7589E-02    5.6238E-03   -8.0233E-03   -6.5781E-03    7.9591E-03    1.0542E-02    2.8525E-03    1.1917E-02    1.8378E-02    1.1487E-02    5.5847E-02    2.3916E-01  
  1.2963E+01    1.7133E+00   -3.2181E+00    3.4808E+00    1.6985E-01    9.5833E-02   -2.5906E-01    1.5240E-01   -4.0689E-04    1.3060E-01   -2.4060E-01   -1.3146E-02   -4.0212E-02    1.0041E-02   -8.2158E-03   -5.3317E-03    8.5996E-03    6.3920E-03    2.5767E-04    1.3417E-02    2.3065E-02    1.4716E-02    5.7021E-02    1.9442E-01  
  1.3144E+01    1.3523E+00   -3.0303E+00    3.3528E+00    4.2680E-01    3.2707E-01   -2.6005E-01    1.2739E-01   -4.6301E-02    2.0270E-01   -2.8555E-01   -1.6802E-02   -3.4207E-02    1.5957E-02   -9.5939E-03   -1.0795E-04    1.1773E-03   -7.3818E-03    2.7738E-03    1.7921E-02    2.5322E-02    1.4858E-02    5.7697E-02    2.1925E-01  
  1.3275E+01    1.0213E+00   -2.8234E+00    3.1438E+00    8.0519E-01    7.7450E-01   -2.3923E-01    1.0082E-01   -1.2191E-01    2.9045E-01   -3.5074E-01   -3.5248E-03   -1.2673E-02    2.1854E-02   -1.8269E-02    9.5217E-03   -1.8445E-02   -3.2589E-02    1.4351E-02    2.6652E-02    2.4675E-02    1.4261E-02    5.8991E-02    2.6503E-01  
  1.3229E+01    6.8927E-01    3.0406E+00    3.2360E+00   -4.6826E-01    7.4536E-01    2.5833E-01    6.9377E-02    1.7232E-01    1.9342E-01   -3.2297E-01   -2.2042E-02    2.2941E-02    2.0582E-02    9.9628E-03    3.1907E-03    6.3257E-03   -1.2418E-02   -1.3851E-02    1.4545E-02   -1.3544E-02    1.5597E-02    6.2254E-02    2.8342E-01  
  1.3054E+01    9.7917E-01    3.3507E+00    3.4157E+00   -2.2976E-01    3.0174E-01    2.8292E-01    8.9706E-02    8.0825E-02    1.3033E-01   -2.6461E-01   -2.9677E-02    3.1556E-02    1.5220E-02    9.6974E-03   -1.8347E-03   -7.1276E-03    2.7073E-03    9.8997E-04    1.1744E-02   -1.6200E-02    1.5993E-02    6.0964E-02    2.6303E-01  
  1.1907E+01    2.6448E-01    7.5430E-01    3.5247E+00   -6.8613E-02    6.8709E-02    2.7956E-01    1.0726E-01    2.3161E-02    8.2809E-02   -2.2371E-01   -2.4695E-02    3.2687E-02    9.6762E-03    1.1174E-02   -4.5476E-03   -9.6808E-03    1.2086E-02    6.2637E-03    8.2789E-03   -1.6025E-02    1.4365E-02    5.9588E-02    2.3380E-01  
  1.1246E+01    1.7856E-01    3.6743E-01    3.5850E+00    2.6853E-02   -2.2475E-02    2.5439E-01    1.2336E-01   -1.0502E-02    4.6491E-02   -1.9777E-01   -1.4128E-02    2.8449E-02    5.0111E-03    1.2779E-02   -4.5853E-03   -4.7033E-03    1.3611E-02    4.7252E-03    6.8283E-03   -1.3240E-02    9.1888E-03    5.7316E-02    2.6977E-01  
  1.0796E+01    2.3532E-01    3.6228E-01    3.6140E+00    6.7823E-02   -2.9315E-02    2.1030E-01    1.3710E-01   -2.5971E-02    1.9765E-02   -1.8407E-01   -2.8254E-03    2.1552E-02    1.4235E-03    1.2920E-02   -2.9254E-03    4.3794E-04    9.4095E-03    1.5798E-03    7.9849E-03   -9.6762E-03    1.1024E-03    5.3481E-02    2.5573E-01  
  1.0441E+01    2.7291E-01    2.8041E-01    3.6260E+00    6.7006E-02    8.1354E-04    1.4942E-01    1.4712E-01   -2.8630E-02    2.2580E-03   -1.7975E-01    6.2155E-03    1.3642E-02   -1.0581E-03    1.1901E-02   -7.7123E-04    2.7199E-03    4.1850E-03   -1.4190E-04    9.3765E-03   -5.4481E-03   -5.9570E-03    4.8488E-02    2.1779E-01  
  1.0214E+01    2.9409E-01    1.5100E-01    3.6300E+00    3.7216E-02    3.3320E-02    7.6650E-02    1.5336E-01   -2.3419E-02   -7.2943E-03   -1.8004E-01    1.1972E-02    5.8152E-03   -2.2723E-03    1.0048E-02    9.7193E-04    2.0642E-03   -2.4360E-04    7.9926E-05    1.0605E-02   -8.2936E-04   -1.0328E-02    4.3890E-02    2.0810E-01  
  1.0136E+01    3.0033E-01    4.5921E-04    3.6306E+00   -6.8205E-03    4.6246E-02   -1.5162E-03    1.5561E-01   -1.4538E-02   -9.6114E-03   -1.8016E-01    1.4050E-02   -1.9518E-03   -2.2308E-03    7.5428E-03    2.0125E-03   -9.6633E-05   -2.5776E-03    1.5359E-03    1.1386E-02    3.8082E-03   -1.1824E-02    4.1549E-02    2.0763E-01  
  1.0213E+01    2.9239E-01   -1.5007E-01    3.6297E+00   -5.0840E-02    3.2619E-02   -7.9558E-02    1.5392E-01   -5.6997E-03   -4.9950E-03   -1.7886E-01    1.2306E-02   -9.3582E-03   -9.6772E-04    4.6952E-03    2.0697E-03   -2.1813E-03   -2.3651E-03    3.0977E-03    1.1597E-02    8.2383E-03   -1.0020E-02    4.2508E-02    2.0755E-01  
  1.0441E+01    2.6950E-01   -2.7940E-01    3.6252E+00   -8.0563E-02   -6.0562E-04   -1.5193E-01    1.4820E-01   -6.1226E-04    6.8505E-03   -1.7759E-01    6.9643E-03   -1.6094E-02    1.5200E-03    1.8063E-03    1.0303E-03   -2.5249E-03    3.0655E-04    3.6164E-03    1.1250E-02    1.2208E-02   -5.6696E-03    4.6431E-02    2.0618E-01  
  1.0794E+01    2.3026E-01   -3.6129E-01    3.6130E+00   -8.1195E-02   -3.1368E-02   -2.1185E-01    1.3854E-01   -3.4752E-03    2.6535E-02   -1.8169E-01   -1.6373E-03   -2.2395E-02    5.1861E-03   -9.6919E-04   -9.3547E-04    3.5924E-05    4.7231E-03    2.2914E-03    1.0493E-02    1.5402E-02    1.0985E-03    5.1424E-02    2.3013E-01  
  1.1244E+01    1.7188E-01   -3.6648E-01    3.5841E+00   -3.9877E-02   -2.5100E-02   -2.5433E-01    1.2489E-01   -1.9232E-02    5.5379E-02   -1.9646E-01   -1.2282E-02   -2.7121E-02    9.8794E-03   -3.3065E-03   -3.2357E-03    5.6503E-03    9.4181E-03   -3.9022E-04    9.5712E-03    1.7504E-02    8.4952E-03    5.5121E-02    2.8270E-01  
  1.1904E+01    2.5636E-01   -7.5439E-01    3.5245E+00    5.5363E-02    6.4946E-02   -2.7885E-01    1.0939E-01   -5.3118E-02    9.2680E-02   -2.2347E-01   -2.2582E-02   -2.9584E-02    1.5303E-02   -3.7722E-03   -4.1782E-03    1.0285E-02    8.2162E-03   -1.1857E-03    1.1678E-02    1.9388E-02    1.3457E-02    5.7501E-02    2.2526E-01  
  1.3052E+01    9.6787E-01   -3.3585E+00    3.4162E+00    2.1626E-01    2.9667E-01   -2.8259E-01    9.2533E-02   -1.1101E-01    1.4014E-01   -2.6474E-01   -2.7517E-02   -2.7366E-02    2.1444E-02   -4.1774E-03   -2.0226E-03    6.8718E-03   -9.6946E-04    4.7002E-03    1.6259E-02    1.9111E-02    1.5621E-02    5.9413E-02    2.4210E-01  
  1.3226E+01    6.7815E-01   -3.0491E+00    3.2363E+00    4.5487E-01    7.3939E-01   -2.5855E-01    7.2904E-02   -2.0308E-01    2.0221E-01   -3.2355E-01   -1.9335E-02   -1.7924E-02    2.7503E-02   -6.4034E-03    2.9958E-03   -7.1489E-03   -1.6203E-02    1.9466E-02    2.0657E-02    1.6539E-02    1.5111E-02    6.0729E-02    2.4948E-01  
  1.3181E+01    3.3719E-01    3.1594E+00    3.2822E+00   -2.1599E-01    7.1373E-01    2.7606E-01    3.5276E-02    2.1882E-01    9.1340E-02   -3.0983E-01   -2.8114E-02    1.4575E-02    2.4839E-02    7.4907E-03    1.2780E-03    2.3363E-03   -3.8231E-03   -1.7081E-02    8.1502E-03   -6.5701E-03    1.5894E-02    6.2851E-02    2.6860E-01  
  1.2986E+01    4.3990E-01    3.5315E+00    3.4496E+00   -9.9381E-02    2.6794E-01    2.9668E-01    4.5284E-02    1.2081E-01    6.0843E-02   -2.5289E-01   -3.6200E-02    1.8620E-02    2.0173E-02    7.1141E-03   -9.0978E-04   -1.0321E-02    4.5579E-03    1.6685E-03    6.0503E-03   -1.0616E-02    1.6309E-02    6.1735E-02    2.5185E-01  
  1.1593E+01    6.4560E-02    3.2620E-01    3.5465E+00   -2.2136E-02    3.4643E-02    2.9195E-01    5.3978E-02    5.6031E-02    3.7505E-02   -2.1382E-01   -3.0347E-02    1.8658E-02    1.3845E-02    8.5538E-03   -1.6800E-03   -1.0573E-02    9.5807E-03    9.2144E-03    4.2099E-03   -1.2929E-02    1.2944E-02    5.9497E-02    2.3716E-01  
  1.1057E+01    1.0306E-01    4.1733E-01    3.5976E+00    2.2381E-02   -5.7019E-02    2.6623E-01    6.2266E-02    1.5134E-02    1.9537E-02   -1.8982E-01   -1.9439E-02    1.6117E-02    8.2180E-03    1.0125E-02   -1.3995E-03   -3.8562E-03    1.0095E-02    8.1022E-03    3.7001E-03   -1.2160E-02    6.2580E-03    5.5904E-02    2.5350E-01  
  1.0585E+01    1.2991E-01    3.9658E-01    3.6203E+00    3.9826E-02   -6.4110E-02    2.1958E-01    6.9651E-02   -6.8046E-03    6.8599E-03   -1.7991E-01   -8.1198E-03    1.1640E-02    4.1568E-03    1.0697E-02   -1.0430E-03    1.8676E-03    7.3256E-03    4.6672E-03    4.5009E-03   -9.4432E-03   -2.0579E-03    5.0739E-02    2.5115E-01  
  1.0213E+01    1.4750E-01    3.0159E-01    3.6286E+00    3.6132E-02   -3.3815E-02    1.5580E-01    7.5057E-02   -1.5629E-02   -1.2411E-03   -1.7973E-01    5.1863E-04    7.1444E-03    1.3863E-03    1.0542E-02   -1.1691E-04    4.2058E-03    4.0388E-03    2.2560E-03    5.5110E-03   -5.6643E-03   -8.9540E-03    4.4819E-02    2.3087E-01  
  9.9742E+00    1.5724E-01    1.6074E-01    3.6302E+00    1.7968E-02   -1.1498E-03    8.0008E-02    7.8506E-02   -1.6372E-02   -5.3661E-03   -1.8226E-01    6.0455E-03    2.7065E-03   -6.2359E-05    9.8040E-03    8.7396E-04    3.2791E-03    1.0945E-03    1.4133E-03    6.4022E-03   -1.2150E-03   -1.4042E-02    3.9900E-02    1.9131E-01  
  9.8927E+00    1.5981E-01   -3.8756E-04    3.6301E+00   -7.3400E-03    1.1922E-02   -1.1964E-03    7.9899E-02   -1.3315E-02   -5.8862E-03   -1.8325E-01    7.9340E-03   -1.5570E-03   -1.5121E-04    8.5708E-03    1.5809E-03    4.3397E-04   -8.0441E-04    1.6857E-03    7.0273E-03    3.4547E-03   -1.6064E-02    3.7642E-02    1.7677E-01  
  9.9738E+00    1.5559E-01   -1.6149E-01    3.6302E+00   -3.2642E-02   -1.6319E-03   -8.2266E-02    7.9251E-02   -1.0322E-02   -2.9586E-03   -1.8134E-01    6.0154E-03   -5.4746E-03    1.0969E-03    6.9995E-03    1.8023E-03   -2.5011E-03   -1.3355E-03    2.0530E-03    7.3010E-03    7.9992E-03   -1.4344E-02    3.9093E-02    1.7122E-01  
  1.0212E+01    1.4420E-01   -3.0227E-01    3.6287E+00   -5.0776E-02   -3.4777E-02   -1.5767E-01    7.6557E-02   -1.1261E-02    3.5518E-03   -1.7809E-01    5.7045E-04   -8.8918E-03    3.6676E-03    5.2357E-03    1.4070E-03   -3.6561E-03   -4.9033E-04    1.4695E-03    7.2025E-03    1.2078E-02   -9.4744E-03    4.3620E-02    2.0222E-01  
  1.0583E+01    1.2496E-01   -3.9717E-01    3.6205E+00   -5.4380E-02   -6.5532E-02   -2.2075E-01    7.1853E-02   -2.0407E-02    1.3983E-02   -1.7800E-01   -7.8051E-03   -1.1704E-02    7.4852E-03    3.3487E-03    3.7987E-04   -1.5583E-03    1.4503E-03   -5.7006E-04    6.7515E-03    1.5260E-02   -2.7303E-03    4.9688E-02    2.2649E-01  
  1.1055E+01    9.6559E-02   -4.1796E-01    3.5981E+00   -3.6666E-02   -5.8826E-02   -2.6601E-01    6.4885E-02   -4.2807E-02    2.8833E-02   -1.8894E-01   -1.8735E-02   -1.4204E-02    1.2500E-02    1.4472E-03   -7.2650E-04    3.5913E-03    4.2192E-03   -3.5920E-03    6.1588E-03    1.7196E-02    6.1527E-03    5.5080E-02    2.3494E-01  
  1.1590E+01    5.6765E-02   -3.2672E-01    3.5472E+00    8.2027E-03    3.2214E-02   -2.9077E-01    5.6585E-02   -8.4150E-02    4.8569E-02   -2.1411E-01   -2.9001E-02   -1.4926E-02    1.8898E-02    2.3604E-04   -2.1395E-03    1.0700E-02    5.0650E-03   -4.3787E-03    6.6950E-03    1.7013E-02    1.2774E-02    5.8434E-02    2.4080E-01  
  1.2984E+01    4.2918E-01   -3.5376E+00    3.4506E+00    8.5111E-02    2.6440E-01   -2.9592E-01    4.8105E-02   -1.4926E-01    7.2060E-02   -2.5309E-01   -3.4855E-02   -1.4429E-02    2.5768E-02    1.6530E-04   -1.5282E-03    1.0099E-02    5.4156E-04    3.3172E-03    9.7237E-03    1.4574E-02    1.6280E-02    6.1145E-02    2.5309E-01  
  1.3179E+01    3.2776E-01   -3.1670E+00    3.2828E+00    2.0135E-01    7.0931E-01   -2.7571E-01    3.8440E-02   -2.4791E-01    1.0223E-01   -3.1039E-01   -2.6321E-02   -1.0028E-02    3.1341E-02   -1.5024E-03    7.3363E-04   -3.1461E-03   -7.5666E-03    2.1898E-02    1.3135E-02    1.0828E-02    1.5340E-02    6.2102E-02    2.3938E-01  
  1.3164E+01    1.6192E-03    3.2313E+00    3.2961E+00   -1.0634E-02    6.9996E-01    2.8227E-01   -3.5618E-03    2.3513E-01   -1.0774E-02   -3.0567E-01   -2.9554E-02    2.7580E-03    2.7168E-02    4.7688E-03    7.3319E-04    2.0299E-03    2.7301E-03   -1.7798E-02   -2.2381E-03   -3.8591E-03    1.5146E-02    6.2426E-02    2.2866E-01  
  1.2958E+01    1.8697E-03    3.5989E+00    3.4599E+00   -1.0084E-02    2.5346E-01    3.0136E-01   -3.4308E-03    1.3481E-01   -1.0622E-02   -2.4924E-01   -3.8017E-02    2.7304E-03    2.2641E-02    5.3210E-03    7.9574E-04   -1.1116E-02    3.1053E-03    1.9112E-03   -1.5688E-03   -8.2592E-03    1.6077E-02    6.1819E-02    2.3729E-01  
  1.1537E+01    2.9353E-03    3.4806E-01    3.5532E+00   -9.6437E-03    2.0044E-02    2.9588E-01   -3.4056E-03    6.7855E-02   -1.0364E-02   -2.1086E-01   -3.1865E-02    2.6790E-03    1.5807E-02    6.1423E-03    6.5488E-04   -1.0844E-02    3.5545E-03    1.0039E-02   -6.2698E-04   -1.1767E-02    1.2639E-02    5.9711E-02    2.4907E-01  
  1.0993E+01    2.4139E-03    4.3308E-01    3.6008E+00   -9.5510E-03   -7.1678E-02    2.7028E-01   -3.4308E-03    2.4474E-02   -9.7599E-03   -1.8717E-01   -2.0684E-02    2.2399E-03    9.8084E-03    7.4581E-03    4.6975E-04   -3.7995E-03    4.0669E-03    9.0384E-03    3.1429E-05   -1.1759E-02    4.7694E-03    5.5647E-02    2.3777E-01  
  1.0513E+01    1.6603E-03    4.0708E-01    3.6213E+00   -9.2031E-03   -7.8814E-02    2.2313E-01   -2.9216E-03    4.2367E-04   -8.9103E-03   -1.7838E-01   -9.3318E-03    1.2832E-03    5.5657E-03    8.4837E-03   -1.1408E-04    1.9577E-03    3.7148E-03    5.6720E-03    7.4394E-04   -9.4912E-03   -3.4289E-03    4.9804E-02    2.3553E-01  
  1.0135E+01    8.1578E-04    3.0786E-01    3.6285E+00   -8.6873E-03   -4.8382E-02    1.5836E-01   -2.2366E-03   -1.0372E-02   -7.8685E-03   -1.7977E-01   -9.6252E-04    1.7854E-04    2.6771E-03    9.1232E-03   -5.1255E-04    4.6339E-03    2.6788E-03    2.9969E-03    1.4242E-03   -6.0537E-03   -9.9200E-03    4.3460E-02    2.1616E-01  
  9.8925E+00   -1.1682E-05    1.6332E-01    3.6294E+00   -8.1520E-03   -1.5592E-02    8.1495E-02   -1.6555E-03   -1.3063E-02   -6.7360E-03   -1.8332E-01    4.3452E-03   -6.5889E-04    1.1372E-03    9.4283E-03   -4.9466E-04    3.8310E-03    1.3816E-03    1.8021E-03    2.0259E-03   -1.7958E-03   -1.5188E-02    3.8458E-02    1.8193E-01  
  9.8098E+00   -8.1502E-04   -1.1869E-03    3.6292E+00   -7.6139E-03   -2.4066E-03   -7.8199E-04   -1.1842E-03   -1.1913E-02   -5.5168E-03   -1.8478E-01    6.0111E-03   -1.1950E-03    9.6013E-04    9.4032E-03   -1.9888E-04    8.9139E-04    2.4099E-05    1.6970E-03    2.4841E-03    2.7894E-03   -1.7505E-02    3.6381E-02    1.7076E-01  
  9.8920E+00   -1.5830E-03   -1.6568E-01    3.6298E+00   -7.0777E-03   -1.5836E-02   -8.2934E-02   -8.0254E-04   -1.0856E-02   -4.2266E-03   -1.8278E-01    3.9188E-03   -1.3996E-03    2.1431E-03    9.0295E-03    2.3409E-04   -2.3270E-03   -1.2435E-03    1.6662E-03    2.7601E-03    7.3465E-03   -1.5970E-02    3.8197E-02    1.6536E-01  
  1.0134E+01   -2.3307E-03   -3.1016E-01    3.6294E+00   -6.5368E-03   -4.8868E-02   -1.5942E-01   -5.1329E-04   -1.3809E-02   -2.8854E-03   -1.7888E-01   -1.7004E-03   -1.2538E-03    4.6624E-03    8.3189E-03    6.2789E-04   -3.8960E-03   -2.2719E-03    7.0975E-04    2.8215E-03    1.1521E-02   -1.1023E-02    4.2944E-02    2.0005E-01  
  1.0511E+01   -3.0611E-03   -4.0928E-01    3.6227E+00   -6.0034E-03   -7.9534E-02   -2.2354E-01   -3.3666E-04   -2.5034E-02   -1.5192E-03   -1.7755E-01   -1.0156E-02   -7.2996E-04    8.4364E-03    7.2722E-03    7.6529E-04   -2.2862E-03   -2.8741E-03   -1.6341E-03    2.5840E-03    1.4840E-02   -4.0554E-03    4.9199E-02    2.2084E-01  
  1.0991E+01   -3.7301E-03   -4.3503E-01    3.6023E+00   -5.3808E-03   -7.2640E-02   -2.6998E-01   -3.9589E-04   -4.9678E-02   -1.5465E-04   -1.8676E-01   -2.1190E-02    4.1461E-05    1.3416E-02    5.8578E-03    6.1202E-04    2.7414E-03   -2.7215E-03   -4.7352E-03    2.0022E-03    1.6920E-02    5.0486E-03    5.5154E-02    2.2873E-01  
  1.1535E+01   -4.2907E-03   -3.4951E-01    3.5543E+00   -4.6839E-03    1.8846E-02   -2.9499E-01   -7.5345E-04   -9.3742E-02    1.1716E-03   -2.1084E-01   -3.1625E-02    1.0000E-03    1.9946E-02    4.1527E-03    2.1674E-04    1.0243E-02   -1.6626E-03   -5.8606E-03    1.0952E-03    1.6670E-02    1.2859E-02    5.9182E-02    2.8824E-01  
  1.2956E+01   -5.4462E-03   -3.6048E+00    3.4609E+00   -4.6594E-03    2.5165E-01   -3.0037E-01   -8.3033E-04   -1.6121E-01    1.5872E-03   -2.4946E-01   -3.7348E-02    1.3275E-03    2.7337E-02    3.5016E-03   -2.6637E-05    1.0793E-02   -1.1666E-03    2.2490E-03    1.1138E-03    1.3118E-02    1.6070E-02    6.1489E-02    2.3769E-01  
  1.3162E+01   -5.4260E-03   -3.2381E+00    3.2972E+00   -4.8631E-03    6.9726E-01   -2.8137E-01   -7.2039E-04   -2.6209E-01    1.6494E-03   -3.0589E-01   -2.8757E-02    1.3863E-03    3.2594E-02    3.2757E-03   -5.7680E-05   -2.2739E-03   -1.0611E-03    2.1990E-02    1.4142E-03    8.8709E-03    1.5160E-02    6.2453E-02    2.1452E-01  
  1.3180E+01   -3.3407E-01    3.1601E+00    3.2814E+00    1.9533E-01    7.1055E-01    2.7671E-01   -4.2512E-02    2.2176E-01   -1.1199E-01   -3.1007E-01   -2.6488E-02   -8.5682E-03    2.6575E-02    1.3581E-03   -3.9232E-05    3.2323E-03    9.7767E-03   -1.7918E-02   -1.2813E-02   -5.6397E-03    1.5125E-02    6.2029E-02    2.4126E-01  
  1.2985E+01   -4.3648E-01    3.5325E+00    3.4495E+00    7.9520E-02    2.6482E-01    2.9694E-01   -5.2163E-02    1.2364E-01   -8.1607E-02   -2.5268E-01   -3.4977E-02   -1.2920E-02    2.1676E-02    3.2757E-03    2.2692E-03   -1.0310E-02    1.8486E-03    5.6450E-04   -9.0212E-03   -9.4554E-03    1.6166E-02    6.1608E-02    2.5700E-01  
  1.1592E+01   -5.8748E-02    3.2523E-01    3.5462E+00    2.9555E-03    3.1913E-02    2.9189E-01   -6.0586E-02    5.8938E-02   -5.7987E-02   -2.1369E-01   -2.8902E-02   -1.3417E-02    1.5373E-02    3.7210E-03    2.9088E-03   -1.1032E-02   -2.6180E-03    8.0613E-03   -5.3522E-03   -1.2028E-02    1.2717E-02    5.9438E-02    2.4366E-01  
  1.1056E+01   -9.8468E-02    4.1612E-01    3.5967E+00   -4.1102E-02   -5.9425E-02    2.6661E-01   -6.8536E-02    1.8139E-02   -3.8774E-02   -1.8903E-01   -1.7900E-02   -1.2119E-02    9.7348E-03    4.5687E-03    1.7890E-03   -4.5220E-03   -2.4542E-03    7.2485E-03   -3.4781E-03   -1.2018E-02    5.6724E-03    5.5850E-02    2.3186E-01  
  1.0584E+01   -1.2672E-01    3.9489E-01    3.6187E+00   -5.7943E-02   -6.6430E-02    2.2093E-01   -7.5174E-02   -3.7818E-03   -2.4471E-02   -1.7823E-01   -6.4800E-03   -9.2794E-03    5.5819E-03    6.0515E-03    7.1121E-04    6.2082E-04   -1.1281E-04    4.0909E-03   -2.8878E-03   -9.9162E-03   -2.8821E-03    5.0714E-02    2.2004E-01  
  1.0213E+01   -1.4598E-01    2.9992E-01    3.6274E+00   -5.3256E-02   -3.5910E-02    1.5705E-01   -7.9328E-02   -1.2601E-02   -1.4306E-02   -1.7870E-01    1.8307E-03   -6.9139E-03    2.7791E-03    7.4706E-03   -9.3303E-04    3.8500E-03    1.2174E-03    1.8216E-03   -2.5775E-03   -6.6907E-03   -8.6787E-03    4.4718E-02    1.8958E-01  
  9.9739E+00   -1.5736E-01    1.5913E-01    3.6294E+00   -3.4018E-02   -3.0027E-03    8.1060E-02   -8.1668E-02   -1.3377E-02   -7.9131E-03   -1.8186E-01    6.9509E-03   -4.1291E-03    1.2634E-03    8.7952E-03   -1.8756E-03    3.6712E-03    1.6260E-03    1.1297E-03   -2.3119E-03   -2.6346E-03   -1.3466E-02    4.0130E-02    2.0598E-01  
  9.8923E+00   -1.6152E-01   -1.9438E-03    3.6298E+00   -7.6346E-03    1.0309E-02   -3.4245E-04   -8.2159E-02   -1.0402E-02   -4.9727E-03   -1.8333E-01    8.4308E-03   -9.1236E-04    1.0380E-03    9.9495E-03   -1.9723E-03    1.2435E-03    8.5837E-04    1.5458E-03   -2.0605E-03    1.8217E-03   -1.5774E-02    3.8472E-02    2.1232E-01  
  9.9733E+00   -1.5884E-01   -1.6300E-01    3.6303E+00    1.8733E-02   -2.9989E-03   -8.1618E-02   -8.0796E-02   -7.5388E-03   -5.3321E-03   -1.8174E-01    6.1034E-03    2.6206E-03    2.0918E-03    1.0776E-02   -1.3335E-03   -1.6314E-03   -1.0800E-03    2.0330E-03   -1.8038E-03    6.3495E-03   -1.4560E-02    4.0304E-02    1.8023E-01  
  1.0211E+01   -1.4894E-01   -3.0375E-01    3.6291E+00    3.7933E-02   -3.5905E-02   -1.5723E-01   -7.7573E-02   -8.6405E-03   -9.1762E-03   -1.7868E-01    2.4074E-04    6.3543E-03    4.4180E-03    1.1129E-02   -1.7337E-04   -3.1018E-03   -3.9138E-03    1.5596E-03   -1.6184E-03    1.0628E-02   -1.0045E-02    4.4667E-02    2.1265E-01  
  1.0583E+01   -1.3114E-01   -3.9861E-01    3.6212E+00    4.2631E-02   -6.6434E-02   -2.2055E-01   -7.2589E-02   -1.7990E-02   -1.6882E-02   -1.7860E-01   -8.5093E-03    1.0242E-02    7.9313E-03    1.0919E-02    1.1124E-03   -1.6604E-03   -6.9443E-03   -4.2290E-04   -1.6540E-03    1.4221E-02   -3.1390E-03    5.0176E-02    2.3517E-01  
  1.1055E+01   -1.0406E-01   -4.1917E-01    3.5988E+00    2.6172E-02   -5.9563E-02   -2.6644E-01   -6.5817E-02   -4.0625E-02   -2.9031E-02   -1.8875E-01   -1.9589E-02    1.4270E-02    1.2565E-02    9.9961E-03    1.9539E-03    3.1128E-03   -9.2841E-03   -3.4842E-03   -2.2225E-03    1.6730E-02    5.8628E-03    5.5317E-02    2.4870E-01  
  1.1590E+01   -6.5370E-02   -3.2763E-01    3.5476E+00   -1.7512E-02    3.1878E-02   -2.9135E-01   -5.8092E-02   -8.2346E-02   -4.6275E-02   -2.1334E-01   -2.9815E-02    1.6855E-02    1.8517E-02    8.0859E-03    2.5025E-03    9.7012E-03   -8.2721E-03   -4.5335E-03   -4.3380E-03    1.7267E-02    1.3179E-02    5.8886E-02    2.5305E-01  
  1.2983E+01   -4.4135E-01   -3.5368E+00    3.4504E+00   -9.4294E-02    2.6472E-01   -2.9565E-01   -4.9670E-02   -1.4783E-01   -6.8989E-02   -2.5287E-01   -3.5020E-02    1.7116E-02    2.5201E-02    6.6659E-03    1.5201E-03    9.9607E-03   -2.8972E-03    2.7333E-03   -7.4884E-03    1.4795E-02    1.6280E-02    6.0930E-02    2.3893E-01  
  1.3178E+01   -3.3928E-01   -3.1665E+00    3.2829E+00   -2.1081E-01    7.0961E-01   -2.7524E-01   -3.9726E-02   -2.4643E-01   -9.9235E-02   -3.0996E-01   -2.6723E-02    1.2935E-02    3.0656E-02    7.6919E-03   -7.7089E-04   -2.9489E-03    5.2873E-03    2.1359E-02   -1.0172E-02    1.0969E-02    1.5635E-02    6.2096E-02    2.4220E-01  
  1.3226E+01   -6.8583E-01    3.0415E+00    3.2350E+00    4.4861E-01    7.3911E-01    2.5941E-01   -7.6494E-02    1.7786E-01   -2.1242E-01   -3.2307E-01   -1.9111E-02   -1.6456E-02    2.3488E-02   -2.2775E-03   -2.2141E-03    7.0482E-03    1.8824E-02   -1.5949E-02   -1.9284E-02   -1.1371E-02    1.5019E-02    6.1610E-02    2.5716E-01  
  1.3051E+01   -9.7582E-01    3.3520E+00    3.4151E+00    2.1053E-01    2.9567E-01    2.8358E-01   -9.6181E-02    8.6334E-02   -1.5000E-01   -2.6418E-01   -2.7186E-02   -2.5801E-02    1.8141E-02    1.6150E-04    2.6845E-03   -7.1601E-03    3.7469E-03   -1.2353E-03   -1.4325E-02   -1.4099E-02    1.5600E-02    6.0748E-02    2.4786E-01  
  1.1905E+01   -2.5960E-01    7.5251E-01    3.5234E+00    5.0037E-02    6.3330E-02    2.8002E-01   -1.1299E-01    2.8792E-02   -1.0227E-01   -2.2293E-01   -2.1955E-02   -2.8017E-02    1.2579E-02    8.4267E-04    4.8079E-03   -1.0590E-02   -5.4381E-03    4.3740E-03   -9.1306E-03   -1.4612E-02    1.3378E-02    5.9140E-02    2.2679E-01  
  1.1244E+01   -1.7452E-01    3.6483E-01    3.5829E+00   -4.4637E-02   -2.7223E-02    2.5534E-01   -1.2829E-01   -4.6990E-03   -6.5003E-02   -1.9618E-01   -1.1195E-02   -2.5331E-02    7.9095E-03    1.3105E-03    4.0242E-03   -6.2664E-03   -7.0640E-03    3.3488E-03   -6.1562E-03   -1.2917E-02    8.1048E-03    5.6680E-02    2.2625E-01  
  1.0795E+01   -2.3266E-01    3.5921E-01    3.6114E+00   -8.4991E-02   -3.3789E-02    2.1231E-01   -1.4151E-01   -2.0060E-02   -3.6656E-02   -1.8177E-01    3.1619E-05   -2.0057E-02    4.2875E-03    3.1098E-03    1.9599E-03   -1.0780E-03   -3.1110E-03    4.8117E-04   -6.0375E-03   -1.0694E-02    6.2168E-04    5.2872E-02    2.2590E-01  
  1.0441E+01   -2.7172E-01    2.7708E-01    3.6236E+00   -8.3361E-02   -3.3325E-03    1.5181E-01   -1.5079E-01   -2.2689E-02   -1.7251E-02   -1.7793E-01    8.7476E-03   -1.3743E-02    1.7182E-03    5.4070E-03   -3.0540E-04    2.0573E-03    7.7461E-04   -1.0069E-03   -6.1968E-03   -7.5066E-03   -5.4101E-03    4.8142E-02    2.2085E-01  
  1.0213E+01   -2.9452E-01    1.4779E-01    3.6286E+00   -5.2510E-02    2.9669E-02    7.8647E-02   -1.5610E-01   -1.7551E-02   -5.4375E-03   -1.7941E-01    1.3719E-02   -7.5253E-03    3.4237E-04    7.7993E-03   -1.9855E-03    2.8581E-03    2.8290E-03   -4.8602E-04   -6.3950E-03   -3.6580E-03   -9.1790E-03    4.4270E-02    2.4350E-01  
  1.0135E+01   -3.0233E-01   -2.6609E-03    3.6300E+00   -7.4160E-03    4.3073E-02    7.4809E-05   -1.5757E-01   -8.8411E-03   -7.2406E-04   -1.8041E-01    1.4991E-02   -7.4284E-04    9.3391E-05    1.0178E-02   -2.3938E-03    1.4944E-03    2.6723E-03    1.2510E-03   -6.4159E-03    5.7972E-04   -1.1230E-02    4.3117E-02    2.4407E-01  
  1.0212E+01   -2.9588E-01   -1.5309E-01    3.6298E+00    3.7660E-02    2.9924E-02   -7.8367E-02   -1.5529E-01   -2.5858E-04   -2.8084E-03   -1.7971E-01    1.2427E-02    6.3572E-03    9.5704E-04    1.2256E-02   -1.5914E-03   -4.7259E-04    1.6486E-04    3.0566E-03   -6.1852E-03    4.9998E-03   -1.0422E-02    4.4863E-02    2.0308E-01  
  1.0440E+01   -2.7445E-01   -2.8235E-01    3.6262E+00    6.8447E-02   -2.8181E-03   -1.5115E-01   -1.4919E-01    4.4895E-03   -1.2014E-02   -1.7876E-01    6.2798E-03    1.3524E-02    2.9298E-03    1.3737E-02    1.3400E-04   -1.4657E-03   -4.2832E-03    3.7594E-03   -5.8143E-03    9.3810E-03   -6.7125E-03    4.8589E-02    2.1958E-01  
  1.0793E+01   -2.3658E-01   -3.6405E-01    3.6144E+00    7.0211E-02   -3.3176E-02   -2.1174E-01   -1.3950E-01    1.2203E-03   -2.9066E-02   -1.8253E-01   -2.9285E-03    2.0816E-02    5.9913E-03    1.4425E-02    2.4237E-03    8.8124E-05   -9.4003E-03    2.5819E-03   -5.5552E-03    1.3368E-02    6.4015E-05    5.2790E-02    2.4390E-01  
  1.1243E+01   -1.7952E-01   -3.6898E-01    3.5856E+00    3.0158E-02   -2.6549E-02   -2.5519E-01   -1.2626E-01   -1.5022E-02   -5.5199E-02   -1.9605E-01   -1.4039E-02    2.7217E-02    9.9270E-03    1.3972E-02    4.3448E-03    4.3907E-03   -1.3344E-02   -1.1575E-04   -5.7955E-03    1.6706E-02    8.3671E-03    5.6279E-02    2.6253E-01  
  1.1903E+01   -2.6523E-01   -7.5596E-01    3.5253E+00   -6.4491E-02    6.4436E-02   -2.7947E-01   -1.1081E-01   -4.9621E-02   -9.0777E-02   -2.2248E-01   -2.3974E-02    3.1125E-02    1.4733E-02    1.2111E-02    4.7004E-03    8.8455E-03   -1.1356E-02   -1.4685E-03   -8.8314E-03    1.9357E-02    1.4107E-02    5.8366E-02    2.3940E-01  
  1.3050E+01   -9.8016E-01   -3.3575E+00    3.4160E+00   -2.2517E-01    2.9719E-01   -2.8211E-01   -9.3919E-02   -1.0820E-01   -1.3737E-01   -2.6434E-01   -2.8008E-02    2.9885E-02    2.0394E-02    1.0667E-02    2.1209E-03    6.5144E-03   -1.4106E-03    3.5982E-03   -1.3876E-02    1.9499E-02    1.5754E-02    5.9246E-02    2.6550E-01  
  1.3224E+01   -6.8985E-01   -3.0482E+00    3.2361E+00   -4.6395E-01    7.4003E-01   -2.5782E-01   -7.4012E-02   -2.0026E-01   -1.9963E-01   -3.2317E-01   -1.9948E-02    2.0719E-02    2.6414E-02    1.1913E-02   -2.9451E-03   -7.2333E-03    1.3873E-02    1.8374E-02   -1.7494E-02    1.6990E-02    1.5268E-02    6.0497E-02    2.3025E-01  
  1.3274E+01   -1.0285E+00    2.8158E+00    3.1437E+00    7.9828E-01    7.7123E-01    2.3872E-01   -1.0368E-01    9.9204E-02   -3.0158E-01   -3.4980E-01   -3.9420E-03   -1.1580E-02    1.9907E-02   -1.2194E-02   -8.6667E-03    1.7810E-02    3.5044E-02   -1.0771E-02   -2.3248E-02   -2.0651E-02    1.4015E-02    6.1521E-02    2.6712E-01  
  1.3143E+01   -1.3589E+00    3.0266E+00    3.3517E+00    4.2104E-01    3.2478E-01    2.6109E-01   -1.3054E-01    2.2617E-02   -2.1257E-01   -2.8502E-01   -1.6079E-02   -3.2514E-02    1.3580E-02   -4.2350E-03    7.0274E-04   -1.6046E-03    1.0507E-02    1.2264E-04   -1.4848E-02   -2.0736E-02    1.4865E-02    6.0073E-02    2.2747E-01  
  1.2961E+01   -1.7204E+00    3.2137E+00    3.4797E+00    1.6450E-01    9.2986E-02    2.6029E-01   -1.5547E-01   -2.2964E-02   -1.4015E-01   -2.4012E-01   -1.2079E-02   -3.8593E-02    8.2209E-03   -2.6293E-03    5.8054E-03   -8.9605E-03   -3.3670E-03    2.3132E-03   -9.6744E-03   -1.8795E-02    1.4677E-02    5.9368E-02    2.1798E-01  
  1.1536E+01   -1.9717E-01    2.7678E-01    3.5541E+00    6.8141E-03    3.2210E-03    2.3762E-01   -1.7711E-01   -4.5087E-02   -8.4349E-02   -2.1006E-01   -1.4282E-03   -3.6082E-02    4.4664E-03   -2.2873E-03    6.9960E-03   -8.3228E-03   -7.6881E-03   -5.5310E-04   -7.5336E-03   -1.4730E-02    1.1419E-02    5.8213E-02    2.4753E-01  
  1.1123E+01   -2.8868E-01    2.9765E-01    3.5934E+00   -6.9534E-02   -2.8883E-03    1.9807E-01   -1.9594E-01   -4.9342E-02   -4.1992E-02   -1.9143E-01    9.9203E-03   -2.9346E-02    1.8084E-03   -3.6096E-04    4.5139E-03   -3.4740E-03   -3.6905E-03   -3.6564E-03   -8.2394E-03   -1.1506E-02    5.9348E-03    5.6038E-02    2.4050E-01  
  1.0796E+01   -3.5018E-01    2.3791E-01    3.6125E+00   -8.4345E-02    2.7432E-02    1.4270E-01   -2.1012E-01   -4.1350E-02   -1.2896E-02   -1.8221E-01    1.9021E-02   -2.0246E-02   -1.7832E-04    2.8637E-03    2.1167E-03   -4.9544E-04    2.0038E-03   -4.4463E-03   -9.2405E-03   -8.3621E-03    2.4254E-04    5.2705E-02    2.4936E-01  
  1.0586E+01   -3.8602E-01    1.2862E-01    3.6216E+00   -5.6355E-02    6.0407E-02    7.4306E-02   -2.1837E-01   -2.5978E-02    4.5343E-03   -1.8010E-01    2.3975E-02   -1.0658E-02   -1.3578E-03    6.3989E-03   -4.0358E-05    1.5614E-03    5.4372E-03   -2.5254E-03   -1.0082E-02   -4.7782E-03   -2.9113E-03    4.9675E-02    2.6766E-01  
  1.0513E+01   -3.9802E-01   -3.3195E-03    3.6247E+00   -6.9647E-03    7.3896E-02    4.1486E-04   -2.2084E-01   -7.3183E-03    1.1077E-02   -1.8015E-01    2.5048E-02   -6.9435E-04   -1.6230E-03    1.0055E-02   -7.1506E-04    1.6652E-03    5.8635E-03    8.4602E-04   -1.0431E-02   -8.6124E-04   -4.5952E-03    4.8974E-02    2.6101E-01  
  1.0585E+01   -3.8724E-01   -1.3524E-01    3.6232E+00    4.2399E-02    6.0915E-02   -7.3345E-02   -2.1775E-01    1.1195E-02    7.1876E-03   -1.8076E-01    2.2258E-02    9.5964E-03   -9.9535E-04    1.3443E-02    2.5157E-04    1.0147E-03    2.9580E-03    4.2653E-03   -1.0222E-02    3.3424E-03   -4.1585E-03    5.0738E-02    2.2807E-01  
  1.0795E+01   -3.5260E-01   -2.4442E-01    3.6157E+00    7.0321E-02    2.8418E-02   -1.4147E-01   -2.0895E-01    2.6140E-02   -7.6386E-03   -1.8361E-01    1.5798E-02    2.0052E-02    5.2345E-04    1.6138E-02    2.4641E-03    1.0409E-03   -2.5852E-03    6.3591E-03   -9.5312E-03    7.7290E-03   -9.0074E-04    5.3818E-02    2.3196E-01  
  1.1121E+01   -2.9212E-01   -3.0351E-01    3.5969E+00    5.5685E-02   -1.7013E-03   -1.9747E-01   -1.9469E-01    3.3306E-02   -3.4412E-02   -1.9226E-01    6.2008E-03    2.9903E-02    2.7811E-03    1.7814E-02    5.0422E-03    2.6222E-03   -9.0843E-03    6.0388E-03   -8.6605E-03    1.2172E-02    5.0576E-03    5.6721E-02    2.3902E-01  
  1.1535E+01   -2.0155E-01   -2.8185E-01    3.5573E+00   -2.0606E-02    4.7240E-03   -2.3741E-01   -1.7584E-01    2.7992E-02   -7.4669E-02   -2.1001E-01   -5.1675E-03    3.7635E-02    5.6725E-03    1.7831E-02    7.4304E-03    6.1843E-03   -1.3232E-02    3.1619E-03   -8.1760E-03    1.7069E-02    1.1581E-02    5.8419E-02    2.5527E-01  
  1.2960E+01   -1.7234E+00   -3.2197E+00    3.4821E+00   -1.7853E-01    9.5156E-02   -2.5956E-01   -1.5394E-01    4.5966E-03   -1.2902E-01   -2.3989E-01   -1.5040E-02    4.1111E-02    9.5314E-03    1.6214E-02    6.1320E-03    6.7719E-03   -9.0486E-03    2.2879E-05   -1.0265E-02    2.2600E-02    1.5582E-02    5.8716E-02    2.5276E-01  
  1.3141E+01   -1.3621E+00   -3.0312E+00    3.3530E+00   -4.3531E-01    3.2759E-01   -2.5939E-01   -1.2871E-01   -4.2248E-02   -2.0040E-01   -2.8525E-01   -1.7809E-02    3.6200E-02    1.4722E-02    1.5582E-02    5.5152E-04    4.9278E-04    5.1278E-03    1.4320E-03   -1.5177E-02    2.5769E-02    1.5342E-02    5.8017E-02    2.7793E-01  
  1.3273E+01   -1.0306E+00   -2.8222E+00    3.1442E+00   -8.1247E-01    7.7486E-01   -2.3748E-01   -1.0132E-01   -1.1786E-01   -2.8980E-01   -3.5034E-01   -4.7121E-03    1.5792E-02    1.9693E-02    2.1768E-02   -9.3669E-03   -1.8642E-02    3.0028E-02    1.2651E-02   -2.2592E-02    2.4240E-02    1.4308E-02    5.8351E-02    2.5981E-01  
  1.3220E+01   -1.2742E+00    2.6174E+00    2.9292E+00    1.3611E+00    8.4361E-01    2.7005E-01   -1.4628E-01   -4.1932E-02   -3.1675E-01   -4.3481E-01    3.5088E-02    3.5217E-02    1.7616E-02   -5.9767E-02   -4.5849E-02    8.0964E-02    4.7372E-02    5.0012E-04   -3.6025E-02   -3.8609E-02    7.5736E-03    4.7610E-02    2.8811E-01  
  1.3242E+01   -1.6868E+00    2.7720E+00    3.2501E+00    7.4922E-01    3.1827E-01    2.2878E-01   -1.5029E-01   -7.0845E-02   -2.6765E-01   -3.1756E-01   -3.9328E-03   -2.9910E-02    9.2109E-03   -9.1156E-03   -4.4256E-03    6.7488E-03    2.1345E-02    7.4696E-03   -1.0326E-02   -2.6540E-02    1.4515E-02    6.0262E-02    2.5241E-01  
  1.3101E+01   -2.0955E+00    2.8285E+00    3.4040E+00    3.7962E-01    8.7544E-02    2.3364E-01   -1.8419E-01   -9.8412E-02   -1.6787E-01   -2.6813E-01   -4.0971E-04   -4.1720E-02    3.8836E-03   -7.6354E-03    3.7161E-03   -4.3786E-03    3.8712E-03    5.8754E-03   -6.4065E-03   -2.2972E-02    1.5308E-02    6.0174E-02    2.4430E-01  
  1.2933E+01   -2.5628E+00    2.6488E+00    3.5000E+00    1.3936E-01   -1.9524E-03    2.1527E-01   -2.1219E-01   -1.0397E-01   -9.2009E-02   -2.3340E-01    1.0099E-02   -4.2278E-02    2.4594E-04   -6.7924E-03    7.8194E-03   -7.5051E-03   -3.3415E-03   -4.2019E-06   -6.0894E-03   -1.6872E-02    1.4308E-02    6.0068E-02    2.5200E-01  
  1.1538E+01   -2.6417E-01    2.0609E-01    3.5551E+00    7.5262E-03   -7.9216E-03    1.7914E-01   -2.3472E-01   -9.3043E-02   -3.6095E-02   -2.1025E-01    2.1940E-02   -3.5774E-02   -1.4853E-03   -4.7683E-03    8.2988E-03   -6.1499E-03   -1.8890E-03   -5.5108E-03   -8.7608E-03   -1.1753E-02    1.1394E-02    5.9167E-02    2.4888E-01  
  1.1248E+01   -3.5215E-01    1.7978E-01    3.5850E+00   -4.3364E-02    2.1935E-02    1.2953E-01   -2.5257E-01   -6.9812E-02    3.2942E-03   -1.9631E-01    3.1342E-02   -2.5519E-02   -2.6268E-03   -4.2064E-04    6.0417E-03   -2.7795E-03    4.2031E-03   -6.9462E-03   -1.1640E-02   -8.7339E-03    7.6605E-03    5.7163E-02    2.6051E-01  
  1.1060E+01   -4.0338E-01    1.0023E-01    3.6001E+00   -3.8883E-02    5.4430E-02    6.7971E-02   -2.6375E-01   -3.9304E-02    2.6691E-02   -1.9012E-01    3.6759E-02   -1.3473E-02   -3.4246E-03    4.5162E-03    4.1313E-03    9.6229E-05    8.7103E-03   -4.3599E-03   -1.3414E-02   -5.6549E-03    5.2036E-03    5.5044E-02    2.7333E-01  
  1.0995E+01   -4.2034E-01   -3.9083E-03    3.6052E+00   -6.2858E-03    6.7876E-02    6.2358E-04   -2.6727E-01   -5.8958E-03    3.5186E-02   -1.8895E-01    3.7784E-02   -7.1730E-04   -3.7030E-03    9.5667E-03    3.4686E-03    1.7970E-03    9.5439E-03    3.4194E-04   -1.4207E-02   -2.4295E-03    3.8938E-03    5.4776E-02    2.6689E-01  
  1.1059E+01   -4.0444E-01   -1.0803E-01    3.6020E+00    2.6262E-02    5.5182E-02   -6.6581E-02   -2.6342E-01    2.7351E-02    2.9362E-02   -1.9108E-01    3.4651E-02    1.2388E-02   -3.3719E-03    1.4383E-02    4.3721E-03    2.5847E-03    6.5909E-03    5.0795E-03   -1.3947E-02    1.1693E-03    4.1194E-03    5.6470E-02    2.5195E-01  
  1.1246E+01   -3.5421E-01   -1.8728E-01    3.5884E+00    3.0721E-02    2.3295E-02   -1.2825E-01   -2.5207E-01    5.7330E-02    8.5119E-03   -1.9777E-01    2.7657E-02    2.5150E-02   -2.5202E-03    1.8537E-02    6.4339E-03    3.5760E-03    5.3911E-04    7.9771E-03   -1.2657E-02    5.3390E-03    6.4665E-03    5.9010E-02    2.4492E-01  
  1.1537E+01   -2.6714E-01   -2.1285E-01    3.5590E+00   -2.0103E-02   -6.1734E-03   -1.7865E-01   -2.3430E-01    7.9598E-02   -2.8561E-02   -2.1089E-01    1.7619E-02    3.6190E-02   -1.3193E-03    2.1519E-02    8.7502E-03    5.3534E-03   -6.1383E-03    7.1569E-03   -1.0240E-02    1.0147E-02    1.0388E-02    6.0930E-02    2.5301E-01  
  1.2933E+01   -2.5662E+00   -2.6549E+00    3.5036E+00   -1.5228E-01    3.8628E-04   -2.1484E-01   -2.1162E-01    8.9319E-02   -8.2721E-02   -2.3337E-01    5.7307E-03    4.3334E-02    7.4317E-04    2.2119E-02    8.3881E-03    5.5237E-03   -8.1670E-03    1.9647E-03   -7.7562E-03    1.7190E-02    1.4139E-02    6.1300E-02    2.7568E-01  
  1.3100E+01   -2.0980E+00   -2.8341E+00    3.4070E+00   -3.9284E-01    9.0621E-02   -2.3256E-01   -1.8332E-01    8.2332E-02   -1.5732E-01   -2.6786E-01   -4.1955E-03    4.3776E-02    4.3885E-03    2.1177E-02    4.4518E-03    2.1646E-03   -1.4322E-03   -4.1378E-03   -7.9143E-03    2.5359E-02    1.6203E-02    6.0394E-02    2.9607E-01  
  1.3241E+01   -1.6896E+00   -2.7762E+00    3.2518E+00   -7.6298E-01    3.2231E-01   -2.2694E-01   -1.4927E-01    5.3328E-02   -2.5598E-01   -3.1808E-01   -6.3033E-03    3.2821E-02    9.4153E-03    2.0773E-02   -4.0543E-03   -8.4573E-03    1.6213E-02   -6.5081E-03   -1.1628E-02    3.0899E-02    1.5206E-02    5.8410E-02    2.8194E-01  
  1.3185E+01   -1.2858E+00   -2.6730E+00    2.9041E+00   -1.3895E+00    8.8574E-01   -2.9587E-01   -1.5251E-01    4.9888E-02   -2.9313E-01   -4.3911E-01    4.8089E-02   -4.1136E-02    7.9632E-04    7.6148E-02   -4.5539E-02   -8.2943E-02    5.0466E-02    4.4210E-03   -3.8736E-02    3.1889E-02    7.9867E-03    4.8385E-02    2.8605E-01  
  1.3115E+01   -2.5659E+00    2.3054E+00    3.4052E+00    3.8010E-01   -9.0332E-02    1.8722E-01   -2.2915E-01   -1.8450E-01   -8.4318E-02   -2.6873E-01    2.0000E-02   -4.0823E-02   -3.5032E-03   -1.1361E-02    4.6014E-03   -3.7426E-03    2.1159E-03    8.4215E-03   -2.5705E-03   -1.6800E-02    1.5193E-02    6.1674E-02    2.5132E-01  
  1.2991E+01   -3.0221E+00    2.0167E+00    3.4814E+00    1.6607E-01   -9.6878E-02    1.5709E-01   -2.5621E-01   -1.5191E-01   -1.3187E-02   -2.4078E-01    3.2390E-02   -3.7335E-02   -5.0728E-03   -9.0761E-03    8.4651E-03   -5.6598E-03    3.7775E-04   -1.2505E-04   -7.5979E-03   -1.0137E-02    1.4346E-02    6.1394E-02    2.3658E-01  
  1.1918E+01   -7.1945E-01    3.0229E-01    3.5258E+00    5.2439E-02   -6.7612E-02    1.1379E-01   -2.7643E-01   -1.0842E-01    3.6507E-02   -2.2278E-01    4.2655E-02   -2.7635E-02   -5.2682E-03   -4.1867E-03    9.1199E-03   -4.0479E-03    4.6674E-03   -4.4609E-03   -1.3199E-02   -6.5644E-03    1.2915E-02    6.0368E-02    2.3080E-01  
  1.1598E+01   -3.0871E-01    6.0543E-02    3.5496E+00    6.1787E-03   -3.5714E-02    6.0011E-02   -2.8890E-01   -5.8029E-02    6.6617E-02   -2.1318E-01    4.8989E-02   -1.4897E-02   -5.2874E-03    2.0297E-03    8.9814E-03   -1.1351E-03    9.5840E-03   -4.0337E-03   -1.7082E-02   -5.2753E-03    1.2212E-02    5.9166E-02    2.4942E-01  
  1.1543E+01   -3.3144E-01   -4.4197E-03    3.5578E+00   -5.4030E-03   -2.2336E-02    6.9006E-04   -2.9300E-01   -4.6324E-03    7.7415E-02   -2.1076E-01    5.0302E-02   -7.6195E-04   -5.3540E-03    8.7145E-03    9.0050E-03    1.8964E-03    1.0993E-02   -2.0698E-04   -1.8516E-02   -4.0551E-03    1.1711E-02    5.9344E-02    2.8363E-01  
  1.1598E+01   -3.0957E-01   -6.9356E-02    3.5519E+00   -1.7031E-02   -3.4709E-02   -5.8486E-02   -2.8892E-01    4.8602E-02    6.9294E-02   -2.1427E-01    4.6612E-02    1.3756E-02   -5.5874E-03    1.5238E-02    9.1783E-03    3.8750E-03    8.0119E-03    3.6680E-03   -1.8004E-02   -2.3472E-03    1.1537E-02    6.0758E-02    2.7427E-01  
  1.1917E+01   -7.2117E-01   -3.1006E-01    3.5296E+00   -6.3351E-02   -6.5851E-02   -1.1271E-01   -2.7661E-01    9.8359E-02    4.1688E-02   -2.2397E-01    3.8681E-02    2.7126E-02   -5.7650E-03    2.0788E-02    9.4468E-03    5.0192E-03    2.1630E-03    4.6081E-03   -1.4932E-02    3.4911E-04    1.1936E-02    6.2830E-02    2.5557E-01  
  1.2991E+01   -3.0250E+00   -2.0222E+00    3.4854E+00   -1.7733E-01   -9.4403E-02   -1.5664E-01   -2.5641E-01    1.4085E-01   -5.8617E-03   -2.4127E-01    2.7788E-02    3.7292E-02   -5.4574E-03    2.4815E-02    8.8506E-03    5.0399E-03   -2.6984E-03    1.0943E-03   -1.0127E-02    5.9346E-03    1.3193E-02    6.4128E-02    2.7415E-01  
  1.3114E+01   -2.5681E+00   -2.3111E+00    3.4089E+00   -3.9198E-01   -8.7090E-02   -1.8671E-01   -2.2923E-01    1.7209E-01   -7.5314E-02   -2.6857E-01    1.5248E-02    4.1272E-02   -3.5628E-03    2.6027E-02    5.2062E-03    1.9176E-03   -1.6478E-03   -7.0817E-03   -5.3771E-03    1.5018E-02    1.4740E-02    6.4288E-02    3.0472E-01  
  1.3266E+01   -2.6589E+00    1.8038E+00    3.2518E+00    7.4994E-01   -3.1966E-01    1.5331E-01   -2.2356E-01   -2.8974E-01   -5.6358E-02   -3.1878E-01    2.2766E-02   -2.7390E-02   -6.6170E-03   -1.4251E-02   -7.2264E-03    4.2194E-03    3.6811E-03    2.6492E-02   -8.0960E-04   -1.3425E-02    1.3621E-02    6.2530E-02    2.3460E-01  
  1.3187E+01   -3.0814E+00    1.6102E+00    3.3540E+00    4.2301E-01   -3.2760E-01    1.3175E-01   -2.5588E-01   -2.2824E-01    3.1809E-02   -2.8562E-01    3.6249E-02   -3.0193E-02   -7.9901E-03   -1.1171E-02    5.8898E-04   -1.4023E-03   -1.7652E-03    1.4123E-02   -7.5334E-03   -5.9638E-03    1.4456E-02    6.2926E-02    2.5538E-01  
  1.3114E+01   -3.4355E+00    1.1533E+00    3.4173E+00    2.1408E-01   -2.9894E-01    9.6175E-02   -2.7855E-01   -1.5843E-01    9.2566E-02   -2.6356E-01    4.8342E-02   -2.4434E-02   -7.6271E-03   -6.7503E-03    5.0321E-03   -2.8619E-03   -9.2766E-04    4.7013E-03   -1.5772E-02   -2.5197E-03    1.4908E-02    6.2348E-02    2.6354E-01  
  1.3063E+01   -3.6186E+00    5.0187E-01    3.4522E+00    8.4280E-02   -2.6760E-01    5.0963E-02   -2.9251E-01   -8.2222E-02    1.2938E-01   -2.5101E-01    5.5847E-02   -1.3865E-02   -6.8463E-03   -1.5995E-04    7.1164E-03   -9.1410E-04    2.5427E-03    2.0176E-04   -2.1900E-02   -3.3910E-03    1.5793E-02    6.1607E-02    2.6112E-01  
  1.3044E+01   -3.6725E+00   -2.5614E-03    3.4641E+00   -4.2672E-03   -2.5453E-01    6.5000E-04   -2.9750E-01   -3.5079E-03    1.4233E-01   -2.4776E-01    5.7289E-02   -6.6743E-04   -6.7299E-03    7.6783E-03    7.4794E-03    1.9678E-03    3.7488E-03   -6.3036E-04   -2.4356E-02   -5.4993E-03    1.5990E-02    6.1625E-02    2.3135E-01  
  1.3063E+01   -3.6200E+00   -5.0809E-01    3.4548E+00   -9.2965E-02   -2.6644E-01   -4.9655E-02   -2.9301E-01    7.4940E-02    1.3195E-01   -2.5209E-01    5.3230E-02    1.2726E-02   -7.5265E-03    1.5289E-02    7.1194E-03    3.7322E-03    1.5975E-03   -1.4906E-03   -2.3237E-02   -7.0811E-03    1.5445E-02    6.3112E-02    2.7368E-01  
  1.3113E+01   -3.4388E+00   -1.1581E+00    3.4212E+00   -2.2307E-01   -2.9677E-01   -9.5317E-02   -2.7932E-01    1.5052E-01    9.7488E-02   -2.6455E-01    4.4096E-02    2.3744E-02   -8.6471E-03    2.1438E-02    5.1277E-03    4.0195E-03   -2.4285E-03   -5.2770E-03   -1.8348E-02   -6.4394E-03    1.4218E-02    6.5079E-02    2.7858E-01  
  1.3186E+01   -3.0840E+00   -1.6145E+00    3.3581E+00   -4.3269E-01   -3.2439E-01   -1.3129E-01   -2.5654E-01    2.1932E-01    3.8749E-02   -2.8594E-01    3.1384E-02    2.9726E-02   -8.8961E-03    2.5467E-02    8.3847E-04    1.0974E-03   -3.8124E-03   -1.3671E-02   -1.1206E-02   -8.1727E-04    1.3198E-02    6.6478E-02    2.8114E-01  
  1.3266E+01   -2.6607E+00   -1.8099E+00    3.2562E+00   -7.6013E-01   -3.1538E-01   -1.5245E-01   -2.2377E-01    2.7955E-01   -4.7753E-02   -3.1802E-01    1.7843E-02    2.7795E-02   -7.3104E-03    2.7951E-02   -6.2900E-03   -5.4069E-03    9.6898E-04   -2.5471E-02   -4.8366E-03    9.6966E-03    1.3275E-02    6.6845E-02    2.9748E-01  
  1.3034E+01   -2.8141E+00    1.4998E+00    2.7799E+00    1.5581E+00   -9.8490E-01    2.2217E-01   -4.0268E-01   -1.9499E-01   -5.4994E-02   -4.6127E-01   -6.6261E-02    1.1160E-01    7.9482E-03    1.0099E-01   -9.6115E-02    5.2254E-02   -4.7741E-03    8.4119E-02    1.7648E-02    3.1074E-02    4.2603E-03    4.9845E-02    2.9762E-01  
  1.3318E+01   -2.6877E+00    1.3604E+00    3.1435E+00    8.0301E-01   -7.7684E-01    1.0576E-01   -2.3565E-01   -3.1806E-01    1.0378E-01   -3.5051E-01    2.2102E-02   -6.4561E-03   -1.1468E-02   -3.0037E-03   -1.9397E-02    7.1261E-03   -1.2524E-02    4.0159E-02   -8.6123E-03    3.9967E-03    1.4346E-02    6.4525E-02    2.7139E-01  
  1.3289E+01   -3.0281E+00    9.0849E-01    3.2373E+00    4.5243E-01   -7.4101E-01    7.5730E-02   -2.5222E-01   -2.2380E-01    1.8170E-01   -3.2127E-01    4.1055E-02   -1.4607E-02   -1.0474E-02   -7.4210E-03   -9.7258E-03    9.4644E-04   -1.4668E-02    1.9224E-02   -1.9020E-02    7.3937E-04    1.4669E-02    6.3800E-02    2.7517E-01  
  1.3257E+01   -3.2403E+00    4.5639E-01    3.2839E+00    2.0133E-01   -7.1198E-01    4.0439E-02   -2.6965E-01   -1.1380E-01    2.2442E-01   -3.0729E-01    4.8390E-02   -8.9897E-03   -9.7909E-03   -8.3093E-04   -6.8029E-03    3.4595E-04   -1.5263E-02    7.4635E-03   -2.6802E-02   -1.2135E-03    1.5420E-02    6.2491E-02    2.4858E-01  
  1.3247E+01   -3.3101E+00   -2.7837E-03    3.2995E+00   -2.9371E-03   -6.9985E-01    4.4953E-04   -2.7617E-01   -2.5873E-03    2.3919E-01   -3.0361E-01    4.9401E-02   -4.9747E-04   -9.9016E-03    6.4506E-03   -6.6295E-03    1.8847E-03   -1.5123E-02   -1.0192E-03   -3.0209E-02   -6.6529E-03    1.5910E-02    6.2185E-02    1.9887E-01  
  1.3256E+01   -3.2412E+00   -4.6395E-01    3.2861E+00   -2.0757E-01   -7.1094E-01   -3.9526E-02   -2.7085E-01    1.0826E-01    2.2654E-01   -3.0858E-01    4.5220E-02    7.9258E-03   -1.0873E-02    1.3417E-02   -7.3771E-03    2.4569E-03   -1.5776E-02   -9.5108E-03   -2.8635E-02   -1.1779E-02    1.5163E-02    6.3683E-02    2.6906E-01  
  1.3288E+01   -3.0296E+00   -9.1431E-01    3.2408E+00   -4.5937E-01   -7.3885E-01   -7.5024E-02   -2.5378E-01    2.1762E-01    1.8569E-01   -3.2263E-01    3.6007E-02    1.3565E-02   -1.2183E-02    1.9701E-02   -1.0205E-02    4.9559E-04   -1.5789E-02   -2.0385E-02   -2.2756E-02   -1.2520E-02    1.3828E-02    6.6270E-02    3.0085E-01  
  1.3319E+01   -2.6846E+00   -1.3655E+00    3.1501E+00   -8.0827E-01   -7.6946E-01   -1.0427E-01   -2.3355E-01    3.1408E-01    1.1249E-01   -3.5006E-01    1.8682E-02    7.1458E-03   -1.2077E-02    1.8442E-02   -1.9235E-02   -6.9947E-03   -1.2797E-02   -3.8707E-02   -1.3515E-02   -1.0834E-02    1.2489E-02    6.9305E-02    2.9715E-01  
  1.2867E+01   -3.0030E+00   -1.6369E+00    2.7297E+00   -1.7512E+00   -1.0452E+00   -2.4915E-01   -4.3644E-01    4.7261E-02   -8.2922E-03   -4.6316E-01   -7.2228E-02   -1.2773E-01    7.4773E-02   -1.4548E-01   -9.6168E-02   -5.4767E-02   -4.6260E-03   -8.0473E-02    5.4701E-02   -3.9596E-02    3.2181E-03    5.3229E-02    3.0033E-01  
