  4.8617E+00    3.7819E+00   -2.4546E+00   -9.5548E-01   -2.2045E+00   -1.1991E+00   -1.1819E-01    2.5031E-01   -2.8316E-01    5.1593E-01   -3.4258E-02   -2.9139E-01    8.2225E-01    3.3000E-01   -4.7798E-01    2.5587E-02    2.3684E-02   -8.9607E-02    4.4632E-01    1.3946E-01    9.4256E-02   -2.8761E-02    3.4962E-01    1.7837E+00  
  5.4003E+00    2.4181E+00   -4.3036E+00    9.6143E-02   -7.5110E-01   -3.8418E-01   -5.6387E-01   -5.3477E-01   -1.0884E+00    2.3044E-01    9.7714E-03    2.4458E-02    1.4180E+00    1.4988E-01   -1.3641E-01    5.7250E-02    8.5417E-02   -3.8719E-02    1.6383E-01    1.5396E-01   -5.0578E-02   -1.6958E-02    4.0447E-01    2.0750E+00  
  4.5237E+00    2.6017E+00   -6.6963E+00    8.5718E-02   -6.5600E-01   -3.3452E-01   -4.6488E-01   -3.7043E-01   -9.5364E-01    3.9689E-02   -2.1936E-02    2.1824E-02    1.4067E+00    1.1925E-01   -1.8228E-01    5.8718E-02    8.9959E-02   -1.5311E-02    2.0421E-01    9.7708E-02   -9.4472E-02   -2.0493E-02    4.0671E-01    1.9587E+00  
  3.5787E+00    2.1914E+00   -7.8939E+00    9.2076E-02   -5.7637E-01   -2.8486E-01   -4.1385E-01   -2.5644E-01   -8.5251E-01   -1.1311E-01   -4.7162E-02    3.4640E-02    1.4135E+00    5.8424E-02   -1.9751E-01    3.6190E-02    8.4319E-02    1.9074E-02    2.0699E-01    5.2001E-02   -1.2329E-01   -1.9500E-02    4.1476E-01    1.8060E+00  
  2.6629E+00    1.6433E+00   -8.3283E+00    8.4881E-02   -5.0869E-01   -2.7216E-01   -3.8419E-01   -1.5506E-01   -7.5239E-01   -2.3712E-01   -8.1515E-02    4.5813E-02    1.4074E+00   -5.9478E-03   -1.9756E-01    8.6789E-03    8.0379E-02    5.4938E-02    1.9213E-01    2.4529E-03   -1.3414E-01   -1.3341E-02    4.2127E-01    1.6714E+00  
  1.8143E+00    1.0156E+00   -8.3597E+00    5.9158E-02   -4.0636E-01   -3.0361E-01   -3.6885E-01   -6.1968E-02   -6.5229E-01   -3.3419E-01   -1.2538E-01    4.9748E-02    1.3903E+00   -6.7886E-02   -1.8343E-01   -1.4937E-02    8.1002E-02    8.4549E-02    1.6070E-01   -4.9078E-02   -1.2872E-01   -7.2297E-03    4.2447E-01    1.8823E+00  
  1.0636E+00    3.5560E-01   -7.5638E+00    5.0132E-03   -2.1809E-01   -3.7282E-01   -3.6711E-01    2.6455E-02   -5.5513E-01   -4.0417E-01   -1.8025E-01    4.2053E-02    1.3701E+00   -1.2096E-01   -1.5516E-01   -2.5722E-02    8.0226E-02    9.9710E-02    1.1206E-01   -1.0010E-01   -1.0310E-01   -6.6983E-03    4.2500E-01    2.0554E+00  
  4.6981E-01    1.3747E-01   -5.4227E+00   -1.3272E-01    1.5483E-01   -4.8272E-01   -4.0413E-01    1.6044E-01   -5.1187E-01   -4.4837E-01   -2.6894E-01    2.0305E-03    1.3961E+00   -1.3781E-01   -9.0211E-02    7.6171E-04    6.0342E-02    9.2306E-02    2.1570E-02   -1.6516E-01   -6.3427E-02   -1.1301E-02    4.2943E-01    2.1816E+00  
  1.1805E+00   -1.5969E+00   -3.7192E+00    5.5959E-01   -3.9332E-01    1.1902E-01    4.6279E-02   -5.3823E-01    3.5942E-01   -5.1957E-01   -3.6891E-01    2.3702E-01    9.2406E-01   -2.8422E-01   -3.9234E-01    1.2184E-01   -6.0430E-02    9.1650E-02    2.4267E-01   -1.5688E-01    8.0987E-02   -7.0956E-03    3.7083E-01    1.8566E+00  
  5.7224E+00    2.0324E+00   -2.6013E+00    1.2016E-01   -7.5946E-01   -1.3839E-01   -5.1261E-01   -4.9233E-01   -9.1178E-01    5.0081E-01    3.8705E-02    8.7858E-03    1.4112E+00    2.0633E-01   -7.5337E-02    9.3162E-02    9.8398E-02   -1.0422E-01    1.7555E-01    1.1864E-01    2.7722E-02   -3.2679E-02    3.9780E-01    2.2675E+00  
  4.9571E+00    2.3014E+00   -4.3757E+00    1.5303E-01   -6.4530E-01   -8.1007E-02   -4.2712E-01   -3.7091E-01   -8.5412E-01    3.0266E-01    3.8885E-02    1.6703E-02    1.4422E+00    1.6679E-01   -1.1289E-01    7.9661E-02    8.8565E-02   -8.2504E-02    2.0405E-01    9.5846E-02   -2.0684E-02   -3.9350E-02    4.1002E-01    2.2219E+00  
  4.0469E+00    1.9101E+00   -6.9104E+00    1.6924E-01   -6.1518E-01   -5.8658E-03   -3.6724E-01   -2.6624E-01   -7.9168E-01    1.3172E-01    2.7465E-02    2.9336E-02    1.4624E+00    1.1681E-01   -1.4055E-01    5.6254E-02    7.6355E-02   -5.0334E-02    2.2163E-01    6.7275E-02   -5.6750E-02   -3.8609E-02    4.2311E-01    2.1208E+00  
  3.0810E+00    1.9225E+00   -8.2814E+00    1.7527E-01   -6.3510E-01    5.3327E-02   -3.2886E-01   -1.7337E-01   -7.2597E-01   -1.6385E-02    5.7949E-03    4.6569E-02    1.4690E+00    5.9201E-02   -1.5497E-01    2.2448E-02    6.5413E-02   -1.0026E-02    2.2600E-01    3.5138E-02   -7.8591E-02   -2.7882E-02    4.3506E-01    1.9698E+00  
  2.1497E+00    1.8335E+00   -8.6620E+00    1.7149E-01   -6.6741E-01    7.3665E-02   -3.0683E-01   -8.9893E-02   -6.5712E-01   -1.4229E-01   -2.3789E-02    6.1613E-02    1.4583E+00    3.9145E-04   -1.5710E-01   -1.3628E-02    6.2432E-02    3.1310E-02    2.1767E-01    1.4936E-04   -8.7518E-02   -1.2320E-02    4.4267E-01    1.8119E+00  
  1.3069E+00    1.6805E+00   -8.8890E+00    1.5916E-01   -6.7158E-01    4.8277E-02   -2.9801E-01   -1.2527E-02   -5.8598E-01   -2.4576E-01   -6.1380E-02    6.9472E-02    1.4310E+00   -5.7461E-02   -1.4782E-01   -4.6620E-02    6.9344E-02    6.8006E-02    1.9571E-01   -3.5897E-02   -8.1850E-02    3.1898E-03    4.4538E-01    2.0361E+00  
  5.9722E-01    1.5005E+00   -8.0721E+00    1.3419E-01   -6.0246E-01   -1.6104E-02   -2.9906E-01    6.1578E-02   -5.1576E-01   -3.2469E-01   -1.0819E-01    6.5908E-02    1.3947E+00   -1.1144E-01   -1.2577E-01   -7.0413E-02    8.1092E-02    9.3759E-02    1.6047E-01   -7.1558E-02   -6.2721E-02    1.3483E-02    4.4280E-01    2.2020E+00  
  7.8335E-02    7.7839E-01   -5.9458E+00    8.3552E-02   -4.1483E-01   -9.7004E-02   -3.0846E-01    1.3383E-01   -4.5289E-01   -3.7754E-01   -1.6413E-01    4.8774E-02    1.3619E+00   -1.5340E-01   -9.1480E-02   -7.7534E-02    8.7564E-02    9.9737E-02    1.1293E-01   -1.0562E-01   -2.6806E-02    1.3506E-02    4.3703E-01    2.3133E+00  
 -2.0428E-01    5.6514E-01   -4.3608E+00   -9.2114E-03   -6.4392E-02   -1.5673E-01   -3.2161E-01    2.0614E-01   -4.0003E-01   -4.0254E-01   -2.3108E-01    2.4879E-02    1.3439E+00   -1.8075E-01   -5.1645E-02   -6.7305E-02    8.1221E-02    8.1342E-02    5.8351E-02   -1.3260E-01    2.4770E-02    4.9489E-03    4.3002E-01    2.3896E+00  
  5.2088E+00   -1.0658E-01   -1.7896E+00    1.7971E-01   -6.0878E-01   -1.4140E-02   -3.9846E-01   -3.8130E-01   -7.0397E-01    5.3109E-01    6.8730E-02    8.7299E-03    1.4572E+00    1.9028E-01   -3.3006E-02    9.0741E-02    9.1616E-02   -1.4001E-01    1.7916E-01    7.3700E-02    4.2430E-02   -5.1480E-02    4.0838E-01    2.3740E+00  
  4.4290E+00    7.7845E-01   -4.1439E+00    2.0071E-01   -5.7535E-01    4.9141E-02   -3.3106E-01   -2.8328E-01   -6.7783E-01    3.5064E-01    6.9939E-02    1.7028E-02    1.4903E+00    1.5137E-01   -6.8730E-02    7.1836E-02    7.3926E-02   -1.1289E-01    2.0211E-01    6.0067E-02    1.8560E-03   -5.6644E-02    4.2480E-01    2.3565E+00  
  2.4846E+00    1.1449E+00   -1.9066E+00    2.0599E-01   -6.1573E-01    1.3021E-01   -2.8427E-01   -1.9740E-01   -6.4487E-01    1.9064E-01    6.0608E-02    2.9997E-02    1.5116E+00    1.0469E-01   -9.3402E-02    4.4352E-02    5.3715E-02   -7.5101E-02    2.1478E-01    4.2677E-02   -2.7945E-02   -4.9862E-02    4.4299E-01    2.2753E+00  
  1.8981E+00    1.4505E+00   -1.4384E+00    1.9987E-01   -7.0101E-01    1.9286E-01   -2.5394E-01   -1.1891E-01   -6.0431E-01    4.7424E-02    4.2146E-02    4.4493E-02    1.5164E+00    5.4072E-02   -1.0840E-01    1.2048E-02    3.8807E-02   -2.9983E-02    2.1974E-01    2.1173E-02   -4.5367E-02   -3.5244E-02    4.5855E-01    2.1173E+00  
  1.5949E+00    1.8030E+00   -1.8019E+00    1.9093E-01   -7.9561E-01    2.1521E-01   -2.3810E-01   -4.7058E-02   -5.5952E-01   -7.8573E-02    1.5974E-02    5.7608E-02    1.5037E+00    2.9030E-03   -1.1184E-01   -2.2734E-02    3.5080E-02    1.6514E-02    2.1555E-01   -1.3089E-03   -5.1198E-02   -1.4631E-02    4.6841E-01    1.9383E+00  
  1.4012E+00    2.1076E+00   -2.1476E+00    1.8255E-01   -8.6267E-01    1.9115E-01   -2.3401E-01    2.0129E-02   -5.1186E-01   -1.8665E-01   -1.6776E-02    6.3981E-02    1.4735E+00   -4.7997E-02   -1.0517E-01   -5.5656E-02    4.7480E-02    5.9369E-02    2.0092E-01   -2.4128E-02   -4.7153E-02    6.5668E-03    4.6861E-01    2.1594E+00  
  1.1348E+00    2.2654E+00   -3.2737E+00    1.7296E-01   -8.6709E-01    1.2838E-01   -2.3860E-01    8.4326E-02   -4.6455E-01   -2.7452E-01   -5.6055E-02    5.9081E-02    1.4316E+00   -9.7199E-02   -8.6597E-02   -8.1846E-02    6.8707E-02    9.3032E-02    1.7718E-01   -4.7392E-02   -3.1333E-02    2.2492E-02    4.6253E-01    2.3319E+00  
 -3.1755E-01    2.3715E+00   -6.0730E+00    1.5662E-01   -7.7266E-01    5.0878E-02   -2.4746E-01    1.4498E-01   -4.2041E-01   -3.3931E-01   -1.0203E-01    4.3920E-02    1.3857E+00   -1.4033E-01   -5.9257E-02   -9.8841E-02    9.0088E-02    1.1022E-01    1.4740E-01   -6.7686E-02   -1.4870E-03    3.1196E-02    4.5228E-01    2.4359E+00  
 -4.8915E-01    2.8841E+00   -4.0473E+00    1.1207E-01   -5.3992E-01   -6.7417E-03   -2.5780E-01    2.0641E-01   -3.8826E-01   -3.7970E-01   -1.5856E-01    2.0726E-02    1.3496E+00   -1.7193E-01   -2.2548E-02   -9.9972E-02    9.8922E-02    1.0523E-01    1.0928E-01   -8.4928E-02    4.1243E-02    2.5801E-02    4.4107E-01    2.4683E+00  
  4.6781E+00   -2.1391E+00    4.3093E+00   -1.0219E+00   -2.4022E+00    1.2554E+00    3.0008E-01   -8.0396E-02   -4.7081E-01    1.4598E-01   -3.1431E-02    3.0657E-01    7.9170E-01    3.9666E-01    5.7744E-01    2.1382E-02    1.9743E-02   -4.6134E-01    9.1598E-02    1.0722E-01    1.0496E-01   -2.6938E-02    3.4990E-01    1.7899E+00  
  5.7114E+00   -2.3265E+00    1.9573E+00    1.2131E-01   -7.5406E-01    1.1241E-01   -4.9066E-01   -5.1261E-01   -4.8643E-01    9.3742E-01    4.1031E-02    6.9697E-04    1.4097E+00    2.0103E-01    9.5624E-02    9.7431E-02    9.1700E-02   -1.8301E-01    1.0197E-01    2.4743E-02    1.3495E-01   -3.1793E-02    3.9314E-01    2.2532E+00  
  5.1830E+00   -2.0446E+00    6.3588E-01    1.7945E-01   -6.0659E-01   -1.0094E-02   -3.7958E-01   -3.9822E-01   -5.1451E-01    7.2603E-01    6.9405E-02    7.9958E-04    1.4558E+00    1.8773E-01    5.2352E-02    9.2098E-02    9.0743E-02   -1.8425E-01    1.3732E-01    3.5369E-02    8.7525E-02   -5.1889E-02    4.0652E-01    2.3626E+00  
  4.5426E+00   -1.2198E+00   -1.2456E+00    2.0929E-01   -5.4971E-01   -1.1129E-02   -3.0317E-01   -3.0315E-01   -5.2380E-01    5.4231E-01    8.5151E-02    4.4400E-03    1.4983E+00    1.6045E-01    9.7461E-03    7.6125E-02    7.5680E-02   -1.6523E-01    1.6278E-01    3.7281E-02    4.7433E-02   -6.4262E-02    4.2357E-01    2.4048E+00  
  2.1887E+00    4.2193E-01   -3.2014E-01    2.1489E-01   -5.7413E-01    5.3964E-02   -2.4873E-01   -2.2088E-01   -5.1876E-01    3.7744E-01    8.5712E-02    1.1997E-02    1.5290E+00    1.2546E-01   -2.5389E-02    5.4709E-02    5.2757E-02   -1.3306E-01    1.8025E-01    3.3313E-02    1.5200E-02   -6.4598E-02    4.4346E-01    2.4500E+00  
  1.6982E+00    8.4997E-01   -6.6652E-01    2.0488E-01   -6.5807E-01    1.3675E-01   -2.1115E-01   -1.4777E-01   -5.0453E-01    2.2750E-01    7.6437E-02    2.2350E-02    1.5459E+00    8.6334E-02   -5.0570E-02    2.7725E-02    2.7621E-02   -9.0779E-02    1.9050E-01    2.4681E-02   -7.4073E-03   -5.3787E-02    4.6391E-01    2.3788E+00  
  1.3112E+00    1.2470E+00   -1.0590E+00    1.8682E-01   -7.7615E-01    2.0116E-01   -1.8739E-01   -8.1674E-02   -4.8291E-01    8.8303E-02    6.1110E-02    3.4003E-02    1.5486E+00    4.5145E-02   -6.5847E-02    1.0633E-03    1.1157E-02   -4.2553E-02    1.9513E-01    1.2643E-02   -2.2031E-02   -3.7132E-02    4.8132E-01    2.2216E+00  
  1.0511E+00    1.6087E+00   -1.4628E+00    1.6928E-01   -8.9780E-01    2.2449E-01   -1.7613E-01   -2.1058E-02   -4.5657E-01   -3.8379E-02    4.2861E-02    4.3904E-02    1.5357E+00    3.2634E-03   -7.0496E-02   -2.3920E-02    8.4142E-03    7.9416E-03    1.9360E-01   -1.4638E-03   -2.7416E-02   -1.8784E-02    4.9120E-01    2.0637E+00  
  9.1926E-01    1.9351E+00   -1.8521E+00    1.5982E-01   -9.9310E-01    2.0109E-01   -1.7564E-01    3.6214E-02   -4.2705E-01   -1.5139E-01    1.9097E-02    4.7342E-02    1.5078E+00   -3.8539E-02   -6.4398E-02   -4.7710E-02    2.2664E-02    5.5503E-02    1.8383E-01   -1.5853E-02   -2.3617E-02    4.6158E-04    4.9020E-01    2.2301E+00  
  9.0742E-01    2.2232E+00   -2.2027E+00    1.6124E-01   -1.0342E+00    1.3925E-01   -1.8232E-01    9.1805E-02   -3.9757E-01   -2.4816E-01   -1.3605E-02    4.0501E-02    1.4682E+00   -7.9441E-02   -4.7817E-02   -7.0819E-02    4.8976E-02    9.4696E-02    1.6896E-01   -2.8699E-02   -1.0233E-02    1.9865E-02    4.8153E-01    2.4086E+00  
  9.9719E-01    2.4639E+00   -2.4815E+00    1.6708E-01   -9.9205E-01    6.2094E-02   -1.9177E-01    1.4645E-01   -3.7225E-01   -3.2430E-01   -5.3832E-02    2.3493E-02    1.4233E+00   -1.1770E-01   -2.1711E-02   -9.1636E-02    8.0060E-02    1.2137E-01    1.5073E-01   -3.8666E-02    1.1779E-02    3.5009E-02    4.6892E-01    2.5066E+00  
 -6.3153E-01    3.8245E+00   -3.8697E+00    1.5950E-01   -8.3724E-01    5.2084E-03   -2.0034E-01    2.0172E-01   -3.5773E-01   -3.7989E-01   -1.0252E-01    1.8162E-04    1.3801E+00   -1.4988E-01    1.3086E-02   -1.0169E-01    1.0064E-01    1.2918E-01    1.2798E-01   -4.4432E-02    4.5082E-02    3.7996E-02    4.5457E-01    2.4822E+00  
 -4.6610E-01    4.2735E+00   -2.1694E+00    1.1264E-01   -5.3653E-01    1.9660E-02   -2.0374E-01    2.5897E-01   -3.5862E-01   -4.1303E-01   -1.5999E-01   -2.0670E-02    1.3480E+00   -1.7214E-01    5.0717E-02   -1.0013E-01    9.9983E-02    1.1219E-01    1.0319E-01   -4.2698E-02    8.8581E-02    2.6397E-02    4.4019E-01    2.4634E+00  
 -1.9799E-01    4.0604E+00   -6.6753E-01   -9.5138E-03   -5.6756E-02    1.7199E-01   -2.0428E-01    3.2285E-01   -3.8225E-01   -4.2671E-01   -2.3482E-01   -2.4782E-02    1.3422E+00   -1.8093E-01    8.2736E-02   -8.1264E-02    6.6522E-02    6.3098E-02    7.9026E-02   -2.9821E-02    1.3857E-01    4.2441E-03    4.2702E-01    2.3876E+00  
  1.2412E+00    3.4362E+00    1.9689E+00    5.5791E-01   -5.0174E-01   -8.5286E-02    5.2234E-01   -5.8358E-02   -4.2224E-01    4.2288E-01   -3.8577E-01   -2.1548E-01    9.1753E-01   -3.7032E-01    4.6165E-01    6.5128E-02   -1.3475E-01    2.4542E-01    9.9771E-02   -8.6824E-02    1.1062E-01   -9.2700E-03    3.7207E-01    1.8785E+00  
  5.3782E+00   -5.2920E+00    2.9187E+00    9.7377E-02   -7.4253E-01    3.5438E-01   -5.3565E-01   -5.5914E-01   -2.1473E-01    1.1187E+00    1.1918E-02   -1.8968E-02    1.4134E+00    1.4722E-01    1.5699E-01    8.4678E-02    5.8121E-02   -1.7091E-01    4.3183E-02   -4.9092E-02    1.6798E-01   -1.8513E-02    3.9826E-01    2.0694E+00  
  4.9080E+00   -5.0672E+00    1.7660E+00    1.5310E-01   -6.3834E-01    5.8035E-02   -3.6955E-01   -4.2398E-01   -2.9205E-01    8.8096E-01    4.0801E-02   -8.3951E-03    1.4389E+00    1.5956E-01    1.3471E-01    8.8267E-02    7.9711E-02   -2.1000E-01    8.3123E-02   -1.8825E-02    1.1344E-01   -3.9677E-02    4.0576E-01    2.2375E+00  
  4.3957E+00   -4.4590E+00    1.1989E+00    2.0079E-01   -5.7082E-01   -7.0536E-02   -2.8242E-01   -3.2876E-01   -3.3828E-01    7.0160E-01    7.1254E-02   -8.6455E-03    1.4881E+00    1.4647E-01    8.9499E-02    7.3943E-02    7.1885E-02   -2.0590E-01    1.1242E-01   -6.7163E-04    7.5525E-02   -5.7304E-02    4.2250E-01    2.3522E+00  
  2.1897E+00   -3.0931E-01    4.1084E-01    2.1496E-01   -5.7201E-01   -7.3468E-02   -2.2119E-01   -2.4695E-01   -3.6323E-01    5.3881E-01    8.6390E-02   -3.8690E-03    1.5280E+00    1.2315E-01    4.6059E-02    5.2945E-02    5.4346E-02   -1.8205E-01    1.3244E-01    9.1784E-03    4.5341E-02   -6.5097E-02    4.4274E-01    2.4498E+00  
  1.6237E+00    1.2432E-01    1.1341E-01    2.0555E-01   -6.3170E-01   -8.5882E-03   -1.7741E-01   -1.7578E-01   -3.7266E-01    3.8834E-01    8.6527E-02    3.7093E-03    1.5529E+00    9.5882E-02    1.0572E-02    2.8487E-02    2.8242E-02   -1.4522E-01    1.4488E-01    1.3368E-02    2.1562E-02   -6.0335E-02    4.6304E-01    2.4257E+00  
  1.1450E+00    5.3565E-01   -2.6081E-01    1.8321E-01   -7.3265E-01    7.4757E-02   -1.4731E-01   -1.1233E-01   -3.7061E-01    2.4617E-01    7.7552E-02    1.2722E-02    1.5646E+00    6.6295E-02   -1.5416E-02    6.7858E-03    4.8347E-03   -1.0086E-01    1.5280E-01    1.1810E-02    3.6852E-03   -4.6224E-02    4.8177E-01    2.3810E+00  
  7.8549E-01    9.2785E-01   -6.8053E-01    1.5479E-01   -8.5493E-01    1.3964E-01   -1.3002E-01   -5.5843E-02   -3.6175E-01    1.1099E-01    6.7121E-02    2.2178E-02    1.5629E+00    3.5649E-02   -3.1657E-02   -1.1676E-02   -9.2694E-03   -5.0652E-02    1.5768E-01    6.8405E-03   -7.6565E-03   -3.1760E-02    4.9623E-01    2.2834E+00  
  5.7043E-01    1.2978E+00   -1.1117E+00    1.2905E-01   -9.7355E-01    1.6392E-01   -1.2398E-01   -7.4043E-03   -3.4758E-01   -1.6047E-02    6.0816E-02    2.8155E-02    1.5492E+00    3.0883E-03   -3.7137E-02   -2.1356E-02   -7.6862E-03    3.0219E-03    1.5729E-01   -1.0731E-03   -1.2724E-02   -2.2115E-02    5.0182E-01    2.1067E+00  
  4.9925E-01    1.6431E+00   -1.5336E+00    1.1734E-01   -1.0693E+00    1.4124E-01   -1.2381E-01    3.8834E-02   -3.3192E-01   -1.3315E-01    4.9599E-02    2.7664E-02    1.5286E+00   -2.9573E-02   -3.1143E-02   -3.0136E-02    4.3302E-03    5.4524E-02    1.5156E-01   -9.2163E-03   -9.6284E-03   -1.1540E-02    5.0323E-01    2.2614E+00  
  5.6103E-01    1.9590E+00   -1.9211E+00    1.2608E-01   -1.1176E+00    7.9324E-02   -1.3026E-01    8.8374E-02   -3.1652E-01   -2.3748E-01    2.3772E-02    1.8613E-02    1.4991E+00   -6.0478E-02   -1.4481E-02   -4.5907E-02    3.0313E-02    9.8116E-02    1.4179E-01   -1.4833E-02   -6.5426E-07    5.6841E-03    4.9589E-01    2.3830E+00  
  7.3645E-01    2.2387E+00   -2.2428E+00    1.4851E-01   -1.0977E+00    2.2239E-03   -1.3960E-01    1.3946E-01   -3.0670E-01   -3.2585E-01   -1.2652E-02    3.9652E-04    1.4624E+00   -9.0448E-02    1.1649E-02   -6.3138E-02    6.1968E-02    1.3111E-01    1.3158E-01   -1.7281E-02    1.6669E-02    2.4533E-02    4.8379E-01    2.4565E+00  
  9.9680E-01    2.4776E+00   -2.4693E+00    1.6713E-01   -9.8883E-01   -5.4909E-02   -1.4550E-01    1.9149E-01   -3.0603E-01   -3.9562E-01   -5.5107E-02   -2.2939E-02    1.4222E+00   -1.1797E-01    4.6552E-02   -8.1155E-02    9.0724E-02    1.5100E-01    1.2102E-01   -1.3922E-02    4.0077E-02    3.5771E-02    4.6894E-01    2.5112E+00  
 -2.8972E-01    6.3523E+00   -1.9669E+00    1.5692E-01   -7.6582E-01   -4.1307E-02   -1.4343E-01    2.4651E-01   -3.2170E-01   -4.4697E-01   -1.0459E-01   -4.3416E-02    1.3833E+00   -1.4078E-01    8.6021E-02   -9.1091E-02    9.8948E-02    1.4897E-01    1.0930E-01   -3.5311E-03    7.1601E-02    3.2304E-02    4.5160E-01    2.4388E+00  
  1.1981E-01    6.6059E+00   -1.3264E+00    8.4148E-02   -4.0448E-01    1.0888E-01   -1.3279E-01    3.0631E-01   -3.5975E-01   -4.8137E-01   -1.6784E-01   -4.8245E-02    1.3583E+00   -1.5443E-01    1.2093E-01   -8.8407E-02    7.8089E-02    1.1631E-01    9.9283E-02    1.7616E-02    1.1121E-01    1.4165E-02    4.3514E-01    2.3363E+00  
  4.8382E-01    6.3895E+00    3.5432E-01   -1.3259E-01    1.6574E-01    5.0243E-01   -1.6252E-01    3.9896E-01   -4.2191E-01   -5.4007E-01   -2.7327E-01    1.3574E-03    1.3901E+00   -1.4782E-01    1.2144E-01   -6.0958E-02    5.8591E-05    2.6991E-02    9.6065E-02    5.3629E-02    1.6551E-01   -1.0095E-02    4.2640E-01    2.1848E+00  
  4.4564E+00   -6.8830E+00    2.6115E+00    8.4998E-02   -6.4407E-01    3.1547E-01   -3.6882E-01   -4.5878E-01   -3.6722E-02    9.8425E-01   -2.0933E-02   -1.4097E-02    1.4028E+00    1.0735E-01    2.0848E-01    8.8939E-02    6.0156E-02   -2.0928E-01    1.7549E-02   -8.3862E-02    1.1668E-01   -2.1522E-02    4.0343E-01    1.9714E+00  
  4.0015E+00   -6.8422E+00    2.1857E+00    1.6949E-01   -6.0607E-01   -1.2948E-02   -2.6579E-01   -3.6219E-01   -1.2600E-01    8.1941E-01    2.9166E-02   -2.2197E-02    1.4593E+00    1.0788E-01    1.6500E-01    7.5168E-02    5.6689E-02   -2.2556E-01    5.1993E-02   -5.0270E-02    8.4284E-02   -3.9113E-02    4.2028E-01    2.1198E+00  
  2.4824E+00   -1.8837E+00    1.2103E+00    2.0637E-01   -6.0946E-01   -1.4788E-01   -1.9739E-01   -2.8011E-01   -1.8297E-01    6.6939E-01    6.1988E-02   -2.2912E-02    1.5090E+00    9.8304E-02    1.1664E-01    5.2673E-02    4.4457E-02   -2.1741E-01    7.5868E-02   -2.5964E-02    5.7557E-02   -5.0421E-02    4.4134E-01    2.2729E+00  
  1.7003E+00   -6.5606E-01    8.3909E-01    2.0492E-01   -6.5441E-01   -1.5300E-01   -1.4867E-01   -2.0782E-01   -2.1815E-01    5.2548E-01    7.7190E-02   -1.5410E-02    1.5440E+00    8.2488E-02    7.2969E-02    2.6770E-02    2.7564E-02   -1.9150E-01    9.1204E-02   -9.3573E-03    3.6791E-02   -5.4666E-02    4.6339E-01    2.3672E+00  
  1.1462E+00   -2.5015E-01    5.2483E-01    1.8320E-01   -7.3112E-01   -8.9303E-02   -1.1412E-01   -1.4448E-01   -2.3555E-01    3.8715E-01    7.7810E-02   -6.4896E-03    1.5637E+00    6.4668E-02    3.7382E-02    4.2859E-03    6.7084E-03   -1.5272E-01    1.0125E-01   -6.4591E-04    2.0603E-02   -4.6662E-02    4.8168E-01    2.3762E+00  
  6.8824E-01    1.4457E-01    1.3387E-01    1.5160E-01   -8.2844E-01   -6.3145E-03   -9.0692E-02   -8.8059E-02   -2.4164E-01    2.5298E-01    7.0239E-02    2.5626E-03    1.5696E+00    4.6046E-02    1.0959E-02   -1.3655E-02   -1.3199E-02   -1.0667E-01    1.0721E-01    3.1950E-03    8.5161E-03   -3.2500E-02    4.9562E-01    2.3113E+00  
  3.6477E-01    5.3401E-01   -2.9945E-01    1.1258E-01   -9.2957E-01    5.8706E-02   -8.3638E-02   -4.3276E-02   -2.3900E-01    1.2043E-01    7.3223E-02    1.0874E-02    1.5600E+00    2.4438E-02   -5.6006E-03   -1.6028E-02   -1.4534E-02   -5.2957E-02    1.0800E-01    2.4205E-03   -2.0868E-04   -2.9755E-02    4.9693E-01    2.2036E+00  
  1.9277E-01    9.0775E-01   -7.4903E-01    8.7219E-02   -1.0241E+00    8.3593E-02   -8.1192E-02   -1.3964E-03   -2.3297E-01   -5.4077E-03    7.2300E-02    1.4156E-02    1.5477E+00    2.8805E-03   -1.1035E-02   -1.5895E-02   -1.0294E-02    4.8064E-04    1.0704E-01   -2.8038E-04   -3.6962E-03   -2.4582E-02    4.9881E-01    2.0588E+00  
  1.7630E-01    1.2659E+00   -1.1929E+00    8.0296E-02   -1.0972E+00    6.1452E-02   -8.0916E-02    3.9192E-02   -2.2652E-01   -1.2479E-01    6.6859E-02    1.0992E-02    1.5354E+00   -1.8890E-02   -5.7907E-03   -1.5210E-02    5.0219E-04    5.2517E-02    1.0543E-01   -3.1984E-03   -2.5738E-03   -1.8385E-02    5.0178E-01    2.1776E+00  
  3.0884E-01    1.6070E+00   -1.6099E+00    9.1676E-02   -1.1345E+00   -4.9269E-04   -8.1184E-02    7.9871E-02   -2.2276E-01   -2.3727E-01    5.5702E-02    8.2898E-04    1.5224E+00   -4.1133E-02    1.0573E-02   -1.5869E-02    1.5237E-02    1.0193E-01    1.0336E-01   -4.5785E-03    3.9718E-03   -1.2584E-02    5.0523E-01    2.2908E+00  
  5.6060E-01    1.9183E+00   -1.9629E+00    1.2603E-01   -1.1150E+00   -7.7958E-02   -8.8733E-02    1.2876E-01   -2.2348E-01   -3.3639E-01    2.3026E-02   -1.7299E-02    1.4981E+00   -6.0813E-02    3.6697E-02   -3.0839E-02    4.4912E-02    1.4065E-01    9.8852E-02   -1.5995E-03    1.4261E-02    6.3428E-03    4.9613E-01    2.3812E+00  
  9.0658E-01    2.2003E+00   -2.2282E+00    1.6120E-01   -1.0283E+00   -1.3575E-01   -9.1565E-02    1.8027E-01   -2.3474E-01   -4.2196E-01   -1.5420E-02   -3.9320E-02    1.4662E+00   -8.0183E-02    7.1657E-02   -4.9135E-02    7.0217E-02    1.6854E-01    9.4639E-02    6.2419E-03    2.9117E-02    2.1118E-02    4.8192E-01    2.4021E+00  
  1.1371E+00    3.2558E+00   -2.1991E+00    1.7286E-01   -8.5752E-01   -1.2302E-01   -8.3959E-02    2.3552E-01   -2.6143E-01   -4.9243E-01   -5.8867E-02   -5.7890E-02    1.4286E+00   -9.8311E-02    1.1259E-01   -6.8556E-02    8.2009E-02    1.7792E-01    9.2366E-02    2.3416E-02    4.9380E-02    2.3620E-02    4.6253E-01    2.3344E+00  
  6.3250E-01    7.9945E+00   -1.2259E+00    1.3428E-01   -5.8886E-01    2.3368E-02   -6.1980E-02    2.9462E-01   -3.1126E-01   -5.4628E-01   -1.1164E-01   -6.4805E-02    1.3910E+00   -1.1301E-01    1.5420E-01   -8.0832E-02    7.1129E-02    1.6236E-01    9.3378E-02    5.0061E-02    7.4981E-02    1.4356E-02    4.4220E-01    2.2105E+00  
  1.1201E+00    7.7405E+00   -3.4639E-01    5.7092E-03   -2.0078E-01    3.8205E-01   -2.7541E-02    3.6097E-01   -3.8992E-01   -5.8746E-01   -1.8326E-01   -4.1332E-02    1.3657E+00   -1.2314E-01    1.8662E-01   -8.0287E-02    2.7072E-02    1.1523E-01    1.0001E-01    8.5703E-02    1.0467E-01   -5.5126E-03    4.2458E-01    2.0691E+00  
  3.5366E+00   -7.4938E+00    2.1540E+00    9.2394E-02   -5.6325E-01    2.7059E-01   -2.5621E-01   -4.0642E-01    1.1166E-01    8.8240E-01   -4.6642E-02   -2.9263E-02    1.4099E+00    4.6376E-02    2.2773E-01    8.2751E-02    3.6649E-02   -2.1043E-01   -1.6220E-02   -1.0815E-01    6.8304E-02   -1.9575E-02    4.1409E-01    1.8208E+00  
  3.0527E+00   -7.9521E+00    2.1549E+00    1.7576E-01   -6.2508E-01   -6.7447E-02   -1.7370E-01   -3.2240E-01    1.7344E-02    7.5318E-01    6.5017E-03   -4.1110E-02    1.4656E+00    4.9912E-02    1.8289E-01    6.3632E-02    2.2774E-02   -2.2888E-01    1.2222E-02   -6.7993E-02    4.9637E-02   -2.7896E-02    4.3413E-01    1.9655E+00  
  1.9023E+00   -1.4285E+00    1.4397E+00    2.0029E-01   -6.9386E-01   -2.0642E-01   -1.1990E-01   -2.4866E-01   -4.4652E-02    6.2885E-01    4.2686E-02   -3.9091E-02    1.5134E+00    4.7215E-02    1.3434E-01    3.6863E-02    1.2158E-02   -2.2134E-01    3.1402E-02   -3.9525E-02    3.4080E-02   -3.5497E-02    4.5798E-01    2.1070E+00  
  1.3146E+00   -1.0487E+00    1.2364E+00    1.8689E-01   -7.7171E-01   -2.1386E-01   -8.3388E-02   -1.8311E-01   -8.4122E-02    5.0412E-01    6.1380E-02   -2.8702E-02    1.5461E+00    4.0601E-02    9.0198E-02    9.4978E-03    1.2444E-03   -1.9545E-01    4.3481E-02   -2.0284E-02    2.3508E-02   -3.7731E-02    4.8131E-01    2.2244E+00  
  7.8784E-01   -6.6994E-01    9.1721E-01    1.5480E-01   -8.5268E-01   -1.5135E-01   -5.8142E-02   -1.2648E-01   -1.0582E-01    3.7859E-01    6.7171E-02   -1.7461E-02    1.5613E+00    3.3167E-02    5.4787E-02   -1.0386E-02   -1.1311E-02   -1.5721E-01    5.1315E-02   -8.3615E-03    1.5047E-02   -3.2153E-02    4.9656E-01    2.2692E+00  
  3.6594E-01   -2.8872E-01    5.2335E-01    1.1269E-01   -9.2883E-01   -6.9272E-02   -4.6028E-02   -8.0555E-02   -1.1471E-01    2.5064E-01    7.3107E-02   -6.9406E-03    1.5594E+00    2.3514E-02    2.7939E-02   -1.5290E-02   -1.5433E-02   -1.0725E-01    5.3539E-02   -2.0917E-03    7.6713E-03   -2.9777E-02    4.9717E-01    2.2033E+00  
  7.9118E-02    9.2309E-02    8.1543E-02    7.5829E-02   -9.9829E-01   -4.6737E-03   -4.2142E-02   -3.9158E-02   -1.1708E-01    1.2302E-01    7.7565E-02    1.5857E-03    1.5515E+00    1.3519E-02    1.1027E-02   -1.3698E-02   -1.3057E-02   -5.3530E-02    5.4124E-02    4.9430E-04    2.6177E-03   -2.9053E-02    4.9522E-01    2.1168E+00  
 -4.9302E-02    4.6644E-01   -3.7804E-01    5.6564E-02   -1.0537E+00    1.9899E-02   -4.1251E-02    3.4455E-04   -1.1585E-01   -1.8021E-03    7.8702E-02    4.5632E-03    1.5442E+00    2.8541E-03    5.0952E-03   -8.4643E-03   -6.5171E-03   -5.2615E-04    5.3939E-02    8.3176E-04   -7.4203E-05   -2.6128E-02    4.9491E-01    1.9877E+00  
 -1.4910E-02    8.3307E-01   -8.3513E-01    5.8470E-02   -1.0889E+00   -2.5748E-03   -4.1310E-02    3.9256E-02   -1.1460E-01   -1.2349E-01    7.5584E-02    1.1051E-03    1.5388E+00   -8.1028E-03    1.0259E-02   -2.9736E-03    2.8096E-03    5.1837E-02    5.3696E-02    9.4234E-04   -1.0234E-04   -2.2081E-02    4.9772E-01    2.0894E+00  
  1.7591E-01    1.1909E+00   -1.2686E+00    8.0119E-02   -1.0954E+00   -6.4952E-02   -4.0635E-02    7.8730E-02   -1.1618E-01   -2.4135E-01    6.6663E-02   -8.8149E-03    1.5349E+00   -1.8966E-02    2.6429E-02   -5.9304E-04    1.4709E-02    1.0358E-01    5.3980E-02    2.8934E-03    2.3652E-03   -1.8124E-02    5.0213E-01    2.1782E+00  
  4.9840E-01    1.5319E+00   -1.6466E+00    1.1715E-01   -1.0649E+00   -1.4319E-01   -3.9737E-02    1.2113E-01   -1.2487E-01   -3.5226E-01    4.8775E-02   -2.5415E-02    1.5271E+00   -3.0100E-02    5.2627E-02   -4.0950E-03    2.9571E-02    1.5011E-01    5.5347E-02    8.2377E-03    7.4969E-03   -1.0746E-02    5.0383E-01    2.2455E+00  
  9.1795E-01    1.8509E+00   -1.9395E+00    1.5958E-01   -9.8544E-01   -2.0162E-01   -3.6914E-02    1.7212E-01   -1.4340E-01   -4.5208E-01    1.7563E-02   -4.4984E-02    1.5051E+00   -3.9755E-02    8.7397E-02   -2.1860E-02    4.7568E-02    1.8321E-01    5.5579E-02    1.9105E-02    1.4077E-02    1.5121E-03    4.9073E-01    2.2407E+00  
  1.3996E+00    2.1472E+00   -2.1132E+00    1.8214E-01   -8.5127E-01   -1.9042E-01   -2.1038E-02    2.2930E-01   -1.7867E-01   -5.4057E-01   -1.8767E-02   -6.1495E-02    1.4700E+00   -5.0001E-02    1.3038E-01   -4.6196E-02    5.5961E-02    2.0149E-01    5.8803E-02    3.7822E-02    2.2822E-02    7.2152E-03    4.6897E-01    2.1571E+00  
  1.3253E+00    8.5740E+00   -1.4576E+00    1.5875E-01   -6.5614E-01   -4.6306E-02    1.0902E-02    2.9182E-01   -2.3725E-01   -6.1746E-01   -6.3559E-02   -6.7085E-02    1.4270E+00   -6.0230E-02    1.7570E-01   -6.8037E-02    4.7093E-02    1.9748E-01    6.7432E-02    6.6933E-02    3.5301E-02    3.4621E-03    4.4578E-01    2.0390E+00  
  1.8457E+00    7.9695E+00   -1.0502E+00    5.8659E-02   -3.8653E-01    3.0727E-01    5.9285E-02    3.6136E-01   -3.2453E-01   -6.8649E-01   -1.2739E-01   -4.7303E-02    1.3863E+00   -7.1524E-02    2.1417E-01   -7.9843E-02    1.5411E-02    1.6285E-01    8.4549E-02    1.0851E-01    4.9158E-02   -6.7498E-03    4.2554E-01    1.9030E+00  
  2.6662E+00   -7.8642E+00    1.6379E+00    8.5251E-02   -4.9514E-01    2.6343E-01   -1.5543E-01   -3.7657E-01    2.3133E-01    7.8116E-01   -8.2184E-02   -4.2223E-02    1.4046E+00   -1.6975E-02    2.3130E-01    7.8389E-02    8.9957E-03   -1.9397E-01   -5.2502E-02   -1.1599E-01    1.4389E-02   -1.3208E-02    4.2209E-01    1.6880E+00  
  2.1530E+00   -8.4563E+00    1.8296E+00    1.7202E-01   -6.5726E-01   -8.2899E-02   -9.1108E-02   -3.0016E-01    1.3866E-01    6.8347E-01   -2.4466E-02   -5.7930E-02    1.4550E+00   -8.2966E-03    1.8816E-01    6.0382E-02   -1.3464E-02   -2.1943E-01   -2.9187E-02   -7.4094E-02    1.1174E-02   -1.2092E-02    4.4303E-01    1.8125E+00  
  1.6004E+00   -1.7917E+00    1.7926E+00    1.9132E-01   -7.8844E-01   -2.2446E-01   -4.9005E-02   -2.3266E-01    7.6507E-02    5.8358E-01    1.5171E-02   -5.3810E-02    1.5005E+00   -3.5891E-03    1.4031E-01    3.2998E-02   -2.2452E-02   -2.1622E-01   -1.4877E-02   -4.2833E-02    8.8007E-03   -1.4464E-02    4.6876E-01    1.9396E+00  
  1.0557E+00   -1.4523E+00    1.5983E+00    1.6962E-01   -8.9340E-01   -2.3359E-01   -2.3617E-02   -1.7175E-01    3.7398E-02    4.7751E-01    4.2142E-02   -4.0256E-02    1.5331E+00   -1.1786E-03    9.6892E-02    6.6434E-03   -2.3325E-02   -1.9329E-01   -6.8790E-03   -2.2816E-02    7.3399E-03   -1.8504E-02    4.9176E-01    2.0559E+00  
  5.7396E-01   -1.1009E+00    1.2874E+00    1.2939E-01   -9.7138E-01   -1.7276E-01   -1.0375E-02   -1.2036E-01    1.5725E-02    3.6432E-01    6.0282E-02   -2.4863E-02    1.5477E+00    4.8892E-04    6.1726E-02   -8.8241E-03   -2.0432E-02   -1.5641E-01   -2.4335E-03   -1.0429E-02    5.8756E-03   -2.1853E-02    5.0260E-01    2.1049E+00  
  1.9515E-01   -7.3809E-01    8.9719E-01    8.7536E-02   -1.0234E+00   -9.2084E-02   -4.4965E-03   -7.8114E-02    5.4065E-03    2.4457E-01    7.1985E-02   -1.1302E-02    1.5470E+00    1.7104E-03    3.4229E-02   -1.0978E-02   -1.4969E-02   -1.0610E-01   -2.1252E-04   -2.5462E-03    4.3098E-03   -2.4422E-02    4.9932E-01    2.0561E+00  
 -4.8106E-02   -3.6702E-01    4.5569E-01    5.6771E-02   -1.0538E+00   -2.8004E-02   -2.6796E-03   -3.8376E-02    1.8863E-03    1.2178E-01    7.8585E-02   -2.0970E-03    1.5440E+00    2.5746E-03    1.7236E-02   -6.9110E-03   -7.7446E-03   -5.3318E-02    6.5380E-04    7.6929E-04    2.7058E-03   -2.6092E-02    4.9501E-01    1.9931E+00  
 -1.3153E-01    4.6589E-03   -6.3225E-03    4.5559E-02   -1.0634E+00   -3.8550E-03   -2.5992E-03    2.0456E-04    1.5067E-03   -1.4725E-03    8.0733E-02    1.1175E-03    1.5430E+00    3.1059E-03    1.1012E-02   -1.3248E-04    2.8820E-04   -7.3555E-04    8.4001E-04    2.1335E-03    1.1545E-03   -2.6646E-02    4.9340E-01    1.8981E+00  
 -4.9691E-02    3.7641E-01   -4.6844E-01    5.6413E-02   -1.0528E+00   -2.6754E-02   -2.4558E-03    3.8784E-02    9.9477E-04   -1.2481E-01    7.8716E-02   -2.0847E-03    1.5442E+00    3.3004E-03    1.5894E-02    6.6336E-03    8.3491E-03    5.1948E-02    9.7480E-04    3.2558E-03   -2.7524E-04   -2.6048E-02    4.9506E-01    1.9920E+00  
  1.9197E-01    7.4764E-01   -9.1023E-01    8.6856E-02   -1.0213E+00   -8.9639E-02   -4.3378E-04    7.8481E-02   -2.8799E-03   -2.4787E-01    7.2197E-02   -1.1268E-02    1.5472E+00    3.1697E-03    3.1661E-02    1.0626E-02    1.5679E-02    1.0501E-01    1.7441E-03    5.9019E-03   -1.5029E-03   -2.4388E-02    4.9935E-01    2.0555E+00  
  5.6922E-01    1.1107E+00   -1.3009E+00    1.2850E-01   -9.6823E-01   -1.6923E-01    5.7550E-03    1.2064E-01   -1.3743E-02   -3.6806E-01    6.0517E-02   -2.4766E-02    1.5478E+00    2.6915E-03    5.8173E-02    8.3773E-03    2.1289E-02    1.5573E-01    3.8488E-03    1.2756E-02   -2.4681E-03   -2.1862E-02    5.0254E-01    2.1048E+00  
  1.0494E+00    1.4625E+00   -1.6125E+00    1.6864E-01   -8.8923E-01   -2.2915E-01    1.9367E-02    1.7190E-01   -3.6131E-02   -4.8182E-01    4.2320E-02   -4.0074E-02    1.5330E+00    1.8122E-03    9.2709E-02   -7.1087E-03    2.4266E-02    1.9307E-01    8.1772E-03    2.3834E-02   -3.2082E-03   -1.8601E-02    4.9155E-01    2.0553E+00  
  1.5926E+00    1.8024E+00   -1.8077E+00    1.9035E-01   -7.8327E-01   -2.1936E-01    4.5041E-02    2.3267E-01   -7.6072E-02   -5.8858E-01    1.5298E-02   -5.3576E-02    1.5002E+00    2.5108E-04    1.3594E-01   -3.3381E-02    2.3388E-02    2.1633E-01    1.6120E-02    4.2408E-02   -3.9126E-03   -1.4620E-02    4.6847E-01    1.9377E+00  
  2.1381E+00    8.4795E+00   -1.8439E+00    1.7109E-01   -6.5100E-01   -7.7354E-02    8.7281E-02    3.0012E-01   -1.3915E-01   -6.8933E-01   -2.4349E-02   -5.7645E-02    1.4544E+00   -3.5000E-03    1.8381E-01   -6.0528E-02    1.4222E-02    2.1949E-01    3.0451E-02    7.2396E-02   -5.5510E-03   -1.2275E-02    4.4289E-01    1.8106E+00  
  2.6503E+00    7.8875E+00   -1.6472E+00    8.4409E-02   -4.8758E-01    2.6920E-01    1.5180E-01    3.7646E-01   -2.3286E-01   -7.8802E-01   -8.2020E-02   -4.1892E-02    1.4039E+00   -1.1062E-02    2.2685E-01   -7.8408E-02   -8.2834E-03    1.9377E-01    5.3888E-02    1.1353E-01   -8.0735E-03   -1.3263E-02    4.2236E-01    1.6869E+00  
  1.8633E+00   -7.9509E+00    1.0463E+00    5.9450E-02   -3.9416E-01    3.0059E-01   -6.2615E-02   -3.6157E-01    3.2442E-01    6.7889E-01   -1.2766E-01   -4.7309E-02    1.3875E+00   -7.7082E-02    2.2027E-01    7.9831E-02   -1.4487E-02   -1.6227E-01   -8.3170E-02   -1.0967E-01   -4.2289E-02   -6.9903E-03    4.2602E-01    1.9059E+00  
  1.3421E+00   -8.5508E+00    1.4492E+00    1.5970E-01   -6.6246E-01   -5.2617E-02   -1.4558E-02   -2.9189E-01    2.3801E-01    6.1087E-01   -6.3753E-02   -6.7192E-02    1.4280E+00   -6.4675E-02    1.8164E-01    6.7934E-02   -4.6407E-02   -1.9690E-01   -6.6299E-02   -6.7395E-02   -2.8915E-02    3.4618E-03    4.4636E-01    2.0426E+00  
  1.4081E+00   -2.1369E+00    2.0976E+00    1.8316E-01   -8.5650E-01   -1.9617E-01    1.7131E-02   -2.2922E-01    1.8016E-01    5.3484E-01   -1.8895E-02   -6.1619E-02    1.4707E+00   -5.3442E-02    1.3626E-01    4.5996E-02   -5.5237E-02   -2.0110E-01   -5.7841E-02   -3.7137E-02   -1.7156E-02    7.3631E-03    4.6953E-01    2.1609E+00  
  9.2504E-01   -1.8410E+00    1.9249E+00    1.6057E-01   -9.8964E-01   -2.0662E-01    3.2786E-02   -1.7195E-01    1.4555E-01    4.4723E-01    1.7416E-02   -4.5110E-02    1.5056E+00   -4.2215E-02    9.2982E-02    2.1546E-02   -4.6684E-02   -1.8312E-01   -5.4619E-02   -1.7179E-02   -9.3828E-03    1.5962E-03    4.9113E-01    2.2444E+00  
  5.0396E-01   -1.5223E+00    1.6328E+00    1.1809E-01   -1.0680E+00   -1.4724E-01    3.5225E-02   -1.2084E-01    1.2757E-01    3.4815E-01    4.8594E-02   -2.5576E-02    1.5273E+00   -3.1642E-02    5.7527E-02    3.7582E-03   -2.8689E-02   -1.5052E-01   -5.4249E-02   -5.1849E-03   -3.7470E-03   -1.0695E-02    5.0400E-01    2.2474E+00  
  1.7990E-01   -1.1815E+00    1.2554E+00    8.0894E-02   -1.0975E+00   -6.7884E-02    3.5765E-02   -7.8348E-02    1.1923E-01    2.3783E-01    6.6477E-02   -9.0171E-03    1.5350E+00   -1.9659E-02    3.0293E-02    3.0080E-04   -1.3925E-02   -1.0448E-01   -5.2706E-02    9.8421E-04    5.8445E-04   -1.8137E-02    5.0213E-01    2.1804E+00  
 -1.2519E-02   -8.2379E-01    8.2231E-01    5.8950E-02   -1.0900E+00   -4.2919E-03    3.6209E-02   -3.8847E-02    1.1782E-01    1.2039E-01    7.5455E-02    8.5226E-04    1.5390E+00   -8.0063E-03    1.2872E-02    2.7192E-03   -2.1476E-03   -5.3097E-02   -5.2229E-02    3.3976E-03    2.4927E-03   -2.2145E-02    4.9767E-01    2.0907E+00  
 -4.8496E-02   -4.5716E-01    3.6542E-01    5.6697E-02   -1.0537E+00    1.9444E-02    3.6046E-02    7.8552E-05    1.1898E-01   -1.0634E-03    7.8700E-02    4.2905E-03    1.5445E+00    3.6741E-03    6.3496E-03    8.2294E-03    7.0778E-03   -9.1577E-04   -5.2353E-02    3.5110E-03    2.1522E-03   -2.6158E-02    4.9489E-01    1.9865E+00  
  7.8343E-02   -8.2918E-02   -9.4151E-02    7.5588E-02   -9.9723E-01   -3.8778E-03    3.6978E-02    3.9574E-02    1.1987E-01   -1.2583E-01    7.7697E-02    1.3291E-03    1.5519E+00    1.5010E-02    1.0943E-02    1.3426E-02    1.3592E-02    5.2114E-02   -5.2501E-02    3.3967E-03   -5.9682E-04   -2.9017E-02    4.9526E-01    2.1152E+00  
  3.6359E-01    2.9833E-01   -5.3615E-01    1.1211E-01   -9.2675E-01   -6.7287E-02    4.1039E-02    8.0921E-02    1.1696E-01   -2.5357E-01    7.3345E-02   -7.1300E-03    1.5599E+00    2.5630E-02    2.6646E-02    1.4908E-02    1.6039E-02    1.0604E-01   -5.1931E-02    5.1306E-03   -5.4363E-03   -2.9681E-02    4.9724E-01    2.2027E+00  
  7.8394E-01    6.7986E-01   -9.3037E-01    1.5393E-01   -8.4961E-01   -1.4831E-01    5.3426E-02    1.2677E-01    1.0735E-01   -3.8181E-01    6.7444E-02   -1.7522E-02    1.5619E+00    3.5888E-02    5.2554E-02    9.8684E-03    1.2068E-02    1.5633E-01   -4.9792E-02    1.0204E-02   -1.2391E-02   -3.2084E-02    4.9659E-01    2.2675E+00  
  1.3092E+00    1.0591E+00   -1.2501E+00    1.8584E-01   -7.6766E-01   -2.0994E-01    7.9000E-02    1.8329E-01    8.4780E-02   -5.0777E-01    6.1621E-02   -2.8583E-02    1.5466E+00    4.3923E-02    8.7380E-02   -1.0108E-02   -3.1690E-04    1.9496E-01   -4.2087E-02    2.0683E-02   -2.0318E-02   -3.7793E-02    4.8127E-01    2.2241E+00  
  1.8954E+00    1.4394E+00   -1.4542E+00    1.9924E-01   -6.8888E-01   -2.0189E-01    1.1583E-01    2.4871E-01    4.4352E-02   -6.3305E-01    4.2884E-02   -3.8841E-02    1.5136E+00    5.1167E-02    1.3138E-01   -3.7467E-02   -1.1109E-02    2.2116E-01   -3.0096E-02    3.8401E-02   -3.0341E-02   -3.5664E-02    4.5794E-01    2.1059E+00  
  3.0401E+00    7.9849E+00   -2.1608E+00    1.7485E-01   -6.1918E-01   -6.2638E-02    1.6986E-01    3.2235E-01   -1.8704E-02   -7.5800E-01    6.7496E-03   -4.0860E-02    1.4655E+00    5.4629E-02    1.8017E-01   -6.4107E-02   -2.1736E-02    2.2876E-01   -1.0992E-02    6.5480E-02   -4.5349E-02   -2.8059E-02    4.3434E-01    1.9642E+00  
  3.5228E+00    7.5204E+00   -2.1634E+00    9.1501E-02   -5.5626E-01    2.7537E-01    2.5257E-01    4.0632E-01   -1.1436E-01   -8.8794E-01   -4.6411E-02   -2.8982E-02    1.4095E+00    5.2272E-02    2.2528E-01   -8.3042E-02   -3.5927E-02    2.1003E-01    1.7246E-02    1.0452E-01   -6.3228E-02   -1.9974E-02    4.1475E-01    1.8208E+00  
  1.1390E+00   -7.7257E+00    3.4103E-01    7.0812E-03   -2.0852E-01    3.7434E-01    2.4195E-02   -3.6103E-01    3.9143E-01    5.7912E-01   -1.8339E-01   -4.1219E-02    1.3669E+00   -1.2823E-01    1.9428E-01    8.0474E-02   -2.6619E-02   -1.1411E-01   -9.9047E-02   -8.5576E-02   -9.7511E-02   -5.4600E-03    4.2610E-01    2.0747E+00  
  6.5094E-01   -7.9800E+00    1.2198E+00    1.3555E-01   -5.9517E-01    1.6215E-02    5.8428E-02   -2.9464E-01    3.1358E-01    5.3910E-01   -1.1181E-01   -6.4755E-02    1.3923E+00   -1.1683E-01    1.6169E-01    8.0768E-02   -7.0687E-02   -1.6128E-01   -9.2592E-02   -4.9019E-02   -6.8365E-02    1.4481E-02    4.4333E-01    2.2162E+00  
  1.1477E+00   -3.2462E+00    2.1831E+00    1.7399E-01   -8.6265E-01   -1.2942E-01    8.0184E-02   -2.3537E-01    2.6426E-01    4.8622E-01   -5.9105E-02   -5.7794E-02    1.4296E+00   -1.0106E-01    1.1987E-01    6.8386E-02   -8.1385E-02   -1.7715E-01   -9.1881E-02   -2.1376E-02   -4.3490E-02    2.3715E-02    4.6326E-01    2.3382E+00  
  9.1443E-01   -2.1907E+00    2.2132E+00    1.6230E-01   -1.0324E+00   -1.4131E-01    8.7518E-02   -1.7999E-01    2.3803E-01    4.1673E-01   -1.5638E-02   -3.9299E-02    1.4669E+00   -8.1883E-02    7.8556E-02    4.8893E-02   -6.9404E-02   -1.6818E-01   -9.4231E-02   -3.1558E-03   -2.4292E-02    2.1211E-02    4.8235E-01    2.4056E+00  
  5.6695E-01   -1.9090E+00    1.9488E+00    1.2707E-01   -1.1180E+00   -8.2533E-02    8.4309E-02   -1.2839E-01    2.2713E-01    3.3206E-01    2.2838E-02   -1.7427E-02    1.4986E+00   -6.1501E-02    4.2840E-02    3.0592E-02   -4.4053E-02   -1.4079E-01   -9.8280E-02    5.5799E-03   -1.0616E-02    6.4064E-03    4.9629E-01    2.3845E+00  
  3.1362E-01   -1.5979E+00    1.5965E+00    9.2569E-02   -1.1365E+00   -3.9173E-03    7.6369E-02   -7.9451E-02    2.2660E-01    2.3370E-01    5.5498E-02    5.2011E-04    1.5227E+00   -4.0928E-02    1.5640E-02    1.5627E-02   -1.4399E-02   -1.0261E-01   -1.0251E-01    9.1612E-03   -1.3217E-03   -1.2606E-02    5.0520E-01    2.2935E+00  
  1.7948E-01   -1.2568E+00    1.1800E+00    8.0916E-02   -1.0982E+00    5.9279E-02    7.5838E-02   -3.8754E-02    2.3030E-01    1.2179E-01    6.6704E-02    1.0526E-02    1.5358E+00   -1.7900E-02   -2.0203E-03    1.5007E-02    2.0370E-04   -5.3626E-02   -1.0430E-01    7.9960E-03    4.4719E-03   -1.8489E-02    5.0169E-01    2.1795E+00  
  1.9437E-01   -8.9860E-01    7.3650E-01    8.7502E-02   -1.0240E+00    8.2712E-02    7.5986E-02    1.8390E-03    2.3644E-01    2.7884E-03    7.2282E-02    1.3613E-02    1.5482E+00    4.5316E-03   -8.6578E-03    1.5717E-02    1.0845E-02   -1.8286E-03   -1.0571E-01    4.8477E-03    5.1057E-03   -2.4663E-02    4.9878E-01    2.0566E+00  
  3.6481E-01   -5.2470E-01    2.8704E-01    1.1248E-01   -9.2852E-01    5.9093E-02    7.8448E-02    4.3697E-02    2.4195E-01   -1.2287E-01    7.3345E-02    1.0327E-02    1.5607E+00    2.6655E-02   -4.5640E-03    1.5802E-02    1.4991E-02    5.1560E-02   -1.0654E-01    1.5067E-03    1.4234E-03   -2.9738E-02    4.9698E-01    2.2023E+00  
  6.8671E-01   -1.3499E-01   -1.4636E-01    1.5111E-01   -8.2644E-01   -4.7397E-03    8.5642E-02    8.8440E-02    2.4385E-01   -2.5542E-01    7.0475E-02    2.0849E-03    1.5705E+00    4.8737E-02    1.0811E-02    1.3315E-02    1.3660E-02    1.0541E-01   -1.0571E-01   -2.8445E-04   -7.2277E-03   -3.2356E-02    4.9570E-01    2.3105E+00  
  1.1431E+00    2.6009E-01   -5.3759E-01    1.8236E-01   -7.2820E-01   -8.6683E-02    1.0933E-01    1.4480E-01    2.3689E-01   -3.8975E-01    7.8099E-02   -6.8051E-03    1.5646E+00    6.7770E-02    3.6330E-02   -4.7972E-03   -6.1158E-03    1.5174E-01   -9.9805E-02    2.2492E-03   -1.9045E-02   -4.6466E-02    4.8173E-01    2.3746E+00  
  1.6958E+00    6.6647E-01   -8.5231E-01    2.0383E-01   -6.5061E-01   -1.4952E-01    1.4419E-01    2.0807E-01    2.1848E-01   -5.2837E-01    7.7477E-02   -1.5482E-02    1.5450E+00    8.5949E-02    7.1362E-02   -2.7456E-02   -2.6749E-02    1.9087E-01   -8.9897E-02    9.4460E-03   -3.4854E-02   -5.4557E-02    4.6339E-01    2.3652E+00  
  2.4760E+00    1.8976E+00   -1.2251E+00    2.0514E-01   -6.0481E-01   -1.4383E-01    1.9322E-01    2.8029E-01    1.8223E-01   -6.7269E-01    6.2262E-02   -2.2788E-02    1.5098E+00    1.0216E-01    1.1491E-01   -5.3475E-02   -4.3429E-02    2.1706E-01   -7.4724E-02    2.4511E-02   -5.5215E-02   -5.0500E-02    4.4134E-01    2.2704E+00  
  3.9918E+00    6.8741E+00   -2.2054E+00    1.6834E-01   -6.0063E-01   -8.7084E-03    2.6188E-01    3.6227E-01    1.2411E-01   -8.2317E-01    2.9517E-02   -2.2047E-02    1.4597E+00    1.1230E-01    1.6360E-01   -7.5984E-02   -5.5575E-02    2.2532E-01   -5.1019E-02    4.7417E-02   -8.1527E-02   -3.9300E-02    4.2048E-01    2.1186E+00  
  4.4449E+00    6.9093E+00   -2.6249E+00    8.4013E-02   -6.3791E-01    3.1946E-01    3.6523E-01    4.5870E-01    3.3362E-02   -9.8829E-01   -2.0474E-02   -1.4069E-02    1.4028E+00    1.1275E-01    2.0777E-01   -8.9735E-02   -5.9129E-02    2.0905E-01   -1.6888E-02    7.9723E-02   -1.1329E-01   -2.1835E-02    4.0404E-01    1.9704E+00  
  5.0502E-01   -6.3845E+00   -3.6775E-01   -1.2917E-01    1.5752E-01    4.9151E-01    1.5727E-01   -3.9859E-01    4.2728E-01    5.3033E-01   -2.7266E-01    1.8164E-04    1.3907E+00   -1.5036E-01    1.3157E-01    6.1436E-02   -5.5016E-04   -2.6166E-02   -9.4860E-02   -5.0946E-02   -1.5989E-01   -1.0146E-02    4.2900E-01    2.1925E+00  
  1.3873E-01   -6.6046E+00    1.3109E+00    8.5731E-02   -4.1061E-01    1.0098E-01    1.2938E-01   -3.0631E-01    3.6370E-01    4.7386E-01   -1.6796E-01   -4.7972E-02    1.3596E+00   -1.5742E-01    1.2967E-01    8.8427E-02   -7.7900E-02   -1.1482E-01   -9.9098E-02   -1.5150E-02   -1.0478E-01    1.4432E-02    4.3667E-01    2.3425E+00  
 -2.7214E-01   -6.3485E+00    1.9622E+00    1.5825E-01   -7.7080E-01   -4.8325E-02    1.3980E-01   -2.4634E-01    3.2603E-01    4.4050E-01   -1.0485E-01   -4.3090E-02    1.3844E+00   -1.4268E-01    9.4505E-02    9.0945E-02   -9.8416E-02   -1.4792E-01   -1.0943E-01    7.0364E-03   -6.5881E-02    3.2412E-02    4.5240E-01    2.4436E+00  
  1.0054E+00   -2.4684E+00    2.4541E+00    1.6836E-01   -9.9273E-01   -6.0990E-02    1.4153E-01   -1.9114E-01    3.1066E-01    3.9020E-01   -5.5377E-02   -2.2734E-02    1.4230E+00   -1.1871E-01    5.4505E-02    8.0990E-02   -9.0005E-02   -1.5046E-01   -1.2126E-01    1.8315E-02   -3.5566E-02    3.5843E-02    4.6925E-01    2.5147E+00  
  7.4355E-01   -2.2297E+00    2.2285E+00    1.4969E-01   -1.1005E+00   -2.8422E-03    1.3524E-01   -1.3903E-01    3.1153E-01    3.2148E-01   -1.2888E-02    3.3111E-04    1.4629E+00   -9.0113E-02    1.8797E-02    6.2926E-02   -6.1125E-02   -1.3105E-01   -1.3163E-01    2.2321E-02   -1.3551E-02    2.4605E-02    4.8380E-01    2.4598E+00  
  5.6656E-01   -1.9501E+00    1.9076E+00    1.2713E-01   -1.1194E+00    7.5445E-02    1.2551E-01   -8.7913E-02    3.2135E-01    2.3402E-01    2.3500E-02    1.8250E-02    1.4995E+00   -5.9256E-02   -8.4640E-03    4.5656E-02   -2.9415E-02   -9.8596E-02   -1.4149E-01    2.0223E-02    1.9369E-03    5.6771E-03    4.9572E-01    2.3846E+00  
  5.0319E-01   -1.6342E+00    1.5208E+00    1.1817E-01   -1.0701E+00    1.3867E-01    1.1874E-01   -3.8353E-02    3.3647E-01    1.3041E-01    4.9390E-02    2.7036E-02    1.5291E+00   -2.7639E-02   -2.6485E-02    2.9953E-02   -3.5556E-03   -5.5472E-02   -1.5091E-01    1.4557E-02    1.0641E-02   -1.1648E-02    5.0307E-01    2.2633E+00  
  5.7281E-01   -1.2889E+00    1.0993E+00    1.2953E-01   -9.7343E-01    1.6266E-01    1.1876E-01    7.8641E-03    3.5162E-01    1.3808E-02    6.0757E-02    2.7347E-02    1.5498E+00    5.5754E-03   -3.3882E-02    2.1249E-02    8.2380E-03   -4.2545E-03   -1.5632E-01    5.9791E-03    1.3128E-02   -2.2244E-02    5.0179E-01    2.1041E+00  
  7.8632E-01   -9.1869E-01    6.6836E-01    1.5486E-01   -8.5391E-01    1.3968E-01    1.2479E-01    5.6268E-02    3.6506E-01   -1.1294E-01    6.7222E-02    2.1309E-02    1.5637E+00    3.8544E-02   -2.9747E-02    1.1564E-02    9.6371E-03    4.9327E-02   -1.5650E-01   -2.7444E-03    7.7675E-03   -3.1781E-02    4.9631E-01    2.2815E+00  
  1.1443E+00   -5.2619E-01    2.4868E-01    1.8285E-01   -7.3076E-01    7.6000E-02    1.4221E-01    1.1271E-01    3.7303E-01   -2.4802E-01    7.7773E-02    1.1905E-02    1.5657E+00    6.9471E-02   -1.4677E-02   -7.0156E-03   -4.5274E-03    9.9654E-02   -1.5152E-01   -8.8532E-03   -3.6152E-03   -4.6070E-02    4.8187E-01    2.3785E+00  
  1.6214E+00   -1.1444E-01   -1.2572E-01    2.0476E-01   -6.2898E-01   -6.2935E-03    1.7257E-01    1.7613E-01    3.7404E-01   -3.9024E-01    8.6805E-02    3.0669E-03    1.5541E+00    9.9240E-02    1.0427E-02   -2.8909E-02   -2.7853E-02    1.4427E-01   -1.4363E-01   -1.1798E-02   -2.1320E-02   -6.0052E-02    4.6304E-01    2.4241E+00  
  2.1860E+00    3.1971E-01   -4.2353E-01    2.1381E-01   -5.6851E-01   -7.0325E-02    2.1666E-01    2.4729E-01    3.6347E-01   -5.4090E-01    8.6662E-02   -4.2466E-03    1.5294E+00    1.2662E-01    4.5393E-02   -5.3571E-02   -5.3758E-02    1.8143E-01   -1.3137E-01   -9.1389E-03   -4.4812E-02   -6.4826E-02    4.4260E-01    2.4474E+00  
  4.3896E+00    4.4870E+00   -1.2242E+00    1.9940E-01   -5.6659E-01   -6.6843E-02    2.7821E-01    3.2910E-01    3.3737E-01   -7.0400E-01    7.1519E-02   -8.7953E-03    1.4894E+00    1.5007E-01    8.8719E-02   -7.4779E-02   -7.1019E-02    2.0556E-01   -1.1156E-01   -7.7564E-04   -7.4673E-02   -5.7195E-02    4.2228E-01    2.3496E+00  
  4.9004E+00    5.0937E+00   -1.7843E+00    1.5165E-01   -6.3349E-01    6.1907E-02    3.6558E-01    4.2429E-01    2.8997E-01   -8.8366E-01    4.1163E-02   -8.4518E-03    1.4399E+00    1.6348E-01    1.3431E-01   -8.9272E-02   -7.8665E-02    2.0983E-01   -8.2486E-02    1.6044E-02   -1.1224E-01   -3.9737E-02    4.0560E-01    2.2349E+00  
  5.3691E+00    5.3188E+00   -2.9318E+00    9.6351E-02   -7.3767E-01    3.5716E-01    5.3240E-01    5.5910E-01    2.1008E-01   -1.1211E+00    1.2664E-02   -1.9722E-02    1.4137E+00    1.5308E-01    1.5746E-01   -8.5719E-02   -5.6734E-02    1.7096E-01   -4.3378E-02    4.5420E-02   -1.6527E-01   -1.8574E-02    3.9833E-01    2.0675E+00  
  1.2518E+00   -3.4457E+00   -1.9661E+00    5.6112E-01   -4.9805E-01   -8.8629E-02   -5.2867E-01    5.9037E-02    4.2748E-01   -4.1954E-01   -3.8563E-01   -2.1797E-01    9.1632E-01   -3.6785E-01    4.6224E-01   -6.5477E-02    1.3473E-01   -2.4761E-01   -9.9378E-02    8.5901E-02   -1.1219E-01   -9.0006E-03    3.7170E-01    1.8761E+00  
 -1.7919E-01   -4.0643E+00    6.5687E-01   -7.3462E-03   -6.2732E-02    1.6338E-01    2.0084E-01   -3.2262E-01    3.8779E-01    4.1900E-01   -2.3479E-01   -2.4260E-02    1.3431E+00   -1.8290E-01    9.2454E-02    8.1561E-02   -6.6785E-02   -6.1360E-02   -7.9732E-02    3.3704E-02   -1.3283E-01    4.7993E-03    4.2860E-01    2.3945E+00  
 -4.4866E-01   -4.2767E+00    2.1580E+00    1.1408E-01   -5.4113E-01    1.2130E-02    2.0036E-01   -2.5880E-01    3.6449E-01    4.0663E-01   -1.6036E-01   -1.9989E-02    1.3492E+00   -1.7296E-01    5.9985E-02    9.9939E-02   -9.9423E-02   -1.1085E-01   -1.0416E-01    4.7471E-02   -8.3572E-02    2.6495E-02    4.4075E-01    2.4681E+00  
 -6.1508E-01   -3.8308E+00    3.8591E+00    1.6090E-01   -8.4084E-01   -1.3539E-03    1.9649E-01   -2.0137E-01    3.6384E-01    3.7453E-01   -1.0286E-01    6.0931E-04    1.3809E+00   -1.4948E-01    2.1779E-02    1.0149E-01   -9.9928E-02   -1.2853E-01   -1.2893E-01    5.0090E-02   -4.1330E-02    3.8071E-02    4.5456E-01    2.4824E+00  
  1.0050E+00   -2.4554E+00    2.4671E+00    1.6842E-01   -9.9463E-01    5.6610E-02    1.8749E-01   -1.4604E-01    3.7844E-01    3.2008E-01   -5.4127E-02    2.3548E-02    1.4239E+00   -1.1617E-01   -1.3936E-02    9.1392E-02   -7.9215E-02   -1.2123E-01   -1.5137E-01    4.4811E-02   -9.5467E-03    3.5094E-02    4.6866E-01    2.5070E+00  
  9.1370E-01   -2.2147E+00    2.1892E+00    1.6248E-01   -1.0358E+00    1.3498E-01    1.7762E-01   -9.1357E-02    4.0355E-01    2.4498E-01   -1.3918E-02    4.0124E-02    1.4687E+00   -7.7095E-02   -4.1207E-02    7.0586E-02   -4.8062E-02   -9.5067E-02   -1.6924E-01    3.4896E-02    1.1139E-02    1.9887E-02    4.8123E-01    2.4094E+00  
  9.2394E-01   -1.9266E+00    1.8393E+00    1.6090E-01   -9.9378E-01    1.9818E-01    1.7054E-01   -3.5729E-02    4.3254E-01    1.4904E-01    1.8818E-02    4.6573E-02    1.5083E+00   -3.5601E-02   -5.9183E-02    4.7565E-02   -2.1825E-02   -5.6353E-02   -1.8369E-01    2.1758E-02    2.3490E-02    4.1898E-04    4.9000E-01    2.2306E+00  
  1.0542E+00   -1.6001E+00    1.4506E+00    1.7002E-01   -8.9761E-01    2.2294E-01    1.7085E-01    2.1524E-02    4.6136E-01    3.6633E-02    4.2723E-02    4.2845E-02    1.5363E+00    6.6033E-03   -6.6705E-02    2.3871E-02   -7.8071E-03   -9.0755E-03   -1.9307E-01    6.7410E-03    2.6597E-02   -1.8925E-02    4.9120E-01    2.0607E+00  
  1.3128E+00   -1.2381E+00    1.0472E+00    1.8710E-01   -7.7515E-01    2.0094E-01    1.8212E-01    8.2095E-02    4.8679E-01   -8.9660E-02    6.1156E-02    3.2795E-02    1.5495E+00    4.8696E-02   -6.3406E-02   -1.0530E-03   -1.0822E-02    4.1364E-02   -1.9430E-01   -8.3297E-03    2.0834E-02   -3.7266E-02    4.8147E-01    2.2184E+00  
  1.6983E+00   -8.4070E-01    6.5479E-01    2.0465E-01   -6.5629E-01    1.3777E-01    2.0603E-01    1.4815E-01    5.0733E-01   -2.2867E-01    7.6616E-02    2.1149E-02    1.5471E+00    8.9948E-02   -4.9290E-02   -2.7785E-02   -2.7455E-02    8.9719E-02   -1.8951E-01   -2.1596E-02    6.1203E-03   -5.3776E-02    4.6402E-01    2.3760E+00  
  2.1873E+00   -4.1220E-01    3.0833E-01    2.1416E-01   -5.7165E-01    5.6055E-02    2.4389E-01    2.2126E-01    5.2038E-01   -3.7860E-01    8.5959E-02    1.0961E-02    1.5305E+00    1.2899E-01   -2.4978E-02   -5.4926E-02   -5.2599E-02    1.3226E-01   -1.7928E-01   -3.1644E-02   -1.6343E-02   -6.4383E-02    4.4339E-01    2.4466E+00  
  4.5407E+00    1.2440E+00    1.2279E+00    2.0813E-01   -5.4656E-01   -8.1870E-03    2.9866E-01    3.0357E-01    5.2421E-01   -5.4360E-01    8.5395E-02    3.6686E-03    1.5000E+00    1.6384E-01    9.6671E-03   -7.6551E-02   -7.5334E-02    1.6478E-01   -1.6197E-01   -3.7065E-02   -4.8328E-02   -6.3919E-02    4.2322E-01    2.4008E+00  
  5.1794E+00    2.0703E+00   -6.5580E-01    1.7798E-01   -6.0284E-01   -6.5829E-03    3.7541E-01    3.9870E-01    5.1371E-01   -7.2757E-01    6.9640E-02    3.0099E-04    1.4575E+00    1.9098E-01    5.2195E-02   -9.2763E-02   -9.0074E-02    1.8409E-01   -1.3676E-01   -3.6550E-02   -8.8116E-02   -5.1555E-02    4.0594E-01    2.3596E+00  
  5.7056E+00    2.3525E+00   -1.9645E+00    1.1977E-01   -7.4973E-01    1.1611E-01    4.8678E-01    5.1320E-01    4.8450E-01   -9.3923E-01    4.1389E-02    3.3060E-04    1.4113E+00    2.0429E-01    9.5883E-02   -9.8272E-02   -9.0690E-02    1.8303E-01   -1.0162E-01   -2.7170E-02   -1.3526E-01   -3.1523E-02    3.9241E-01    2.2501E+00  
  4.7209E+00    2.1789E+00   -4.2569E+00   -9.8784E-01   -2.3715E+00    1.2017E+00   -2.6796E-01    9.2039E-02    4.2969E-01   -1.7499E-01   -2.4427E-02    2.8887E-01    8.0539E-01    4.2072E-01    5.5807E-01   -2.0572E-02   -1.4838E-02    4.5492E-01   -9.5860E-02   -9.9612E-02   -9.6310E-02   -2.6683E-02    3.4989E-01    1.7864E+00  
 -4.7370E-01   -2.8959E+00    4.0288E+00    1.1361E-01   -5.4317E-01   -1.3904E-02    2.5395E-01   -2.0611E-01    3.9591E-01    3.7442E-01   -1.5898E-01    2.1175E-02    1.3502E+00   -1.7044E-01   -1.3270E-02    9.9674E-02   -9.8270E-02   -1.0486E-01   -1.1100E-01    9.1562E-02   -3.8424E-02    2.5787E-02    4.4051E-01    2.4679E+00  
 -3.0465E-01   -2.3803E+00    6.0390E+00    1.5811E-01   -7.7486E-01    4.4878E-02    2.4315E-01   -1.4468E-01    4.2808E-01    3.3527E-01   -1.0240E-01    4.3906E-02    1.3862E+00   -1.3759E-01   -5.1024E-02    9.8542E-02   -8.9328E-02   -1.1038E-01   -1.4862E-01    7.4731E-02    2.7276E-03    3.1294E-02    4.5165E-01    2.4356E+00  
  1.1423E+00   -2.2599E+00    3.2597E+00    1.7437E-01   -8.6838E-01    1.2375E-01    2.3392E-01   -8.4032E-02    4.7183E-01    2.7169E-01   -5.6421E-02    5.8637E-02    1.4321E+00   -9.3686E-02   -7.9749E-02    8.1551E-02   -6.7757E-02   -9.3544E-02   -1.7793E-01    5.4259E-02    3.1129E-02    2.2537E-02    4.6212E-01    2.3320E+00  
  1.4066E+00   -2.0995E+00    2.1350E+00    1.8389E-01   -8.6315E-01    1.8798E-01    2.2894E-01   -1.9780E-02    5.1845E-01    1.8480E-01   -1.7098E-02    6.3090E-02    1.4739E+00   -4.4002E-02   -9.9821E-02    5.5513E-02   -4.6547E-02   -6.0214E-02   -2.0117E-01    3.0515E-02    4.5783E-02    6.5757E-03    4.6852E-01    2.1597E+00  
  1.5987E+00   -1.7947E+00    1.7899E+00    1.9198E-01   -7.9530E-01    2.1349E-01    2.3278E-01    4.7450E-02    5.6517E-01    7.7433E-02    1.5769E-02    5.6344E-02    1.5043E+00    7.1202E-03   -1.0796E-01    2.2750E-02   -3.4387E-02   -1.7556E-02   -2.1538E-01    6.8630E-03    4.9047E-02   -1.4760E-02    4.6857E-01    1.9397E+00  
  1.9004E+00   -1.4419E+00    1.4269E+00    2.0044E-01   -6.9999E-01    1.9252E-01    2.4864E-01    1.1929E-01    6.0889E-01   -4.8113E-02    4.2111E-02    4.3000E-02    1.5173E+00    5.8291E-02   -1.0585E-01   -1.1957E-02   -3.8423E-02    2.8939E-02   -2.1919E-01   -1.6690E-02    4.2838E-02   -3.5466E-02    4.5886E-01    2.1141E+00  
  2.4857E+00   -1.1358E+00    1.8950E+00    2.0599E-01   -6.1407E-01    1.3115E-01    2.7916E-01    1.9776E-01    6.4822E-01   -1.9109E-01    6.0764E-02    2.8462E-02    1.5129E+00    1.0873E-01   -9.1979E-02   -4.4262E-02   -5.3635E-02    7.4260E-02   -2.1402E-01   -3.9443E-02    2.5341E-02   -5.0003E-02    4.4324E-01    2.2729E+00  
  4.4300E+00   -7.6166E-01    4.1379E+00    2.0013E-01   -5.7312E-01    5.1202E-02    3.2627E-01    2.8367E-01    6.7986E-01   -3.5105E-01    7.0169E-02    1.5657E-02    1.4919E+00    1.5507E-01   -6.8135E-02   -7.1841E-02   -7.3945E-02    1.1237E-01   -2.0136E-01   -5.8212E-02   -4.2967E-03   -5.6566E-02    4.2474E-01    2.3533E+00  
  5.2086E+00    1.2293E-01    1.7754E+00    1.7866E-01   -6.0600E-01   -1.1206E-02    3.9405E-01    3.8177E-01    7.0471E-01   -5.3163E-01    6.8964E-02    7.6213E-03    1.4591E+00    1.9358E-01   -3.2863E-02   -9.0869E-02   -9.1496E-02    1.3984E-01   -1.7858E-01   -7.3189E-02   -4.4600E-02   -5.1127E-02    4.0790E-01    2.3698E+00  
 -1.9057E-01   -5.8208E-01    4.3429E+00   -8.0507E-03   -6.6769E-02   -1.6466E-01    3.1803E-01   -2.0633E-01    4.0963E-01    3.9748E-01   -2.3185E-01    2.5177E-02    1.3449E+00   -1.7810E-01   -4.1778E-02    6.6539E-02   -8.0184E-02   -8.1358E-02   -6.0493E-02    1.3989E-01   -2.2709E-02    4.6104E-03    4.2863E-01    2.3877E+00  
  9.0432E-02   -7.9483E-01    5.9297E+00    8.4993E-02   -4.1633E-01   -1.0357E-01    3.0425E-01   -1.3385E-01    4.6229E-01    3.7391E-01   -1.6468E-01    4.8625E-02    1.3625E+00   -1.4932E-01   -8.2911E-02    7.7074E-02   -8.6697E-02   -1.0025E-01   -1.1448E-01    1.1331E-01    2.7061E-02    1.3535E-02    4.3592E-01    2.3123E+00  
  6.0731E-01   -1.5095E+00    8.0436E+00    1.3570E-01   -6.0317E-01   -2.1072E-02    2.9443E-01   -6.1482E-02    5.2446E-01    3.2240E-01   -1.0869E-01    6.5388E-02    1.3952E+00   -1.0659E-01   -1.1888E-01    7.0076E-02   -8.0070E-02   -9.4508E-02   -1.6153E-01    7.8894E-02    6.1457E-02    1.3529E-02    4.4225E-01    2.2016E+00  
  1.3148E+00   -1.6836E+00    8.8724E+00    1.6079E-01   -6.7168E-01    4.4970E-02    2.9295E-01    1.2735E-02    5.9371E-01    2.4457E-01   -6.1714E-02    6.8549E-02    1.4314E+00   -5.2270E-02   -1.4264E-01    4.6528E-02   -6.8314E-02   -6.8916E-02   -1.9622E-01    4.2593E-02    7.9331E-02    3.3241E-03    4.4549E-01    2.0367E+00  
  2.1559E+00   -1.8326E+00    8.6482E+00    1.7284E-01   -6.6687E-01    7.1898E-02    3.0158E-01    9.0066E-02    6.6379E-01    1.4186E-01   -2.4017E-02    6.0220E-02    1.4588E+00    5.6198E-03   -1.5348E-01    1.3579E-02   -6.1551E-02   -3.2271E-02   -2.1758E-01    5.6451E-03    8.4179E-02   -1.2424E-02    4.4320E-01    1.8136E+00  
  3.0857E+00   -1.9163E+00    8.2743E+00    1.7619E-01   -6.3406E-01    5.3045E-02    3.2355E-01    1.7360E-01    7.3130E-01    1.6432E-02    5.7762E-03    4.4911E-02    1.4698E+00    6.4159E-02   -1.5279E-01   -2.2349E-02   -6.4945E-02    9.1477E-03   -2.2561E-01   -3.0553E-02    7.4846E-02   -2.8104E-02    4.3576E-01    1.9671E+00  
  4.0502E+00   -1.8987E+00    6.9020E+00    1.6953E-01   -6.1367E-01   -4.8210E-03    3.6211E-01    2.6649E-01    7.9559E-01   -1.3146E-01    2.7633E-02    2.7557E-02    1.4636E+00    1.2131E-01   -1.3949E-01   -5.6110E-02   -7.6313E-02    4.9696E-02   -2.2105E-01   -6.3973E-02    5.2995E-02   -3.8865E-02    4.2365E-01    2.1184E+00  
  4.9596E+00   -2.2869E+00    4.3755E+00    1.5261E-01   -6.4335E-01   -7.8849E-02    4.2238E-01    3.7117E-01    8.5660E-01   -3.0240E-01    3.9099E-02    1.5006E-02    1.4437E+00    1.7068E-01   -1.1257E-01   -7.9584E-02   -8.8746E-02    8.2238E-02   -2.0347E-01   -9.3812E-02    1.7172E-02   -3.9500E-02    4.1011E-01    2.2193E+00  
  5.7238E+00   -2.0175E+00    2.5848E+00    1.1928E-01   -7.5703E-01   -1.3533E-01    5.0836E-01    4.9276E-01    9.1297E-01   -5.0073E-01    3.8924E-02    7.3584E-03    1.4132E+00    2.0953E-01   -7.5367E-02   -9.3072E-02   -9.8455E-02    1.0433E-01   -1.7510E-01   -1.1781E-01   -3.0851E-02   -3.2496E-02    3.9738E-01    2.2638E+00  
  1.2390E+00    1.6407E+00    3.6700E+00    5.7504E-01   -4.4222E-01    1.3790E-01   -5.5036E-02    5.4678E-01   -3.8885E-01    5.1403E-01   -3.6841E-01    2.3859E-01    9.2250E-01   -2.9513E-01   -4.0342E-01   -1.2184E-01    6.0371E-02   -9.1227E-02   -2.4293E-01    1.5168E-01   -8.3297E-02   -7.1154E-03    3.7217E-01    1.8859E+00  
  4.7801E-01   -1.5416E-01    5.4082E+00   -1.3335E-01    1.5663E-01   -4.9251E-01    4.0105E-01   -1.6331E-01    5.2604E-01    4.4385E-01   -2.7014E-01    3.7027E-04    1.3981E+00   -1.3256E-01   -7.8672E-02   -1.4173E-03   -5.9358E-02   -9.3670E-02   -2.2039E-02    1.7385E-01    6.4834E-02   -1.0784E-02    4.2763E-01    2.1812E+00  
  1.0724E+00   -3.6610E-01    7.5475E+00    6.5619E-03   -2.1782E-01   -3.7803E-01    3.6270E-01   -2.6643E-02    5.6552E-01    4.0284E-01   -1.8089E-01    4.1537E-02    1.3709E+00   -1.1443E-01   -1.4834E-01    2.5406E-02   -7.9029E-02   -1.0055E-01   -1.1315E-01    1.0789E-01    1.0080E-01   -6.6076E-03    4.2435E-01    2.0555E+00  
  1.8218E+00   -1.0172E+00    8.3506E+00    6.0985E-02   -4.0576E-01   -3.0696E-01    3.6388E-01    6.2009E-02    6.6134E-01    3.3391E-01   -1.2581E-01    4.8810E-02    1.3909E+00   -6.1236E-02   -1.7848E-01    1.4953E-02   -7.9869E-02   -8.5541E-02   -1.6122E-01    5.6026E-02    1.2535E-01   -7.0587E-03    4.2482E-01    1.8840E+00  
  2.6691E+00   -1.6428E+00    8.3202E+00    8.6504E-02   -5.0771E-01   -2.7379E-01    3.7896E-01    1.5509E-01    7.6006E-01    2.3765E-01   -8.1794E-02    4.4362E-02    1.4080E+00    5.8073E-04   -1.9437E-01   -8.7439E-03   -7.9385E-02   -5.5807E-02   -1.9202E-01    3.5778E-03    1.2990E-01   -1.3428E-02    4.2227E-01    1.6737E+00  
  3.5838E+00   -2.1871E+00    7.8870E+00    9.3308E-02   -5.7523E-01   -2.8483E-01    4.0854E-01    2.5654E-01    8.5848E-01    1.1416E-01   -4.7160E-02    3.2953E-02    1.4141E+00    6.4488E-02   -1.9606E-01   -3.6198E-02   -8.3743E-02   -1.9628E-02   -2.0663E-01   -4.7182E-02    1.1848E-01   -1.9815E-02    4.1595E-01    1.8042E+00  
  4.5279E+00   -2.5940E+00    6.6942E+00    8.6452E-02   -6.5469E-01   -3.3305E-01    4.5970E-01    3.7061E-01    9.5791E-01   -3.8510E-02   -2.1617E-02    2.0078E-02    1.4075E+00    1.2449E-01   -1.8212E-01   -5.8502E-02   -8.9899E-02    1.5037E-02   -2.0379E-01   -9.4273E-02    8.9659E-02   -2.0694E-02    4.0766E-01    1.9568E+00  
  5.4029E+00   -2.4105E+00    4.2970E+00    9.5339E-02   -7.5034E-01   -3.8232E-01    5.5877E-01    5.3405E-01    1.0903E+00   -2.2969E-01    9.9225E-03    2.2274E-02    1.4187E+00    1.5428E-01   -1.3758E-01   -5.7239E-02   -8.5746E-02    3.8612E-02   -1.6382E-01   -1.5156E-01    4.5901E-02   -1.6986E-02    4.0487E-01    2.0727E+00  
  4.8799E+00   -3.7451E+00    2.4443E+00   -9.3962E-01   -2.1997E+00   -1.1711E+00    1.1826E-01   -2.3207E-01    2.8999E-01   -4.9545E-01   -2.9996E-02   -2.8301E-01    8.2952E-01    3.4568E-01   -4.7305E-01   -2.2600E-02   -2.2695E-02    9.3100E-02   -4.4297E-01   -1.3311E-01   -9.4524E-02   -2.8639E-02    3.4876E-01    1.7793E+00  
