  6.1668E+00    8.2274E+00   -3.1142E+00    1.0027E+00    1.0841E+00    4.0045E-01    2.8612E-01   -1.6831E+00   -1.6896E+00    7.7311E-01    1.1342E-01    5.6656E-02    8.8821E-01   -9.5595E-01    3.0207E-01   -5.9059E-02   -3.3085E-01    7.6628E-01   -5.2724E-01    4.6182E-02   -1.2542E-01    1.4467E-02    6.4475E-01    3.3915E+00  
  4.2362E+00    1.0222E+01   -3.7913E+00   -2.5800E-01   -8.8387E-01    1.5805E-03    1.5310E+00   -4.8125E-01   -3.1017E-01   -6.2123E-02   -7.0884E-02    4.5419E-02   -1.0270E-01   -2.0494E-01    8.6548E-02    2.1087E-04   -2.1252E-01    3.3529E-01   -2.4719E-01   -1.2784E-01   -1.0805E-01    1.1966E-02    5.9456E-01    3.5497E+00  
  3.8460E+00    8.6016E+00   -8.1775E+00   -1.6184E-01   -8.0760E-01   -6.3855E-02    1.6712E+00   -3.4143E-01   -2.0449E-01   -1.3558E-01   -7.6429E-02    2.6701E-02   -1.1781E-01   -1.2804E-01    1.1615E-01    1.7124E-02   -1.9523E-01    2.5284E-01   -2.9222E-01   -1.0122E-01   -6.3105E-02    3.5627E-03    5.6453E-01    3.3788E+00  
  3.2757E+00    5.5023E+00   -1.0525E+01   -3.1370E-02   -7.4075E-01   -1.4373E-01    1.7496E+00   -2.4561E-01   -1.2881E-01   -1.9517E-01   -7.5294E-02    3.6174E-02   -1.0801E-01   -6.6383E-02    1.4554E-01    1.2188E-02   -1.9156E-01    1.5698E-01   -3.4511E-01   -4.9571E-02   -3.5560E-02   -5.7729E-03    5.5130E-01    3.2914E+00  
  2.6624E+00    1.6534E+00   -1.1115E+01    8.4745E-02   -6.7770E-01   -2.7427E-01    1.7886E+00   -1.5406E-01   -3.8464E-02   -2.3356E-01   -8.2791E-02    4.5019E-02   -1.1208E-01   -9.5989E-03    1.5888E-01    7.6708E-03   -1.9145E-01    5.3862E-02   -3.7931E-01    8.9027E-03   -2.8211E-02   -1.3124E-02    5.4596E-01    3.1789E+00  
  2.1156E+00   -2.2818E+00   -1.0997E+01    1.8191E-01   -5.7327E-01   -4.4905E-01    1.7924E+00   -7.1155E-02    7.0723E-02   -2.4498E-01   -9.9651E-02    4.6335E-02   -1.3265E-01    5.0091E-02    1.5812E-01    7.0213E-03   -1.9484E-01   -5.5493E-02   -3.9197E-01    6.6090E-02   -4.0239E-02   -2.0759E-02    5.4854E-01    3.2034E+00  
  1.7378E+00   -5.6343E+00   -9.0506E+00    2.5095E-01   -3.7425E-01   -6.4785E-01    1.7657E+00   -1.6447E-03    1.9276E-01   -2.2163E-01   -1.2795E-01    3.4305E-02   -1.5640E-01    1.2043E-01    1.3994E-01    1.4022E-02   -2.0471E-01   -1.7045E-01   -3.8511E-01    1.1383E-01   -7.1196E-02   -3.1031E-02    5.5916E-01    3.2772E+00  
  1.6292E+00   -7.6607E+00   -4.9226E+00    2.2033E-01    1.4440E-02   -8.7270E-01    1.6877E+00    1.0633E-01    2.6502E-01   -1.4833E-01   -1.8958E-01   -2.2771E-02   -1.2790E-01    2.1109E-01    1.2730E-01    5.5623E-02   -2.3696E-01   -2.8323E-01   -3.8981E-01    1.3314E-01   -1.2137E-01   -4.0093E-02    5.8607E-01    3.4390E+00  
 -4.1864E-02   -6.1447E+00   -4.3316E+00   -1.3639E+00    2.8002E+00   -1.4303E+00    4.6316E-01    1.3658E+00   -9.7962E-01   -7.7432E-01   -5.1505E-01   -1.0829E-01    9.7460E-01    9.7871E-01    3.4515E-01    2.0491E-01   -4.1462E-01   -7.6583E-01   -7.2803E-01   -3.2768E-02   -1.3204E-01   -4.9619E-02    6.3213E-01    3.3294E+00  
  4.8183E+00    1.3092E+01   -1.5542E+00   -3.6767E-01   -7.0483E-01    3.3744E-01    1.4844E+00   -4.3536E-01   -2.0916E-01    8.3237E-02   -3.7198E-02    4.8820E-02   -1.5320E-01   -1.7005E-01   -3.0928E-02    1.8776E-02   -1.7819E-01    3.4085E-01   -8.7769E-02   -8.8312E-02   -1.7269E-01    2.3876E-02    5.2724E-01    3.1581E+00  
  4.5831E+00    1.2252E+01   -4.6838E+00   -2.1819E-01   -6.0057E-01    3.2106E-01    1.6356E+00   -3.5871E-01   -1.8212E-01    1.1812E-02   -1.0068E-02    3.8129E-02   -1.1823E-01   -1.2309E-01    2.3215E-02    1.2665E-02   -1.7243E-01    2.8174E-01   -1.6380E-01   -8.9727E-02   -1.2542E-01    1.5887E-02    4.9878E-01    2.9992E+00  
  3.9564E+00    8.9543E+00   -1.0382E+01   -8.1285E-02   -5.8698E-01    2.8455E-01    1.7528E+00   -2.7268E-01   -1.4973E-01   -4.8864E-02   -2.2444E-03    3.8776E-02   -9.1080E-02   -7.7964E-02    5.7149E-02    5.5936E-03   -1.7129E-01    2.0814E-01   -2.2493E-01   -6.9529E-02   -8.8916E-02    5.8337E-03    4.7852E-01    2.9550E+00  
  3.0910E+00    5.7622E+00   -1.4583E+01    4.8458E-02   -6.2050E-01    2.0425E-01    1.8315E+00   -1.8187E-01   -1.0579E-01   -1.0066E-01   -7.3943E-03    4.8443E-02   -7.7915E-02   -3.8431E-02    7.4882E-02   -4.0899E-03   -1.7093E-01    1.2276E-01   -2.6977E-01   -3.3843E-02   -6.6339E-02   -3.2397E-03    4.6586E-01    2.8204E+00  
  2.1497E+00    1.8446E+00   -1.5008E+01    1.7040E-01   -6.5921E-01    7.1945E-02    1.8667E+00   -8.9719E-02   -4.5043E-02   -1.3784E-01   -2.5694E-02    6.0653E-02   -8.6942E-02   -1.9257E-03    8.1838E-02   -1.5029E-02   -1.6924E-01    3.0852E-02   -2.9519E-01    7.0420E-03   -5.9059E-02   -1.2376E-02    4.6079E-01    2.7252E+00  
  1.2966E+00   -2.1401E+00   -1.5199E+01    2.8376E-01   -6.6024E-01   -1.0611E-01    1.8600E+00   -3.6840E-03    3.2709E-02   -1.5284E-01   -5.1211E-02    6.5467E-02   -1.1750E-01    3.5570E-02    8.0554E-02   -2.2384E-02   -1.6664E-01   -6.6108E-02   -3.0078E-01    4.7160E-02   -6.8347E-02   -2.1404E-02    4.6279E-01    2.7461E+00  
  6.8582E-01   -5.5330E+00   -1.1556E+01    3.8256E-01   -5.8028E-01   -3.1006E-01    1.8171E+00    6.8138E-02    1.2359E-01   -1.3594E-01   -8.0311E-02    5.3712E-02   -1.6140E-01    7.9293E-02    6.8741E-02   -2.1436E-02   -1.6614E-01   -1.6663E-01   -2.8699E-01    8.0550E-02   -9.3033E-02   -3.0361E-02    4.7263E-01    2.8718E+00  
  4.4794E-01   -9.1680E+00   -6.2675E+00    4.5225E-01   -3.7825E-01   -5.0256E-01    1.7501E+00    1.2094E-01    2.1555E-01   -7.8835E-02   -1.1606E-01    2.3618E-02   -2.0118E-01    1.3330E-01    3.9293E-02   -1.1619E-02   -1.7284E-01   -2.6642E-01   -2.5566E-01    9.6888E-02   -1.3020E-01   -4.0945E-02    4.9030E-01    2.8986E+00  
  6.9325E-01   -1.0495E+01   -3.3305E+00    4.7658E-01   -2.0201E-02   -6.3601E-01    1.6714E+00    1.4796E-01    2.9825E-01    2.2196E-02   -1.5517E-01   -1.9284E-02   -2.2389E-01    1.9266E-01   -1.5142E-02    5.9362E-03   -1.9439E-01   -3.6561E-01   -2.0531E-01    9.3152E-02   -1.7528E-01   -5.0279E-02    5.1695E-01    3.0525E+00  
  5.4675E+00    1.5221E+01   -1.1405E+00   -3.2389E-01   -3.7691E-01    4.7998E-01    1.5412E+00   -3.6755E-01   -1.2485E-01    1.0662E-01    3.9116E-02    5.4086E-02   -1.2837E-01   -1.0355E-01   -3.9017E-02    2.3759E-02   -1.5300E-01    2.8724E-01   -4.3298E-02   -4.5455E-02   -1.7202E-01    1.8856E-02    4.5117E-01    2.7794E+00  
  5.1204E+00    1.4937E+01   -6.1985E+00   -1.8784E-01   -3.5336E-01    4.6239E-01    1.6997E+00   -3.0104E-01   -1.2188E-01    5.6509E-02    6.2537E-02    3.3593E-02   -8.7075E-02   -7.5729E-02    9.7563E-04    1.8378E-02   -1.5449E-01    2.3796E-01   -1.1132E-01   -5.2055E-02   -1.3601E-01    9.0260E-03    4.2370E-01    2.6419E+00  
  2.0120E+00    3.4187E+00   -4.9540E+00   -6.0019E-02   -4.0728E-01    4.2614E-01    1.8256E+00   -2.2320E-01   -1.1142E-01    7.3797E-03    6.3203E-02    3.0363E-02   -5.4718E-02   -4.7707E-02    2.4145E-02    8.4301E-03   -1.5995E-01    1.7307E-01   -1.6552E-01   -4.0299E-02   -1.0887E-01    1.7401E-04    4.0529E-01    2.5322E+00  
  1.5676E+00    1.9090E+00   -4.0308E+00    6.5720E-02   -5.0235E-01    3.4600E-01    1.9092E+00   -1.3636E-01   -8.8483E-02   -3.8134E-02    4.4888E-02    4.1240E-02   -4.0128E-02   -2.1852E-02    3.5764E-02   -7.2636E-03   -1.6449E-01    9.7713E-02   -2.0354E-01   -1.8973E-02   -9.2647E-02   -6.6928E-03    3.9397E-01    2.4291E+00  
  1.5893E+00    1.7947E+00   -4.4267E+00    1.8917E-01   -6.0077E-01    2.1406E-01    1.9425E+00   -4.7575E-02   -5.0275E-02   -7.3033E-02    1.3974E-02    5.6742E-02   -5.0479E-02    1.9168E-03    3.9792E-02   -2.4094E-02   -1.6228E-01    1.6436E-02   -2.2320E-01    5.5932E-03   -8.7681E-02   -1.4279E-02    3.9012E-01    2.3774E+00  
  1.7206E+00    1.6325E+00   -4.7405E+00    3.1315E-01   -6.6753E-01    3.5571E-02    1.9270E+00    3.6687E-02    2.1869E-03   -9.0279E-02   -2.2829E-02    6.5228E-02   -8.4092E-02    2.5908E-02    3.7688E-02   -3.8595E-02   -1.5477E-01   -6.8845E-02   -2.2265E-01    3.0153E-02   -9.2807E-02   -2.1552E-02    3.9115E-01    2.3892E+00  
  1.5974E+00   -2.1864E-02   -6.3252E+00    4.3567E-01   -6.6559E-01   -1.7019E-01    1.8673E+00    1.0943E-01    6.5343E-02   -8.1342E-02   -6.0184E-02    5.5922E-02   -1.3680E-01    5.3180E-02    2.8267E-02   -4.6991E-02   -1.4374E-01   -1.5664E-01   -2.0370E-01    5.0731E-02   -1.0923E-01   -2.7092E-02    3.9952E-01    2.4682E+00  
 -1.0137E+00   -1.1791E+01   -8.1399E+00    5.4186E-01   -5.6027E-01   -3.6516E-01    1.7788E+00    1.6183E-01    1.3050E-01   -3.6042E-02   -9.4714E-02    2.3604E-02   -1.9399E-01    8.5450E-02    5.9583E-03   -4.5406E-02   -1.3742E-01   -2.4265E-01   -1.6649E-01    6.1334E-02   -1.3605E-01   -3.3734E-02    4.1515E-01    2.5650E+00  
 -7.5491E-01   -1.2443E+01   -3.4201E+00    6.1223E-01   -3.1985E-01   -5.0379E-01    1.6777E+00    1.9133E-01    1.8435E-01    5.3013E-02   -1.2794E-01   -2.8765E-02   -2.3794E-01    1.2133E-01   -3.5572E-02   -3.2531E-02   -1.4486E-01   -3.2396E-01   -1.1289E-01    5.3052E-02   -1.7047E-01   -4.3819E-02    4.3988E-01    2.6835E+00  
  7.1255E+00    7.6677E+00    8.5220E+00    1.2005E+00    1.3733E+00   -7.9463E-01   -9.6974E-01   -1.2877E+00    3.8334E-01    1.9783E+00    2.2365E-01   -6.8035E-01    7.8702E-01   -1.8829E-01   -9.9953E-01   -5.6282E-02   -3.7607E-01    8.1888E-01    4.2385E-01   -3.1320E-02   -8.8316E-02    4.1411E-02    5.1029E-01    2.5721E+00  
  5.5794E+00    1.0966E+01    1.0351E+01   -5.8542E-01   -4.1265E-01    6.3131E-01    1.1808E+00   -3.8285E-01   -2.4494E-02    2.0756E-01   -7.9600E-03    1.4445E-01   -1.6851E-01   -4.9528E-02   -1.6017E-01    1.6358E-02   -1.6358E-01    2.7353E-01    1.5232E-01    5.0686E-02   -1.9464E-01    4.3100E-02    4.6360E-01    2.7713E+00  
  6.1684E+00    1.4415E+01    6.2088E+00   -4.4374E-01   -2.2576E-01    5.2464E-01    1.3923E+00   -3.4795E-01   -4.6796E-02    1.5049E-01    6.0740E-02    9.6848E-02   -1.4042E-01   -6.2864E-02   -8.8517E-02    2.4629E-02   -1.3803E-01    2.6140E-01    7.4789E-02    1.3351E-02   -1.8114E-01    2.7407E-02    4.2301E-01    2.5675E+00  
  6.3047E+00    1.6734E+01   -1.0519E+00   -3.1252E-01   -1.5684E-01    4.8719E-01    1.5849E+00   -3.0561E-01   -6.2389E-02    1.1279E-01    1.0905E-01    5.1485E-02   -9.8792E-02   -5.8160E-02   -4.0858E-02    2.8071E-02   -1.3388E-01    2.3671E-01    2.7054E-03   -1.3896E-02   -1.5814E-01    1.0564E-02    3.8839E-01    2.4067E+00  
  1.3554E+00    1.7668E+00   -3.0859E+00   -1.9127E-01   -1.8174E-01    4.7018E-01    1.7559E+00   -2.5041E-01   -7.4157E-02    7.6014E-02    1.2892E-01    2.2644E-02   -5.5953E-02   -4.4362E-02   -1.0814E-02    2.5852E-02   -1.4312E-01    1.9566E-01   -5.9607E-02   -2.3380E-02   -1.3522E-01   -2.8765E-03    3.6127E-01    2.2606E+00  
  1.1318E+00    1.7504E+00   -3.6079E+00   -7.4916E-02   -2.6915E-01    4.3452E-01    1.8943E+00   -1.8185E-01   -7.7086E-02    3.6113E-02    1.2103E-01    1.5135E-02   -2.2039E-02   -2.8628E-02    5.8827E-03    1.8025E-02   -1.5776E-01    1.4112E-01   -1.0804E-01   -1.9286E-02   -1.1892E-01   -1.3117E-02    3.4174E-01    2.1723E+00  
  1.0233E+00    1.6933E+00   -4.1063E+00    4.3509E-02   -3.9022E-01    3.5529E-01    1.9855E+00   -1.0351E-01   -6.7966E-02   -1.7354E-03    8.8722E-02    2.5713E-02   -6.8463E-03   -1.2714E-02    1.4883E-02   -3.6030E-04   -1.7058E-01    7.7826E-02   -1.4144E-01   -8.5868E-03   -1.0901E-01   -1.7629E-02    3.2994E-01    2.1156E+00  
  1.0445E+00    1.5994E+00   -4.5449E+00    1.6678E-01   -5.1356E-01    2.2403E-01    2.0192E+00   -2.2083E-02   -4.6391E-02   -3.1593E-02    4.1032E-02    4.3002E-02   -1.6007E-02    3.1760E-03    1.7849E-02   -2.4781E-02   -1.7116E-01    8.1525E-03   -1.5718E-01    4.9299E-03   -1.0564E-01   -1.8062E-02    3.2615E-01    2.0608E+00  
  1.1940E+00    1.4701E+00   -4.9001E+00    2.9820E-01   -6.1098E-01    4.5911E-02    1.9954E+00    5.6159E-02   -1.4127E-02   -4.8080E-02   -1.1575E-02    5.3654E-02   -4.8042E-02    1.9180E-02    1.5242E-02   -4.7783E-02   -1.5752E-01   -6.4808E-02   -1.5277E-01    1.8531E-02   -1.0863E-01   -1.8062E-02    3.2752E-01    2.1072E+00  
  1.4605E+00    1.3037E+00   -5.1457E+00    4.3639E-01   -6.5280E-01   -1.5991E-01    1.9197E+00    1.2437E-01    2.5792E-02   -4.4419E-02   -5.9671E-02    4.5122E-02   -1.0060E-01    3.5504E-02    6.4351E-03   -6.1843E-02   -1.3407E-01   -1.3805E-01   -1.2956E-01    2.9545E-02   -1.1791E-01   -2.0775E-02    3.3638E-01    2.1432E+00  
  1.8166E+00    1.0996E+00   -5.2499E+00    5.6935E-01   -6.1067E-01   -3.5601E-01    1.8084E+00    1.7499E-01    6.6317E-02   -1.2038E-02   -9.6584E-02    9.1424E-03   -1.6310E-01    5.2298E-02   -1.0470E-02   -6.2131E-02   -1.1429E-01   -2.0949E-01   -8.8916E-02    3.4166E-02   -1.3327E-01   -2.6623E-02    3.5228E-01    2.2055E+00  
 -2.4020E+00   -1.4168E+01   -3.6916E+00    6.7733E-01   -4.5775E-01   -4.9536E-01    1.6837E+00    2.0324E-01    9.5788E-02    5.9456E-02   -1.2475E-01   -5.1007E-02   -2.1772E-01    6.9928E-02   -4.2958E-02   -5.2237E-02   -1.0788E-01   -2.7516E-01   -3.1121E-02    2.4992E-02   -1.5516E-01   -3.7020E-02    3.7615E-01    2.3279E+00  
 -1.4618E+00   -1.2209E+01    3.4053E+00    7.3185E-01   -1.7094E-01   -5.1766E-01    1.5647E+00    2.0809E-01    9.8973E-02    1.7085E-01   -1.4926E-01   -1.2081E-01   -2.4792E-01    8.0463E-02   -9.8289E-02   -3.0939E-02   -1.2793E-01   -3.3601E-01    4.2628E-02   -2.9820E-04   -1.7498E-01   -5.3437E-02    4.0771E-01    2.4651E+00  
 -7.8857E-02   -9.2502E+00    7.7263E+00    6.9268E-01    2.6831E-01   -3.4979E-01    1.4646E+00    1.9343E-01    6.7348E-02    3.0855E-01   -1.8409E-01   -1.7136E-01   -2.3423E-01    7.2406E-02   -1.8478E-01    1.8034E-03   -1.8829E-01   -3.9656E-01    1.3192E-01   -3.2532E-02   -1.8583E-01   -7.1851E-02    4.4557E-01    2.6532E+00  
 -9.0279E-01   -6.5220E+00    6.5902E+00   -1.4830E+00    3.0417E+00    1.6600E+00   -5.7119E-01    1.0910E+00    2.6054E-01   -1.2096E+00   -6.1191E-01    6.8886E-01    8.5701E-01    2.7632E-01   -1.0071E+00    1.3950E-01   -5.1609E-01   -1.0104E+00    4.1482E-01    2.6588E-02   -6.0356E-02   -7.9060E-02    4.9028E-01    2.5013E+00  
  5.3201E+00    7.4249E+00    1.3294E+01   -6.3727E-01   -3.4360E-01    7.4164E-01    8.9543E-01   -3.4224E-01    1.2840E-01    2.8603E-01   -1.6308E-02    1.5780E-01   -1.0635E-01    6.8509E-02   -2.4686E-01   -4.4775E-03   -2.0921E-01    2.3713E-01    2.6800E-01    6.4117E-02   -1.3625E-01    5.5901E-02    4.5868E-01    2.6881E+00  
  6.1159E+00    9.1988E+00    1.2127E+01   -5.6775E-01   -1.7521E-01    5.7145E-01    1.2034E+00   -2.9312E-01    3.6359E-02    1.5892E-01    4.4532E-02    1.6254E-01   -1.3735E-01    2.1590E-03   -1.2465E-01    1.6999E-02   -1.3573E-01    2.0884E-01    1.8063E-01    6.2809E-02   -1.4652E-01    4.1496E-02    4.0957E-01    2.5176E+00  
  6.8741E+00    1.0670E+01    9.3568E+00   -4.3692E-01   -5.6700E-02    4.6060E-01    1.4148E+00   -2.7097E-01    7.5359E-03    1.2725E-01    1.2000E-01    1.0139E-01   -1.0837E-01   -2.2189E-02   -7.3310E-02    2.4896E-02   -1.1679E-01    2.0382E-01    1.1251E-01    3.0272E-02   -1.4699E-01    2.1574E-02    3.7121E-01    2.2824E+00  
  1.2782E+00    1.4059E+00   -2.5220E+00   -3.2025E-01   -3.1217E-02    4.2381E-01    1.6189E+00   -2.4010E-01   -1.5795E-02    1.0337E-01    1.6947E-01    4.6443E-02   -7.0371E-02   -2.7846E-02   -3.7304E-02    3.0944E-02   -1.1777E-01    1.8478E-01    4.6723E-02    5.0513E-03   -1.3830E-01   -1.3034E-03    3.3715E-01    2.0967E+00  
  9.2007E-01    1.4217E+00   -3.0777E+00   -2.1204E-01   -7.5933E-02    4.0787E-01    1.8050E+00   -1.9678E-01   -3.4908E-02    7.5313E-02    1.8687E-01    1.0662E-02   -3.0520E-02   -2.3780E-02   -1.5597E-02    3.4186E-02   -1.3449E-01    1.5100E-01   -9.7655E-03   -6.0462E-03   -1.2863E-01   -2.1154E-02    3.0801E-01    1.9796E+00  
  6.6556E-01    1.4057E+00   -3.6370E+00   -1.0646E-01   -1.6815E-01    3.7355E-01    1.9562E+00   -1.4247E-01   -4.6199E-02    4.4412E-02    1.7020E-01   -3.0183E-04    6.1237E-04   -1.6180E-02   -2.9378E-03    2.7439E-02   -1.6308E-01    1.0862E-01   -5.4788E-02   -7.0882E-03   -1.2102E-01   -3.3832E-02    2.8407E-01    1.8519E+00  
  5.4176E-01    1.3602E+00   -4.1695E+00    3.9559E-03   -2.8607E-01    2.9536E-01    2.0564E+00   -7.8451E-02   -4.6993E-02    1.5152E-02    1.2479E-01    9.0889E-03    1.4965E-02   -7.0116E-03    4.0349E-03    7.8969E-03   -1.8893E-01    5.8787E-02   -8.5846E-02   -2.9345E-03   -1.1601E-01   -3.3792E-02    2.6819E-01    1.8402E+00  
  5.6266E-01    1.2874E+00   -4.6396E+00    1.2597E-01   -4.0586E-01    1.6430E-01    2.0928E+00   -8.8393E-03   -3.7708E-02   -8.0016E-03    5.9340E-02    2.7251E-02    9.3352E-03    3.5693E-03    6.3145E-03   -2.1689E-02   -1.9533E-01    3.3065E-03   -9.8132E-02    4.3499E-03   -1.1384E-01   -2.1105E-02    2.6068E-01    1.7070E+00  
  7.2738E-01    1.1898E+00   -5.0236E+00    2.6213E-01   -5.0450E-01   -1.3862E-02    2.0611E+00    5.8784E-02   -1.9318E-02   -2.1521E-02   -1.0566E-02    3.8802E-02   -1.9086E-02    1.4129E-02    3.7908E-03   -5.0296E-02   -1.7352E-01   -5.4653E-02   -9.1805E-02    1.1795E-02   -1.1561E-01   -8.0642E-03    2.6647E-01    1.8591E+00  
  1.0247E+00    1.0677E+00   -5.2993E+00    4.1004E-01   -5.6119E-01   -2.1932E-01    1.9704E+00    1.1644E-01    3.5899E-03   -2.0841E-02   -7.0014E-02    2.9233E-02   -6.4527E-02    2.3270E-02   -3.5092E-03   -6.6854E-02   -1.3448E-01   -1.1203E-01   -6.5315E-02    1.6487E-02   -1.2007E-01   -6.7925E-03    2.7951E-01    1.8513E+00  
  1.4238E+00    9.1959E-01   -5.4372E+00    5.6134E-01   -5.5377E-01   -4.1472E-01    1.8393E+00    1.5916E-01    2.4606E-02    4.9989E-04   -1.1252E-01   -9.8910E-03   -1.2074E-01    3.0844E-02   -1.6810E-02   -6.8286E-02   -9.8023E-02   -1.6696E-01   -2.2162E-02    1.6523E-02   -1.2686E-01   -1.5644E-02    2.9932E-01    1.9509E+00  
  1.8913E+00    7.3984E-01   -5.4063E+00    6.9849E-01   -4.6313E-01   -5.5346E-01    1.6910E+00    1.8419E-01    3.2807E-02    5.1389E-02   -1.3614E-01   -7.7367E-02   -1.7581E-01    3.5335E-02   -4.0156E-02   -5.7689E-02   -8.0085E-02   -2.1891E-01    3.7029E-02    7.0880E-03   -1.3560E-01   -2.8793E-02    3.2381E-01    2.0358E+00  
 -2.7812E+00   -8.8047E+00    6.2029E+00    7.9088E-01   -2.6879E-01   -5.7425E-01    1.5513E+00    1.8895E-01    1.3090E-02    1.3761E-01   -1.5118E-01   -1.5729E-01   -2.1149E-01    3.1392E-02   -8.2432E-02   -4.0500E-02   -8.9138E-02   -2.6408E-01    1.1217E-01   -1.5265E-02   -1.4282E-01   -4.7692E-02    3.5423E-01    2.1895E+00  
 -1.1023E+00   -7.6907E+00    9.0069E+00    8.0104E-01    4.0288E-02   -4.0703E-01    1.4388E+00    1.7699E-01   -4.5166E-02    2.4824E-01   -1.7032E-01   -2.2196E-01   -2.1424E-01    7.9100E-03   -1.4711E-01   -1.5635E-02   -1.3744E-01   -3.0646E-01    2.0029E-01   -4.2007E-02   -1.4004E-01   -6.8322E-02    3.8970E-01    2.4038E+00  
  5.2584E-01   -6.3457E+00    1.0727E+01    5.9798E-01    5.4891E-01    1.0995E-01    1.2678E+00    1.8633E-01   -9.8522E-02    2.9359E-01   -2.4428E-01   -1.7842E-01   -1.2240E-01   -5.8043E-02   -2.9692E-01    2.9527E-02   -2.6727E-01   -3.8626E-01    3.2358E-01   -3.4360E-02   -1.2521E-01   -8.5301E-02    4.3542E-01    2.5561E+00  
  5.5996E+00    5.2885E+00    1.4202E+01   -6.9837E-01   -1.9002E-01    7.3848E-01    9.9044E-01   -2.1130E-01    1.2623E-01    1.4508E-01   -7.5549E-03    2.3203E-01   -1.0841E-01    9.3834E-02   -1.3360E-01    8.5018E-03   -1.5550E-01    1.3794E-01    2.6634E-01    7.9091E-02   -7.9266E-02    5.5259E-02    4.1263E-01    2.5178E+00  
  6.5497E+00    7.1914E+00    1.3772E+01   -5.6068E-01   -4.7496E-02    4.8981E-01    1.2145E+00   -2.0041E-01    7.4645E-02    1.1147E-01    8.6860E-02    1.7406E-01   -9.5779E-02    3.5367E-02   -8.7316E-02    1.4039E-02   -1.1637E-01    1.4332E-01    2.0640E-01    5.6900E-02   -1.0121E-01    3.8933E-02    3.6922E-01    2.2938E+00  
  2.2800E+00    1.9894E+00   -6.5149E-02   -4.4064E-01    1.9289E-02    3.7801E-01    1.4296E+00   -1.8692E-01    4.5265E-02    9.4439E-02    1.6578E-01    1.0403E-01   -7.4167E-02    5.1511E-03   -5.2381E-02    2.0660E-02   -9.9689E-02    1.4013E-01    1.4575E-01    3.1858E-02   -1.1594E-01    1.4739E-02    3.3155E-01    2.0767E+00  
  9.6688E-01    9.8118E-01   -2.4914E+00   -3.3442E-01    2.3444E-02    3.4188E-01    1.6449E+00   -1.6658E-01    1.8438E-02    7.9783E-02    2.1756E-01    4.1323E-02   -4.4341E-02   -7.8144E-03   -2.8183E-02    2.8563E-02   -1.0287E-01    1.2568E-01    8.4088E-02    1.1610E-02   -1.2084E-01   -1.4933E-02    2.9629E-01    1.8652E+00  
  5.7533E-01    9.9020E-01   -3.0755E+00   -2.3677E-01   -1.9405E-02    3.2709E-01    1.8429E+00   -1.3780E-01   -5.3924E-03    6.0588E-02    2.3291E-01    8.9838E-05   -1.3498E-02   -1.0186E-02   -1.3965E-02    3.4107E-02   -1.2885E-01    1.0190E-01    3.0107E-02    2.1841E-03   -1.2127E-01   -4.3478E-02    2.6276E-01    1.6488E+00  
  2.9821E-01    9.7837E-01   -3.6611E+00   -1.4095E-01   -9.4039E-02    2.9408E-01    2.0058E+00   -1.0108E-01   -2.2006E-02    3.9619E-02    2.0967E-01   -1.4777E-02    9.7538E-03   -8.0286E-03   -5.6462E-03    2.9854E-02   -1.7304E-01    7.3081E-02   -1.3511E-02   -5.1142E-04   -1.2007E-01   -5.9089E-02    2.3255E-01    1.5742E+00  
  1.6147E-01    9.4553E-01   -4.2186E+00   -3.4462E-02   -1.8764E-01    2.1647E-01    2.1164E+00   -5.3189E-02   -3.0354E-02    2.0405E-02    1.4904E-01   -6.5937E-03    2.4470E-02   -2.6810E-03   -1.0179E-03    9.5954E-03   -2.1512E-01    3.7123E-02   -4.0109E-02    6.1689E-04   -1.1834E-01   -4.7672E-02    2.0618E-01    1.4024E+00  
  1.8368E-01    8.9628E-01   -4.7095E+00    8.3727E-02   -2.8110E-01    8.4941E-02    2.1543E+00   -3.0484E-03   -2.9252E-02    3.8618E-03    7.1259E-02    1.3264E-02    2.1549E-02    3.4937E-03    1.9104E-04   -1.5733E-02   -2.2507E-01    7.1202E-04   -4.9550E-02    3.7866E-03   -1.1752E-01   -2.3407E-02    1.9745E-01    1.2751E+00  
  3.6137E-01    8.3129E-01   -5.1133E+00    2.2052E-01   -3.5964E-01   -9.3786E-02    2.1182E+00    4.6036E-02   -2.0006E-02   -6.5169E-03   -1.0721E-02    2.6521E-02    7.0536E-04    9.5833E-03   -1.5095E-03   -4.0529E-02   -1.9818E-01   -3.7406E-02   -4.2449E-02    7.1539E-03   -1.1797E-01    1.2709E-03    2.0532E-01    1.4237E+00  
  6.8048E-01    7.4980E-01   -5.4074E+00    3.7787E-01   -4.0865E-01   -2.9888E-01    2.0133E+00    9.0534E-02   -7.4493E-03   -6.5421E-03   -8.4511E-02    1.5822E-02   -3.5911E-02    1.4654E-02   -6.6488E-03   -5.9153E-02   -1.4127E-01   -7.8578E-02   -1.6776E-02    8.8824E-03   -1.1925E-01    1.4060E-02    2.2931E-01    1.5921E+00  
  1.1127E+00    6.5399E-01   -5.5671E+00    5.4064E-01   -4.1586E-01   -4.9312E-01    1.8659E+00    1.2073E-01    2.0141E-04    6.0350E-03   -1.3165E-01   -2.6974E-02   -7.7000E-02    1.6354E-02   -1.5591E-02   -6.0306E-02   -8.7215E-02   -1.1597E-01    2.8922E-02    7.3571E-03   -1.1987E-01    1.6197E-03    2.5478E-01    1.6377E+00  
  1.6207E+00    5.3838E-01   -5.5638E+00    6.9671E-01   -3.6683E-01   -6.3048E-01    1.6994E+00    1.3901E-01   -6.8519E-03    3.7522E-02   -1.5418E-01   -1.0004E-01   -1.2004E-01    1.3200E-02   -3.0748E-02   -5.0124E-02   -5.8482E-02   -1.5233E-01    8.9706E-02   -1.3965E-04   -1.1871E-01   -2.0072E-02    2.8230E-01    1.8185E+00  
  1.3281E+00   -6.3603E-01   -3.5000E+00    8.1701E-01   -2.4783E-01   -6.4965E-01    1.5416E+00    1.4352E-01   -4.4479E-02    9.4747E-02   -1.6110E-01   -1.8881E-01   -1.5151E-01   -8.1186E-04   -5.9001E-02   -3.5968E-02   -6.1712E-02   -1.8417E-01    1.6551E-01   -1.7236E-02   -1.1333E-01   -4.2052E-02    3.1274E-01    1.9924E+00  
 -1.9328E+00   -6.0828E+00    1.0374E+01    8.6197E-01   -5.0825E-02   -4.8109E-01    1.4179E+00    1.3511E-01   -1.2486E-01    1.7194E-01   -1.6866E-01   -2.6453E-01   -1.5958E-01   -3.4439E-02   -1.0303E-01   -1.9346E-02   -1.0157E-01   -2.1136E-01    2.5184E-01   -3.7400E-02   -9.8877E-02   -6.3994E-02    3.4748E-01    2.1815E+00  
 -4.0164E-02   -4.4594E+00    1.1244E+01    7.8664E-01    2.3212E-01   -4.4881E-02    1.3323E+00    1.1675E-01   -2.4475E-01    2.5932E-01   -1.9613E-01   -2.9066E-01   -1.3956E-01   -1.0060E-01   -1.6332E-01    5.5455E-04   -1.8876E-01   -2.3673E-01    3.5285E-01   -5.5310E-02   -7.7881E-02   -8.2845E-02    3.8905E-01    2.3871E+00  
  5.7806E+00    2.0526E+00    1.4772E+01   -6.9012E-01   -6.4128E-02    6.7703E-01    9.9576E-01   -1.0676E-01    1.4586E-01    7.5727E-02    1.8372E-02    2.4423E-01   -5.6774E-02    1.1449E-01   -6.8845E-02    5.8810E-03   -1.4477E-01    6.9390E-02    2.7807E-01    4.5687E-02   -3.9205E-02    5.5929E-02    3.8674E-01    2.4178E+00  
  6.7928E+00    2.1971E+00    1.4853E+01   -5.6070E-01    2.7288E-03    4.2604E-01    1.2197E+00   -1.0174E-01    9.5882E-02    5.9732E-02    1.1540E-01    1.8147E-01   -4.9985E-02    5.4974E-02   -4.4102E-02    8.6044E-03   -1.0444E-01    7.1048E-02    2.2422E-01    3.6075E-02   -7.0598E-02    3.5525E-02    3.4340E-01    2.1626E+00  
  1.2614E+00    4.8119E-01   -1.9071E+00   -4.4662E-01    3.2123E-02    3.1369E-01    1.4381E+00   -9.5509E-02    6.7643E-02    5.3363E-02    1.9673E-01    1.0556E-01   -3.8333E-02    2.0884E-02   -2.6831E-02    1.2114E-02   -8.8301E-02    6.9662E-02    1.6862E-01    2.1934E-02   -9.5391E-02    8.8915E-03    3.0503E-01    1.9419E+00  
  7.6541E-01    4.9669E-01   -2.4741E+00   -3.4639E-01    2.9916E-02    2.7786E-01    1.6607E+00   -8.5136E-02    3.9557E-02    4.6465E-02    2.4933E-01    3.7229E-02   -2.2228E-02    3.8428E-03   -1.4948E-02    1.7686E-02   -9.1456E-02    6.1021E-02    1.0860E-01    1.0465E-02   -1.0982E-01   -2.6463E-02    2.6803E-01    1.7535E+00  
  3.5309E-01    5.0122E-01   -3.0752E+00   -2.5610E-01    4.1049E-03    2.6360E-01    1.8660E+00   -7.1723E-02    1.3013E-02    3.6960E-02    2.6346E-01   -7.3121E-03   -5.3146E-03   -2.3987E-03   -8.0199E-03    2.2004E-02   -1.2536E-01    4.9900E-02    5.5698E-02    4.7324E-03   -1.1587E-01   -6.2679E-02    2.3156E-01    1.5016E+00  
  5.9581E-02    4.9449E-01   -3.6784E+00   -1.6263E-01   -3.8399E-02    2.3156E-01    2.0405E+00   -5.1670E-02   -6.7227E-03    2.6993E-02    2.3016E-01   -2.4996E-02    9.1623E-03   -3.0881E-03   -4.0710E-03    1.7541E-02   -1.8632E-01    3.4584E-02    1.3472E-02    2.5604E-03   -1.1814E-01   -7.3029E-02    1.9196E-01    1.2233E+00  
 -8.3378E-02    4.7819E-01   -4.2487E+00   -6.1850E-02   -8.9842E-02    1.5397E-01    2.1546E+00   -2.7203E-02   -1.8708E-02    1.7267E-02    1.6312E-01   -1.6774E-02    1.7549E-02   -5.6073E-04   -1.9970E-03    6.2597E-03   -2.3453E-01    1.7147E-02   -1.2148E-02    2.3776E-03   -1.1865E-01   -5.6917E-02    1.6508E-01    1.0686E+00  
 -5.9807E-02    4.5397E-01   -4.7515E+00    5.2786E-02   -1.4123E-01    2.2357E-02    2.1932E+00   -1.4317E-03   -2.2034E-02    8.6090E-03    7.8193E-02    3.6252E-03    1.6744E-02    3.1388E-03   -1.5598E-03   -7.8346E-03   -2.4646E-01   -4.5153E-04   -2.0571E-02    3.2951E-03   -1.1857E-01   -2.5048E-02    1.5680E-01    9.1425E-01  
  1.2651E-01    4.2212E-01   -5.1670E+00    1.8882E-01   -1.8501E-01   -1.5648E-01    2.1549E+00    2.4023E-02   -1.8251E-02    2.8109E-03   -1.0835E-02    1.7432E-02    6.1910E-03    6.7177E-03   -2.5445E-03   -2.1796E-02   -2.1687E-01   -1.9006E-02   -1.2431E-02    4.3819E-03   -1.1839E-01    7.4072E-03    1.6506E-01    1.0907E+00  
  4.6102E-01    3.8224E-01   -5.4734E+00    3.4876E-01   -2.1403E-01   -3.6161E-01    2.0450E+00    4.7385E-02   -1.2292E-02    1.9940E-03   -9.0772E-02    6.7978E-03   -1.2714E-02    8.8714E-03   -5.1548E-03   -3.2673E-02   -1.5310E-01   -3.9338E-02    1.4346E-02    4.7614E-03   -1.1756E-01    2.5331E-02    1.8976E-01    1.2387E+00  
  9.1159E-01    3.3471E-01   -5.6436E+00    5.2241E-01   -2.2140E-01   -5.5488E-01    1.8832E+00    6.5239E-02   -1.2230E-02    7.6665E-03   -1.4718E-01   -3.8615E-02   -3.5779E-02    7.5193E-03   -9.5278E-03   -3.6322E-02   -8.1045E-02   -5.9565E-02    6.0779E-02    3.6711E-03   -1.1487E-01    1.8360E-02    2.2454E-01    1.5023E+00  
  1.4450E+00    2.7873E-01   -5.6560E+00    6.8903E-01   -2.0108E-01   -6.9125E-01    1.7063E+00    7.4580E-02   -2.8069E-02    2.1880E-02   -1.6983E-01   -1.1479E-01   -5.8857E-02    1.8206E-04   -1.6908E-02   -3.0229E-02   -4.3254E-02   -7.7564E-02    1.2280E-01   -3.0601E-04   -1.0836E-01   -1.1121E-02    2.5415E-01    1.7170E+00  
  2.0177E+00    2.0991E-01   -5.4667E+00    8.2665E-01   -1.4580E-01   -7.0981E-01    1.5364E+00    7.8047E-02   -7.7090E-02    4.9012E-02   -1.7183E-01   -2.1044E-01   -7.7503E-02   -1.9229E-02   -3.0057E-02   -2.1530E-02   -4.4233E-02   -9.5403E-02    1.9927E-01   -9.1564E-03   -9.3918E-02   -3.7160E-02    2.8511E-01    1.8623E+00  
 -2.4348E+00   -1.6109E+00    1.1257E+01    8.9307E-01   -5.0596E-02   -5.4021E-01    1.4045E+00    7.3636E-02   -1.7229E-01    8.8775E-02   -1.7155E-01   -2.9366E-01   -8.3752E-02   -5.9079E-02   -5.2178E-02   -1.3055E-02   -7.9817E-02   -1.0822E-01    2.8329E-01   -2.0733E-02   -7.0936E-02   -6.0039E-02    3.2026E-01    2.0535E+00  
 -4.1723E-01   -1.6116E+00    1.1569E+01    8.3910E-01    8.8820E-02   -1.0151E-01    1.3120E+00    6.4523E-02   -3.0727E-01    1.3188E-01   -1.9197E-01   -3.2457E-01   -7.4920E-02   -1.3041E-01   -8.4590E-02   -3.1558E-03   -1.6633E-01   -1.2178E-01    3.8314E-01   -2.7767E-02   -4.1978E-02   -8.3026E-02    3.6116E-01    2.2891E+00  
  5.8238E+00   -1.1512E-02    1.5019E+01   -6.8591E-01    1.3924E-02    6.5395E-01    9.9552E-01    7.9576E-04    1.5115E-01    5.2997E-03    2.8935E-02    2.4756E-01   -3.0971E-03    1.1970E-01    1.2717E-03    1.5398E-04   -1.4375E-01   -3.7061E-03    2.8204E-01    4.5820E-03   -2.4002E-02    5.8453E-02    3.7895E-01    2.3470E+00  
  6.8071E+00   -7.7606E-03    1.4952E+01   -5.6048E-01    1.3501E-02    4.0229E-01    1.2202E+00    6.3214E-04    1.0233E-01    6.1600E-03    1.2595E-01    1.8355E-01   -2.6849E-03    6.0647E-02    1.3271E-03    1.3449E-05   -1.0134E-01   -4.2638E-03    2.3080E-01    5.5023E-03   -5.9182E-02    3.4993E-02    3.3471E-01    2.1028E+00  
  1.2007E+00   -1.3418E-02   -1.8950E+00   -4.4987E-01    1.2871E-02    2.9031E-01    1.4410E+00    5.3164E-04    7.4781E-02    7.1417E-03    2.0709E-01    1.0610E-01   -2.4712E-03    2.5673E-02    8.3869E-04    4.0742E-05   -8.4209E-02   -4.6332E-03    1.7716E-01    5.5927E-03   -8.8720E-02    5.4571E-03    2.9524E-01    1.8972E+00  
  6.9566E-01   -1.2685E-02   -2.4682E+00   -3.5108E-01    1.1890E-02    2.5478E-01    1.6657E+00    2.1150E-04    4.6465E-02    8.5176E-03    2.6002E-01    3.5548E-02   -2.3339E-03    6.9751E-03    4.2229E-04   -7.4397E-05   -8.7312E-02   -4.3397E-03    1.1703E-01    4.9457E-03   -1.0567E-01   -3.1137E-02    2.5758E-01    1.7088E+00  
  2.7609E-01   -1.1709E-02   -3.0748E+00   -2.6264E-01    1.0493E-02    2.4070E-01    1.8735E+00   -4.8368E-04    1.9063E-02    9.4754E-03    2.7337E-01   -9.7198E-03   -1.3807E-03   -3.7546E-04   -8.5558E-05    4.8842E-04   -1.2412E-01   -3.6185E-03    6.4910E-02    4.3150E-03   -1.1360E-01   -6.9463E-02    2.2041E-01    1.4544E+00  
 -2.2717E-02   -1.0640E-02   -3.6836E+00   -1.7036E-01    8.8216E-03    2.0910E-01    2.0519E+00   -1.1384E-03   -1.4598E-03    9.9888E-03    2.3709E-01   -2.8631E-02   -4.6943E-05   -2.0284E-03   -6.1796E-04    1.0268E-03   -1.9092E-01   -2.6278E-03    2.2426E-02    3.7620E-03   -1.1701E-01   -7.8365E-02    1.7770E-01    1.1461E+00  
 -1.6770E-01   -9.6252E-03   -4.2582E+00   -7.1596E-02    7.0651E-03    1.3152E-01    2.1673E+00   -1.5153E-03   -1.4516E-02    1.0137E-02    1.6798E-01   -2.0454E-02    1.2214E-03   -3.7976E-04   -1.1139E-03    1.1392E-03   -2.4143E-01   -1.6920E-03   -3.0357E-03    3.2976E-03   -1.1829E-01   -6.0507E-02    1.5099E-01    9.0615E-01  
 -1.4353E-01   -8.6941E-03   -4.7647E+00    4.1619E-02    5.2585E-03   -1.5999E-04    2.2063E+00   -1.6210E-03   -1.9210E-02    9.9160E-03    8.0810E-02    6.8895E-05    2.3247E-03    2.6056E-03   -1.4749E-03    8.7838E-04   -2.5407E-01   -8.7752E-04   -1.1271E-02    2.9332E-03   -1.1852E-01   -2.5912E-02    1.4338E-01    7.0796E-01  
  4.5843E-02   -7.8225E-03   -5.1841E+00    1.7719E-01    3.4055E-03   -1.7908E-01    2.1677E+00   -1.4043E-03   -1.7217E-02    9.3386E-03   -1.0543E-02    1.4028E-02    3.1607E-03    5.4660E-03   -1.6838E-03    4.0125E-04   -2.2389E-01   -2.9292E-04   -2.7939E-03    2.6912E-03   -1.1818E-01    9.4917E-03    1.5135E-01    9.2381E-01  
  3.8558E-01   -7.0235E-03   -5.4946E+00    3.3800E-01    1.5511E-03   -3.8421E-01    2.0563E+00   -9.0144E-04   -1.3432E-02    8.4200E-03   -9.2873E-02    3.3971E-03    3.6999E-03    6.7453E-03   -1.6739E-03   -2.1172E-04   -1.5785E-01   -1.6040E-05    2.4379E-02    2.6570E-03   -1.1673E-01    2.9808E-02    1.7599E-01    1.1634E+00  
  8.4250E-01   -6.3357E-03   -5.6683E+00    5.1507E-01   -2.3947E-04   -5.7704E-01    1.8902E+00   -1.5293E-04   -1.5990E-02    7.1992E-03   -1.5274E-01   -4.3180E-02    3.8934E-03    4.4404E-03   -1.3670E-03   -8.4272E-04   -7.9874E-02   -1.8306E-04    7.1631E-02    2.9578E-03   -1.1308E-01    2.5194E-02    2.1393E-01    1.4587E+00  
  1.3845E+00   -5.6778E-03   -5.6857E+00    6.8537E-01   -1.8790E-03   -7.1324E-01    1.7093E+00    6.9350E-04   -3.4574E-02    5.6489E-03   -1.7574E-01   -1.1976E-01    3.5151E-03   -4.0785E-03   -7.4877E-04   -1.1212E-03   -3.7987E-02   -7.6622E-04    1.3341E-01    3.7053E-03   -1.0489E-01   -6.6775E-03    2.4425E-01    1.6758E+00  
  1.9674E+00   -5.0370E-03   -5.5029E+00    8.2870E-01   -3.2583E-03   -7.3152E-01    1.5355E+00    1.4903E-03   -8.7312E-02    3.8864E-03   -1.7605E-01   -2.1786E-01    2.5006E-03   -2.5181E-02    1.2918E-04   -7.0571E-04   -3.7601E-02   -1.7877E-03    2.1055E-01    4.8986E-03   -8.7998E-02   -3.5065E-02    2.7584E-01    1.8237E+00  
 -2.5389E+00   -1.0760E-02    1.1294E+01    9.0126E-01   -3.8627E-03   -5.6121E-01    1.3991E+00    1.8617E-03   -1.8745E-01    3.0555E-03   -1.7383E-01   -3.0341E-01    2.0063E-03   -6.6933E-02    1.6053E-04   -4.1976E-04   -7.3680E-02   -2.0665E-03    2.9389E-01    5.1710E-03   -6.0538E-02   -5.9812E-02    3.1131E-01    1.9977E+00  
 -5.2851E-01   -5.9845E-03    1.1741E+01    8.5375E-01   -4.0461E-03   -1.2177E-01    1.3043E+00    2.0559E-03   -3.2762E-01    2.5711E-03   -1.9189E-01   -3.3557E-01    1.9915E-03   -1.4023E-01    2.4750E-05   -2.3601E-04   -1.6097E-01   -1.9612E-03    3.9282E-01    5.0446E-03   -2.9231E-02   -8.4922E-02    3.5180E-01    2.2223E+00  
  5.7796E+00   -2.0732E+00    1.4771E+01   -6.8876E-01    9.0998E-02    6.7774E-01    9.9457E-01    1.0920E-01    1.4423E-01   -6.6605E-02    1.9734E-02    2.4352E-01    4.9542E-02    1.1090E-01    7.2901E-02   -5.4494E-03   -1.4634E-01   -7.7687E-02    2.7831E-01   -3.5798E-02   -3.6935E-02    5.7006E-02    3.8630E-01    2.4147E+00  
  6.7918E+00   -2.2136E+00    1.4865E+01   -5.6048E-01    2.3935E-02    4.2702E-01    1.2193E+00    1.0353E-01    9.4949E-02   -4.7967E-02    1.1599E-01    1.8122E-01    4.4071E-02    5.2883E-02    4.7310E-02   -8.5050E-03   -1.0448E-01   -7.9827E-02    2.2487E-01   -2.5039E-02   -6.9516E-02    3.5432E-02    3.4227E-01    2.1568E+00  
  1.2592E+00   -5.0803E-01   -1.9055E+00   -4.4681E-01   -6.3739E-03    3.1498E-01    1.4375E+00    9.6712E-02    6.7190E-02   -3.9103E-02    1.9686E-01    1.0544E-01    3.3397E-02    1.9334E-02    2.8704E-02   -1.2175E-02   -8.8423E-02   -7.8585E-02    1.6970E-01   -1.0878E-02   -9.4408E-02    8.2907E-03    3.0357E-01    1.9353E+00  
  7.6296E-01   -5.2182E-01   -2.4725E+00   -3.4609E-01   -6.2632E-03    2.7943E-01    1.6597E+00    8.5352E-02    3.9421E-02   -2.9696E-02    2.4910E-01    3.6920E-02    1.8033E-02    2.3080E-03    1.5926E-02   -1.7429E-02   -9.1107E-02   -6.9277E-02    1.0953E-01   -4.5927E-04   -1.0873E-01   -2.6034E-02    2.6711E-01    1.7490E+00  
  3.5020E-01   -5.2450E-01   -3.0731E+00   -2.5507E-01    1.6851E-02    2.6550E-01    1.8644E+00    7.0793E-02    1.3039E-02   -1.8190E-02    2.6281E-01   -8.0334E-03    2.6692E-03   -3.8317E-03    7.9304E-03   -2.1097E-02   -1.2405E-01   -5.6976E-02    5.6286E-02    4.0501E-03   -1.1487E-01   -6.1784E-02    2.3138E-01    1.4983E+00  
  5.6881E-02   -5.1566E-01   -3.6763E+00   -1.6199E-01    5.6045E-02    2.3359E-01    2.0394E+00    4.9468E-02   -6.6028E-03   -7.1708E-03    2.3045E-01   -2.5695E-02   -9.2744E-03   -4.4794E-03    2.9059E-03   -1.5654E-02   -1.8576E-01   -3.9760E-02    1.3863E-02    5.1511E-03   -1.1723E-01   -7.3376E-02    1.9238E-01    1.2186E+00  
 -8.5855E-02   -4.9735E-01   -4.2468E+00   -6.1630E-02    1.0397E-01    1.5605E-01    2.1541E+00    2.4238E-02   -1.8478E-02    2.8473E-03    1.6405E-01   -1.7418E-02   -1.5172E-02   -1.8612E-03   -1.5504E-04   -4.1476E-03   -2.3467E-01   -2.0480E-02   -1.1909E-02    4.4273E-03   -1.1784E-01   -5.7885E-02    1.6600E-01    1.0662E+00  
 -6.2062E-02   -4.7125E-01   -4.7497E+00    5.2714E-02    1.5175E-01    2.4498E-02    2.1933E+00   -1.7234E-03   -2.1751E-02    1.1059E-02    7.9357E-02    3.0934E-03   -1.2219E-02    1.9582E-03   -1.3563E-03    9.4889E-03   -2.4719E-01   -1.2965E-03   -2.0538E-02    2.7694E-03   -1.1793E-01   -2.5922E-02    1.5788E-01    9.1758E-01  
  1.2448E-01   -4.3767E-01   -5.1653E+00    1.8856E-01    1.9184E-01   -1.5431E-01    2.1556E+00   -2.6767E-02   -1.7942E-02    1.5714E-02   -9.8133E-03    1.7048E-02   -2.9296E-05    5.6880E-03   -8.0346E-04    2.2543E-02   -2.1799E-01    1.8404E-02   -1.2627E-02    1.1805E-03   -1.1797E-01    7.1157E-03    1.6586E-01    1.0911E+00  
  4.5918E-01   -3.9620E-01   -5.4719E+00    3.4838E-01    2.1716E-01   -3.5944E-01    2.0463E+00   -4.9154E-02   -1.1942E-02    1.4716E-02   -9.0300E-02    6.5671E-03    1.9926E-02    8.0388E-03    1.8264E-03    3.2253E-02   -1.5434E-01    3.9260E-02    1.3953E-02    7.0388E-04   -1.1737E-01    2.5839E-02    1.9007E-01    1.2414E+00  
  9.0996E-01   -3.4729E-01   -5.6423E+00    5.2198E-01    2.2098E-01   -5.5276E-01    1.8849E+00   -6.5557E-02   -1.1834E-02    6.5880E-03   -1.4754E-01   -3.8673E-02    4.3320E-02    6.9253E-03    6.8165E-03    3.4768E-02   -8.2094E-02    5.9133E-02    6.0216E-02    2.3692E-03   -1.1495E-01    1.9624E-02    2.2458E-01    1.5011E+00  
  1.4438E+00   -2.8997E-01   -5.6547E+00    6.8817E-01    1.9739E-01   -6.8931E-01    1.7079E+00   -7.3275E-02   -2.7603E-02   -1.0741E-02   -1.7058E-01   -1.1451E-01    6.5568E-02   -1.8165E-04    1.5403E-02    2.8350E-02   -4.3068E-02    7.6000E-02    1.2207E-01    7.7896E-03   -1.0872E-01   -1.0417E-02    2.5441E-01    1.7159E+00  
  2.0170E+00   -2.2001E-01   -5.4657E+00    8.2572E-01    1.3941E-01   -7.0819E-01    1.5377E+00   -7.5150E-02   -7.6408E-02   -4.1121E-02   -1.7286E-01   -2.1015E-01    8.2484E-02   -1.9302E-02    3.0106E-02    2.0237E-02   -4.3191E-02    9.1960E-02    1.9863E-01    1.8719E-02   -9.4472E-02   -3.7769E-02    2.8562E-01    1.8621E+00  
 -2.4357E+00    1.5965E+00    1.1264E+01    8.9300E-01    4.3091E-02   -5.3917E-01    1.4049E+00   -6.9905E-02   -1.7138E-01   -8.2776E-02   -1.7178E-01   -2.9408E-01    8.8009E-02   -5.9403E-02    5.2249E-02    1.2298E-02   -7.9464E-02    1.0406E-01    2.8310E-01    3.1137E-02   -7.1127E-02   -6.0161E-02    3.2021E-01    2.0530E+00  
 -4.1703E-01    1.6027E+00    1.1575E+01    8.3975E-01   -9.6473E-02   -1.0068E-01    1.3126E+00   -6.0350E-02   -3.0651E-01   -1.2719E-01   -1.9161E-01   -3.2534E-01    7.9362E-02   -1.3141E-01    8.4070E-02    2.6748E-03   -1.6547E-01    1.1767E-01    3.8280E-01    3.8239E-02   -4.2300E-02   -8.2661E-02    3.6093E-01    2.2870E+00  
  5.5980E+00   -5.3061E+00    1.4202E+01   -6.9691E-01    2.1569E-01    7.3975E-01    9.8853E-01    2.1487E-01    1.2378E-01   -1.3831E-01   -6.0758E-03    2.3080E-01    1.0024E-01    8.7903E-02    1.4062E-01   -8.5175E-03   -1.5649E-01   -1.4704E-01    2.6766E-01   -6.7660E-02   -7.5332E-02    5.5617E-02    4.1110E-01    2.5112E+00  
  6.5472E+00   -7.2202E+00    1.3781E+01   -5.5991E-01    7.3676E-02    4.9155E-01    1.2134E+00    2.0286E-01    7.3147E-02   -1.0077E-01    8.7690E-02    1.7311E-01    8.9344E-02    3.1449E-02    9.1974E-02   -1.4025E-02   -1.1657E-01   -1.5207E-01    2.0789E-01   -4.5433E-02   -9.8738E-02    3.9133E-02    3.6737E-01    2.2868E+00  
  2.2756E+00   -2.0159E+00   -6.3996E-02   -4.4001E-01    6.0469E-03    3.8041E-01    1.4280E+00    1.8819E-01    4.4529E-02   -8.0717E-02    1.6557E-01    1.0347E-01    6.9236E-02    2.0299E-03    5.5191E-02   -2.0331E-02   -9.9785E-02   -1.4837E-01    1.4739E-01   -2.0828E-02   -1.1383E-01    1.5017E-02    3.2963E-01    2.0710E+00  
  9.6168E-01   -1.0058E+00   -2.4879E+00   -3.3346E-01    1.4822E-05    3.4501E-01    1.6426E+00    1.6659E-01    1.8273E-02   -6.3675E-02    2.1660E-01    4.0792E-02    4.1003E-02   -1.0625E-02    2.9532E-02   -2.7760E-02   -1.0210E-01   -1.3308E-01    8.5486E-02   -1.3011E-03   -1.1869E-01   -1.4051E-02    2.9499E-01    1.8610E+00  
  5.6985E-01   -1.0130E+00   -3.0716E+00   -2.3527E-01    4.0157E-02    3.3073E-01    1.8403E+00    1.3678E-01   -5.3310E-03   -4.2464E-02    2.3227E-01   -9.9942E-04    1.1436E-02   -1.2960E-02    1.4191E-02   -3.3079E-02   -1.2721E-01   -1.0824E-01    3.1151E-02    7.0641E-03   -1.1923E-01   -4.2527E-02    2.6255E-01    1.6449E+00  
  2.9280E-01   -9.9923E-01   -3.6570E+00   -1.3968E-01    1.1171E-01    2.9811E-01    2.0036E+00    9.9119E-02   -2.1764E-02   -2.0285E-02    2.1010E-01   -1.6173E-02   -9.9119E-03   -1.0686E-02    4.7039E-03   -2.8476E-02   -1.7191E-01   -7.8062E-02   -1.2744E-02    8.7936E-03   -1.1823E-01   -5.9514E-02    2.3325E-01    1.5709E+00  
  1.5650E-01   -9.6440E-01   -4.2147E+00   -3.4027E-02    2.0181E-01    2.2064E-01    2.1155E+00    5.0436E-02   -2.9928E-02   -7.5971E-04    1.5074E-01   -7.8365E-03   -2.2286E-02   -5.1638E-03   -9.3558E-04   -7.9570E-03   -2.1540E-01   -4.0320E-02   -3.9658E-02    6.8113E-03   -1.1675E-01   -4.9351E-02    2.0756E-01    1.3996E+00  
  1.7916E-01   -9.1327E-01   -4.7059E+00    8.3573E-02    2.9163E-01    8.9231E-02    2.1546E+00    1.1184E-04   -2.8721E-02    1.5363E-02    7.3450E-02    1.2256E-02   -1.7392E-02    1.2446E-03   -2.9787E-03    1.7051E-02   -2.2645E-01   -2.4111E-03   -4.9492E-02    2.8532E-03   -1.1632E-01   -2.4972E-02    1.9895E-01    1.2787E+00  
  3.5727E-01   -8.4655E-01   -5.1100E+00    2.1998E-01    3.6652E-01   -8.9442E-02    2.1196E+00   -4.8600E-02   -1.9401E-02    2.4607E-02   -8.8092E-03    2.5792E-02    4.9836E-03    7.6419E-03   -1.7565E-03    4.1103E-02   -2.0028E-01    3.6751E-02   -4.2802E-02   -1.0674E-03   -1.1723E-01    7.4826E-04    2.0636E-01    1.4257E+00  
  6.7679E-01   -7.6351E-01   -5.4045E+00    3.7711E-01    4.1186E-01   -2.9456E-01    2.0158E+00   -9.2176E-02   -6.7623E-03    2.2832E-02   -8.3653E-02    1.5394E-02    4.2560E-02    1.3101E-02    3.3840E-03    5.8766E-02   -1.4359E-01    7.8316E-02   -1.7504E-02   -2.9724E-03   -1.1900E-01    1.5039E-02    2.2963E-01    1.5908E+00  
  1.1095E+00   -6.6627E-01   -5.5644E+00    5.3958E-01    4.1559E-01   -4.8896E-01    1.8690E+00   -1.2115E-01    9.6871E-04    7.7872E-03   -1.3214E-01   -2.6917E-02    8.3754E-02    1.5246E-02    1.2869E-02    5.9263E-02   -8.8745E-02    1.1547E-01    2.7891E-02   -9.8678E-04   -1.2015E-01    3.5519E-03    2.5477E-01    1.6362E+00  
  1.6182E+00   -5.4931E-01   -5.5612E+00    6.9517E-01    3.6327E-01   -6.2659E-01    1.7028E+00   -1.3790E-01   -5.9852E-03   -2.6799E-02   -1.5594E-01   -9.9402E-02    1.2585E-01    1.2593E-02    2.9240E-02    4.9158E-02   -5.8008E-02    1.5059E-01    8.8442E-02    7.8238E-03   -1.1957E-01   -1.9044E-02    2.8269E-01    1.8174E+00  
  1.3265E+00    6.2429E-01   -3.4951E+00    8.1587E-01    2.4208E-01   -6.4662E-01    1.5439E+00   -1.4106E-01   -4.3271E-02   -8.6569E-02   -1.6276E-01   -1.8855E-01    1.5670E-01   -1.2571E-03    5.8212E-02    3.5063E-02   -6.0246E-02    1.8126E-01    1.6432E-01    2.6342E-02   -1.1410E-01   -4.2376E-02    3.1327E-01    1.9914E+00  
 -1.9335E+00    6.0727E+00    1.0382E+01    8.6197E-01    4.3933E-02   -4.7901E-01    1.4188E+00   -1.3163E-01   -1.2331E-01   -1.6605E-01   -1.6909E-01   -2.6533E-01    1.6443E-01   -3.5106E-02    1.0237E-01    1.8610E-02   -1.0085E-01    2.0747E-01    2.5112E-01    4.7918E-02   -9.9372E-02   -6.4074E-02    3.4751E-01    2.1803E+00  
 -3.9716E-02    4.4527E+00    1.1251E+01    7.8733E-01   -2.3919E-01   -4.3101E-02    1.3332E+00   -1.1266E-01   -2.4338E-01   -2.5524E-01   -1.9599E-01   -2.9178E-01    1.4455E-01   -1.0206E-01    1.6182E-01   -1.1376E-03   -1.8794E-01    2.3259E-01    3.5201E-01    6.6333E-02   -7.8260E-02   -8.2687E-02    3.8898E-01    2.3854E+00  
  5.3238E+00   -7.4385E+00    1.3287E+01   -6.2987E-01    3.5958E-01    7.3739E-01    8.8622E-01    3.4937E-01    1.2699E-01   -2.9176E-01   -1.4238E-02    1.5241E-01    9.4142E-02    5.7518E-02    2.6601E-01    4.1932E-03   -2.0953E-01   -2.4940E-01    2.7168E-01   -4.5619E-02   -1.2412E-01    5.5284E-02    4.5657E-01    2.6783E+00  
  6.1114E+00   -9.2223E+00    1.2108E+01   -5.6603E-01    2.0090E-01    5.7347E-01    1.2011E+00    2.9529E-01    3.5391E-02   -1.4960E-01    4.4603E-02    1.6048E-01    1.3131E-01   -2.5260E-03    1.3174E-01   -1.6553E-02   -1.3562E-01   -2.1707E-01    1.8317E-01   -4.9831E-02   -1.4272E-01    4.2050E-02    4.0737E-01    2.5120E+00  
  6.8679E+00   -1.0692E+01    9.3567E+00   -4.3554E-01    8.1784E-02    4.6401E-01    1.4123E+00    2.7158E-01    7.0910E-03   -1.1411E-01    1.1884E-01    1.0024E-01    1.0439E-01   -2.6100E-02    7.7388E-02   -2.4037E-02   -1.1626E-01   -2.1084E-01    1.1472E-01   -1.8686E-02   -1.4408E-01    2.2158E-02    3.6929E-01    2.2789E+00  
  1.2704E+00   -1.4297E+00   -2.5167E+00   -3.1879E-01    5.4419E-02    4.2837E-01    1.6156E+00    2.3992E-01   -1.5962E-02   -8.7983E-02    1.6812E-01    4.5615E-02    6.7864E-02   -3.1634E-02    3.9266E-02   -2.9668E-02   -1.1688E-01   -1.9127E-01    4.8334E-02    5.6786E-03   -1.3524E-01   -6.5297E-04    3.3594E-01    2.0937E+00  
  9.1208E-01   -1.4437E+00   -3.0720E+00   -2.1029E-01    9.6533E-02    4.1319E-01    1.8015E+00    1.9580E-01   -3.4802E-02   -5.8105E-02    1.8631E-01    9.3129E-03    2.9121E-02   -2.7555E-02    1.6261E-02   -3.3128E-02   -1.3294E-01   -1.5666E-01   -8.5183E-03    1.6048E-02   -1.2557E-01   -2.0484E-02    3.0794E-01    1.9791E+00  
  6.5753E-01   -1.4260E+00   -3.6309E+00   -1.0475E-01    1.8580E-01    3.7949E-01    1.9531E+00    1.4079E-01   -4.5853E-02   -2.5903E-02    1.7068E-01   -2.2632E-03   -6.8952E-04   -1.9838E-02    2.3631E-03   -2.6706E-02   -1.6157E-01   -1.1324E-01   -5.3707E-02    1.6275E-02   -1.1831E-01   -3.4081E-02    2.8486E-01    1.8515E+00  
  5.3434E-01   -1.3786E+00   -4.1636E+00    4.6108E-03    3.0027E-01    3.0158E-01    2.0549E+00    7.6092E-02   -4.6426E-02    3.7289E-03    1.2702E-01    7.3075E-03   -1.3091E-02   -1.0433E-02   -5.7124E-03   -7.0017E-03   -1.8923E-01   -6.1804E-02   -8.5250E-02    1.1310E-02   -1.1380E-01   -3.5664E-02    2.6949E-01    1.8371E+00  
  5.5590E-01   -1.3039E+00   -4.6342E+00    1.2573E-01    4.1645E-01    1.7070E-01    2.0931E+00    6.2534E-03   -3.6994E-02    2.6496E-02    6.2331E-02    2.5835E-02   -5.7316E-03    4.8776E-04   -8.8789E-03    2.2439E-02   -1.9719E-01   -4.9609E-03   -9.8054E-02    3.2164E-03   -1.1226E-01   -2.2990E-02    2.6201E-01    1.7110E+00  
  7.2125E-01   -1.2046E+00   -5.0187E+00    2.6127E-01    5.1145E-01   -7.3874E-03    2.0631E+00   -6.1056E-02   -1.8477E-02    3.8914E-02   -7.9705E-03    3.7802E-02    2.4003E-02    1.1500E-02   -6.8828E-03    5.0561E-02   -1.7635E-01    5.3876E-02   -9.2254E-02   -4.8863E-03   -1.1474E-01   -8.6783E-03    2.6730E-01    1.8619E+00  
  1.0192E+00   -1.0809E+00   -5.2949E+00    4.0886E-01    5.6451E-01   -2.1289E-01    1.9740E+00   -1.1792E-01    4.5499E-03    3.6465E-02   -6.8900E-02    2.8724E-02    7.0230E-02    2.1179E-02    3.7436E-04    6.6539E-02   -1.3750E-01    1.1148E-01   -6.6287E-02   -9.8721E-03   -1.1999E-01   -5.5252E-03    2.7967E-01    1.8490E+00  
  1.4191E+00   -9.3139E-01   -5.4331E+00    5.5964E-01    5.5366E-01   -4.0859E-01    1.8438E+00   -1.5957E-01    2.5666E-02    1.2632E-02   -1.1319E-01   -9.5760E-03    1.2629E-01    2.9414E-02    1.4162E-02    6.7923E-02   -9.9572E-02    1.6605E-01   -2.3454E-02   -9.6207E-03   -1.2760E-01   -1.3702E-02    2.9921E-01    1.9466E+00  
  1.8877E+00   -7.5048E-01   -5.4027E+00    6.9657E-01    4.6003E-01   -5.4785E-01    1.6956E+00   -1.8342E-01    3.3930E-02   -4.0919E-02   -1.3849E-01   -7.6423E-02    1.8077E-01    3.4425E-02    3.8376E-02    5.7576E-02   -7.9443E-02    2.1706E-01    3.5363E-02    7.0751E-04   -1.3680E-01   -2.7933E-02    3.2416E-01    2.0337E+00  
 -2.7869E+00    8.7883E+00    6.2298E+00    7.8993E-01    2.6386E-01   -5.6984E-01    1.5545E+00   -1.8734E-01    1.4444E-02   -1.2922E-01   -1.5343E-01   -1.5697E-01    2.1663E-01    3.0557E-02    8.0791E-02    4.0118E-02   -8.7786E-02    2.6185E-01    1.1037E-01    2.4157E-02   -1.4358E-01   -4.7443E-02    3.5474E-01    2.1859E+00  
 -1.1041E+00    7.6773E+00    9.0343E+00    8.0136E-01   -4.6383E-02   -4.0398E-01    1.4406E+00   -1.7413E-01   -4.3400E-02   -2.4251E-01   -1.7125E-01   -2.2301E-01    2.1950E-01    7.0864E-03    1.4527E-01    1.5186E-02   -1.3638E-01    3.0309E-01    1.9891E-01    5.2578E-02   -1.4080E-01   -6.8052E-02    3.8998E-01    2.4012E+00  
  5.2790E-01    6.3382E+00    1.0746E+01    6.0033E-01   -5.5280E-01    1.1165E-01    1.2707E+00   -1.8140E-01   -9.6138E-02   -2.9290E-01   -2.4398E-01   -1.8050E-01    1.2917E-01   -6.1409E-02    2.9218E-01   -2.9892E-02   -2.6608E-01    3.8146E-01    3.2235E-01    4.6677E-02   -1.2794E-01   -8.5075E-02    4.3551E-01    2.5547E+00  
  6.8492E+00   -7.8257E+00    8.8644E+00    1.0606E+00   -1.1426E+00   -5.6559E-01   -8.4248E-01    1.2425E+00    2.8891E-01   -1.7955E+00    2.0458E-01   -6.2814E-01   -7.4954E-01   -2.0956E-01    9.1298E-01    5.3538E-02   -3.6719E-01   -8.0732E-01    4.1251E-01    1.8192E-02   -8.5346E-02    4.3608E-02    5.1067E-01    2.5717E+00  
  5.5733E+00   -1.0985E+01    1.0345E+01   -5.8234E-01    4.3817E-01    6.3408E-01    1.1776E+00    3.8430E-01   -2.4561E-02   -1.9875E-01   -8.6105E-03    1.4220E-01    1.6335E-01   -5.3344E-02    1.6883E-01   -1.4478E-02   -1.6327E-01   -2.7999E-01    1.5510E-01   -3.5950E-02   -1.9130E-01    4.4572E-02    4.6156E-01    2.7712E+00  
  6.1601E+00   -1.4433E+01    6.2059E+00   -4.4152E-01    2.5059E-01    5.2897E-01    1.3888E+00    3.4800E-01   -4.6523E-02   -1.3806E-01    5.9261E-02    9.5214E-02    1.3735E-01   -6.6598E-02    9.4061E-02   -2.3221E-02   -1.3751E-01   -2.6719E-01    7.7484E-02   -3.1254E-04   -1.7809E-01    2.8069E-02    4.2134E-01    2.5692E+00  
  6.2937E+00   -1.6759E+01   -1.0599E+00   -3.1061E-01    1.7968E-01    4.9305E-01    1.5809E+00    3.0521E-01   -6.2331E-02   -9.8056E-02    1.0774E-01    5.0314E-02    9.7059E-02   -6.2366E-02    4.3737E-02   -2.6703E-02   -1.3302E-01   -2.4204E-01    4.4736E-03    2.5501E-02   -1.5474E-01    1.0781E-02    3.8744E-01    2.4084E+00  
  1.3450E+00   -1.7879E+00   -3.0784E+00   -1.8958E-01    2.0222E-01    4.7712E-01    1.7517E+00    2.4960E-01   -7.3999E-02   -5.9926E-02    1.2837E-01    2.1113E-02    5.5435E-02   -4.8671E-02    1.2005E-02   -2.4881E-02   -1.4202E-01   -2.0072E-01   -5.8346E-02    3.4353E-02   -1.3125E-01   -2.9197E-03    3.6111E-01    2.2614E+00  
  1.1214E+00   -1.7699E+00   -3.6000E+00   -7.3290E-02    2.8669E-01    4.4226E-01    1.8906E+00    1.8048E-01   -7.6677E-02   -1.8763E-02    1.2178E-01    1.2835E-02    2.2370E-02   -3.2900E-02   -5.9816E-03   -1.7780E-02   -1.5650E-01   -1.4519E-01   -1.0683E-01    2.9626E-02   -1.1543E-01   -1.3486E-02    3.4239E-01    2.1734E+00  
  1.0135E+00   -1.7110E+00   -4.0986E+00    4.4192E-02    4.0443E-01    3.6354E-01    1.9835E+00    1.0176E-01   -6.7320E-02    1.9531E-02    9.1250E-02    2.3411E-02    8.4070E-03   -1.6696E-02   -1.6208E-02    3.4817E-04   -1.7081E-01   -8.0659E-02   -1.4073E-01    1.8159E-02   -1.0634E-01   -1.9258E-02    3.3092E-01    2.1148E+00  
  1.0355E+00   -1.6154E+00   -4.5377E+00    1.6633E-01    5.2425E-01    2.3252E-01    2.0196E+00    2.0120E-02   -4.5543E-02    4.9040E-02    4.4588E-02    4.1161E-02    1.8871E-02   -3.7095E-04   -2.0098E-02    2.4667E-02   -1.7320E-01   -9.8293E-03   -1.5710E-01    3.8363E-03   -1.0391E-01   -1.9896E-02    3.2707E-01    2.0675E+00  
  1.1859E+00   -1.4844E+00   -4.8936E+00    2.9693E-01    6.1806E-01    5.4491E-02    1.9980E+00   -5.7938E-02   -1.3122E-02    6.4487E-02   -8.4405E-03    5.2372E-02    5.1908E-02    1.6188E-02   -1.8064E-02    4.7570E-02   -1.6073E-01    6.3748E-02   -1.5326E-01   -1.0529E-02   -1.0796E-01   -1.8707E-02    3.2803E-01    2.1112E+00  
  1.4533E+00   -1.3164E+00   -5.1398E+00    4.3455E-01    6.5630E-01   -1.5145E-01    1.9242E+00   -1.2558E-01    2.6940E-02    5.9098E-02   -5.8276E-02    4.4634E-02    1.0493E-01    3.3203E-02   -9.3602E-03    6.1685E-02   -1.3719E-01    1.3700E-01   -1.3055E-01   -2.2031E-02   -1.1835E-01   -1.9802E-02    3.3638E-01    2.1428E+00  
  1.8105E+00   -1.1109E+00   -5.2445E+00    5.6691E-01    6.1079E-01   -3.4794E-01    1.8142E+00   -1.7534E-01    6.7511E-02    2.4331E-02   -9.7338E-02    9.8030E-03    1.6717E-01    5.0753E-02    8.0016E-03    6.2498E-02   -1.1551E-01    2.0778E-01   -9.0307E-02   -2.6592E-02   -1.3476E-01   -2.5503E-02    3.5228E-01    2.2031E+00  
 -2.4122E+00    1.4158E+01   -3.6691E+00    6.7545E-01    4.5556E-01   -4.8829E-01    1.6890E+00   -2.0313E-01    9.6921E-02   -4.8919E-02   -1.2680E-01   -5.0012E-02    2.2226E-01    6.8497E-02    4.0491E-02    5.2550E-02   -1.0753E-01    2.7354E-01   -3.3161E-02   -1.7013E-02   -1.5630E-01   -3.6136E-02    3.7629E-01    2.3226E+00  
 -1.4681E+00    1.2204E+01    3.4302E+00    7.3111E-01    1.6686E-01   -5.1203E-01    1.5690E+00   -2.0731E-01    1.0027E-01   -1.6244E-01   -1.5165E-01   -1.2046E-01    2.5291E-01    7.9390E-02    9.5619E-02    3.1147E-02   -1.2654E-01    3.3421E-01    4.0314E-02    9.2232E-03   -1.7572E-01   -5.2903E-02    4.0820E-01    2.4582E+00  
 -8.1187E-02    9.2464E+00    7.7437E+00    6.9339E-01   -2.7366E-01   -3.4577E-01    1.4674E+00   -1.9149E-01    6.9115E-02   -3.0286E-01   -1.8568E-01   -1.7238E-01    2.3949E-01    7.1652E-02    1.8178E-01   -1.5851E-03   -1.8711E-01    3.9392E-01    1.3014E-01    4.2874E-02   -1.8658E-01   -7.1254E-02    4.4612E-01    2.6480E+00  
 -9.5986E-01    6.5071E+00    6.5276E+00   -1.5154E+00   -3.0748E+00    1.7320E+00   -6.0382E-01   -1.0946E+00    3.0946E-01    1.2432E+00   -6.1717E-01    7.0589E-01   -8.5939E-01    2.4996E-01    1.0272E+00   -1.3960E-01   -5.1703E-01    1.0125E+00    4.1976E-01   -2.7057E-02   -7.1391E-02   -7.8211E-02    4.8947E-01    2.4965E+00  
  5.4548E+00   -1.5229E+01   -1.1647E+00   -3.2194E-01    3.9954E-01    4.8743E-01    1.5369E+00    3.6688E-01   -1.2461E-01   -9.2264E-02    3.8002E-02    5.2902E-02    1.2760E-01   -1.0754E-01    4.2130E-02   -2.2861E-02   -1.5217E-01   -2.9122E-01   -4.1719E-02    5.7647E-02   -1.6924E-01    1.8425E-02    4.5024E-01    2.7839E+00  
  5.1046E+00   -1.4950E+01   -6.2166E+00   -1.8637E-01    3.7349E-01    4.7097E-01    1.6952E+00    3.0022E-01   -1.2166E-01   -4.1350E-02    6.2254E-02    3.1886E-02    8.7215E-02   -8.0338E-02    6.4459E-04   -1.8000E-02   -1.5353E-01   -2.4214E-01   -1.1031E-01    6.3654E-02   -1.3188E-01    8.2291E-03    4.2316E-01    2.6438E+00  
  1.9985E+00   -3.4353E+00   -4.9494E+00   -5.8715E-02    4.2454E-01    4.3565E-01    1.8214E+00    2.2226E-01   -1.1110E-01    8.4027E-03    6.4311E-02    2.7801E-02    5.5362E-02   -5.2284E-02   -2.3762E-02   -8.5069E-03   -1.5933E-01   -1.7698E-01   -1.6459E-01    5.1595E-02   -1.0474E-01   -3.3583E-04    4.0531E-01    2.5336E+00  
  1.5556E+00   -1.9259E+00   -4.0212E+00    6.6098E-02    5.1655E-01    3.5618E-01    1.9069E+00    1.3514E-01   -8.7808E-02    5.4486E-02    4.7612E-02    3.8391E-02    4.1557E-02   -2.5970E-02   -3.6558E-02    6.3509E-03   -1.6474E-01   -1.0052E-01   -2.0270E-01    2.9886E-02   -8.9659E-02   -7.9324E-03    3.9439E-01    2.4273E+00  
  1.5784E+00   -1.8099E+00   -4.4178E+00    1.8833E-01    6.1154E-01    2.2459E-01    1.9429E+00    4.6330E-02   -4.9401E-02    8.9141E-02    1.7932E-02    5.4510E-02    5.2572E-02   -1.6924E-03   -4.1608E-02    2.3078E-02   -1.6436E-01   -1.8280E-02   -2.2306E-01    4.5471E-03   -8.6120E-02   -1.5727E-02    3.9060E-01    2.3707E+00  
  1.7107E+00   -1.6461E+00   -4.7324E+00    3.1143E-01    6.7482E-01    4.6204E-02    1.9301E+00   -3.7767E-02    3.2510E-03    1.0544E-01   -1.9459E-02    6.3767E-02    8.6669E-02    2.2958E-02   -4.0126E-02    3.7790E-02   -1.5788E-01    6.7270E-02   -2.2311E-01   -2.0876E-02   -9.2716E-02   -2.2014E-02    3.9143E-01    2.3954E+00  
  1.5870E+00    1.1343E-02   -6.3153E+00    4.3317E-01    6.6936E-01   -1.5977E-01    1.8727E+00   -1.1010E-01    6.6574E-02    9.4881E-02   -5.8706E-02    5.5570E-02    1.3948E-01    5.0968E-02   -3.0929E-02    4.6977E-02   -1.4640E-01    1.5477E-01   -2.0454E-01   -4.2217E-02   -1.1052E-01   -2.6705E-02    3.9961E-01    2.4695E+00  
 -1.0288E+00    1.1791E+01   -8.1096E+00    5.3921E-01    5.6123E-01   -3.5546E-01    1.7850E+00   -1.6231E-01    1.3161E-01    4.8093E-02   -9.4994E-02    2.4343E-02    1.9709E-01    8.3451E-02   -8.7337E-03    4.5883E-02   -1.3876E-01    2.4082E-01   -1.6794E-01   -5.3120E-02   -1.3766E-01   -3.3195E-02    4.1509E-01    2.5637E+00  
 -7.6619E-01    1.2433E+01   -3.3870E+00    6.1022E-01    3.1849E-01   -4.9528E-01    1.6836E+00   -1.9173E-01    1.8535E-01   -4.2414E-02   -1.2953E-01   -2.7657E-02    2.4179E-01    1.1956E-01    3.2520E-02    3.3041E-02   -1.4481E-01    3.2255E-01   -1.1515E-01   -4.4821E-02   -1.7152E-01   -4.3279E-02    4.3984E-01    2.6776E+00  
  4.8040E+00   -1.3105E+01   -1.5692E+00   -3.6613E-01    7.2707E-01    3.4619E-01    1.4797E+00    4.3432E-01   -2.0869E-01   -6.9775E-02   -3.7946E-02    4.7096E-02    1.5322E-01   -1.7382E-01    3.4118E-02   -1.8975E-02   -1.7768E-01   -3.4427E-01   -8.6397E-02    1.0045E-01   -1.7063E-01    2.2817E-02    5.2597E-01    3.1612E+00  
  4.5660E+00   -1.2257E+01   -4.7065E+00   -2.1710E-01    6.1997E-01    3.3120E-01    1.6308E+00    3.5794E-01   -1.8215E-01    2.0709E-03   -9.9116E-03    3.6106E-02    1.1868E-01   -1.2820E-01   -2.1517E-02   -1.3351E-02   -1.7157E-01   -2.8539E-01   -1.6337E-01    1.0115E-01   -1.2158E-01    1.4593E-02    4.9757E-01    2.9995E+00  
  3.9363E+00   -8.9640E+00   -1.0393E+01   -8.0480E-02    6.0376E-01    2.9556E-01    1.7481E+00    2.7198E-01   -1.4949E-01    6.2748E-02   -8.6890E-04    3.5783E-02    9.1882E-02   -8.2909E-02   -5.6094E-02   -6.3770E-03   -1.7118E-01   -2.1222E-01   -2.2435E-01    8.1337E-02   -8.4351E-02    5.2409E-03    4.7760E-01    2.9543E+00  
  3.0690E+00   -5.7634E+00   -1.4594E+01    4.8315E-02    6.3450E-01    2.1613E-01    1.8288E+00    1.8121E-01   -1.0520E-01    1.1501E-01   -4.4950E-03    4.5138E-02    7.9134E-02   -4.2515E-02   -7.4895E-02    2.5728E-03   -1.7154E-01   -1.2607E-01   -2.6901E-01    4.5743E-02   -6.3025E-02   -3.9086E-03    4.6561E-01    2.8166E+00  
  2.1272E+00   -1.8434E+00   -1.5008E+01    1.6870E-01    6.7015E-01    8.4270E-02    1.8672E+00    8.9113E-02   -4.3973E-02    1.5224E-01   -2.1780E-02    5.7931E-02    8.8473E-02   -5.0285E-03   -8.2907E-02    1.3058E-02   -1.7109E-01   -3.3238E-02   -2.9461E-01    4.5132E-03   -5.7741E-02   -1.3635E-02    4.6107E-01    2.7190E+00  
  1.2746E+00    2.1426E+00   -1.5196E+01    2.8131E-01    6.6771E-01   -9.3616E-02    1.8636E+00    3.4663E-03    3.3909E-02    1.6657E-01   -4.8009E-02    6.3828E-02    1.1868E-01    3.3183E-02   -8.2624E-02    2.1307E-02   -1.6919E-01    6.3771E-02   -3.0078E-01   -3.6682E-02   -6.9001E-02   -2.1963E-02    4.6331E-01    2.7535E+00  
  6.6667E-01    5.5408E+00   -1.1525E+01    3.7975E-01    5.8472E-01   -2.9788E-01    1.8228E+00   -6.8307E-02    1.2466E-01    1.4869E-01   -7.8667E-02    5.3394E-02    1.6278E-01    7.7135E-02   -7.1391E-02    2.1330E-02   -1.6834E-01    1.6421E-01   -2.8765E-01   -7.0890E-02   -9.4864E-02   -3.0362E-02    4.7302E-01    2.8756E+00  
  4.3241E-01    9.1698E+00   -6.2384E+00    4.4955E-01    3.8021E-01   -4.9122E-01    1.7564E+00   -1.2140E-01    2.1640E-01    9.0750E-02   -1.1567E-01    2.4481E-02    2.0346E-01    1.3106E-01   -4.2377E-02    1.1821E-02   -1.7439E-01    2.6463E-01   -2.5713E-01   -8.7936E-02   -1.3198E-01   -4.0646E-02    4.9026E-01    2.8972E+00  
  6.8186E-01    1.0497E+01   -3.2958E+00    4.7453E-01    1.9649E-02   -6.2607E-01    1.6776E+00   -1.4864E-01    2.9889E-01   -1.1602E-02   -1.5605E-01   -1.7998E-02    2.2696E-01    1.9089E-01    1.1583E-02   -5.4674E-03   -1.9449E-01    3.6420E-01   -2.0778E-01   -8.4547E-02   -1.7648E-01   -4.9883E-02    5.1678E-01    3.0485E+00  
  6.0038E+00   -8.4190E+00   -3.0205E+00    9.5642E-01   -9.1639E-01    3.3164E-01    3.0028E-01    1.6500E+00   -1.5734E+00   -7.5269E-01    1.1016E-01    4.9006E-02   -8.7677E-01   -9.1803E-01   -2.4862E-01    5.6996E-02   -3.2935E-01   -7.7116E-01   -5.2708E-01   -8.0485E-03   -1.2150E-01    1.3878E-02    6.4011E-01    3.3858E+00  
  4.2232E+00   -1.0233E+01   -3.8124E+00   -2.5311E-01    8.9519E-01    1.8124E-02    1.5235E+00    4.8570E-01   -3.1893E-01    7.5295E-02   -6.9650E-02    4.5622E-02    1.0036E-01   -2.1346E-01   -9.2223E-02   -2.5365E-03   -2.1125E-01   -3.3775E-01   -2.4978E-01    1.3316E-01   -1.0839E-01    1.0020E-02    5.9309E-01    3.5456E+00  
  3.8249E+00   -8.6090E+00   -8.1973E+00   -1.6159E-01    8.2328E-01   -5.1737E-02    1.6665E+00    3.4088E-01   -2.0441E-01    1.4714E-01   -7.4767E-02    2.3113E-02    1.1816E-01   -1.3386E-01   -1.1464E-01   -1.8748E-02   -1.9516E-01   -2.5718E-01   -2.9192E-01    1.1267E-01   -5.8217E-02    3.3395E-03    5.6280E-01    3.3753E+00  
  3.2530E+00   -5.5048E+00   -1.0536E+01   -3.2410E-02    7.5420E-01   -1.3095E-01    1.7467E+00    2.4538E-01   -1.2799E-01    2.0678E-01   -7.2603E-02    3.2024E-02    1.0860E-01   -7.0884E-02   -1.4449E-01   -1.3728E-02   -1.9255E-01   -1.6144E-01   -3.4420E-01    6.1681E-02   -3.1281E-02   -6.0063E-03    5.5048E-01    3.2872E+00  
  2.6391E+00   -1.6491E+00   -1.1110E+01    8.1421E-02    6.8883E-01   -2.6109E-01    1.7894E+00    1.5389E-01   -3.6744E-02    2.4549E-01   -7.9787E-02    4.1072E-02    1.1290E-01   -1.2296E-02   -1.5872E-01   -1.0072E-02   -1.9298E-01   -5.7678E-02   -3.7779E-01    3.5373E-03   -2.6369E-02   -1.4749E-02    5.4649E-01    3.1717E+00  
  2.0937E+00    2.2870E+00   -1.0988E+01    1.7827E-01    5.8151E-01   -4.3523E-01    1.7964E+00    7.1353E-02    7.2086E-02    2.5729E-01   -9.7020E-02    4.3961E-02    1.3315E-01    4.8242E-02   -1.5948E-01   -8.7923E-03   -1.9680E-01    5.2417E-02   -3.9123E-01   -5.4000E-02   -4.1137E-02   -2.2182E-02    5.4961E-01    3.2138E+00  
  1.7190E+00    5.6394E+00   -9.0317E+00    2.4816E-01    3.7984E-01   -6.3394E-01    1.7712E+00    1.9518E-03    1.9344E-01    2.3404E-01   -1.2587E-01    3.3929E-02    1.5724E-01    1.1839E-01   -1.4257E-01   -1.4597E-02   -2.0686E-01    1.6808E-01   -3.8570E-01   -1.0260E-01   -7.3320E-02   -3.0926E-02    5.5993E-01    3.2820E+00  
  1.6163E+00    7.6661E+00   -4.8883E+00    2.2021E-01   -9.3231E-03   -8.5660E-01    1.6949E+00   -1.0344E-01    2.6809E-01    1.6209E-01   -1.8776E-01   -1.9827E-02    1.3062E-01    2.0973E-01   -1.2825E-01   -5.5139E-02   -2.3844E-01    2.8248E-01   -3.9015E-01   -1.2325E-01   -1.2216E-01   -3.9949E-02    5.8622E-01    3.4392E+00  
  4.3405E-02    6.2808E+00   -4.2600E+00   -1.2891E+00   -2.7372E+00   -1.3240E+00    5.0006E-01   -1.2906E+00   -9.2380E-01    8.3840E-01   -5.0146E-01   -7.3893E-02   -9.3931E-01    1.0035E+00   -3.1394E-01   -1.9651E-01   -4.1123E-01    7.6952E-01   -7.1435E-01    5.3903E-02   -1.1569E-01   -4.8589E-02    6.3420E-01    3.3261E+00  
