 3.8527E+000  -4.5841E+000  -9.8551E-001  -1.8739E+000  -1.8389E+000  -1.1909E+000   3.9894E-001   8.5157E-001   2.8043E-001   5.4093E-002  -5.9102E-001  -6.6469E-001  -8.6560E-001   9.1945E-002  -1.9501E-001   7.6518E-001   3.1266E-001   1.1945E-003   1.4665E-001  -3.6404E-002   2.8875E-002   2.7319E-002   1.4914E-001   1.4020E+000  
 4.2888E+000  -5.2391E+000  -1.6780E+000  -1.0977E+000  -8.0622E-001  -8.0073E-001   1.0776E-001   3.0488E-001  -4.9717E-002  -8.4271E-003  -2.5071E-001  -4.7774E-001  -4.4717E-001   4.8056E-003  -1.0472E-001   4.6370E-001   1.6257E-001   2.0022E-002   6.5273E-002  -2.3060E-002   5.1526E-002   8.5749E-002   2.2107E-001   1.0741E+000  
 4.1812E+000  -5.2602E+000  -2.0369E+000  -8.8717E-001  -4.3191E-001  -6.5460E-001   7.6809E-002   1.9621E-001  -8.3465E-002  -8.6633E-002  -1.5971E-001  -4.1730E-001  -2.9929E-001  -1.3156E-002  -3.6117E-002   3.9962E-001   1.4747E-001   6.8970E-003  -1.7936E-003   1.7718E-003   2.8821E-002   9.4675E-002   2.3554E-001   8.3581E-001  
 4.0344E+000  -5.2267E+000  -2.3943E+000  -8.0533E-001  -2.4067E-001  -6.0084E-001   9.0190E-002   1.9008E-001  -2.6763E-002  -1.1386E-001  -1.3044E-001  -4.2351E-001  -2.3147E-001  -2.1420E-002  -2.0122E-002   3.9071E-001   1.5947E-001   3.1273E-003  -1.7895E-002   1.4463E-002   2.1268E-002   9.6589E-002   2.4221E-001   9.1196E-001  
 3.9402E+000  -5.2458E+000  -2.7606E+000  -7.5149E-001  -1.0510E-001  -5.8980E-001   1.0478E-001   1.8702E-001   3.5726E-002  -1.1711E-001  -1.1985E-001  -4.4208E-001  -1.7378E-001  -2.4642E-002  -5.0810E-003   3.9188E-001   1.7410E-001  -4.6902E-003  -2.9031E-002   2.2151E-002   9.0289E-003   9.3424E-002   2.5002E-001   9.8820E-001  
 3.9043E+000  -5.3178E+000  -3.1070E+000  -7.2052E-001   2.8632E-002  -6.2822E-001   1.2089E-001   1.8514E-001   9.8650E-002  -9.5214E-002  -1.2601E-001  -4.7351E-001  -1.1626E-001  -2.4729E-002   9.6179E-003   4.0138E-001   1.8638E-001  -1.4540E-002  -3.6925E-002   2.4043E-002  -5.2612E-003   8.6140E-002   2.5903E-001   1.0298E+000  
 3.9230E+000  -5.4444E+000  -3.4031E+000  -7.1591E-001   2.1312E-001  -7.1026E-001   1.3977E-001   1.8467E-001   1.5715E-001  -4.6503E-002  -1.4903E-001  -5.1748E-001  -5.0863E-002  -2.1655E-002   2.5069E-002   4.1981E-001   1.9309E-001  -2.5387E-002  -4.3296E-002   1.9560E-002  -1.9430E-002   7.4489E-002   2.6868E-001   1.0821E+000  
 3.9285E+000  -5.5465E+000  -3.6443E+000  -8.1319E-001   5.5234E-001  -8.7093E-001   1.3327E-001   2.5871E-001   1.4636E-001   5.6033E-002  -2.1862E-001  -6.1574E-001   7.2971E-002  -1.6539E-002   8.3130E-002   4.7853E-001   1.7760E-001  -2.1573E-002  -8.4026E-002   3.9811E-003  -4.9446E-002   5.9322E-002   2.7856E-001   1.3803E+000  
 3.5763E+000  -5.2176E+000  -4.0034E+000  -1.3044E+000   1.3475E+000  -1.2531E+000   3.9083E-003   6.5022E-001  -7.0896E-002   2.1810E-001  -4.5907E-001  -8.6348E-001   3.4467E-001   2.2254E-002   1.6639E-001   7.2664E-001   1.1783E-001  -1.7900E-003  -1.3063E-001  -1.5660E-002  -3.8256E-002   1.1738E-002   2.5293E-001   2.1739E+000  
 4.1014E+000  -5.6252E+000  -1.3332E+000  -8.3837E-001  -6.4035E-001  -3.5478E-001   4.5702E-002   2.0846E-001  -1.1294E-001   5.1750E-002  -1.4930E-001  -3.0877E-001  -3.9783E-001   2.3081E-002  -2.9831E-002   4.1145E-001   1.2202E-001  -2.0279E-002  -3.0409E-003  -2.6080E-002   1.2417E-002   9.3013E-002   2.4248E-001   8.9748E-001  
 3.8271E+000  -5.5176E+000  -1.6232E+000  -7.1646E-001  -3.3999E-001  -3.0092E-001   5.7953E-002   2.0056E-001  -9.9261E-002  -6.6615E-003  -8.7585E-002  -3.0609E-001  -3.0613E-001   6.3704E-003  -2.1061E-002   3.8868E-001   1.2246E-001  -1.3229E-002  -1.8694E-002  -1.3466E-002   1.7293E-002   1.0549E-001   2.4466E-001   8.8284E-001  
 3.5828E+000  -5.4519E+000  -1.9853E+000  -6.3623E-001  -1.7855E-001  -2.2977E-001   7.2318E-002   1.9854E-001  -6.8422E-002  -4.9618E-002  -4.7510E-002  -3.0666E-001  -2.4090E-001  -5.8137E-004  -1.1120E-002   3.7722E-001   1.3629E-001  -1.6471E-002  -2.8227E-002  -2.2607E-003   1.5170E-002   1.1216E-001   2.4736E-001   8.8562E-001  
 3.3958E+000  -5.4275E+000  -2.3909E+000  -5.7859E-001  -1.0885E-001  -1.7804E-001   8.6883E-002   1.9906E-001  -2.5991E-002  -7.3842E-002  -2.5514E-002  -3.1614E-001  -1.9090E-001  -1.5362E-003  -4.0172E-003   3.7480E-001   1.5698E-001  -2.4956E-002  -3.0812E-002   4.1863E-003   9.6057E-003   1.1260E-001   2.5129E-001   9.4539E-001  
 3.2863E+000  -5.4442E+000  -2.8049E+000  -5.3326E-001  -8.5497E-002  -1.6820E-001   1.0105E-001   1.9970E-001   2.1494E-002  -7.7095E-002  -1.9014E-002  -3.3685E-001  -1.4753E-001  -1.2059E-003  -3.2363E-004   3.7917E-001   1.7859E-001  -3.4373E-002  -2.7701E-002   7.4557E-003   4.2560E-003   1.0764E-001   2.5696E-001   1.0185E+000  
 3.2602E+000  -5.5027E+000  -3.1998E+000  -4.9555E-001  -6.2941E-002  -2.0606E-001   1.1576E-001   1.9839E-001   6.8721E-002  -6.0023E-002  -2.5777E-002  -3.6756E-001  -1.0354E-001  -8.4979E-004   2.8515E-003   3.8778E-001   1.9730E-001  -4.3771E-002  -2.1418E-002   8.5216E-003  -2.3324E-003   9.8702E-002   2.6485E-001   1.0674E+000  
 3.3130E+000  -5.6034E+000  -3.5472E+000  -4.6986E-001   4.2758E-003  -2.8606E-001   1.3208E-001   1.9570E-001   1.1025E-001  -2.0737E-002  -4.5943E-002  -4.0865E-001  -5.1865E-002  -5.3226E-004   8.5592E-003   4.0198E-001   2.0943E-001  -5.1861E-002  -1.5170E-002   6.2195E-003  -1.1162E-002   8.5448E-002   2.7457E-001   1.1261E+000  
 3.4288E+000  -5.7479E+000  -3.8107E+000  -4.6547E-001   1.5900E-001  -3.8627E-001   1.5247E-001   1.9257E-001   1.4027E-001   4.1122E-002  -8.0076E-002  -4.5690E-001   1.3069E-002   2.5683E-003   1.7702E-002   4.2136E-001   2.1166E-001  -5.9621E-002  -1.0964E-002  -1.6647E-003  -1.9745E-002   6.9505E-002   2.8481E-001   1.1587E+000  
 3.5844E+000  -5.9405E+000  -3.9563E+000  -4.9602E-001   4.4388E-001  -4.7233E-001   1.7982E-001   1.8929E-001   1.5290E-001   1.2698E-001  -1.2881E-001  -5.0885E-001   9.7279E-002   1.1536E-002   2.9596E-002   4.4593E-001   2.0234E-001  -6.9323E-002  -1.0289E-002  -1.4879E-002  -2.4792E-002   5.2615E-002   2.9495E-001   1.2034E+000  
 3.5652E+000  -5.8959E+000  -1.2187E+000  -6.0806E-001  -2.7707E-001  -1.5572E-001   4.2149E-002   2.1235E-001  -7.1356E-002   6.3452E-002  -5.4437E-002  -2.3244E-001  -3.2929E-001   1.1541E-002  -7.9428E-003   4.0317E-001   1.0158E-001  -1.3444E-002  -3.6805E-002  -1.7528E-002   1.9200E-003   1.0491E-001   2.5528E-001   9.7222E-001  
 3.2124E+000  -5.8165E+000  -1.5468E+000  -5.3501E-001  -9.4303E-002  -1.0603E-001   6.0467E-002   2.1656E-001  -6.5042E-002   1.4808E-002  -7.1488E-003  -2.3552E-001  -2.6067E-001   3.8198E-003  -3.9743E-003   3.9602E-001   1.1378E-001  -1.3686E-002  -4.0136E-002  -8.6614E-003   5.7554E-003   1.1293E-001   2.5239E-001   9.2039E-001  
 2.9103E+000  -5.7698E+000  -1.9467E+000  -4.8836E-001  -2.4922E-002  -3.9329E-002   7.6537E-002   2.2305E-001  -4.3560E-002  -1.8474E-002   2.1580E-002  -2.4319E-001  -2.1010E-001   2.3185E-003  -2.2958E-003   3.9848E-001   1.3639E-001  -1.9588E-002  -3.6719E-002  -3.7818E-003   6.9647E-003   1.1209E-001   2.5014E-001   9.0712E-001  
 2.6883E+000  -5.7563E+000  -2.3902E+000  -4.4818E-001  -2.8676E-002   1.0652E-002   8.9192E-002   2.2648E-001  -1.6544E-002  -3.6321E-002   3.7727E-002  -2.5672E-001  -1.6566E-001   2.4030E-003  -1.1452E-004   4.0289E-001   1.6113E-001  -2.8321E-002  -3.1368E-002   4.3436E-004   5.0295E-003   1.0767E-001   2.5114E-001   9.2809E-001  
 2.5662E+000  -5.7730E+000  -2.8408E+000  -4.0738E-001  -6.9962E-002   2.0494E-002   1.0044E-001   2.2801E-001   1.3401E-002  -3.9061E-002   4.1565E-002  -2.7823E-001  -1.2457E-001   3.8011E-003   9.4184E-004   4.0860E-001   1.8494E-001  -3.7986E-002  -2.2478E-002   1.8525E-003   1.6581E-003   1.0061E-001   2.5514E-001   9.7175E-001  
 2.5495E+000  -5.8185E+000  -3.2726E+000  -3.6379E-001  -1.1144E-001  -1.7059E-002   1.1144E-001   2.2710E-001   4.2643E-002  -2.6142E-002   3.4640E-002  -3.0851E-001  -8.2116E-002   4.9325E-003   1.1914E-003   4.1549E-001   2.0496E-001  -4.6745E-002  -1.0688E-002   1.3391E-003  -1.7500E-003   9.1443E-002   2.6243E-001   1.0488E+000  
 2.6337E+000  -5.8950E+000  -3.6589E+000  -3.1977E-001  -1.1626E-001  -9.5014E-002   1.2408E-001   2.2345E-001   6.7751E-002   2.7816E-003   1.7054E-002  -3.4554E-001  -3.4313E-002   5.8321E-003   1.4403E-003   4.2238E-001   2.1893E-001  -5.4239E-002   3.2601E-003  -1.0178E-003  -4.8539E-003   8.1045E-002   2.7263E-001   1.1127E+000  
 2.8021E+000  -6.0047E+000  -3.9635E+000  -2.8447E-001  -4.9096E-002  -1.9045E-001   1.4164E-001   2.1557E-001   8.5401E-002   4.9215E-002  -1.0026E-002  -3.8647E-001   2.0556E-002   6.5080E-003   2.0968E-003   4.2965E-001   2.2524E-001  -6.0180E-002   1.8600E-002  -4.9402E-003  -7.3215E-003   6.9273E-002   2.8488E-001   1.1557E+000  
 3.0279E+000  -6.1496E+000  -4.1551E+000  -2.7442E-001   1.2754E-001  -2.7062E-001   1.6641E-001   2.0662E-001   8.6490E-002   1.1559E-001  -4.9791E-002  -4.3082E-001   9.0132E-002   1.0988E-002   6.8618E-003   4.4216E-001   2.2020E-001  -6.5688E-002   2.9647E-002  -1.4650E-002  -8.9853E-003   5.3781E-002   2.9719E-001   1.1908E+000  
 3.8429E+000  -6.2231E+000  -3.6005E-001  -1.3936E+000  -1.6643E+000   5.9345E-001   3.8005E-001   5.3730E-001   1.8220E-001  -3.0955E-002  -4.9016E-001  -7.9312E-003  -9.4279E-001   1.0721E-001   8.4726E-002   6.6630E-001   3.6345E-001  -1.3039E-001  -1.0121E-002  -4.8719E-003  -3.5010E-002   1.6776E-002   2.2836E-001   2.0427E+000  
 3.8655E+000  -6.4296E+000  -7.6596E-001  -6.8424E-001  -6.9110E-001   7.4206E-002   7.1628E-003   2.3360E-001   4.2892E-002   1.5698E-001  -1.4047E-001  -1.4544E-001  -4.8973E-001   2.9972E-002   1.2111E-002   4.4893E-001   1.1346E-001  -2.2142E-002  -4.7665E-002  -1.3468E-002  -2.5401E-002   7.3301E-002   2.7095E-001   1.0729E+000  
 3.4423E+000  -6.3359E+000  -8.8190E-001  -5.3295E-001  -3.0258E-001  -8.1630E-002   2.5984E-002   2.2676E-001  -6.5504E-003   1.0930E-001  -5.3822E-002  -1.6992E-001  -3.7619E-001   1.0976E-002   1.1877E-003   4.3023E-001   9.2563E-002  -1.6663E-003  -4.9913E-002  -1.2092E-002  -1.1099E-002   9.1947E-002   2.6783E-001   1.0629E+000  
 2.9933E+000  -6.2630E+000  -1.1372E+000  -4.5555E-001  -7.3155E-002  -1.0299E-001   4.9459E-002   2.3245E-001  -2.7570E-002   6.1606E-002   3.4341E-003  -1.7971E-001  -2.9907E-001   3.0873E-003  -7.7710E-004   4.2676E-001   9.7950E-002   1.0656E-003  -4.8237E-002  -8.6687E-003  -2.4869E-003   1.0144E-001   2.6094E-001   1.0060E+000  
 2.5760E+000  -6.2169E+000  -1.4969E+000  -4.1474E-001   3.5484E-002  -5.4777E-002   6.7458E-002   2.3894E-001  -3.0951E-002   2.4624E-002   4.2011E-002  -1.8576E-001  -2.3992E-001   9.9415E-004   3.2530E-004   4.3055E-001   1.1682E-001  -4.4685E-003  -4.4269E-002  -5.3884E-003   7.3017E-004   1.0203E-001   2.5439E-001   9.3956E-001  
 2.2263E+000  -6.1939E+000  -1.9259E+000  -3.8829E-001   5.4991E-002   1.2184E-002   8.1202E-002   2.4488E-001  -2.3078E-002  -2.0073E-004   6.5435E-002  -1.9482E-001  -1.9080E-001   1.2200E-003   1.4761E-003   4.3877E-001   1.4220E-001  -1.3262E-002  -3.7558E-002  -2.3743E-003   1.6546E-003   9.5248E-002   2.4922E-001   9.1806E-001  
 1.9735E+000  -6.1909E+000  -2.3950E+000  -3.6097E-001   1.4312E-002   6.1685E-002   9.2154E-002   2.4934E-001  -8.2171E-003  -1.3184E-002   7.6790E-002  -2.1072E-001  -1.4624E-001   2.7948E-003   1.2779E-003   4.4828E-001   1.6847E-001  -2.2808E-002  -2.7730E-002  -1.3637E-003   1.5616E-003   8.5165E-002   2.4673E-001   9.0039E-001  
 1.8402E+000  -6.2069E+000  -2.8700E+000  -3.2343E-001  -5.5803E-002   7.1204E-002   1.0119E-001   2.5158E-001   8.4781E-003  -1.4550E-002   7.8104E-002  -2.3363E-001  -1.0191E-001   4.1192E-003   5.2962E-004   4.5496E-001   1.9126E-001  -3.1569E-002  -1.5761E-002  -9.9876E-004   1.0462E-003   7.6221E-002   2.4842E-001   9.0617E-001  
 1.8320E+000  -6.2407E+000  -3.3261E+000  -2.7414E-001  -1.2585E-001   3.3701E-002   1.0947E-001   2.5114E-001   2.4075E-002  -4.8357E-003   7.0901E-002  -2.6337E-001  -5.6081E-002   4.8521E-003  -7.8554E-004   4.5894E-001   2.1006E-001  -3.8588E-002  -1.0961E-003  -1.2231E-003   4.7595E-004   6.8335E-002   2.5489E-001   9.7150E-001  
 1.9442E+000  -6.2935E+000  -3.7383E+000  -2.1610E-001  -1.6657E-001  -4.3869E-002   1.1885E-001   2.4770E-001   3.5766E-002   1.6427E-002   5.5367E-002  -2.9865E-001  -6.9785E-003   4.7296E-003  -2.4434E-003   4.6015E-001   2.2394E-001  -4.3200E-002   1.6403E-002  -1.9920E-003   8.8170E-005   6.1447E-002   2.6569E-001   1.0536E+000  
 2.1576E+000  -6.3664E+000  -4.0730E+000  -1.6027E-001  -1.4787E-001  -1.3870E-001   1.3167E-001   2.4120E-001   3.9235E-002   5.0147E-002   3.1294E-002  -3.3727E-001   4.7693E-002   4.5214E-003  -3.2817E-003   4.6106E-001   2.3019E-001  -4.5573E-002   3.4693E-002  -4.3316E-003  -1.4275E-004   5.3013E-002   2.7922E-001   1.1280E+000  
 2.4441E+000  -6.4632E+000  -4.2992E+000  -1.2059E-001  -4.1937E-002  -2.1629E-001   1.5204E-001   2.3226E-001   2.9027E-002   9.9176E-002  -2.7534E-003  -3.7715E-001   1.1105E-001   5.1192E-003  -2.0067E-003   4.6362E-001   2.2676E-001  -4.6066E-002   5.1753E-002  -9.0906E-003  -2.7292E-004   4.1644E-002   2.9330E-001   1.1700E+000  
 2.7698E+000  -6.5893E+000  -4.3778E+000  -1.1616E-001   1.8100E-001  -2.2791E-001   1.8469E-001   2.2132E-001  -2.7110E-003   1.6438E-001  -4.8695E-002  -4.1397E-001   1.8846E-001   1.0623E-002  -5.1827E-004   4.6963E-001   2.1074E-001  -4.9199E-002   6.6138E-002  -1.6894E-002   4.2954E-003   2.7132E-002   3.0661E-001   1.1934E+000  
 3.0893E+000  -6.7451E+000  -4.2607E+000  -1.7034E-001   5.4956E-001  -1.1759E-001   2.3405E-001   2.1445E-001  -7.1007E-002   2.4388E-001  -1.1015E-001  -4.4576E-001   2.8908E-001   2.7536E-002  -1.0730E-004   4.8314E-001   1.8201E-001  -5.9942E-002   7.2026E-002  -2.6470E-002   1.5964E-002   1.2605E-002   3.1651E-001   1.3508E+000  
 3.2144E+000  -6.7611E+000  -4.0522E+000  -4.6962E-001   1.2891E+000   1.7419E-001   1.9864E-001   3.6955E-001  -2.7936E-001   2.4176E-001  -2.6872E-001  -5.1454E-001   5.6981E-001   9.9812E-002  -1.5248E-002   6.2858E-001   1.1040E-001  -1.0604E-001   1.4058E-002  -2.2520E-002   2.8119E-002  -9.0884E-003   3.0443E-001   2.1711E+000  
 3.8481E+000  -6.7950E+000  -6.4595E-001  -7.5770E-001  -8.9346E-001   4.7861E-001   5.2679E-002   2.8685E-001   1.5023E-001   8.1504E-002  -2.1397E-001  -3.4094E-003  -6.1627E-001   2.9002E-002   7.6334E-002   4.8655E-001   1.6912E-001  -5.0687E-002  -7.7805E-002   2.3662E-002  -4.4010E-002   5.2881E-002   2.8697E-001   1.4460E+000  
 3.4649E+000  -6.7742E+000  -6.8073E-001  -4.8823E-001  -4.1644E-001   5.6582E-002   5.4364E-003   2.4188E-001   8.5392E-002   1.1560E-001  -8.0640E-002  -9.6288E-002  -4.4380E-001   9.3409E-003   1.2474E-002   4.5603E-001   9.9927E-002   1.1886E-002  -5.9129E-002   1.0909E-003  -2.0398E-002   7.2565E-002   2.8249E-001   1.1150E+000  
 2.9634E+000  -6.7287E+000  -8.1652E-001  -3.8381E-001  -1.4506E-001  -1.0098E-001   3.2934E-002   2.4329E-001   3.3812E-002   8.2127E-002  -9.0033E-003  -1.2075E-001  -3.5408E-001   6.7238E-004   1.0442E-003   4.5311E-001   9.0963E-002   2.1886E-002  -5.2456E-002  -3.4658E-003  -8.0116E-003   8.5310E-002   2.7460E-001   1.0996E+000  
 2.4494E+000  -6.6980E+000  -1.0950E+000  -3.3778E-001   1.0271E-002  -1.2350E-001   5.7160E-002   2.5047E-001   5.7701E-003   4.8541E-002   3.8716E-002  -1.3116E-001  -2.8720E-001  -1.6688E-003  -2.3129E-004   4.6028E-001   1.0339E-001   1.7277E-002  -4.6185E-002  -3.1029E-003  -2.7999E-003   8.7132E-002   2.6395E-001   1.0289E+000  
 1.9786E+000  -6.6826E+000  -1.4745E+000  -3.1985E-001   7.5355E-002  -7.6295E-002   7.4251E-002   2.5779E-001  -5.5457E-003   2.3431E-002   6.9640E-002  -1.3854E-001  -2.3144E-001  -1.4734E-003  -1.4834E-005   4.7207E-001   1.2676E-001   7.7419E-003  -3.9024E-002  -2.4266E-003   1.6576E-004   7.9108E-002   2.5301E-001   9.3019E-001  
 1.5892E+000  -6.6794E+000  -1.9203E+000  -3.0857E-001   7.3740E-002  -9.5365E-003   8.6143E-002   2.6331E-001  -6.3654E-003   6.7020E-003   8.8488E-002  -1.4889E-001  -1.8071E-001   1.4537E-004   5.7514E-004   4.8476E-001   1.5321E-001  -3.3052E-003  -3.0996E-002  -1.9272E-003   8.3287E-004   6.6638E-002   2.4396E-001   9.3905E-001  
 1.3114E+000  -6.6863E+000  -2.4042E+000  -2.8868E-001   2.7142E-002   4.0351E-002   9.5080E-002   2.6680E-001  -1.5805E-003  -1.4114E-003   9.7299E-002  -1.6582E-001  -1.2999E-001   1.6447E-003   7.1352E-004   4.9498E-001   1.7691E-001  -1.3658E-002  -2.1777E-002  -1.6436E-003   9.5870E-004   5.4773E-002   2.3876E-001   9.7745E-001  
 1.1690E+000  -6.7015E+000  -2.8927E+000  -2.5267E-001  -4.1992E-002   5.0001E-002   1.0247E-001   2.6892E-001   4.8478E-003  -1.7028E-003   9.6978E-002  -1.8927E-001  -7.7903E-002   2.8354E-003   1.2305E-004   5.0079E-001   1.9594E-001  -2.1874E-002  -9.6186E-003  -1.5332E-003   9.4959E-004   4.5568E-002   2.3842E-001   1.0060E+000  
 1.1679E+000  -6.7241E+000  -3.3620E+000  -1.9910E-001  -1.1091E-001   1.2176E-002   1.0857E-001   2.6930E-001   1.0118E-002   5.0088E-003   8.9062E-002  -2.1842E-001  -2.4822E-002   3.1333E-003  -9.5077E-004   5.0224E-001   2.1129E-001  -2.6188E-002   5.0400E-003  -1.5973E-003   8.4689E-004   3.8731E-002   2.4381E-001   1.0151E+000  
 1.3031E+000  -6.7547E+000  -3.7888E+000  -1.3145E-001  -1.5727E-001  -6.5697E-002   1.1462E-001   2.6710E-001   1.1459E-002   1.9338E-002   7.4123E-002  -2.5312E-001   2.9538E-002   2.4873E-003  -2.0399E-003   5.0034E-001   2.2298E-001  -2.7021E-002   2.1741E-002  -1.9230E-003   8.1269E-004   3.3472E-002   2.5491E-001   1.0422E+000  
 1.5542E+000  -6.7947E+000  -4.1404E+000  -5.9882E-002  -1.5895E-001  -1.6026E-001   1.2394E-001   2.6158E-001   5.3924E-003   4.2159E-002   5.2826E-002  -2.9067E-001   8.6022E-002   1.0106E-003  -2.8400E-003   4.9609E-001   2.2876E-001  -2.4620E-002   4.0331E-002  -2.4880E-003   1.0681E-003   2.8477E-002   2.6996E-001   1.0704E+000  
 1.8916E+000  -6.8474E+000  -4.3880E+000   1.4476E-003  -9.4941E-002  -2.3572E-001   1.4050E-001   2.5277E-001  -1.2923E-002   7.4858E-002   2.4195E-002  -3.2775E-001   1.4706E-001  -1.9393E-004  -3.4624E-003   4.9076E-001   2.2588E-001  -2.0765E-002   6.0097E-002  -3.8579E-003   2.5528E-003   2.1962E-002   2.8659E-001   1.1333E+000  
 2.2790E+000  -6.9168E+000  -4.4933E+000   3.3582E-002   5.7402E-002  -2.4434E-001   1.6983E-001   2.4244E-001  -5.2331E-002   1.1947E-001  -1.4342E-002  -3.6149E-001   2.1670E-001   1.6365E-003  -3.1657E-003   4.8689E-001   2.1155E-001  -1.7889E-002   7.8068E-002  -8.0075E-003   6.8501E-003   1.2028E-002   3.0191E-001   1.1697E+000  
 2.6683E+000  -7.0050E+000  -4.4069E+000   1.5299E-002   3.1901E-001  -1.2723E-001   2.1732E-001   2.3373E-001  -1.2407E-001   1.7272E-001  -6.5748E-002  -3.8854E-001   3.0152E-001   1.1305E-002  -7.0921E-003   4.8785E-001   1.8666E-001  -2.2404E-002   9.1683E-002  -1.0544E-002   1.8985E-002   1.7320E-003   3.1424E-001   1.2530E+000  
 3.0104E+000  -7.1054E+000  -4.0860E+000  -8.9398E-002   7.2652E-001   1.8735E-001   2.7952E-001   2.3872E-001  -2.4394E-001   2.1981E-001  -1.3869E-001  -3.9982E-001   4.2127E-001   3.5972E-002  -2.4798E-002   4.9995E-001   1.4488E-001  -4.5570E-002   9.8385E-002  -8.7435E-003   3.9776E-002  -8.3240E-003   3.2957E-001   1.5089E+000  
 3.5954E+000  -7.1515E+000  -6.8410E-001  -4.9756E-001  -5.6320E-001   3.8884E-001  -2.4290E-002   2.6316E-001   1.9677E-001   6.8877E-002  -1.3524E-001   6.4458E-003  -5.2642E-001   1.1430E-003   2.9699E-002   4.7580E-001   1.2940E-001   2.3834E-002  -7.0014E-002   2.1044E-002  -2.0243E-002   4.9141E-002   2.9725E-001   1.2125E+000  
 3.0927E+000  -7.1544E+000  -6.5022E-001  -3.3364E-001  -2.8124E-001   1.6526E-002   8.2569E-003   2.5553E-001   1.1521E-001   6.3345E-002  -4.4674E-002  -4.5886E-002  -4.2417E-001  -1.6573E-003   6.1912E-003   4.7314E-001   9.9885E-002   4.1911E-002  -5.2209E-002   7.9265E-003  -1.0636E-002   6.3975E-002   2.9062E-001   1.1684E+000  
 2.5331E+000  -7.1582E+000  -7.9654E-001  -2.5926E-001  -1.0082E-001  -1.4060E-001   4.1398E-002   2.5940E-001   5.9885E-002   4.5037E-002   1.5054E-002  -6.7360E-002  -3.4931E-001  -3.3068E-003  -1.1698E-003   4.8147E-001   1.0031E-001   4.0832E-002  -4.1865E-002   1.4369E-003  -4.2101E-003   6.8889E-002   2.7878E-001   1.1256E+000  
 1.9705E+000  -7.1675E+000  -1.0878E+000  -2.3208E-001   4.2640E-003  -1.6475E-001   6.4345E-002   2.6568E-001   2.7263E-002   2.7862E-002   5.6193E-002  -7.8158E-002  -2.8560E-001  -3.1766E-003  -2.9641E-003   4.9461E-001   1.1538E-001   3.1791E-002  -3.3862E-002  -1.4539E-003  -4.3430E-004   6.4670E-002   2.6471E-001   1.0386E+000  
 1.4594E+000  -7.1804E+000  -1.4761E+000  -2.2823E-001   4.8260E-002  -1.1770E-001   8.0204E-002   2.7215E-001   1.0165E-002   1.3707E-002   8.1929E-002  -8.4745E-002  -2.2865E-001  -1.8479E-003  -1.5792E-003   5.0952E-001   1.4019E-001   1.8571E-002  -2.7695E-002  -1.8042E-003   3.9123E-004   5.1645E-002   2.4988E-001   9.7586E-001  
 1.0395E+000  -7.1957E+000  -1.9286E+000  -2.2497E-001   4.8146E-002  -5.1139E-002   9.0271E-002   2.7715E-001   3.2124E-003   5.0554E-003   9.6977E-002  -9.4827E-002  -1.7205E-001  -6.4637E-004  -5.2973E-004   5.2178E-001   1.6441E-001   6.6397E-003  -2.1830E-002  -1.8273E-003   7.0796E-004   3.8058E-002   2.3729E-001   9.8915E-001  
 7.4119E-001  -7.2119E+000  -2.4177E+000  -2.0711E-001   1.7148E-002  -1.5265E-003   9.8796E-002   2.8242E-001   1.6197E-003   1.5334E-003   1.0027E-001  -1.1123E-001  -1.1213E-001   6.6748E-004  -3.3010E-005   5.2798E-001   1.8291E-001  -4.0754E-003  -1.3944E-002  -1.7298E-003   8.7342E-004   2.9507E-002   2.2760E-001   9.6569E-001  
 5.9177E-001  -7.2259E+000  -2.9091E+000  -1.7145E-001  -2.8239E-002   7.8774E-003   1.0388E-001   2.8488E-001   2.1037E-003   1.8823E-003   9.8093E-002  -1.3413E-001  -5.2385E-002   1.4513E-003  -1.4901E-004   5.3154E-001   1.9881E-001  -1.0536E-002  -4.4206E-003  -1.6716E-003   8.9565E-004   2.1292E-002   2.2530E-001   9.6497E-001  
 5.9667E-001  -7.2373E+000  -3.3813E+000  -1.1609E-001  -7.3377E-002  -2.9813E-002   1.0740E-001   2.8442E-001   1.5089E-003   5.8114E-003   9.1193E-002  -1.6367E-001   7.8319E-003   1.5025E-003  -5.4973E-004   5.3259E-001   2.1127E-001  -1.2509E-002   7.2649E-003  -1.7316E-003   8.6841E-004   1.3438E-002   2.3071E-001   9.7725E-001  
 7.5056E-001  -7.2465E+000  -3.8125E+000  -4.3794E-002  -1.0370E-001  -1.0737E-001   1.1132E-001   2.8101E-001  -3.3753E-003   1.3657E-002   7.9299E-002  -1.9909E-001   6.9243E-002   6.9215E-004  -8.9718E-004   5.3101E-001   2.1935E-001  -1.0012E-002   2.1696E-002  -1.9023E-003   9.0553E-004   6.3575E-003   2.4298E-001   1.0179E+000  
 1.0308E+000  -7.2557E+000  -4.1705E+000   3.7117E-002  -1.0379E-001  -2.0151E-001   1.1748E-001   2.7590E-001  -1.5750E-002   2.6171E-002   6.0490E-002  -2.3722E-001   1.3031E-001  -7.4909E-004  -7.5741E-004   5.2517E-001   2.2296E-001  -3.7673E-003   3.7792E-002  -2.0071E-003   1.1063E-003   1.8317E-003   2.5958E-001   1.0626E+000  
 1.4070E+000  -7.2671E+000  -4.4276E+000   1.1191E-001  -6.0113E-002  -2.7650E-001   1.3137E-001   2.6849E-001  -4.0179E-002   4.4633E-002   3.5900E-002  -2.7433E-001   1.9230E-001  -2.6801E-003  -1.7972E-004   5.1602E-001   2.1885E-001   5.3778E-003   5.5556E-002  -2.1872E-003   1.6562E-003  -2.6752E-003   2.7770E-001   1.1145E+000  
 1.8415E+000  -7.2834E+000  -4.5469E+000   1.6162E-001   4.3000E-002  -2.8283E-001   1.5781E-001   2.5992E-001  -8.4229E-002   6.9198E-002   3.0542E-003  -3.0656E-001   2.5824E-001  -3.2887E-003  -6.5839E-004   5.0553E-001   2.0415E-001   1.3559E-002   7.4704E-002  -2.2769E-003   5.3175E-003  -9.1433E-003   2.9490E-001   1.1539E+000  
 2.2839E+000  -7.3064E+000  -4.4779E+000   1.6614E-001   2.1967E-001  -1.6185E-001   2.0376E-001   2.5266E-001  -1.5888E-001   9.7643E-002  -4.0242E-002  -3.3186E-001   3.3289E-001   6.5834E-004  -5.1979E-003   4.9741E-001   1.8113E-001   1.5928E-002   9.2410E-002   2.7721E-004   1.4345E-002  -1.5056E-002   3.0874E-001   1.2067E+000  
 2.6934E+000  -7.3365E+000  -4.1630E+000   1.0321E-001   4.8793E-001   1.5174E-001   2.7880E-001   2.5132E-001  -2.7860E-001   1.2492E-001  -9.7571E-002  -3.4575E-001   4.2506E-001   1.2399E-002  -1.8423E-002   4.9521E-001   1.4853E-001   6.5083E-003   1.0742E-001   6.8308E-003   2.9087E-002  -2.0595E-002   3.1841E-001   1.3505E+000  
 3.3224E+000  -7.4797E+000  -7.0969E-001  -3.4190E-001  -4.0129E-001   3.6583E-001  -2.7077E-002   2.7780E-001   2.0659E-001  -1.3111E-002  -1.0742E-001   6.3224E-002  -5.0359E-001  -1.1676E-002   1.9317E-002   4.8437E-001   1.3343E-001   5.6459E-002  -5.6032E-002   2.5102E-002  -3.8438E-003   3.8363E-002   3.0562E-001   1.2661E+000  
 2.7777E+000  -7.5434E+000  -6.7468E-001  -2.0016E-001  -2.3810E-001  -7.1183E-003   1.1576E-002   2.7051E-001   1.2735E-001   3.2155E-003  -2.6536E-002   1.2763E-002  -4.1806E-001  -5.0649E-003  -2.1444E-004   4.9117E-001   1.0986E-001   6.3810E-002  -3.2761E-002   8.8325E-003  -2.0274E-003   4.8841E-002   2.9646E-001   1.1784E+000  
 2.1814E+000  -7.5966E+000  -8.2210E-001  -1.4002E-001  -1.3026E-001  -1.6444E-001   4.6888E-002   2.7237E-001   7.0147E-002   4.6707E-003   2.5581E-002  -6.6016E-003  -3.4969E-001  -3.7357E-003  -5.0419E-003   5.0537E-001   1.1363E-001   5.5660E-002  -2.1971E-002   1.6805E-003   2.9193E-004   4.8814E-002   2.8232E-001   1.1312E+000  
 1.5867E+000  -7.6430E+000  -1.1128E+000  -1.2349E-001  -6.1954E-002  -1.8858E-001   7.0538E-002   2.7726E-001   3.5167E-002   2.1783E-003   6.0524E-002  -1.5434E-002  -2.8743E-001  -2.0645E-003  -4.6528E-003   5.2225E-001   1.3080E-001   4.1037E-002  -1.5499E-002  -1.2956E-003   5.0053E-004   3.9320E-002   2.6502E-001   1.0482E+000  
 1.0496E+000  -7.6824E+000  -1.4999E+000  -1.2530E-001  -2.4027E-002  -1.4194E-001   8.5294E-002   2.8258E-001   1.5219E-002   2.9143E-005   8.2296E-002  -2.1168E-002  -2.2540E-001  -1.3189E-003  -2.9151E-003   5.3651E-001   1.5316E-001   2.6081E-002  -1.2053E-002  -1.6897E-003   6.0907E-004   2.5481E-002   2.4712E-001   9.9841E-001  
 6.0897E-001  -7.7144E+000  -1.9499E+000  -1.2382E-001  -8.6929E-003  -7.5358E-002   9.5782E-002   2.8818E-001   5.5711E-003  -3.0238E-004   9.1938E-002  -3.1293E-002  -1.6009E-001  -5.1690E-004  -1.4250E-003   5.4554E-001   1.7170E-001   1.2255E-002  -9.1509E-003  -1.7403E-003   7.4203E-004   1.4841E-002   2.3056E-001   9.4270E-001  
 2.9891E-001  -7.7370E+000  -2.4338E+000  -1.0862E-001  -7.8883E-003  -2.5737E-002   1.0204E-001   2.9212E-001   1.8954E-003   3.0114E-004   9.4191E-002  -4.7705E-002  -9.3141E-002   1.3602E-004  -5.3553E-004   5.5112E-001   1.8740E-001   2.3196E-003  -5.9075E-003  -1.7380E-003   8.4344E-004   5.8804E-003   2.1946E-001   8.9633E-001  
 1.4544E-001  -7.7488E+000  -2.9191E+000  -7.3697E-002  -1.4155E-002  -1.6329E-002   1.0476E-001   2.9376E-001   4.5445E-004   1.2435E-003   9.1699E-002  -7.0609E-002  -2.6239E-002   5.3136E-004  -1.5452E-004   5.5377E-001   2.0058E-001  -2.4177E-003  -1.2166E-003  -1.7282E-003   8.7679E-004  -2.6783E-003   2.1619E-001   8.8977E-001  
 1.5394E-001  -7.7497E+000  -3.3852E+000  -1.6951E-002  -2.0297E-002  -5.4038E-002   1.0589E-001   2.9314E-001  -2.0689E-003   2.4278E-003   8.4921E-002  -1.0015E-001   4.0898E-002   5.4144E-004   8.4606E-005   5.5346E-001   2.1025E-001  -1.9046E-003   5.6139E-003  -1.7544E-003   8.8492E-004  -1.0538E-002   2.2098E-001   9.1205E-001  
 3.1906E-001  -7.7399E+000  -3.8109E+000   5.8749E-002  -1.9119E-002  -1.3161E-001   1.0738E-001   2.9020E-001  -9.0295E-003   3.9832E-003   7.3718E-002  -1.3554E-001   1.0855E-001   1.0624E-006   5.5188E-004   5.5015E-001   2.1550E-001   3.8755E-003   1.5255E-002  -1.8047E-003   9.2214E-004  -1.7398E-002   2.3296E-001   9.5164E-001  
 6.1822E-001  -7.7203E+000  -4.1655E+000   1.4380E-001  -3.4964E-003  -2.2550E-001   1.1185E-001   2.8505E-001  -2.4014E-002   6.2962E-003   5.7697E-002  -1.7410E-001   1.7564E-001  -1.1527E-003   1.5635E-003   5.4383E-001   2.1536E-001   1.4496E-002   2.7831E-002  -1.8029E-003   1.0114E-003  -2.2961E-002   2.5011E-001   1.0182E+000  
 1.0198E+000  -7.6928E+000  -4.4216E+000   2.2442E-001   3.4185E-002  -3.0012E-001   1.2423E-001   2.7905E-001  -5.1239E-002   1.0420E-002   3.6770E-002  -2.1151E-001   2.4072E-001  -2.5401E-003   2.9761E-003   5.3296E-001   2.0770E-001   2.7753E-002   4.2087E-002  -1.7324E-003   1.1786E-003  -2.7977E-002   2.6889E-001   1.0717E+000  
 1.4853E+000  -7.6589E+000  -4.5416E+000   2.8330E-001   1.0173E-001  -3.0586E-001   1.4995E-001   2.7307E-001  -9.7741E-002   1.6312E-002   9.1446E-003  -2.4452E-001   3.0466E-001  -4.3013E-003   3.9019E-003   5.1795E-001   1.9203E-001   4.1709E-002   5.9304E-002  -4.0743E-004   2.5331E-003  -3.2066E-002   2.8664E-001   1.1339E+000  
 1.9623E+000  -7.6187E+000  -4.4765E+000   2.9901E-001   2.0827E-001  -1.8273E-001   1.9531E-001   2.6981E-001  -1.7329E-001   1.9197E-002  -2.7857E-002  -2.6954E-001   3.7353E-001  -3.8687E-003  -3.1201E-004   5.0414E-001   1.6849E-001   4.9846E-002   7.8147E-002   5.5273E-003   7.7603E-003  -3.5239E-002   3.0095E-001   1.1873E+000  
 2.4093E+000  -7.5709E+000  -4.1667E+000   2.5218E-001   3.6530E-001   1.3490E-001   2.7075E-001   2.7296E-001  -2.9099E-001   1.3398E-002  -7.7726E-002  -2.8271E-001   4.5450E-001   6.0933E-004  -1.4256E-002   4.9502E-001   1.3829E-001   4.7029E-002   9.7732E-002   1.7513E-002   1.7122E-002  -3.6499E-002   3.1174E-001   1.2573E+000  
 3.1069E+000  -7.7813E+000  -8.0392E-001  -2.1145E-001  -2.9677E-001   3.8089E-001  -3.1978E-002   2.9551E-001   1.9342E-001  -9.9809E-002  -9.5172E-002   1.2843E-001  -4.9038E-001  -1.8399E-002   9.3402E-003   4.9129E-001   1.4479E-001   7.9410E-002  -3.2576E-002   2.1369E-002   1.1451E-002   2.4973E-002   3.1205E-001   1.2524E+000  
 2.5430E+000  -7.9066E+000  -7.5346E-001  -7.8608E-002  -2.4113E-001   9.0410E-003   1.2942E-002   2.8488E-001   1.1840E-001  -5.9481E-002  -2.2135E-002   8.0978E-002  -4.1583E-001  -5.3642E-003  -4.0768E-003   5.0360E-001   1.2592E-001   7.6571E-002  -7.1606E-003   7.3137E-003   5.0072E-003   3.0429E-002   3.0142E-001   1.2107E+000  
 1.9317E+000  -8.0078E+000  -8.8934E-001  -2.1508E-002  -1.9724E-001  -1.4884E-001   4.9715E-002   2.8315E-001   6.4061E-002  -3.6850E-002   2.5101E-002   6.2602E-002  -3.5090E-001  -1.2007E-003  -7.0657E-003   5.2126E-001   1.3027E-001   6.2388E-002   3.4203E-003  -4.4931E-005   2.2743E-003   2.6469E-002   2.8582E-001   1.1591E+000  
 1.3238E+000  -8.0899E+000  -1.1683E+000  -5.8173E-003  -1.5733E-001  -1.7261E-001   7.4595E-002   2.8536E-001   2.9522E-002  -2.3280E-002   5.5477E-002   5.5505E-002  -2.8698E-001  -7.2620E-005  -5.0940E-003   5.3898E-001   1.4594E-001   4.3794E-002   6.4065E-003  -1.5896E-003   1.0370E-003   1.5152E-002   2.6664E-001   1.0681E+000  
 7.7597E-001  -8.1539E+000  -1.5438E+000  -6.7635E-003  -1.1834E-001  -1.2585E-001   8.9739E-002   2.8889E-001   1.0443E-002  -1.3342E-002   7.3658E-002   4.9892E-002  -2.1948E-001  -2.7052E-005  -3.1076E-003   5.5226E-001   1.6398E-001   2.6861E-002   5.7893E-003  -1.6899E-003   8.6352E-004   2.0616E-003   2.4685E-001   9.8421E-001  
 3.2784E-001  -8.2003E+000  -1.9811E+000  -4.9751E-003  -7.9566E-002  -5.9044E-002   9.9542E-002   2.9289E-001   2.1559E-003  -5.7726E-003   8.1366E-002   3.9301E-002  -1.4758E-001  -1.4140E-004  -1.4469E-003   5.6039E-001   1.7845E-001   1.2369E-002   3.1694E-003  -1.7518E-003   8.5560E-004  -8.1532E-003   2.2900E-001   9.0371E-001  
 1.3450E-002  -8.2283E+000  -2.4511E+000   9.8928E-003  -3.9862E-002  -9.4178E-003   1.0406E-001   2.9538E-001  -9.5140E-005  -1.2188E-003   8.3182E-002   2.2886E-002  -7.3906E-002  -1.3471E-004  -5.2938E-004   5.6537E-001   1.9113E-001   3.4298E-003   7.9925E-004  -1.7544E-003   8.6791E-004  -1.7673E-002   2.1713E-001   8.2055E-001  
-1.4153E-001  -8.2376E+000  -2.9224E+000   4.4779E-002  -2.1926E-005  -6.9576E-006   1.0506E-001   2.9622E-001  -9.0068E-005   2.8065E-004   8.0516E-002  -2.1778E-005  -1.4433E-005  -1.2299E-006  -1.8133E-005   5.6703E-001   2.0117E-001   4.5048E-004  -1.4661E-004  -1.7466E-003   8.7260E-004  -2.6462E-002   2.1297E-001   7.8138E-001  
-1.3168E-001  -8.2284E+000  -3.3744E+000   1.0178E-001   3.9819E-002  -3.7722E-002   1.0445E-001   2.9539E-001  -1.1688E-003  -1.2229E-003   7.3843E-002  -2.9554E-002   7.3877E-002   1.2831E-004   4.9275E-004   5.6537E-001   2.0768E-001   3.4213E-003   1.0393E-003  -1.7530E-003   8.6046E-004  -3.4212E-002   2.1679E-001   8.0877E-001  
 3.7637E-002  -8.2003E+000  -3.7864E+000   1.7803E-001   7.9524E-002  -1.1531E-001   1.0418E-001   2.9291E-001  -6.7096E-003  -5.7804E-003   6.3017E-002  -6.4935E-002   1.4756E-001   9.0015E-005   1.4096E-003   5.6039E-001   2.0984E-001   1.2353E-002   5.0430E-003  -1.7497E-003   8.3407E-004  -4.0626E-002   2.2780E-001   8.7758E-001  
 3.4377E-001  -8.1539E+000  -4.1279E+000   2.6361E-001   1.1830E-001  -2.0924E-001   1.0719E-001   2.8891E-001  -2.0359E-002  -1.3354E-002   4.8023E-002  -1.0338E-001   2.1945E-001  -2.3486E-004   3.0696E-003   5.5227E-001   2.0645E-001   2.6838E-002   1.2134E-002  -1.6871E-003   7.8525E-004  -4.5839E-002   2.4399E-001   9.4571E-001  
 7.5585E-001  -8.0900E+000  -4.3724E+000   3.4340E-001   1.5729E-001  -2.8407E-001   1.1992E-001   2.8539E-001  -4.6598E-002  -2.3295E-002   3.0619E-002  -1.4050E-001   2.8696E-001  -8.7475E-004   5.0552E-003   5.3898E-001   1.9396E-001   4.3763E-002   2.1811E-002  -1.5859E-003   7.8946E-004  -5.2105E-002   2.6143E-001   1.0331E+000  
 1.2341E+000  -8.0080E+000  -4.4811E+000   4.0261E-001   1.9721E-001  -2.8994E-001   1.4640E-001   2.8319E-001  -9.2553E-002  -3.6870E-002   7.2234E-003  -1.7467E-001   3.5088E-001  -2.0841E-003   7.0239E-003   5.2126E-001   1.7567E-001   6.2350E-002   3.5495E-002  -3.9554E-005   1.0748E-003  -5.5395E-002   2.7830E-001   1.1024E+000  
 1.7257E+000  -7.9067E+000  -4.4050E+000   4.2080E-001   2.4110E-001  -1.6587E-001   1.9257E-001   2.8493E-001  -1.6517E-001  -5.9506E-002  -2.5215E-002  -2.0037E-001   4.1580E-001  -4.6444E-003   4.0307E-003   5.0360E-001   1.5193E-001   7.6527E-002   5.4204E-002   7.3226E-003   1.1589E-003  -5.5174E-002   2.9256E-001   1.1291E+000  
 2.1904E+000  -7.7815E+000  -4.0818E+000   3.8089E-001   2.9675E-001   1.5183E-001   2.7250E-001   2.9556E-001  -2.7854E-001  -9.9841E-002  -6.7912E-002  -2.1553E-001   4.9036E-001  -5.9868E-003  -9.3940E-003   4.9130E-001   1.2515E-001   7.9361E-002   7.5748E-002   2.1387E-002   3.2255E-003  -5.1480E-002   3.0310E-001   1.2031E+000  
 2.9559E+000  -8.0269E+000  -9.6765E-001  -1.0127E-001  -1.9741E-001   4.4207E-001  -4.1579E-002   3.1743E-001   1.5389E-001  -1.8786E-001  -9.5006E-002   2.0306E-001  -4.7776E-001  -2.2223E-002   4.5885E-004   4.9166E-001   1.6187E-001   9.3359E-002  -4.5752E-003   1.2016E-002   2.3509E-002   9.7964E-003   3.1700E-001   1.2798E+000  
 2.3952E+000  -8.2155E+000  -8.8705E-001   3.4651E-002  -2.4635E-001   7.1652E-002   9.7447E-003   3.0064E-001   8.7741E-002  -1.2152E-001  -2.7606E-002   1.5745E-001  -4.1195E-001  -4.7515E-003  -6.3758E-003   5.0796E-001   1.4557E-001   8.0468E-002   2.1337E-002   2.4459E-003   1.0637E-002   1.0449E-002   3.0554E-001   1.2205E+000  
 1.7901E+000  -8.3658E+000  -9.9763E-001   9.8315E-002  -2.6477E-001  -8.6415E-002   4.8743E-002   2.9322E-001   4.0750E-002  -7.6499E-002   1.6557E-002   1.3939E-001  -3.4837E-001   1.6327E-003  -6.7227E-003   5.2658E-001   1.4862E-001   6.0953E-002   3.0726E-002  -1.7610E-003   3.3231E-003   3.7090E-003   2.8989E-001   1.1584E+000  
 1.1879E+000  -8.4836E+000  -1.2530E+000   1.2131E-001  -2.5247E-001  -1.0975E-001   7.5555E-002   2.9118E-001   1.1019E-002  -4.5735E-002   4.3860E-002   1.3313E-001  -2.8249E-001   1.9255E-003  -3.9076E-003   5.4465E-001   1.6088E-001   3.9090E-002   2.9505E-002  -1.9781E-003   1.2950E-003  -7.9898E-003   2.7044E-001   1.0953E+000  
 6.4508E-001  -8.5715E+000  -1.6064E+000   1.2711E-001  -2.1206E-001  -6.2561E-002   9.2158E-002   2.9158E-001  -3.3171E-003  -2.3499E-002   5.9202E-002   1.2725E-001  -2.1073E-001   1.0545E-003  -1.9077E-003   5.5765E-001   1.7383E-001   2.0598E-002   2.3579E-002  -1.8842E-003   1.0318E-003  -1.9852E-002   2.5028E-001   1.0104E+000  
 2.0158E-001  -8.6319E+000  -2.0215E+000   1.3279E-001  -1.4974E-001   4.3734E-003   1.0141E-001   2.9317E-001  -6.7672E-003  -8.2646E-003   6.6309E-002   1.1653E-001  -1.3376E-001   1.3674E-005  -6.5937E-004   5.6550E-001   1.8470E-001   6.4350E-003   1.4768E-002  -1.8223E-003   9.2859E-004  -3.0367E-002   2.3241E-001   9.3599E-001  
-1.0976E-001  -8.6654E+000  -2.4695E+000   1.4983E-001  -7.1491E-002   5.4025E-002   1.0488E-001   2.9415E-001  -4.2457E-003   2.5546E-004   6.8011E-002   1.0010E-001  -5.4014E-002  -5.3465E-004  -1.2137E-004   5.6971E-001   1.9399E-001  -1.4410E-003   6.0652E-003  -1.7616E-003   8.9208E-004  -4.0314E-002   2.2021E-001   8.7704E-001  
-2.6366E-001  -8.6721E+000  -2.9191E+000   1.8537E-001   1.4111E-002   6.3442E-002   1.0477E-001   2.9417E-001   4.5224E-004   2.3156E-003   6.5326E-002   7.7191E-002   2.6211E-002  -5.3717E-004   1.1858E-004   5.7032E-001   2.0058E-001  -2.6442E-003  -1.2070E-003  -1.7354E-003   8.7751E-004  -4.9207E-002   2.1523E-001   8.5130E-001  
-2.5474E-001  -8.6527E+000  -3.3495E+000   2.4151E-001   9.9591E-002   2.5724E-002   1.0306E-001   2.9315E-001   4.0678E-003  -1.8795E-003   5.8740E-002   4.7662E-002   1.0620E-001  -1.2976E-004   4.9999E-004   5.6737E-001   2.0365E-001   2.7661E-003  -6.3399E-003  -1.7425E-003   8.3769E-004  -5.6732E-002   2.1780E-001   8.5084E-001  
-8.8327E-002  -8.6066E+000  -3.7394E+000   3.1537E-001   1.7747E-001  -5.1882E-002   1.0176E-001   2.9119E-001   3.3046E-003  -1.2566E-002   4.8086E-002   1.2286E-002   1.8525E-001   5.3066E-004   1.4591E-003   5.6089E-001   2.0249E-001   1.4782E-002  -8.6444E-003  -1.7537E-003   7.3731E-004  -6.2605E-002   2.2725E-001   8.8752E-001  
 2.1373E-001  -8.5339E+000  -4.0591E+000   3.9622E-001   2.3951E-001  -1.4612E-001   1.0500E-001   2.8916E-001  -5.4815E-003  -2.9789E-002   3.4599E-002  -2.5683E-002   2.6043E-001   1.2196E-003   3.1846E-003   5.5033E-001   1.9469E-001   3.2135E-002  -7.7820E-003  -1.7656E-003   5.9056E-004  -6.8292E-002   2.4111E-001   9.2008E-001  
 6.2104E-001  -8.4340E+000  -4.2815E+000   4.6924E-001   2.8016E-001  -2.2129E-001   1.1922E-001   2.8945E-001  -2.7096E-002  -5.4008E-002   2.0098E-002  -6.2939E-002   3.2916E-001   1.4495E-003   5.5071E-003   5.3394E-001   1.7762E-001   5.2311E-002  -2.8993E-003  -1.5339E-003   3.8510E-004  -7.5283E-002   2.5567E-001   9.8991E-001  
 1.0939E+000  -8.3038E+000  -4.3661E+000   5.2165E-001   2.9324E-001  -2.2783E-001   1.4811E-001   2.9259E-001  -6.8350E-002  -8.8182E-002   1.1053E-004  -9.8527E-002   3.9334E-001   1.0673E-003   7.7801E-003   5.1402E-001   1.5704E-001   7.4828E-002   6.6212E-003   3.3769E-004  -4.9664E-004  -7.7164E-002   2.7026E-001   1.0559E+000  
 1.5799E+000  -8.1405E+000  -4.2642E+000   5.3383E-001   2.7613E-001  -1.0396E-001   1.9715E-001   3.0141E-001  -1.3369E-001  -1.3755E-001  -2.8942E-002  -1.2485E-001   4.5644E-001  -3.5522E-003   6.8107E-003   4.9500E-001   1.3279E-001   9.4344E-002   2.4060E-002   5.7699E-003  -4.8982E-003  -7.3628E-002   2.8320E-001   1.1269E+000  
 2.0429E+000  -7.9360E+000  -3.9087E+000   4.9296E-001   2.3331E-001   2.1104E-001   2.8539E-001   3.2233E-001  -2.3838E-001  -2.1435E-001  -6.5246E-002  -1.4301E-001   5.2675E-001  -9.9101E-003  -5.5423E-003   4.8100E-001   1.1001E-001   1.0277E-001   4.6225E-002   1.9570E-002  -1.0246E-002  -6.4976E-002   2.9292E-001   1.1495E+000  
 2.8684E+000  -8.1821E+000  -1.2055E+000  -1.2397E-002  -5.4597E-002   5.4407E-001  -5.7960E-002   3.4762E-001   8.3281E-002  -2.7535E-001  -1.0504E-001   2.8692E-001  -4.6186E-001  -2.5302E-002  -7.9174E-003   4.8515E-001   1.8381E-001   9.8717E-002   2.4054E-002  -2.0282E-003   3.0614E-002  -6.6214E-003   3.1998E-001   1.3371E+000  
 2.3320E+000  -8.4403E+000  -1.0784E+000   1.3670E-001  -2.1026E-001   1.7462E-001   1.9446E-004   3.2059E-001   3.2615E-002  -1.7950E-001  -4.0682E-002   2.4092E-001  -4.0134E-001  -4.6784E-003  -8.4545E-003   5.0183E-001   1.6798E-001   7.7570E-002   4.9723E-002  -5.3508E-003   1.4159E-002  -9.9999E-003   3.0919E-001   1.2119E+000  
 1.7530E+000  -8.6428E+000  -1.1497E+000   2.1658E-001  -2.9714E-001   1.6174E-002   4.2606E-002   3.0596E-001  -1.4126E-003  -1.1175E-001   1.8504E-003   2.2121E-001  -3.3953E-001   3.1141E-003  -4.9636E-003   5.2033E-001   1.6698E-001   5.1787E-002   5.7345E-002  -4.5327E-003   4.4731E-003  -1.7772E-002   2.9402E-001   1.1575E+000  
 1.1753E+000  -8.7989E+000  -1.3683E+000   2.5347E-001  -3.1870E-001  -6.8637E-003   7.2215E-002   2.9811E-001  -2.0872E-002  -6.2710E-002   2.7609E-002   2.1489E-001  -2.7180E-001   3.1092E-003  -1.3752E-003   5.3765E-001   1.7565E-001   2.6924E-002   5.1645E-002  -2.4774E-003   1.4347E-003  -3.0316E-002   2.7534E-001   1.0855E+000  
 6.5297E-001  -8.9121E+000  -1.6882E+000   2.7113E-001  -2.8362E-001   4.0516E-002   9.0773E-002   2.9372E-001  -2.6376E-002  -2.7674E-002   4.1365E-002   2.0933E-001  -1.9741E-001   1.1473E-003   3.0894E-004   5.5103E-001   1.8422E-001   7.1606E-003   3.9923E-002  -2.0502E-003   9.9814E-004  -4.1711E-002   2.5648E-001   1.0196E+000  
 2.2502E-001  -8.9871E+000  -2.0719E+000   2.8587E-001  -2.0467E-001   1.0736E-001   1.0114E-001   2.9121E-001  -2.1590E-002  -4.5511E-003   4.7024E-002   1.9904E-001  -1.1763E-001  -4.9994E-004   8.6085E-004   5.5998E-001   1.9040E-001  -6.2550E-003   2.5431E-002  -1.8880E-003   8.9157E-004  -5.1098E-002   2.3974E-001   9.6329E-001  
-7.6028E-002  -9.0267E+000  -2.4893E+000   3.0763E-001  -9.5485E-002   1.5703E-001   1.0444E-001   2.9041E-001  -1.0749E-002   8.0749E-003   4.8832E-002   1.8260E-001  -3.3045E-002  -1.4872E-003   5.8473E-004   5.6339E-001   1.9592E-001  -1.2972E-002   9.8142E-003  -1.7376E-003   8.8632E-004  -6.1204E-002   2.2755E-001   9.1328E-001  
-2.2629E-001  -9.0312E+000  -2.9092E+000   3.4450E-001   2.8197E-002   1.6645E-001   1.0390E-001   2.8953E-001   2.0993E-003   1.0743E-002   4.6289E-002   1.5967E-001   5.2358E-002  -1.5014E-003   1.1466E-004   5.6293E-001   1.9882E-001  -1.2384E-002  -4.4016E-003  -1.6930E-003   8.9672E-004  -7.0071E-002   2.2185E-001   8.9127E-001  
-2.2055E-001  -9.0014E+000  -3.3099E+000   3.9865E-001   1.5163E-001   1.2874E-001   1.0179E-001   2.8842E-001   1.3869E-002   3.7891E-003   3.9752E-002   1.3015E-001   1.3729E-001  -6.5309E-004  -7.1494E-005   5.5877E-001   1.9826E-001  -4.5554E-003  -1.6455E-002  -1.7335E-003   8.5803E-004  -7.7271E-002   2.2298E-001   8.8113E-001  
-6.3903E-002  -8.9364E+000  -3.6693E+000   4.6705E-001   2.6014E-001   5.1128E-002   1.0048E-001   2.8738E-001   2.1418E-002  -1.3168E-002   2.9339E-002   9.4786E-002   2.2038E-001   8.3694E-004   4.9493E-004   5.5074E-001   1.9337E-001   1.0364E-002  -2.5527E-002  -1.8084E-003   7.2498E-004  -8.2797E-002   2.3025E-001   8.9293E-001  
 2.2429E-001  -8.8370E+000  -3.9585E+000   5.3649E-001   3.3907E-001  -4.3293E-002   1.0694E-001   2.9001E-001   2.0782E-002  -4.0161E-002   1.9913E-002   5.6856E-002   2.9570E-001   2.2444E-003   1.9546E-003   5.3538E-001   1.7894E-001   2.9452E-002  -2.9790E-002  -1.8405E-003   5.0233E-004  -9.1521E-002   2.3918E-001   9.2846E-001  
 6.1180E-001  -8.6995E+000  -4.1472E+000   5.9748E-001   3.7448E-001  -1.1862E-001   1.2353E-001   2.9535E-001   7.9458E-003  -7.9513E-002   7.2973E-003   1.8720E-002   3.6505E-001   3.6038E-003   4.4428E-003   5.1626E-001   1.5859E-001   5.3277E-002  -2.9918E-002  -1.7340E-003  -2.1098E-004  -9.7654E-002   2.5003E-001   1.0111E+000  
 1.0614E+000  -8.5179E+000  -4.1938E+000   6.3749E-001   3.5489E-001  -1.2607E-001   1.5662E-001   3.0550E-001  -2.2944E-002  -1.3595E-001  -1.0173E-002  -1.7993E-002   4.3055E-001   3.1334E-003   6.7115E-003   4.9629E-001   1.3750E-001   7.8989E-002  -2.4478E-002  -8.0585E-004  -3.3612E-003  -9.5795E-002   2.6179E-001   1.0531E+000  
 1.5231E+000  -8.2887E+000  -4.0498E+000   6.3656E-001   2.7178E-001  -3.8102E-003   2.1189E-001   3.2353E-001  -7.6344E-002  -2.1385E-001  -3.6243E-002  -4.5121E-002   4.9258E-001  -2.3091E-003   7.3725E-003   4.7758E-001   1.1311E-001   1.0347E-001  -9.5508E-003   2.3137E-003  -1.0394E-002  -8.8982E-002   2.7298E-001   1.0779E+000  
 1.9664E+000  -7.9976E+000  -3.6417E+000   5.8840E-001   1.2983E-001   3.0696E-001   3.1247E-001   3.5955E-001  -1.6513E-001  -3.3145E-001  -6.7408E-002  -6.5270E-002   5.6318E-001  -1.4036E-002  -3.4561E-003   4.6576E-001   9.4116E-002   1.1595E-001   1.3374E-002   1.2214E-002  -2.1748E-002  -7.6358E-002   2.8066E-001   1.0944E+000  
 2.8399E+000  -8.2031E+000  -1.5249E+000   5.4622E-002   1.7034E-001   6.6679E-001  -8.6830E-002   3.9569E-001  -2.8052E-002  -3.6054E-001  -1.2090E-001   3.7815E-001  -4.4406E-001  -3.3851E-002  -1.8038E-002   4.7402E-001   2.0528E-001   9.5999E-002   4.5782E-002  -2.0531E-002   3.3972E-002  -2.0241E-002   3.2802E-001   1.4020E+000  
 2.3422E+000  -8.5427E+000  -1.3308E+000   2.2081E-001  -9.3938E-002   2.9629E-001  -1.7411E-002   3.5113E-001  -5.0900E-002  -2.2987E-001  -5.9774E-002   3.2785E-001  -3.8267E-001  -5.8639E-003  -1.2006E-002   4.8615E-001   1.9013E-001   6.9258E-002   7.4891E-002  -1.5977E-002   1.4032E-002  -2.7575E-002   3.1093E-001   1.2207E+000  
 1.8067E+000  -8.8036E+000  -1.3471E+000   3.2289E-001  -2.5904E-001   1.3670E-001   3.0150E-002   3.2616E-001  -6.5147E-002  -1.3838E-001  -1.7492E-002   3.0482E-001  -3.2276E-001   3.1829E-003  -4.0506E-003   5.0263E-001   1.8518E-001   3.7569E-002   8.0886E-002  -9.5334E-003   3.7366E-003  -3.7155E-002   2.9688E-001   1.1680E+000  
 1.2699E+000  -9.0025E+000  -1.5159E+000   3.7959E-001  -3.2693E-001   1.1291E-001   6.3389E-002   3.1065E-001  -6.8011E-002  -7.1316E-002   8.3761E-003   2.9641E-001  -2.5467E-001   2.9864E-003   1.6579E-003   5.1802E-001   1.8954E-001   9.1717E-003   7.1357E-002  -3.7549E-003   1.3239E-003  -5.0927E-002   2.7988E-001   1.1023E+000  
 7.8229E-001  -9.1447E+000  -1.7905E+000   4.1310E-001  -3.1087E-001   1.6025E-001   8.4809E-002   3.0073E-001  -5.9740E-002  -2.2961E-002   2.2120E-002   2.9063E-001  -1.7860E-001   2.0991E-004   2.8011E-003   5.3030E-001   1.9454E-001  -1.1508E-002   5.3409E-002  -2.3112E-003   8.8798E-004  -6.3444E-002   2.6238E-001   1.0288E+000  
 3.8065E-001  -9.2370E+000  -2.1324E+000   4.3970E-001  -2.3014E-001   2.2667E-001   9.6816E-002   2.9383E-001  -4.2400E-002   8.7166E-003   2.7729E-002   2.8093E-001  -9.6643E-002  -2.0879E-003   2.4141E-003   5.3909E-001   1.9712E-001  -2.4857E-002   3.2647E-002  -1.8154E-003   8.5542E-004  -7.3349E-002   2.4717E-001   9.7271E-001  
 9.5450E-002  -9.2833E+000  -2.5108E+000   4.7002E-001  -1.0465E-001   2.7586E-001   1.0204E-001   2.8902E-001  -1.9693E-002   2.5704E-002   2.7833E-002   2.6519E-001  -1.0260E-002  -3.2295E-003   1.2228E-003   5.4378E-001   1.9748E-001  -3.0405E-002   1.1133E-002  -1.6172E-003   9.2891E-004  -8.1542E-002   2.3601E-001   9.2302E-001  
-4.9272E-002  -9.2856E+000  -2.8928E+000   5.0951E-001   4.1952E-002   2.8506E-001   1.0249E-001   2.8640E-001   4.8414E-003   2.9093E-002   2.4697E-002   2.4267E-001   7.7876E-002  -3.0942E-003  -1.5598E-004   5.4326E-001   1.9594E-001  -2.8182E-002  -9.5905E-003  -1.6112E-003   9.5150E-004  -8.9344E-002   2.3002E-001   8.8477E-001  
-4.8072E-002  -9.2456E+000  -3.2557E+000   5.5960E-001   1.8834E-001   2.4769E-001   1.0166E-001   2.8653E-001   2.8217E-002   1.9276E-002   1.9590E-002   2.1259E-001   1.6502E-001  -1.7417E-003  -1.0521E-003   5.3652E-001   1.9072E-001  -1.7891E-002  -2.7815E-002  -1.6605E-003   8.8114E-004  -9.7583E-002   2.2859E-001   8.5779E-001  
 9.4551E-002  -9.1618E+000  -3.5768E+000   6.1684E-001   3.1359E-001   1.7051E-001   1.0399E-001   2.9006E-001   4.7480E-002  -3.9346E-003   1.3349E-002   1.7669E-001   2.4776E-001   2.5254E-004  -1.0178E-003   5.2352E-001   1.7907E-001  -1.1726E-003  -4.1850E-002  -1.8131E-003   7.9423E-004  -1.0651E-001   2.3065E-001   8.8092E-001  
 3.5788E-001  -9.0328E+000  -3.8247E+000   6.7308E-001   3.9438E-001   7.6286E-002   1.1342E-001   2.9699E-001   5.9572E-002  -4.1712E-002   5.2838E-003   1.3850E-001   3.2396E-001   2.6918E-003  -1.7596E-005   5.0629E-001   1.6098E-001   2.0809E-002  -5.2054E-002  -2.2392E-003   3.4932E-004  -1.1407E-001   2.3568E-001   9.2377E-001  
 7.1222E-001  -8.8533E+000  -3.9672E+000   7.1885E-001   4.1153E-001   6.7972E-004   1.3430E-001   3.0839E-001   6.0842E-002  -9.7663E-002  -6.1749E-003   9.9813E-002   3.9477E-001   4.4590E-003   1.9610E-003   4.8754E-001   1.3974E-001   4.7155E-002  -5.7401E-002  -2.9867E-003  -1.5681E-003  -1.1609E-001   2.4308E-001   9.6271E-001  
 1.1224E+000  -8.6158E+000  -3.9629E+000   7.4032E-001   3.4663E-001  -6.6584E-003   1.7265E-001   3.2706E-001   4.6610E-002  -1.7577E-001  -2.2867E-002   6.4083E-002   4.6010E-001   4.1465E-003   6.0951E-003   4.6886E-001   1.1734E-001   7.7275E-002  -5.5232E-002  -4.9786E-003  -4.8913E-003  -1.1042E-001   2.5221E-001   9.9059E-001  
 1.5456E+000  -8.3122E+000  -3.7570E+000   7.2430E-001   1.9125E-001   1.1251E-001   2.4012E-001   3.5931E-001   1.2213E-002  -2.8697E-001  -4.4965E-002   3.5641E-002   5.2483E-001  -3.8678E-003   6.6071E-003   4.5432E-001   9.6414E-002   1.0353E-001  -4.2294E-002  -4.3631E-003  -1.5381E-002  -9.8419E-002   2.6077E-001   9.9749E-001  
 2.0021E+000  -7.8931E+000  -3.2072E+000   7.2293E-001  -3.5653E-003   3.7548E-001   4.1903E-001   4.4383E-001  -6.5807E-002  -4.9880E-001  -4.5668E-002  -1.8312E-002   6.3894E-001  -2.6737E-002  -3.3557E-002   4.6062E-001   1.0877E-001   9.0860E-002  -2.5256E-002   1.1917E-002  -3.8095E-002  -8.1405E-002   2.6762E-001   1.1674E+000  
 2.8287E+000  -8.0052E+000  -1.8723E+000   9.1117E-002   4.9698E-001   8.8096E-001  -9.2015E-002   5.3602E-001  -2.7167E-001  -4.1376E-001  -1.3329E-001   5.6946E-001  -4.7735E-001  -5.8996E-002  -6.0470E-002   5.4354E-001   2.5912E-001   9.2234E-002   1.1160E-002  -3.1376E-002   1.4228E-002  -2.6359E-002   3.0248E-001   1.9435E+000  
 2.4081E+000  -8.4810E+000  -1.6553E+000   2.8145E-001   1.3767E-001   4.0436E-001  -4.7267E-002   4.0182E-001  -1.7073E-001  -2.6855E-001  -8.2695E-002   4.1723E-001  -3.5726E-001  -7.7913E-003  -1.9827E-002   4.6488E-001   2.0929E-001   5.8166E-002   9.5101E-002  -2.8216E-002   7.3692E-003  -4.0005E-002   3.1010E-001   1.2691E+000  
 1.9278E+000  -8.8121E+000  -1.5968E+000   4.0731E-001  -1.1850E-001   2.4198E-001   9.8273E-003   3.6099E-001  -1.5585E-001  -1.5112E-001  -4.0785E-002   3.8918E-001  -2.9758E-001   3.1617E-003  -6.1157E-003   4.7615E-001   2.0240E-001   2.1387E-002   1.0048E-001  -1.5649E-002  -1.5955E-003  -5.2319E-002   2.9791E-001   1.1599E+000  
 1.4452E+000  -9.0613E+000  -1.7011E+000   4.8823E-001  -2.5105E-001   2.1629E-001   4.8728E-002   3.3561E-001  -1.3575E-001  -6.5586E-002  -1.3768E-002   3.7712E-001  -2.3088E-001   2.1005E-003   1.9658E-003   4.8811E-001   2.0229E-001  -1.0872E-002   8.6902E-002  -7.0680E-003  -2.2995E-003  -6.7645E-002   2.8224E-001   1.1097E+000  
 1.0040E+000  -9.2385E+000  -1.9180E+000   5.4132E-001  -2.7400E-001   2.6150E-001   7.3824E-002   3.1834E-001  -1.0696E-001  -4.9279E-003   1.2732E-003   3.6854E-001  -1.5530E-001  -1.7262E-003   5.0047E-003   4.9740E-001   2.0294E-001  -3.4265E-002   6.4595E-002  -3.1069E-003  -2.5185E-004  -8.1974E-002   2.6637E-001   1.0471E+000  
 6.3803E-001  -9.3528E+000  -2.2066E+000   5.8150E-001  -2.1225E-001   3.2722E-001   8.9253E-002   3.0689E-001  -7.1600E-002   3.5739E-002   8.1358E-003   3.5801E-001  -7.2525E-002  -4.2973E-003   3.9213E-003   5.0336E-001   2.0231E-001  -4.7064E-002   3.7927E-002  -1.7727E-003   3.7545E-004  -9.4431E-002   2.5174E-001   9.7664E-001  
 3.7568E-001  -9.4093E+000  -2.5353E+000   6.1989E-001  -9.2430E-002   3.7615E-001   9.7352E-002   2.9985E-001  -3.2103E-002   5.7420E-002   9.7192E-003   3.4167E-001   1.4304E-002  -5.4619E-003   1.6439E-003   5.0577E-001   1.9837E-001  -5.1123E-002   1.0231E-002  -1.3396E-003   7.2098E-004  -1.0429E-001   2.4015E-001   9.3099E-001  
 2.3938E-001  -9.4111E+000  -2.8701E+000   6.6103E-001   5.5765E-002   3.8546E-001   1.0123E-001   2.9694E-001   8.4691E-003   6.1562E-002   7.9811E-003   3.1855E-001   1.0189E-001  -5.0611E-003  -5.6170E-004   5.0299E-001   1.9126E-001  -4.6926E-002  -1.5727E-002  -1.2449E-003   1.0486E-003  -1.1317E-001   2.3234E-001   8.8063E-001  
 2.3420E-001  -9.3596E+000  -3.1860E+000   7.0672E-001   2.0390E-001   3.4817E-001   1.0434E-001   2.9805E-001   4.7943E-002   4.9065E-002   3.8193E-003   2.8902E-001   1.8797E-001  -3.4046E-003  -2.2007E-003   4.9511E-001   1.8016E-001  -3.5358E-002  -3.8990E-002  -1.4755E-003   1.3216E-003  -1.2112E-001   2.2834E-001   8.6691E-001  
 3.5594E-001  -9.2534E+000  -3.4579E+000   7.5370E-001   3.2375E-001   2.7117E-001   1.1086E-001   3.0409E-001   8.4269E-002   1.9096E-002  -1.9540E-003   2.5419E-001   2.7025E-001  -7.8834E-004  -3.0204E-003   4.8199E-001   1.6384E-001  -1.7158E-002  -5.9019E-002  -2.1455E-003   1.3720E-003  -1.2823E-001   2.2746E-001   8.7775E-001  
 5.8560E-001  -9.0893E+000  -3.6522E+000   7.9581E-001   3.8632E-001   1.7758E-001   1.2536E-001   3.1611E-001   1.1522E-001  -3.0475E-002  -9.4752E-003   2.1703E-001   3.4748E-001   1.7982E-003  -2.1178E-003   4.6690E-001   1.4408E-001   6.7936E-003  -7.4111E-002  -4.1506E-003   8.4320E-004  -1.3098E-001   2.2935E-001   8.9526E-001  
 8.9591E-001  -8.8614E+000  -3.7355E+000   8.2322E-001   3.6607E-001   1.0298E-001   1.5282E-001   3.3584E-001   1.3719E-001  -1.0319E-001  -1.9994E-002   1.7968E-001   4.1887E-001   4.1287E-003   7.4888E-004   4.5125E-001   1.2244E-001   3.6204E-002  -8.3328E-002  -6.6331E-003  -4.5457E-004  -1.2743E-001   2.3399E-001   9.1248E-001  
 1.2552E+000  -8.5589E+000  -3.6631E+000   8.2414E-001   2.4002E-001   9.5697E-002   2.0088E-001   3.6648E-001   1.4657E-001  -2.0623E-001  -3.5704E-002   1.4514E-001   4.8528E-001   2.8059E-003   5.3813E-003   4.3677E-001   1.0092E-001   6.8859E-002  -8.4202E-002  -1.0839E-002  -5.1963E-003  -1.1712E-001   2.4080E-001   9.2097E-001  
 1.6318E+000  -8.1658E+000  -3.3715E+000   7.9536E-001   3.7741E-003   2.1256E-001   2.8848E-001   4.2100E-001   1.4256E-001  -3.5546E-001  -5.2449E-002   1.1691E-001   5.5783E-001  -1.0189E-002   7.7537E-003   4.3067E-001   8.6181E-002   9.5917E-002  -7.0710E-002  -1.5183E-002  -1.6769E-002  -1.0069E-001   2.4552E-001   9.1177E-001  
 2.1950E+000  -7.4705E+000  -2.5469E+000   1.0116E+000  -1.2591E-001   4.6554E-001   6.6753E-001   7.0236E-001   1.7575E-001  -6.8347E-001   8.7550E-002   6.4056E-002   8.4887E-001  -6.6540E-002  -7.7041E-003   5.8109E-001   2.1447E-001   6.8344E-002  -6.9885E-003  -1.4064E-002  -2.1087E-002  -5.2200E-002   2.1727E-001   1.8020E+000  
 1.6696E+000  -8.9307E+000  -1.9324E+000   5.6558E-001  -6.5037E-002   2.5655E-001   2.6774E-002   3.8152E-001  -2.2903E-001  -3.7536E-002  -3.9696E-002   4.5554E-001  -1.9925E-001   2.8037E-003  -3.0350E-004   4.5051E-001   2.1368E-001  -3.1288E-002   1.0020E-001  -8.7548E-003  -1.0230E-002  -7.8964E-002   2.8226E-001   1.1185E+000  
 1.2836E+000  -9.1510E+000  -2.0767E+000   6.4096E-001  -1.5254E-001   2.9808E-001   5.7950E-002   3.5529E-001  -1.7248E-001   3.6414E-002  -2.1818E-002   4.4307E-001  -1.2662E-001  -1.6807E-003   5.0380E-003   4.5603E-001   2.0950E-001  -5.7304E-002   7.4026E-002  -1.8284E-003  -5.8003E-003  -9.4392E-002   2.6718E-001   1.0627E+000  
 9.6080E-001  -9.2922E+000  -2.2995E+000   6.9799E-001  -1.3789E-001   3.6167E-001   7.8064E-002   3.3869E-001  -1.1322E-001   8.5604E-002  -1.2163E-002   4.3083E-001  -4.6979E-002  -5.9974E-003   4.1030E-003   4.5957E-001   2.0413E-001  -7.1540E-002   4.1466E-002  -1.7426E-004  -2.6027E-003  -1.0795E-001   2.5269E-001   1.0013E+000  
 7.2583E-001  -9.3626E+000  -2.5657E+000   7.4543E-001  -5.1613E-002   4.0932E-001   9.1297E-002   3.2835E-001  -5.0201E-002   1.1235E-001  -8.9518E-003   4.1357E-001   3.8412E-002  -7.5935E-003   1.5531E-003   4.5892E-001   1.9632E-001  -7.5266E-002   8.5429E-003   5.4832E-004  -3.9935E-004  -1.1979E-001   2.4025E-001   9.2016E-001  
 5.9965E-001  -9.3649E+000  -2.8410E+000   7.8851E-001   6.9925E-002   4.1827E-001   1.0047E-001   3.2473E-001   1.3388E-002   1.1754E-001  -9.2576E-003   3.9024E-001   1.2455E-001  -7.0782E-003  -9.7401E-004   4.5402E-001   1.8494E-001  -7.0003E-002  -2.2441E-002   6.5388E-004   1.6594E-003  -1.2953E-001   2.3061E-001   8.7405E-001  
 5.8703E-001  -9.3004E+000  -3.0974E+000   8.2983E-001   1.9165E-001   3.8161E-001   1.0940E-001   3.2774E-001   7.6274E-002   1.0216E-001  -1.2054E-002   3.6178E-001   2.0931E-001  -5.0646E-003  -2.6941E-003   4.4632E-001   1.6978E-001  -5.6857E-002  -5.0525E-002  -3.5149E-004   3.6823E-003  -1.3601E-001   2.2407E-001   8.5738E-001  
 6.8412E-001  -9.1671E+000  -3.3064E+000   8.6660E-001   2.7900E-001   3.0598E-001   1.2262E-001   3.3831E-001   1.3739E-001   6.4333E-002  -1.6716E-002   3.2848E-001   2.9134E-001  -2.4873E-003  -3.3115E-003   4.3568E-001   1.5120E-001  -3.6920E-002  -7.4851E-002  -2.9295E-003   4.7166E-003  -1.3898E-001   2.2052E-001   8.3023E-001  
 8.7335E-001  -8.9630E+000  -3.4338E+000   8.9153E-001   2.9587E-001   2.1366E-001   1.4422E-001   3.5631E-001   1.9282E-001   1.9814E-003  -2.4733E-002   2.9213E-001   3.6669E-001   1.0007E-003  -3.2249E-003   4.2241E-001   1.2952E-001  -1.0855E-002  -9.5489E-002  -5.5388E-003   4.2377E-003  -1.3804E-001   2.2060E-001   8.3258E-001  
 1.1323E+000  -8.6772E+000  -3.4416E+000   8.9926E-001   2.1451E-001   1.4164E-001   1.8184E-001   3.8729E-001   2.4414E-001  -8.9703E-002  -3.5095E-002   2.5718E-001   4.3838E-001   2.2388E-003   1.3260E-003   4.1154E-001   1.0811E-001   2.0901E-002  -1.0728E-001  -1.1629E-002   3.1715E-003  -1.3008E-001   2.2312E-001   8.3579E-001  
 1.9130E+000  -8.5459E+000  -2.2206E+000   6.0722E-001   2.4328E-001   1.8556E-001  -7.5683E-003   4.7070E-001  -3.5960E-001   2.7225E-002  -6.4014E-002   5.3732E-001  -1.6553E-001   8.1727E-003  -9.7165E-003   4.1872E-001   2.2057E-001  -4.6224E-002   1.0776E-001  -6.2799E-003  -2.2998E-002  -7.9987E-002   2.7764E-001   1.1119E+000  
 1.5817E+000  -8.8241E+000  -2.2730E+000   7.0154E-001   6.6131E-002   2.1719E-001   3.5135E-002   4.2728E-001  -2.6229E-001   1.1430E-001  -4.5504E-002   5.1749E-001  -9.4148E-002   2.9173E-003   1.3731E-003   4.1785E-001   2.1339E-001  -7.6348E-002   8.0725E-002   3.3398E-003  -1.4285E-002  -9.5362E-002   2.6427E-001   1.0386E+000  
 1.3028E+000  -9.0032E+000  -2.4132E+000   7.7266E-001   5.1571E-003   2.7322E-001   6.4190E-002   3.9923E-001  -1.6689E-001   1.7070E-001  -3.5055E-002   4.9945E-001  -1.6547E-002  -3.5234E-003   5.0523E-003   4.1506E-001   2.0503E-001  -9.4539E-002   4.6483E-002   6.3684E-003  -5.5024E-003  -1.1054E-001   2.5053E-001   9.7974E-001  
 1.0974E+000  -9.0923E+000  -2.6030E+000   8.2924E-001   2.4858E-002   3.1713E-001   8.4937E-002   3.8400E-001  -7.2034E-002   2.0101E-001  -2.9709E-002   4.7959E-001   6.5110E-002  -7.7557E-003   3.7551E-003   4.1073E-001   1.9347E-001  -1.0051E-001   9.1891E-003   5.6485E-003   7.3915E-004  -1.2348E-001   2.3732E-001   9.1553E-001  
 9.8229E-001  -9.0959E+000  -2.8051E+000   8.7549E-001   8.5461E-002   3.2503E-001   1.0109E-001   3.7937E-001   2.1476E-002   2.0647E-001  -2.8358E-002   4.5617E-001   1.4750E-001  -8.7919E-003   2.9181E-004   4.0522E-001   1.7859E-001  -9.5674E-002  -2.7662E-002   3.6078E-003   4.2550E-003  -1.3237E-001   2.2641E-001   8.5421E-001  
 9.6173E-001  -9.0171E+000  -2.9880E+000   9.1229E-001   1.4686E-001   2.8910E-001   1.1778E-001   3.8468E-001   1.1473E-001   1.8718E-001  -2.9986E-002   4.2817E-001   2.2928E-001  -7.0741E-003  -2.6534E-003   3.9775E-001   1.6081E-001  -8.1716E-002  -6.1341E-002   1.3141E-003   6.5318E-003  -1.3737E-001   2.1808E-001   7.9544E-001  
 1.0330E+000  -8.8517E+000  -3.1195E+000   9.3907E-001   1.6905E-001   2.1694E-001   1.4029E-001   4.0209E-001   2.0868E-001   1.4181E-001  -3.3505E-002   3.9748E-001   3.0927E-001  -3.4723E-003  -2.5578E-003   3.9033E-001   1.4070E-001  -5.9169E-002  -8.9801E-002  -2.0963E-003   9.5018E-003  -1.3723E-001   2.1233E-001   7.8296E-001  
 1.1834E+000  -8.5940E+000  -3.1612E+000   9.5255E-001   1.1479E-001   1.3181E-001   1.7536E-001   4.3527E-001   3.0325E-001   6.6482E-002  -3.8045E-002   3.6667E-001   3.8716E-001  -8.9836E-004   1.9087E-003   3.8517E-001   1.2074E-001  -3.0009E-002  -1.1032E-001  -8.4496E-003   1.1819E-002  -1.3134E-001   2.0884E-001   7.7184E-001  
 1.3959E+000  -8.2309E+000  -3.0693E+000   9.4952E-001  -4.6959E-002   6.8007E-002   2.3308E-001   4.8982E-001   3.9949E-001  -4.7970E-002  -4.3628E-002   3.3724E-001   4.6595E-001  -3.3240E-003   9.9210E-003   3.8419E-001   1.0376E-001   2.8154E-003  -1.2104E-001  -1.7471E-002   1.0686E-002  -1.2040E-001   2.0684E-001   7.5507E-001  
 2.4626E+000  -7.4019E+000  -2.7549E+000   9.2264E-001   4.4373E-001   1.9818E-001  -1.6021E-001   9.3826E-001  -7.2415E-001   2.2849E-001   5.6502E-002   8.0817E-001  -2.5029E-001   2.0429E-002  -9.0974E-002   5.7771E-001   2.0301E-001  -4.3186E-003   6.8213E-002  -1.3903E-003  -2.9953E-002  -4.7138E-002   2.4436E-001   1.9250E+000  
 1.9216E+000  -8.1079E+000  -2.5466E+000   7.7820E-001   3.4466E-001   1.6677E-002  -2.3590E-002   6.2485E-001  -4.3392E-001   2.7192E-001  -4.1137E-002   6.3718E-001  -9.5624E-002   1.8725E-002  -4.0369E-002   4.1797E-001   2.0359E-001  -7.4166E-002   5.7595E-002   9.8296E-003  -3.7748E-002  -8.7913E-002   2.5683E-001   1.1084E+000  
 1.6387E+000  -8.4020E+000  -2.5575E+000   8.0675E-001   2.2021E-001   1.4460E-002   4.3495E-002   5.2145E-001  -2.4316E-001   3.1539E-001  -5.3621E-002   5.7624E-001   1.4071E-002   8.7829E-003   1.1873E-003   3.8454E-001   2.0316E-001  -1.0868E-001   4.8896E-002   1.8051E-002  -1.0591E-002  -1.0171E-001   2.4256E-001   9.2374E-001  
 1.4608E+000  -8.5171E+000  -2.6511E+000   8.7138E-001   1.3927E-001   5.1153E-002   7.6436E-002   4.9740E-001  -1.0263E-001   3.4958E-001  -4.6803E-002   5.5301E-001   9.3023E-002   3.0747E-003   4.1233E-003   3.7775E-001   1.8975E-001  -1.1683E-001   9.4108E-003   1.7620E-002   2.4334E-004  -1.1286E-001   2.2934E-001   8.6979E-001  
 1.3570E+000  -8.5238E+000  -2.7608E+000   9.2096E-001   1.0506E-001   5.7065E-002   1.0482E-001   4.9152E-001   3.5704E-002   3.5484E-001  -4.3265E-002   5.2912E-001   1.7376E-001   2.6724E-004   5.0478E-003   3.7227E-001   1.7411E-001  -1.1295E-001  -2.8989E-002   1.3924E-002   9.0212E-003  -1.1992E-001   2.1703E-001   8.0508E-001  
 1.3307E+000  -8.4260E+000  -2.8506E+000   9.5626E-001   7.2687E-002   2.3811E-002   1.3472E-001   5.0241E-001   1.7444E-001   3.3095E-001  -4.2352E-002   5.0308E-001   2.5464E-001  -2.4314E-004   6.2752E-003   3.6717E-001   1.5610E-001  -9.9162E-002  -6.4184E-002   8.0178E-003   1.5714E-002  -1.2325E-001   2.0640E-001   7.3087E-001  
 1.3806E+000  -8.2179E+000  -2.8829E+000   9.7805E-001  -1.4783E-003  -4.1212E-002   1.7318E-001   5.3301E-001   3.1681E-001   2.7523E-001  -4.2964E-002   4.7608E-001   3.3606E-001   2.5600E-004   9.8003E-003   3.6438E-001   1.3743E-001  -7.6432E-002  -9.3894E-002   2.5120E-004   1.9966E-002  -1.2187E-001   1.9756E-001   7.1148E-001  
 1.5612E+000  -7.8008E+000  -2.7761E+000   1.0627E+000  -9.0920E-002  -5.3647E-002   2.6464E-001   6.7091E-001   5.3044E-001   2.0737E-001  -9.1296E-003   4.9913E-001   4.6972E-001  -2.6856E-003   6.1845E-002   4.0315E-001   1.3657E-001  -3.2627E-002  -7.6317E-002  -1.7263E-002   3.9780E-002  -1.1430E-001   1.8166E-001   8.6788E-001  
 2.1814E+000  -6.7744E+000  -2.2376E+000   1.4896E+000   4.3157E-002   1.3330E-001   5.6186E-001   1.1375E+000   9.3034E-001   6.4299E-002   1.8804E-001   6.0876E-001   7.7005E-001  -4.8596E-002   1.1816E-001   6.1607E-001   2.2735E-001  -1.3507E-003  -5.2467E-002  -2.1780E-002   2.0315E-002  -6.2700E-002   1.2554E-001   1.1519E+000  
