 2.8748E+000  -1.9245E+000   7.9700E+000   1.1535E-001  -4.5147E-001  -8.6340E-001  -5.5080E-001  -1.0995E-001  -4.4250E-001   2.7739E-001  -1.3021E-001  -5.6926E-001   4.8909E-001  -6.4574E-002  -4.9186E-002   2.5835E-001  -5.4469E-001  -3.3961E-003   9.0679E-002   1.5325E-002   2.8201E-002  -2.6442E-002   3.0385E-001   1.9650E+000  
 2.8372E+000  -1.5202E+000   8.2043E+000   5.0935E-002  -1.7251E-001  -6.7100E-001  -3.9497E-001  -8.3348E-002  -3.5823E-001   2.9690E-002  -1.2177E-001  -3.8141E-001   4.4250E-001  -3.1552E-002  -1.6787E-002   2.0746E-001  -4.7375E-001  -4.1893E-002   9.8495E-002   3.2876E-002   1.8833E-002  -2.0703E-002   3.2789E-001   1.3933E+000  
 2.8680E+000  -1.2043E+000   8.1825E+000  -1.3660E-002   5.4089E-002  -5.4502E-001  -3.4757E-001  -5.7351E-002  -2.7565E-001  -8.3776E-002  -1.0508E-001  -2.8799E-001   4.6131E-001  -2.2351E-002  -3.8710E-003   1.8518E-001  -4.8486E-001  -2.1845E-002   1.0058E-001   2.9337E-002  -1.7744E-003  -7.2131E-003   3.1985E-001   1.3550E+000  
 2.9557E+000  -9.6677E-001   8.0273E+000  -1.0240E-001   1.9685E-001  -4.4270E-001  -3.1737E-001  -4.1207E-002  -1.8845E-001  -1.5433E-001  -9.4953E-002  -2.0383E-001   4.7713E-001  -1.9834E-002   4.9673E-003   1.6311E-001  -4.9114E-001   6.0964E-003   9.5521E-002   2.2385E-002  -1.6017E-002   9.0956E-003   3.1686E-001   1.3050E+000  
 3.1067E+000  -8.0363E-001   7.7817E+000  -2.1195E-001   2.9620E-001  -3.8110E-001  -2.9540E-001  -3.1870E-002  -1.0067E-001  -1.9380E-001  -9.5120E-002  -1.2873E-001   4.8986E-001  -1.6611E-002   1.4220E-002   1.4538E-001  -4.9076E-001   3.3305E-002   8.1757E-002   1.0494E-002  -2.5398E-002   2.4581E-002   3.1206E-001   1.2736E+000  
 3.3223E+000  -7.1014E-001   7.4801E+000  -3.4154E-001   4.0075E-001  -3.6557E-001  -2.7775E-001  -2.7210E-002  -1.4105E-002  -2.0690E-001  -1.0744E-001  -6.2962E-002   5.0303E-001  -1.0481E-002   2.4419E-002   1.3311E-001  -4.8377E-001   5.5900E-002   5.8880E-002  -4.6358E-003  -2.8984E-002   3.8500E-002   3.0558E-001   1.2468E+000  
 3.5956E+000  -6.8524E-001   7.1521E+000  -4.9647E-001   5.6254E-001  -3.8813E-001  -2.6305E-001  -2.4795E-002   6.7994E-002  -1.9694E-001  -1.3516E-001  -5.6640E-003   5.2571E-001   1.6695E-003   3.4826E-002   1.2832E-001  -4.7516E-001   6.9127E-002   2.6373E-002  -2.0822E-002  -2.4609E-002   4.9654E-002   2.9733E-001   1.1971E+000  
 3.8527E+000  -6.5395E-001   6.7984E+000  -7.5118E-001   8.8811E-001  -4.7307E-001  -2.8455E-001   4.6803E-002   8.5830E-002  -1.5213E-001  -2.1216E-001   7.5698E-003   6.1229E-001   2.8772E-002   7.7507E-002   1.6571E-001  -4.8512E-001   7.5294E-002  -4.5779E-002  -4.3450E-002  -2.4634E-002   5.3752E-002   2.8754E-001   1.4164E+000  
 3.6596E+000  -1.4586E-001   6.0971E+000  -1.4872E+000   1.8309E+000  -6.8551E-001  -5.8324E-001   4.5533E-001  -1.4409E-001  -1.8461E-001  -5.0172E-001  -8.5079E-003   9.7795E-001   1.3070E-001   1.2820E-001   3.6688E-001  -6.6868E-001   5.2404E-003  -1.3556E-001  -4.2589E-002  -1.5849E-003   1.7423E-002   2.2934E-001   2.0593E+000  
 2.4080E+000  -1.6552E+000   8.4806E+000   2.8160E-001  -1.3727E-001  -4.0489E-001  -4.0209E-001  -4.7171E-002  -2.6873E-001   1.6989E-001  -8.2745E-002  -4.1780E-001   3.5766E-001  -3.7436E-003  -1.6718E-002   2.0953E-001  -4.6548E-001  -9.2459E-002   5.8159E-002   5.7201E-003   2.4588E-002  -3.9954E-002   3.1004E-001   1.2550E+000  
 2.3421E+000  -1.3304E+000   8.5428E+000   2.2030E-001   9.3910E-002  -2.9673E-001  -3.5129E-001  -1.7255E-002  -2.3014E-001   4.9899E-002  -5.9674E-002  -3.2829E-001   3.8258E-001  -2.0607E-003  -8.4064E-003   1.9086E-001  -4.8620E-001  -7.2839E-002   6.9945E-002   1.2334E-002   1.1826E-002  -2.8002E-002   3.1073E-001   1.2224E+000  
 2.3320E+000  -1.0779E+000   8.4405E+000   1.3602E-001   2.1009E-001  -1.7493E-001  -3.2067E-001   2.4492E-004  -1.8004E-001  -3.3534E-002  -4.0476E-002  -2.4125E-001   4.0115E-001  -1.4461E-003  -4.3809E-003   1.6885E-001  -5.0166E-001  -4.8201E-002   7.8667E-002   1.2571E-002   8.8324E-004  -1.0660E-002   3.0908E-001   1.2075E+000  
 2.3952E+000  -8.8683E-001   8.2157E+000   3.4158E-002   2.4620E-001  -7.1789E-002  -3.0073E-001   9.6897E-003  -1.2240E-001  -8.8463E-002  -2.7357E-002  -1.5758E-001   4.1186E-001  -2.2551E-003  -1.8266E-003   1.4617E-001  -5.0771E-001  -2.0351E-002   8.1756E-002   9.2796E-003  -7.0925E-003   9.8981E-003   3.0544E-001   1.2155E+000  
 2.5429E+000  -7.5346E-001   7.9067E+000  -7.8793E-002   2.4094E-001  -9.0631E-003  -2.8490E-001   1.2905E-002  -6.0555E-002  -1.1883E-001  -2.2008E-002  -8.0975E-002   4.1583E-001  -3.6630E-003   8.0753E-004   1.2613E-001  -5.0341E-001   7.6221E-003   7.8023E-002   3.8726E-003  -1.1944E-002   3.0197E-002   3.0149E-001   1.1928E+000  
 2.7775E+000  -6.7493E-001   7.5436E+000  -1.9994E-001   2.3794E-001   7.2142E-003  -2.7057E-001   1.1596E-002   2.0105E-003  -1.2744E-001  -2.6606E-002  -1.2636E-002   4.1808E-001  -4.1656E-003   4.9055E-003   1.0959E-001  -4.9094E-001   3.2666E-002   6.5351E-002  -2.9433E-003  -1.3309E-002   4.9056E-002   2.9648E-001   1.1672E+000  
 3.0926E+000  -6.5079E-001   7.1546E+000  -3.3300E-001   2.8104E-001  -1.6269E-002  -2.5560E-001   8.2656E-003   6.2181E-002  -1.1499E-001  -4.4866E-002   4.6210E-002   4.2407E-001  -1.5330E-003   1.1402E-002   9.9081E-002  -4.7287E-001   5.1525E-002   4.3537E-002  -1.1336E-002  -1.2087E-002   6.4605E-002   2.9065E-001   1.1496E+000  
 3.4648E+000  -6.8158E-001   6.7745E+000  -4.8727E-001   4.1619E-001  -5.6132E-002  -2.4196E-001   5.3008E-003   1.1460E-001  -8.4864E-002  -8.0801E-002   9.6777E-002   4.4349E-001   8.7309E-003   1.7687E-002   9.8775E-002  -4.5566E-001   5.7885E-002   1.3536E-002  -2.0936E-002  -4.8294E-003   7.3402E-002   2.8251E-001   1.1204E+000  
 3.8655E+000  -7.6695E-001   6.4298E+000  -6.8332E-001   6.9084E-001  -7.3564E-002  -2.3358E-001   6.7912E-003   1.5621E-001  -4.2131E-002  -1.4036E-001   1.4616E-001   4.8935E-001   2.8760E-002   1.7241E-002   1.1226E-001  -4.4877E-001   4.5832E-002  -2.0631E-002  -2.5829E-002   1.0264E-002   7.3936E-002   2.7107E-001   1.0717E+000  
 1.9277E+000  -1.5970E+000   8.8119E+000   4.0766E-001   1.1875E-001  -2.4209E-001  -3.6111E-001   9.8042E-003  -1.5111E-001   1.5470E-001  -4.0838E-002  -3.8922E-001   2.9786E-001   7.6103E-003  -3.3384E-003   2.0220E-001  -4.7666E-001  -9.8694E-002   2.1026E-002  -3.5636E-003   1.1527E-002  -5.2036E-002   2.9786E-001   1.1977E+000  
 1.8067E+000  -1.3470E+000   8.8037E+000   3.2277E-001   2.5908E-001  -1.3683E-001  -3.2632E-001   3.0173E-002  -1.3856E-001   6.4024E-002  -1.7393E-002  -3.0478E-001   3.2273E-001   7.1311E-003  -8.5299E-004   1.8535E-001  -5.0266E-001  -7.9492E-002   3.7774E-002   1.8135E-003   5.0593E-003  -3.7317E-002   2.9665E-001   1.1394E+000  
 1.7530E+000  -1.1496E+000   8.6430E+000   2.1629E-001   2.9711E-001  -1.6272E-002  -3.0610E-001   4.2591E-002  -1.1220E-001   4.8477E-004   2.0459E-003  -2.2113E-001   3.3949E-001   6.3082E-003  -1.3618E-003   1.6730E-001  -5.2021E-001  -5.6293E-002   5.2341E-002   2.7586E-003  -1.0834E-004  -1.8171E-002   2.9382E-001   1.1414E+000  
 1.7900E+000  -9.9757E-001   8.3659E+000   9.8037E-002   2.6469E-001   8.6371E-002  -2.9327E-001   4.8681E-002  -7.7206E-002  -4.1395E-002   1.6779E-002  -1.3933E-001   3.4847E-001   3.9848E-003  -2.7486E-003   1.4892E-001  -5.2653E-001  -3.0034E-002   6.1754E-002   1.8325E-003  -2.9391E-003   3.3031E-003   2.8989E-001   1.1566E+000  
 1.9317E+000  -8.8940E-001   8.0079E+000  -2.1577E-002   1.9715E-001   1.4884E-001  -2.8315E-001   4.9706E-002  -3.7749E-002  -6.4376E-002   2.5186E-002  -6.2539E-002   3.5113E-001   2.7836E-004  -2.7541E-003   1.3031E-001  -5.2129E-001  -3.1102E-003   6.3308E-002   1.0323E-003  -4.6256E-003   2.6358E-002   2.8592E-001   1.1475E+000  
 2.1813E+000  -8.2228E-001   7.5967E+000  -1.3987E-001   1.3015E-001   1.6449E-001  -2.7235E-001   4.6950E-002   3.6892E-003  -7.0112E-002   2.5496E-002   6.6645E-003   3.4993E-001  -3.1240E-003  -4.8333E-004   1.1341E-001  -5.0541E-001   2.1882E-002   5.6690E-002  -7.1759E-004  -6.2122E-003   4.9029E-002   2.8248E-001   1.1114E+000  
 2.5329E+000  -7.9680E-001   7.1583E+000  -2.5896E-001   1.0074E-001   1.4070E-001  -2.5949E-001   4.1497E-002   4.4053E-002  -5.9477E-002   1.4833E-002   6.7366E-002   3.4942E-001  -3.5474E-003   3.5805E-003   9.9941E-002  -4.8138E-001   4.1344E-002   4.1868E-002  -5.0313E-003  -5.7491E-003   6.9308E-002   2.7879E-001   1.1051E+000  
 2.9631E+000  -8.1680E-001   6.7288E+000  -3.8348E-001   1.4503E-001   1.0113E-001  -2.4346E-001   3.3016E-002   8.1205E-002  -3.3031E-002  -9.2396E-003   1.2070E-001   3.5409E-001  -3.7682E-004   5.9545E-003   9.0568E-002  -4.5296E-001   5.1516E-002   2.2832E-002  -8.6738E-003  -5.5726E-004   8.5738E-002   2.7446E-001   1.1072E+000  
 3.4421E+000  -8.8212E-001   6.3359E+000  -5.3286E-001   3.0263E-001   8.1787E-002  -2.2686E-001   2.6016E-002   1.0847E-001   7.6511E-003  -5.3878E-002   1.6994E-001   3.7625E-001   9.2522E-003   6.2028E-003   9.2315E-002  -4.3037E-001   4.8514E-002  -9.4497E-004  -1.1677E-002   8.4630E-003   9.2083E-002   2.6775E-001   1.0630E+000  
 2.3092E+000  -2.6550E+000   7.5843E+000   8.4543E-001  -5.7765E-001  -1.1183E-001  -8.7367E-001  -1.2691E-001   2.2221E-001   6.2953E-001   4.7091E-002  -7.8809E-001   2.2542E-001   4.0649E-002  -5.4908E-002   2.0413E-001  -5.7470E-001  -7.2255E-002  -1.0607E-002  -2.6953E-002  -6.3014E-003  -4.6475E-002   2.4325E-001   1.9070E+000  
 1.9131E+000  -2.2214E+000   8.5451E+000   6.0858E-001  -2.4236E-001  -1.8548E-001  -4.7102E-001  -7.9802E-003   2.7658E-002   3.5896E-001  -6.3990E-002  -5.3731E-001   1.6661E-001   1.3086E-002  -8.4279E-003   2.1943E-001  -4.1981E-001  -1.0588E-001  -4.8122E-002  -2.4852E-002   3.2016E-003  -7.9132E-002   2.7768E-001   1.0820E+000  
 1.6695E+000  -1.9327E+000   8.9304E+000   5.6625E-001   6.5355E-002  -2.5653E-001  -3.8154E-001   2.6728E-002  -3.7031E-002   2.2802E-001  -3.9863E-002  -4.5549E-001   1.9962E-001   7.7233E-003   1.3844E-003   2.1305E-001  -4.5114E-001  -9.8718E-002  -3.2384E-002  -1.2323E-002   4.9864E-003  -7.8344E-002   2.8229E-001   1.1135E+000  
 1.4450E+000  -1.7012E+000   9.0613E+000   4.8852E-001   2.5114E-001  -2.1631E-001  -3.3559E-001   4.8806E-002  -6.5246E-002   1.3468E-001  -1.3955E-002  -3.7702E-001   2.3090E-001   6.5960E-003   4.0371E-003   2.0199E-001  -4.8840E-001  -8.5694E-002  -1.1373E-002  -4.4156E-003   2.8783E-003  -6.7286E-002   2.8220E-001   1.1579E+000  
 1.2698E+000  -1.5160E+000   9.0026E+000   3.7960E-001   3.2696E-001  -1.1296E-001  -3.1077E-001   6.3456E-002  -7.1277E-002   6.7044E-002   8.3880E-003  -2.9618E-001   2.5460E-001   6.8061E-003   4.1372E-003   1.8943E-001  -5.1798E-001  -7.0395E-002   9.1076E-003  -6.4685E-004  -6.6909E-004  -5.0920E-002   2.7964E-001   1.0774E+000  
 1.1752E+000  -1.3684E+000   8.7990E+000   2.5337E-001   3.1870E-001   6.8110E-003  -2.9825E-001   7.2257E-002  -6.2943E-002   2.0112E-002   2.7719E-002  -2.1467E-001   2.7177E-001   6.1062E-003   1.4731E-003   1.7564E-001  -5.3752E-001  -5.0909E-002   2.7148E-002  -3.2212E-004  -2.0462E-003  -3.0488E-002   2.7510E-001   1.0793E+000  
 1.1878E+000  -1.2530E+000   8.4837E+000   1.2127E-001   2.5242E-001   1.0972E-001  -2.9121E-001   7.5614E-002  -4.6183E-002  -1.1500E-002   4.3913E-002  -1.3299E-001   2.8261E-001   4.0352E-003  -7.0914E-004   1.6085E-001  -5.4465E-001  -2.9044E-002   3.9509E-002  -2.3675E-004  -2.5604E-003  -8.0961E-003   2.7040E-001   1.0843E+000  
 1.3237E+000  -1.1684E+000   8.0899E+000  -5.8320E-003   1.5724E-001   1.7261E-001  -2.8528E-001   7.4639E-002  -2.3880E-002  -2.9713E-002   5.5493E-002  -5.5453E-002   2.8725E-001   1.1427E-003  -1.5830E-003   1.4591E-001  -5.3912E-001  -6.2144E-003   4.4382E-002  -2.8665E-004  -2.9068E-003   1.5115E-002   2.6683E-001   1.0728E+000  
 1.5866E+000  -1.1129E+000   7.6430E+000  -1.2350E-001   6.1872E-002   1.8861E-001  -2.7721E-001   7.0547E-002   1.5174E-003  -3.5053E-002   6.0521E-002   1.5397E-002   2.8766E-001  -1.7438E-003  -8.5658E-004   1.3080E-001  -5.2235E-001   1.5417E-002   4.1656E-002  -6.3007E-004  -3.1003E-003   3.9338E-002   2.6519E-001   1.0231E+000  
 1.9703E+000  -1.0879E+000   7.1676E+000  -2.3203E-001  -4.3066E-003   1.6481E-001  -2.6574E-001   6.4336E-002   2.7207E-002  -2.6804E-002   5.6123E-002   7.7983E-002   2.8570E-001  -3.7422E-003   1.0754E-003   1.1539E-001  -4.9457E-001   3.3439E-002   3.2395E-002  -1.3952E-003  -2.7828E-003   6.4783E-002   2.6469E-001   1.0231E+000  
 2.4492E+000  -1.0950E+000   6.6981E+000  -3.3772E-001  -1.0276E-002   1.2360E-001  -2.5061E-001   5.7134E-002   4.7952E-002  -4.9660E-003   3.8635E-002   1.3088E-001   2.8722E-001  -3.0690E-003   4.0172E-003   1.0344E-001  -4.6017E-001   4.5415E-002   1.7804E-002  -3.6213E-003  -9.0251E-004   8.7227E-002   2.6379E-001   1.0407E+000  
 2.9932E+000  -1.1373E+000   6.2630E+000  -4.5569E-001   7.3184E-002   1.0307E-001  -2.3247E-001   4.9397E-002   6.1156E-002   2.8692E-002   3.5312E-003   1.7951E-001   2.9908E-001   9.5325E-004   3.6317E-003   9.8093E-002  -4.2691E-001   4.7093E-002   1.3852E-003  -3.2205E-003   4.9780E-003   1.0127E-001   2.6085E-001   1.0321E+000  
 3.5651E+000  -1.2186E+000   5.8957E+000  -6.0864E-001   2.7725E-001   1.5582E-001  -2.1235E-001   4.2132E-002   6.3153E-002   7.2674E-002  -5.4259E-002   2.3242E-001   3.2954E-001   8.8096E-003  -3.4390E-003   1.0199E-001  -4.0382E-001   3.5201E-002  -1.3415E-002   1.2123E-003   1.4252E-002   1.0434E-001   2.5520E-001   9.9892E-001  
 4.1011E+000  -1.3325E+000   5.6241E+000  -8.4002E-001   6.4120E-001   3.5515E-001  -2.0893E-001   4.6042E-002   5.1627E-002   1.1393E-001  -1.4938E-001   3.0923E-001   3.9891E-001   2.0015E-002  -2.5566E-002   1.2301E-001  -4.1307E-001   6.2518E-004  -2.0584E-002   1.1809E-002   2.3421E-002   9.1938E-002   2.4215E-001   9.0546E-001  
 4.0887E+000  -1.1436E+000   4.8630E+000  -1.7541E+000   1.6286E+000   1.0646E+000  -7.5317E-001   3.4380E-001   5.0338E-002  -1.3450E-001  -5.7632E-001   6.3846E-001   8.2380E-001   6.1347E-002  -1.3901E-001   3.1027E-001  -7.6066E-001  -1.4014E-001  -6.2307E-004   2.2371E-002   2.5535E-002   2.6393E-002   1.4849E-001   1.3779E+000  
 1.9231E+000  -2.5487E+000   8.1060E+000   7.8028E-001  -3.4163E-001  -1.6723E-002  -6.2649E-001  -2.5199E-002   2.7169E-001   4.3552E-001  -4.0351E-002  -6.3710E-001   9.7971E-002   2.2079E-002  -4.0941E-002   2.0228E-001  -4.1868E-001  -5.5555E-002  -7.7206E-002  -3.9275E-002  -1.0836E-002  -8.7572E-002   2.5667E-001   1.1152E+000  
 1.5816E+000  -2.2732E+000   8.8240E+000   7.0191E-001  -6.5882E-002  -2.1700E-001  -4.2723E-001   3.5005E-002   1.1525E-001   2.6151E-001  -4.5561E-002  -5.1739E-001   9.4383E-002   8.1634E-003   2.0088E-003   2.1285E-001  -4.1813E-001  -7.9769E-002  -7.8047E-002  -1.6295E-002  -6.6292E-003  -9.5006E-002   2.6441E-001   1.0305E+000  
 1.2835E+000  -2.0767E+000   9.1510E+000   6.4119E-001   1.5262E-001  -2.9801E-001  -3.5518E-001   5.7921E-002   3.7245E-002   1.7165E-001  -2.1962E-002  -4.4309E-001   1.2658E-001   3.2665E-003   5.9495E-003   2.0925E-001  -4.5627E-001  -7.3172E-002  -5.8340E-002  -7.9638E-003  -1.9720E-003  -9.4112E-002   2.6734E-001   1.0565E+000  
 1.0039E+000  -1.9180E+000   9.2385E+000   5.4140E-001   2.7404E-001  -2.6149E-001  -3.1829E-001   7.3817E-002  -4.3742E-003   1.0619E-001   1.1817E-003  -3.6855E-001   1.5518E-001   2.5971E-003   6.2484E-003   2.0286E-001  -4.9754E-001  -6.3828E-002  -3.4834E-002  -2.3541E-003  -9.6160E-004  -8.1838E-002   2.6643E-001   1.1051E+000  
 7.8222E-001  -1.7904E+000   9.1448E+000   4.1300E-001   3.1088E-001  -1.6028E-001  -3.0082E-001   8.4810E-002  -2.2732E-002   5.9074E-002   2.2192E-002  -2.9052E-001   1.7847E-001   3.7675E-003   4.4307E-003   1.9455E-001  -5.3020E-001  -5.2780E-002  -1.1718E-002  -1.0346E-003  -1.9190E-003  -6.3555E-002   2.6223E-001   1.0046E+000  
 6.5290E-001  -1.6882E+000   8.9122E+000   2.7104E-001   2.8361E-001  -4.0545E-002  -2.9380E-001   9.0806E-002  -2.7709E-002   2.5878E-002   4.1453E-002  -2.0920E-001   1.9738E-001   3.8607E-003   2.3063E-003   1.8419E-001  -5.5092E-001  -3.9457E-002   7.1800E-003  -7.2780E-004  -2.2639E-003  -4.1852E-002   2.5631E-001   1.0048E+000  
 6.4495E-001  -1.6064E+000   8.5716E+000   1.2713E-001   2.1202E-001   6.2554E-002  -2.9156E-001   9.2258E-002  -2.3714E-002   3.0231E-003   5.9165E-002  -1.2717E-001   2.1082E-001   2.8891E-003   4.4571E-004   1.7372E-001  -5.5769E-001  -2.3331E-002   2.0760E-002  -5.1777E-004  -2.4607E-003  -1.9837E-002   2.5029E-001   1.0030E+000  
 7.7586E-001  -1.5438E+000   8.1539E+000  -6.7738E-003   1.1830E-001   1.2586E-001  -2.8886E-001   8.9780E-002  -1.3655E-002  -1.0537E-002   7.3667E-002  -4.9875E-002   2.1957E-001   9.0626E-004  -4.2740E-004   1.6396E-001  -5.5230E-001  -5.7014E-003   2.7074E-002  -5.3045E-004  -2.6364E-003   2.0405E-003   2.4690E-001   1.0200E+000  
 1.0495E+000  -1.5000E+000   7.6824E+000  -1.2537E-001   2.3981E-002   1.4198E-001  -2.8253E-001   8.5240E-002  -3.3030E-004  -1.5092E-002   8.2389E-002   2.1117E-002   2.2551E-001  -1.2872E-003   6.3095E-005   1.5325E-001  -5.3657E-001   1.1968E-002   2.6344E-002  -6.4301E-004  -2.5518E-003   2.5381E-002   2.4723E-001   1.0212E+000  
 1.4593E+000  -1.4762E+000   7.1805E+000  -2.2825E-001  -4.8290E-002   1.1776E-001  -2.7217E-001   8.0142E-002   1.3369E-002  -9.7763E-003   8.1964E-002   8.4605E-002   2.2869E-001  -2.6983E-003   1.6604E-003   1.4029E-001  -5.0949E-001   2.7357E-002   1.8838E-002  -7.3380E-004  -2.2974E-003   5.1632E-002   2.4987E-001   9.8234E-001  
 1.9785E+000  -1.4746E+000   6.6827E+000  -3.1980E-001  -7.5362E-002   7.6391E-002  -2.5789E-001   7.4198E-002   2.3178E-002   6.2261E-003   6.9614E-002   1.3831E-001   2.3138E-001  -3.1695E-003   3.4521E-003   1.2685E-001  -4.7194E-001   3.8388E-002   7.9671E-003  -8.5412E-004  -1.4803E-003   7.9156E-002   2.5284E-001   9.4440E-001  
 2.5759E+000  -1.4970E+000   6.2170E+000  -4.1484E-001  -3.5475E-002   5.4843E-002  -2.3892E-001   6.7393E-002   2.4544E-002   3.1928E-002   4.2144E-002   1.8560E-001   2.3982E-001  -1.4769E-003   3.9959E-003   1.1695E-001  -4.3063E-001   4.3333E-002  -4.4377E-003  -2.1703E-004   1.7352E-003   1.0185E-001   2.5431E-001   9.5538E-001  
 3.2124E+000  -1.5468E+000   5.8164E+000  -5.3541E-001   9.4360E-002   1.0608E-001  -2.1643E-001   6.0395E-002   1.4962E-002   6.6276E-002  -6.8812E-003   2.3551E-001   2.6065E-001   6.4329E-004  -1.3594E-004   1.1407E-001  -3.9647E-001   3.8865E-002  -1.3904E-002   4.8455E-003   5.3155E-003   1.1243E-001   2.5238E-001   9.4248E-001  
 3.8270E+000  -1.6230E+000   5.5171E+000  -7.1737E-001   3.4033E-001   3.0108E-001  -2.0061E-001   5.8012E-002  -6.2404E-003   1.0050E-001  -8.7433E-002   3.0634E-001   3.0651E-001   2.6754E-003  -1.7249E-002   1.2312E-001  -3.8964E-001   1.6897E-002  -1.3759E-002   1.6458E-002   1.0587E-002   1.0468E-001   2.4454E-001   8.8421E-001  
 4.2843E+000  -1.6743E+000   5.2324E+000  -1.1036E+000   8.1209E-001   8.0443E-001  -3.1001E-001   1.1054E-001  -7.3255E-003   4.5571E-002  -2.5249E-001   4.8040E-001   4.5160E-001   2.3464E-003  -1.0455E-001   1.6449E-001  -4.6644E-001  -7.0047E-002   1.9277E-002   5.2171E-002   2.2683E-002   8.4945E-002   2.1997E-001   1.0460E+000  
 1.6385E+000  -2.5575E+000   8.4027E+000   8.0612E-001  -2.2021E-001  -1.3795E-002  -5.2114E-001   4.3434E-002   3.1640E-001   2.4257E-001  -5.3616E-002  -5.7551E-001  -1.4071E-002   1.4052E-002   1.0200E-003   2.0283E-001  -3.8373E-001  -4.8713E-002  -1.1106E-001  -1.2261E-002  -2.0712E-002  -1.0200E-001   2.4261E-001   9.2192E-001  
 1.3027E+000  -2.4132E+000   9.0034E+000   7.7238E-001  -5.1822E-003  -2.7302E-001  -3.9917E-001   6.4148E-002   1.7190E-001   1.6634E-001  -3.4975E-002  -4.9933E-001   1.6389E-002   1.7142E-003   4.9464E-003   2.0494E-001  -4.1469E-001  -4.6204E-002  -9.6082E-002  -7.4955E-003  -9.6821E-003  -1.1080E-001   2.5058E-001   9.8497E-001  
 9.6070E-001  -2.2994E+000   9.2923E+000   6.9792E-001   1.3791E-001  -3.6159E-001  -3.3862E-001   7.7957E-002   8.6583E-002   1.1275E-001  -1.2137E-002  -4.3095E-001   4.6780E-002  -1.2568E-003   4.1899E-003   2.0419E-001  -4.5954E-001  -4.1058E-002  -7.2545E-002  -4.6784E-003  -3.4902E-003  -1.0805E-001   2.5288E-001   1.0135E+000  
 6.3796E-001  -2.2065E+000   9.3528E+000   5.8140E-001   2.1228E-001  -3.2718E-001  -3.0686E-001   8.9126E-002   3.6389E-002   7.1172E-002   8.2111E-003  -3.5814E-001   7.2345E-002  -2.5424E-004   4.3335E-003   2.0245E-001  -5.0337E-001  -3.7525E-002  -4.7693E-002  -1.6080E-003  -2.1269E-003  -9.4557E-002   2.5190E-001   1.0326E+000  
 3.8062E-001  -2.1323E+000   9.2371E+000   4.3954E-001   2.3015E-001  -2.2665E-001  -2.9388E-001   9.6720E-002   9.0365E-003   4.2044E-002   2.7900E-002  -2.8096E-001   9.6548E-002   1.1690E-003   3.1927E-003   1.9725E-001  -5.3901E-001  -3.2333E-002  -2.5166E-002  -9.6687E-004  -2.2344E-003  -7.3587E-002   2.4717E-001   9.5882E-001  
 2.2494E-001  -2.0719E+000   8.9872E+000   2.8578E-001   2.0463E-001  -1.0735E-001  -2.9119E-001   1.0114E-001  -4.4760E-003   2.1337E-002   4.7107E-002  -1.9905E-001   1.1767E-001   1.9188E-003   1.9941E-003   1.9042E-001  -5.5997E-001  -2.5240E-002  -6.3415E-003  -7.8773E-004  -2.2751E-003  -5.1236E-002   2.3978E-001   9.5446E-001  
 2.0148E-001  -2.0215E+000   8.6319E+000   1.3275E-001   1.4971E-001  -4.3591E-003  -2.9312E-001   1.0144E-001  -8.3394E-003   6.6135E-003   6.6349E-002  -1.1653E-001   1.3383E-001   1.5390E-003   8.1345E-004   1.8470E-001  -5.6553E-001  -1.4650E-002   6.4499E-003  -6.2870E-004  -2.4097E-003  -3.0438E-002   2.3248E-001   8.9759E-001  
 3.2773E-001  -1.9811E+000   8.2003E+000  -4.9929E-003   7.9535E-002   5.9061E-002  -2.9284E-001   9.9572E-002  -5.9253E-003  -2.1897E-003   8.1386E-002  -3.9298E-002   1.4764E-001   4.8101E-004   3.4878E-004   1.7844E-001  -5.6042E-001  -3.1260E-003   1.2433E-002  -5.9721E-004  -2.4843E-003  -8.1847E-003   2.2907E-001   9.3755E-001  
 6.0885E-001  -1.9500E+000   7.7145E+000  -1.2381E-001   8.6615E-003   7.5375E-002  -2.8813E-001   9.5811E-002  -4.6831E-004  -5.4624E-003   9.1937E-002   3.1299E-002   1.6013E-001  -7.9413E-004   6.8418E-004   1.7168E-001  -5.4556E-001   9.1025E-003   1.2325E-002  -6.1962E-004  -2.4230E-003   1.4852E-002   2.3063E-001   9.6560E-001  
 1.0393E+000  -1.9287E+000   7.1957E+000  -2.2493E-001  -4.8177E-002   5.1155E-002  -2.7711E-001   9.0305E-002   4.9459E-003  -2.9404E-003   9.6945E-002   9.4832E-002   1.7206E-001  -1.8124E-003   1.8802E-003   1.6439E-001  -5.2180E-001   2.1661E-002   6.6709E-003  -5.7123E-004  -2.1968E-003   3.8122E-002   2.3734E-001   9.9410E-001  
 1.5890E+000  -1.9204E+000   6.6795E+000  -3.0843E-001  -7.3737E-002   9.5812E-003  -2.6338E-001   8.6215E-002   6.7089E-003   6.8605E-003   8.8346E-002   1.4882E-001   1.8061E-001  -1.8642E-003   3.2431E-003   1.5313E-001  -4.8464E-001   3.0579E-002  -3.3411E-003  -3.8658E-004  -1.9107E-003   6.6826E-002   2.4381E-001   9.4600E-001  
 2.2262E+000  -1.9261E+000   6.1939E+000  -3.8826E-001  -5.4965E-002  -1.2159E-002  -2.4486E-001   8.1274E-002   1.6319E-005   2.3828E-002   6.5428E-002   1.9482E-001   1.9060E-001  -1.5722E-003   4.3745E-003   1.4212E-001  -4.3878E-001   3.6855E-002  -1.3497E-002   4.7001E-004  -1.2395E-003   9.5264E-002   2.4913E-001   9.3337E-001  
 2.9103E+000  -1.9468E+000   5.7697E+000  -4.8850E-001   2.4965E-002   3.9347E-002  -2.2293E-001   7.6580E-002  -1.7967E-002   4.4556E-002   2.1704E-002   2.4330E-001   2.0988E-001  -1.2167E-003   8.0728E-004   1.3641E-001  -3.9871E-001   3.5735E-002  -2.0050E-002   5.8005E-003   4.3940E-004   1.1188E-001   2.5014E-001   9.4276E-001  
 3.5828E+000  -1.9853E+000   5.4518E+000  -6.3644E-001   1.7864E-001   2.2980E-001  -1.9848E-001   7.2327E-002  -4.8823E-002   6.9586E-002  -4.7446E-002   3.0678E-001   2.4085E-001  -4.7284E-003  -7.8750E-003   1.3654E-001  -3.7746E-001   2.6965E-002  -1.7245E-002   1.4043E-002  -7.3190E-004   1.1195E-001   2.4735E-001   8.9422E-001  
 4.1810E+000  -2.0367E+000   5.2601E+000  -8.8738E-001   4.3232E-001   6.5456E-001  -1.9628E-001   7.6950E-002  -8.5722E-002   8.4479E-002  -1.5975E-001   4.1725E-001   2.9975E-001  -1.7587E-002  -3.2986E-002   1.4814E-001  -3.9970E-001   2.1427E-005   5.6118E-003   2.7845E-002  -4.1841E-003   9.4571E-002   2.3547E-001   8.4824E-001  
 1.4605E+000  -2.6509E+000   8.5182E+000   8.7007E-001  -1.3950E-001  -5.0440E-002  -4.9701E-001   7.6475E-002   3.5067E-001   1.0236E-001  -4.6766E-002  -5.5213E-001  -9.3326E-002   8.2630E-003   3.2139E-003   1.8983E-001  -3.7622E-001  -9.8534E-003  -1.1905E-001  -1.3483E-003  -2.0294E-002  -1.1377E-001   2.2936E-001   8.7432E-001  
 1.0974E+000  -2.6029E+000   9.0925E+000   8.2873E-001  -2.4907E-002  -3.1700E-001  -3.8409E-001   8.4854E-002   2.0227E-001   7.1960E-002  -2.9423E-002  -4.7956E-001  -6.5277E-002  -2.7380E-003   2.8047E-003   1.9359E-001  -4.1013E-001  -9.3275E-003  -1.0193E-001  -1.1472E-003  -8.8577E-003  -1.2408E-001   2.3732E-001   9.3684E-001  
 7.2582E-001  -2.5656E+000   9.3626E+000   7.4518E-001   5.1602E-002  -4.0926E-001  -3.2839E-001   9.1190E-002   1.1334E-001   5.0124E-002  -8.7256E-003  -4.1374E-001  -3.8541E-002  -3.1416E-003   8.2727E-004   1.9645E-001  -4.5872E-001  -8.5349E-003  -7.6224E-002  -2.3040E-003  -4.0880E-003  -1.2016E-001   2.4036E-001   9.5225E-001  
 3.7559E-001  -2.5352E+000   9.4093E+000   6.1981E-001   9.2438E-002  -3.7610E-001  -2.9976E-001   9.7243E-002   5.8053E-002   3.2007E-002   9.7863E-003  -3.4184E-001  -1.4393E-002  -1.7397E-003   1.2141E-003   1.9850E-001  -5.0582E-001  -1.0122E-002  -5.1728E-002  -1.0948E-003  -2.4112E-003  -1.0443E-001   2.4038E-001   9.6570E-001  
 9.5354E-002  -2.5107E+000   9.2833E+000   4.6996E-001   1.0462E-001  -2.7585E-001  -2.8894E-001   1.0202E-001   2.6022E-002   1.9596E-002   2.7878E-002  -2.6525E-001   1.0280E-002  -2.8628E-004   1.1303E-003   1.9749E-001  -5.4383E-001  -1.1054E-002  -3.0676E-002  -7.7174E-004  -2.3097E-003  -8.1639E-002   2.3613E-001   9.2224E-001  
-7.6121E-002  -2.4893E+000   9.0267E+000   3.0757E-001   9.5449E-002  -1.5702E-001  -2.9034E-001   1.0445E-001   8.1901E-003   1.0663E-002   4.8885E-002  -1.8260E-001   3.3091E-002   6.0227E-004   8.2868E-004   1.9591E-001  -5.6341E-001  -9.7419E-003  -1.3090E-002  -7.2938E-004  -2.3369E-003  -6.1301E-002   2.2762E-001   9.1545E-001  
-1.0986E-001  -2.4695E+000   8.6654E+000   1.4980E-001   7.1457E-002  -5.4015E-002  -2.9408E-001   1.0491E-001   2.4538E-004   4.1922E-003   6.8051E-002  -1.0011E-001   5.4056E-002   6.6427E-004   4.5590E-004   1.9399E-001  -5.6974E-001  -6.0082E-003  -1.4928E-003  -6.5450E-004  -2.4017E-003  -4.0372E-002   2.2030E-001   8.5879E-001  
 1.3337E-002  -2.4511E+000   8.2283E+000   9.8840E-003   3.9831E-002   9.4337E-003  -2.9531E-001   1.0409E-001  -1.2801E-003   9.5604E-005   8.3195E-002  -2.2883E-002   7.3940E-002   1.6673E-004   3.7152E-004   1.9112E-001  -5.6540E-001  -7.7655E-004   3.4143E-003  -6.2193E-004  -2.4309E-003  -1.7691E-002   2.1723E-001   8.4146E-001  
 2.9878E-001  -2.4338E+000   7.7370E+000  -1.0860E-001   7.8570E-003   2.5757E-002  -2.9204E-001   1.0207E-001   2.4722E-004  -1.8181E-003   9.4180E-002   4.7713E-002   9.3161E-002  -4.5860E-004   6.8341E-004   1.8739E-001  -5.5114E-001   5.8786E-003   2.2938E-003  -6.0451E-004  -2.3920E-003   5.9068E-003   2.1956E-001   9.0822E-001  
 7.4106E-001  -2.4178E+000   7.2119E+000  -2.0706E-001  -1.7182E-002   1.5467E-003  -2.8234E-001   9.8822E-002   1.5605E-003  -1.4466E-003   1.0024E-001   1.1124E-001   1.1214E-001  -8.1464E-004   1.4998E-003   1.8290E-001  -5.2800E-001   1.3841E-002  -4.1408E-003  -5.4349E-004  -2.2786E-003   2.9573E-002   2.2769E-001   9.7700E-001  
 1.3112E+000  -2.4043E+000   6.6863E+000  -2.8859E-001  -2.7162E-002  -4.0325E-002  -2.6677E-001   9.5129E-002  -1.2368E-003   1.8859E-003   9.7216E-002   1.6582E-001   1.2993E-001  -6.8997E-004   2.5437E-003   1.7685E-001  -4.9496E-001   2.1544E-002  -1.3822E-002  -4.4336E-004  -2.1807E-003   5.4908E-002   2.3876E-001   9.8561E-001  
 1.9734E+000  -2.3951E+000   6.1909E+000  -3.6091E-001  -1.4278E-002  -6.1693E-002  -2.4926E-001   9.2283E-002  -1.2756E-002   8.7140E-003   7.6746E-002   2.1084E-001   1.4603E-001  -3.2113E-004   3.3742E-003   1.6831E-001  -4.4833E-001   2.7247E-002  -2.3234E-002   1.4630E-004  -2.2450E-003   8.5255E-002   2.4674E-001   9.1731E-001  
 2.6881E+000  -2.3903E+000   5.7563E+000  -4.4809E-001   2.8717E-002  -1.0651E-002  -2.2647E-001   8.9306E-002  -3.5565E-002   1.7229E-002   3.7609E-002   2.5689E-001   1.6542E-001  -1.4575E-003   2.2430E-003   1.6101E-001  -4.0288E-001   3.0697E-002  -2.9016E-002   3.5916E-003  -3.8006E-003   1.0781E-001   2.5111E-001   9.4599E-001  
 3.3956E+000  -2.3910E+000   5.4276E+000  -5.7834E-001   1.0890E-001   1.7801E-001  -1.9911E-001   8.6931E-002  -7.2788E-002   2.6813E-002  -2.5691E-002   3.1621E-001   1.9077E-001  -6.0126E-003  -1.4760E-003   1.5704E-001  -3.7452E-001   2.9926E-002  -2.6002E-002   8.1907E-003  -7.2355E-003   1.1291E-001   2.5126E-001   9.3513E-001  
 4.0343E+000  -2.3943E+000   5.2274E+000  -8.0456E-001   2.4083E-001   6.0048E-001  -1.8986E-001   9.0219E-002  -1.1281E-001   2.7586E-002  -1.3045E-001   4.2300E-001   2.3161E-001  -2.6209E-002  -1.7577E-002   1.5980E-001  -3.8975E-001   1.6672E-002   1.4840E-003   2.0023E-002  -1.7016E-002   9.7202E-002   2.4234E-001   9.1051E-001  
 1.3568E+000  -2.7605E+000   8.5249E+000   9.1960E-001  -1.0529E-001  -5.6456E-002  -4.9126E-001   1.0485E-001   3.5591E-001  -3.5402E-002  -4.3137E-002  -5.2831E-001  -1.7396E-001   5.2323E-003   3.3007E-003   1.7430E-001  -3.7066E-001   2.8151E-002  -1.1496E-001   7.5680E-003  -1.6536E-002  -1.2099E-001   2.1700E-001   8.1360E-001  
 9.8233E-001  -2.8050E+000   9.0961E+000   8.7499E-001  -8.5547E-002  -3.2493E-001  -3.7950E-001   1.0108E-001   2.0768E-001  -2.1094E-002  -2.8025E-002  -4.5619E-001  -1.4750E-001  -4.0539E-003  -1.4615E-003   1.7866E-001  -4.0463E-001   2.7148E-002  -9.6936E-002   2.5787E-003  -6.7293E-003  -1.3301E-001   2.2634E-001   8.8562E-001  
 5.9963E-001  -2.8409E+000   9.3649E+000   7.8832E-001  -6.9975E-002  -4.1823E-001  -3.2477E-001   1.0046E-001   1.1844E-001  -1.3066E-002  -9.0388E-003  -3.9042E-001  -1.2447E-001  -2.9493E-003  -2.5213E-003   1.8492E-001  -4.5390E-001   2.2120E-002  -7.0841E-002  -3.1763E-005  -4.0810E-003  -1.2983E-001   2.3064E-001   9.0426E-001  
 2.3928E-001  -2.8700E+000   9.4111E+000   6.6099E-001  -5.5815E-002  -3.8542E-001  -2.9683E-001   1.0124E-001   6.2109E-002  -8.2530E-003   8.0148E-003  -3.1870E-001  -1.0179E-001  -1.6617E-003  -1.8195E-003   1.9121E-001  -5.0307E-001   1.5526E-002  -4.7439E-002  -5.7840E-004  -2.4107E-003  -1.1326E-001   2.3249E-001   9.0543E-001  
-4.9380E-002  -2.8927E+000   9.2856E+000   5.0948E-001  -4.1982E-002  -2.8505E-001  -2.8630E-001   1.0249E-001   2.9363E-002  -4.7293E-003   2.4714E-002  -2.4272E-001  -7.7842E-002  -4.7662E-004  -1.1121E-003   1.9592E-001  -5.4333E-001   9.5225E-003  -2.8410E-002  -6.1237E-004  -2.2430E-003  -8.9401E-002   2.3014E-001   9.0953E-001  
-2.2639E-001  -2.9092E+000   9.0312E+000   3.4445E-001  -2.8227E-002  -1.6644E-001  -2.8946E-001   1.0391E-001   1.0843E-002  -2.0461E-003   4.6337E-002  -1.5968E-001  -5.2335E-002   2.5757E-004  -5.1981E-004   1.9880E-001  -5.6296E-001   4.3835E-003  -1.2496E-002  -6.3352E-004  -2.3311E-003  -7.0157E-002   2.2194E-001   8.9246E-001  
-2.6377E-001  -2.9191E+000   8.6721E+000   1.8535E-001  -1.4142E-002  -6.3435E-002  -2.9408E-001   1.0480E-001   2.3140E-003  -4.3237E-004   6.5356E-002  -7.7199E-002  -2.6198E-002   3.3570E-004  -1.9084E-004   2.0057E-001  -5.7035E-001   1.2143E-003  -2.7042E-003  -6.3456E-004  -2.3918E-003  -4.9252E-002   2.1534E-001   8.4034E-001  
-1.4165E-001  -2.9224E+000   8.2376E+000   4.4780E-002  -8.0975E-006   2.0434E-005  -2.9613E-001   1.0509E-001   2.5153E-004   9.8232E-005   8.0519E-002   2.1869E-005   1.5404E-005  -2.3980E-005  -6.4599E-006   2.0116E-001  -5.6707E-001   1.5970E-004   4.1081E-004  -6.3128E-004  -2.4190E-003  -2.6463E-002   2.1307E-001   7.7733E-001  
 1.4531E-001  -2.9191E+000   7.7488E+000  -7.3668E-002   1.4126E-002   1.6348E-002  -2.9367E-001   1.0479E-001   1.2459E-003  -4.3506E-004   9.1677E-002   7.0617E-002   2.6229E-002  -3.8641E-004   1.7858E-004   2.0057E-001  -5.5380E-001   1.2175E-003  -2.4802E-003  -6.3448E-004  -2.4005E-003  -2.6350E-003   2.1630E-001   8.7858E-001  
 5.9164E-001  -2.9092E+000   7.2259E+000  -1.7139E-001   2.8211E-002  -7.8558E-003  -2.8479E-001   1.0391E-001   1.9889E-003  -2.0510E-003   9.8053E-002   1.3413E-001   5.2366E-002  -3.5244E-004   5.0809E-004   1.9880E-001  -5.3156E-001   4.3902E-003  -1.0653E-002  -6.3416E-004  -2.3551E-003   2.1377E-002   2.2539E-001   9.6462E-001  
 1.1689E+000  -2.8927E+000   6.7015E+000  -2.5263E-001   4.1966E-002  -4.9985E-002  -2.6881E-001   1.0249E-001  -1.4225E-003  -4.7372E-003   9.6969E-002   1.8932E-001   7.7872E-002   1.7308E-004   1.1009E-003   1.9592E-001  -5.0086E-001   9.5314E-003  -2.2110E-002  -6.1314E-004  -2.3242E-003   4.5625E-002   2.3854E-001   9.9908E-001  
 1.8401E+000  -2.8700E+000   6.2069E+000  -3.2339E-001   5.5799E-002  -7.1217E-002  -2.5146E-001   1.0124E-001  -1.3990E-002  -8.2632E-003   7.8075E-002   2.3378E-001   1.0182E-001   6.7612E-004   1.8093E-003   1.9121E-001  -4.5504E-001   1.5538E-002  -3.2092E-002  -5.7947E-004  -2.6600E-003   7.6318E-002   2.4857E-001   9.2412E-001  
 2.5660E+000  -2.8409E+000   5.7731E+000  -4.0719E-001   6.9959E-002  -2.0501E-002  -2.2804E-001   1.0046E-001  -3.8148E-002  -1.3078E-002   4.1347E-002   2.7842E-001   1.2449E-001  -3.6942E-004   2.5124E-003   1.8492E-001  -4.0848E-001   2.2134E-002  -3.8837E-002  -3.2998E-005  -5.2819E-003   1.0092E-001   2.5519E-001   9.6714E-001  
 3.2861E+000  -2.8050E+000   5.4444E+000  -5.3276E-001   8.5531E-002   1.6813E-001  -1.9981E-001   1.0107E-001  -7.5876E-002  -2.1108E-002  -1.9352E-002   3.3687E-001   1.4753E-001  -5.9802E-003   1.4530E-003   1.7866E-001  -3.7860E-001   2.7163E-002  -3.5653E-002   2.5789E-003  -1.0575E-002   1.0827E-001   2.5697E-001   1.0095E+000  
 3.9401E+000  -2.7606E+000   5.2469E+000  -7.5013E-001   1.0527E-001   5.8921E-001  -1.8673E-001   1.0485E-001  -1.1602E-001  -3.5420E-002  -1.1999E-001   4.4127E-001   1.7398E-001  -2.9636E-002  -3.3116E-003   1.7429E-001  -3.9028E-001   2.8166E-002  -6.7207E-003   7.5730E-003  -2.4753E-002   9.4491E-002   2.5019E-001   9.7922E-001  
 1.3305E+000  -2.8503E+000   8.4267E+000   9.5548E-001  -7.2885E-002  -2.3422E-002  -5.0220E-001   1.3470E-001   3.3200E-001  -1.7361E-001  -4.2344E-002  -5.0256E-001  -2.5477E-001   4.5175E-003   3.7422E-003   1.5643E-001  -3.6619E-001   6.2994E-002  -1.0078E-001   1.4463E-002  -1.0574E-002  -1.2388E-001   2.0642E-001   7.6104E-001  
 9.6171E-001  -2.9879E+000   9.0172E+000   9.1204E-001  -1.4696E-001  -2.8905E-001  -3.8474E-001   1.1779E-001   1.8822E-001  -1.1391E-001  -2.9808E-002  -4.2823E-001  -2.2915E-001  -2.6335E-003  -5.1728E-003   1.6087E-001  -3.9746E-001   6.0480E-002  -8.2739E-002   5.1176E-003  -4.3631E-003  -1.3769E-001   2.1802E-001   8.4131E-001  
 5.8697E-001  -3.0973E+000   9.3004E+000   8.2974E-001  -1.9175E-001  -3.8158E-001  -3.2774E-001   1.0948E-001   1.0291E-001  -7.5592E-002  -1.1932E-002  -3.6195E-001  -2.0906E-001  -1.2450E-003  -5.0294E-003   1.6965E-001  -4.4631E-001   4.9878E-002  -5.7532E-002   2.2443E-003  -3.0102E-003  -1.3615E-001   2.2405E-001   8.7778E-001  
 2.3411E-001  -3.1860E+000   9.3596E+000   7.0666E-001  -2.0398E-001  -3.4813E-001  -2.9798E-001   1.0444E-001   4.9485E-002  -4.7449E-002   3.8707E-003  -2.8914E-001  -1.8775E-001  -3.3178E-004  -4.2754E-003   1.8000E-001  -4.9515E-001   3.8528E-002  -3.5768E-002  -9.5266E-005  -2.1275E-003  -1.2121E-001   2.2836E-001   8.8400E-001  
-4.8145E-002  -3.2556E+000   9.2456E+000   5.5951E-001  -1.8838E-001  -2.4769E-001  -2.8651E-001   1.0168E-001   1.9446E-002  -2.7916E-002   1.9682E-002  -2.1259E-001  -1.6496E-001   5.4924E-004  -2.8603E-003   1.9067E-001  -5.3649E-001   2.7599E-002  -1.8040E-002  -5.2263E-004  -2.1587E-003  -9.7720E-002   2.2860E-001   8.8641E-001  
-2.2065E-001  -3.3098E+000   9.0013E+000   3.9861E-001  -1.5166E-001  -1.2874E-001  -2.8835E-001   1.0180E-001   3.8138E-003  -1.3700E-002   3.9789E-002  -1.3016E-001  -1.3730E-001   7.8505E-004  -1.5810E-003   1.9825E-001  -5.5880E-001   1.6362E-002  -4.6089E-003  -5.5963E-004  -2.2708E-003  -7.7340E-002   2.2307E-001   8.9146E-001  
-2.5484E-001  -3.3495E+000   8.6527E+000   2.4149E-001  -9.9619E-002  -2.5718E-002  -2.9307E-001   1.0308E-001  -1.9323E-003  -3.9952E-003   5.8760E-002  -4.7671E-002  -1.0622E-001   4.2063E-004  -6.9480E-004   2.0364E-001  -5.6739E-001   6.3147E-003   2.7494E-003  -6.1116E-004  -2.3847E-003  -5.6761E-002   2.1790E-001   8.5765E-001  
-1.3180E-001  -3.3744E+000   8.2283E+000   1.0179E-001  -3.9847E-002   3.7733E-002  -2.9531E-001   1.0449E-001  -1.2797E-003   1.1642E-003   7.3838E-002   2.9551E-002  -7.3909E-002  -2.1800E-004  -3.8372E-004   2.0767E-001  -5.6540E-001  -1.0190E-003   3.4119E-003  -6.3005E-004  -2.4310E-003  -3.4197E-002   2.1689E-001   8.1584E-001  
 1.5380E-001  -3.3852E+000   7.7497E+000  -1.6914E-002   2.0272E-002   5.4055E-002  -2.9305E-001   1.0593E-001   2.4264E-003   2.0099E-003   8.4891E-002   1.0015E-001  -4.0937E-002  -7.0246E-004  -4.6832E-004   2.1024E-001  -5.5348E-001  -5.5654E-003  -1.9526E-003  -6.6158E-004  -2.4089E-003  -1.0481E-002   2.2109E-001   8.8626E-001  
 5.9653E-001  -3.3813E+000   7.2372E+000  -1.1602E-001   7.3356E-002   2.9833E-002  -2.8434E-001   1.0743E-001   5.9384E-003  -1.6000E-003   9.1149E-002   1.6368E-001  -7.8748E-003  -6.3179E-004  -7.7095E-004   2.1126E-001  -5.3262E-001  -7.2073E-003  -1.2625E-002  -7.4695E-004  -2.3445E-003   1.3536E-002   2.3080E-001   9.7649E-001  
 1.1677E+000  -3.3620E+000   6.7241E+000  -1.9904E-001   1.1089E-001  -1.2163E-002  -2.6921E-001   1.0857E-001   5.3414E-003  -1.0221E-002   8.9024E-002   2.1848E-001   2.4804E-002   1.4573E-004  -8.3633E-004   2.1131E-001  -5.0229E-001  -4.9809E-003  -2.6461E-002  -8.5206E-004  -2.3318E-003   3.8828E-002   2.4393E-001   1.0151E+000  
 1.8319E+000  -3.3261E+000   6.2406E+000  -2.7406E-001   1.2579E-001  -3.3723E-002  -2.5104E-001   1.0939E-001  -4.1860E-003  -2.4176E-002   7.0835E-002   2.6355E-001   5.6170E-002   1.0868E-003  -3.3366E-004   2.1018E-001  -4.5900E-001   1.1818E-003  -3.9198E-002  -1.3382E-003  -2.5285E-003   6.8474E-002   2.5512E-001   9.6837E-001  
 2.5493E+000  -3.2726E+000   5.8186E+000  -3.6353E-001   1.1140E-001   1.7031E-002  -2.2713E-001   1.1136E-001  -2.5134E-002  -4.2721E-002   3.4408E-002   3.0869E-001   8.2243E-002   4.4001E-004   1.9407E-003   2.0509E-001  -4.1530E-001   1.0674E-002  -4.7711E-002  -3.6542E-003  -4.8771E-003   9.1812E-002   2.6256E-001   1.0244E+000  
 3.2599E+000  -3.1998E+000   5.5029E+000  -4.9504E-001   6.2938E-002   2.0595E-001  -1.9846E-001   1.1570E-001  -5.8736E-002  -6.8794E-002  -2.6071E-002   3.6753E-001   1.0370E-001  -5.9050E-003   3.8260E-003   1.9741E-001  -3.8719E-001   2.1256E-002  -4.5197E-002  -4.2203E-003  -1.1727E-002   9.9295E-002   2.6492E-001   1.0579E+000  
 3.9043E+000  -3.1070E+000   5.3189E+000  -7.1920E-001  -2.8446E-002   6.2753E-001  -1.8472E-001   1.2097E-001  -9.4104E-002  -9.8911E-002  -1.2606E-001   4.7262E-001   1.1656E-001  -2.9953E-002   1.0557E-002   1.8646E-001  -3.9986E-001   3.6459E-002  -1.6768E-002  -6.8640E-003  -2.6711E-002   8.7057E-002   2.5923E-001   1.0252E+000  
 1.3806E+000  -2.8824E+000   8.2177E+000   9.7825E-001   1.0264E-003   4.1270E-002  -5.3309E-001   1.7327E-001   2.7614E-001  -3.1580E-001  -4.2911E-002  -4.7602E-001  -3.3651E-001   4.6638E-003   6.6804E-003   1.3809E-001  -3.6444E-001   9.2154E-002  -7.7686E-002   1.8986E-002  -2.6730E-003  -1.2177E-001   1.9753E-001   7.2242E-001  
 1.0328E+000  -3.1193E+000   8.8515E+000   9.3927E-001  -1.6919E-001  -2.1695E-001  -4.0205E-001   1.4026E-001   1.4260E-001  -2.0753E-001  -3.3560E-002  -3.9760E-001  -3.0921E-001   6.4433E-004  -5.7836E-003   1.4095E-001  -3.9056E-001   8.8566E-002  -5.9912E-002   8.3754E-003  -8.9867E-004  -1.3702E-001   2.1238E-001   7.9022E-001  
 6.8396E-001  -3.3063E+000   9.1670E+000   8.6674E-001  -2.7909E-001  -3.0597E-001  -3.3820E-001   1.2263E-001   6.4835E-002  -1.3640E-001  -1.6830E-002  -3.2858E-001  -2.9112E-001   1.0083E-003  -6.3942E-003   1.5121E-001  -4.3590E-001   7.3892E-002  -3.7357E-002   3.5518E-003  -4.0788E-004  -1.3879E-001   2.2057E-001   8.6269E-001  
 3.5585E-001  -3.4578E+000   9.2533E+000   7.5366E-001  -3.2383E-001  -2.7117E-001  -3.0407E-001   1.1090E-001   1.9310E-002  -8.3525E-002  -1.9368E-003  -2.5418E-001  -2.7005E-001   1.9623E-003  -5.8974E-003   1.6376E-001  -4.8200E-001   5.8335E-002  -1.7369E-002   1.8547E-004  -1.4622E-003  -1.2825E-001   2.2740E-001   8.8644E-001  
 9.4513E-002  -3.5768E+000   9.1619E+000   6.1669E-001  -3.1365E-001  -1.7053E-001  -2.9013E-001   1.0404E-001  -3.9281E-003  -4.6994E-002   1.3503E-002  -1.7663E-001  -2.4766E-001   2.2194E-003  -3.6627E-003   1.7899E-001  -5.2339E-001   4.1447E-002  -1.1880E-003  -4.2714E-004  -2.0190E-003  -1.0670E-001   2.3050E-001   9.0268E-001  
-6.3999E-002  -3.6692E+000   8.9364E+000   4.6701E-001  -2.6016E-001  -5.1118E-002  -2.8733E-001   1.0050E-001  -1.3275E-002  -2.1156E-002   2.9381E-002  -9.4791E-002  -2.2040E-001   1.9590E-003  -1.8898E-003   1.9335E-001  -5.5075E-001   2.5366E-002   1.0414E-002  -5.5601E-004  -2.2106E-003  -8.2863E-002   2.3032E-001   8.9354E-001  
-8.8439E-002  -3.7393E+000   8.6065E+000   3.1536E-001  -1.7750E-001   5.1891E-002  -2.9113E-001   1.0178E-001  -1.2726E-002  -3.2064E-003   4.8096E-002  -1.2292E-002  -1.8529E-001   7.6294E-004  -6.2406E-004   2.0248E-001  -5.6091E-001   8.5967E-003   1.4867E-002  -6.2622E-004  -2.4054E-003  -6.2619E-002   2.2733E-001   9.0354E-001  
 3.7514E-002  -3.7863E+000   8.2003E+000   1.7805E-001  -7.9551E-002   1.1532E-001  -2.9284E-001   1.0421E-001  -5.9239E-003   6.6650E-003   6.3006E-002   6.4931E-002  -1.4761E-001  -5.7810E-004  -3.6047E-004   2.0983E-001  -5.6042E-001  -5.0051E-003   1.2429E-002  -6.2042E-004  -2.4836E-003  -4.0597E-002   2.2788E-001   9.0324E-001  
 3.1893E-001  -3.8109E+000   7.7398E+000   5.8794E-002   1.9098E-002   1.3162E-001  -2.9013E-001   1.0741E-001   3.9213E-003   8.8645E-003   7.3686E-002   1.3554E-001  -1.0861E-001  -1.5701E-003  -8.9643E-004   2.1549E-001  -5.5018E-001  -1.5149E-002   3.8998E-003  -6.3604E-004  -2.4262E-003  -1.7329E-002   2.3304E-001   9.2029E-001  
 7.5040E-001  -3.8124E+000   7.2465E+000  -4.3704E-002   1.0367E-001   1.0738E-001  -2.8096E-001   1.1134E-001   1.3747E-002   3.1106E-003   7.9223E-002   1.9909E-001  -6.9278E-002  -1.7720E-003  -2.0075E-003   2.1937E-001  -5.3101E-001  -2.1523E-002  -1.0093E-002  -7.7393E-004  -2.2608E-003   6.4937E-003   2.4304E-001   9.8886E-001  
 1.3029E+000  -3.7887E+000   6.7547E+000  -1.3128E-001   1.5720E-001   6.5710E-002  -2.6712E-001   1.1454E-001   1.9676E-002  -1.1826E-002   7.3956E-002   2.5315E-001  -2.9442E-002  -8.1405E-004  -2.7961E-003   2.2311E-001  -5.0026E-001  -2.1448E-002  -2.7327E-002  -1.0086E-003  -2.1264E-003   3.3709E-002   2.5494E-001   1.0288E+000  
 1.9441E+000  -3.7383E+000   6.2934E+000  -2.1600E-001   1.6649E-001   4.3852E-002  -2.4765E-001   1.1875E-001   1.7098E-002  -3.6201E-002   5.5288E-002   2.9878E-001   7.1551E-003   6.4426E-004  -2.8323E-003   2.2408E-001  -4.6016E-001  -1.6023E-002  -4.3829E-002  -1.8945E-003  -1.9050E-003   6.1571E-002   2.6585E-001   1.0596E+000  
 2.6335E+000  -3.6589E+000   5.8950E+000  -3.1969E-001   1.1619E-001   9.4964E-002  -2.2336E-001   1.2400E-001   3.7840E-003  -6.8232E-002   1.7020E-002   3.4567E-001   3.4507E-002   1.0500E-003   1.3775E-003   2.1899E-001  -4.2236E-001  -2.8752E-003  -5.5246E-002  -6.9311E-003  -2.6422E-003   8.1146E-002   2.7282E-001   1.1074E+000  
 3.3129E+000  -3.5472E+000   5.6036E+000  -4.6957E-001  -4.2989E-003   2.8588E-001  -1.9562E-001   1.3207E-001  -1.9518E-002  -1.1080E-001  -4.6029E-002   4.0852E-001   5.2022E-002  -5.8071E-003   8.6878E-003   2.0934E-001  -4.0161E-001   1.5421E-002  -5.3411E-002  -1.3158E-002  -9.5252E-003   8.5709E-002   2.7467E-001   1.0997E+000  
 3.9231E+000  -3.4033E+000   5.4451E+000  -7.1526E-001  -2.1317E-001   7.0962E-001  -1.8433E-001   1.3975E-001  -4.5466E-002  -1.5775E-001  -1.4904E-001   5.1674E-001   5.0870E-002  -2.6968E-002   2.5263E-002   1.9277E-001  -4.1900E-001   4.3447E-002  -2.7769E-002  -2.1115E-002  -2.2217E-002   7.4789E-002   2.6879E-001   1.0631E+000  
 1.5653E+000  -2.7722E+000   7.7943E+000   1.0684E+000   8.5186E-002   5.0075E-002  -6.7592E-001   2.6731E-001   2.0846E-001  -5.3441E-001  -7.3629E-003  -5.0173E-001  -4.7404E-001  -1.8761E-004   6.1559E-002   1.3849E-001  -4.0586E-001   7.1645E-002  -3.3341E-002   4.0368E-002   1.6802E-002  -1.1349E-001   1.8077E-001   8.4045E-001  
 1.1833E+000  -3.1607E+000   8.5934E+000   9.5344E-001  -1.1517E-001  -1.3194E-001  -4.3532E-001   1.7538E-001   6.6896E-002  -3.0201E-001  -3.8185E-002  -3.6691E-001  -3.8752E-001   2.7640E-003  -1.8957E-003   1.2139E-001  -3.8612E-001   1.0855E-001  -3.0512E-002   1.0976E-002   5.5662E-003  -1.3053E-001   2.0892E-001   7.6635E-001  
 8.7312E-001  -3.4336E+000   8.9628E+000   8.9192E-001  -2.9598E-001  -2.1369E-001  -3.5618E-001   1.4411E-001   2.1334E-003  -1.9159E-001  -2.4986E-002  -2.9211E-001  -3.6666E-001   4.1392E-003  -7.0456E-003   1.2981E-001  -4.2285E-001   9.4242E-002  -1.1047E-002   3.3247E-003   2.1962E-003  -1.3755E-001   2.2070E-001   8.5429E-001  
 5.8544E-001  -3.6520E+000   9.0892E+000   7.9591E-001  -3.8638E-001  -1.7762E-001  -3.1609E-001   1.2526E-001  -3.0552E-002  -1.1426E-001  -9.5927E-003  -2.1687E-001  -3.4738E-001   4.2300E-003  -5.7668E-003   1.4420E-001  -4.6698E-001   7.3193E-002   6.8521E-003  -1.0549E-004   5.0204E-004  -1.3081E-001   2.2930E-001   8.9341E-001  
 3.5779E-001  -3.8245E+000   9.0328E+000   6.7303E-001  -3.9443E-001  -7.6358E-002  -2.9708E-001   1.1335E-001  -4.1960E-002  -5.8904E-002   5.3244E-003  -1.3827E-001  -3.2390E-001   4.3467E-003  -3.4616E-003   1.6106E-001  -5.0616E-001   5.1429E-002   2.1059E-002  -6.7206E-004  -1.6631E-003  -1.1412E-001   2.3551E-001   9.2291E-001  
 2.2416E-001  -3.9584E+000   8.8370E+000   5.3650E-001  -3.3910E-001   4.3252E-002  -2.9003E-001   1.0686E-001  -4.0492E-002  -2.0408E-002   1.9891E-002  -5.6716E-002  -2.9574E-001   3.0513E-003  -1.2600E-003   1.7903E-001  -5.3535E-001   2.9457E-002   2.9742E-002  -6.2479E-004  -2.2571E-003  -9.1511E-002   2.3919E-001   9.6307E-001  
 2.1358E-001  -4.0590E+000   8.5338E+000   3.9629E-001  -2.3952E-001   1.4611E-001  -2.8910E-001   1.0493E-001  -3.0138E-002   5.5932E-003   3.4516E-002   2.5734E-002  -2.6053E-001   1.1425E-003   2.3252E-004   1.9479E-001  -5.5039E-001   7.6958E-003   3.2419E-002  -6.6396E-004  -2.4723E-003  -6.8195E-002   2.4125E-001   9.3344E-001  
 3.4366E-001  -4.1278E+000   8.1539E+000   2.6362E-001  -1.1832E-001   2.0925E-001  -2.8887E-001   1.0723E-001  -1.3653E-002   2.0250E-002   4.8022E-002   1.0336E-001  -2.1954E-001  -1.2146E-003   4.1532E-004   2.0643E-001  -5.5230E-001  -1.2054E-002   2.7068E-002  -6.1087E-004  -2.6359E-003  -4.5821E-002   2.4406E-001   9.7794E-001  
 6.1813E-001  -4.1655E+000   7.7202E+000   1.4379E-001   3.4854E-003   2.2553E-001  -2.8500E-001   1.1195E-001   6.0979E-003   2.3703E-002   5.7742E-002   1.7402E-001  -1.7574E-001  -3.0341E-003  -7.6528E-004   2.1525E-001  -5.4387E-001  -2.7598E-002   1.4673E-002  -5.3943E-004  -2.5403E-003  -2.2979E-002   2.5013E-001   1.0036E+000  
 1.0306E+000  -4.1704E+000   7.2557E+000   3.7213E-002   1.0375E-001   2.0156E-001  -2.7595E-001   1.1752E-001   2.6157E-002   1.5236E-002   6.0406E-002   2.3709E-001  -1.3028E-001  -3.5083E-003  -2.7304E-003   2.2293E-001  -5.2507E-001  -3.7346E-002  -3.7369E-003  -6.2024E-004  -2.3049E-003   1.9707E-003   2.5944E-001   1.0295E+000  
 1.5541E+000  -4.1404E+000   6.7947E+000  -5.9783E-002   1.5888E-001   1.6031E-001  -2.6163E-001   1.2395E-001   4.2409E-002  -6.0718E-003   5.2753E-002   2.9056E-001  -8.5902E-002  -2.5913E-003  -4.4448E-003   2.2875E-001  -4.9599E-001  -3.9723E-002  -2.4822E-002  -8.5510E-004  -1.7378E-003   2.8585E-002   2.6982E-001   1.0604E+000  
 2.1575E+000  -4.0730E+000   6.3663E+000  -1.6035E-001   1.4778E-001   1.3871E-001  -2.4112E-001   1.3168E-001   5.0726E-002  -4.0020E-002   3.1378E-002   3.3728E-001  -4.7569E-002   1.5471E-004  -4.4996E-003   2.3011E-001  -4.6119E-001  -3.3949E-002  -4.6135E-002  -2.2469E-003   2.6882E-004   5.2874E-002   2.7926E-001   1.1074E+000  
 2.8021E+000  -3.9636E+000   6.0045E+000  -2.8469E-001   4.8967E-002   1.9040E-001  -2.1543E-001   1.4163E-001   5.0076E-002  -8.6244E-002  -9.8944E-003   3.8648E-001  -2.0520E-002   1.5165E-003   1.2113E-003   2.2499E-001  -4.2989E-001  -1.7771E-002  -6.1210E-002  -9.4897E-003   1.1453E-003   6.8993E-002   2.8499E-001   1.1597E+000  
 3.4287E+000  -3.8110E+000   5.7477E+000  -4.6582E-001  -1.5929E-001   3.8611E-001  -1.9249E-001   1.5237E-001   4.2111E-002  -1.4105E-001  -8.0031E-002   4.5680E-001  -1.3302E-002  -2.7282E-003   1.7092E-002   2.1112E-001  -4.2163E-001   1.1889E-002  -6.1313E-002  -2.1766E-002  -1.6236E-003   6.9156E-002   2.8489E-001   1.1475E+000  
 3.9268E+000  -3.6465E+000   5.5444E+000  -8.1527E-001  -5.5545E-001   8.7104E-001  -2.6035E-001   1.3167E-001   5.5852E-002  -1.4471E-001  -2.1942E-001   6.1566E-001  -7.5333E-002  -1.9940E-002   8.3782E-002   1.7630E-001  -4.7922E-001   8.6048E-002  -2.4607E-002  -5.1033E-002  -4.9696E-003   5.8994E-002   2.7830E-001   1.3852E+000  
 1.9480E+000  -2.3935E+000   7.0497E+000   1.3713E+000   1.6462E-001  -8.7168E-003  -1.0404E+000   5.0738E-001   6.0818E-002  -7.8638E-001   1.7354E-001  -5.8299E-001  -7.2887E-001  -1.8336E-002   6.3066E-002   2.2499E-001  -6.1161E-001   5.8754E-002  -3.0916E-003   1.3987E-002   1.1111E-002  -6.1786E-002   1.2518E-001   1.1285E+000  
 1.3960E+000  -3.0684E+000   8.2296E+000   9.5115E-001   4.6060E-002  -6.8357E-002  -4.9031E-001   2.3339E-001  -4.8099E-002  -3.9850E-001  -4.3530E-002  -3.3771E-001  -4.6702E-001  -2.9665E-004   5.6656E-003   1.0474E-001  -3.8580E-001   1.1865E-001   2.5384E-003   1.0065E-002   1.4813E-002  -1.1933E-001   2.0676E-001   7.4200E-001  
 1.1322E+000  -3.4413E+000   8.6768E+000   8.9983E-001  -2.1474E-001  -1.4172E-001  -3.8728E-001   1.8180E-001  -9.0004E-002  -2.4284E-001  -3.5253E-002  -2.5714E-001  -4.3862E-001   4.9289E-003  -3.1632E-003   1.0851E-001  -4.1218E-001   1.0570E-001   2.0957E-002   2.4545E-003   8.3565E-003  -1.2951E-001   2.2316E-001   8.4387E-001  
 8.9576E-001  -3.7353E+000   8.8613E+000   8.2335E-001  -3.6616E-001  -1.0304E-001  -3.3586E-001   1.5273E-001  -1.0363E-001  -1.3608E-001  -2.0072E-002  -1.7948E-001  -4.1887E-001   6.2228E-003  -3.6403E-003   1.2257E-001  -4.5139E-001   8.2199E-002   3.6553E-002  -1.1924E-003   2.9457E-003  -1.2726E-001   2.3393E-001   9.0016E-001  
 7.1215E-001  -3.9671E+000   8.8532E+000   7.1878E-001  -4.1158E-001  -7.5566E-004  -3.0852E-001   1.3426E-001  -9.8244E-002  -6.0054E-002  -6.0757E-003  -9.9538E-002  -3.9477E-001   5.8188E-003  -2.2661E-003   1.3978E-001  -4.8743E-001   5.6641E-002   4.7710E-002  -2.3910E-003  -1.0174E-003  -1.1619E-001   2.4292E-001   9.5101E-001  
 6.1172E-001  -4.1470E+000   8.6994E+000   5.9742E-001  -3.7449E-001   1.1858E-001  -2.9540E-001   1.2350E-001  -8.0156E-002  -7.5045E-003   7.3829E-003  -1.8545E-002  -3.6515E-001   4.1271E-003   4.2635E-004   1.5859E-001  -5.1620E-001   2.9501E-002   5.3908E-002  -1.1731E-003  -2.5015E-003  -9.7772E-002   2.5002E-001   1.0122E+000  
 6.2093E-001  -4.2814E+000   8.4339E+000   4.6924E-001  -2.8014E-001   2.2129E-001  -2.8938E-001   1.1922E-001  -5.4655E-002   2.7190E-002   2.0113E-002   6.2976E-002  -3.2938E-001   1.0835E-003   1.7356E-003   1.7762E-001  -5.3404E-001   2.8149E-003   5.2955E-002  -7.4714E-004  -2.8606E-003  -7.5305E-002   2.5586E-001   1.0257E+000  
 7.5573E-001  -4.3723E+000   8.0899E+000   3.4342E-001  -1.5725E-001   2.8409E-001  -2.8529E-001   1.1996E-001  -2.3879E-002   4.6386E-002   3.0613E-002   1.4044E-001  -2.8722E-001  -2.1370E-003   1.5690E-003   1.9393E-001  -5.3913E-001  -2.1629E-002   4.4372E-002  -5.3608E-004  -2.9084E-003  -5.2071E-002   2.6166E-001   1.0325E+000  
 1.0197E+000  -4.4215E+000   7.6927E+000   2.2447E-001  -3.4190E-002   3.0017E-001  -2.7905E-001   1.2429E-001   9.9924E-003   5.0737E-002   3.6724E-002   2.1137E-001  -2.4083E-001  -4.6965E-003  -1.9817E-004   2.0766E-001  -5.3297E-001  -4.1642E-002   2.8192E-002  -3.5503E-004  -2.8041E-003  -2.7874E-002   2.6889E-001   1.0782E+000  
 1.4069E+000  -4.4276E+000   7.2671E+000   1.1202E-001   6.0066E-002   2.7658E-001  -2.6859E-001   1.3142E-001   4.4424E-002   3.9399E-002   3.5792E-002   2.7411E-001  -1.9227E-001  -5.7230E-003  -3.0028E-003   2.1884E-001  -5.1589E-001  -5.4839E-002   5.6175E-003  -1.0211E-004  -2.3318E-003  -2.5073E-003   2.7750E-001   1.1178E+000  
 1.8915E+000  -4.3881E+000   6.8474E+000   1.4438E-003   9.4863E-002   2.3580E-001  -2.5286E-001   1.4057E-001   7.4923E-002   1.1938E-002   2.4179E-002   3.2753E-001  -1.4699E-001  -4.0587E-003  -5.9149E-003   2.2576E-001  -4.9073E-001  -5.9156E-002  -2.0816E-002   5.7997E-004  -5.5885E-004   2.1950E-002   2.8636E-001   1.1330E+000  
 2.4440E+000  -4.2993E+000   6.4630E+000  -1.2088E-001   4.1800E-002   2.1634E-001  -2.3221E-001   1.5213E-001   9.9545E-002  -3.0119E-002  -2.5762E-003   3.7706E-001  -1.1106E-001   5.7760E-004  -4.0516E-003   2.2646E-001  -4.6393E-001  -5.0570E-002  -4.6555E-002  -2.3928E-003   4.9061E-003   4.1281E-002   2.9321E-001   1.1679E+000  
 3.0278E+000  -4.1555E+000   6.1492E+000  -2.7508E-001  -1.2790E-001   2.7062E-001  -2.0661E-001   1.6638E-001   1.1613E-001  -8.7521E-002  -4.9638E-002   4.3077E-001  -9.0497E-002   6.0156E-003   5.1977E-003   2.1955E-001  -4.4279E-001  -2.8200E-002  -6.6773E-002  -1.1087E-002   1.0880E-002   5.3161E-002   2.9712E-001   1.1726E+000  
 3.5841E+000  -3.9572E+000   5.9396E+000  -4.9736E-001  -4.4483E-001   4.7227E-001  -1.8957E-001   1.7943E-001   1.2746E-001  -1.5357E-001  -1.2885E-001   5.0884E-001  -9.8355E-002   6.5595E-003   2.8328E-002   2.0121E-001  -4.4702E-001   1.2129E-002  -7.1209E-002  -2.6662E-002   1.1791E-002   5.1764E-002   2.9484E-001   1.1924E+000  
 3.7292E+000  -3.9041E+000   5.3999E+000  -1.2274E+000  -1.2143E+000   1.1662E+000  -5.8566E-001   3.6951E-002   2.1109E-001  -2.3609E-002  -4.4974E-001   8.4325E-001  -3.2000E-001   2.4450E-003   1.3012E-001   1.1891E-001  -7.2366E-001   1.2658E-001  -8.2062E-003  -3.5099E-002   8.0552E-003   1.1089E-002   2.5172E-001   2.1560E+000  
 1.2552E+000  -3.6630E+000   8.5588E+000   8.2403E-001  -2.4013E-001  -9.5835E-002  -3.6657E-001   2.0089E-001  -2.0705E-001  -1.4550E-001  -3.5627E-002  -1.4515E-001  -4.8533E-001   4.4832E-003   3.8668E-004   1.0066E-001  -4.3689E-001   8.2811E-002   6.9610E-002  -5.7853E-003   7.2165E-003  -1.1726E-001   2.4071E-001   9.2408E-001  
 1.1224E+000  -3.9629E+000   8.6158E+000   7.3997E-001  -3.4665E-001   6.5346E-003  -3.2722E-001   1.7271E-001  -1.7667E-001  -4.5852E-002  -2.2611E-002  -6.4035E-002  -4.6009E-001   5.1523E-003   1.2088E-003   1.1693E-001  -4.6871E-001   5.4297E-002   7.8253E-002  -5.5583E-003   9.5860E-004  -1.1086E-001   2.5203E-001   9.7514E-001  
 1.0614E+000  -4.1938E+000   8.5179E+000   6.3717E-001  -3.5487E-001   1.2599E-001  -3.0557E-001   1.5670E-001  -1.3691E-001   2.3328E-002  -9.9357E-003   1.7986E-002  -4.3066E-001   3.3302E-003   1.9859E-003   1.3711E-001  -4.9619E-001   2.3958E-002   8.0055E-002  -4.1853E-003  -3.5050E-003  -9.6224E-002   2.6176E-001   1.0334E+000  
 1.0938E+000  -4.3661E+000   8.3037E+000   5.2149E-001  -2.9318E-001   2.2781E-001  -2.9254E-001   1.4816E-001  -8.9144E-002   6.8361E-002   2.1046E-004   9.8463E-002  -3.9357E-001   4.1108E-004   3.2465E-003   1.5682E-001  -5.1405E-001  -6.7152E-003   7.5887E-002  -1.5080E-003  -4.8691E-003  -7.7386E-002   2.7042E-001   1.1147E+000  
 1.2340E+000  -4.4810E+000   8.0078E+000   4.0268E-001  -1.9717E-001   2.8996E-001  -2.8316E-001   1.4639E-001  -3.7749E-002   9.2213E-002   7.1514E-003   1.7461E-001  -3.5110E-001  -3.6093E-003   2.7362E-003   1.7571E-001  -5.2130E-001  -3.5195E-002   6.3295E-002  -1.6988E-004  -4.6306E-003  -5.5286E-002   2.7844E-001   1.0803E+000  
 1.4851E+000  -4.5414E+000   7.6589E+000   2.8358E-001  -1.0170E-001   3.0592E-001  -2.7309E-001   1.4989E-001   1.5629E-002   9.7072E-002   8.9316E-003   2.4446E-001  -3.0477E-001  -6.6992E-003  -4.9270E-005   1.9233E-001  -5.1789E-001  -5.8627E-002   4.2531E-002   1.0399E-003  -4.2916E-003  -3.1662E-002   2.8670E-001   1.1320E+000  
 1.8413E+000  -4.5467E+000   7.2834E+000   1.6191E-001  -4.3016E-002   2.8295E-001  -2.6003E-001   1.5779E-001   6.8769E-002   8.3278E-002   2.8598E-003   3.0648E-001  -2.5821E-001  -6.5275E-003  -4.2366E-003   2.0446E-001  -5.0541E-001  -7.3671E-002   1.4130E-002   3.6013E-003  -2.3605E-003  -8.7490E-003   2.9477E-001   1.1703E+000  
 2.2789E+000  -4.4932E+000   6.9167E+000   3.3710E-002  -5.7491E-002   2.4449E-001  -2.4257E-001   1.6986E-001   1.1933E-001   5.1185E-002  -1.4446E-002   3.6144E-001  -2.1668E-001  -2.3584E-003  -6.3394E-003   2.1171E-001  -4.8693E-001  -7.6699E-002  -1.7669E-002   4.9247E-003   3.5363E-003   1.2186E-002   3.0170E-001   1.1905E+000  
 2.7696E+000  -4.3779E+000   6.5890E+000  -1.1650E-001  -1.8130E-001   2.2804E-001  -2.2140E-001   1.8467E-001   1.6442E-001   1.5277E-003  -4.8652E-002   4.1401E-001  -1.8873E-001   6.1226E-003  -3.2745E-003   2.1053E-001  -4.7014E-001  -6.4379E-002  -4.9548E-002   2.3224E-003   1.2769E-002   2.6848E-002   3.0652E-001   1.2069E+000  
 1.6316E+000  -3.3722E+000   8.1659E+000   7.9442E-001  -3.5609E-003  -2.1319E-001  -4.2096E-001   2.8809E-001  -3.5622E-001  -1.4184E-001  -5.2533E-002  -1.1764E-001  -5.5744E-001  -9.0352E-003   2.6570E-003   8.4961E-002  -4.3050E-001   6.8874E-002   9.7463E-002  -1.7214E-002   1.2001E-002  -1.0133E-001   2.4552E-001   9.4171E-001  
 1.5455E+000  -3.7576E+000   8.3124E+000   7.2333E-001  -1.9105E-001  -1.1294E-001  -3.5938E-001   2.3997E-001  -2.8795E-001  -1.1719E-002  -4.4780E-002  -3.6133E-002  -5.2452E-001  -3.3088E-003   1.4251E-003   9.5249E-002  -4.5393E-001   4.1048E-002   1.0522E-001  -1.5931E-002   6.3798E-004  -9.9263E-002   2.6065E-001   1.0008E+000  
 1.5231E+000  -4.0501E+000   8.2887E+000   6.3590E-001  -2.7162E-001   3.5675E-003  -3.2358E-001   2.1188E-001  -2.1498E-001   7.6532E-002  -3.6034E-002   4.4791E-002  -4.9247E-001  -2.4798E-003   2.1956E-003   1.1229E-001  -4.7729E-001   8.8610E-003   1.0513E-001  -1.1099E-002  -6.4644E-003  -8.9623E-002   2.7293E-001   1.0628E+000  
 1.5798E+000  -4.2642E+000   8.1405E+000   5.3361E-001  -2.7600E-001   1.0388E-001  -3.0144E-001   1.9716E-001  -1.3873E-001   1.3357E-001  -2.8854E-002   1.2472E-001  -4.5645E-001  -4.4936E-003   1.7195E-003   1.3251E-001  -4.9477E-001  -2.4160E-002   9.5919E-002  -5.8142E-003  -1.0242E-002  -7.3851E-002   2.8320E-001   1.1371E+000  
 1.7255E+000  -4.4048E+000   7.9067E+000   4.2098E-001  -2.4096E-001   1.6592E-001  -2.8490E-001   1.9253E-001  -6.0555E-002   1.6472E-001  -2.5328E-002   2.0036E-001  -4.1581E-001  -6.3866E-003  -8.2681E-004   1.5214E-001  -5.0342E-001  -5.3751E-002   7.8008E-002   2.7019E-005  -1.1951E-002  -5.4950E-002   2.9269E-001   1.1713E+000  
 1.9621E+000  -4.4761E+000   7.6187E+000   2.9950E-001  -2.0817E-001   1.8288E-001  -2.6987E-001   1.9526E-001   1.8343E-002   1.7254E-001  -2.8097E-002   2.6966E-001  -3.7343E-001  -6.4057E-003  -4.8370E-003   1.6909E-001  -5.0389E-001  -7.7173E-002   5.1158E-002   6.4064E-003  -1.0172E-002  -3.4694E-002   3.0095E-001   1.1661E+000  
 2.2837E+000  -4.4774E+000   7.3064E+000   1.6683E-001  -2.1955E-001   1.6218E-001  -2.5271E-001   2.0381E-001   9.7126E-002   1.5793E-001  -4.0446E-002   3.3219E-001  -3.3272E-001  -2.6134E-003  -9.2515E-003   1.8200E-001  -4.9725E-001  -9.0903E-002   1.7042E-002   1.2762E-002  -4.7454E-003  -1.4398E-002   3.0875E-001   1.2182E+000  
 2.6682E+000  -4.4063E+000   7.0049E+000   1.5819E-002  -3.1903E-001   1.2770E-001  -2.3384E-001   2.1748E-001   1.7248E-001   1.2304E-001  -6.5851E-002   3.8898E-001  -3.0144E-001   7.4564E-003  -1.0676E-002   1.8738E-001  -4.8790E-001  -8.9655E-002  -2.1704E-002   1.7291E-002   6.3855E-003   2.1610E-003   3.1413E-001   1.2510E+000  
 3.0891E+000  -4.2605E+000   6.7446E+000  -1.7048E-001  -5.5000E-001   1.1813E-001  -2.1467E-001   2.3416E-001   2.4374E-001   7.0132E-002  -1.1011E-001   4.4633E-001  -2.8948E-001   2.3433E-002  -3.2054E-003   1.8225E-001  -4.8373E-001  -6.9418E-002  -5.9935E-002   1.4315E-002   2.2823E-002   1.2561E-002   3.1645E-001   1.3414E+000  
 2.3786E+000  -2.3316E+000   7.3442E+000   1.1054E+000  -4.0868E-002  -3.7262E-001  -7.4823E-001   7.4308E-001  -7.9696E-001  -1.7753E-001   9.9197E-002  -4.7380E-002  -8.8400E-001  -8.9801E-002  -5.1518E-002   2.1793E-001  -5.8349E-001   2.2361E-003   6.3185E-002  -2.8648E-002   7.4659E-003  -5.2852E-002   2.1813E-001   1.8275E+000  
 1.9973E+000  -3.2148E+000   7.8962E+000   7.1646E-001   8.8107E-003  -3.8096E-001  -4.4154E-001   4.1320E-001  -4.9450E-001   6.3860E-002  -4.7431E-002   1.4177E-002  -6.3498E-001  -2.6582E-002  -3.4708E-002   1.0537E-001  -4.5919E-001   2.2744E-002   9.5783E-002  -3.7562E-002  -1.2852E-002  -8.2283E-002   2.6792E-001   1.1420E+000  
 1.9660E+000  -3.6425E+000   7.9979E+000   5.8729E-001  -1.2920E-001  -3.0766E-001  -3.5941E-001   3.1195E-001  -3.3230E-001   1.6492E-001  -6.7464E-002   6.4485E-002  -5.6246E-001  -1.4605E-002  -8.5367E-003   9.3020E-002  -4.6511E-001  -1.4266E-002   1.1853E-001  -2.2327E-002  -1.5755E-002  -7.6879E-002   2.8064E-001   1.1019E+000  
 2.0427E+000  -3.9089E+000   7.9363E+000   4.9258E-001  -2.3280E-001  -2.1129E-001  -3.2224E-001   2.8525E-001  -2.1531E-001   2.3803E-001  -6.5204E-002   1.4274E-001  -5.2618E-001  -1.1143E-002  -1.0601E-002   1.0968E-001  -4.8039E-001  -4.6364E-002   1.0523E-001  -1.1032E-002  -2.3432E-002  -6.5125E-002   2.9288E-001   1.1371E+000  
 2.1903E+000  -4.0813E+000   7.7817E+000   3.8137E-001  -2.9622E-001  -1.5161E-001  -2.9541E-001   2.7260E-001  -1.0067E-001   2.7813E-001  -6.7954E-002   2.1582E-001  -4.8983E-001  -7.8096E-003  -1.4237E-002   1.2572E-001  -4.9077E-001  -7.5029E-002   8.1745E-002   2.2818E-003  -2.5402E-002  -5.1104E-002   3.0319E-001   1.2106E+000  
 2.4093E+000  -4.1657E+000   7.5712E+000   2.5329E-001  -3.6478E-001  -1.3425E-001  -2.7285E-001   2.7112E-001   1.2835E-002   2.9053E-001  -7.7775E-002   2.8348E-001  -4.5388E-001  -1.8118E-003  -1.8736E-002   1.3950E-001  -4.9450E-001  -9.6224E-002   4.9219E-002   1.6015E-002  -2.1508E-002  -3.5813E-002   3.1174E-001   1.2459E+000  
 2.6936E+000  -4.1616E+000   7.3366E+000   1.0448E-001  -4.8746E-001  -1.5076E-001  -2.5122E-001   2.7941E-001   1.2465E-001   2.7808E-001  -9.7522E-002   3.4682E-001  -4.2451E-001   9.4129E-003  -2.2450E-002   1.4988E-001  -4.9491E-001  -1.0523E-001   8.3908E-003   2.7827E-002  -1.0637E-002  -2.0010E-002   3.1841E-001   1.3210E+000  
 3.0129E+000  -4.0812E+000   7.1064E+000  -8.5709E-002  -7.2440E-001  -1.8314E-001  -2.3795E-001   2.8300E-001   2.2212E-001   2.4554E-001  -1.3782E-001   4.0307E-001  -4.1972E-001   3.3632E-002  -2.6070E-002   1.4707E-001  -4.9968E-001  -9.4525E-002  -4.3059E-002   3.8710E-002   7.0036E-003  -7.8585E-003   3.2958E-001   1.5166E+000  
 3.1689E+000  -4.1033E+000   6.7260E+000  -4.9364E-001  -1.3340E+000  -1.9093E-001  -3.8430E-001   1.8088E-001   2.1377E-001   2.8542E-001  -2.7184E-001   5.1445E-001  -5.8157E-001   1.0536E-001  -2.6031E-002   1.0959E-001  -6.2976E-001  -6.2699E-003  -1.0757E-001   2.9141E-002   1.9506E-002  -9.0017E-003   3.0585E-001   2.1932E+000  
