 3.3907E+000   7.5324E-001   2.6766E-001   2.1602E-002  -5.0076E-001  -6.5377E-001  -2.7168E-001  -2.3171E-001  -2.9281E-001   4.3170E-001  -1.4490E-001  -1.6478E-001   6.1089E-002  -3.3754E-001  -8.0893E-001   4.0936E-002   7.6391E-003   1.4145E-001   1.6997E-001  -2.3070E-001   1.0804E+000  -1.2625E-002   1.4371E-001   4.7226E-001  
 2.7661E+000   1.5196E+000   6.7067E-001  -1.9584E-001  -6.2074E-001  -6.1716E-001  -4.4401E-004   1.1340E-002   5.6355E-003   5.5820E-002  -1.9347E-001  -1.2278E-001  -1.0486E-001  -1.0524E-001  -7.2159E-001   1.0776E-001   3.9487E-002   7.3484E-002   1.6248E-001  -2.4452E-001   9.9082E-001  -1.6068E-002   1.7376E-001   6.2226E-001  
 2.7583E+000   1.5205E+000   4.7294E-001   1.1622E-002  -2.5967E-001  -3.7931E-001  -2.6357E-002  -1.3800E-001  -5.6501E-002  -1.3128E-001  -1.1461E-001   1.4955E-003  -1.5035E-002  -3.0545E-002  -5.6368E-001   4.7128E-002   2.1299E-002   4.8141E-002   6.4549E-002  -2.1602E-001   9.1034E-001  -2.3417E-002   2.0467E-001   8.2480E-001  
 2.6713E+000   1.6215E+000   2.7517E-001   6.0252E-002  -1.2224E-001  -2.9959E-001  -1.4494E-003  -1.4301E-001   3.3194E-002  -2.1386E-001  -9.2542E-002   2.9497E-002  -1.7112E-002   3.7857E-002  -5.3179E-001   2.5199E-002   1.8330E-002   5.2633E-002   3.6331E-002  -2.1254E-001   9.0432E-001  -1.9026E-002   2.0910E-001   8.2516E-001  
 2.6488E+000   1.6394E+000   4.5007E-002   9.1453E-002  -3.4257E-002  -2.5746E-001   1.9100E-002  -1.5745E-001   1.2461E-001  -2.6714E-001  -7.8635E-002   5.2358E-002  -2.4924E-002   1.0915E-001  -5.0484E-001   1.9641E-003   1.5021E-002   5.1028E-002   1.0588E-002  -2.1135E-001   9.0021E-001  -1.0322E-002   2.1302E-001   8.1121E-001  
 2.6933E+000   1.5807E+000  -1.8314E-001   1.0145E-001   5.1752E-002  -2.6087E-001   3.9948E-002  -1.7798E-001   2.1765E-001  -2.9243E-001  -7.5452E-002   6.6323E-002  -3.5884E-002   1.8406E-001  -4.8346E-001  -1.4704E-002   1.1592E-002   4.3141E-002  -1.1617E-002  -2.1261E-001   8.9881E-001  -3.2145E-003   2.1520E-001   7.7688E-001  
 2.7991E+000   1.4477E+000  -3.7911E-001   8.1521E-002   1.8828E-001  -3.0418E-001   6.2586E-002  -2.0122E-001   3.0744E-001  -2.8958E-001  -8.6866E-002   6.9057E-002  -4.0348E-002   2.6430E-001  -4.6682E-001  -1.7272E-002   3.6357E-003   2.7797E-002  -3.2297E-002  -2.1629E-001   9.0157E-001  -2.9161E-003   2.1423E-001   7.5640E-001  
 3.0458E+000   1.0984E+000  -4.6548E-001   1.2266E-001   3.4552E-001  -2.4521E-001   1.2191E-001  -3.4203E-001   4.8511E-001  -3.3881E-001  -7.9619E-002   1.4157E-001  -7.8674E-002   3.8660E-001  -5.4599E-001  -3.6397E-002  -3.7628E-003  -3.5915E-002  -8.1623E-003  -2.2507E-001   9.7396E-001  -1.2683E-002   1.9036E-001   6.9321E-001  
 2.8466E+000   1.1891E+000  -8.9829E-001  -2.8943E-001   1.2193E+000  -2.3777E-001  -9.8534E-002  -1.5526E-001   3.2862E-001  -5.8961E-001  -2.2669E-001   1.6547E-001   1.7652E-001   7.2360E-001  -5.9601E-001   8.3339E-002  -6.8874E-002  -1.8578E-001  -7.1476E-002  -2.8902E-001   1.0852E+000  -2.0162E-002   1.4328E-001   5.5998E-001  
 2.7330E+000   1.3315E+000   8.9881E-001   4.0064E-002  -3.5215E-001  -1.8307E-001  -9.3246E-002  -1.1921E-001  -1.6998E-001   1.6528E-001  -1.0214E-001  -1.9917E-002   2.9032E-002  -1.7715E-001  -5.1954E-001   3.4916E-002   3.2288E-003   1.7076E-003   6.9452E-002  -2.2056E-001   9.0538E-001  -1.8376E-002   2.0792E-001   7.8444E-001  
 2.4901E+000   1.5665E+000   8.0821E-001   9.6306E-002  -1.3037E-001  -1.0915E-001  -4.9093E-002  -9.7918E-002  -1.1254E-001   3.4304E-002  -7.1595E-002   8.1773E-003   2.6391E-002  -1.0722E-001  -4.8684E-001   2.6910E-002   6.4878E-003   1.1014E-002   5.1109E-002  -2.1683E-001   8.9751E-001  -2.4800E-002   2.1087E-001   8.5792E-001  
 2.2980E+000   1.7203E+000   6.0571E-001   1.3600E-001  -2.1441E-002  -1.9346E-002  -2.3575E-002  -9.0378E-002  -5.3780E-002  -5.8452E-002  -4.6242E-002   3.3431E-002   2.2828E-002  -4.1455E-002  -4.5763E-001   1.1782E-002   5.4753E-003   2.0773E-002   2.9050E-002  -2.1293E-001   8.9312E-001  -2.4075E-002   2.1358E-001   8.9963E-001  
 2.1737E+000   1.8066E+000   3.3519E-001   1.6120E-001   4.8373E-003   5.1760E-002  -5.8794E-003  -8.8859E-002   8.8827E-003  -1.2265E-001  -2.9317E-002   5.2804E-002   1.2312E-002   2.5705E-002  -4.3177E-001  -4.9974E-003   4.2303E-003   2.7808E-002   8.4197E-003  -2.1071E-001   8.8934E-001  -1.7204E-002   2.1677E-001   9.1976E-001  
 2.1321E+000   1.8320E+000   3.6211E-002   1.7286E-001  -1.3182E-002   8.0488E-002   9.3309E-003  -8.9716E-002   7.4545E-002  -1.5970E-001  -2.3076E-002   6.1772E-002  -5.7830E-003   9.3354E-002  -4.1126E-001  -1.6078E-002   5.4424E-003   3.2508E-002  -7.1933E-003  -2.1043E-001   8.8786E-001  -1.0390E-002   2.1846E-001   8.5622E-001  
 2.1794E+000   1.7959E+000  -2.6230E-001   1.7510E-001  -3.0568E-002   6.3323E-002   2.3923E-002  -9.6343E-002   1.3775E-001  -1.7381E-001  -2.5139E-002   6.3357E-002  -2.4891E-002   1.6313E-001  -3.9240E-001  -2.2970E-002   6.6529E-003   3.1878E-002  -2.1096E-002  -2.1136E-001   8.8646E-001  -4.6911E-003   2.1995E-001   7.9905E-001  
 2.3127E+000   1.6946E+000  -5.3037E-001   1.6618E-001  -5.6302E-003   9.4031E-003   4.1730E-002  -1.1133E-001   1.9816E-001  -1.6667E-001  -3.4764E-002   6.0526E-002  -4.1496E-002   2.3680E-001  -3.7749E-001  -2.6150E-002   6.0544E-003   2.3184E-002  -3.1636E-002  -2.1300E-001   8.8757E-001  -1.1273E-003   2.1978E-001   7.8471E-001  
 2.5125E+000   1.5309E+000  -7.3529E-001   1.3198E-001   1.0808E-001  -6.0456E-002   6.2430E-002  -1.3005E-001   2.4757E-001  -1.3817E-001  -5.7037E-002   5.2527E-002  -4.3819E-002   3.1650E-001  -3.6541E-001  -1.7618E-002  -3.0684E-003   4.7026E-003  -4.2863E-002  -2.1670E-001   8.9206E-001  -5.1606E-003   2.1685E-001   8.0579E-001  
 2.7517E+000   1.3032E+000  -8.4762E-001   5.5203E-002   3.5795E-001  -1.1020E-001   8.4566E-002  -1.4799E-001   2.7886E-001  -9.1590E-002  -9.6891E-002   4.3847E-002  -2.0096E-002   4.0758E-001  -3.5903E-001   4.2735E-003  -2.5160E-002  -2.7823E-002  -5.6497E-002  -2.2125E-001   9.0373E-001  -1.3863E-002   2.0958E-001   7.8327E-001  
 2.3402E+000   1.4022E+000   1.1411E+000   1.4380E-001  -3.0607E-002  -2.2292E-002  -6.8919E-002  -8.1667E-002  -1.1618E-001   1.6079E-001  -4.5138E-002   1.2362E-004   5.7085E-002  -1.8793E-001  -4.1812E-001   2.2346E-003  -1.0396E-002  -1.9227E-002   3.4410E-002  -2.1568E-001   8.8912E-001  -1.3305E-002   2.1722E-001   8.6351E-001  
 2.0353E+000   1.5854E+000   9.7744E-001   1.7242E-001   9.6213E-002   4.5262E-002  -3.6799E-002  -6.4937E-002  -8.1851E-002   5.9958E-002  -1.7438E-002   2.2737E-002   5.1299E-002  -1.2116E-001  -3.9395E-001  -4.9777E-003  -7.6893E-003  -7.4681E-003   2.1779E-002  -2.1331E-001   8.8887E-001  -1.7961E-002   2.1665E-001   9.0713E-001  
 1.7912E+000   1.7104E+000   7.1462E-001   1.8307E-001   1.2038E-001   1.2826E-001  -1.6420E-002  -5.3530E-002  -3.9996E-002  -1.1803E-002   8.0747E-004   3.9539E-002   3.8473E-002  -5.4829E-002  -3.7445E-001  -1.0899E-002  -4.9673E-003   3.9717E-003   1.0618E-002  -2.1320E-001   8.9161E-001  -2.0090E-002   2.1474E-001   9.1382E-001  
 1.6337E+000   1.7816E+000   3.8743E-001   1.8791E-001   7.5239E-002   1.9398E-001  -3.5547E-003  -4.8273E-002   3.2763E-003  -6.0629E-002   1.2268E-002   5.1152E-002   2.2066E-002   1.1718E-002  -3.5537E-001  -1.8196E-002  -3.3064E-003   1.3253E-002  -1.1977E-003  -2.1299E-001   8.9344E-001  -1.7447E-002   2.1384E-001   8.8849E-001  
 1.5808E+000   1.8034E+000   3.3498E-002   1.9096E-001  -5.5734E-003   2.1982E-001   6.3481E-003  -4.7262E-002   4.6239E-002  -8.9600E-002   1.6213E-002   5.6285E-002   1.2406E-003   7.9202E-002  -3.3714E-001  -2.3725E-002   1.9992E-004   1.8513E-002  -1.1170E-002  -2.1326E-001   8.9335E-001  -1.3667E-002   2.1417E-001   8.7728E-001  
 1.6373E+000   1.7777E+000  -3.1948E-001   1.9414E-001  -8.6666E-002   1.9892E-001   1.6419E-002  -5.0732E-002   8.7333E-002  -9.9561E-002   1.3552E-002   5.4351E-002  -2.2042E-002   1.4727E-001  -3.2049E-001  -2.6724E-002   5.2958E-003   2.0078E-002  -1.8193E-002  -2.1344E-001   8.9222E-001  -9.8601E-003   2.1514E-001   8.0463E-001  
 1.7987E+000   1.7033E+000  -6.4538E-001   1.9387E-001  -1.3079E-001   1.3824E-001   2.8871E-002  -5.8828E-002   1.2233E-001  -9.0384E-002   3.7446E-003   4.5764E-002  -4.2083E-002   2.1694E-001  -3.0392E-001  -2.5570E-002   8.4886E-003   1.7068E-002  -2.4289E-002  -2.1400E-001   8.8957E-001  -7.9294E-003   2.1694E-001   8.4782E-001  
 2.0455E+000   1.5788E+000  -9.1095E-001   1.8050E-001  -1.0027E-001   6.0916E-002   4.5548E-002  -7.0893E-002   1.4684E-001  -6.2698E-002  -1.5390E-002   3.3439E-002  -5.1907E-002   2.8937E-001  -2.8894E-001  -1.7979E-002   4.8423E-003   6.6114E-003  -2.9977E-002  -2.1475E-001   8.8769E-001  -1.0574E-002   2.1778E-001   8.6837E-001  
 2.3505E+000   1.4007E+000  -1.0855E+000   1.3939E-001   4.1838E-002   3.1318E-003   6.7670E-002  -8.5449E-002   1.5534E-001  -1.7762E-002  -4.7506E-002   2.1406E-002  -4.3950E-002   3.6910E-001  -2.7780E-001  -2.2121E-003  -9.3239E-003  -1.5111E-002  -3.6073E-002  -2.1685E-001   8.9060E-001  -1.7485E-002   2.1536E-001   8.6468E-001  
 2.4826E+000   9.0952E-001   1.7529E+000  -4.8072E-001  -1.1661E+000   8.4183E-001   9.1329E-002  -1.1071E-002  -1.8036E-001   3.7328E-001  -2.7499E-001   1.0584E-001  -3.4980E-002  -5.6169E-001  -4.0612E-001   6.7036E-002   1.2847E-001  -4.8435E-004  -5.9706E-002  -2.2562E-001   1.0369E+000  -2.3771E-002   1.3661E-001   5.1771E-001  
 2.7545E+000   8.5545E-001   1.3042E+000   8.8114E-002  -3.0103E-001   1.2535E-001  -1.6304E-001  -1.1025E-001  -7.3464E-002   4.0264E-001  -8.2639E-002  -3.2373E-002   7.3907E-002  -3.5996E-001  -3.8886E-001  -9.6926E-003  -1.6157E-002  -4.0862E-002   8.6450E-003  -2.1555E-001   8.9973E-001  -3.1576E-003   2.1535E-001   7.4298E-001  
 2.3442E+000   1.1125E+000   1.4110E+000   1.5955E-001  -1.6397E-002  -3.1398E-003  -9.3237E-002  -7.3570E-002  -7.6297E-002   2.5451E-001  -3.8319E-002  -2.2383E-002   7.0690E-002  -2.7572E-001  -3.5910E-001  -1.2478E-002  -2.3352E-002  -3.5700E-002   1.6701E-002  -2.1321E-001   8.8721E-001  -1.4538E-003   2.2043E-001   7.9592E-001  
 1.9372E+000   1.3062E+000   1.3297E+000   1.8606E-001   1.4878E-001  -5.1720E-003  -4.8696E-002  -5.0275E-002  -6.7315E-002   1.4643E-001  -7.3461E-003  -2.9529E-003   6.3130E-002  -2.0327E-001  -3.3738E-001  -1.3645E-002  -1.8421E-002  -2.6592E-002   1.5264E-002  -2.1392E-001   8.8776E-001  -9.4950E-003   2.1829E-001   8.5100E-001  
 1.5744E+000   1.4442E+000   1.1112E+000   1.8935E-001   2.0923E-001   5.9058E-002  -2.3580E-002  -3.6915E-002  -4.9691E-002   6.8800E-002   1.6257E-002   1.6628E-002   5.3823E-002  -1.3616E-001  -3.1851E-001  -1.7663E-002  -1.4003E-002  -1.5786E-002   9.0891E-003  -2.1428E-001   8.9277E-001  -1.5074E-002   2.1443E-001   8.9258E-001  
 1.2864E+000   1.5376E+000   7.9953E-001   1.8165E-001   1.8667E-001   1.4028E-001  -9.3454E-003  -2.8385E-002  -2.5104E-002   1.4254E-002   3.2189E-002   3.0950E-002   4.0457E-002  -7.0162E-002  -3.0242E-001  -2.1381E-002  -1.0810E-002  -4.4600E-003   2.8556E-003  -2.1535E-001   8.9932E-001  -1.7263E-002   2.0986E-001   8.6791E-001  
 1.1005E+000   1.5922E+000   4.2877E-001   1.7238E-001   1.0578E-001   2.0426E-001  -5.4540E-005  -2.3078E-002   2.4372E-003  -2.3141E-002   4.0438E-002   3.9665E-002   2.2350E-002  -3.0171E-003  -2.8644E-001  -2.3426E-002  -6.4292E-003   4.0093E-003  -2.8021E-003  -2.1635E-001   9.0389E-001  -1.8280E-002   2.0664E-001   8.3704E-001  
 1.0380E+000   1.6100E+000   3.3244E-002   1.6870E-001  -3.3038E-003   2.2829E-001   6.1828E-003  -2.1436E-002   2.8827E-002  -4.5085E-002   4.3060E-002   4.2347E-002   1.6324E-003   6.4252E-002  -2.7004E-001  -2.4195E-002  -7.9093E-004   9.5534E-003  -7.9514E-003  -2.1670E-001   9.0531E-001  -1.8398E-002   2.0566E-001   7.9936E-001  
 1.1035E+000   1.5923E+000  -3.6197E-001   1.7317E-001  -1.1169E-001   2.0541E-001   1.1901E-002  -2.3141E-002   5.1670E-002  -5.2281E-002   4.0205E-002   3.8449E-002  -1.9911E-002   1.3178E-001  -2.5327E-001  -2.3740E-002   5.4591E-003   1.1977E-002  -1.2277E-002  -2.1647E-001   9.0368E-001  -1.7563E-002   2.0677E-001   7.6229E-001  
 1.2922E+000   1.5377E+000  -7.3210E-001   1.8336E-001  -1.9071E-001   1.4250E-001   2.0172E-002  -2.8373E-002   6.8304E-002  -4.4098E-002   3.1501E-002   2.8474E-002  -3.9721E-002   1.9972E-001  -2.3628E-001  -2.1999E-002   1.0848E-002   1.1044E-002  -1.4940E-002  -2.1564E-001   8.9911E-001  -1.5896E-002   2.0996E-001   8.2963E-001  
 1.5835E+000   1.4445E+000  -1.0443E+000   1.9024E-001  -2.1013E-001   6.2319E-002   3.4003E-002  -3.7282E-002   7.4846E-002  -2.0168E-002   1.6166E-002   1.4826E-002  -5.3452E-002   2.6834E-001  -2.1977E-001  -1.7544E-002   1.2135E-002   5.7371E-003  -1.6130E-002  -2.1497E-001   8.9304E-001  -1.5465E-002   2.1394E-001   8.8696E-001  
 1.9481E+000   1.3094E+000  -1.2691E+000   1.7927E-001  -1.4053E-001   1.8226E-003   5.4397E-002  -4.9160E-002   6.6831E-002   1.8236E-002  -9.7498E-003   2.0751E-003  -5.5052E-002   3.4084E-001  -2.0695E-001  -8.0835E-003   4.6768E-003  -8.6313E-003  -1.5643E-002  -2.1398E-001   8.8978E-001  -1.8786E-002   2.1583E-001   9.1476E-001  
 2.3492E+000   1.1290E+000  -1.3694E+000   1.2987E-001   5.0902E-002   9.4518E-003   8.2583E-002  -6.0547E-002   3.4180E-002   7.0411E-002  -5.1716E-002  -7.1472E-003  -3.5656E-002   4.2294E-001  -1.9897E-001   1.0138E-002  -1.3972E-002  -3.5241E-002  -1.6729E-002  -2.1438E-001   8.9334E-001  -2.4764E-002   2.1330E-001   8.8802E-001  
 2.7408E+000   9.0010E-001  -1.2942E+000   2.6045E-002   3.9003E-001   1.4225E-001   1.2533E-001  -6.9851E-002  -3.5146E-002   1.3604E-001  -1.0888E-001  -1.1132E-002   7.3403E-003   5.1976E-001  -1.9823E-001   3.2624E-002  -3.6041E-002  -7.4050E-002  -2.1607E-002  -2.1606E-001   9.0845E-001  -2.3154E-002   2.0576E-001   8.2038E-001  
 3.4012E+000   5.3224E-001  -5.5839E-001   1.4902E-002   8.1524E-001   1.2547E-001   3.5331E-001  -5.5847E-002  -4.3085E-001   2.7599E-001  -1.4774E-001  -1.2642E-001   1.1873E-001   8.5904E-001  -1.5175E-001   3.2176E-002  -3.0590E-002  -1.7606E-001  -1.3500E-001  -2.8298E-001   1.0661E+000  -1.3325E-002   1.4373E-001   4.7937E-001  
 3.0127E+000   4.6004E-001   1.1786E+000   9.7462E-002  -2.7515E-001   3.7186E-001  -2.8845E-001  -1.6270E-001   1.4425E-002   5.5921E-001  -8.7869E-002  -4.8911E-002   1.3621E-001  -5.2340E-001  -4.0687E-001  -2.7766E-002  -1.1192E-002   8.2767E-003  -4.5104E-002  -2.3949E-001   9.6746E-001  -1.3438E-002   1.9006E-001   6.8512E-001  
 2.5024E+000   7.6393E-001   1.5558E+000   1.3623E-001  -8.5775E-002   8.2099E-002  -1.2453E-001  -7.0074E-002  -6.7409E-003   3.0650E-001  -5.4420E-002  -3.6421E-002   6.6213E-002  -3.7192E-001  -3.0625E-001  -1.6237E-002  -1.6882E-002  -3.9926E-002  -9.9491E-003  -2.1176E-001   8.9182E-001  -2.0643E-003   2.1864E-001   7.7310E-001  
 2.0351E+000   9.4808E-001   1.6014E+000   1.8461E-001   1.0835E-001  -5.5028E-002  -6.7738E-002  -4.3201E-002  -2.4111E-002   1.9782E-001  -1.3529E-002  -3.1301E-002   5.9708E-002  -2.8936E-001  -2.8238E-001  -1.4473E-002  -2.3055E-002  -3.6417E-002   3.8142E-003  -2.1133E-001   8.8501E-001  -4.6052E-003   2.2101E-001   8.3265E-001  
 1.5734E+000   1.0846E+000   1.4682E+000   1.9200E-001   2.1274E-001  -6.1904E-002  -3.3704E-002  -2.8176E-002  -3.0369E-002   1.2142E-001   1.6569E-002  -1.5659E-002   5.5032E-002  -2.2019E-001  -2.6593E-001  -1.5960E-002  -2.1650E-002  -2.5669E-002   5.5500E-003  -2.1363E-001   8.9254E-001  -1.1354E-002   2.1506E-001   8.2250E-001  
 1.1622E+000   1.1829E+000   1.2087E+000   1.7597E-001   2.3420E-001  -5.0744E-004  -1.4089E-002  -1.8076E-002  -2.4930E-002   6.5329E-002   3.7313E-002   1.1671E-003   4.5984E-002  -1.5335E-001  -2.5083E-001  -1.7569E-002  -1.7343E-002  -1.5380E-002   4.2885E-003  -2.1607E-001   9.0197E-001  -1.7397E-002   2.0817E-001   8.2344E-001  
 8.3728E-001   1.2490E+000   8.6183E-001   1.5364E-001   1.9215E-001   7.9977E-002  -3.3330E-003  -1.1843E-002  -1.2795E-002   2.4994E-002   5.0829E-002   1.4889E-002   3.3824E-002  -8.6685E-002  -2.3565E-001  -1.9817E-002  -1.3096E-002  -6.5138E-003   1.2952E-003  -2.1789E-001   9.0975E-001  -1.9976E-002   2.0251E-001   7.9691E-001  
 6.2851E-001   1.2874E+000   4.5910E-001   1.3538E-001   1.0580E-001   1.4370E-001   2.6149E-003  -8.3179E-003   2.1297E-003  -2.9364E-003   5.8156E-002   2.3855E-002   1.8256E-002  -1.8992E-002  -2.1973E-001  -2.1279E-002  -7.4292E-003  -6.2571E-005  -2.0798E-003  -2.1899E-001   9.1447E-001  -2.1131E-002   1.9902E-001   7.6100E-001  
 5.5842E-001   1.3000E+000   3.3480E-002   1.2831E-001  -1.8644E-003   1.6739E-001   5.8312E-003  -7.5208E-003   1.6269E-002  -1.9397E-002   6.0914E-002   2.6697E-002   6.3554E-004   4.8648E-002  -2.0349E-001  -2.1360E-002  -4.2861E-004   4.2663E-003  -5.0114E-003  -2.1938E-001   9.1599E-001  -2.1929E-002   1.9785E-001   7.2342E-001  
 6.3185E-001   1.2877E+000  -3.9215E-001   1.3540E-001  -1.0924E-001   1.4395E-001   9.1182E-003  -8.8803E-003   2.6693E-002  -2.4871E-002   5.8781E-002   2.2983E-002  -1.7036E-002   1.1639E-001  -1.8701E-001  -2.0616E-002   6.4402E-003   6.2349E-003  -6.6473E-003  -2.1909E-001   9.1441E-001  -2.1644E-002   1.9899E-001   7.1860E-001  
 8.4342E-001   1.2492E+000  -7.9447E-001   1.5457E-001  -1.9429E-001   8.0318E-002   1.4379E-002  -1.2230E-002   3.0579E-002  -1.8819E-002   5.0920E-002   1.3202E-002  -3.3751E-002   1.8440E-001  -1.7034E-001  -1.9436E-002   1.2884E-002   5.4927E-003  -6.6983E-003  -2.1810E-001   9.0976E-001  -1.9746E-002   2.0238E-001   7.8714E-001  
 1.1714E+000   1.1830E+000  -1.1413E+000   1.7703E-001  -2.3436E-001  -7.0573E-004   2.5159E-002  -1.8431E-002   2.4524E-002  -2.9400E-004   3.7720E-002  -5.1534E-004  -4.7066E-002   2.5159E-001  -1.5387E-001  -1.7074E-002   1.6729E-002   2.2371E-003  -4.6053E-003  -2.1637E-001   9.0223E-001  -1.7661E-002   2.0774E-001   8.4821E-001  
 1.5853E+000   1.0865E+000  -1.4038E+000   1.8878E-001  -2.0764E-001  -6.2943E-002   4.3533E-002  -2.6909E-002   3.4725E-003   3.0824E-002   1.5976E-002  -1.4962E-002  -5.2792E-002   3.1989E-001  -1.3873E-001  -1.1422E-002   1.4635E-002  -5.9149E-003  -5.9909E-004  -2.1432E-001   8.9393E-001  -1.7733E-002   2.1332E-001   8.9480E-001  
 2.0480E+000   9.5485E-001  -1.5431E+000   1.7333E-001  -9.2137E-002  -5.7620E-002   7.3421E-002  -3.7338E-002  -4.0607E-002   7.5671E-002  -1.7814E-002  -2.7662E-002  -4.6873E-002   3.9253E-001  -1.2595E-001  -1.1415E-003   6.4144E-003  -2.0975E-002   4.2971E-003  -2.1275E-001   8.8847E-001  -1.8771E-002   2.1693E-001   9.1131E-001  
 2.5085E+000   7.8832E-001  -1.5116E+000   1.0798E-001   1.3645E-001   7.4019E-002   1.1797E-001  -4.5289E-002  -1.2113E-001   1.2857E-001  -6.7594E-002  -3.4639E-002  -1.9591E-002   4.7886E-001  -1.2112E-001   1.6547E-002  -9.6780E-003  -4.9708E-002   5.2509E-003  -2.1151E-001   8.9675E-001  -1.9087E-002   2.1305E-001   8.4856E-001  
 2.8995E+000   6.2047E-001  -1.2813E+000  -5.6397E-002   5.5866E-001   3.9178E-001   1.6270E-001  -1.8153E-002  -2.9603E-001   1.3897E-001  -1.4444E-001  -3.5910E-002   6.8884E-002   6.4343E-001  -1.4581E-001   4.4613E-002  -3.7103E-002  -1.1274E-001  -1.8883E-002  -2.1953E-001   9.6863E-001  -1.4421E-002   1.8641E-001   7.0599E-001  
 2.7705E+000   4.1444E-001   1.5138E+000   4.6310E-002  -1.8079E-001   3.7018E-001  -1.6018E-001  -6.5378E-002   7.7029E-002   3.0633E-001  -1.0010E-001  -1.4084E-002   4.9607E-002  -4.8590E-001  -2.5751E-001  -1.4149E-002   1.9990E-002  -3.2573E-002  -5.4865E-002  -2.1253E-001   9.0605E-001  -1.2939E-002   2.1019E-001   7.9039E-001  
 2.2990E+000   5.6965E-001   1.7308E+000   1.5421E-001   8.8506E-003   1.3478E-002  -9.7469E-002  -3.9072E-002   3.8833E-002   2.0872E-001  -3.8723E-002  -4.3426E-002   4.5583E-002  -3.8453E-001  -2.3211E-001  -1.1878E-002  -9.8699E-003  -3.3092E-002  -1.8863E-002  -2.1047E-001   8.8815E-001  -9.4531E-003   2.1912E-001   9.1987E-001  
 1.7890E+000   6.8641E-001   1.7299E+000   1.9110E-001   1.3165E-001  -1.3091E-001  -5.3241E-002  -2.3486E-002   1.0512E-002   1.3938E-001   3.5673E-003  -4.4201E-002   4.3060E-002  -3.0616E-001  -2.1403E-001  -1.0882E-002  -2.2956E-002  -2.7655E-002  -2.5572E-003  -2.1185E-001   8.8919E-001  -9.7857E-003   2.1771E-001   8.6983E-001  
 1.2837E+000   7.7406E-001   1.5630E+000   1.8215E-001   1.9020E-001  -1.4006E-001  -2.3591E-002  -1.3713E-002  -5.3149E-003   8.8067E-002   3.1277E-002  -2.9934E-002   3.8673E-002  -2.3695E-001  -1.9863E-001  -1.1029E-002  -2.2479E-002  -2.0029E-002   1.7417E-003  -2.1515E-001   8.9884E-001  -1.6071E-002   2.1045E-001   8.4937E-001  
 8.3629E-001   8.3634E-001   1.2748E+000   1.5322E-001   1.9353E-001  -7.9747E-002  -7.8664E-003  -7.8405E-003  -9.3519E-003   5.1011E-002   5.1125E-002  -1.3651E-002   3.2967E-002  -1.7043E-001  -1.8387E-001  -1.2917E-002  -1.9486E-002  -1.2210E-002   1.9248E-003  -2.1784E-001   9.0959E-001  -2.0286E-002   2.0270E-001   7.6658E-001  
 4.8362E-001   8.7831E-001   9.0384E-001   1.2052E-001   1.5333E-001   3.5177E-004   6.4580E-004  -3.8565E-003  -5.7792E-003   2.3801E-002   6.3166E-002   1.8882E-004   2.4245E-002  -1.0329E-001  -1.6843E-001  -1.4634E-002  -1.4848E-002  -6.3009E-003   6.1739E-004  -2.1974E-001   9.1740E-001  -2.2503E-002   1.9687E-001   7.1726E-001  
 2.5767E-001   9.0270E-001   4.7955E-001   9.5520E-002   8.3340E-002   6.3681E-002   4.2983E-003  -1.7136E-003   9.4906E-004   4.8504E-003   6.9992E-002   9.6178E-003   1.2856E-002  -3.5282E-002  -1.5250E-001  -1.5593E-002  -8.0702E-003  -1.6145E-003  -1.0910E-003  -2.2087E-001   9.2210E-001  -2.3913E-002   1.9326E-001   6.8106E-001  
 1.8162E-001   9.1062E-001   3.3533E-002   8.6504E-002  -1.0303E-003   8.7008E-002   5.7904E-003  -1.0509E-003   7.1474E-003  -6.2453E-003   7.2197E-002   1.2837E-002   2.7947E-004   3.2643E-002  -1.3630E-001  -1.5901E-002  -3.9117E-004   1.4219E-003  -2.3858E-003  -2.2126E-001   9.2365E-001  -2.4371E-002   1.9204E-001   6.3854E-001  
 2.6074E-001   9.0271E-001  -4.1247E-001   9.5979E-002  -8.5172E-002   6.3170E-002   7.2779E-003  -1.7208E-003   9.6912E-003  -9.8603E-003   7.0044E-002   9.4618E-003  -1.2430E-002   1.0058E-001  -1.1989E-001  -1.5606E-002   7.2739E-003   2.8157E-003  -2.5775E-003  -2.2094E-001   9.2210E-001  -2.3815E-002   1.9322E-001   6.6279E-001  
 4.8971E-001   8.7827E-001  -8.3669E-001   1.2153E-001  -1.5442E-001  -8.9608E-004   1.0830E-002  -3.7798E-003   5.3961E-003  -5.6752E-003   6.3135E-002   1.9467E-005  -2.4307E-002   1.6863E-001  -1.0332E-001  -1.4749E-002   1.4131E-002   2.4754E-003  -1.0299E-003  -2.1988E-001   9.1745E-001  -2.2169E-002   1.9674E-001   7.3337E-001  
 8.4521E-001   8.3601E-001  -1.2075E+000   1.5498E-001  -1.9310E-001  -8.2157E-002   1.8954E-002  -7.3275E-003  -9.1875E-003   7.1231E-003   5.0738E-002  -1.3623E-002  -3.4349E-002   2.3577E-001  -8.7013E-002  -1.3482E-002   1.9155E-002   1.4207E-005   2.6405E-003  -2.1805E-001   9.0975E-001  -1.9553E-002   2.0246E-001   7.9410E-001  
 1.2962E+000   7.7362E-001  -1.4962E+000   1.8337E-001  -1.8788E-001  -1.4467E-001   3.5590E-002  -1.3211E-002  -3.8558E-002   2.9677E-002   3.2054E-002  -2.8701E-002  -4.0958E-002   3.0204E-001  -7.1081E-002  -1.1201E-002   2.0857E-002  -4.3936E-003   9.3198E-003  -2.1545E-001   8.9914E-001  -1.6613E-002   2.1007E-001   8.4947E-001  
 1.8036E+000   6.8857E-001  -1.6654E+000   1.8942E-001  -1.2286E-001  -1.3898E-001   6.3263E-002  -2.0259E-002  -9.1080E-002   6.1359E-002   2.0361E-003  -4.2442E-002  -3.9477E-002   3.7112E-001  -5.7093E-002  -5.3453E-003   1.7717E-002  -1.3847E-002   1.7877E-002  -2.1263E-001   8.9025E-001  -1.4228E-002   2.1641E-001   8.7377E-001  
 2.3168E+000   5.7836E-001  -1.6623E+000   1.5564E-001   1.4297E-002  -8.4826E-003   1.1121E-001  -2.7958E-002  -1.7858E-001   1.0313E-001  -3.9413E-002  -5.3872E-002  -2.7816E-002   4.4726E-001  -4.5651E-002   4.1079E-003   1.2423E-002  -2.9166E-002   2.4281E-002  -2.1051E-001   8.8846E-001  -1.0072E-002   2.1876E-001   8.8988E-001  
 2.7975E+000   4.4083E-001  -1.4259E+000   6.0992E-002   2.3829E-001   3.0682E-001   1.9177E-001  -3.4429E-002  -3.2264E-001   1.5429E-001  -9.5858E-002  -6.0702E-002  -1.0834E-003   5.4359E-001  -3.6880E-002   1.7624E-002   1.2516E-004  -5.1845E-002   2.3627E-002  -2.1273E-001   9.0461E-001  -9.3695E-003   2.1179E-001   7.6543E-001  
 2.6628E+000   2.2846E-001   1.6538E+000   5.5586E-002  -6.5356E-002   3.2380E-001  -1.3192E-001  -3.0612E-002   1.0424E-001   1.6567E-001  -9.3809E-002  -1.1957E-002   2.7467E-002  -5.0135E-001  -1.8666E-001  -9.1002E-003   3.2764E-002  -1.7102E-002  -6.3449E-002  -2.1323E-001   9.0379E-001  -2.0624E-002   2.0927E-001   8.3905E-001  
 2.1679E+000   3.0454E-001   1.8325E+000   1.6073E-001   2.5486E-002  -4.3564E-002  -8.3576E-002  -1.7149E-002   6.2886E-002   1.1282E-001  -2.9250E-002  -4.9680E-002   2.3580E-002  -3.9990E-001  -1.6373E-001  -6.3830E-003  -4.2063E-003  -1.9100E-002  -2.2905E-002  -2.1089E-001   8.8818E-001  -1.7036E-002   2.1778E-001   9.5855E-001  
 1.6293E+000   3.6159E-001   1.8058E+000   1.8882E-001   8.3289E-002  -1.9125E-001  -4.4542E-002  -9.4127E-003   2.8737E-002   7.5697E-002   1.2786E-002  -5.2865E-002   2.1317E-002  -3.2246E-001  -1.4660E-001  -4.9133E-003  -2.0736E-002  -1.6556E-002  -5.2052E-003  -2.1302E-001   8.9190E-001  -1.5539E-002   2.1526E-001   9.0600E-001  
 1.0970E+000   4.0377E-001   1.6176E+000   1.7195E-001   1.0973E-001  -2.0217E-001  -1.8445E-002  -5.2598E-003   7.1986E-003   4.9112E-002   4.0239E-002  -4.0106E-002   1.9848E-002  -2.5418E-001  -1.3156E-001  -5.5883E-003  -2.3908E-002  -1.1314E-002  -1.6873E-004  -2.1635E-001   9.0355E-001  -1.8221E-002   2.0708E-001   8.6978E-001  
 6.2632E-001   4.3377E-001   1.3130E+000   1.3476E-001   1.0767E-001  -1.4246E-001  -4.0648E-003  -2.1335E-003  -1.8413E-003   2.9345E-002   5.8410E-002  -2.3719E-002   1.7192E-002  -1.8732E-001  -1.1622E-001  -6.9707E-003  -2.1171E-002  -7.2602E-003   1.1118E-003  -2.1899E-001   9.1428E-001  -2.1580E-002   1.9922E-001   7.8076E-001  
 2.5650E-001   4.5405E-001   9.2821E-001   9.5331E-002   8.3986E-002  -6.2789E-002   2.7948E-003  -2.1781E-004  -2.8401E-003   1.4764E-002   6.9963E-002  -9.5311E-003   1.2606E-002  -1.1999E-001  -1.0049E-001  -7.8856E-003  -1.5796E-002  -3.9252E-003   7.0960E-004  -2.2088E-001   9.2204E-001  -2.3974E-002   1.9334E-001   6.8049E-001  
 1.9804E-002   4.6584E-001   4.9135E-001   6.6229E-002   4.5360E-002   3.2182E-004   5.2818E-003   7.6313E-004  -4.1704E-004   4.7086E-003   7.6440E-002   1.7163E-005   6.6442E-003  -5.1781E-002  -8.4362E-002  -8.3319E-003  -8.5200E-003  -1.3777E-003  -2.1863E-004  -2.2201E-001   9.2674E-001  -2.5469E-002   1.8966E-001   5.9600E-001  
-5.9864E-002   4.6966E-001   3.3545E-002   5.5855E-002  -4.5659E-004   2.3469E-002   5.7909E-003   1.0708E-003   1.6230E-003  -1.0236E-003   7.8512E-002   3.3403E-003   1.0607E-004   1.6319E-002  -6.8110E-002  -8.4806E-003  -3.9428E-004   2.0689E-004  -7.3038E-004  -2.2240E-001   9.2830E-001  -2.5935E-002   1.8842E-001   5.5669E-001  
 2.2868E-002   4.6584E-001  -4.2426E-001   6.6688E-002  -4.6159E-002  -5.3734E-004   6.2991E-003   7.6091E-004   6.9392E-006  -2.6285E-003   7.6491E-002   5.5778E-005  -6.4972E-003   8.4407E-002  -5.1751E-002  -8.3325E-003   7.7286E-003   8.4286E-004  -1.4088E-004  -2.2205E-001   9.2674E-001  -2.5370E-002   1.8964E-001   6.0311E-001  
 2.6264E-001   4.5403E-001  -8.6114E-001   9.6247E-002  -8.4437E-002  -6.4738E-002   8.7752E-003  -2.1970E-004  -8.6135E-003   5.1558E-005   7.0061E-002  -9.3135E-003  -1.2655E-002   1.5255E-001  -3.5300E-002  -7.8754E-003   1.4994E-002   5.0212E-004   2.2442E-003  -2.2095E-001   9.2205E-001  -2.3779E-002   1.9330E-001   6.7073E-001  
 6.3556E-001   4.3360E-001  -1.2461E+000   1.3608E-001  -1.0742E-001  -1.4607E-001   1.5775E-002  -1.9179E-003  -2.7772E-002   7.3934E-003   5.8626E-002  -2.2796E-002  -1.7833E-002   2.1965E-001  -1.9078E-002  -7.2097E-003   2.0196E-002  -9.2044E-004   6.8469E-003  -2.1910E-001   9.1429E-001  -2.1366E-002   1.9917E-001   7.3398E-001  
 1.1092E+000   4.0321E-001  -1.5508E+000   1.7390E-001  -1.0825E-001  -2.0839E-001   3.0262E-002  -4.4233E-003  -6.2014E-002   2.0069E-002   4.0323E-002  -3.7850E-002  -2.1657E-002   2.8585E-001  -3.1486E-003  -6.4599E-003   2.2974E-002  -3.6287E-003   1.4286E-002  -2.1648E-001   9.0347E-001  -1.7585E-002   2.0713E-001   7.9263E-001  
 1.6447E+000   3.6122E-001  -1.7369E+000   1.9421E-001  -8.0370E-002  -2.0262E-001   5.7276E-002  -8.5399E-003  -1.1906E-001   3.8912E-002   1.3211E-002  -5.2909E-002  -2.2766E-002   3.5228E-001   1.2551E-002  -4.7832E-003   2.4706E-002  -7.3374E-003   2.4955E-002  -2.1345E-001   8.9124E-001  -1.1012E-002   2.1598E-001   8.3491E-001  
 2.1889E+000   3.0697E-001  -1.7542E+000   1.7618E-001  -1.6228E-002  -7.0694E-002   1.0380E-001  -1.2747E-002  -2.1037E-001   6.3163E-002  -2.5230E-002  -6.4813E-002  -1.8329E-002   4.2423E-001   2.7096E-002  -6.2702E-004   2.3007E-002  -1.4561E-002   3.4822E-002  -2.1153E-001   8.8550E-001  -4.7694E-003   2.2082E-001   8.1144E-001  
 2.7055E+000   2.3763E-001  -1.5351E+000   1.0523E-001   8.8626E-002   2.4342E-001   1.8891E-001  -1.7826E-002  -3.5946E-001   9.5775E-002  -7.4763E-002  -7.6494E-002  -8.9755E-003   5.1478E-001   4.2759E-002   4.7430E-003   1.8882E-002  -2.3412E-002   3.6519E-002  -2.1327E-001   8.9743E-001  -2.1933E-003   2.1638E-001   7.7947E-001  
 2.6247E+000   5.2532E-003   1.7032E+000   5.4089E-002   6.7377E-003   3.0941E-001  -1.1979E-001  -1.9278E-003   1.0635E-001   2.9910E-002  -9.3497E-002  -7.9994E-003   6.2348E-003  -5.1855E-001  -1.2095E-001  -3.8710E-003   4.1454E-002   2.4776E-003  -6.7114E-002  -2.1571E-001   9.0344E-001  -2.5626E-002   2.0809E-001   8.6779E-001  
 2.1233E+000   7.3682E-003   1.8659E+000   1.6159E-001   1.9018E-003  -6.4562E-002  -7.9331E-002   4.1514E-004   6.7207E-002   1.7909E-002  -2.6089E-002  -5.1935E-002   1.6238E-003  -4.1555E-001  -9.8535E-002  -1.5849E-003  -1.3279E-003  -1.7591E-003  -2.3082E-002  -2.1274E-001   8.8830E-001  -2.0732E-002   2.1692E-001   9.6002E-001  
 1.5749E+000   8.0231E-003   1.8307E+000   1.8710E-001   2.9224E-004  -2.1321E-001  -4.1872E-002   1.1296E-003   3.1278E-002   1.1119E-002   1.5978E-002  -5.5724E-002  -8.5102E-005  -3.3909E-001  -8.0777E-002  -3.4191E-004  -1.9569E-002  -2.6948E-003  -5.7381E-003  -2.1404E-001   8.9324E-001  -1.7874E-002   2.1398E-001   9.2334E-001  
 1.0333E+000   8.0918E-003   1.6353E+000   1.6786E-001  -4.5117E-005  -2.2501E-001  -1.6738E-002   1.1756E-003   8.7950E-003   6.9318E-003   4.2983E-002  -4.3681E-002  -2.1831E-004  -2.7065E-001  -6.4697E-002  -1.0881E-004  -2.4418E-002  -1.9218E-003   2.2563E-007  -2.1690E-001   9.0512E-001  -1.8867E-002   2.0584E-001   8.7640E-001  
 5.5476E-001   8.0411E-003   1.3253E+000   1.2799E-001  -1.8160E-004  -1.6553E-001  -2.6914E-003   1.2612E-003  -1.2471E-003   3.9128E-003   6.0498E-002  -2.7351E-002  -2.0361E-005  -2.0375E-001  -4.8754E-002  -1.9849E-004  -2.1949E-002  -1.2115E-003   1.3899E-003  -2.1946E-001   9.1586E-001  -2.1749E-002   1.9802E-001   7.8450E-001  
 1.7928E-001   8.0329E-003   9.3611E-001   8.6122E-002  -1.7198E-004  -8.6080E-002   3.4639E-003   1.2707E-003  -3.1255E-003   1.7193E-003   7.2136E-002  -1.2969E-002   2.1891E-005  -1.3641E-001  -3.2656E-002  -2.0838E-004  -1.6090E-002  -5.7692E-004   1.0960E-003  -2.2129E-001   9.2358E-001  -2.4493E-002   1.9213E-001   6.8470E-001  
-6.1033E-002   8.0329E-003   4.9517E-001   5.5663E-002  -9.9208E-005  -2.3077E-002   5.5916E-003   1.2706E-003  -1.4979E-003   3.9055E-004   7.8480E-002  -3.3654E-003   1.9272E-005  -6.8156E-002  -1.6318E-002  -2.0796E-004  -8.6666E-003  -1.7719E-004   2.5378E-004  -2.2241E-001   9.2829E-001  -2.5998E-002   1.8844E-001   5.8496E-001  
-1.4192E-001   8.0330E-003   3.3547E-002   4.4835E-002  -2.8689E-007  -5.3133E-007   5.7913E-003   1.2703E-003  -2.0569E-004  -4.8421E-005   8.0508E-002  -7.0723E-007  -1.8138E-007  -6.5781E-006   5.4544E-008  -2.0843E-004  -3.9490E-004  -4.3134E-005  -1.7981E-004  -2.2278E-001   9.2985E-001  -2.6467E-002   1.8720E-001   4.8859E-001  
-5.7968E-002   8.0327E-003  -4.2808E-001   5.6123E-002   9.8804E-005  -2.4051E-002   5.9912E-003   1.2706E-003  -2.5698E-003   3.9048E-004   7.8532E-002  -3.2612E-003  -1.9418E-005   6.8139E-002   1.6318E-002  -2.0793E-004   7.8785E-003  -1.7732E-004   4.8716E-004  -2.2241E-001   9.2828E-001  -2.5898E-002   1.8845E-001   5.5485E-001  
 1.8543E-001   8.0325E-003  -8.6905E-001   8.7040E-002   1.7173E-004  -8.8259E-002   8.1099E-003   1.2707E-003  -1.1986E-002   1.7192E-003   7.2235E-002  -1.2623E-002  -2.1863E-005   1.3634E-001   3.2656E-002  -2.0829E-004   1.5299E-002  -5.7713E-004   2.9575E-003  -2.2129E-001   9.2356E-001  -2.4297E-002   1.9216E-001   6.3097E-001  
 5.6422E-001   8.0405E-003  -1.2586E+000   1.2896E-001   1.8142E-004  -1.6955E-001   1.4772E-002   1.2613E-003  -3.2042E-002   3.9127E-003   6.1170E-002  -2.6095E-002   2.0464E-005   2.0348E-001   4.8754E-002  -1.9838E-004   2.0515E-002  -1.2117E-003   7.7175E-003  -2.1946E-001   9.1578E-001  -2.2038E-002   1.9810E-001   7.0574E-001  
 1.0456E+000   8.0910E-003  -1.5686E+000   1.6984E-001   4.4962E-005  -2.3166E-001   2.8596E-002   1.1756E-003  -6.7316E-002   6.9317E-003   4.3100E-002  -4.1269E-002   2.1845E-004   2.6970E-001   6.4697E-002  -1.0877E-004   2.3593E-002  -1.9220E-003   1.5383E-002  -2.1690E-001   9.0488E-001  -1.8092E-002   2.0614E-001   7.7086E-001  
 1.5902E+000   8.0222E-003  -1.7608E+000   1.9412E-001  -2.9233E-004  -2.2556E-001   5.4823E-002   1.1297E-003  -1.2533E-001   1.1119E-002   1.6331E-002  -5.6311E-002   8.5379E-005   3.3580E-001   8.0777E-002  -3.4188E-004   2.5827E-002  -2.6950E-003   2.6309E-002  -2.1404E-001   8.9204E-001  -1.1055E-002   2.1539E-001   8.1101E-001  
 2.1446E+000   7.3671E-003  -1.7854E+000   1.8071E-001  -1.9018E-003  -9.2264E-002   1.0031E-001   4.1528E-004  -2.1636E-001   1.7909E-002  -2.1279E-002  -6.7417E-002  -1.6233E-003   4.0554E-001   9.8536E-002  -1.5848E-003   2.4681E-002  -1.7591E-003   3.8249E-002  -2.1274E-001   8.8446E-001  -4.0187E-003   2.2132E-001   8.0871E-001  
 2.6718E+000   5.2522E-003  -1.5744E+000   1.1544E-001  -6.7374E-003   2.2333E-001   1.8468E-001  -1.9273E-003  -3.6560E-001   2.9910E-002  -6.9616E-002  -7.9059E-002  -6.2340E-003   4.9417E-001   1.2095E-001  -3.8704E-003   2.1802E-002   2.4775E-003   4.1177E-002  -2.1571E-001   8.9522E-001  -8.9194E-004   2.1729E-001   7.8091E-001  
 2.6590E+000  -2.1846E-001   1.6636E+000   4.5915E-002   7.9342E-002   3.3347E-001  -1.2355E-001   2.6650E-002   8.5486E-002  -1.0543E-001  -9.7917E-002  -3.2503E-003  -1.4198E-002  -5.3637E-001  -5.6587E-002   1.3560E-003   4.2317E-002   2.2947E-002  -6.5699E-002  -2.1882E-001   9.0384E-001  -2.4430E-002   2.0775E-001   8.6377E-001  
 2.1680E+000  -2.8993E-001   1.8351E+000   1.5759E-001  -2.1817E-002  -4.0373E-002  -8.1774E-002   1.8111E-002   5.0653E-002  -7.7573E-002  -3.0260E-002  -4.7237E-002  -2.0068E-002  -4.3285E-001  -3.3737E-002   3.1957E-003   8.9432E-005   1.6014E-002  -2.1960E-002  -2.1460E-001   8.8837E-001  -2.0025E-002   2.1669E-001   9.4177E-001  
 1.6299E+000  -3.4577E-001   1.8068E+000   1.8753E-001  -8.2643E-002  -1.8964E-001  -4.3946E-002   1.1636E-002   1.9429E-002  -5.3918E-002   1.2471E-002  -5.2181E-002  -2.0907E-002  -3.5496E-001  -1.5330E-002   3.8531E-003  -1.8701E-002   1.1865E-002  -3.6014E-003  -2.1480E-001   8.9203E-001  -1.7347E-002   2.1466E-001   9.2216E-001  
 1.0977E+000  -3.8766E-001   1.6176E+000   1.7195E-001  -1.0999E-001  -2.0148E-001  -1.8427E-002   7.7316E-003   2.3761E-004  -3.6101E-002   4.0290E-002  -4.0483E-002  -2.0091E-002  -2.8648E-001   2.2566E-003   5.2262E-003  -2.3840E-002   7.6715E-003   1.7188E-003  -2.1672E-001   9.0358E-001  -1.8387E-002   2.0691E-001   8.7317E-001  
 6.2698E-001  -4.1769E-001   1.3129E+000   1.3495E-001  -1.0810E-001  -1.4198E-001  -3.9307E-003   4.6381E-003  -7.0808E-003  -2.2413E-002   5.8260E-002  -2.4013E-002  -1.7221E-002  -2.1976E-001   1.8772E-002   6.6062E-003  -2.1333E-002   5.1515E-003   2.6023E-003  -2.1918E-001   9.1431E-001  -2.1455E-002   1.9912E-001   7.8224E-001  
 2.5723E-001  -4.3799E-001   9.2821E-001   9.5408E-002  -8.4384E-002  -6.2491E-002   2.7956E-003   2.7614E-003  -6.3540E-003  -1.2204E-002   6.9953E-002  -9.6522E-003  -1.2530E-002  -1.5254E-001   3.5230E-002   7.4734E-003  -1.5794E-002   3.0387E-003   1.7588E-003  -2.2097E-001   9.2205E-001  -2.3997E-002   1.9328E-001   6.8172E-001  
 2.0532E-002  -4.4978E-001   4.9135E-001   6.6306E-002  -4.5586E-002   5.3627E-004   5.2812E-003   1.7787E-003  -2.1697E-003  -4.8052E-003   7.6429E-002  -5.7197E-005  -6.5902E-003  -8.4410E-002   5.1751E-002   7.9171E-003  -8.5211E-003   1.2913E-003   3.0723E-004  -2.2206E-001   9.2675E-001  -2.5493E-002   1.8963E-001   5.8231E-001  
-5.9136E-002  -4.5360E-001   3.3545E-002   5.5931E-002   4.5618E-004   2.3657E-002   5.7909E-003   1.4703E-003   1.6229E-003   4.8102E-005   7.8500E-002   3.2835E-003  -1.0623E-004  -1.6335E-002   6.8110E-002   8.0646E-003  -3.9425E-004  -2.6435E-005  -7.3045E-004  -2.2241E-001   9.2830E-001  -2.5960E-002   1.8841E-001   5.5985E-001  
 2.3597E-002  -4.4978E-001  -4.2426E-001   6.6766E-002   4.6384E-002  -3.2279E-004   6.2997E-003   1.7810E-003   1.7595E-003   2.5317E-003   7.6480E-002  -1.8454E-005   6.4430E-003   5.1778E-002   8.4362E-002   7.9178E-003   7.7298E-003  -9.2962E-004  -6.6686E-004  -2.2202E-001   9.2673E-001  -2.5392E-002   1.8967E-001   5.9993E-001  
 2.6337E-001  -4.3797E-001  -8.6113E-001   9.6324E-002   8.4835E-002  -6.4440E-002   8.7743E-003   2.7633E-003  -5.0997E-003   2.5085E-003   7.0051E-002  -9.4344E-003   1.2579E-002   1.1999E-001   1.0056E-001   7.4632E-003   1.4992E-002  -1.3891E-003   1.1949E-003  -2.2090E-001   9.2203E-001  -2.3801E-002   1.9336E-001   6.7965E-001  
 6.3622E-001  -4.1752E-001  -1.2460E+000   1.3626E-001   1.0785E-001  -1.4559E-001   1.5641E-002   4.4225E-003  -2.2533E-002  -4.6115E-004   5.8476E-002  -2.3091E-002   1.7862E-002   1.8721E-001   1.1653E-001   6.8452E-003   2.0358E-002  -1.1887E-003   5.3564E-003  -2.1907E-001   9.1426E-001  -2.1242E-002   1.9924E-001   7.5524E-001  
 1.1100E+000  -3.8710E-001  -1.5508E+000   1.7390E-001   1.0851E-001  -2.0769E-001   3.0245E-002   6.8952E-003  -5.5053E-002  -7.0587E-003   4.0374E-002  -3.8227E-002   2.1900E-002   2.5355E-001   1.3246E-001   6.0981E-003   2.2905E-002  -1.3804E-005   1.2399E-002  -2.1659E-001   9.0344E-001  -1.7750E-002   2.0719E-001   8.2077E-001  
 1.6453E+000  -3.4540E-001  -1.7379E+000   1.9291E-001   7.9724E-002  -2.0101E-001   5.6681E-002   1.0763E-002  -1.0975E-001  -1.7134E-002   1.2896E-002  -5.2225E-002   2.2357E-002   3.1979E-001   1.4938E-001   3.7233E-003   2.2672E-002   2.6451E-003   2.3352E-002  -2.1437E-001   8.9112E-001  -1.2819E-002   2.1583E-001   8.7506E-001  
 2.1889E+000  -2.9236E-001  -1.7567E+000   1.7305E-001   1.2559E-002  -6.7502E-002   1.0200E-001   1.3710E-002  -1.9814E-001  -2.7922E-002  -2.6239E-002  -6.2370E-002   1.4818E-002   3.9128E-001   1.7038E-001  -2.5595E-003   1.8712E-002   1.1475E-002   3.3879E-002  -2.1396E-001   8.8531E-001  -7.7576E-003   2.2027E-001   8.5096E-001  
 2.7017E+000  -2.2763E-001  -1.5448E+000   9.5561E-002  -1.0261E-001   2.5308E-001   1.8054E-001   1.3865E-002  -3.4071E-001  -3.5535E-002  -7.8870E-002  -6.7788E-002  -4.2913E-003   4.7976E-001   2.0049E-001  -1.2486E-002   9.3318E-003   2.9256E-002   3.8770E-002  -2.1878E-001   8.9738E-001  -5.9982E-003   2.1496E-001   7.6874E-001  
 2.7636E+000  -4.0492E-001   1.5313E+000   2.9925E-002   1.9507E-001   3.8899E-001  -1.4499E-001   6.1897E-002   3.9240E-002  -2.4600E-001  -1.0679E-001   1.9161E-003  -3.5687E-002  -5.5649E-001   1.0587E-002   7.5654E-003   3.5424E-002   4.0312E-002  -5.9717E-002  -2.2158E-001   9.0613E-001  -1.7855E-002   2.0776E-001   8.2783E-001  
 2.2984E+000  -5.5563E-001   1.7370E+000   1.4738E-001  -4.8528E-003   2.1200E-002  -9.2430E-002   3.9989E-002   1.2972E-002  -1.7404E-001  -4.1502E-002  -3.7108E-002  -4.0606E-002  -4.5123E-001   3.2044E-002   8.5280E-003  -7.9901E-004   3.2427E-002  -1.8325E-002  -2.1613E-001   8.8822E-001  -1.4938E-002   2.1745E-001   8.8735E-001  
 1.7902E+000  -6.7091E-001   1.7316E+000   1.8890E-001  -1.3125E-001  -1.2768E-001  -5.1957E-002   2.5794E-002  -8.2646E-003  -1.1960E-001   2.8413E-003  -4.2874E-002  -4.1782E-002  -3.7129E-001   5.1514E-002   9.4552E-003  -1.9450E-002   2.4337E-002   5.3408E-004  -2.1488E-001   8.8941E-001  -1.2691E-002   2.1673E-001   8.9170E-001  
 1.2853E+000  -7.5811E-001   1.5629E+000   1.8213E-001  -1.9090E-001  -1.3868E-001  -2.3588E-002   1.6423E-002  -1.9253E-002  -7.7681E-002   3.1434E-002  -3.0698E-002  -3.8514E-002  -3.0162E-001   6.9567E-002   1.0431E-002  -2.2344E-002   1.7112E-002   5.4169E-003  -2.1573E-001   8.9891E-001  -1.6383E-002   2.1020E-001   8.5591E-001  
 8.3775E-001  -8.2036E-001   1.2747E+000   1.5338E-001  -1.9427E-001  -7.8823E-002  -7.7717E-003   1.0506E-002  -1.9816E-002  -4.6733E-002   5.1100E-002  -1.4225E-002  -3.2725E-002  -2.3538E-001   8.6603E-002   1.2370E-002  -1.9583E-002   1.0907E-002   4.7702E-003  -2.1809E-001   9.0964E-001  -2.0334E-002   2.0253E-001   7.7060E-001  
 4.8510E-001  -8.6227E-001   9.0384E-001   1.2065E-001  -1.5390E-001   8.9521E-004   6.2619E-004   6.4235E-003  -1.2819E-002  -2.3890E-002   6.3175E-002  -2.0687E-005  -2.4055E-002  -1.6845E-001   1.0332E-001   1.4204E-002  -1.4822E-002   6.2035E-003   2.6975E-003  -2.1986E-001   9.1744E-001  -2.2582E-002   1.9675E-001   6.9391E-001  
 2.5913E-001  -8.8664E-001   4.7955E-001   9.5676E-002  -8.3649E-002   6.4057E-002   4.2968E-003   4.2587E-003  -2.5646E-003  -7.6010E-003   6.9971E-002   9.5013E-003  -1.2755E-002  -1.0058E-001   1.1996E-001   1.5182E-002  -8.0748E-003   2.3308E-003  -4.1450E-005  -2.2095E-001   9.2212E-001  -2.3960E-002   1.9320E-001   6.7475E-001  
 1.8309E-001  -8.9455E-001   3.3533E-002   8.6658E-002   1.0302E-003   8.7330E-002   5.7905E-003   3.5951E-003   7.1473E-003   2.6153E-003   7.2174E-002   1.2753E-002  -2.7927E-004  -3.2704E-002   1.3630E-001   1.5487E-002  -3.9112E-004  -4.3936E-004  -2.3859E-003  -2.2129E-001   9.2365E-001  -2.4419E-002   1.9203E-001   6.5089E-001  
 2.6220E-001  -8.8665E-001  -4.1247E-001   9.6135E-002   8.5481E-002   6.3546E-002   7.2795E-003   4.2660E-003   1.3205E-002   7.1096E-003   7.0022E-002   9.3453E-003   1.2330E-002   3.5287E-002   1.5243E-001   1.5195E-002   7.2785E-003  -2.0995E-003  -3.6274E-003  -2.2088E-001   9.2208E-001  -2.3861E-002   1.9327E-001   6.3948E-001  
 4.9118E-001  -8.6223E-001  -8.3670E-001   1.2166E-001   1.5500E-001  -3.5245E-004   1.0849E-002   6.3471E-003   1.2436E-002   5.5857E-003   6.3145E-002  -1.8969E-004   2.4117E-002   1.0348E-001   1.6843E-001   1.4319E-002   1.4105E-002  -2.5732E-003  -3.1102E-003  -2.1973E-001   9.1742E-001  -2.2247E-002   1.9687E-001   7.2283E-001  
 8.4667E-001  -8.2003E-001  -1.2074E+000   1.5514E-001   1.9385E-001  -8.1233E-002   1.8859E-002   9.9930E-003   1.2766E-003  -2.8455E-003   5.0714E-002  -1.4197E-002   3.4108E-002   1.7082E-001   1.8428E-001   1.2936E-002   1.9252E-002  -1.3172E-003  -2.0468E-004  -2.1788E-001   9.0970E-001  -1.9601E-002   2.0261E-001   7.9700E-001  
 1.2978E+000  -7.5767E-001  -1.4962E+000   1.8334E-001   1.8858E-001  -1.4330E-001   3.5587E-002   1.5921E-002  -2.4619E-002  -1.9291E-002   3.2211E-002  -2.9464E-002   4.0799E-002   2.3738E-001   2.0015E-001   1.0603E-002   2.0722E-002   1.4762E-003   5.6452E-003  -2.1543E-001   8.9906E-001  -1.6924E-002   2.1019E-001   8.6412E-001  
 1.8047E+000  -6.7307E-001  -1.6671E+000   1.8722E-001   1.2245E-001  -1.3574E-001   6.1979E-002   2.2568E-002  -7.2302E-002  -4.1578E-002   1.3109E-003  -4.1114E-002   3.8201E-002   3.0599E-001   2.1961E-001   3.9198E-003   1.4211E-002   1.0528E-002   1.4787E-002  -2.1410E-001   8.9004E-001  -1.7132E-002   2.1616E-001   9.0383E-001  
 2.3162E+000  -5.6434E-001  -1.6685E+000   1.4880E-001  -1.8294E-002  -7.5926E-004   1.0617E-001   2.8876E-002  -1.5271E-001  -6.8442E-002  -4.2192E-002  -4.7553E-002   2.2841E-002   3.8057E-001   2.4572E-001  -7.4570E-003   3.3535E-003   2.8499E-002   2.3744E-002  -2.1610E-001   8.8839E-001  -1.5556E-002   2.1739E-001   8.7907E-001  
 2.7906E+000  -4.3130E-001  -1.4434E+000   4.4611E-002  -2.5257E-001   3.2564E-001   1.7658E-001   3.0950E-002  -2.8485E-001  -9.3969E-002  -1.0255E-001  -4.4702E-002  -1.2834E-002   4.7300E-001   2.8381E-001  -2.4206E-002  -1.5307E-002   5.9583E-002   2.8480E-002  -2.2138E-001   9.0454E-001  -1.4284E-002   2.0960E-001   7.8243E-001  
 2.9496E+000  -4.7751E-001   1.2801E+000   2.1318E-002   3.3881E-001   4.6262E-001  -2.0324E-001   1.3854E-001  -8.0049E-002  -4.4086E-001  -1.1532E-001   1.4398E-002  -9.1272E-002  -6.4105E-001   1.0272E-001   1.8612E-002   2.3348E-002   2.9035E-002  -7.1384E-002  -2.3137E-001   9.6260E-001  -1.4087E-002   1.8980E-001   7.3206E-001  
 2.5013E+000  -7.4935E-001   1.5643E+000   1.2825E-001   8.8655E-002   9.5040E-002  -1.1677E-001   7.2125E-002  -4.7964E-002  -2.7404E-001  -5.7966E-002  -2.6016E-002  -6.1517E-002  -4.7342E-001   1.0206E-001   1.4840E-002  -6.2038E-003   4.1906E-002  -1.1528E-002  -2.1694E-001   8.9179E-001  -6.7567E-003   2.1711E-001   8.4616E-001  
 2.0370E+000  -9.3192E-001   1.6030E+000   1.8325E-001  -1.0946E-001  -5.0014E-002  -6.6285E-002   4.6388E-002  -5.3420E-002  -1.8220E-001  -1.4051E-002  -2.8973E-002  -5.9155E-002  -3.8772E-001   1.1878E-001   1.4589E-002  -1.9948E-002   3.4436E-002   7.1239E-003  -2.1427E-001   8.8535E-001  -6.3584E-003   2.2003E-001   8.5023E-001  
 1.5756E+000  -1.0685E+000   1.4681E+000   1.9237E-001  -2.1419E-001  -5.9867E-002  -3.3602E-002   3.0968E-002  -5.1612E-002  -1.1536E-001   1.6569E-002  -1.6345E-002  -5.4786E-002  -3.1710E-001   1.3697E-001   1.5825E-002  -2.1696E-002   2.3978E-002   1.0664E-002  -2.1421E-001   8.9270E-001  -1.1239E-002   2.1473E-001   8.1714E-001  
 1.1643E+000  -1.1669E+000   1.2086E+000   1.7629E-001  -2.3542E-001   7.0515E-004  -1.3998E-002   2.0726E-002  -4.0605E-002  -6.5424E-002   3.7207E-002   5.1453E-004  -4.5476E-002  -2.5038E-001   1.5387E-001   1.7132E-002  -1.7476E-002   1.5310E-002   8.4671E-003  -2.1619E-001   9.0205E-001  -1.7314E-002   2.0797E-001   7.9429E-001  
 8.3954E-001  -1.2330E+000   8.6190E-001   1.5379E-001  -1.9308E-001   8.0661E-002  -3.4546E-003   1.4495E-002  -2.3278E-002  -2.9447E-002   5.0918E-002   1.4645E-002  -3.3323E-002  -1.8401E-001   1.7075E-001   1.9302E-002  -1.2969E-002   7.6234E-003   4.1941E-003  -2.1799E-001   9.0980E-001  -2.0141E-002   2.0237E-001   7.8382E-001  
 6.3069E-001  -1.2713E+000   4.5914E-001   1.3563E-001  -1.0628E-001   1.4409E-001   2.5624E-003   1.0826E-002  -3.1131E-003  -4.1793E-003   5.8105E-002   2.3825E-002  -1.8017E-002  -1.1650E-001   1.8732E-001   2.0913E-002  -7.3755E-003   1.9913E-003  -5.7580E-004  -2.1911E-001   9.1449E-001  -2.1178E-002   1.9893E-001   7.6375E-001  
 5.6056E-001  -1.2839E+000   3.3480E-002   1.2864E-001   1.8644E-003   1.6769E-001   5.8313E-003   9.9426E-003   1.6269E-002   1.1398E-002   6.0755E-002   2.6747E-002  -6.3528E-004  -4.8919E-002   2.0349E-001   2.1104E-002  -4.2855E-004  -2.0604E-003  -5.0116E-003  -2.1946E-001   9.1599E-001  -2.1858E-002   1.9783E-001   7.3952E-001  
 6.3403E-001  -1.2716E+000  -3.9219E-001   1.3565E-001   1.0972E-001   1.4435E-001   9.1711E-003   1.1389E-002   3.1936E-002   1.7755E-002   5.8730E-002   2.2953E-002   1.6798E-002   1.8884E-002   2.1943E-001   2.0250E-002   6.3867E-003  -4.3065E-003  -8.1515E-003  -2.1901E-001   9.1439E-001  -2.1691E-002   1.9907E-001   7.1019E-001  
 8.4568E-001  -1.2332E+000  -7.9454E-001   1.5472E-001   1.9523E-001   8.1001E-002   1.4500E-002   1.4883E-002   4.1062E-002   1.4366E-002   5.1010E-002   1.2958E-002   3.3251E-002   8.7073E-002   2.3524E-001   1.8922E-002   1.2756E-002  -4.3837E-003  -9.5971E-003  -2.1779E-001   9.0971E-001  -1.9910E-002   2.0257E-001   7.6030E-001  
 1.1736E+000  -1.1671E+000  -1.1412E+000   1.7736E-001   2.3557E-001   5.0698E-004   2.5069E-002   2.1083E-002   4.0200E-002   1.9923E-004   3.7614E-002  -1.1677E-003   4.6558E-002   1.5456E-001   2.5083E-001   1.6637E-002   1.6862E-002  -2.3077E-003  -8.7833E-003  -2.1589E-001   9.0215E-001  -1.7578E-002   2.0804E-001   8.3314E-001  
 1.5875E+000  -1.0704E+000  -1.4037E+000   1.8915E-001   2.0909E-001  -6.0905E-002   4.3432E-002   2.9703E-002   2.4717E-002  -2.4772E-002   1.5977E-002  -1.5647E-002   5.2547E-002   2.2298E-001   2.6769E-001   1.1288E-002   1.4682E-002   4.2228E-003  -5.7123E-003  -2.1352E-001   8.9377E-001  -1.7616E-002   2.1373E-001   8.9593E-001  
 2.0499E+000  -9.3870E-001  -1.5447E+000   1.7198E-001   9.3247E-002  -5.2605E-002   7.1969E-002   4.0525E-002  -1.1297E-002  -6.0049E-002  -1.8335E-002  -2.5333E-002   4.6322E-002   2.9417E-001   2.8956E-001   1.2587E-003   3.3086E-003   1.8992E-002   9.8903E-004  -2.1285E-001   8.8813E-001  -2.0523E-002   2.1712E-001   9.2982E-001  
 2.5074E+000  -7.7380E-001  -1.5202E+000   9.9886E-002  -1.3943E-001   8.7025E-002   1.1011E-001   4.7285E-002  -7.9894E-002  -9.5991E-002  -7.1202E-002  -2.4165E-002   1.4797E-002   3.7740E-001   3.2541E-001  -1.7989E-002  -2.0445E-002   5.1776E-002   6.8411E-003  -2.1725E-001   8.9685E-001  -2.3814E-002   2.1161E-001   8.5863E-001  
 2.8364E+000  -6.3789E-001  -1.3827E+000  -1.3246E-001  -6.2226E-001   4.8247E-001   7.7573E-002  -5.9663E-003  -2.0158E-001  -2.0685E-002  -1.7186E-001   2.7361E-002  -1.1376E-001   5.2579E-001   4.4993E-001  -5.3753E-002  -7.1620E-002   1.5001E-001   7.3953E-003  -2.5133E-001   9.7350E-001  -1.5078E-002   1.8021E-001   6.4984E-001  
 2.6216E+000  -7.2643E-001   1.6440E+000  -4.0508E-001   9.8994E-001   9.3819E-001   7.2454E-002   1.0422E-001  -4.2111E-001  -3.6729E-001  -2.5589E-001   1.8373E-001  -2.0808E-002  -8.1456E-001   7.2259E-002  -5.3253E-002   1.1873E-001   2.3966E-002  -1.3753E-001  -2.9203E-001   1.0510E+000  -2.2039E-002   1.3977E-001   5.8651E-001  
 2.7558E+000  -8.3566E-001   1.3110E+000   8.5254E-002   2.9716E-001   1.4453E-001  -1.5607E-001   1.1758E-001  -1.3492E-001  -3.7646E-001  -8.3968E-002  -1.7367E-002  -7.5568E-002  -5.0008E-001   1.7832E-001   1.4400E-002  -8.8126E-003   4.3971E-002   1.4301E-003  -2.1786E-001   8.9986E-001  -4.2227E-003   2.1465E-001   7.9761E-001  
 2.3476E+000  -1.0937E+000   1.4114E+000   1.6139E-001   1.1635E-002   4.6205E-003  -9.2304E-002   7.9128E-002  -1.1896E-001  -2.4510E-001  -3.7796E-002  -1.7609E-002  -7.3439E-002  -4.0916E-001   1.9237E-001   1.6650E-002  -2.2311E-002   3.5295E-002   1.7617E-002  -2.1314E-001   8.8745E-001  -4.2311E-004   2.2030E-001   7.8343E-001  
 1.9404E+000  -1.2886E+000   1.3289E+000   1.8848E-001  -1.5242E-001  -1.8227E-003  -4.8949E-002   5.4187E-002  -9.7943E-002  -1.4654E-001  -6.7985E-003  -2.0752E-003  -6.4752E-002  -3.3363E-001   2.0695E-001   1.6386E-002  -1.9792E-002   2.6515E-002   1.9503E-002  -2.1195E-001   8.8775E-001  -7.2211E-003   2.1868E-001   8.2327E-001  
 1.5774E+000  -1.4275E+000   1.1107E+000   1.9091E-001  -2.1170E-001   6.0490E-002  -2.3875E-002   3.9853E-002  -7.1341E-002  -7.5253E-002   1.6380E-002   1.6479E-002  -5.4125E-002  -2.6556E-001   2.2154E-001   1.8788E-002  -1.5112E-002   1.7002E-002   1.3762E-002  -2.1374E-001   8.9293E-001  -1.3506E-002   2.1440E-001   8.7483E-001  
 1.2893E+000  -1.5215E+000   7.9963E-001   1.8213E-001  -1.8807E-001   1.4085E-001  -9.4607E-003   3.0806E-002  -3.9053E-002  -2.4793E-002   3.1987E-002   3.0923E-002  -3.9750E-002  -1.9930E-001   2.3780E-001   2.1202E-002  -1.0784E-002   7.1428E-003   6.5654E-003  -2.1542E-001   8.9939E-001  -1.7100E-002   2.0972E-001   8.6311E-001  
 1.1035E+000  -1.5761E+000   4.2890E-001   1.7268E-001  -1.0655E-001   2.0445E-001  -2.5352E-004   2.5549E-002  -4.4997E-003   9.9714E-003   4.0408E-002   3.9882E-002  -2.1837E-002  -1.3240E-001   2.5417E-001   2.3075E-002  -6.2269E-003  -5.8947E-004  -9.7705E-004  -2.1659E-001   9.0392E-001  -1.8408E-002   2.0649E-001   8.4498E-001  
 1.0409E+000  -1.5939E+000   3.3243E-002   1.6899E-001   3.3037E-003   2.2838E-001   6.1830E-003   2.3898E-002   2.8827E-002   3.1026E-002   4.3024E-002   4.2601E-002  -1.6321E-003  -6.5208E-002   2.7004E-001   2.3817E-002  -7.9082E-004  -5.8279E-003  -7.9517E-003  -2.1695E-001   9.0531E-001  -1.8560E-002   2.0560E-001   8.1946E-001  
 1.1064E+000  -1.5762E+000  -3.6210E-001   1.7347E-001   1.1246E-001   2.0560E-001   1.2101E-002   2.5612E-002   5.8607E-002   3.9111E-002   4.0176E-002   3.8667E-002   1.9398E-002   2.3946E-003   2.8555E-001   2.3389E-002   5.2572E-003  -8.5576E-003  -1.4102E-002  -2.1646E-001   9.0365E-001  -1.7692E-002   2.0686E-001   7.8725E-001  
 1.2951E+000  -1.5216E+000  -7.3219E-001   1.8385E-001   1.9210E-001   1.4307E-001   2.0288E-002   3.0794E-002   8.2254E-002   3.3559E-002   3.1299E-002   2.8447E-002   3.9015E-002   7.0583E-002   3.0091E-001   2.1822E-002   1.0823E-002  -8.3625E-003  -1.8650E-002  -2.1513E-001   8.9904E-001  -1.5733E-002   2.1020E-001   7.9260E-001  
 1.5865E+000  -1.4278E+000  -1.0438E+000   1.9180E-001   2.1260E-001   6.3751E-002   3.4297E-002   4.0221E-002   9.6497E-002   1.3714E-002   1.6289E-002   1.4677E-002   5.3755E-002   1.3894E-001   3.1674E-001   1.8670E-002   1.3244E-002  -4.5223E-003  -2.0802E-002  -2.1305E-001   8.9288E-001  -1.3897E-002   2.1464E-001   8.7438E-001  
 1.9513E+000  -1.2918E+000  -1.2683E+000   1.8169E-001   1.4417E-001   5.1715E-003   5.4652E-002   5.3074E-002   9.7461E-002  -1.8344E-002  -9.2017E-003   2.9522E-003   5.6675E-002   2.1048E-001   3.3738E-001   1.0825E-002   6.0480E-003   8.5532E-003  -1.9880E-002  -2.1189E-001   8.8979E-001  -1.6511E-002   2.1657E-001   8.9795E-001  
 2.3526E+000  -1.1102E+000  -1.3698E+000   1.3172E-001  -4.6140E-002   1.7212E-002   8.1650E-002   6.6106E-002   7.6842E-002  -6.0998E-002  -5.1193E-002  -2.3734E-003   3.8406E-002   2.8950E-001   3.6570E-001  -5.9659E-003  -1.5013E-002   3.4836E-002  -1.7645E-002  -2.1196E-001   8.9311E-001  -2.3733E-002   2.1413E-001   8.9266E-001  
 2.7422E+000  -8.8030E-001  -1.3010E+000   2.3183E-002  -3.8616E-001   1.6143E-001   1.1836E-001   7.7179E-002   2.6314E-002  -1.0986E-001  -1.1021E-001   3.8731E-003  -5.6792E-003   3.7964E-001   4.0877E-001  -2.7917E-002  -4.3386E-002   7.7158E-002  -1.4392E-002  -2.1735E-001   9.0831E-001  -2.4220E-002   2.0554E-001   8.1400E-001  
 3.5365E+000  -3.5164E-001  -4.5395E-001   8.8360E-002  -6.4242E-001   2.2390E-001   3.7030E-001   1.4793E-001  -1.8998E-001  -2.6765E-001  -1.2890E-001  -4.7988E-002  -6.3872E-002   6.0660E-001   4.8651E-001  -1.8446E-002  -2.0929E-002   1.9988E-001  -5.7167E-002  -2.3481E-001   1.0523E+000  -1.1581E-002   1.4205E-001   4.8403E-001  
 2.3463E+000  -1.3802E+000   1.1371E+000   1.5188E-001   2.0700E-002  -1.7204E-002  -7.2005E-002   8.9439E-002  -1.6017E-001  -1.7090E-001  -4.2006E-002   3.3499E-003  -6.5145E-002  -3.5532E-001   2.8439E-001   6.1279E-003  -1.5835E-002   1.9237E-002   3.4463E-002  -2.1095E-001   8.8935E-001  -7.7021E-003   2.1834E-001   8.4863E-001  
 2.0395E+000  -1.5673E+000   9.7582E-001   1.7608E-001  -1.0133E-001   4.6717E-002  -3.8177E-002   6.8814E-002  -1.1103E-001  -7.5510E-002  -1.6475E-002   2.3194E-002  -5.4122E-002  -2.8455E-001   2.9611E-001   8.3850E-003  -1.0888E-002   9.4396E-003   2.5433E-002  -2.1163E-001   8.8921E-001  -1.4555E-002   2.1690E-001   8.7932E-001  
 1.7950E+000  -1.6937E+000   7.1409E-001   1.8444E-001  -1.2332E-001   1.2841E-001  -1.7182E-002   5.6392E-002  -5.8633E-002  -7.5680E-003   1.1333E-003   3.9550E-002  -3.9176E-002  -2.1712E-001   3.0950E-001   1.1598E-002  -6.3117E-003  -2.7305E-004   1.3894E-002  -2.1315E-001   8.9182E-001  -1.8989E-002   2.1459E-001   9.0002E-001  
 1.6373E+000  -1.7660E+000   3.8751E-001   1.8759E-001  -7.6347E-002   1.9334E-001  -3.7564E-003   5.0491E-002  -5.4972E-003   3.8924E-002   1.2130E-002   5.0737E-002  -2.1631E-002  -1.4995E-001   3.2327E-001   1.6685E-002  -3.3403E-003  -8.4768E-003   1.0083E-003  -2.1422E-001   8.9356E-001  -1.8498E-002   2.1338E-001   8.9146E-001  
 1.5844E+000  -1.7881E+000   3.3498E-002   1.9025E-001   5.5735E-003   2.1895E-001   6.3485E-003   4.9434E-002   4.6239E-002   6.7004E-002   1.6097E-002   5.5748E-002  -1.2400E-003  -8.2492E-002   3.3714E-001   2.1673E-002   2.0032E-004  -1.3532E-002  -1.1170E-002  -2.1446E-001   8.9335E-001  -1.5262E-002   2.1385E-001   8.6376E-001  
 1.6409E+000  -1.7621E+000  -3.1956E-001   1.9382E-001   8.7774E-002   1.9828E-001   1.6622E-002   5.2951E-002   9.6108E-002   7.7856E-002   1.3414E-002   5.3936E-002   2.1608E-002  -1.4392E-002   3.5259E-001   2.5213E-002   5.3306E-003  -1.5303E-002  -2.0399E-002  -2.1378E-001   8.9209E-001  -1.0911E-002   2.1517E-001   8.4614E-001  
 1.8025E+000  -1.6866E+000  -6.4485E-001   1.9525E-001   1.3373E-001   1.3839E-001   2.9634E-002   6.1691E-002   1.4097E-001   7.1012E-002   4.0707E-003   4.5776E-002   4.2788E-002   5.4651E-002   3.6887E-001   2.6270E-002   9.8338E-003  -1.3371E-002  -2.7565E-002  -2.1235E-001   8.8936E-001  -6.8273E-003   2.1756E-001   7.9535E-001  
 2.0497E+000  -1.5607E+000  -9.0933E-001   1.8417E-001   1.0539E-001   6.2371E-002   4.6927E-002   7.4772E-002   1.7602E-001   4.7145E-002  -1.4427E-002   3.3896E-002   5.4731E-002   1.2598E-001   3.8678E-001   2.1387E-002   8.0414E-003  -4.6408E-003  -3.3630E-002  -2.1020E-001   8.8735E-001  -7.1678E-003   2.1922E-001   8.3663E-001  
 2.3566E+000  -1.3786E+000  -1.0816E+000   1.4746E-001  -3.1930E-002   8.2189E-003   7.0756E-002   9.3221E-002   1.9933E-001   7.6506E-003  -4.4374E-002   2.4632E-002   5.2011E-002   2.0170E-001   4.1153E-001   1.0575E-002  -3.8846E-003   1.5120E-002  -3.6125E-002  -2.0978E-001   8.9036E-001  -1.1882E-002   2.1744E-001   8.7093E-001  
 2.7450E+000  -1.3019E+000   8.8812E-001   5.6095E-002   3.2924E-001  -1.7658E-001  -1.0287E-001   1.3340E-001  -2.3364E-001  -1.9137E-001  -9.5954E-002  -1.5348E-002  -4.8133E-002  -3.8790E-001   3.7894E-001  -2.2955E-002  -6.9351E-003  -4.7844E-003   6.1523E-002  -2.1267E-001   9.0552E-001  -1.3515E-002   2.0986E-001   7.9088E-001  
 2.4973E+000  -1.5450E+000   8.0238E-001   1.0424E-001   1.1702E-001  -1.0860E-001  -5.4984E-002   1.0469E-001  -1.5504E-001  -6.5008E-002  -6.8523E-002   8.1262E-003  -3.7289E-002  -3.1106E-001   3.8447E-001  -2.1092E-002  -1.3623E-003  -1.2076E-002   4.8750E-002  -2.1173E-001   8.9749E-001  -2.0683E-002   2.1209E-001   8.4327E-001  
 2.3025E+000  -1.7047E+000   6.0362E-001   1.3684E-001   1.5074E-002  -2.2122E-002  -2.6217E-002   9.2308E-002  -7.9005E-002   2.4876E-002  -4.6151E-002   3.0451E-002  -2.6926E-002  -2.4077E-001   3.9109E-001  -1.2927E-002   1.6343E-003  -1.9421E-002   2.9956E-002  -2.1276E-001   8.9319E-001  -2.3882E-002   2.1347E-001   8.9285E-001  
 2.1774E+000  -1.7933E+000   3.3460E-001   1.5867E-001  -7.4760E-003   4.7742E-002  -6.9350E-003   8.9237E-002  -2.9834E-003   8.7209E-002  -3.0350E-002   4.8692E-002  -1.3506E-002  -1.7175E-001   3.9904E-001  -5.1918E-005   2.8305E-003  -2.4903E-002   9.4796E-003  -2.1423E-001   8.8953E-001  -2.0103E-002   2.1572E-001   8.8665E-001  
 2.1358E+000  -1.8192E+000   3.6210E-002   1.6944E-001   1.3182E-002   7.6337E-002   9.3318E-003   8.9923E-002   7.4546E-002   1.2386E-001  -2.4291E-002   5.7578E-002   5.7842E-003  -1.0336E-001   4.1126E-001   9.9328E-003   5.4434E-003  -2.8822E-002  -7.1925E-003  -2.1427E-001   8.8786E-001  -1.4360E-002   2.1741E-001   8.8239E-001  
 2.1832E+000  -1.7826E+000  -2.6171E-001   1.7257E-001   3.3208E-002   5.9306E-002   2.4980E-002   9.6723E-002   1.4962E-001   1.3837E-001  -2.6172E-002   5.9246E-002   2.6086E-002  -3.4325E-002   4.2513E-001   1.7922E-002   8.0542E-003  -2.8973E-002  -2.2154E-002  -2.1358E-001   8.8627E-001  -7.5896E-003   2.1944E-001   8.2908E-001  
 2.3172E+000  -1.6789E+000  -5.2828E-001   1.6702E-001   1.1998E-002   6.6282E-003   4.4373E-002   1.1326E-001   2.2338E-001   1.3310E-001  -3.4672E-002   5.7548E-002   4.5595E-002   3.7491E-002   4.4402E-001   2.5007E-002   9.8963E-003  -2.1832E-002  -3.2541E-002  -2.1268E-001   8.8749E-001  -9.3444E-004   2.2001E-001   7.6434E-001  
 2.5198E+000  -1.5094E+000  -7.2946E-001   1.3992E-001  -9.4738E-002  -5.9908E-002   6.8322E-002   1.3683E-001   2.9007E-001   1.0747E-001  -5.3964E-002   5.2476E-002   5.4718E-002   1.1266E-001   4.6779E-001   2.3438E-002   4.7818E-003  -5.7642E-003  -4.0503E-002  -2.1187E-001   8.9208E-001  -1.0432E-003   2.1832E-001   8.0231E-001  
 2.7636E+000  -1.2736E+000  -8.3694E-001   7.1236E-002  -3.3504E-001  -1.0371E-001   9.4186E-002   1.6219E-001   3.4251E-001   6.5506E-002  -9.0701E-002   4.8416E-002   3.9197E-002   1.9683E-001   4.9963E-001   7.6897E-003  -1.4996E-002   2.4746E-002  -4.8568E-002  -2.1197E-001   9.0358E-001  -9.0008E-003   2.1216E-001   7.7867E-001  
 3.1794E+000  -1.0097E+000   3.5784E-001  -9.8647E-002   5.8265E-001  -8.2471E-001  -2.5984E-001   1.2733E-001  -3.1660E-001  -5.8042E-001  -1.7662E-001  -2.2243E-001  -7.9646E-002  -6.7979E-001   6.7499E-001  -6.5856E-002   1.6464E-002  -1.8844E-001   1.2822E-001  -2.7406E-001   1.0942E+000  -1.5228E-002   1.4506E-001   4.5361E-001  
 2.8033E+000  -1.4630E+000   6.3242E-001  -1.5768E-001   5.5186E-001  -6.0930E-001  -3.4862E-002   2.3938E-002  -9.4748E-002  -1.2301E-001  -1.8008E-001  -1.2010E-001   5.6183E-002  -3.8439E-001   5.8915E-001  -9.6784E-002   2.2201E-002  -8.8489E-002   1.3355E-001  -2.1912E-001   9.8594E-001  -1.5829E-002   1.7840E-001   6.6759E-001  
 2.7620E+000  -1.5095E+000   4.6662E-001   9.3987E-003   2.4508E-001  -3.9163E-001  -3.3739E-002   1.3554E-001  -9.2856E-002   7.2299E-002  -1.1578E-001  -1.0272E-002   3.5777E-003  -2.7720E-001   4.9311E-001  -5.2568E-002   1.3695E-002  -5.5547E-002   5.9860E-002  -2.1780E-001   9.1042E-001  -2.4307E-002   2.0413E-001   7.9828E-001  
 2.6712E+000  -1.6179E+000   2.7295E-001   4.9700E-002   1.1622E-001  -3.1602E-001  -4.5274E-003   1.3449E-001   1.6445E-002   1.5251E-001  -9.7227E-002   1.3420E-002   1.2711E-002  -2.0565E-001   4.9729E-001  -3.8136E-002   1.4979E-002  -5.9076E-002   3.4743E-002  -2.1902E-001   9.0436E-001  -2.3407E-002   2.0734E-001   8.1672E-001  
 2.6477E+000  -1.6382E+000   4.5007E-002   7.8081E-002   3.4258E-002  -2.7528E-001   1.9102E-002   1.4702E-001   1.2461E-001   2.0481E-001  -8.4477E-002   3.4699E-002   2.4926E-002  -1.3354E-001   5.0484E-001  -1.7686E-002   1.5022E-002  -5.7260E-002   1.0590E-002  -2.1957E-001   9.0021E-001  -1.6196E-002   2.1082E-001   8.0408E-001  
 2.6932E+000  -1.5771E+000  -1.8092E-001   9.0894E-002  -4.5729E-002  -2.7729E-001   4.3028E-002   1.6946E-001   2.3440E-001   2.3108E-001  -8.0138E-002   5.0246E-002   4.0287E-002  -5.9447E-002   5.1797E-001   1.7655E-003   1.4944E-002  -4.9584E-002  -1.0027E-002  -2.1894E-001   8.9877E-001  -7.5972E-003   2.1354E-001   7.7027E-001  
 2.8028E+000  -1.4367E+000  -3.7280E-001   7.9297E-002  -1.7370E-001  -3.1651E-001   6.9969E-002   1.9876E-001   3.4379E-001   2.3060E-001  -8.8045E-002   5.7289E-002   5.1806E-002   1.7644E-002   5.3739E-001   1.1830E-002   1.1241E-002  -3.5202E-002  -2.7607E-002  -2.1754E-001   9.0150E-001  -3.8070E-003   2.1396E-001   7.4663E-001  
 3.0831E+000  -1.0416E+000  -4.2711E-001   1.6097E-001  -2.7646E-001  -2.3729E-001   1.5644E-001   3.7746E-001   5.8563E-001   2.7156E-001  -6.6166E-002   1.4431E-001   1.2749E-001   1.0735E-001   6.7847E-001   4.7437E-002   1.3561E-002   2.0882E-002   2.0852E-002  -2.3863E-001   9.7881E-001  -1.2455E-002   1.8918E-001   7.1952E-001  
 2.6331E+000  -1.4481E+000  -9.9006E-001  -4.1097E-001  -1.3033E+000  -4.0976E-001  -1.1105E-001   4.9793E-002   3.5101E-001   4.4103E-001  -2.5855E-001   1.0753E-001  -1.5853E-001   3.8173E-001   7.2947E-001  -1.0830E-001  -7.7721E-002   1.3881E-001  -2.9927E-002  -2.1559E-001   1.0713E+000  -2.2759E-002   1.3961E-001   5.8581E-001  
