 3.9739E+000  -4.8232E-001  -2.8738E-001   1.0156E+000   4.7946E-001   2.6578E-001  -7.3457E-001  -1.2766E+000  -1.2741E+000  -6.9530E-003   2.0891E-001   5.6833E-001   9.8326E-001  -3.7854E-001   6.6055E-001  -3.4769E-001  -2.0086E-001   1.3932E-004  -1.0085E+000   3.6851E-002  -2.0695E-002   4.0776E-002   2.5765E-001   1.3070E+000  
 3.2065E+000   6.4657E-001   1.2946E-001   3.5226E-001   1.9727E-001  -3.6454E-002  -2.3197E-001  -5.1598E-001  -7.2662E-001  -1.8213E-001   3.9777E-002   3.0163E-001   4.6769E-001  -2.0083E-001   5.5007E-001  -2.0998E-001  -1.1523E-001  -1.2826E-002  -7.6658E-001   3.3204E-002  -4.8179E-002   6.0132E-002   2.7849E-001   1.5042E+000  
 2.8504E+000   1.2290E+000   1.1826E-001   1.5110E-001   1.9504E-001  -1.9473E-001  -7.0862E-002  -2.3992E-001  -3.9051E-001  -2.0249E-001  -4.7793E-002   1.4738E-001   2.8523E-001  -1.1827E-001   4.0605E-001  -8.8595E-002  -6.0939E-002   2.7738E-002  -6.6801E-001  -4.9220E-003   1.3009E-002   4.0752E-002   3.1224E-001   1.4253E+000  
 2.7196E+000   1.4820E+000  -7.4802E-002   1.2424E-001   2.9778E-001  -2.1303E-001  -2.4161E-002  -1.8718E-001  -2.5424E-001  -2.3611E-001  -6.2451E-002   9.8722E-002   2.4348E-001  -6.2757E-002   3.9494E-001  -4.0530E-002  -4.6936E-002   4.1646E-002  -6.7365E-001  -1.7181E-003   1.7997E-002   1.5147E-002   3.2004E-001   1.3479E+000  
 2.6604E+000   1.6448E+000  -3.0363E-001   8.4739E-002   3.7280E-001  -2.6657E-001   4.2927E-003  -1.5134E-001  -1.4189E-001  -2.3601E-001  -8.2122E-002   4.3610E-002   2.2109E-001  -1.2174E-002   3.9564E-001   9.6958E-003  -4.3223E-002   5.4110E-002  -6.9104E-001   4.1297E-003   1.8210E-002  -1.3204E-002   3.2238E-001   1.2795E+000  
 2.6691E+000   1.7286E+000  -5.3262E-001   2.6846E-002   4.6589E-001  -3.6425E-001   2.0060E-002  -1.2350E-001  -5.3021E-002  -2.0891E-001  -1.1136E-001  -1.8818E-002   2.2027E-001   4.1206E-002   4.0876E-001   6.3702E-002  -5.0288E-002   6.0503E-002  -7.2000E-001   8.1589E-003   1.2454E-002  -4.1657E-002   3.1875E-001   1.2634E+000  
 2.7347E+000   1.7402E+000  -7.3093E-001  -6.0241E-002   6.2867E-001  -5.0145E-001   2.4953E-002  -9.5059E-002   9.8121E-003  -1.5946E-001  -1.5598E-001  -8.8446E-002   2.4839E-001   1.0540E-001   4.3232E-001   1.2363E-001  -7.0925E-002   5.5538E-002  -7.6016E-001   6.4701E-003   4.1741E-003  -6.7862E-002   3.0888E-001   1.3190E+000  
 2.6661E+000   1.9271E+000  -9.7388E-001  -3.8772E-001   1.0955E+000  -8.1845E-001  -7.6236E-002   1.5212E-001  -1.4706E-001  -3.3922E-002  -3.0076E-001  -2.8010E-001   4.4543E-001   2.0336E-001   5.9329E-001   2.7026E-001  -1.4118E-001   6.5241E-002  -9.0851E-001  -3.9288E-002  -6.0024E-002  -8.8512E-002   2.6613E-001   1.4079E+000  
 2.0782E+000   2.6901E+000  -1.5484E+000  -1.4020E+000   2.2796E+000  -1.3276E+000  -5.7330E-001   9.9425E-001  -6.2751E-001  -1.9197E-003  -6.1309E-001  -6.2479E-001   1.0792E+000   4.2199E-001   7.3927E-001   4.9653E-001  -2.8601E-001   2.4933E-003  -1.2079E+000  -5.1765E-002  -2.9833E-002  -7.6061E-002   2.2598E-001   1.2234E+000  
 2.8313E+000   9.2290E-001   6.9035E-001   1.8582E-001   4.1195E-002   9.8821E-002  -1.4384E-001  -2.1671E-001  -4.5540E-001   5.7311E-002  -2.9765E-002   1.7520E-001   3.0073E-001  -2.3218E-001   3.4823E-001  -1.1754E-001  -6.6256E-002  -6.6611E-003  -6.6334E-001  -1.4464E-002   5.6181E-003   5.5892E-002   3.0739E-001   1.4809E+000  
 2.5536E+000   1.2755E+000   5.8309E-001   1.9485E-001   2.2508E-001   9.1233E-002  -7.3579E-002  -1.5160E-001  -3.4430E-001  -4.0937E-002  -2.7508E-002   1.4534E-001   2.5284E-001  -1.6465E-001   3.2981E-001  -8.6436E-002  -4.9696E-002   4.8744E-003  -6.5710E-001  -1.9721E-002   1.4997E-002   4.1873E-002   3.1500E-001   1.4451E+000  
 2.3362E+000   1.5373E+000   3.6932E-001   1.9161E-001   3.0702E-001   1.0667E-001  -2.8433E-002  -1.1210E-001  -2.4512E-001  -1.0159E-001  -2.6653E-002   1.1688E-001   2.1199E-001  -1.0689E-001   3.1661E-001  -5.6946E-002  -3.4754E-002   1.5792E-002  -6.5840E-001  -1.8595E-002   2.5619E-002   2.2453E-002   3.2174E-001   1.3912E+000  
 2.1966E+000   1.7198E+000   8.9957E-002   1.8337E-001   3.2017E-001   1.0994E-001  -1.1393E-003  -9.3528E-002  -1.5913E-001  -1.3308E-001  -2.4483E-002   8.8980E-002   1.8089E-001  -5.5644E-002   3.1121E-001  -3.3033E-002  -2.5245E-002   2.5579E-002  -6.6769E-001  -9.5520E-003   3.3214E-002   3.6734E-003   3.2533E-001   1.3305E+000  
 2.1463E+000   1.8308E+000  -2.1323E-001   1.7114E-001   2.9866E-001   7.8262E-002   1.6511E-002  -8.9041E-002  -8.4171E-002  -1.4181E-001  -2.4262E-002   5.9732E-002   1.5745E-001  -4.9915E-003   3.1279E-001  -1.3113E-002  -2.0665E-002   3.0634E-002  -6.8181E-001   1.9416E-003   3.3632E-002  -1.2321E-002   3.2695E-001   1.2664E+000  
 2.1849E+000   1.8798E+000  -5.0868E-001   1.5038E-001   2.8224E-001   8.3588E-004   2.9460E-002  -9.0498E-002  -1.8383E-002  -1.2799E-001  -3.2160E-002   2.3179E-002   1.4246E-001   4.7052E-002   3.1784E-001   9.8997E-003  -2.1389E-002   3.1142E-002  -6.9826E-001   1.2459E-002   3.0149E-002  -2.8357E-002   3.2731E-001   1.2484E+000  
 2.3035E+000   1.8723E+000  -7.6813E-001   1.1138E-001   3.1670E-001  -1.1965E-001   3.8997E-002  -8.9989E-002   3.2058E-002  -9.0004E-002  -5.5410E-002  -2.5796E-002   1.4351E-001   1.0296E-001   3.3020E-001   4.3507E-002  -3.0263E-002   2.6754E-002  -7.1999E-001   1.8384E-002   2.0007E-002  -4.7353E-002   3.2383E-001   1.2932E+000  
 2.4806E+000   1.8108E+000  -9.5984E-001   4.1176E-002   4.5067E-001  -2.6059E-001   4.2987E-002  -8.1454E-002   5.8176E-002  -3.2256E-002  -9.9279E-002  -8.4692E-002   1.7177E-001   1.7017E-001   3.4897E-001   8.9815E-002  -5.1360E-002   1.1858E-002  -7.4883E-001   1.4694E-002   9.5070E-003  -6.7655E-002   3.1473E-001   1.3340E+000  
 2.6895E+000   1.6925E+000  -1.0523E+000  -7.4592E-002   7.2885E-001  -3.8575E-001   4.2573E-002  -6.3155E-002   5.7132E-002   4.2434E-002  -1.6421E-001  -1.4663E-001   2.3238E-001   2.5189E-001   3.6811E-001   1.4455E-001  -8.4342E-002  -1.6435E-002  -7.8136E-001   5.9061E-003   3.8445E-003  -8.3163E-002   3.0338E-001   1.3618E+000  
 2.3814E+000   1.1303E+000   1.0417E+000   1.9340E-001   2.4058E-001   2.0010E-001  -8.2756E-002  -9.4337E-002  -2.7163E-001   8.1886E-002  -2.6146E-002   1.3009E-001   2.1878E-001  -2.1227E-001   2.6686E-001  -6.5613E-002  -3.5587E-002  -1.2522E-002  -6.5702E-001  -2.9491E-002   6.4846E-003   2.7443E-002   3.1998E-001   1.4031E+000  
 2.0634E+000   1.3881E+000   8.4449E-001   2.0562E-001   3.5524E-001   2.0621E-001  -3.8314E-002  -6.2879E-002  -2.1177E-001   6.4597E-003  -1.3256E-002   1.1053E-001   1.9090E-001  -1.5369E-001   2.5671E-001  -5.0394E-002  -2.8500E-002  -1.4265E-003  -6.6073E-001  -3.1861E-002   1.6977E-002   1.5808E-002   3.2189E-001   1.3714E+000  
 1.8128E+000   1.5780E+000   5.5580E-001   2.0674E-001   3.7599E-001   2.3517E-001  -1.2120E-002  -4.9170E-002  -1.5895E-001  -4.2830E-002  -8.7730E-004   9.6276E-002   1.6721E-001  -1.0221E-001   2.5486E-001  -4.2303E-002  -2.2293E-002   6.3895E-003  -6.7320E-001  -2.3399E-002   2.4751E-002   6.4087E-003   3.2105E-001   1.3391E+000  
 1.6506E+000   1.7148E+000   2.1432E-001   1.9905E-001   3.2736E-001   2.4665E-001   4.2357E-003  -4.4268E-002  -1.0595E-001  -7.0420E-002   8.6082E-003   7.8617E-002   1.4122E-001  -5.1029E-002   2.5334E-001  -3.2624E-002  -1.4544E-002   1.2081E-002  -6.8369E-001  -1.2820E-002   3.0613E-002  -4.5344E-003   3.2114E-001   1.2925E+000  
 1.5951E+000   1.8001E+000  -1.4495E-001   1.9062E-001   2.4521E-001   2.1928E-001   1.4915E-002  -4.7694E-002  -5.6864E-002  -7.8323E-002   1.5569E-002   5.6055E-002   1.1743E-001  -1.6341E-003   2.5351E-001  -2.2788E-002  -8.8429E-003   1.5993E-002  -6.9364E-001   6.1552E-004   3.2771E-002  -1.4409E-002   3.2203E-001   1.2385E+000  
 1.6491E+000   1.8376E+000  -4.9441E-001   1.8270E-001   1.6445E-001   1.4541E-001   2.4150E-002  -5.5648E-002  -1.3109E-002  -6.8105E-002   1.5905E-002   2.6546E-002   9.7521E-002   4.8377E-002   2.5611E-001  -1.0962E-002  -5.8739E-003   1.6415E-002  -7.0289E-001   1.3640E-002   2.9271E-002  -2.3714E-002   3.2418E-001   1.2320E+000  
 1.8059E+000   1.8276E+000  -8.0716E-001   1.7159E-001   1.2209E-001   3.1317E-002   3.3411E-002  -6.4745E-002   2.2026E-002  -4.0022E-002   4.5906E-003  -1.0895E-002   8.5898E-002   1.0205E-001   2.6043E-001   4.9582E-003  -7.4227E-003   1.0894E-002  -7.1138E-001   2.2581E-002   2.2515E-002  -3.3217E-002   3.2583E-001   1.2613E+000  
 2.0464E+000   1.7666E+000  -1.0475E+000   1.5096E-001   1.5394E-001  -9.8703E-002   4.4634E-002  -7.5529E-002   4.6118E-002   6.3207E-003  -1.9768E-002  -5.3848E-002   8.4799E-002   1.5853E-001   2.6386E-001   2.3855E-002  -1.2664E-002  -1.4586E-003  -7.1614E-001   2.8772E-002   1.5475E-002  -4.0830E-002   3.2675E-001   1.2781E+000  
 2.3399E+000   1.6591E+000  -1.1878E+000   9.7819E-002   3.0351E-001  -2.1423E-001   5.5888E-002  -7.9257E-002   4.3899E-002   7.1227E-002  -6.4517E-002  -1.0529E-001   1.0959E-001   2.2607E-001   2.7344E-001   5.7100E-002  -2.8938E-002  -2.1881E-002  -7.2756E-001   2.3623E-002   7.7523E-003  -5.2526E-002   3.2180E-001   1.3013E+000  
 3.0207E+000  -2.4417E-002   1.4949E+000  -2.0578E-001  -3.8439E-001   1.4310E+000   4.0636E-002  -3.7086E-001  -7.7758E-001   3.2693E-001  -2.0711E-001   6.7060E-001   3.1437E-001  -7.0656E-001   4.5109E-001  -1.1351E-001   1.7114E-001  -1.0013E-001  -1.0275E+000   8.4946E-002   4.2238E-002  -1.8515E-002   2.4346E-001   1.1164E+000  
 2.7744E+000   5.5857E-001   1.4178E+000   8.0711E-002  -1.1425E-001   4.6651E-001  -1.5416E-001  -1.0493E-001  -2.1185E-001   2.6360E-001  -8.3597E-002   1.7953E-001   1.7994E-001  -3.3979E-001   2.3967E-001  -4.8307E-002   1.6707E-002  -5.4214E-002  -6.8628E-001  -1.0938E-002  -8.9672E-003  -2.3641E-004   3.1945E-001   1.3179E+000  
 2.3710E+000   8.6505E-001   1.4374E+000   1.6901E-001   1.8005E-001   2.5834E-001  -1.0049E-001  -6.4047E-002  -1.8081E-001   1.6310E-001  -3.5458E-002   1.2450E-001   1.7811E-001  -2.6226E-001   2.1556E-001  -4.4304E-002  -1.4288E-002  -3.0651E-002  -6.6621E-001  -2.9623E-002  -8.8205E-003   7.3764E-003   3.2514E-001   1.3390E+000  
 1.9613E+000   1.1085E+000   1.2970E+000   2.0042E-001   3.4835E-001   1.9756E-001  -5.4618E-002  -3.8349E-002  -1.5747E-001   8.4213E-002  -8.4039E-003   1.0093E-001   1.6686E-001  -2.0365E-001   2.0599E-001  -3.9281E-002  -2.1969E-002  -1.5051E-002  -6.6994E-001  -3.4581E-002  -7.1197E-004   4.8174E-003   3.2290E-001   1.3313E+000  
 1.5935E+000   1.2965E+000   1.0371E+000   2.0252E-001   4.0875E-001   2.0899E-001  -2.3644E-002  -2.2970E-002  -1.3115E-001   2.8139E-002   8.4049E-003   8.6927E-002   1.5055E-001  -1.5219E-001   2.0240E-001  -3.5117E-002  -2.1570E-002  -4.4209E-003  -6.8165E-001  -3.0766E-002   9.6671E-003  -3.1481E-004   3.1953E-001   1.3148E+000  
 1.3020E+000   1.4383E+000   6.9763E-001   1.9134E-001   3.8617E-001   2.4023E-001  -5.6169E-003  -1.6023E-002  -1.0227E-001  -9.6513E-003   2.1547E-002   7.5694E-002   1.3101E-001  -1.0159E-001   2.0244E-001  -3.2436E-002  -1.6745E-002   1.7245E-003  -6.9480E-001  -2.2420E-002   1.7161E-002  -5.5631E-003   3.1605E-001   1.2925E+000  
 1.1152E+000   1.5402E+000   3.1024E-001   1.7785E-001   3.0704E-001   2.5408E-001   2.6297E-003  -1.6673E-002  -7.2550E-002  -3.1133E-002   3.3858E-002   6.2173E-002   1.0952E-001  -5.1173E-002   2.0357E-001  -2.9629E-002  -9.4666E-003   6.0214E-003  -7.0689E-001  -1.1191E-002   2.1694E-002  -1.1236E-002   3.1301E-001   1.2529E+000  
 1.0522E+000   1.6054E+000  -9.1195E-002   1.6887E-001   1.9845E-001   2.2827E-001   8.0330E-003  -2.2141E-002  -4.3130E-002  -3.8072E-002   4.2451E-002   4.2499E-002   8.7450E-002  -4.6855E-004   2.0420E-001  -2.4077E-002  -2.2698E-003   7.6606E-003  -7.1481E-001   1.3667E-004   2.3036E-002  -1.8424E-002   3.1261E-001   1.2032E+000  
 1.1172E+000   1.6352E+000  -4.8238E-001   1.6805E-001   8.8873E-002   1.5566E-001   1.4521E-002  -3.0964E-002  -1.6376E-002  -3.1152E-002   4.5576E-002   1.6206E-002   6.7753E-002   5.0569E-002   2.0446E-001  -1.7327E-002   2.2542E-003   6.4857E-003  -7.1819E-001   1.1332E-002   2.1457E-002  -2.4622E-002   3.1553E-001   1.2244E+000  
 1.3048E+000   1.6278E+000  -8.3760E-001   1.7420E-001   7.5525E-003   4.3040E-002   2.3492E-002  -4.2105E-002   5.0958E-003  -9.6845E-003   4.0766E-002  -1.6258E-002   5.1499E-002   1.0203E-001   2.0394E-001  -1.0907E-002   4.9574E-003   2.1187E-003  -7.1630E-001   2.2221E-002   1.6888E-002  -2.7322E-002   3.2074E-001   1.2442E+000  
 1.5925E+000   1.5824E+000  -1.1231E+000   1.7865E-001  -1.2840E-002  -8.6227E-002   3.3451E-002  -5.3119E-002   1.5044E-002   2.6918E-002   2.2970E-002  -5.5595E-002   4.2911E-002   1.5500E-001   2.0415E-001  -1.3551E-003   5.7839E-003  -6.9021E-003  -7.1154E-001   2.9559E-002   9.7956E-003  -2.8548E-002   3.2478E-001   1.2486E+000  
 1.9521E+000   1.4964E+000  -1.3080E+000   1.6732E-001   5.5730E-002  -1.9754E-001   4.7692E-002  -6.3958E-002   7.3176E-003   8.0539E-002  -9.3053E-003  -1.0092E-001   4.6979E-002   2.1088E-001   2.0597E-001   1.4673E-002   2.6396E-003  -2.0153E-002  -7.0509E-001   3.2573E-002   1.3389E-003  -3.0718E-002   3.2652E-001   1.2523E+000  
 2.3503E+000   1.3645E+000  -1.3520E+000   1.2222E-001   2.4299E-001  -2.4416E-001   7.3103E-002  -7.4594E-002  -2.7658E-002   1.5239E-001  -5.5202E-002  -1.4927E-001   6.8920E-002   2.7605E-001   2.0894E-001   3.7655E-002  -5.7745E-003  -3.9942E-002  -7.0056E-001   2.8397E-002  -2.9000E-003  -3.2458E-002   3.2592E-001   1.2576E+000  
 2.7463E+000   1.1841E+000  -1.1978E+000   3.0372E-002   5.7357E-001  -1.7953E-001   1.2559E-001  -8.1359E-002  -1.1218E-001   2.4880E-001  -1.1046E-001  -2.0807E-001   1.1175E-001   3.5960E-001   2.1975E-001   6.6473E-002  -1.0402E-002  -6.3930E-002  -7.0940E-001   1.2665E-002  -3.1621E-004  -2.7069E-002   3.1864E-001   1.2439E+000  
 3.0304E+000   1.2861E+000  -7.1403E-001  -1.8162E-001   1.4164E+000  -3.6876E-001   3.2206E-001   2.1012E-001  -7.8643E-001   3.1948E-001  -1.9722E-001  -6.1383E-001   4.1075E-001   7.4989E-001   3.7251E-001   1.9869E-001   2.2236E-002  -9.9525E-002  -1.0248E+000  -7.5917E-002   5.6979E-002  -1.6753E-002   2.4383E-001   1.1184E+000  
 2.8364E+000   3.2579E-001   1.6886E+000  -1.5532E-001  -3.4592E-001   9.3266E-001  -4.6019E-002  -4.9510E-002  -1.5639E-001   2.1601E-001  -1.9362E-001   3.2810E-001   6.1540E-002  -4.5448E-001   2.5972E-001  -5.9255E-003   1.4839E-001  -1.0995E-001  -7.7291E-001   3.7044E-002   6.8976E-003  -4.2365E-002   3.0607E-001   1.6364E+000  
 2.5101E+000   5.5657E-001   1.7176E+000   1.0269E-001   3.7317E-002   3.9956E-001  -1.1419E-001  -4.6199E-002  -8.4512E-002   1.9685E-001  -7.0371E-002   1.5296E-001   1.2273E-001  -3.2596E-001   1.7582E-001  -2.1941E-002   3.5441E-002  -4.9380E-002  -6.9382E-001  -1.6619E-002  -1.7179E-002  -2.4010E-002   3.2442E-001   1.2264E+000  
 2.0555E+000   7.6846E-001   1.6714E+000   1.7956E-001   2.4946E-001   1.9355E-001  -7.7878E-002  -2.7061E-002  -8.4384E-002   1.2898E-001  -1.5998E-002   9.9591E-002   1.3046E-001  -2.5631E-001   1.5902E-001  -2.5023E-002  -5.4431E-003  -2.7703E-002  -6.8066E-001  -2.8706E-002  -1.7715E-002  -1.1061E-002   3.2642E-001   1.2698E+000  
 1.5932E+000   9.3988E-001   1.4789E+000   1.9481E-001   3.5862E-001   1.3440E-001  -4.1811E-002  -1.4323E-002  -8.4352E-002   7.3693E-002   1.3049E-002   7.7737E-002   1.2527E-001  -2.0184E-001   1.5235E-001  -2.4752E-002  -1.8053E-002  -1.3751E-002  -6.8822E-001  -3.1452E-002  -8.8903E-003  -9.4297E-003   3.2102E-001   1.2676E+000  
 1.1796E+000   1.0728E+000   1.1766E+000   1.8192E-001   3.8286E-001   1.4842E-001  -1.6716E-002  -7.4017E-003  -7.8474E-002   3.2531E-002   3.0546E-002   6.6833E-002   1.1409E-001  -1.5244E-001   1.5275E-001  -2.4837E-002  -1.9896E-002  -6.4017E-003  -7.0335E-001  -2.5418E-002   1.8826E-004  -1.0490E-002   3.1388E-001   1.2591E+000  
 8.5340E-001   1.1739E+000   8.0079E-001   1.5861E-001   3.4290E-001   1.8034E-001  -4.2987E-003  -5.0429E-003  -6.6140E-002   5.3543E-003   4.4459E-002   5.7107E-002   9.8976E-002  -1.0277E-001   1.5391E-001  -2.4528E-002  -1.5672E-002  -1.2721E-003  -7.1671E-001  -1.7534E-002   7.5876E-003  -1.3172E-002   3.0790E-001   1.2403E+000  
 6.4424E-001   1.2477E+000   3.8156E-001   1.3694E-001   2.5844E-001   1.9391E-001  -8.0619E-005  -6.1610E-003  -5.0214E-002  -1.0485E-002   5.5702E-002   4.4862E-002   7.9930E-002  -5.1709E-002   1.5480E-001  -2.2466E-002  -6.2453E-003   2.4130E-003  -7.2660E-001  -8.8950E-003   1.2246E-002  -1.8795E-002   3.0397E-001   1.2147E+000  
 5.7236E-001   1.2946E+000  -5.0165E-002   1.2852E-001   1.5125E-001   1.6750E-001   2.5452E-003  -8.3349E-003  -3.3964E-002  -1.5412E-002   6.0241E-002   2.6737E-002   6.1265E-002  -1.2770E-004   1.5532E-001  -2.1285E-002   1.9427E-003   3.1331E-003  -7.3235E-001   4.8526E-005   1.3834E-002  -2.1835E-002   3.0347E-001   1.2051E+000  
 6.4400E-001   1.3165E+000  -4.7147E-001   1.3416E-001   4.2979E-002   9.4081E-002   6.2106E-003  -1.2753E-002  -2.0406E-002  -1.0236E-002   5.9999E-002   1.9724E-003   4.4865E-002   5.1616E-002   1.5510E-001  -1.9169E-002   7.6059E-003   1.7698E-003  -7.3267E-001   8.9331E-003   1.2172E-002  -2.3910E-002   3.0542E-001   1.2214E+000  
 8.5515E-001   1.3135E+000  -8.5908E-001   1.4981E-001  -4.4341E-002  -1.9390E-002   1.3008E-002  -2.0891E-002  -1.2281E-002   5.2451E-003   5.6197E-002  -2.9241E-002   3.1874E-002   1.0317E-001   1.5431E-001  -1.4316E-002   1.0252E-002  -9.2037E-004  -7.2760E-001   1.7443E-002   7.5584E-003  -2.6601E-002   3.1040E-001   1.2247E+000  
 1.1816E+000   1.2823E+000  -1.1786E+000   1.7145E-001  -8.6725E-002  -1.4840E-001   2.1656E-002  -3.0968E-002  -1.3341E-002   3.2572E-002   4.3204E-002  -6.6826E-002   2.1512E-002   1.5367E-001   1.5273E-001  -9.4734E-003   1.4418E-002  -6.7333E-003  -7.1642E-001   2.5253E-002   3.8643E-004  -2.4374E-002   3.1681E-001   1.2256E+000  
 1.5927E+000   1.2203E+000  -1.4001E+000   1.8637E-001  -6.2959E-002  -2.5712E-001   3.4281E-002  -4.2770E-002  -2.9264E-002   7.2471E-002   1.8329E-002  -1.0906E-001   1.7643E-002   2.0464E-001   1.5056E-001  -2.5997E-003   1.8420E-002  -1.6201E-002  -6.9948E-001   3.1357E-002  -7.6375E-003  -1.9432E-002   3.2301E-001   1.2153E+000  
 2.0543E+000   1.1235E+000  -1.4834E+000   1.7702E-001   4.8176E-002  -3.0102E-001   6.0533E-002  -5.5885E-002  -7.1571E-002   1.2888E-001  -1.7022E-002  -1.5626E-001   2.4363E-002   2.6114E-001   1.5182E-001   9.1902E-003   2.1096E-002  -2.7766E-002  -6.8349E-001   3.0240E-002  -1.4571E-002  -1.3960E-002   3.2661E-001   1.2306E+000  
 2.5241E+000   9.8628E-001  -1.3686E+000   1.3348E-001   2.6280E-001  -2.3024E-001   1.1901E-001  -7.0442E-002  -1.5768E-001   2.0575E-001  -5.6331E-002  -2.1368E-001   4.1540E-002   3.3142E-001   1.5674E-001   2.3546E-002   3.2176E-002  -4.2289E-002  -6.7704E-001   2.2063E-002  -1.2185E-002  -1.7277E-003   3.2462E-001   1.2874E+000  
 3.0364E+000   7.7725E-001  -8.8513E-001   1.1988E-001   5.5185E-001  -7.7483E-002   3.1781E-001  -1.0649E-001  -3.7192E-001   3.6389E-001  -6.7429E-002  -3.4934E-001   3.9017E-002   4.5647E-001   2.1659E-001   3.1855E-002   8.7911E-002  -3.1840E-002  -7.2010E-001  -2.5136E-002   1.2694E-002   1.3867E-002   3.1020E-001   1.4272E+000  
 2.7398E+000   2.6812E-001   1.8401E+000  -5.0676E-002  -1.3137E-001   7.7210E-001  -1.0010E-001  -3.1260E-002  -4.5960E-003   1.7854E-001  -1.5158E-001   2.5144E-001   5.6949E-002  -4.1958E-001   1.3928E-001  -1.7911E-003   1.3309E-001  -6.0014E-002  -7.5234E-001  -9.4786E-004  -8.4320E-003  -6.3354E-002   3.1067E-001   1.2881E+000  
 2.3084E+000   4.3025E-001   1.9135E+000   1.2287E-001   8.9734E-002   3.1780E-001  -9.8764E-002  -2.0263E-002  -6.3132E-003   1.3271E-001  -5.1355E-002   1.3156E-001   8.0962E-002  -3.2163E-001   1.1629E-001  -1.0535E-002   3.9393E-002  -3.6314E-002  -7.0605E-001  -1.4527E-002  -2.4783E-002  -3.7512E-002   3.2546E-001   1.2875E+000  
 1.8080E+000   5.6577E-001   1.8291E+000   1.8111E-001   2.2376E-001   1.1370E-001  -6.7816E-002  -1.0997E-002  -2.4261E-002   8.9051E-002   3.5719E-003   8.1091E-002   8.7443E-002  -2.5528E-001   1.0617E-001  -1.3957E-002  -2.6483E-003  -2.1360E-002  -6.9645E-001  -2.1337E-002  -2.5176E-002  -2.2363E-002   3.2559E-001   1.2021E+000  
 1.3036E+000   6.7554E-001   1.6028E+000   1.8092E-001   2.8794E-001   5.5441E-002  -3.6337E-002  -5.9942E-003  -3.9095E-002   5.3689E-002   3.2733E-002   6.0864E-002   8.4849E-002  -2.0298E-001   1.0243E-001  -1.4887E-002  -1.6589E-002  -1.0981E-002  -7.0656E-001  -2.2096E-002  -1.6435E-002  -1.8812E-002   3.1741E-001   1.2052E+000  
 8.5408E-001   7.6149E-001   1.2721E+000   1.5485E-001   2.9351E-001   6.9548E-002  -1.4204E-002  -3.3990E-003  -4.4387E-002   2.6964E-002   4.9125E-002   4.9743E-002   7.6450E-002  -1.5405E-001   1.0301E-001  -1.4272E-002  -1.9361E-002  -5.6309E-003  -7.2134E-001  -1.7386E-002  -6.9764E-003  -1.8896E-002   3.0881E-001   1.2009E+000  
 5.0085E-001   8.2705E-001   8.7225E-001   1.2100E-001   2.5507E-001   1.0110E-001  -4.4643E-003  -2.7210E-003  -4.2052E-002   9.1370E-003   6.2247E-002   4.0801E-002   6.5189E-002  -1.0382E-001   1.0381E-001  -1.3451E-002  -1.4185E-002  -2.0336E-003  -7.3224E-001  -1.2091E-002   3.1943E-004  -2.2115E-002   3.0071E-001   1.1769E+000  
 2.7336E-001   8.7404E-001   4.3032E-001   9.5643E-002   1.8560E-001   1.1409E-001  -4.0856E-004  -1.7607E-003  -3.6131E-002  -1.1465E-003   6.9405E-002   2.9883E-002   5.3452E-002  -5.1984E-002   1.0410E-001  -1.4759E-002  -6.5553E-003   2.1176E-004  -7.3797E-001  -6.0550E-003   4.8961E-003  -2.3889E-002   2.9332E-001   1.1387E+000  
 1.9532E-001   9.0433E-001  -2.2168E-002   8.6632E-002   1.0127E-001   8.7155E-002   1.2120E-003  -2.0591E-003  -2.9048E-002  -4.4449E-003   7.1592E-002   1.2802E-002   4.0889E-002  -2.5053E-005   1.0424E-001  -1.5731E-002   1.3103E-003   8.9898E-004  -7.4090E-001   1.5437E-005   6.4117E-003  -2.4334E-002   2.9107E-001   1.1346E+000  
 2.7241E-001   9.1880E-001  -4.6345E-001   9.6108E-002   1.6829E-002   1.3121E-002   2.3079E-003  -3.6903E-003  -2.3874E-002  -1.1420E-003   6.9420E-002  -1.0906E-002   2.8259E-002   5.2000E-002   1.0416E-001  -1.6102E-002   8.8284E-003   2.0924E-004  -7.4051E-001   6.0706E-003   4.8865E-003  -2.3768E-002   2.9401E-001   1.1569E+000  
 4.9974E-001   9.1699E-001  -8.7179E-001   1.2127E-001  -5.3161E-002  -1.0109E-001   5.2107E-003  -6.9528E-003  -2.3836E-002   9.0495E-003   6.2877E-002  -4.0797E-002   1.6810E-002   1.0401E-001   1.0379E-001  -1.5574E-002   1.4842E-002  -1.7591E-003  -7.3596E-001   1.2087E-002   3.4702E-004  -2.2518E-002   3.0167E-001   1.1911E+000  
 8.5447E-001   8.9837E-001  -1.2154E+000   1.5358E-001  -9.3731E-002  -2.3047E-001   1.1732E-002  -1.3906E-002  -3.3758E-002   2.6865E-002   5.1532E-002  -7.7600E-002   9.3518E-003   1.5445E-001   1.0259E-001  -1.1651E-002   1.9487E-002  -5.3253E-003  -7.2347E-001   1.7437E-002  -6.8492E-003  -2.0877E-002   3.0934E-001   1.1998E+000  
 1.3032E+000   8.5967E-001  -1.4633E+000   1.8461E-001  -9.0655E-002  -3.3867E-001   2.1795E-002  -2.3113E-002  -5.8401E-002   5.3644E-002   2.9582E-002  -1.2029E-001   5.3472E-003   2.0341E-001   1.0089E-001  -6.8135E-003   2.6756E-002  -1.0587E-002  -7.0266E-001   2.2390E-002  -1.6189E-002  -1.4072E-002   3.1662E-001   1.2083E+000  
 1.8107E+000   7.9717E-001  -1.5766E+000   1.9721E-001  -3.0127E-002  -3.8015E-001   4.6103E-002  -3.4534E-002  -1.0708E-001   9.1888E-002   1.4222E-004  -1.6646E-001   6.1435E-003   2.5512E-001   1.0057E-001  -9.0984E-004   3.4696E-002  -1.6883E-002  -6.7911E-001   2.3594E-002  -2.4299E-002  -4.4471E-003   3.2329E-001   1.2673E+000  
 2.3313E+000   7.0721E-001  -1.4963E+000   1.7997E-001   9.9445E-002  -3.0464E-001   1.0318E-001  -4.7164E-002  -1.9774E-001   1.4442E-001  -3.0810E-002  -2.2245E-001   1.2515E-002   3.1755E-001   1.0265E-001   6.0671E-003   5.2635E-002  -2.5341E-002  -6.6331E-001   2.0149E-002  -2.4624E-002   1.2492E-002   3.2417E-001   1.3289E+000  
 2.8453E+000   5.8107E-001  -1.1291E+000   1.4152E-001   3.0229E-001  -7.5856E-002   2.3486E-001  -6.4551E-002  -3.6649E-001   2.2174E-001  -5.2210E-002  -3.1034E-001   2.0122E-002   4.0670E-001   1.1295E-001   1.1787E-002   9.8032E-002  -3.2197E-002  -6.6899E-001   9.8038E-003  -9.9082E-003   3.6234E-002   3.1377E-001   1.3946E+000  
 2.6388E+000   1.5320E-001   1.9822E+000  -2.9797E-002  -4.4620E-002   7.1175E-001  -8.6700E-002  -1.1252E-002   4.5812E-002   8.7085E-002  -1.4068E-001   2.4129E-001   2.6639E-002  -4.2049E-001   7.0866E-002   1.1967E-003   1.3949E-001  -3.2639E-002  -7.6373E-001  -3.1808E-004  -1.0750E-002  -7.4783E-002   3.0886E-001   1.3057E+000  
 2.1796E+000   2.3086E-001   2.0247E+000   1.3574E-001   6.5824E-002   2.5315E-001  -9.4342E-002  -8.1893E-003   3.8180E-002   6.7783E-002  -3.6026E-002   1.1571E-001   4.1611E-002  -3.2004E-001   5.6766E-002  -4.8575E-003   3.6633E-002  -1.8037E-002  -7.1468E-001  -9.0344E-003  -2.9750E-002  -4.2459E-002   3.2605E-001   1.2481E+000  
 1.6488E+000   2.9730E-001   1.9208E+000   1.7867E-001   1.2926E-001   5.1292E-002  -6.4153E-002  -3.9950E-003   9.2661E-003   4.5252E-002   1.7768E-002   6.9039E-002   4.4056E-002  -2.5612E-001   5.3430E-002  -6.3090E-003  -2.2207E-003  -1.1824E-002  -7.0833E-001  -1.0834E-002  -2.9737E-002  -2.8418E-002   3.2486E-001   1.2182E+000  
 1.1172E+000   3.5101E-001   1.6758E+000   1.6715E-001   1.5867E-001  -7.0095E-003  -3.4743E-002  -2.7553E-003  -1.3365E-002   2.8082E-002   4.6035E-002   5.0200E-002   4.2336E-002  -2.0453E-001   5.1476E-002  -6.3049E-003  -1.4797E-002  -5.9047E-003  -7.1867E-001  -1.1224E-002  -2.0834E-002  -2.5830E-002   3.1555E-001   1.2006E+000  
 6.4408E-001   3.9301E-001   1.3281E+000   1.3413E-001   1.5811E-001   6.7254E-003  -1.2911E-002  -1.7619E-003  -2.4929E-002   1.4760E-002   5.9432E-002   3.9227E-002   3.7615E-002  -1.5523E-001   5.1671E-002  -5.8267E-003  -1.9154E-002  -2.7256E-003  -7.3179E-001  -8.8424E-003  -1.1567E-002  -2.3766E-002   3.0520E-001   1.1840E+000  
 2.7276E-001   4.2448E-001   9.1361E-001   9.5753E-002   1.3484E-001   3.7665E-002  -3.2711E-003  -3.7418E-004  -2.8860E-002   6.1102E-003   6.9337E-002   3.1419E-002   3.2964E-002  -1.0428E-001   5.1950E-002  -7.0149E-003  -1.5332E-002  -1.2998E-003  -7.3947E-001  -6.0538E-003  -4.2622E-003  -2.4061E-002   2.9374E-001   1.1414E+000  
 3.4778E-002   4.4750E-001   4.5899E-001   6.6445E-002   9.6406E-002   5.0574E-002  -1.6766E-004   1.1929E-004  -2.8201E-002   1.0738E-003   7.5831E-002   2.0450E-002   2.6966E-002  -5.2157E-002   5.2081E-002  -7.8050E-003  -7.5179E-003  -2.5490E-004  -7.4406E-001  -3.0292E-003   3.1901E-004  -2.5475E-002   2.8567E-001   1.0733E+000  
-4.6472E-002   4.6250E-001  -5.2851E-003   5.5950E-002   5.0573E-002   2.3561E-002   4.6497E-004  -6.6926E-005  -2.6163E-002  -5.4887E-004   7.7912E-002   3.3143E-003   2.0436E-002  -5.1151E-006   5.2135E-002  -8.2899E-003   7.9651E-004   8.6284E-005  -7.4596E-001   4.8427E-006   1.8389E-003  -2.5885E-002   2.8305E-001   1.0660E+000  
 3.4639E-002   4.6986E-001  -4.5838E-001   6.6658E-002   4.6849E-003  -5.0568E-002   5.8625E-004  -8.7125E-004  -2.6024E-002   1.0761E-003   7.5898E-002  -2.0447E-002   1.3874E-002   5.2160E-002   5.2078E-002  -8.4790E-003   8.7678E-003  -2.5540E-004  -7.4451E-001   3.0389E-003   3.1904E-004  -2.5267E-002   2.8581E-001   1.0906E+000  
 2.7301E-001   4.6929E-001  -8.7925E-001   9.5999E-002  -3.3925E-002  -1.6486E-001   2.1798E-003  -2.3410E-003  -3.1120E-002   6.1172E-003   6.9489E-002  -5.0388E-002   7.7735E-003   1.0429E-001   5.1870E-002  -8.3679E-003   1.5531E-002  -1.3009E-003  -7.3899E-001   6.0744E-003  -4.2550E-003  -2.3595E-002   2.9364E-001   1.1384E+000  
 6.4416E-001   4.6002E-001  -1.2362E+000   1.3697E-001  -5.7331E-002  -2.9469E-001   6.0055E-003  -4.5284E-003  -4.5621E-002   1.5018E-002   5.6270E-002  -8.6054E-002   2.5550E-003   1.5513E-001   5.1349E-002  -8.0227E-003   2.2486E-002  -3.4102E-003  -7.2754E-001   8.9256E-003  -1.1568E-002  -1.8938E-002   3.0424E-001   1.1773E+000  
 1.1152E+000   4.4160E-001  -1.4995E+000   1.7875E-001  -5.9475E-002  -4.0270E-001   1.2899E-002  -9.1360E-003  -7.5620E-002   2.8059E-002   3.3401E-002  -1.2857E-001   5.7827E-004   2.0391E-001   5.0563E-002  -5.4153E-003   3.2163E-002  -5.4582E-003  -7.0610E-001   1.1468E-002  -2.0924E-002  -1.0028E-002   3.1281E-001   1.2340E+000  
 1.6509E+000   4.1143E-001  -1.6316E+000   2.0308E-001  -3.3625E-002  -4.4332E-001   3.5765E-002  -1.5919E-002  -1.2923E-001   4.7552E-002   6.7454E-003  -1.7419E-001   3.6912E-004   2.5346E-001   5.0628E-002  -2.3606E-003   4.1366E-002  -7.4375E-003  -6.7977E-001   1.2183E-002  -3.0494E-002   1.6878E-004   3.2024E-001   1.2869E+000  
 2.2019E+000   3.6778E-001  -1.5749E+000   1.9801E-001   2.7928E-002  -3.6388E-001   8.9684E-002  -2.2409E-002  -2.2286E-001   7.2927E-002  -2.0618E-002  -2.2785E-001   3.1979E-003   3.1144E-001   5.0097E-002   1.0028E-003   5.9763E-002  -1.2596E-002  -6.5790E-001   1.2106E-002  -3.2584E-002   1.7772E-002   3.2240E-001   1.3445E+000  
 2.7498E+000   3.0463E-001  -1.2284E+000   1.8088E-001   1.2352E-001  -1.3442E-001   2.2397E-001  -3.2966E-002  -3.9916E-001   1.1410E-001  -3.3136E-002  -3.2116E-001   3.4478E-003   3.9892E-001   5.7004E-002   2.1596E-003   1.1630E-001  -1.3778E-002  -6.6151E-001   5.8699E-003  -1.7115E-002   4.8267E-002   3.1156E-001   1.4209E+000  
 2.6047E+000   1.2389E-005   2.0282E+000  -2.3023E-002  -2.3311E-005   6.8950E-001  -8.3241E-002   1.6736E-006   6.1406E-002  -2.0813E-005  -1.3634E-001   2.3799E-001  -1.1910E-005  -4.2166E-001   1.6875E-005   3.3869E-006   1.4153E-001  -3.0349E-005  -7.6833E-001  -3.1314E-006  -1.1127E-002  -7.8788E-002   3.0795E-001   1.3120E+000  
 2.1353E+000   7.3104E-006   2.0612E+000   1.3909E-001  -1.8699E-005   2.2957E-001  -9.2888E-002   7.6597E-007   5.2564E-002  -1.7657E-005  -3.0879E-002   1.1043E-001  -8.6865E-006  -3.1925E-001   1.3346E-005   1.8947E-006   3.5888E-002  -2.9623E-005  -7.1771E-001  -3.4924E-006  -3.2127E-002  -4.4268E-002   3.2639E-001   1.2511E+000  
 1.5946E+000   3.4214E-006   1.9505E+000   1.7737E-001  -1.5331E-005   2.7967E-002  -6.3760E-002   7.9554E-007   2.0092E-002  -1.5938E-005   2.3167E-002   6.4692E-002  -6.9448E-006  -2.5668E-001   1.1045E-005   9.9980E-007  -2.5137E-003  -2.9736E-005  -7.1240E-001  -3.3237E-006  -3.0921E-002  -3.0037E-002   3.2476E-001   1.2243E+000  
 1.0534E+000   7.9699E-007   1.6997E+000   1.6187E-001  -1.2593E-005  -3.0263E-002  -3.4368E-002   1.7128E-006  -5.1210E-003  -1.5095E-005   5.0332E-002   4.6817E-002  -5.6865E-006  -2.0511E-001   9.3014E-006   1.4456E-006  -1.4086E-002  -3.0325E-005  -7.2253E-001  -2.6470E-006  -2.2382E-002  -2.8184E-002   3.1486E-001   1.2099E+000  
 5.7188E-001  -1.0419E-006   1.3460E+000   1.2729E-001  -1.0249E-005  -1.6610E-002  -1.1885E-002   2.4110E-006  -1.8812E-002  -1.4638E-005   6.1735E-002   3.5719E-002  -5.1575E-006  -1.5554E-001   7.3641E-006   2.4689E-006  -1.9957E-002  -3.1164E-005  -7.3474E-001  -1.9566E-006  -1.3086E-002  -2.4240E-002   3.0334E-001   1.1699E+000  
 1.9493E-001  -2.9295E-006   9.2709E-001   8.6595E-002  -6.5282E-006   1.4169E-002  -2.8465E-003   2.1409E-006  -2.4602E-002  -1.3814E-005   7.1501E-002   2.8138E-002  -2.9904E-006  -1.0443E-001   4.5345E-006   2.2370E-006  -1.5801E-002  -3.0990E-005  -7.4182E-001  -1.7800E-006  -5.7719E-003  -2.4595E-002   2.9134E-001   1.1379E+000  
-4.6536E-002  -4.2848E-006   4.6840E-001   5.5884E-002  -2.7858E-006   2.7041E-002  -1.0748E-004   1.7014E-006  -2.5623E-002  -1.3527E-005   7.7869E-002   1.7152E-002  -6.2970E-007  -5.2220E-002   1.5231E-006   1.5331E-006  -7.8371E-003  -3.0803E-005  -7.4608E-001  -1.4573E-006  -1.1978E-003  -2.6006E-002   2.8308E-001   1.0694E+000  
-1.2887E-001  -5.0157E-006   3.0491E-004   4.4893E-002  -1.3718E-007  -1.1500E-007   2.1322E-004   1.5386E-006  -2.5209E-002  -1.2824E-005   7.9913E-002   2.1510E-007  -3.7756E-007  -6.0927E-006   8.0750E-008   6.6622E-007   6.2811E-004  -3.0048E-005  -7.4764E-001  -2.1125E-006   3.2008E-004  -2.6407E-002   2.8034E-001   1.0050E+000  
-4.6408E-002  -4.5681E-006  -4.5661E-001   5.6013E-002   2.6002E-006  -7.4158E-002   2.8400E-005   1.6083E-006  -2.6695E-002  -1.3526E-005   7.7953E-002  -2.3780E-002  -3.7193E-009   5.2205E-002  -1.4310E-006   1.4450E-006   8.7453E-003  -3.0878E-005  -7.4584E-001  -8.6824E-007  -1.1992E-003  -2.5769E-002   2.8303E-001   1.0499E+000  
 1.9572E-001  -3.4326E-006  -8.8159E-001   8.6669E-002   6.5034E-006  -1.8847E-001   1.2708E-003   1.9723E-006  -3.3463E-002  -1.3867E-005   7.1682E-002  -5.3739E-002   2.5779E-006   1.0437E-001  -4.5293E-006   2.1350E-006   1.5662E-002  -3.1175E-005  -7.3996E-001  -7.3503E-007  -5.7817E-003  -2.4074E-002   2.9086E-001   1.1197E+000  
 5.7285E-001  -1.6918E-006  -1.2432E+000   1.2974E-001   1.0315E-005  -3.1838E-001   4.7872E-003   2.2731E-006  -4.9609E-002  -1.4819E-005   5.8748E-002  -8.9188E-002   4.9048E-006   1.5527E-001  -7.4245E-006   2.4777E-006   2.2618E-002  -3.1517E-005  -7.2841E-001  -6.1741E-007  -1.3147E-002  -1.9430E-002   3.0185E-001   1.1704E+000  
 1.0509E+000  -1.7150E-008  -1.5112E+000   1.7588E-001   1.2677E-005  -4.2625E-001   9.9157E-003   1.5951E-006  -8.1236E-002  -1.5311E-005   3.4572E-002  -1.3181E-001   5.4722E-006   2.0416E-001  -9.3648E-006   1.4970E-006   3.4070E-002  -3.0748E-005  -7.0714E-001  -9.9029E-007  -2.2604E-002  -8.6618E-003   3.1147E-001   1.2438E+000  
 1.5957E+000   2.3706E-006  -1.6497E+000   2.0387E-001   1.5318E-005  -4.6649E-001   3.1629E-002   6.0441E-007  -1.3652E-001  -1.6093E-005   7.9723E-003  -1.7679E-001   6.6142E-006   2.5340E-001  -1.1108E-005   9.5234E-007   4.3062E-002  -3.0139E-005  -6.8035E-001  -1.2458E-006  -3.2089E-002   1.2174E-003   3.1915E-001   1.2944E+000  
 2.1573E+000   5.9564E-006  -1.6004E+000   2.0319E-001   1.8392E-005  -3.8606E-001   8.5195E-002   4.2609E-007  -2.3102E-001  -1.7612E-005  -1.7645E-002  -2.2988E-001   7.9832E-006   3.0925E-001  -1.3477E-005   1.6468E-006   6.2111E-002  -2.9857E-005  -6.5638E-001  -9.4422E-007  -3.5937E-002   1.9625E-002   3.2188E-001   1.3498E+000  
 2.7160E+000   1.0622E-005  -1.2614E+000   1.9250E-001   2.2610E-005  -1.5631E-001   2.1944E-001   1.0381E-006  -4.1057E-001  -2.0293E-005  -2.7911E-002  -3.2519E-001   1.0756E-005   3.9728E-001  -1.7117E-005   2.8529E-006   1.2213E-001  -3.0124E-005  -6.6004E-001  -2.4316E-007  -1.9310E-002   5.2379E-002   3.1042E-001   1.4299E+000  
 2.6388E+000  -1.5317E-001   1.9822E+000  -2.9792E-002   4.4573E-002   7.1174E-001  -8.6703E-002   1.1257E-002   4.5814E-002  -8.7127E-002  -1.4068E-001   2.4129E-001  -2.6664E-002  -4.2050E-001  -7.0830E-002  -1.1899E-003   1.3948E-001   3.2578E-002  -7.6372E-001   3.1256E-004  -1.0748E-002  -7.4781E-002   3.0886E-001   1.3057E+000  
 2.1796E+000  -2.3084E-001   2.0247E+000   1.3574E-001  -6.5861E-002   2.5314E-001  -9.4342E-002   8.1918E-003   3.8181E-002  -6.7819E-002  -3.6025E-002   1.1571E-001  -4.1629E-002  -3.2005E-001  -5.6739E-002   4.8620E-003   3.6631E-002   1.7978E-002  -7.1468E-001   9.0269E-003  -2.9748E-002  -4.2458E-002   3.2605E-001   1.2481E+000  
 1.6488E+000  -2.9729E-001   1.9208E+000   1.7867E-001  -1.2929E-001   5.1287E-002  -6.4153E-002   3.9969E-003   9.2668E-003  -4.5284E-002   1.7768E-002   6.9037E-002  -4.4070E-002  -2.5613E-001  -5.3407E-002   6.3116E-003  -2.2214E-003   1.1764E-002  -7.0833E-001   1.0827E-002  -2.9736E-002  -2.8418E-002   3.2487E-001   1.2182E+000  
 1.1172E+000  -3.5101E-001   1.6758E+000   1.6715E-001  -1.5869E-001  -7.0150E-003  -3.4742E-002   2.7571E-003  -1.3364E-002  -2.8114E-002   4.6033E-002   5.0198E-002  -4.2347E-002  -2.0453E-001  -5.1457E-002   6.3069E-003  -1.4796E-002   5.8425E-003  -7.1867E-001   1.1218E-002  -2.0833E-002  -2.5831E-002   3.1555E-001   1.2006E+000  
 6.4408E-001  -3.9301E-001   1.3281E+000   1.3413E-001  -1.5813E-001   6.7198E-003  -1.2910E-002   1.7646E-003  -2.4928E-002  -1.4790E-002   5.9431E-002   3.9225E-002  -3.7625E-002  -1.5524E-001  -5.1657E-002   5.8299E-003  -1.9153E-002   2.6623E-003  -7.3179E-001   8.8380E-003  -1.1566E-002  -2.3767E-002   3.0520E-001   1.1840E+000  
 2.7276E-001  -4.2448E-001   9.1360E-001   9.5754E-002  -1.3486E-001   3.7659E-002  -3.2711E-003   3.7651E-004  -2.8860E-002  -6.1393E-003   6.9338E-002   3.1416E-002  -3.2970E-002  -1.0428E-001  -5.1941E-002   7.0178E-003  -1.5332E-002   1.2360E-003  -7.3947E-001   6.0504E-003  -4.2610E-003  -2.4061E-002   2.9374E-001   1.1415E+000  
 3.4779E-002  -4.4751E-001   4.5899E-001   6.6446E-002  -9.6411E-002   5.0568E-002  -1.6802E-004  -1.1708E-004  -2.8201E-002  -1.1007E-003   7.5833E-002   2.0448E-002  -2.6967E-002  -5.2162E-002  -5.2078E-002   7.8079E-003  -7.5191E-003   1.9290E-004  -7.4406E-001   3.0254E-003   3.1951E-004  -2.5475E-002   2.8567E-001   1.0733E+000  
-4.6472E-002  -4.6251E-001  -5.2854E-003   5.5948E-002  -5.0574E-002   2.3556E-002   4.6484E-004   6.8911E-005  -2.6163E-002   5.2289E-004   7.7911E-002   3.3142E-003  -2.0437E-002  -1.0443E-005  -5.2135E-002   8.2926E-003   7.9642E-004  -1.4721E-004  -7.4596E-001  -9.4224E-006   1.8392E-003  -2.5889E-002   2.8305E-001   1.0660E+000  
 3.4639E-002  -4.6987E-001  -4.5838E-001   6.6659E-002  -4.6798E-003  -5.0574E-002   5.8648E-004   8.7344E-004  -2.6024E-002  -1.1031E-003   7.5900E-002  -2.0450E-002  -1.3874E-002   5.2155E-002  -5.2080E-002   8.4819E-003   8.7690E-003   1.9326E-004  -7.4451E-001  -3.0417E-003   3.1913E-004  -2.5267E-002   2.8581E-001   1.0906E+000  
 2.7301E-001  -4.6929E-001  -8.7925E-001   9.6000E-002   3.3938E-002  -1.6486E-001   2.1798E-003   2.3433E-003  -3.1120E-002  -6.1464E-003   6.9490E-002  -5.0391E-002  -7.7681E-003   1.0428E-001  -5.1879E-002   8.3709E-003   1.5531E-002   1.2367E-003  -7.3899E-001  -6.0758E-003  -4.2557E-003  -2.3594E-002   2.9364E-001   1.1384E+000  
 6.4416E-001  -4.6002E-001  -1.2362E+000   1.3697E-001   5.7351E-002  -2.9470E-001   6.0048E-003   4.5308E-003  -4.5622E-002  -1.5048E-002   5.6270E-002  -8.6056E-002  -2.5460E-003   1.5513E-001  -5.1364E-002   8.0259E-003   2.2486E-002   3.3464E-003  -7.2755E-001  -8.9271E-003  -1.1569E-002  -1.8939E-002   3.0424E-001   1.1773E+000  
 1.1152E+000  -4.4160E-001  -1.4995E+000   1.7875E-001   5.9500E-002  -4.0271E-001   1.2897E-002   9.1376E-003  -7.5621E-002  -2.8091E-002   3.3399E-002  -1.2857E-001  -5.6705E-004   2.0391E-001  -5.0582E-002   5.4174E-003   3.2162E-002   5.3954E-003  -7.0611E-001  -1.1471E-002  -2.0925E-002  -1.0029E-002   3.1281E-001   1.2339E+000  
 1.6509E+000  -4.1142E-001  -1.6316E+000   2.0308E-001   3.3655E-002  -4.4333E-001   3.5764E-002   1.5920E-002  -1.2923E-001  -4.7585E-002   6.7449E-003  -1.7419E-001  -3.5627E-004   2.5345E-001  -5.0651E-002   2.3631E-003   4.1366E-002   7.3770E-003  -6.7977E-001  -1.2186E-002  -3.0494E-002   1.6828E-004   3.2024E-001   1.2869E+000  
 2.2019E+000  -3.6777E-001  -1.5749E+000   1.9801E-001  -2.7891E-002  -3.6388E-001   8.9684E-002   2.2411E-002  -2.2286E-001  -7.2963E-002  -2.0618E-002  -2.2785E-001  -3.1818E-003   3.1143E-001  -5.0125E-002  -9.9878E-004   5.9765E-002   1.2536E-002  -6.5790E-001  -1.2109E-002  -3.2585E-002   1.7772E-002   3.2240E-001   1.3445E+000  
 2.7498E+000  -3.0461E-001  -1.2284E+000   1.8088E-001  -1.2347E-001  -1.3443E-001   2.2397E-001   3.2969E-002  -3.9916E-001  -1.1414E-001  -3.3134E-002  -3.2117E-001  -3.4250E-003   3.9891E-001  -5.7040E-002  -2.1534E-003   1.1631E-001   1.3717E-002  -6.6151E-001  -5.8697E-003  -1.7116E-002   4.8269E-002   3.1156E-001   1.4209E+000  
 2.7398E+000  -2.6810E-001   1.8401E+000  -5.0663E-002   1.3132E-001   7.7208E-001  -1.0011E-001   3.1267E-002  -4.5931E-003  -1.7858E-001  -1.5157E-001   2.5143E-001  -5.6977E-002  -4.1959E-001  -1.3924E-001   1.8027E-003   1.3307E-001   5.9953E-002  -7.5233E-001   9.4424E-004  -8.4303E-003  -6.3348E-002   3.1067E-001   1.2881E+000  
 2.3084E+000  -4.3024E-001   1.9135E+000   1.2288E-001  -8.9772E-002   3.1779E-001  -9.8765E-002   2.0267E-002  -6.3135E-003  -1.3275E-001  -5.1353E-002   1.3155E-001  -8.0982E-002  -3.2164E-001  -1.1626E-001   1.0542E-002   3.9387E-002   3.6255E-002  -7.0605E-001   1.4521E-002  -2.4783E-002  -3.7509E-002   3.2546E-001   1.2874E+000  
 1.8080E+000  -5.6577E-001   1.8291E+000   1.8111E-001  -2.2379E-001   1.1369E-001  -6.7815E-002   1.0999E-002  -2.4262E-002  -8.9084E-002   3.5712E-003   8.1088E-002  -8.7458E-002  -2.5529E-001  -1.0615E-001   1.3963E-002  -2.6510E-003   2.1300E-002  -6.9645E-001   2.1331E-002  -2.5177E-002  -2.2362E-002   3.2559E-001   1.2021E+000  
 1.3036E+000  -6.7555E-001   1.6028E+000   1.8092E-001  -2.8797E-001   5.5430E-002  -3.6336E-002   5.9963E-003  -3.9095E-002  -5.3720E-002   3.2731E-002   6.0861E-002  -8.4862E-002  -2.0299E-001  -1.0241E-001   1.4891E-002  -1.6590E-002   1.0919E-002  -7.0656E-001   2.2091E-002  -1.6436E-002  -1.8812E-002   3.1741E-001   1.2052E+000  
 8.5408E-001  -7.6150E-001   1.2721E+000   1.5485E-001  -2.9353E-001   6.9537E-002  -1.4204E-002   3.4005E-003  -4.4387E-002  -2.6994E-002   4.9124E-002   4.9739E-002  -7.6459E-002  -1.5406E-001  -1.0300E-001   1.4275E-002  -1.9361E-002   5.5682E-003  -7.2134E-001   1.7382E-002  -6.9765E-003  -1.8895E-002   3.0881E-001   1.2009E+000  
 5.0085E-001  -8.2705E-001   8.7225E-001   1.2100E-001  -2.5509E-001   1.0109E-001  -4.4646E-003   2.7223E-003  -4.2052E-002  -9.1667E-003   6.2247E-002   4.0798E-002  -6.5194E-002  -1.0383E-001  -1.0380E-001   1.3454E-002  -1.4185E-002   1.9693E-003  -7.3224E-001   1.2088E-002   3.2003E-004  -2.2114E-002   3.0071E-001   1.1769E+000  
 2.7336E-001  -8.7405E-001   4.3032E-001   9.5645E-002  -1.8561E-001   1.1408E-001  -4.0980E-004   1.7605E-003  -3.6131E-002   1.1176E-003   6.9406E-002   2.9879E-002  -5.3455E-002  -5.1995E-002  -1.0409E-001   1.4760E-002  -6.5574E-003  -2.7596E-004  -7.3797E-001   6.0508E-003   4.8975E-003  -2.3888E-002   2.9332E-001   1.1388E+000  
 1.9532E-001  -9.0435E-001  -2.2168E-002   8.6631E-002  -1.0127E-001   8.7145E-002   1.2118E-003   2.0581E-003  -2.9049E-002   4.4164E-003   7.1591E-002   1.2800E-002  -4.0890E-002  -3.6027E-005  -1.0424E-001   1.5732E-002   1.3103E-003  -9.6287E-004  -7.4090E-001  -2.0017E-005   6.4124E-003  -2.4336E-002   2.9107E-001   1.1346E+000  
 2.7241E-001  -9.1882E-001  -4.6345E-001   9.6110E-002  -1.6822E-002   1.3109E-002   2.3089E-003   3.6902E-003  -2.3875E-002   1.1129E-003   6.9422E-002  -1.0910E-002  -2.8256E-002   5.1989E-002  -1.0417E-001   1.6104E-002   8.8305E-003  -2.7375E-004  -7.4051E-001  -6.0738E-003   4.8864E-003  -2.3766E-002   2.9401E-001   1.1569E+000  
 4.9974E-001  -9.1700E-001  -8.7179E-001   1.2127E-001   5.3173E-002  -1.0110E-001   5.2109E-003   6.9542E-003  -2.3836E-002  -9.0794E-003   6.2878E-002  -4.0801E-002  -1.6805E-002   1.0400E-001  -1.0380E-001   1.5576E-002   1.4843E-002   1.6942E-003  -7.3597E-001  -1.2088E-002   3.4750E-004  -2.2517E-002   3.0167E-001   1.1910E+000  
 8.5447E-001  -8.9837E-001  -1.2154E+000   1.5358E-001   9.3749E-002  -2.3048E-001   1.1732E-002   1.3908E-002  -3.3758E-002  -2.6895E-002   5.1531E-002  -7.7603E-002  -9.3442E-003   1.5444E-001  -1.0260E-001   1.1654E-002   1.9487E-002   5.2620E-003  -7.2347E-001  -1.7438E-002  -6.8480E-003  -2.0876E-002   3.0934E-001   1.1998E+000  
 1.3032E+000  -8.5967E-001  -1.4633E+000   1.8461E-001   9.0680E-002  -3.3869E-001   2.1793E-002   2.3115E-002  -5.8401E-002  -5.3675E-002   2.9579E-002  -1.2029E-001  -5.3358E-003   2.0340E-001  -1.0091E-001   6.8178E-003   2.6756E-002   1.0525E-002  -7.0266E-001  -2.2392E-002  -1.6187E-002  -1.4073E-002   3.1661E-001   1.2083E+000  
 1.8107E+000  -7.9717E-001  -1.5765E+000   1.9722E-001   3.0159E-002  -3.8016E-001   4.6102E-002   3.4536E-002  -1.0708E-001  -9.1921E-002   1.4076E-004  -1.6646E-001  -6.1294E-003   2.5511E-001  -1.0059E-001   9.1529E-004   3.4698E-002   1.6823E-002  -6.7911E-001  -2.3595E-002  -2.4297E-002  -4.4470E-003   3.2329E-001   1.2673E+000  
 2.3313E+000  -7.0720E-001  -1.4963E+000   1.7997E-001  -9.9407E-002  -3.0465E-001   1.0318E-001   4.7167E-002  -1.9774E-001  -1.4445E-001  -3.0810E-002  -2.2245E-001  -1.2496E-002   3.1754E-001  -1.0268E-001  -6.0606E-003   5.2640E-002   2.5281E-002  -6.6331E-001  -2.0150E-002  -2.4622E-002   1.2494E-002   3.2417E-001   1.3289E+000  
 2.8453E+000  -5.8105E-001  -1.1291E+000   1.4153E-001  -3.0225E-001  -7.5872E-002   2.3487E-001   6.4557E-002  -3.6650E-001  -2.2178E-001  -5.2204E-002  -3.1035E-001  -2.0096E-002   4.0669E-001  -1.1299E-001  -1.1776E-002   9.8043E-002   3.2135E-002  -6.6899E-001  -9.8020E-003  -9.9091E-003   3.6239E-002   3.1376E-001   1.3946E+000  
 2.8364E+000  -3.2576E-001   1.6885E+000  -1.5529E-001   3.4585E-001   9.3262E-001  -4.6050E-002   4.9526E-002  -1.5638E-001  -2.1607E-001  -1.9360E-001   3.2807E-001  -6.1584E-002  -4.5450E-001  -2.5967E-001   5.9397E-003   1.4837E-001   1.0988E-001  -7.7290E-001  -3.7042E-002   6.8998E-003  -4.2360E-002   3.0607E-001   1.6363E+000  
 2.5101E+000  -5.5655E-001   1.7176E+000   1.0270E-001  -3.7358E-002   3.9954E-001  -1.1420E-001   4.6203E-002  -8.4513E-002  -1.9689E-001  -7.0370E-002   1.5295E-001  -1.2275E-001  -3.2598E-001  -1.7579E-001   2.1948E-002   3.5433E-002   4.9319E-002  -6.9382E-001   1.6614E-002  -1.7179E-002  -2.4008E-002   3.2442E-001   1.2264E+000  
 2.0555E+000  -7.6846E-001   1.6714E+000   1.7956E-001  -2.4949E-001   1.9354E-001  -7.7878E-002   2.7064E-002  -8.4386E-002  -1.2901E-001  -1.6000E-002   9.9586E-002  -1.3047E-001  -2.5632E-001  -1.5900E-001   2.5028E-002  -5.4466E-003   2.7642E-002  -6.8066E-001   2.8700E-002  -1.7717E-002  -1.1061E-002   3.2642E-001   1.2699E+000  
 1.5932E+000  -9.3989E-001   1.4789E+000   1.9481E-001  -3.5865E-001   1.3438E-001  -4.1811E-002   1.4325E-002  -8.4353E-002  -7.3725E-002   1.3047E-002   7.7732E-002  -1.2529E-001  -2.0185E-001  -1.5233E-001   2.4755E-002  -1.8055E-002   1.3691E-002  -6.8822E-001   3.1447E-002  -8.8921E-003  -9.4287E-003   3.2102E-001   1.2677E+000  
 1.1796E+000  -1.0728E+000   1.1766E+000   1.8192E-001  -3.8288E-001   1.4840E-001  -1.6716E-002   7.4033E-003  -7.8475E-002  -3.2562E-002   3.0545E-002   6.6827E-002  -1.1410E-001  -1.5246E-001  -1.5274E-001   2.4841E-002  -1.9896E-002   6.3397E-003  -7.0335E-001   2.5414E-002   1.8698E-004  -1.0488E-002   3.1388E-001   1.2592E+000  
 8.5340E-001  -1.1739E+000   8.0078E-001   1.5862E-001  -3.4292E-001   1.8032E-001  -4.2993E-003   5.0448E-003  -6.6141E-002  -5.3840E-003   4.4459E-002   5.7102E-002  -9.8981E-002  -1.0278E-001  -1.5390E-001   2.4531E-002  -1.5674E-002   1.2097E-003  -7.1671E-001   1.7532E-002   7.5876E-003  -1.3170E-002   3.0790E-001   1.2403E+000  
 6.4424E-001  -1.2477E+000   3.8156E-001   1.3694E-001  -2.5844E-001   1.9389E-001  -8.2464E-005   6.1629E-003  -5.0214E-002   1.0457E-002   5.5702E-002   4.4858E-002  -7.9935E-002  -5.1725E-002  -1.5479E-001   2.2470E-002  -6.2468E-003  -2.4748E-003  -7.2660E-001   8.8930E-003   1.2246E-002  -1.8795E-002   3.0397E-001   1.2147E+000  
 5.7236E-001  -1.2946E+000  -5.0166E-002   1.2852E-001  -1.5125E-001   1.6749E-001   2.5451E-003   8.3369E-003  -3.3964E-002   1.5384E-002   6.0241E-002   2.6733E-002  -6.1265E-002  -1.4461E-004  -1.5532E-001   2.1290E-002   1.9428E-003  -3.1949E-003  -7.3235E-001  -5.0232E-005   1.3835E-002  -2.1835E-002   3.0347E-001   1.2051E+000  
 6.4400E-001  -1.3166E+000  -4.7147E-001   1.3416E-001  -4.2972E-002   9.4064E-002   6.2122E-003   1.2755E-002  -2.0406E-002   1.0207E-002   5.9999E-002   1.9677E-003  -4.4861E-002   5.1600E-002  -1.5510E-001   1.9173E-002   7.6075E-003  -1.8319E-003  -7.3267E-001  -8.9342E-003   1.2173E-002  -2.3910E-002   3.0541E-001   1.2213E+000  
 8.5515E-001  -1.3135E+000  -8.5908E-001   1.4982E-001   4.4352E-002  -1.9409E-002   1.3008E-002   2.0893E-002  -1.2281E-002  -5.2748E-003   5.6198E-002  -2.9247E-002  -3.1870E-002   1.0316E-001  -1.5432E-001   1.4320E-002   1.0254E-002   8.5762E-004  -7.2760E-001  -1.7443E-002   7.5603E-003  -2.6599E-002   3.1040E-001   1.2247E+000  
 1.1816E+000  -1.2823E+000  -1.1786E+000   1.7146E-001   8.6743E-002  -1.4842E-001   2.1655E-002   3.0969E-002  -1.3341E-002  -3.2603E-002   4.3203E-002  -6.6832E-002  -2.1505E-002   1.5365E-001  -1.5274E-001   9.4766E-003   1.4418E-002   6.6708E-003  -7.1642E-001  -2.5254E-002   3.8953E-004  -2.4373E-002   3.1681E-001   1.2255E+000  
 1.5927E+000  -1.2203E+000  -1.4001E+000   1.8637E-001   6.2984E-002  -2.5714E-001   3.4280E-002   4.2771E-002  -2.9263E-002  -7.2502E-002   1.8327E-002  -1.0906E-001  -1.7632E-002   2.0462E-001  -1.5058E-001   2.6028E-003   1.8422E-002   1.6140E-002  -6.9948E-001  -3.1358E-002  -7.6340E-003  -1.9432E-002   3.2301E-001   1.2152E+000  
 2.0543E+000  -1.1235E+000  -1.4833E+000   1.7702E-001  -4.8143E-002  -3.0104E-001   6.0531E-002   5.5886E-002  -7.1571E-002  -1.2891E-001  -1.7026E-002  -1.5627E-001  -2.4347E-002   2.6112E-001  -1.5185E-001  -9.1851E-003   2.1099E-002   2.7705E-002  -6.8349E-001  -3.0241E-002  -1.4567E-002  -1.3961E-002   3.2661E-001   1.2306E+000  
 2.5241E+000  -9.8627E-001  -1.3686E+000   1.3349E-001  -2.6276E-001  -2.3026E-001   1.1901E-001   7.0445E-002  -1.5768E-001  -2.0579E-001  -5.6330E-002  -2.1369E-001  -4.1517E-002   3.3140E-001  -1.5677E-001  -2.3539E-002   3.2184E-002   4.2227E-002  -6.7704E-001  -2.2063E-002  -1.2183E-002  -1.7253E-003   3.2462E-001   1.2874E+000  
 3.0364E+000  -7.7722E-001  -8.8507E-001   1.1991E-001  -5.5178E-001  -7.7519E-002   3.1784E-001   1.0650E-001  -3.7193E-001  -3.6395E-001  -6.7417E-002  -3.4936E-001  -3.8975E-002   4.5646E-001  -2.1664E-001  -3.1841E-002   8.7931E-002   3.1768E-002  -7.2010E-001   2.5141E-002   1.2694E-002   1.3872E-002   3.1020E-001   1.4273E+000  
 3.0208E+000   2.4527E-002   1.4947E+000  -2.0566E-001   3.8422E-001   1.4309E+000   4.0528E-002   3.7093E-001  -7.7759E-001  -3.2707E-001  -2.0708E-001   6.7055E-001  -3.1448E-001  -7.0661E-001  -4.5102E-001   1.1353E-001   1.7111E-001   1.0003E-001  -1.0275E+000  -8.4943E-002   4.2244E-002  -1.8512E-002   2.4346E-001   1.1164E+000  
 2.7744E+000  -5.5856E-001   1.4178E+000   8.0722E-002   1.1420E-001   4.6648E-001  -1.5416E-001   1.0494E-001  -2.1186E-001  -2.6365E-001  -8.3595E-002   1.7952E-001  -1.7997E-001  -3.3981E-001  -2.3964E-001   4.8314E-002   1.6697E-002   5.4150E-002  -6.8628E-001   1.0933E-002  -8.9675E-003  -2.3475E-004   3.1945E-001   1.3180E+000  
 2.3710E+000  -8.6505E-001   1.4374E+000   1.6901E-001  -1.8008E-001   2.5832E-001  -1.0050E-001   6.4050E-002  -1.8081E-001  -1.6314E-001  -3.5458E-002   1.2449E-001  -1.7813E-001  -2.6228E-001  -2.1554E-001   4.4309E-002  -1.4294E-002   3.0591E-002  -6.6621E-001   2.9618E-002  -8.8216E-003   7.3783E-003   3.2514E-001   1.3391E+000  
 1.9613E+000  -1.1085E+000   1.2970E+000   2.0043E-001  -3.4838E-001   1.9753E-001  -5.4618E-002   3.8351E-002  -1.5747E-001  -8.4246E-002  -8.4036E-003   1.0092E-001  -1.6687E-001  -2.0367E-001  -2.0597E-001   3.9285E-002  -2.1973E-002   1.4992E-002  -6.6994E-001   3.4576E-002  -7.1229E-004   4.8199E-003   3.2290E-001   1.3313E+000  
 1.5935E+000  -1.2965E+000   1.0370E+000   2.0253E-001  -4.0876E-001   2.0897E-001  -2.3643E-002   2.2972E-002  -1.3115E-001  -2.8171E-002   8.4054E-003   8.6920E-002  -1.5055E-001  -1.5221E-001  -2.0239E-001   3.5120E-002  -2.1571E-002   4.3612E-003  -6.8165E-001   3.0763E-002   9.6679E-003  -3.1225E-004   3.1953E-001   1.3148E+000  
 1.3020E+000  -1.4383E+000   6.9762E-001   1.9134E-001  -3.8618E-001   2.4020E-001  -5.6180E-003   1.6026E-002  -1.0227E-001   9.6213E-003   2.1547E-002   7.5687E-002  -1.3101E-001  -1.0161E-001  -2.0243E-001   3.2439E-002  -1.6747E-002  -1.7843E-003  -6.9480E-001   2.2418E-002   1.7162E-002  -5.5615E-003   3.1605E-001   1.2925E+000  
 1.1152E+000  -1.5402E+000   3.1023E-001   1.7785E-001  -3.0704E-001   2.5405E-001   2.6278E-003   1.6676E-002  -7.2550E-002   3.1103E-002   3.3858E-002   6.2167E-002  -1.0952E-001  -5.1193E-002  -2.0357E-001   2.9632E-002  -9.4682E-003  -6.0822E-003  -7.0689E-001   1.1190E-002   2.1695E-002  -1.1237E-002   3.1302E-001   1.2529E+000  
 1.0522E+000  -1.6055E+000  -9.1195E-002   1.6888E-001  -1.9845E-001   2.2825E-001   8.0330E-003   2.2143E-002  -4.3131E-002   3.8043E-002   4.2452E-002   4.2492E-002  -8.7450E-002  -4.8912E-004  -2.0420E-001   2.4079E-002  -2.2695E-003  -7.7223E-003  -7.1481E-001  -1.3617E-004   2.3037E-002  -1.8422E-002   3.1261E-001   1.2033E+000  
 1.1172E+000  -1.6352E+000  -4.8237E-001   1.6805E-001  -8.8866E-002   1.5564E-001   1.4523E-002   3.0967E-002  -1.6377E-002   3.1122E-002   4.5576E-002   1.6200E-002  -6.7749E-002   5.0549E-002  -2.0446E-001   1.7330E-002   2.2560E-003  -6.5467E-003  -7.1819E-001  -1.1331E-002   2.1459E-002  -2.4622E-002   3.1553E-001   1.2243E+000  
 1.3048E+000  -1.6278E+000  -8.3759E-001   1.7420E-001  -7.5410E-003   4.3017E-002   2.3492E-002   4.2108E-002   5.0950E-003   9.6544E-003   4.0765E-002  -1.6265E-002  -5.1494E-002   1.0201E-001  -2.0395E-001   1.0910E-002   4.9592E-003  -2.1787E-003  -7.1631E-001  -2.2221E-002   1.6889E-002  -2.7321E-002   3.2074E-001   1.2442E+000  
 1.5925E+000  -1.5824E+000  -1.1231E+000   1.7865E-001   1.2857E-002  -8.6250E-002   3.3450E-002   5.3121E-002   1.5044E-002  -2.6949E-002   2.2971E-002  -5.5602E-002  -4.2905E-002   1.5498E-001  -2.0416E-001   1.3580E-003   5.7846E-003   6.8422E-003  -7.1154E-001  -2.9558E-002   9.7976E-003  -2.8546E-002   3.2478E-001   1.2486E+000  
 1.9521E+000  -1.4964E+000  -1.3079E+000   1.6733E-001  -5.5706E-002  -1.9756E-001   4.7691E-002   6.3960E-002   7.3175E-003  -8.0573E-002  -9.3054E-003  -1.0093E-001  -4.6969E-002   2.1086E-001  -2.0598E-001  -1.4669E-002   2.6427E-003   2.0093E-002  -7.0509E-001  -3.2574E-002   1.3418E-003  -3.0716E-002   3.2652E-001   1.2522E+000  
 2.3503E+000  -1.3645E+000  -1.3520E+000   1.2222E-001  -2.4295E-001  -2.4419E-001   7.3103E-002   7.4597E-002  -2.7657E-002  -1.5243E-001  -5.5202E-002  -1.4928E-001  -6.8903E-002   2.7603E-001  -2.0896E-001  -3.7649E-002  -5.7689E-003   3.9881E-002  -7.0056E-001  -2.8398E-002  -2.8969E-003  -3.2456E-002   3.2592E-001   1.2575E+000  
 2.7463E+000  -1.1841E+000  -1.1977E+000   3.0384E-002  -5.7353E-001  -1.7956E-001   1.2560E-001   8.1366E-002  -1.1218E-001  -2.4884E-001  -1.1046E-001  -2.0809E-001  -1.1172E-001   3.5958E-001  -2.1978E-001  -6.6465E-002  -1.0391E-002   6.3866E-002  -7.0940E-001  -1.2665E-002  -3.1398E-004  -2.7067E-002   3.1864E-001   1.2438E+000  
 3.0305E+000  -1.2860E+000  -7.1387E-001  -1.8151E-001  -1.4162E+000  -3.6880E-001   3.2215E-001  -2.1004E-001  -7.8638E-001  -3.1961E-001  -1.9719E-001  -6.1386E-001  -4.1064E-001   7.4982E-001  -3.7256E-001  -1.9867E-001   2.2267E-002   9.9426E-002  -1.0248E+000   7.5911E-002   5.6968E-002  -1.6751E-002   2.4383E-001   1.1184E+000  
 2.3814E+000  -1.1303E+000   1.0417E+000   1.9341E-001  -2.4060E-001   2.0007E-001  -8.2757E-002   9.4340E-002  -2.7163E-001  -8.1922E-002  -2.6144E-002   1.3007E-001  -2.1880E-001  -2.1229E-001  -2.6685E-001   6.5617E-002  -3.5592E-002   1.2464E-002  -6.5702E-001   2.9487E-002   6.4857E-003   2.7446E-002   3.1998E-001   1.4031E+000  
 2.0634E+000  -1.3882E+000   8.4447E-001   2.0562E-001  -3.5526E-001   2.0619E-001  -3.8314E-002   6.2881E-002  -2.1177E-001  -6.4932E-003  -1.3255E-002   1.1052E-001  -1.9091E-001  -1.5371E-001  -2.5670E-001   5.0397E-002  -2.8502E-002   1.3680E-003  -6.6073E-001   3.1858E-002   1.6979E-002   1.5809E-002   3.2189E-001   1.3714E+000  
 1.8128E+000  -1.5780E+000   5.5579E-001   2.0674E-001  -3.7601E-001   2.3514E-001  -1.2121E-002   4.9173E-002  -1.5895E-001   4.2798E-002  -8.7736E-004   9.6266E-002  -1.6721E-001  -1.0224E-001  -2.5485E-001   4.2305E-002  -2.2295E-002  -6.4487E-003  -6.7320E-001   2.3398E-002   2.4753E-002   6.4084E-003   3.2105E-001   1.3391E+000  
 1.6506E+000  -1.7148E+000   2.1431E-001   1.9905E-001  -3.2737E-001   2.4663E-001   4.2340E-003   4.4270E-002  -1.0595E-001   7.0388E-002   8.6087E-003   7.8608E-002  -1.4122E-001  -5.1054E-002  -2.5333E-001   3.2626E-002  -1.4546E-002  -1.2142E-002  -6.8369E-001   1.2821E-002   3.0614E-002  -4.5340E-003   3.2114E-001   1.2925E+000  
 1.5951E+000  -1.8001E+000  -1.4495E-001   1.9062E-001  -2.4522E-001   2.1925E-001   1.4914E-002   4.7696E-002  -5.6864E-002   7.8291E-002   1.5571E-002   5.6045E-002  -1.1743E-001  -1.6595E-003  -2.5351E-001   2.2788E-002  -8.8428E-003  -1.6054E-002  -6.9364E-001  -6.1398E-004   3.2773E-002  -1.4410E-002   3.2203E-001   1.2385E+000  
 1.6491E+000  -1.8377E+000  -4.9440E-001   1.8270E-001  -1.6444E-001   1.4538E-001   2.4151E-002   5.5650E-002  -1.3110E-002   6.8073E-002   1.5905E-002   2.6536E-002  -9.7518E-002   4.8352E-002  -2.5612E-001   1.0963E-002  -5.8720E-003  -1.6476E-002  -7.0289E-001  -1.3638E-002   2.9273E-002  -2.3714E-002   3.2418E-001   1.2320E+000  
 1.8059E+000  -1.8276E+000  -8.0714E-001   1.7159E-001  -1.2208E-001   3.1288E-002   3.3412E-002   6.4747E-002   2.2026E-002   3.9990E-002   4.5899E-003  -1.0904E-002  -8.5892E-002   1.0203E-001  -2.6043E-001  -4.9576E-003  -7.4211E-003  -1.0954E-002  -7.1138E-001  -2.2580E-002   2.2517E-002  -3.3219E-002   3.2583E-001   1.2612E+000  
 2.0464E+000  -1.7666E+000  -1.0475E+000   1.5096E-001  -1.5392E-001  -9.8732E-002   4.4634E-002   7.5531E-002   4.6118E-002  -6.3542E-003  -1.9768E-002  -5.3858E-002  -8.4792E-002   1.5850E-001  -2.6388E-001  -2.3853E-002  -1.2662E-002   1.3996E-003  -7.1615E-001  -2.8771E-002   1.5477E-002  -4.0830E-002   3.2675E-001   1.2780E+000  
 2.3399E+000  -1.6591E+000  -1.1878E+000   9.7827E-002  -3.0349E-001  -2.1425E-001   5.5888E-002   7.9260E-002   4.3900E-002  -7.1263E-002  -6.4515E-002  -1.0531E-001  -1.0958E-001   2.2604E-001  -2.7345E-001  -5.7095E-002  -2.8933E-002   2.1822E-002  -7.2756E-001  -2.3623E-002   7.7547E-003  -5.2522E-002   3.2180E-001   1.3013E+000  
 2.8313E+000  -9.2291E-001   6.9032E-001   1.8582E-001  -4.1223E-002   9.8785E-002  -1.4384E-001   2.1671E-001  -4.5540E-001  -5.7352E-002  -2.9762E-002   1.7519E-001  -3.0074E-001  -2.3221E-001  -3.4821E-001   1.1754E-001  -6.6263E-002   6.6019E-003  -6.6334E-001   1.4461E-002   5.6210E-003   5.5895E-002   3.0738E-001   1.4809E+000  
 2.5536E+000  -1.2755E+000   5.8307E-001   1.9486E-001  -2.2510E-001   9.1198E-002  -7.3580E-002   1.5161E-001  -3.4430E-001   4.0900E-002  -2.7509E-002   1.4533E-001  -2.5284E-001  -1.6468E-001  -3.2979E-001   8.6437E-002  -4.9699E-002  -4.9323E-003  -6.5710E-001   1.9720E-002   1.4999E-002   4.1871E-002   3.1500E-001   1.4451E+000  
 2.3362E+000  -1.5373E+000   3.6931E-001   1.9161E-001  -3.0703E-001   1.0664E-001  -2.8434E-002   1.1210E-001  -2.4512E-001   1.0156E-001  -2.6654E-002   1.1686E-001  -2.1199E-001  -1.0692E-001  -3.1660E-001   5.6946E-002  -3.4756E-002  -1.5851E-002  -6.5840E-001   1.8595E-002   2.5621E-002   2.2451E-002   3.2174E-001   1.3912E+000  
 2.1966E+000  -1.7198E+000   8.9947E-002   1.8338E-001  -3.2017E-001   1.0990E-001  -1.1405E-003   9.3530E-002  -1.5913E-001   1.3305E-001  -2.4482E-002   8.8966E-002  -1.8089E-001  -5.5675E-002  -3.1120E-001   3.3033E-002  -2.5248E-002  -2.5639E-002  -6.6769E-001   9.5535E-003   3.3216E-002   3.6718E-003   3.2533E-001   1.3305E+000  
 2.1463E+000  -1.8308E+000  -2.1323E-001   1.7114E-001  -2.9866E-001   7.8227E-002   1.6511E-002   8.9043E-002  -8.4172E-002   1.4177E-001  -2.4261E-002   5.9717E-002  -1.5745E-001  -5.0218E-003  -3.1279E-001   1.3112E-002  -2.0665E-002  -3.0696E-002  -6.8181E-001  -1.9383E-003   3.3634E-002  -1.2322E-002   3.2695E-001   1.2664E+000  
 2.1849E+000  -1.8798E+000  -5.0867E-001   1.5038E-001  -2.8224E-001   8.0051E-004   2.9460E-002   9.0499E-002  -1.8384E-002   1.2796E-001  -3.2160E-002   2.3165E-002  -1.4246E-001   4.7021E-002  -3.1785E-001  -9.9010E-003  -2.1387E-002  -3.1202E-002  -6.9827E-001  -1.2457E-002   3.0152E-002  -2.8360E-002   3.2730E-001   1.2484E+000  
 2.3035E+000  -1.8723E+000  -7.6812E-001   1.1138E-001  -3.1669E-001  -1.1969E-001   3.8997E-002   8.9989E-002   3.2058E-002   8.9968E-002  -5.5412E-002  -2.5810E-002  -1.4350E-001   1.0293E-001  -3.3021E-001  -4.3508E-002  -3.0262E-002  -2.6813E-002  -7.1999E-001  -1.8383E-002   2.0009E-002  -4.7355E-002   3.2383E-001   1.2931E+000  
 2.4806E+000  -1.8108E+000  -9.5982E-001   4.1179E-002  -4.5066E-001  -2.6063E-001   4.2987E-002   8.1455E-002   5.8176E-002   3.2218E-002  -9.9280E-002  -8.4707E-002  -1.7176E-001   1.7014E-001  -3.4899E-001  -8.9816E-002  -5.1357E-002  -1.1918E-002  -7.4883E-001  -1.4693E-002   9.5086E-003  -6.7657E-002   3.1473E-001   1.3340E+000  
 2.6895E+000  -1.6925E+000  -1.0523E+000  -7.4583E-002  -7.2882E-001  -3.8579E-001   4.2577E-002   6.3159E-002   5.7135E-002  -4.2476E-002  -1.6421E-001  -1.4664E-001  -2.3236E-001   2.5185E-001  -3.6813E-001  -1.4455E-001  -8.4335E-002   1.6374E-002  -7.8136E-001  -5.9070E-003   3.8449E-003  -8.3161E-002   3.0339E-001   1.3618E+000  
 3.9740E+000   4.8235E-001  -2.8747E-001   1.0156E+000  -4.7955E-001   2.6574E-001  -7.3460E-001   1.2766E+000  -1.2741E+000   6.8776E-003   2.0891E-001   5.6829E-001  -9.8329E-001  -3.7860E-001  -6.6053E-001   3.4768E-001  -2.0087E-001  -2.2305E-004  -1.0085E+000  -3.6860E-002  -2.0697E-002   4.0775E-002   2.5765E-001   1.3070E+000  
 3.2065E+000  -6.4661E-001   1.2943E-001   3.5225E-001  -1.9729E-001  -3.6504E-002  -2.3198E-001   5.1597E-001  -7.2662E-001   1.8209E-001   3.9773E-002   3.0160E-001  -4.6770E-001  -2.0087E-001  -5.5006E-001   2.0997E-001  -1.1523E-001   1.2763E-002  -7.6658E-001  -3.3210E-002  -4.8175E-002   6.0130E-002   2.7849E-001   1.5042E+000  
 2.8504E+000  -1.2290E+000   1.1824E-001   1.5109E-001  -1.9505E-001  -1.9478E-001  -7.0862E-002   2.3992E-001  -3.9051E-001   2.0244E-001  -4.7797E-002   1.4736E-001  -2.8524E-001  -1.1831E-001  -4.0604E-001   8.8588E-002  -6.0939E-002  -2.7800E-002  -6.6800E-001   4.9207E-003   1.3012E-002   4.0747E-002   3.1224E-001   1.4253E+000  
 2.7196E+000  -1.4821E+000  -7.4813E-002   1.2424E-001  -2.9779E-001  -2.1307E-001  -2.4161E-002   1.8717E-001  -2.5424E-001   2.3606E-001  -6.2454E-002   9.8700E-002  -2.4348E-001  -6.2796E-002  -3.9494E-001   4.0523E-002  -4.6938E-002  -4.1708E-002  -6.7365E-001   1.7187E-003   1.8000E-002   1.5143E-002   3.2004E-001   1.3479E+000  
 2.6604E+000  -1.6448E+000  -3.0363E-001   8.4739E-002  -3.7280E-001  -2.6662E-001   4.2923E-003   1.5134E-001  -1.4190E-001   2.3597E-001  -8.2125E-002   4.3589E-002  -2.2109E-001  -1.2212E-002  -3.9564E-001  -9.7011E-003  -4.3223E-002  -5.4173E-002  -6.9104E-001  -4.1273E-003   1.8212E-002  -1.3206E-002   3.2238E-001   1.2795E+000  
 2.6691E+000  -1.7286E+000  -5.3261E-001   2.6843E-002  -4.6588E-001  -3.6429E-001   2.0060E-002   1.2350E-001  -5.3023E-002   2.0887E-001  -1.1136E-001  -1.8840E-002  -2.2026E-001   4.1168E-002  -4.0877E-001  -6.3709E-002  -5.0287E-002  -6.0565E-002  -7.2001E-001  -8.1573E-003   1.2455E-002  -4.1662E-002   3.1875E-001   1.2634E+000  
 2.7347E+000  -1.7402E+000  -7.3091E-001  -6.0244E-002  -6.2866E-001  -5.0150E-001   2.4952E-002   9.5054E-002   9.8091E-003   1.5942E-001  -1.5599E-001  -8.8468E-002  -2.4838E-001   1.0537E-001  -4.3234E-001  -1.2364E-001  -7.0924E-002  -5.5600E-002  -7.6016E-001  -6.4698E-003   4.1740E-003  -6.7867E-002   3.0888E-001   1.3190E+000  
 2.6661E+000  -1.9272E+000  -9.7385E-001  -3.8772E-001  -1.0955E+000  -8.1850E-001  -7.6235E-002  -1.5213E-001  -1.4706E-001   3.3871E-002  -3.0077E-001  -2.8013E-001  -4.4542E-001   2.0332E-001  -5.9331E-001  -2.7026E-001  -1.4117E-001  -6.5306E-002  -9.0851E-001   3.9283E-002  -6.0027E-002  -8.8514E-002   2.6613E-001   1.4078E+000  
 2.0783E+000  -2.6900E+000  -1.5483E+000  -1.4020E+000  -2.2794E+000  -1.3276E+000  -5.7326E-001  -9.9423E-001  -6.2745E-001   1.8118E-003  -6.1308E-001  -6.2484E-001  -1.0791E+000   4.2190E-001  -7.3929E-001  -4.9654E-001  -2.8599E-001  -2.5809E-003  -1.2079E+000   5.1749E-002  -2.9840E-002  -7.6063E-002   2.2598E-001   1.2234E+000  
