 2.1938E+000   1.1214E+000  -2.7269E+000  -4.5708E-001  -1.9548E+000   5.6084E-002  -7.1719E-001  -1.3705E-001  -3.1548E-001  -1.2408E-002  -2.1422E-001  -1.3747E-002  -7.6299E-002   2.1584E-002  -3.9315E-002   7.4099E-002   8.6123E-002   9.8988E-004   1.0124E-001  -7.6872E-003   4.7490E-003  -1.8004E-002   2.0848E-002   1.2724E-001  
 2.3155E+000   1.2955E+000  -2.8119E+000  -2.1236E-001  -1.4940E+000   1.3472E-002  -7.1647E-001  -1.8144E-001  -2.8411E-001  -1.1403E-001  -1.3899E-001   2.2662E-002  -1.5598E-002   9.4317E-004  -2.0228E-002   2.9176E-002   5.6588E-002   2.5963E-002   7.1487E-002  -2.8447E-003   5.9837E-003  -1.4556E-002   2.5959E-002   1.4094E-001  
 2.3761E+000   1.4894E+000  -2.9410E+000  -8.4362E-002  -1.2585E+000  -5.5232E-002  -6.8662E-001  -1.6745E-001  -1.9323E-001  -1.8486E-001  -1.0750E-001   3.7341E-002  -8.6538E-003  -6.0406E-003  -1.2170E-002   1.6638E-002   4.8788E-002   4.1494E-002   4.6752E-002   8.5894E-004   4.3841E-003  -1.3792E-002   2.5098E-002   1.2874E-001  
 2.4827E+000   1.6046E+000  -3.1382E+000   1.1014E-002  -1.1233E+000  -1.4391E-001  -6.6105E-001  -1.5661E-001  -9.3318E-002  -2.2410E-001  -8.9520E-002   4.3916E-002  -1.5411E-002  -1.0061E-002  -6.3226E-003   1.0656E-002   4.5535E-002   5.1172E-002   2.3780E-002   3.2585E-003   2.7319E-003  -1.3379E-002   2.4740E-002   1.2527E-001  
 2.6517E+000   1.6377E+000  -3.3670E+000   8.4825E-002  -1.0380E+000  -2.6878E-001  -6.3876E-001  -1.5442E-001   7.2736E-003  -2.3542E-001  -8.1723E-002   4.3717E-002  -2.7061E-002  -1.1300E-002   9.9874E-005   8.7039E-003   4.3968E-002   5.4404E-002   5.6494E-004   4.1242E-003  -6.3787E-005  -1.3290E-002   2.4622E-002   1.2765E-001  
 2.8885E+000   1.5911E+000  -3.5939E+000   1.4019E-001  -9.5372E-001  -4.3781E-001  -6.1589E-001  -1.6060E-001   1.0748E-001  -2.1986E-001  -8.3545E-002   3.6250E-002  -3.8714E-002  -9.9726E-003   6.5270E-003   1.0512E-002   4.2411E-002   5.1514E-002  -2.2703E-002   3.1753E-003  -2.8425E-003  -1.3311E-002   2.4857E-002   1.2622E-001  
 3.1908E+000   1.4624E+000  -3.7854E+000   1.7507E-001  -8.2155E-001  -6.4537E-001  -5.8860E-001  -1.7549E-001   2.0627E-001  -1.7647E-001  -9.5468E-002   2.2022E-002  -4.5573E-002  -5.8609E-003   1.2368E-002   1.6231E-002   3.9273E-002   4.2147E-002  -4.5815E-002   7.2162E-004  -4.4541E-003  -1.3574E-002   2.5361E-002   1.2857E-001  
 3.5383E+000   1.2547E+000  -3.9050E+000   1.7745E-001  -5.9153E-001  -8.7211E-001  -5.5561E-001  -1.9394E-001   2.9579E-001  -1.0170E-001  -1.2071E-001  -1.0861E-004  -3.9165E-002   1.1204E-003   2.0198E-002   2.8343E-002   3.1779E-002   2.6891E-002  -7.0523E-002  -2.9668E-003  -5.9890E-003  -1.4189E-002   2.6328E-002   1.4785E-001  
 3.8344E+000   1.0584E+000  -3.9718E+000   6.7546E-002  -1.4490E-001  -1.1232E+000  -5.4899E-001  -1.5711E-001   3.2944E-001   3.8154E-003  -1.8929E-001  -4.3180E-002   1.9979E-002   2.0753E-002   3.7627E-002   7.2816E-002   2.1420E-003   1.9401E-003  -1.0031E-001  -7.2740E-003  -4.5084E-003  -1.7861E-002   2.1278E-002   1.3010E-001  
 1.9381E+000   1.3237E+000  -2.4850E+000  -2.0334E-001  -1.2412E+000   4.4725E-001  -7.2955E-001  -1.3635E-001  -2.5306E-001   4.2742E-002  -1.0860E-001   2.9803E-002   1.0999E-002   9.0674E-003  -9.2772E-003   1.2838E-002   5.2615E-002  -1.2081E-002   5.9361E-002  -4.2594E-003   9.7102E-004  -1.3932E-002   2.4795E-002   1.2660E-001  
 1.8996E+000   1.5558E+000  -2.5890E+000  -7.5760E-002  -1.0062E+000   3.5718E-001  -6.9540E-001  -1.1333E-001  -1.9676E-001  -4.1997E-002  -7.2072E-002   4.1952E-002   1.7252E-002   2.5507E-003  -8.7776E-003   1.1086E-003   4.4584E-002   7.9105E-003   4.6290E-002  -2.4817E-003   2.6824E-003  -1.3118E-002   2.3859E-002   1.1895E-001  
 1.9057E+000   1.7131E+000  -2.7952E+000   2.2401E-002  -8.9540E-001   2.8740E-001  -6.7167E-001  -9.8573E-002  -1.3324E-001  -9.9154E-002  -4.6829E-002   5.3136E-002   1.0916E-002  -1.7723E-003  -6.1716E-003  -7.1391E-003   4.1625E-002   2.1032E-002   3.1311E-002  -1.3374E-004   2.7330E-003  -1.2657E-002   2.3188E-002   1.1271E-001  
 1.9804E+000   1.8029E+000  -3.0669E+000   1.0269E-001  -8.6971E-001   2.0118E-001  -6.5390E-001  -9.0867E-002  -6.4710E-002  -1.3183E-001  -3.1108E-002   5.9723E-002  -4.0481E-003  -3.8498E-003  -3.0103E-003  -1.2068E-002   4.1979E-002   2.8334E-002   1.5829E-002   1.3685E-003   1.5075E-003  -1.2456E-002   2.2807E-002   1.0768E-001  
 2.1381E+000   1.8282E+000  -3.3667E+000   1.7137E-001  -8.8774E-001   7.7209E-002  -6.3882E-001  -8.9545E-002   5.5225E-003  -1.4119E-001  -2.4048E-002   5.9562E-002  -2.3173E-002  -4.4162E-003   9.4693E-006  -1.3700E-002   4.3938E-002   3.0772E-002   4.9496E-004   1.8046E-003   6.1420E-006  -1.2369E-002   2.2717E-002   1.0669E-001  
 2.3848E+000   1.7910E+000  -3.6646E+000   2.3153E-001  -9.0666E-001  -9.2484E-002  -6.2312E-001  -9.4462E-002   7.5409E-002  -1.2815E-001  -2.5047E-002   5.2147E-002  -4.2347E-002  -3.8180E-003   3.0265E-003  -1.2339E-002   4.5950E-002   2.8639E-002  -1.4873E-002   1.3607E-003  -1.4968E-003  -1.2282E-002   2.3017E-002   1.0809E-001  
 2.7176E+000   1.6894E+000  -3.9304E+000   2.8104E-001  -8.8367E-001  -3.0236E-001  -6.0354E-001  -1.0569E-001   1.4288E-001  -9.1778E-002  -3.4715E-002   3.7847E-002  -5.7441E-002  -1.7400E-003   6.2258E-003  -7.6242E-003   4.6454E-002   2.1681E-002  -3.0493E-002  -1.4464E-004  -2.7735E-003  -1.2338E-002   2.3562E-002   1.1507E-001  
 3.1179E+000   1.5207E+000  -4.1271E+000   3.1227E-001  -7.7723E-001  -5.2822E-001  -5.7689E-001  -1.2382E-001   2.0460E-001  -3.1149E-002  -5.3995E-002   1.8936E-002  -6.3879E-002   2.6996E-003   8.8454E-003   4.9823E-004   4.3649E-002   8.8003E-003  -4.5715E-002  -2.5793E-003  -2.6763E-003  -1.2729E-002   2.4322E-002   1.2155E-001  
 3.5648E+000   1.2773E+000  -4.2181E+000   3.1475E-001  -5.4828E-001  -7.3563E-001  -5.3871E-001  -1.5018E-001   2.5856E-001   5.6837E-002  -8.4526E-002  -9.6661E-004  -5.7824E-002   9.3029E-003   9.2667E-003   1.2065E-002   3.5857E-002  -1.0996E-002  -5.9002E-002  -4.3560E-003  -8.7775E-004  -1.3442E-002   2.5350E-002   1.3350E-001  
 1.5414E+000   1.4113E+000  -2.2387E+000  -1.1255E-001  -7.7768E-001   5.8408E-001  -7.0420E-001  -8.1911E-002  -1.5594E-001   7.0270E-002  -5.7206E-002   2.7784E-002   3.4939E-002   6.2704E-003  -3.0169E-003  -4.3866E-003   4.0506E-002  -1.7726E-002   3.5476E-002  -2.8662E-003  -6.4109E-004  -1.2936E-002   2.3154E-002   1.1536E-001  
 1.4393E+000   1.5905E+000  -2.4129E+000  -1.5017E-002  -6.4236E-001   4.9595E-001  -6.7772E-001  -6.4858E-002  -1.2590E-001   1.7930E-003  -2.5447E-002   3.9683E-002   3.3359E-002   2.1112E-003  -3.1791E-003  -1.3273E-002   3.5998E-002  -1.7708E-003   2.8022E-002  -1.4437E-003   7.0809E-004  -1.2880E-002   2.1866E-002   1.0573E-001  
 1.3961E+000   1.7116E+000  -2.6817E+000   6.0372E-002  -6.1370E-001   4.2758E-001  -6.6031E-001  -5.3609E-002  -8.6735E-002  -4.4273E-002  -4.0942E-003   5.0043E-002   2.1077E-002  -9.9733E-005  -2.3988E-003  -1.8697E-002   3.6454E-002   8.4614E-003   1.9453E-002  -3.3060E-004   9.7279E-004  -1.3760E-002   2.0275E-002   1.0928E-001  
 1.4395E+000   1.7802E+000  -3.0115E+000   1.2675E-001  -6.5769E-001   3.4234E-001  -6.4845E-001  -4.7864E-002  -4.2382E-002  -7.0359E-002   9.3354E-003   5.5986E-002   2.4099E-003  -1.1047E-003  -1.1574E-003  -2.1862E-002   3.9564E-002   1.4228E-002   9.9826E-003   3.1123E-004   5.3645E-004  -1.4435E-002   1.9190E-002   1.1427E-001  
 1.5863E+000   1.7991E+000  -3.3667E+000   1.9065E-001  -7.3844E-001   2.1880E-001  -6.3893E-001  -4.7042E-002   3.9117E-003  -7.7754E-002   1.5653E-002   5.5608E-002  -1.9259E-002  -1.3323E-003  -7.3436E-006  -2.2945E-002   4.3884E-002   1.6148E-002   3.6459E-004   4.2182E-004   2.3188E-005  -1.4679E-002   1.8867E-002   1.1792E-001  
 1.8426E+000   1.7701E+000  -3.7198E+000   2.5516E-001  -8.1996E-001   4.8817E-002  -6.2877E-001  -5.0918E-002   4.9870E-002  -6.7244E-002   1.5403E-002   4.8402E-002  -4.0975E-002  -1.0918E-003   1.1415E-003  -2.2101E-002   4.8261E-002   1.4492E-002  -9.2807E-003   3.2637E-004  -5.0248E-004  -1.4249E-002   1.9437E-002   1.1738E-001  
 2.2055E+000   1.6915E+000  -4.0436E+000   3.1819E-001  -8.6627E-001  -1.6189E-001  -6.1503E-001  -5.9670E-002   9.3216E-002  -3.8047E-002   8.0472E-003   3.4772E-002  -5.9778E-002  -8.6889E-005   2.3854E-003  -1.9151E-002   5.1532E-002   9.0133E-003  -1.8843E-002  -3.1241E-004  -9.6217E-004  -1.3406E-002   2.0725E-002   1.1470E-001  
 2.6539E+000   1.5606E+000  -4.3026E+000   3.7190E-001  -8.4137E-001  -3.8901E-001  -5.9458E-001  -7.3842E-002   1.3072E-001   1.0995E-002  -7.2875E-003   1.6700E-002  -7.2249E-002   2.1528E-003   3.1589E-003  -1.3917E-002   5.2234E-002  -9.7385E-004  -2.7581E-002  -1.4517E-003  -6.8972E-004  -1.2380E-002   2.2474E-002   1.0875E-001  
 3.1634E+000   1.3719E+000  -4.4634E+000   4.0411E-001  -7.1121E-001  -5.9831E-001  -5.6392E-001  -9.3705E-002   1.5843E-001   8.2292E-002  -3.3044E-002  -3.0346E-003  -7.4036E-002   6.3778E-003   3.0134E-003  -5.1565E-003   4.8037E-002  -1.6710E-002  -3.5310E-002  -2.9290E-003   6.8329E-004  -1.2327E-002   2.3859E-002   1.1670E-001  
 1.5777E+000   6.5416E-001  -2.2218E+000  -6.5478E-001  -1.5151E+000   1.5847E+000  -7.6767E-001  -7.3748E-002  -6.5180E-004   3.1046E-001  -2.2379E-001   5.7010E-002  -6.5985E-002   2.1904E-002   3.9804E-002   4.2780E-002   1.1863E-001  -1.0169E-001  -1.7853E-003   4.8012E-003  -7.7569E-003  -1.8203E-002   2.0637E-002   1.2765E-001  
 1.5307E+000   8.8966E-001  -2.0317E+000  -3.3308E-001  -9.4622E-001   1.0381E+000  -7.7162E-001  -8.8528E-002  -5.2850E-002   2.4900E-001  -1.1462E-001   8.9984E-003   1.8665E-002   9.1495E-003   9.1641E-003   8.7338E-003   5.6985E-002  -5.9671E-002   1.1284E-002   8.7836E-004  -4.2724E-003  -1.4019E-002   2.4666E-002   1.2112E-001  
 1.3377E+000   1.1320E+000  -1.9505E+000  -1.7740E-001  -6.2990E-001   7.4964E-001  -7.1921E-001  -6.4260E-002  -7.7748E-002   1.5125E-001  -6.0228E-002   7.0824E-003   3.8783E-002   6.2968E-003   2.9743E-003  -3.4056E-003   3.9640E-002  -3.5876E-002   1.7082E-002  -6.7366E-004  -2.8739E-003  -1.2972E-002   2.3082E-002   1.1353E-001  
 1.1394E+000   1.3171E+000  -2.0495E+000  -7.3619E-002  -4.4889E-001   5.9137E-001  -6.8518E-001  -4.6337E-002  -8.2015E-002   7.7062E-002  -2.0832E-002   1.5454E-002   4.4011E-002   3.1650E-003  -9.3205E-006  -1.2239E-002   3.1682E-002  -1.8075E-002   1.7637E-002  -9.3263E-004  -9.3283E-004  -1.3383E-002   2.1076E-002   1.0906E-001  
 9.7838E-001   1.4508E+000  -2.2781E+000  -2.2955E-003  -3.8192E-001   5.0384E-001  -6.6435E-001  -3.3881E-002  -7.1533E-002   2.3618E-002   6.6879E-003   2.7068E-002   3.7855E-002   1.1482E-003  -7.2200E-004  -1.8086E-002   3.0328E-002  -5.9951E-003   1.5146E-002  -4.3944E-004  -4.1516E-005  -1.4942E-002   1.8546E-002   1.1307E-001  
 8.9034E-001   1.5405E+000  -2.5953E+000   5.4152E-002  -4.0162E-001   4.3620E-001  -6.5189E-001  -2.5772E-002  -5.1253E-002  -1.2081E-002   2.5106E-002   3.7028E-002   2.3864E-002   1.9031E-004  -6.9536E-004  -2.1405E-002   3.3146E-002   1.7691E-003   1.1172E-002  -9.7295E-005   1.2263E-004  -1.7020E-002   1.5694E-002   1.0458E-001  
 9.0532E-001   1.5910E+000  -2.9695E+000   1.0887E-001  -4.8061E-001   3.5145E-001  -6.4444E-001  -2.1685E-002  -2.5415E-002  -3.2050E-002   3.6784E-002   4.2549E-002   5.2753E-003  -2.7989E-004  -4.0453E-004  -2.3342E-002   3.8029E-002   6.3244E-003   6.0019E-003   5.6709E-005   1.1616E-004  -1.8371E-002   1.3803E-002   9.5440E-002  
 1.0421E+000   1.6046E+000  -3.3667E+000   1.6881E-001  -5.8913E-001   2.2811E-001  -6.3905E-001  -2.1221E-002   2.5248E-003  -3.7623E-002   4.2550E-002   4.2018E-002  -1.5344E-002  -4.2725E-004   4.5551E-006  -2.4039E-002   4.3835E-002   7.8878E-003   2.2875E-004   1.1206E-004   1.4932E-006  -1.8775E-002   1.3236E-002   9.5487E-002  
 1.3073E+000   1.5829E+000  -3.7618E+000   2.3689E-001  -6.9828E-001   5.8011E-002  -6.3302E-001  -2.4129E-002   3.0133E-002  -2.9524E-002   4.2821E-002   3.4932E-002  -3.5995E-002  -2.7268E-004   4.1213E-004  -2.3496E-002   4.9686E-002   6.5527E-003  -5.5740E-003   6.1969E-005  -1.1484E-004  -1.8231E-002   1.4019E-002   9.7214E-002  
 1.6975E+000   1.5243E+000  -4.1299E+000   3.1120E-001  -7.7914E-001  -1.5308E-001  -6.2366E-001  -3.0654E-002   5.4980E-002  -7.0492E-003   3.7216E-002   2.1720E-002  -5.4685E-002   2.0228E-004   6.9718E-004  -2.1720E-002   5.4718E-002   2.2221E-003  -1.0835E-002  -9.0224E-005  -1.2669E-004  -1.6730E-002   1.6124E-002   1.0819E-001  
 2.1898E+000   1.4266E+000  -4.4371E+000   3.8355E-001  -8.0193E-001  -3.8083E-001  -6.0806E-001  -4.1165E-002   7.3666E-002   3.1075E-002   2.4854E-002   4.0558E-003  -6.8882E-002   1.1436E-003   6.9984E-004  -1.8611E-002   5.7825E-002  -5.3224E-003  -1.4924E-002  -4.1427E-004   3.2965E-005  -1.4442E-002   1.9214E-002   1.1692E-001  
 2.7572E+000   1.2852E+000  -4.6519E+000   4.4171E-001  -7.3918E-001  -5.9063E-001  -5.8294E-001  -5.5934E-002   8.1918E-002   8.6822E-002   3.3731E-003  -1.5382E-002  -7.5259E-002   3.1780E-003  -9.5558E-006  -1.2915E-002   5.6831E-002  -1.7203E-002  -1.7634E-002  -9.3668E-004   9.3116E-004  -1.2722E-002   2.1901E-002   1.1164E-001  
 3.3671E+000   1.0926E+000  -4.7338E+000   4.6897E-001  -5.6343E-001  -7.3391E-001  -5.4362E-001  -7.6040E-002   7.4867E-002   1.6307E-001  -3.0021E-002  -3.1685E-002  -7.0191E-002   6.3662E-003  -3.0611E-003  -4.1396E-003   4.9181E-002  -3.4925E-002  -1.7353E-002  -6.6369E-004   2.9325E-003  -1.2280E-002   2.3930E-002   1.1912E-001  
 3.9722E+000   8.4332E-001  -4.6327E+000   4.4451E-001  -2.5327E-001  -7.4818E-001  -4.8509E-001  -1.0234E-001   4.6782E-002   2.6255E-001  -7.8481E-002  -3.7704E-002  -5.0166E-002   9.2508E-003  -9.4116E-003   7.9945E-003   3.2120E-002  -5.8726E-002  -1.1804E-002   9.8129E-004   4.3770E-003  -1.3308E-002   2.5495E-002   1.3076E-001  
 4.4489E+000   5.9186E-001  -4.4034E+000   2.6400E-001   2.9626E-001  -5.1540E-001  -4.7459E-001  -9.3826E-002  -9.3626E-003   3.3360E-001  -1.8002E-001   3.4495E-004   3.0864E-002   2.0672E-002  -3.7288E-002   4.1350E-002  -2.8490E-002  -9.9983E-002   1.1445E-003   4.4161E-003   7.2551E-003  -1.7707E-002   2.1455E-002   1.3385E-001  
 1.5004E+000   5.6685E-001  -2.0446E+000  -4.7206E-001  -9.0379E-001   1.4764E+000  -8.1199E-001  -7.4255E-002   1.0202E-001   2.8391E-001  -1.5106E-001   1.6387E-002  -3.3486E-004   1.0736E-003   2.0209E-002   1.2770E-002   7.3629E-002  -7.1515E-002  -2.6885E-002   5.9265E-003  -2.9053E-003  -1.4760E-002   2.5744E-002   1.4649E-001  
 1.2902E+000   7.8663E-001  -1.7933E+000  -2.6989E-001  -5.6399E-001   9.7927E-001  -7.4678E-001  -5.4011E-002   3.2499E-002   1.9550E-001  -8.1143E-002  -6.9516E-003   2.8720E-002   2.6023E-003   8.7254E-003   7.7334E-004   4.5433E-002  -4.6376E-002  -8.7088E-003   2.6370E-003  -2.4970E-003  -1.3339E-002   2.3608E-002   1.1721E-001  
 1.0339E+000   9.5980E-001  -1.7663E+000  -1.4412E-001  -3.4767E-001   6.8889E-001  -7.0070E-001  -3.7088E-002  -8.8797E-003   1.2379E-001  -3.1502E-002  -8.7161E-003   4.1004E-002   2.1328E-003   3.1468E-003  -7.8131E-003   3.0828E-002  -2.8193E-002   1.1604E-003   6.9346E-004  -1.4443E-003  -1.3016E-002   2.1678E-002   1.0383E-001  
 7.7683E-001   1.0916E+000  -1.9118E+000  -6.6481E-002  -2.3515E-001   5.3008E-001  -6.7160E-001  -2.4513E-002  -2.8470E-002   6.8880E-002   3.6660E-003  -6.2514E-005   4.1660E-002   1.1527E-003   7.1062E-004  -1.3494E-002   2.5872E-002  -1.5379E-002   5.5651E-003  -3.3840E-005  -4.4123E-004  -1.5014E-002   1.8440E-002   1.1206E-001  
 5.6641E-001   1.1862E+000  -2.1804E+000  -1.5872E-002  -2.0933E-001   4.4258E-001  -6.5478E-001  -1.5767E-002  -3.2228E-002   2.9378E-002   2.7854E-002   1.1552E-002   3.4135E-002   5.4775E-004  -3.8814E-006  -1.6911E-002   2.6933E-002  -6.9478E-003   6.6933E-003  -8.5423E-005  -8.9570E-005  -1.8036E-002   1.4293E-002   9.6754E-002  
 4.4107E-001   1.2491E+000  -2.5331E+000   2.5906E-002  -2.4909E-001   3.7523E-001  -6.4604E-001  -1.0419E-002  -2.5822E-002   3.3363E-003   4.4454E-002   2.1457E-002   2.1623E-002   1.7467E-004  -1.8858E-004  -1.9318E-002   3.0937E-002  -1.2707E-003   5.6661E-003  -4.6311E-005   1.6009E-005  -2.0325E-002   1.1016E-002   7.7897E-002  
 4.3254E-001   1.2843E+000  -2.9395E+000   7.1610E-002  -3.3409E-001   2.9081E-001  -6.4174E-001  -7.8399E-003  -1.3438E-002  -1.1175E-002   5.5095E-002   2.6992E-002   5.8389E-003  -5.1324E-005  -1.3827E-004  -2.0807E-002   3.6893E-002   2.0940E-003   3.2449E-003   7.5319E-006   3.3835E-005  -2.1655E-002   9.0184E-003   6.6127E-002  
 5.6115E-001   1.2936E+000  -3.3667E+000   1.2843E-001  -4.4143E-001   1.6762E-001  -6.3916E-001  -7.6569E-003   1.4352E-003  -1.5200E-002   6.0530E-002   2.6462E-002  -1.1489E-002  -1.2262E-004   1.3331E-006  -2.1345E-002   4.3804E-002   3.2588E-003   1.3419E-004   3.0964E-005  -5.6046E-007  -2.2059E-002   8.4235E-003   6.4671E-002  
 8.3366E-001   1.2781E+000  -3.7919E+000   1.9934E-001  -5.4925E-001  -2.5554E-003  -6.3592E-001  -9.6934E-003   1.5983E-002  -9.2658E-003   6.1129E-002   1.9370E-002  -2.8841E-002  -4.7941E-005   1.4063E-004  -2.0917E-002   5.0759E-002   2.2708E-003  -3.0092E-003   9.5713E-006  -3.5400E-005  -2.1527E-002   9.2358E-003   6.7672E-002  
 1.2465E+000   1.2368E+000  -4.1920E+000   2.8237E-001  -6.3566E-001  -2.1389E-001  -6.2968E-001  -1.4119E-002   2.7389E-002   7.1410E-003   5.6559E-002   6.1374E-003  -4.4701E-002   1.8156E-004   1.8764E-004  -1.9546E-002   5.6856E-002  -9.2407E-004  -5.5244E-003  -4.3505E-005  -2.0569E-005  -2.0057E-002   1.1453E-002   8.0934E-002  
 1.7753E+000   1.1679E+000  -4.5346E+000   3.6909E-001  -6.7774E-001  -4.4187E-001  -6.1776E-001  -2.1269E-002   3.2198E-002   3.5014E-002   4.5994E-002  -1.1487E-002  -5.7342E-002   5.5523E-004  -3.8485E-006  -1.7266E-002   6.1111E-002  -6.4429E-003  -6.6955E-003  -8.5887E-005   8.1700E-005  -1.7606E-002   1.4939E-002   1.0129E-001  
 2.3913E+000   1.0674E+000  -4.7892E+000   4.4773E-001  -6.5515E-001  -6.5164E-001  -5.9657E-001  -3.1790E-002   2.6266E-002   7.6287E-002   2.7874E-002  -3.0929E-002  -6.5077E-002   1.1393E-003  -7.1032E-004  -1.4004E-002   6.2570E-002  -1.4691E-002  -5.7518E-003  -4.0802E-005   4.1213E-004  -1.4367E-002   1.9314E-002   1.1863E-001  
 3.0593E+000   9.2993E-001  -4.9174E+000   5.0100E-001  -5.4668E-001  -7.9435E-001  -5.6203E-001  -4.6059E-002   3.9596E-003   1.3280E-001  -1.2381E-003  -4.7539E-002  -6.4604E-002   2.1307E-003  -3.1898E-003  -8.4245E-003   5.8026E-002  -2.7408E-002  -1.5802E-003   7.0315E-004   1.4514E-003  -1.2237E-002   2.2655E-002   1.0833E-001  
 3.7272E+000   7.5145E-001  -4.8700E+000   5.0633E-001  -3.3502E-001  -8.0668E-001  -5.0970E-001  -6.4514E-002  -4.0544E-002   2.0581E-001  -4.4948E-002  -5.3740E-002  -5.2400E-002   2.6306E-003  -8.9162E-003   1.5730E-004   4.3763E-002  -4.5636E-002   8.0413E-003   2.7308E-003   2.5655E-003  -1.2537E-002   2.4550E-002   1.2086E-001  
 4.3533E+000   5.2624E-001  -4.5950E+000   4.3705E-001  -1.2883E-003  -6.1617E-001  -4.3673E-001  -8.6611E-002  -1.1357E-001   2.9595E-001  -1.0869E-001  -3.8735E-002  -2.3905E-002   9.4320E-004  -2.0212E-002   1.2034E-002   1.6051E-002  -7.0483E-002   2.6013E-002   6.0425E-003   2.8811E-003  -1.4012E-002   2.6512E-002   1.4361E-001  
 1.3591E+000   4.3562E-001  -1.8439E+000  -4.0826E-001  -5.1996E-001   1.3969E+000  -7.9612E-001  -4.5011E-002   1.7426E-001   1.9593E-001  -1.2255E-001  -2.2197E-003   1.0566E-002  -5.8497E-003   1.2133E-002   4.9380E-003   6.1181E-002  -4.6500E-002  -4.2280E-002   4.3429E-003   7.2630E-004  -1.4098E-002   2.4746E-002   1.2316E-001  
 1.0948E+000   5.7942E-001  -1.6299E+000  -2.3591E-001  -3.0560E-001   9.0110E-001  -7.3028E-001  -3.0512E-002   9.0691E-002   1.3456E-001  -5.8904E-002  -2.1984E-002   2.6250E-002  -1.7181E-003   6.1343E-003  -2.1851E-003   3.7270E-002  -3.1174E-002  -2.1735E-002   2.6969E-003  -1.5421E-004  -1.2951E-002   2.2834E-002   1.0958E-001  
 7.8957E-001   6.9099E-001  -1.6400E+000  -1.3281E-001  -1.7185E-001   6.0940E-001  -6.8797E-001  -1.9625E-002   3.7917E-002   8.6928E-002  -1.3168E-002  -2.2910E-002   3.2552E-002  -8.2042E-005   2.3858E-003  -7.3292E-003   2.5490E-002  -1.9427E-002  -9.0181E-003   9.6758E-004  -3.2865E-004  -1.3979E-002   1.9973E-002   1.0877E-001  
 4.8789E-001   7.7541E-001  -1.8180E+000  -7.4018E-002  -1.0801E-001   4.4992E-001  -6.6233E-001  -1.1684E-002   7.6693E-003   5.0626E-002   1.9073E-002  -1.3873E-002   3.1482E-002   1.9726E-004   6.9023E-004  -1.0626E-002   2.2611E-002  -1.1224E-002  -2.1627E-003   1.2816E-004  -9.5628E-005  -1.7168E-002   1.5478E-002   1.0364E-001  
 2.4029E-001   8.3559E-001  -2.1145E+000  -3.8029E-002  -1.0240E-001   3.6218E-001  -6.4859E-001  -6.3342E-003  -6.0489E-003   2.4702E-002   4.1437E-002  -2.2070E-003   2.5430E-002   1.7703E-004   1.8470E-004  -1.2845E-002   2.4560E-002  -5.7649E-003   1.0252E-003   1.9453E-005  -4.7302E-005  -2.0392E-002   1.0906E-002   7.6723E-002  
 8.6834E-002   8.7541E-001  -2.4913E+000  -6.9788E-003  -1.4097E-001   2.9486E-001  -6.4231E-001  -3.1428E-003  -8.9889E-003   7.6990E-003   5.6832E-002   7.6971E-003   1.6241E-002   7.7885E-005  -7.3892E-007  -1.4483E-002   2.9318E-002  -2.0457E-003   1.9280E-003  -6.8173E-006  -8.1650E-006  -2.2641E-002   7.5352E-003   5.5141E-002  
 6.0639E-002   8.9756E-001  -2.9193E+000   3.1997E-002  -2.1012E-001   2.1053E-001  -6.4007E-001  -1.6930E-003  -5.5585E-003  -1.7603E-003   6.6807E-002   1.3228E-002   4.7954E-003   4.6299E-007  -3.1373E-005  -1.5465E-002   3.6083E-002   1.8932E-004   1.3565E-003   2.9081E-006   6.4704E-006  -2.4038E-002   5.5358E-003   4.1103E-002  
 1.8310E-001   9.0332E-001  -3.3668E+000   8.6500E-002  -2.9427E-001   8.7410E-002  -6.3924E-001  -1.6656E-003   6.4431E-004  -4.3699E-003   7.2029E-002   1.2692E-002  -7.6581E-003  -2.7871E-005   3.2663E-007  -1.5810E-002   4.3787E-002   9.5978E-004   6.0741E-005   9.3522E-006  -1.1828E-006  -2.4467E-002   4.9547E-003   3.9321E-002  
 4.6112E-001   8.9342E-001  -3.8122E+000   1.5951E-001  -3.7873E-001  -8.2775E-002  -6.3776E-001  -2.9405E-003   6.5232E-003  -4.7872E-004   7.2839E-002   5.5993E-003  -2.0126E-002   1.8450E-006   3.1628E-005  -1.5533E-002   5.1533E-002   3.0751E-004  -1.2648E-003   3.5065E-006  -8.5112E-006  -2.3919E-002   5.7447E-003   4.3934E-002  
 8.9096E-001   8.6715E-001  -4.2339E+000   2.4906E-001  -4.4884E-001  -2.9416E-001  -6.3354E-001  -5.6351E-003   8.9843E-003   1.0251E-002   6.8940E-002  -7.6318E-003  -3.1614E-002   8.0589E-005  -6.7011E-007  -1.4622E-002   5.8423E-002  -1.8095E-003  -1.9263E-003  -5.9300E-006   4.5987E-006  -2.2399E-002   7.9638E-003   5.9197E-002  
 1.4472E+000   8.2328E-001  -4.6005E+000   3.4630E-001  -4.8897E-001  -5.2212E-001  -6.2406E-001  -1.0033E-002   4.4624E-003   2.8485E-002   5.9576E-002  -2.5256E-002  -4.0893E-002   1.7929E-004  -1.9129E-004  -1.3073E-002   6.3424E-002  -5.4261E-003  -1.1683E-003   1.7221E-005   4.2497E-005  -1.9991E-002   1.1558E-002   8.2116E-002  
 2.0999E+000   7.5916E-001  -4.8829E+000   4.3936E-001  -4.8552E-001  -7.3160E-001  -6.0592E-001  -1.6563E-002  -1.1416E-002   5.5584E-002   4.3250E-002  -4.4745E-002  -4.7065E-002   1.9543E-004  -7.0202E-004  -1.0944E-002   6.5734E-002  -1.0783E-002   1.8307E-003   1.2125E-004   9.1793E-005  -1.6584E-002   1.6331E-002   1.0915E-001  
 2.8120E+000   6.7090E-001  -5.0431E+000   5.1136E-001  -4.2442E-001  -8.7363E-001  -5.7472E-001  -2.5666E-002  -4.4351E-002   9.3003E-002   1.7114E-002  -6.1779E-002  -4.8307E-002  -1.0470E-004  -2.3982E-003  -7.7533E-003   6.3347E-002  -1.8872E-002   8.4606E-003   9.6597E-004   3.1502E-004  -1.3182E-002   2.1013E-002   1.1291E-001  
 3.5285E+000   5.5573E-001  -5.0326E+000   5.3932E-001  -2.9389E-001  -8.8466E-001  -5.2602E-001  -3.7624E-002  -1.0019E-001   1.4157E-001  -2.2641E-002  -6.8867E-002  -4.2118E-002  -1.7848E-003  -6.2162E-003  -2.6459E-003   5.2018E-002  -3.0595E-002   2.0961E-002   2.7596E-003   1.2151E-004  -1.2061E-002   2.3896E-002   1.1429E-001  
 4.2077E+000   4.0863E-001  -4.7957E+000   4.9893E-001  -8.3028E-002  -6.9481E-001  -4.5320E-001  -5.3034E-002  -1.8700E-001   2.0358E-001  -8.0432E-002  -5.6996E-002  -2.6394E-002  -6.0262E-003  -1.2384E-002   4.5379E-003   2.8285E-002  -4.6040E-002   4.1363E-002   4.4774E-003  -8.0938E-004  -1.3290E-002   2.5685E-002   1.2871E-001  
 1.2624E+000   2.3459E-001  -1.7216E+000  -3.7767E-001  -2.3498E-001   1.3375E+000  -7.8316E-001  -2.0592E-002   2.1514E-001   9.8523E-002  -1.0762E-001  -1.2598E-002   7.7434E-003  -9.9037E-003   6.3149E-003   1.6439E-003   5.5347E-002  -2.3315E-002  -5.1835E-002   2.7158E-003   3.1531E-003  -1.3773E-002   2.4286E-002   1.2025E-001  
 9.6669E-001   3.0480E-001  -1.5341E+000  -2.2021E-001  -1.3088E-001   8.3924E-001  -7.2074E-001  -1.3606E-002   1.2474E-001   6.8286E-002  -4.6236E-002  -3.2376E-002   1.5182E-002  -3.8085E-003   3.0114E-003  -1.8619E-003   3.2485E-002  -1.5506E-002  -2.8941E-002   1.5005E-003   1.3433E-003  -1.2853E-002   2.2325E-002   1.0350E-001  
 6.3072E-001   3.5918E-001  -1.5663E+000  -1.3084E-001  -6.7412E-002   5.4660E-001  -6.8073E-001  -8.3273E-003   6.5088E-002   4.4594E-002  -2.7673E-003  -3.2678E-002   1.7766E-002  -1.0911E-003   1.1572E-003  -4.2424E-003   2.2428E-002  -9.7820E-003  -1.4692E-002   5.3242E-004   3.1440E-004  -1.4742E-002   1.8773E-002   1.1003E-001  
 3.0103E-001   4.0019E-001  -1.7634E+000  -8.3565E-002  -3.9021E-002   3.8668E-001  -6.5704E-001  -4.4914E-003   2.8422E-002   2.6527E-002   2.7715E-002  -2.3234E-002   1.6754E-002  -2.7306E-004   4.0462E-004  -5.7502E-003   2.0735E-002  -5.8974E-003  -6.6466E-003   1.1765E-004   5.9703E-005  -1.8584E-002   1.3475E-002   9.3177E-002  
 3.0189E-002   4.2928E-001  -2.0763E+000  -5.6503E-002  -3.9736E-002   2.9868E-001  -6.4511E-001  -1.9851E-003   8.9357E-003   1.3759E-002   4.9040E-002  -1.1589E-002   1.3490E-002  -4.9139E-005   1.3740E-004  -6.8784E-003   2.3109E-002  -3.2125E-003  -2.2979E-003   3.5585E-005   7.4940E-006  -2.1779E-002   8.7979E-003   6.3997E-002  
-1.4079E-001   4.4849E-001  -2.4671E+000  -3.2141E-002  -6.2621E-002   2.3129E-001  -6.4029E-001  -5.3048E-004   6.2651E-004   5.3968E-003   6.3773E-002  -1.6808E-003   8.6314E-003   9.2052E-007   3.0874E-005  -7.6908E-003   2.8360E-002  -1.3699E-003  -2.9169E-004   7.7127E-006   1.9224E-006  -2.4098E-002   5.4292E-003   4.0247E-002  
-1.7800E-001   4.5913E-001  -2.9077E+000   2.7011E-003  -1.0086E-001   1.4698E-001  -6.3916E-001   1.1412E-004  -1.0734E-003   7.4748E-004   7.3356E-002   3.8486E-003   2.6590E-003  -2.8373E-006  -1.0311E-007  -8.1739E-003   3.5608E-002  -2.6317E-004   2.3478E-004   3.1133E-006   2.1125E-006  -2.5524E-002   3.5524E-003   2.4319E-002  
-5.9365E-002   4.6188E-001  -3.3669E+000   5.5778E-002  -1.4661E-001   2.3883E-002  -6.3930E-001   9.9226E-005   1.6159E-004  -5.3035E-004   7.8447E-002   3.3118E-003  -3.8154E-003  -9.1279E-006   5.2173E-008  -8.3429E-003   4.3778E-002   1.2047E-004   1.6196E-005   3.4039E-006  -1.2176E-006  -2.5967E-002   3.0694E-003   2.0483E-002  
 2.2208E-001   4.5706E-001  -3.8239E+000   1.3009E-001  -1.9251E-001  -1.4630E-001  -6.3877E-001  -5.1039E-004   1.0744E-003   1.3887E-003   7.9382E-002  -3.7834E-003  -1.0296E-002  -2.3653E-006  -8.5882E-008  -8.2078E-003   5.1990E-002  -2.0410E-004  -2.3206E-004   3.1774E-006  -4.1764E-006  -2.5407E-002   3.7393E-003   2.7649E-002  
 6.6254E-001   4.4435E-001  -4.2581E+000   2.2365E-001  -2.3123E-001  -3.5767E-001  -6.3566E-001  -1.7781E-003  -1.5894E-003   6.6734E-003   7.5873E-002  -1.7016E-002  -1.6290E-002   1.4346E-006  -3.2061E-005  -7.7586E-003   5.9359E-002  -1.2518E-003   2.0599E-004   7.2749E-006  -4.4915E-006  -2.3860E-002   5.8464E-003   4.4783E-002  
 1.2360E+000   4.2312E-001  -4.6387E+000   3.2744E-001  -2.5490E-001  -5.8553E-001  -6.2759E-001  -3.8388E-003  -1.1471E-002   1.5651E-002   6.7184E-002  -3.4642E-002  -2.1190E-002  -5.0056E-005  -1.4140E-004  -6.9877E-003   6.4833E-002  -3.0421E-003   2.0685E-003   3.3677E-005  -9.5776E-006  -2.1403E-002   9.4464E-003   6.9809E-002  
 1.9116E+000   3.9206E-001  -4.9374E+000   4.2931E-001  -2.5669E-001  -7.9472E-001  -6.1125E-001  -6.9335E-003  -3.3107E-002   2.9009E-002   5.1890E-002  -5.4116E-002  -2.4516E-002  -2.7942E-004  -4.1194E-004  -5.9064E-003   6.7572E-002  -5.6787E-003   6.2327E-003   1.1336E-004  -5.8949E-005  -1.8019E-002   1.4335E-002   9.9366E-002  
 2.6514E+000   3.4913E-001  -5.1166E+000   5.1273E-001  -2.2969E-001  -9.3631E-001  -5.8197E-001  -1.1357E-002  -7.2462E-002   4.7648E-002   2.7507E-002  -7.1580E-002  -2.5620E-002  -1.1056E-003  -1.1417E-003  -4.4543E-003   6.6392E-002  -9.4828E-003   1.4033E-002   5.0581E-004  -3.2286E-004  -1.3943E-002   1.9839E-002   1.1761E-001  
 3.3984E+000   2.9292E-001  -5.1280E+000   5.5438E-001  -1.6784E-001  -9.4643E-001  -5.3544E-001  -1.7178E-002  -1.3516E-001   7.1829E-002  -9.9197E-003  -7.9330E-002  -2.3123E-002  -3.8739E-003  -3.0200E-003  -2.1141E-003   5.6850E-002  -1.5185E-002   2.8053E-002   1.5028E-003  -1.3937E-003  -1.1911E-002   2.3470E-002   1.0865E-001  
 4.1087E+000   2.2110E-001  -4.9174E+000   5.2881E-001  -6.5435E-002  -7.5417E-001  -4.6603E-001  -2.4583E-002  -2.2873E-001   1.0229E-001  -6.5482E-002  -6.7405E-002  -1.5583E-002  -1.0137E-002  -6.5057E-003   1.4681E-003   3.4139E-002  -2.3142E-002   5.0879E-002   2.8333E-003  -3.2715E-003  -1.2944E-002   2.5270E-002   1.2498E-001  
 1.2289E+000  -5.4813E-016  -1.6817E+000  -3.6830E-001   1.7989E-015   1.3153E+000  -7.7901E-001  -9.5544E-016   2.2846E-001   2.7528E-015  -1.0278E-001  -1.6264E-002   1.4589E-015  -1.1172E-002  -3.5627E-015  -2.4559E-016   5.3430E-002   1.8427E-015  -5.4886E-002  -3.9995E-015   4.0634E-003  -1.3700E-002   2.4120E-002   1.1931E-001  
 9.2256E-001  -1.3331E-017  -1.5028E+000  -2.1584E-001  -4.5239E-016   8.1636E-001  -7.1762E-001   1.3085E-016   1.3578E-001  -6.3509E-016  -4.2210E-002  -3.5990E-002  -4.8207E-016  -4.4016E-003   1.0046E-015   4.0893E-016   3.0988E-002  -9.3666E-016  -3.1246E-002   1.4092E-015   1.8000E-003  -1.2852E-002   2.2121E-002   1.0062E-001  
 5.7620E-001  -6.5848E-017  -1.5423E+000  -1.3105E-001   3.3528E-016   5.2338E-001  -6.7836E-001  -3.2361E-016   7.3866E-002   7.8652E-016   4.9776E-004  -3.6066E-002   7.6202E-016  -1.3494E-003  -1.2069E-015  -4.0262E-016   2.1486E-002   9.7767E-016  -1.6520E-002  -1.5683E-015   4.4580E-004  -1.5097E-002   1.8298E-002   1.1016E-001  
 2.3709E-001  -3.8442E-016  -1.7457E+000  -8.7553E-002  -3.5769E-016   3.6328E-001  -6.5536E-001  -8.7849E-017   3.5102E-002   1.4564E-017   3.0464E-002  -2.6511E-002   4.1670E-016  -4.2355E-004   1.8369E-016  -2.8277E-016   2.0108E-002  -2.5888E-017  -8.1103E-003  -5.6165E-017   1.1330E-004  -1.9054E-002   1.2797E-002   9.2213E-002  
-4.1566E-002   7.8202E-017  -2.0639E+000  -6.3481E-002  -4.1479E-017   2.7518E-001  -6.4401E-001   3.6975E-016   1.3758E-002  -1.0988E-016   5.1457E-002  -1.4871E-002  -1.1771E-017  -1.2125E-004   2.2383E-016   1.7681E-016   2.2618E-002  -1.5401E-016  -3.3888E-003  -5.5745E-016   3.0874E-005  -2.2242E-002   8.0951E-003   6.1636E-002  
-2.1844E-001   1.9576E-016  -2.4593E+000  -4.1354E-002   4.2629E-016   2.0775E-001  -6.3965E-001  -3.3498E-017   3.7176E-003  -2.9187E-016   6.5981E-002  -4.9580E-003  -1.0131E-015  -2.7893E-005  -3.6367E-016   6.5736E-017   2.8046E-002   2.0073E-016  -1.0176E-003  -1.4938E-016   8.3966E-006  -2.4585E-002   4.7466E-003   3.6650E-002  
-2.5934E-001  -1.0987E-016  -2.9039E+000  -7.8960E-003  -3.7953E-017   1.2343E-001  -6.3888E-001   4.3562E-016   3.6476E-004   7.3850E-017   7.5435E-002   5.6982E-004   8.4901E-016  -9.2543E-006  -2.8331E-016   9.6333E-017   3.5453E-002  -1.7503E-016  -1.3409E-004   8.8684E-017   2.3869E-006  -2.6026E-002   2.9842E-003   1.8195E-002  
-1.4199E-001  -7.5495E-015  -3.3669E+000   4.4709E-002   1.0997E-015   3.4139E-004  -6.3932E-001   7.7716E-016   6.5928E-007  -5.0459E-016   8.0482E-002   3.2592E-005  -2.8831E-015  -6.5076E-006   4.8856E-015   2.5535E-015   4.3776E-002   2.7691E-015   1.1471E-006  -2.3831E-015  -8.8660E-007  -2.6467E-002   2.5968E-003   1.0806E-002  
 1.4061E-001   3.1059E-016  -3.8277E+000   1.1945E-001  -3.7632E-016  -1.6983E-001  -6.3909E-001   3.7288E-016  -6.8431E-004  -1.5177E-016   8.1459E-002  -7.0631E-003  -7.6072E-016  -8.9833E-006   1.0988E-016   1.9050E-016   5.2139E-002  -7.5948E-017   1.0728E-004  -2.6344E-016  -4.4207E-006  -2.5908E-002   3.1528E-003   2.2781E-002  
 5.8463E-001  -4.0403E-016  -4.2660E+000   2.1435E-001   3.8419E-016  -3.8119E-001  -6.3633E-001  -6.4643E-016  -4.9991E-003   2.3859E-015   7.8077E-002  -2.0295E-002   2.8056E-015  -2.7784E-005  -3.2977E-015  -1.0692E-015   5.9667E-002   2.8377E-015   9.0281E-004  -4.4690E-015  -1.0311E-005  -2.4348E-002   5.1558E-003   4.2002E-002  
 1.1639E+000   6.0343E-017  -4.6510E+000   3.2034E-001  -9.9765E-016  -6.0901E-001  -6.2871E-001   5.3154E-016  -1.6609E-002  -8.4025E-016   6.9603E-002  -3.7924E-002  -1.1093E-015  -1.2393E-004   2.0443E-015   8.4027E-016   6.5309E-002  -1.6703E-015   3.1306E-003   2.2924E-015  -3.1036E-005  -2.1874E-002   8.7405E-003   6.7712E-002  
 1.8471E+000  -1.0169E-016  -4.9550E+000   4.2516E-001  -6.8629E-016  -8.1809E-001  -6.1294E-001  -1.7413E-016  -4.0100E-002  -1.1451E-015   5.4633E-002  -5.7396E-002  -2.0887E-015  -4.3118E-004   2.0966E-015   8.0110E-016   6.8190E-002  -1.4002E-015   7.6690E-003   3.2785E-015  -1.1057E-004  -1.8492E-002   1.3660E-002   9.8760E-002  
 2.5962E+000   4.0081E-016  -5.1405E+000   5.1233E-001  -3.4458E-015  -9.5952E-001  -5.8432E-001   1.7163E-015  -8.1574E-002  -5.8336E-015   3.0790E-002  -7.5007E-002  -2.8767E-015  -1.3325E-003   7.6845E-015   3.2347E-015   6.7360E-002  -6.9943E-015   1.5803E-002   1.0084E-014  -4.1450E-004  -1.4277E-002   1.9399E-002   1.1932E-001  
 3.3536E+000   1.5958E-015  -5.1592E+000   5.5852E-001  -3.5370E-015  -9.6928E-001  -5.3855E-001   2.6094E-015  -1.4653E-001  -6.9927E-015  -5.8858E-003  -8.2966E-002  -4.3115E-015  -4.4378E-003   7.9002E-015   2.8217E-015   5.8342E-002  -8.3123E-015   3.0303E-002   1.2233E-014  -1.8147E-003  -1.1911E-002   2.3285E-002   1.0682E-001  
 4.0745E+000  -1.7355E-015  -4.9571E+000   5.3797E-001   2.7291E-015  -7.7626E-001  -4.7014E-001  -3.1132E-015  -2.4233E-001   7.9464E-015  -6.0637E-002  -7.1093E-002   4.9512E-015  -1.1429E-002  -7.6780E-015  -3.6964E-015   3.6075E-002   1.0208E-014   5.3917E-002  -1.4680E-014  -4.2013E-003  -1.2866E-002   2.5114E-002   1.2629E-001  
 1.2624E+000  -2.3459E-001  -1.7216E+000  -3.7767E-001   2.3498E-001   1.3375E+000  -7.8316E-001   2.0592E-002   2.1514E-001  -9.8523E-002  -1.0762E-001  -1.2598E-002  -7.7434E-003  -9.9037E-003  -6.3149E-003  -1.6439E-003   5.5347E-002   2.3315E-002  -5.1835E-002  -2.7158E-003   3.1531E-003  -1.3773E-002   2.4286E-002   1.2025E-001  
 9.6669E-001  -3.0480E-001  -1.5341E+000  -2.2021E-001   1.3088E-001   8.3924E-001  -7.2074E-001   1.3606E-002   1.2474E-001  -6.8286E-002  -4.6236E-002  -3.2376E-002  -1.5182E-002  -3.8085E-003  -3.0114E-003   1.8619E-003   3.2485E-002   1.5506E-002  -2.8941E-002  -1.5005E-003   1.3433E-003  -1.2853E-002   2.2325E-002   1.0350E-001  
 6.3072E-001  -3.5918E-001  -1.5663E+000  -1.3084E-001   6.7412E-002   5.4660E-001  -6.8073E-001   8.3273E-003   6.5088E-002  -4.4594E-002  -2.7673E-003  -3.2678E-002  -1.7766E-002  -1.0911E-003  -1.1572E-003   4.2424E-003   2.2428E-002   9.7820E-003  -1.4692E-002  -5.3242E-004   3.1440E-004  -1.4742E-002   1.8773E-002   1.1003E-001  
 3.0103E-001  -4.0019E-001  -1.7634E+000  -8.3565E-002   3.9021E-002   3.8668E-001  -6.5704E-001   4.4914E-003   2.8422E-002  -2.6527E-002   2.7715E-002  -2.3234E-002  -1.6754E-002  -2.7306E-004  -4.0462E-004   5.7502E-003   2.0735E-002   5.8974E-003  -6.6466E-003  -1.1765E-004   5.9703E-005  -1.8584E-002   1.3475E-002   9.3177E-002  
 3.0189E-002  -4.2928E-001  -2.0763E+000  -5.6503E-002   3.9736E-002   2.9868E-001  -6.4511E-001   1.9851E-003   8.9357E-003  -1.3759E-002   4.9040E-002  -1.1589E-002  -1.3490E-002  -4.9139E-005  -1.3740E-004   6.8784E-003   2.3109E-002   3.2125E-003  -2.2979E-003  -3.5585E-005   7.4940E-006  -2.1779E-002   8.7979E-003   6.3997E-002  
-1.4079E-001  -4.4849E-001  -2.4671E+000  -3.2141E-002   6.2621E-002   2.3129E-001  -6.4029E-001   5.3048E-004   6.2651E-004  -5.3968E-003   6.3773E-002  -1.6808E-003  -8.6314E-003   9.2052E-007  -3.0874E-005   7.6908E-003   2.8360E-002   1.3699E-003  -2.9169E-004  -7.7127E-006   1.9224E-006  -2.4098E-002   5.4292E-003   4.0247E-002  
-1.7800E-001  -4.5913E-001  -2.9077E+000   2.7011E-003   1.0086E-001   1.4698E-001  -6.3916E-001  -1.1412E-004  -1.0734E-003  -7.4748E-004   7.3356E-002   3.8486E-003  -2.6590E-003  -2.8373E-006   1.0311E-007   8.1739E-003   3.5608E-002   2.6317E-004   2.3478E-004  -3.1133E-006   2.1125E-006  -2.5524E-002   3.5524E-003   2.4319E-002  
-5.9365E-002  -4.6188E-001  -3.3669E+000   5.5778E-002   1.4661E-001   2.3883E-002  -6.3930E-001  -9.9226E-005   1.6159E-004   5.3035E-004   7.8447E-002   3.3118E-003   3.8154E-003  -9.1279E-006  -5.2173E-008   8.3429E-003   4.3778E-002  -1.2047E-004   1.6196E-005  -3.4039E-006  -1.2176E-006  -2.5967E-002   3.0694E-003   2.0483E-002  
 2.2208E-001  -4.5706E-001  -3.8239E+000   1.3009E-001   1.9251E-001  -1.4630E-001  -6.3877E-001   5.1039E-004   1.0744E-003  -1.3887E-003   7.9382E-002  -3.7834E-003   1.0296E-002  -2.3653E-006   8.5882E-008   8.2078E-003   5.1990E-002   2.0410E-004  -2.3206E-004  -3.1774E-006  -4.1764E-006  -2.5407E-002   3.7393E-003   2.7649E-002  
 6.6254E-001  -4.4435E-001  -4.2581E+000   2.2365E-001   2.3123E-001  -3.5767E-001  -6.3566E-001   1.7781E-003  -1.5894E-003  -6.6734E-003   7.5873E-002  -1.7016E-002   1.6290E-002   1.4346E-006   3.2061E-005   7.7586E-003   5.9359E-002   1.2518E-003   2.0599E-004  -7.2749E-006  -4.4915E-006  -2.3860E-002   5.8464E-003   4.4783E-002  
 1.2360E+000  -4.2312E-001  -4.6387E+000   3.2744E-001   2.5490E-001  -5.8553E-001  -6.2759E-001   3.8388E-003  -1.1471E-002  -1.5651E-002   6.7184E-002  -3.4642E-002   2.1190E-002  -5.0056E-005   1.4140E-004   6.9877E-003   6.4833E-002   3.0421E-003   2.0685E-003  -3.3677E-005  -9.5776E-006  -2.1403E-002   9.4464E-003   6.9809E-002  
 1.9116E+000  -3.9206E-001  -4.9374E+000   4.2931E-001   2.5669E-001  -7.9472E-001  -6.1125E-001   6.9335E-003  -3.3107E-002  -2.9009E-002   5.1890E-002  -5.4116E-002   2.4516E-002  -2.7942E-004   4.1194E-004   5.9064E-003   6.7572E-002   5.6787E-003   6.2327E-003  -1.1336E-004  -5.8949E-005  -1.8019E-002   1.4335E-002   9.9366E-002  
 2.6514E+000  -3.4913E-001  -5.1166E+000   5.1273E-001   2.2969E-001  -9.3631E-001  -5.8197E-001   1.1357E-002  -7.2462E-002  -4.7648E-002   2.7507E-002  -7.1580E-002   2.5620E-002  -1.1056E-003   1.1417E-003   4.4543E-003   6.6392E-002   9.4828E-003   1.4033E-002  -5.0581E-004  -3.2286E-004  -1.3943E-002   1.9839E-002   1.1761E-001  
 3.3984E+000  -2.9292E-001  -5.1280E+000   5.5438E-001   1.6784E-001  -9.4643E-001  -5.3544E-001   1.7178E-002  -1.3516E-001  -7.1829E-002  -9.9197E-003  -7.9330E-002   2.3123E-002  -3.8739E-003   3.0200E-003   2.1141E-003   5.6850E-002   1.5185E-002   2.8053E-002  -1.5028E-003  -1.3937E-003  -1.1911E-002   2.3470E-002   1.0865E-001  
 4.1087E+000  -2.2110E-001  -4.9174E+000   5.2881E-001   6.5435E-002  -7.5417E-001  -4.6603E-001   2.4583E-002  -2.2873E-001  -1.0229E-001  -6.5482E-002  -6.7405E-002   1.5583E-002  -1.0137E-002   6.5057E-003  -1.4681E-003   3.4139E-002   2.3142E-002   5.0879E-002  -2.8333E-003  -3.2715E-003  -1.2944E-002   2.5270E-002   1.2498E-001  
 1.3591E+000  -4.3562E-001  -1.8439E+000  -4.0826E-001   5.1996E-001   1.3969E+000  -7.9612E-001   4.5011E-002   1.7426E-001  -1.9593E-001  -1.2255E-001  -2.2197E-003  -1.0566E-002  -5.8497E-003  -1.2133E-002  -4.9380E-003   6.1181E-002   4.6500E-002  -4.2280E-002  -4.3429E-003   7.2630E-004  -1.4098E-002   2.4746E-002   1.2316E-001  
 1.0948E+000  -5.7942E-001  -1.6299E+000  -2.3591E-001   3.0560E-001   9.0110E-001  -7.3028E-001   3.0512E-002   9.0691E-002  -1.3456E-001  -5.8904E-002  -2.1984E-002  -2.6250E-002  -1.7181E-003  -6.1343E-003   2.1851E-003   3.7270E-002   3.1174E-002  -2.1735E-002  -2.6969E-003  -1.5421E-004  -1.2951E-002   2.2834E-002   1.0958E-001  
 7.8957E-001  -6.9099E-001  -1.6400E+000  -1.3281E-001   1.7185E-001   6.0940E-001  -6.8797E-001   1.9625E-002   3.7917E-002  -8.6928E-002  -1.3168E-002  -2.2910E-002  -3.2552E-002  -8.2042E-005  -2.3858E-003   7.3292E-003   2.5490E-002   1.9427E-002  -9.0181E-003  -9.6758E-004  -3.2865E-004  -1.3979E-002   1.9973E-002   1.0877E-001  
 4.8789E-001  -7.7541E-001  -1.8180E+000  -7.4018E-002   1.0801E-001   4.4992E-001  -6.6233E-001   1.1684E-002   7.6693E-003  -5.0626E-002   1.9073E-002  -1.3873E-002  -3.1482E-002   1.9726E-004  -6.9023E-004   1.0626E-002   2.2611E-002   1.1224E-002  -2.1627E-003  -1.2816E-004  -9.5628E-005  -1.7168E-002   1.5478E-002   1.0364E-001  
 2.4029E-001  -8.3559E-001  -2.1145E+000  -3.8029E-002   1.0240E-001   3.6218E-001  -6.4859E-001   6.3342E-003  -6.0489E-003  -2.4702E-002   4.1437E-002  -2.2070E-003  -2.5430E-002   1.7703E-004  -1.8470E-004   1.2845E-002   2.4560E-002   5.7649E-003   1.0252E-003  -1.9453E-005  -4.7302E-005  -2.0392E-002   1.0906E-002   7.6723E-002  
 8.6834E-002  -8.7541E-001  -2.4913E+000  -6.9788E-003   1.4097E-001   2.9486E-001  -6.4231E-001   3.1428E-003  -8.9889E-003  -7.6990E-003   5.6832E-002   7.6971E-003  -1.6241E-002   7.7885E-005   7.3892E-007   1.4483E-002   2.9318E-002   2.0457E-003   1.9280E-003   6.8173E-006  -8.1650E-006  -2.2641E-002   7.5352E-003   5.5141E-002  
 6.0639E-002  -8.9756E-001  -2.9193E+000   3.1997E-002   2.1012E-001   2.1053E-001  -6.4007E-001   1.6930E-003  -5.5585E-003   1.7603E-003   6.6807E-002   1.3228E-002  -4.7954E-003   4.6299E-007   3.1373E-005   1.5465E-002   3.6083E-002  -1.8932E-004   1.3565E-003  -2.9081E-006   6.4704E-006  -2.4038E-002   5.5358E-003   4.1103E-002  
 1.8310E-001  -9.0332E-001  -3.3668E+000   8.6500E-002   2.9427E-001   8.7410E-002  -6.3924E-001   1.6656E-003   6.4431E-004   4.3699E-003   7.2029E-002   1.2692E-002   7.6581E-003  -2.7871E-005  -3.2663E-007   1.5810E-002   4.3787E-002  -9.5978E-004   6.0741E-005  -9.3522E-006  -1.1828E-006  -2.4467E-002   4.9547E-003   3.9321E-002  
 4.6112E-001  -8.9342E-001  -3.8122E+000   1.5951E-001   3.7873E-001  -8.2775E-002  -6.3776E-001   2.9405E-003   6.5232E-003   4.7872E-004   7.2839E-002   5.5993E-003   2.0126E-002   1.8450E-006  -3.1628E-005   1.5533E-002   5.1533E-002  -3.0751E-004  -1.2648E-003  -3.5065E-006  -8.5112E-006  -2.3919E-002   5.7447E-003   4.3934E-002  
 8.9096E-001  -8.6715E-001  -4.2339E+000   2.4906E-001   4.4884E-001  -2.9416E-001  -6.3354E-001   5.6351E-003   8.9843E-003  -1.0251E-002   6.8940E-002  -7.6318E-003   3.1614E-002   8.0589E-005   6.7011E-007   1.4622E-002   5.8423E-002   1.8095E-003  -1.9263E-003   5.9300E-006   4.5987E-006  -2.2399E-002   7.9638E-003   5.9197E-002  
 1.4472E+000  -8.2328E-001  -4.6005E+000   3.4630E-001   4.8897E-001  -5.2212E-001  -6.2406E-001   1.0033E-002   4.4624E-003  -2.8485E-002   5.9576E-002  -2.5256E-002   4.0893E-002   1.7929E-004   1.9129E-004   1.3073E-002   6.3424E-002   5.4261E-003  -1.1683E-003  -1.7221E-005   4.2497E-005  -1.9991E-002   1.1558E-002   8.2116E-002  
 2.0999E+000  -7.5916E-001  -4.8829E+000   4.3936E-001   4.8552E-001  -7.3160E-001  -6.0592E-001   1.6563E-002  -1.1416E-002  -5.5584E-002   4.3250E-002  -4.4745E-002   4.7065E-002   1.9543E-004   7.0202E-004   1.0944E-002   6.5734E-002   1.0783E-002   1.8307E-003  -1.2125E-004   9.1793E-005  -1.6584E-002   1.6331E-002   1.0915E-001  
 2.8120E+000  -6.7090E-001  -5.0431E+000   5.1136E-001   4.2442E-001  -8.7363E-001  -5.7472E-001   2.5666E-002  -4.4351E-002  -9.3003E-002   1.7114E-002  -6.1779E-002   4.8307E-002  -1.0470E-004   2.3982E-003   7.7533E-003   6.3347E-002   1.8872E-002   8.4606E-003  -9.6597E-004   3.1502E-004  -1.3182E-002   2.1013E-002   1.1291E-001  
 3.5285E+000  -5.5573E-001  -5.0326E+000   5.3932E-001   2.9389E-001  -8.8466E-001  -5.2602E-001   3.7624E-002  -1.0019E-001  -1.4157E-001  -2.2641E-002  -6.8867E-002   4.2118E-002  -1.7848E-003   6.2162E-003   2.6459E-003   5.2018E-002   3.0595E-002   2.0961E-002  -2.7596E-003   1.2151E-004  -1.2061E-002   2.3896E-002   1.1429E-001  
 4.2077E+000  -4.0863E-001  -4.7957E+000   4.9893E-001   8.3028E-002  -6.9481E-001  -4.5320E-001   5.3034E-002  -1.8700E-001  -2.0358E-001  -8.0432E-002  -5.6996E-002   2.6394E-002  -6.0262E-003   1.2384E-002  -4.5379E-003   2.8285E-002   4.6040E-002   4.1363E-002  -4.4774E-003  -8.0938E-004  -1.3290E-002   2.5685E-002   1.2871E-001  
 1.5004E+000  -5.6685E-001  -2.0446E+000  -4.7206E-001   9.0379E-001   1.4764E+000  -8.1199E-001   7.4255E-002   1.0202E-001  -2.8391E-001  -1.5106E-001   1.6387E-002   3.3486E-004   1.0736E-003  -2.0209E-002  -1.2770E-002   7.3629E-002   7.1515E-002  -2.6885E-002  -5.9265E-003  -2.9053E-003  -1.4760E-002   2.5744E-002   1.4649E-001  
 1.2902E+000  -7.8663E-001  -1.7933E+000  -2.6989E-001   5.6399E-001   9.7927E-001  -7.4678E-001   5.4011E-002   3.2499E-002  -1.9550E-001  -8.1143E-002  -6.9516E-003  -2.8720E-002   2.6023E-003  -8.7254E-003  -7.7334E-004   4.5433E-002   4.6376E-002  -8.7088E-003  -2.6370E-003  -2.4970E-003  -1.3339E-002   2.3608E-002   1.1721E-001  
 1.0339E+000  -9.5980E-001  -1.7663E+000  -1.4412E-001   3.4767E-001   6.8889E-001  -7.0070E-001   3.7088E-002  -8.8797E-003  -1.2379E-001  -3.1502E-002  -8.7161E-003  -4.1004E-002   2.1328E-003  -3.1468E-003   7.8131E-003   3.0828E-002   2.8193E-002   1.1604E-003  -6.9346E-004  -1.4443E-003  -1.3016E-002   2.1678E-002   1.0383E-001  
 7.7683E-001  -1.0916E+000  -1.9118E+000  -6.6481E-002   2.3515E-001   5.3008E-001  -6.7160E-001   2.4513E-002  -2.8470E-002  -6.8880E-002   3.6660E-003  -6.2514E-005  -4.1660E-002   1.1527E-003  -7.1062E-004   1.3494E-002   2.5872E-002   1.5379E-002   5.5651E-003   3.3840E-005  -4.4123E-004  -1.5014E-002   1.8440E-002   1.1206E-001  
 5.6641E-001  -1.1862E+000  -2.1804E+000  -1.5872E-002   2.0933E-001   4.4258E-001  -6.5478E-001   1.5767E-002  -3.2228E-002  -2.9378E-002   2.7854E-002   1.1552E-002  -3.4135E-002   5.4775E-004   3.8814E-006   1.6911E-002   2.6933E-002   6.9478E-003   6.6933E-003   8.5423E-005  -8.9570E-005  -1.8036E-002   1.4293E-002   9.6754E-002  
 4.4107E-001  -1.2491E+000  -2.5331E+000   2.5906E-002   2.4909E-001   3.7523E-001  -6.4604E-001   1.0419E-002  -2.5822E-002  -3.3363E-003   4.4454E-002   2.1457E-002  -2.1623E-002   1.7467E-004   1.8858E-004   1.9318E-002   3.0937E-002   1.2707E-003   5.6661E-003   4.6311E-005   1.6009E-005  -2.0325E-002   1.1016E-002   7.7897E-002  
 4.3254E-001  -1.2843E+000  -2.9395E+000   7.1610E-002   3.3409E-001   2.9081E-001  -6.4174E-001   7.8399E-003  -1.3438E-002   1.1175E-002   5.5095E-002   2.6992E-002  -5.8389E-003  -5.1324E-005   1.3827E-004   2.0807E-002   3.6893E-002  -2.0940E-003   3.2449E-003  -7.5319E-006   3.3835E-005  -2.1655E-002   9.0184E-003   6.6127E-002  
 5.6115E-001  -1.2936E+000  -3.3667E+000   1.2843E-001   4.4143E-001   1.6762E-001  -6.3916E-001   7.6569E-003   1.4352E-003   1.5200E-002   6.0530E-002   2.6462E-002   1.1489E-002  -1.2262E-004  -1.3331E-006   2.1345E-002   4.3804E-002  -3.2588E-003   1.3419E-004  -3.0964E-005  -5.6046E-007  -2.2059E-002   8.4235E-003   6.4671E-002  
 8.3366E-001  -1.2781E+000  -3.7919E+000   1.9934E-001   5.4925E-001  -2.5554E-003  -6.3592E-001   9.6934E-003   1.5983E-002   9.2658E-003   6.1129E-002   1.9370E-002   2.8841E-002  -4.7941E-005  -1.4063E-004   2.0917E-002   5.0759E-002  -2.2708E-003  -3.0092E-003  -9.5713E-006  -3.5400E-005  -2.1527E-002   9.2358E-003   6.7672E-002  
 1.2465E+000  -1.2368E+000  -4.1920E+000   2.8237E-001   6.3566E-001  -2.1389E-001  -6.2968E-001   1.4119E-002   2.7389E-002  -7.1410E-003   5.6559E-002   6.1374E-003   4.4701E-002   1.8156E-004  -1.8764E-004   1.9546E-002   5.6856E-002   9.2407E-004  -5.5244E-003   4.3505E-005  -2.0569E-005  -2.0057E-002   1.1453E-002   8.0934E-002  
 1.7753E+000  -1.1679E+000  -4.5346E+000   3.6909E-001   6.7774E-001  -4.4187E-001  -6.1776E-001   2.1269E-002   3.2198E-002  -3.5014E-002   4.5994E-002  -1.1487E-002   5.7342E-002   5.5523E-004   3.8485E-006   1.7266E-002   6.1111E-002   6.4429E-003  -6.6955E-003   8.5887E-005   8.1700E-005  -1.7606E-002   1.4939E-002   1.0129E-001  
 2.3913E+000  -1.0674E+000  -4.7892E+000   4.4773E-001   6.5515E-001  -6.5164E-001  -5.9657E-001   3.1790E-002   2.6266E-002  -7.6287E-002   2.7874E-002  -3.0929E-002   6.5077E-002   1.1393E-003   7.1032E-004   1.4004E-002   6.2570E-002   1.4691E-002  -5.7518E-003   4.0802E-005   4.1213E-004  -1.4367E-002   1.9314E-002   1.1863E-001  
 3.0593E+000  -9.2993E-001  -4.9174E+000   5.0100E-001   5.4668E-001  -7.9435E-001  -5.6203E-001   4.6059E-002   3.9596E-003  -1.3280E-001  -1.2381E-003  -4.7539E-002   6.4604E-002   2.1307E-003   3.1898E-003   8.4245E-003   5.8026E-002   2.7408E-002  -1.5802E-003  -7.0315E-004   1.4514E-003  -1.2237E-002   2.2655E-002   1.0833E-001  
 3.7272E+000  -7.5145E-001  -4.8700E+000   5.0633E-001   3.3502E-001  -8.0668E-001  -5.0970E-001   6.4514E-002  -4.0544E-002  -2.0581E-001  -4.4948E-002  -5.3740E-002   5.2400E-002   2.6306E-003   8.9162E-003  -1.5730E-004   4.3763E-002   4.5636E-002   8.0413E-003  -2.7308E-003   2.5655E-003  -1.2537E-002   2.4550E-002   1.2086E-001  
 4.3533E+000  -5.2624E-001  -4.5950E+000   4.3705E-001   1.2883E-003  -6.1617E-001  -4.3673E-001   8.6611E-002  -1.1357E-001  -2.9595E-001  -1.0869E-001  -3.8735E-002   2.3905E-002   9.4320E-004   2.0212E-002  -1.2034E-002   1.6051E-002   7.0483E-002   2.6013E-002  -6.0425E-003   2.8811E-003  -1.4012E-002   2.6512E-002   1.4361E-001  
 1.5777E+000  -6.5416E-001  -2.2218E+000  -6.5478E-001   1.5151E+000   1.5847E+000  -7.6767E-001   7.3748E-002  -6.5180E-004  -3.1046E-001  -2.2379E-001   5.7010E-002   6.5985E-002   2.1904E-002  -3.9804E-002  -4.2780E-002   1.1863E-001   1.0169E-001  -1.7853E-003  -4.8012E-003  -7.7569E-003  -1.8203E-002   2.0637E-002   1.2765E-001  
 1.5307E+000  -8.8966E-001  -2.0317E+000  -3.3308E-001   9.4622E-001   1.0381E+000  -7.7162E-001   8.8528E-002  -5.2850E-002  -2.4900E-001  -1.1462E-001   8.9984E-003  -1.8665E-002   9.1495E-003  -9.1641E-003  -8.7338E-003   5.6985E-002   5.9671E-002   1.1284E-002  -8.7836E-004  -4.2724E-003  -1.4019E-002   2.4666E-002   1.2112E-001  
 1.3377E+000  -1.1320E+000  -1.9505E+000  -1.7740E-001   6.2990E-001   7.4964E-001  -7.1921E-001   6.4260E-002  -7.7748E-002  -1.5125E-001  -6.0228E-002   7.0824E-003  -3.8783E-002   6.2968E-003  -2.9743E-003   3.4056E-003   3.9640E-002   3.5876E-002   1.7082E-002   6.7366E-004  -2.8739E-003  -1.2972E-002   2.3082E-002   1.1353E-001  
 1.1394E+000  -1.3171E+000  -2.0495E+000  -7.3619E-002   4.4889E-001   5.9137E-001  -6.8518E-001   4.6337E-002  -8.2015E-002  -7.7062E-002  -2.0832E-002   1.5454E-002  -4.4011E-002   3.1650E-003   9.3205E-006   1.2239E-002   3.1682E-002   1.8075E-002   1.7637E-002   9.3263E-004  -9.3283E-004  -1.3383E-002   2.1076E-002   1.0906E-001  
 9.7838E-001  -1.4508E+000  -2.2781E+000  -2.2955E-003   3.8192E-001   5.0384E-001  -6.6435E-001   3.3881E-002  -7.1533E-002  -2.3618E-002   6.6879E-003   2.7068E-002  -3.7855E-002   1.1482E-003   7.2200E-004   1.8086E-002   3.0328E-002   5.9951E-003   1.5146E-002   4.3944E-004  -4.1516E-005  -1.4942E-002   1.8546E-002   1.1307E-001  
 8.9034E-001  -1.5405E+000  -2.5953E+000   5.4152E-002   4.0162E-001   4.3620E-001  -6.5189E-001   2.5772E-002  -5.1253E-002   1.2081E-002   2.5106E-002   3.7028E-002  -2.3864E-002   1.9031E-004   6.9536E-004   2.1405E-002   3.3146E-002  -1.7691E-003   1.1172E-002   9.7295E-005   1.2263E-004  -1.7020E-002   1.5694E-002   1.0458E-001  
 9.0532E-001  -1.5910E+000  -2.9695E+000   1.0887E-001   4.8061E-001   3.5145E-001  -6.4444E-001   2.1685E-002  -2.5415E-002   3.2050E-002   3.6784E-002   4.2549E-002  -5.2753E-003  -2.7989E-004   4.0453E-004   2.3342E-002   3.8029E-002  -6.3244E-003   6.0019E-003  -5.6709E-005   1.1616E-004  -1.8371E-002   1.3803E-002   9.5440E-002  
 1.0421E+000  -1.6046E+000  -3.3667E+000   1.6881E-001   5.8913E-001   2.2811E-001  -6.3905E-001   2.1221E-002   2.5248E-003   3.7623E-002   4.2550E-002   4.2018E-002   1.5344E-002  -4.2725E-004  -4.5551E-006   2.4039E-002   4.3835E-002  -7.8878E-003   2.2875E-004  -1.1206E-004   1.4932E-006  -1.8775E-002   1.3236E-002   9.5487E-002  
 1.3073E+000  -1.5829E+000  -3.7618E+000   2.3689E-001   6.9828E-001   5.8011E-002  -6.3302E-001   2.4129E-002   3.0133E-002   2.9524E-002   4.2821E-002   3.4932E-002   3.5995E-002  -2.7268E-004  -4.1213E-004   2.3496E-002   4.9686E-002  -6.5527E-003  -5.5740E-003  -6.1969E-005  -1.1484E-004  -1.8231E-002   1.4019E-002   9.7214E-002  
 1.6975E+000  -1.5243E+000  -4.1299E+000   3.1120E-001   7.7914E-001  -1.5308E-001  -6.2366E-001   3.0654E-002   5.4980E-002   7.0492E-003   3.7216E-002   2.1720E-002   5.4685E-002   2.0228E-004  -6.9718E-004   2.1720E-002   5.4718E-002  -2.2221E-003  -1.0835E-002   9.0224E-005  -1.2669E-004  -1.6730E-002   1.6124E-002   1.0819E-001  
 2.1898E+000  -1.4266E+000  -4.4371E+000   3.8355E-001   8.0193E-001  -3.8083E-001  -6.0806E-001   4.1165E-002   7.3666E-002  -3.1075E-002   2.4854E-002   4.0558E-003   6.8882E-002   1.1436E-003  -6.9984E-004   1.8611E-002   5.7825E-002   5.3224E-003  -1.4924E-002   4.1427E-004   3.2965E-005  -1.4442E-002   1.9214E-002   1.1692E-001  
 2.7572E+000  -1.2852E+000  -4.6519E+000   4.4171E-001   7.3918E-001  -5.9063E-001  -5.8294E-001   5.5934E-002   8.1918E-002  -8.6822E-002   3.3731E-003  -1.5382E-002   7.5259E-002   3.1780E-003   9.5558E-006   1.2915E-002   5.6831E-002   1.7203E-002  -1.7634E-002   9.3668E-004   9.3116E-004  -1.2722E-002   2.1901E-002   1.1164E-001  
 3.3671E+000  -1.0926E+000  -4.7338E+000   4.6897E-001   5.6343E-001  -7.3391E-001  -5.4362E-001   7.6040E-002   7.4867E-002  -1.6307E-001  -3.0021E-002  -3.1685E-002   7.0191E-002   6.3662E-003   3.0611E-003   4.1396E-003   4.9181E-002   3.4925E-002  -1.7353E-002   6.6369E-004   2.9325E-003  -1.2280E-002   2.3930E-002   1.1912E-001  
 3.9722E+000  -8.4332E-001  -4.6327E+000   4.4451E-001   2.5327E-001  -7.4818E-001  -4.8509E-001   1.0234E-001   4.6782E-002  -2.6255E-001  -7.8481E-002  -3.7704E-002   5.0166E-002   9.2508E-003   9.4116E-003  -7.9945E-003   3.2120E-002   5.8726E-002  -1.1804E-002  -9.8129E-004   4.3770E-003  -1.3308E-002   2.5495E-002   1.3076E-001  
 4.4489E+000  -5.9186E-001  -4.4034E+000   2.6400E-001  -2.9626E-001  -5.1540E-001  -4.7459E-001   9.3826E-002  -9.3626E-003  -3.3360E-001  -1.8002E-001   3.4495E-004  -3.0864E-002   2.0672E-002   3.7288E-002  -4.1350E-002  -2.8490E-002   9.9983E-002   1.1445E-003  -4.4161E-003   7.2551E-003  -1.7707E-002   2.1455E-002   1.3385E-001  
 1.5414E+000  -1.4113E+000  -2.2387E+000  -1.1255E-001   7.7768E-001   5.8408E-001  -7.0420E-001   8.1911E-002  -1.5594E-001  -7.0270E-002  -5.7206E-002   2.7784E-002  -3.4939E-002   6.2704E-003   3.0169E-003   4.3866E-003   4.0506E-002   1.7726E-002   3.5476E-002   2.8662E-003  -6.4109E-004  -1.2936E-002   2.3154E-002   1.1536E-001  
 1.4393E+000  -1.5905E+000  -2.4129E+000  -1.5017E-002   6.4236E-001   4.9595E-001  -6.7772E-001   6.4858E-002  -1.2590E-001  -1.7930E-003  -2.5447E-002   3.9683E-002  -3.3359E-002   2.1112E-003   3.1791E-003   1.3273E-002   3.5998E-002   1.7708E-003   2.8022E-002   1.4437E-003   7.0809E-004  -1.2880E-002   2.1866E-002   1.0573E-001  
 1.3961E+000  -1.7116E+000  -2.6817E+000   6.0372E-002   6.1370E-001   4.2758E-001  -6.6031E-001   5.3609E-002  -8.6735E-002   4.4273E-002  -4.0942E-003   5.0043E-002  -2.1077E-002  -9.9733E-005   2.3988E-003   1.8697E-002   3.6454E-002  -8.4614E-003   1.9453E-002   3.3060E-004   9.7279E-004  -1.3760E-002   2.0275E-002   1.0928E-001  
 1.4395E+000  -1.7802E+000  -3.0115E+000   1.2675E-001   6.5769E-001   3.4234E-001  -6.4845E-001   4.7864E-002  -4.2382E-002   7.0359E-002   9.3354E-003   5.5986E-002  -2.4099E-003  -1.1047E-003   1.1574E-003   2.1862E-002   3.9564E-002  -1.4228E-002   9.9826E-003  -3.1123E-004   5.3645E-004  -1.4435E-002   1.9190E-002   1.1427E-001  
 1.5863E+000  -1.7991E+000  -3.3667E+000   1.9065E-001   7.3844E-001   2.1880E-001  -6.3893E-001   4.7042E-002   3.9117E-003   7.7754E-002   1.5653E-002   5.5608E-002   1.9259E-002  -1.3323E-003   7.3436E-006   2.2945E-002   4.3884E-002  -1.6148E-002   3.6459E-004  -4.2182E-004   2.3188E-005  -1.4679E-002   1.8867E-002   1.1792E-001  
 1.8426E+000  -1.7701E+000  -3.7198E+000   2.5516E-001   8.1996E-001   4.8817E-002  -6.2877E-001   5.0918E-002   4.9870E-002   6.7244E-002   1.5403E-002   4.8402E-002   4.0975E-002  -1.0918E-003  -1.1415E-003   2.2101E-002   4.8261E-002  -1.4492E-002  -9.2807E-003  -3.2637E-004  -5.0248E-004  -1.4249E-002   1.9437E-002   1.1738E-001  
 2.2055E+000  -1.6915E+000  -4.0436E+000   3.1819E-001   8.6627E-001  -1.6189E-001  -6.1503E-001   5.9670E-002   9.3216E-002   3.8047E-002   8.0472E-003   3.4772E-002   5.9778E-002  -8.6889E-005  -2.3854E-003   1.9151E-002   5.1532E-002  -9.0133E-003  -1.8843E-002   3.1241E-004  -9.6217E-004  -1.3406E-002   2.0725E-002   1.1470E-001  
 2.6539E+000  -1.5606E+000  -4.3026E+000   3.7190E-001   8.4137E-001  -3.8901E-001  -5.9458E-001   7.3842E-002   1.3072E-001  -1.0995E-002  -7.2875E-003   1.6700E-002   7.2249E-002   2.1528E-003  -3.1589E-003   1.3917E-002   5.2234E-002   9.7385E-004  -2.7581E-002   1.4517E-003  -6.8972E-004  -1.2380E-002   2.2474E-002   1.0875E-001  
 3.1634E+000  -1.3719E+000  -4.4634E+000   4.0411E-001   7.1121E-001  -5.9831E-001  -5.6392E-001   9.3705E-002   1.5843E-001  -8.2292E-002  -3.3044E-002  -3.0346E-003   7.4036E-002   6.3778E-003  -3.0134E-003   5.1565E-003   4.8037E-002   1.6710E-002  -3.5310E-002   2.9290E-003   6.8329E-004  -1.2327E-002   2.3859E-002   1.1670E-001  
 1.9381E+000  -1.3237E+000  -2.4850E+000  -2.0334E-001   1.2412E+000   4.4725E-001  -7.2955E-001   1.3635E-001  -2.5306E-001  -4.2742E-002  -1.0860E-001   2.9803E-002  -1.0999E-002   9.0674E-003   9.2772E-003  -1.2838E-002   5.2615E-002   1.2081E-002   5.9361E-002   4.2594E-003   9.7102E-004  -1.3932E-002   2.4795E-002   1.2660E-001  
 1.8996E+000  -1.5558E+000  -2.5890E+000  -7.5760E-002   1.0062E+000   3.5718E-001  -6.9540E-001   1.1333E-001  -1.9676E-001   4.1997E-002  -7.2072E-002   4.1952E-002  -1.7252E-002   2.5507E-003   8.7776E-003  -1.1086E-003   4.4584E-002  -7.9105E-003   4.6290E-002   2.4817E-003   2.6824E-003  -1.3118E-002   2.3859E-002   1.1895E-001  
 1.9057E+000  -1.7131E+000  -2.7952E+000   2.2401E-002   8.9540E-001   2.8740E-001  -6.7167E-001   9.8573E-002  -1.3324E-001   9.9154E-002  -4.6829E-002   5.3136E-002  -1.0916E-002  -1.7723E-003   6.1716E-003   7.1391E-003   4.1625E-002  -2.1032E-002   3.1311E-002   1.3374E-004   2.7330E-003  -1.2657E-002   2.3188E-002   1.1271E-001  
 1.9804E+000  -1.8029E+000  -3.0669E+000   1.0269E-001   8.6971E-001   2.0118E-001  -6.5390E-001   9.0867E-002  -6.4710E-002   1.3183E-001  -3.1108E-002   5.9723E-002   4.0481E-003  -3.8498E-003   3.0103E-003   1.2068E-002   4.1979E-002  -2.8334E-002   1.5829E-002  -1.3685E-003   1.5075E-003  -1.2456E-002   2.2807E-002   1.0768E-001  
 2.1381E+000  -1.8282E+000  -3.3667E+000   1.7137E-001   8.8774E-001   7.7209E-002  -6.3882E-001   8.9545E-002   5.5225E-003   1.4119E-001  -2.4048E-002   5.9562E-002   2.3173E-002  -4.4162E-003  -9.4693E-006   1.3700E-002   4.3938E-002  -3.0772E-002   4.9496E-004  -1.8046E-003   6.1420E-006  -1.2369E-002   2.2717E-002   1.0669E-001  
 2.3848E+000  -1.7910E+000  -3.6646E+000   2.3153E-001   9.0666E-001  -9.2484E-002  -6.2312E-001   9.4462E-002   7.5409E-002   1.2815E-001  -2.5047E-002   5.2147E-002   4.2347E-002  -3.8180E-003  -3.0265E-003   1.2339E-002   4.5950E-002  -2.8639E-002  -1.4873E-002  -1.3607E-003  -1.4968E-003  -1.2282E-002   2.3017E-002   1.0809E-001  
 2.7176E+000  -1.6894E+000  -3.9304E+000   2.8104E-001   8.8367E-001  -3.0236E-001  -6.0354E-001   1.0569E-001   1.4288E-001   9.1778E-002  -3.4715E-002   3.7847E-002   5.7441E-002  -1.7400E-003  -6.2258E-003   7.6242E-003   4.6454E-002  -2.1681E-002  -3.0493E-002   1.4464E-004  -2.7735E-003  -1.2338E-002   2.3562E-002   1.1507E-001  
 3.1179E+000  -1.5207E+000  -4.1271E+000   3.1227E-001   7.7723E-001  -5.2822E-001  -5.7689E-001   1.2382E-001   2.0460E-001   3.1149E-002  -5.3995E-002   1.8936E-002   6.3879E-002   2.6996E-003  -8.8454E-003  -4.9823E-004   4.3649E-002  -8.8003E-003  -4.5715E-002   2.5793E-003  -2.6763E-003  -1.2729E-002   2.4322E-002   1.2155E-001  
 3.5648E+000  -1.2773E+000  -4.2181E+000   3.1475E-001   5.4828E-001  -7.3563E-001  -5.3871E-001   1.5018E-001   2.5856E-001  -5.6837E-002  -8.4526E-002  -9.6661E-004   5.7824E-002   9.3029E-003  -9.2667E-003  -1.2065E-002   3.5857E-002   1.0996E-002  -5.9002E-002   4.3560E-003  -8.7775E-004  -1.3442E-002   2.5350E-002   1.3350E-001  
 2.1938E+000  -1.1214E+000  -2.7269E+000  -4.5708E-001   1.9548E+000   5.6084E-002  -7.1719E-001   1.3705E-001  -3.1548E-001   1.2408E-002  -2.1422E-001  -1.3747E-002   7.6299E-002   2.1584E-002   3.9315E-002  -7.4099E-002   8.6123E-002  -9.8988E-004   1.0124E-001   7.6872E-003   4.7490E-003  -1.8004E-002   2.0848E-002   1.2724E-001  
 2.3155E+000  -1.2955E+000  -2.8119E+000  -2.1236E-001   1.4940E+000   1.3472E-002  -7.1647E-001   1.8144E-001  -2.8411E-001   1.1403E-001  -1.3899E-001   2.2662E-002   1.5598E-002   9.4317E-004   2.0228E-002  -2.9176E-002   5.6588E-002  -2.5963E-002   7.1487E-002   2.8447E-003   5.9837E-003  -1.4556E-002   2.5959E-002   1.4094E-001  
 2.3761E+000  -1.4894E+000  -2.9410E+000  -8.4362E-002   1.2585E+000  -5.5232E-002  -6.8662E-001   1.6745E-001  -1.9323E-001   1.8486E-001  -1.0750E-001   3.7341E-002   8.6538E-003  -6.0406E-003   1.2170E-002  -1.6638E-002   4.8788E-002  -4.1494E-002   4.6752E-002  -8.5894E-004   4.3841E-003  -1.3792E-002   2.5098E-002   1.2874E-001  
 2.4827E+000  -1.6046E+000  -3.1382E+000   1.1014E-002   1.1233E+000  -1.4391E-001  -6.6105E-001   1.5661E-001  -9.3318E-002   2.2410E-001  -8.9520E-002   4.3916E-002   1.5411E-002  -1.0061E-002   6.3226E-003  -1.0656E-002   4.5535E-002  -5.1172E-002   2.3780E-002  -3.2585E-003   2.7319E-003  -1.3379E-002   2.4740E-002   1.2527E-001  
 2.6517E+000  -1.6377E+000  -3.3670E+000   8.4825E-002   1.0380E+000  -2.6878E-001  -6.3876E-001   1.5442E-001   7.2736E-003   2.3542E-001  -8.1723E-002   4.3717E-002   2.7061E-002  -1.1300E-002  -9.9874E-005  -8.7039E-003   4.3968E-002  -5.4404E-002   5.6494E-004  -4.1242E-003  -6.3787E-005  -1.3290E-002   2.4622E-002   1.2765E-001  
 2.8885E+000  -1.5911E+000  -3.5939E+000   1.4019E-001   9.5372E-001  -4.3781E-001  -6.1589E-001   1.6060E-001   1.0748E-001   2.1986E-001  -8.3545E-002   3.6250E-002   3.8714E-002  -9.9726E-003  -6.5270E-003  -1.0512E-002   4.2411E-002  -5.1514E-002  -2.2703E-002  -3.1753E-003  -2.8425E-003  -1.3311E-002   2.4857E-002   1.2622E-001  
 3.1908E+000  -1.4624E+000  -3.7854E+000   1.7507E-001   8.2155E-001  -6.4537E-001  -5.8860E-001   1.7549E-001   2.0627E-001   1.7647E-001  -9.5468E-002   2.2022E-002   4.5573E-002  -5.8609E-003  -1.2368E-002  -1.6231E-002   3.9273E-002  -4.2147E-002  -4.5815E-002  -7.2162E-004  -4.4541E-003  -1.3574E-002   2.5361E-002   1.2857E-001  
 3.5383E+000  -1.2547E+000  -3.9050E+000   1.7745E-001   5.9153E-001  -8.7211E-001  -5.5561E-001   1.9394E-001   2.9579E-001   1.0170E-001  -1.2071E-001  -1.0861E-004   3.9165E-002   1.1204E-003  -2.0198E-002  -2.8343E-002   3.1779E-002  -2.6891E-002  -7.0523E-002   2.9668E-003  -5.9890E-003  -1.4189E-002   2.6328E-002   1.4785E-001  
 3.8344E+000  -1.0584E+000  -3.9718E+000   6.7546E-002   1.4490E-001  -1.1232E+000  -5.4899E-001   1.5711E-001   3.2944E-001  -3.8154E-003  -1.8929E-001  -4.3180E-002  -1.9979E-002   2.0753E-002  -3.7627E-002  -7.2816E-002   2.1420E-003  -1.9401E-003  -1.0031E-001   7.2740E-003  -4.5084E-003  -1.7861E-002   2.1278E-002   1.3010E-001  
