-1.4101E-001  -6.5829E-001   3.6082E-016   4.5100E-002  -3.1624E-016   9.5763E-005   9.7318E-016  -1.7572E-001  -1.2729E-015   1.8390E-007   8.0516E-002   9.0944E-006  -1.0556E-015  -6.5076E-006  -6.5355E-016  -5.3328E-003   1.1866E-015   3.1947E-007  -9.2558E-016   2.5223E-007   2.1614E-016  -2.6467E-002   2.5524E-003   9.4334E-003  
 2.1503E-001  -1.3946E+000   2.8027E-016   1.1315E-001   5.4085E-016   4.2079E-002   1.7968E-015  -1.7523E-001   1.5914E-016   1.8192E-003   7.5727E-002   8.4045E-003   8.1729E-016  -1.2817E-005  -1.7459E-015   7.7313E-003   1.1708E-015  -5.1321E-004  -7.5504E-016  -5.8017E-006   3.4168E-016  -2.5162E-002   3.9639E-003   3.0592E-002  
 1.4345E-001  -1.0267E+000  -6.3728E-001   9.3080E-002   3.6421E-002  -3.7552E-002   5.4285E-004  -1.7555E-001  -3.7320E-004  -2.0462E-003   7.5424E-002  -4.1590E-003   7.2785E-003  -7.1880E-006   7.2921E-006   1.1981E-003   1.1320E-002   5.0168E-004  -7.8537E-006  -2.7111E-006  -3.5590E-006  -2.5163E-002   3.9795E-003   2.9367E-002  
 2.8356E-004  -2.9079E-001  -6.3739E-001   5.2942E-002  -6.5321E-002  -2.0994E-002   5.4053E-004  -1.7617E-001   3.7472E-004   2.4773E-003   7.4817E-002  -4.1869E-003  -7.2272E-003  -2.0448E-007  -7.2631E-006  -1.1877E-002   1.1327E-002  -4.8846E-004   1.3874E-005   3.3570E-006  -3.6015E-006  -2.5167E-002   4.0055E-003   2.9937E-002  
-7.1300E-002   7.7278E-002  -1.1308E-007   3.2872E-002  -2.0582E-008   7.5577E-002   1.6212E-010  -1.7648E-001   1.1347E-009  -2.6798E-003   7.4513E-002   8.3439E-003  -2.5474E-009  -1.9428E-005  -3.3724E-012  -1.8422E-002   1.9999E-009   4.8927E-004  -2.1063E-010   6.5028E-006   4.8997E-011  -2.5170E-002   4.0162E-003   3.1747E-002  
 2.8352E-004  -2.9079E-001   6.3739E-001   5.2942E-002   6.5321E-002  -2.0994E-002  -5.4053E-004  -1.7617E-001  -3.7472E-004   2.4773E-003   7.4817E-002  -4.1869E-003   7.2272E-003  -2.0455E-007   7.2630E-006  -1.1877E-002  -1.1327E-002  -4.8846E-004  -1.3874E-005   3.3569E-006   3.6015E-006  -2.5167E-002   4.0055E-003   2.9937E-002  
 1.4345E-001  -1.0267E+000   6.3728E-001   9.3080E-002  -3.6421E-002  -3.7552E-002  -5.4285E-004  -1.7555E-001   3.7320E-004  -2.0462E-003   7.5424E-002  -4.1590E-003  -7.2785E-003  -7.1881E-006  -7.2920E-006   1.1981E-003  -1.1320E-002   5.0168E-004   7.8531E-006  -2.7111E-006   3.5591E-006  -2.5163E-002   3.9795E-003   2.9367E-002  
 1.1432E+000  -2.1447E+000  -8.8155E-015   2.4129E-001  -2.0418E-015   1.6777E-001  -6.1728E-015  -1.6197E-001  -4.6897E-016   2.4310E-002   5.2467E-002   3.5487E-002   3.2664E-015  -2.2168E-004  -6.4900E-015   1.7888E-002  -6.8105E-015  -5.6318E-003   1.0774E-014  -6.8240E-005  -4.1346E-015  -2.0279E-002   1.1010E-002   8.1353E-002  
 9.8643E-001  -1.4029E+000  -1.2856E+000   1.9729E-001   1.4584E-001  -1.2253E-001   1.2440E-002  -1.6920E-001  -1.8031E-003  -2.5363E-002   5.1791E-002  -1.7653E-002   3.0751E-002   7.9117E-005   2.2353E-004   6.2686E-003   2.0148E-002   5.5834E-003  -4.6252E-005  -3.1313E-005   3.6385E-005  -2.0290E-002   1.1049E-002   7.8415E-002  
 6.7290E-001   8.1990E-002  -1.2864E+000   1.0930E-001  -2.1359E-001  -8.4786E-002   1.2359E-002  -1.8351E-001   1.7993E-003   2.7416E-002   5.0434E-002  -1.7716E-002  -3.0613E-002   1.5394E-004  -2.2377E-004  -1.7002E-002   2.0184E-002  -5.5242E-003   5.7734E-005   3.2428E-005   3.5379E-005  -2.0294E-002   1.1079E-002   7.9004E-002  
 5.1616E-001   8.2518E-001  -2.2844E-007   6.5314E-002  -7.0037E-008   2.4738E-001   2.1366E-009  -1.9059E-001   1.2767E-008  -2.8413E-002   4.9752E-002   3.5312E-002  -1.0903E-008  -2.9638E-004   2.4410E-010  -2.8685E-002   3.6243E-009   5.5160E-003  -2.6170E-009   6.7931E-005  -3.9078E-011  -2.0289E-002   1.1071E-002   8.2548E-002  
 6.7290E-001   8.1990E-002   1.2864E+000   1.0930E-001   2.1359E-001  -8.4786E-002  -1.2359E-002  -1.8351E-001  -1.7993E-003   2.7416E-002   5.0434E-002  -1.7716E-002   3.0613E-002   1.5394E-004   2.2377E-004  -1.7002E-002  -2.0184E-002  -5.5242E-003  -5.7729E-005   3.2428E-005  -3.5379E-005  -2.0294E-002   1.1079E-002   7.9004E-002  
 9.8643E-001  -1.4029E+000   1.2856E+000   1.9729E-001  -1.4584E-001  -1.2253E-001  -1.2440E-002  -1.6920E-001   1.8031E-003  -2.5363E-002   5.1791E-002  -1.7653E-002  -3.0751E-002   7.9117E-005  -2.2353E-004   6.2686E-003  -2.0148E-002   5.5834E-003   4.6246E-005  -3.1313E-005  -3.6385E-005  -2.0290E-002   1.1049E-002   7.8415E-002  
 2.1832E+000  -2.4848E+000  -1.8476E-015   3.1800E-001  -6.3477E-016   1.3313E-001   7.5076E-015  -1.2057E-001  -4.1137E-015   8.7221E-002   8.8039E-003   5.7847E-002   3.2801E-015  -1.8841E-003   3.0231E-015   1.5816E-002   6.1761E-015  -1.9470E-002  -6.1206E-016  -8.2363E-004  -2.0723E-015  -1.3968E-002   1.9897E-002   1.1157E-001  
 1.9567E+000  -1.5747E+000  -1.5788E+000   2.5438E-001   1.1712E-001  -1.2733E-001   4.8702E-002  -1.4896E-001  -3.7755E-003  -8.9330E-002   7.7244E-003  -2.8764E-002   5.0100E-002   9.0407E-004   1.7735E-003   5.2041E-003   1.8355E-002   1.9404E-002  -8.8766E-005  -4.1878E-004   7.1080E-004  -1.4016E-002   1.9887E-002   1.1114E-001  
 1.5042E+000   2.4967E-001  -1.5813E+000   1.2723E-001  -2.2442E-001  -6.9667E-002   4.8312E-002  -2.0496E-001   3.7656E-003   9.3551E-002   5.6985E-003  -2.8855E-002  -4.9847E-002   1.1404E-003  -1.7748E-003  -1.6018E-002   1.8432E-002  -1.9285E-002   1.2788E-004   4.2152E-004   7.0969E-004  -1.4019E-002   1.9907E-002   1.1188E-001  
 1.2781E+000   1.1641E+000  -2.8054E-007   6.3651E-002  -7.1197E-008   2.6132E-001   8.6119E-009  -2.3268E-001   4.3640E-008  -9.5661E-002   4.7515E-003   5.7499E-002  -1.7927E-008  -2.1222E-003   9.8476E-010  -2.6763E-002   3.4722E-009   1.9233E-002  -8.6053E-009   8.2409E-004  -3.8362E-010  -1.3973E-002   1.9938E-002   1.1254E-001  
 1.5042E+000   2.4967E-001   1.5813E+000   1.2723E-001   2.2442E-001  -6.9667E-002  -4.8312E-002  -2.0496E-001  -3.7657E-003   9.3551E-002   5.6985E-003  -2.8855E-002   4.9847E-002   1.1404E-003   1.7748E-003  -1.6018E-002  -1.8432E-002  -1.9285E-002  -1.2786E-004   4.2152E-004  -7.0969E-004  -1.4019E-002   1.9907E-002   1.1188E-001  
 1.9567E+000  -1.5747E+000   1.5788E+000   2.5438E-001  -1.1712E-001  -1.2733E-001  -4.8702E-002  -1.4896E-001   3.7756E-003  -8.9330E-002   7.7244E-003  -2.8764E-002  -5.0100E-002   9.0407E-004  -1.7735E-003   5.2041E-003  -1.8355E-002   1.9404E-002   8.8748E-005  -4.1878E-004  -7.1080E-004  -1.4016E-002   1.9887E-002   1.1114E-001  
 2.9689E+000  -2.4189E+000   2.8014E-014   2.9106E-001   3.6805E-015  -1.6185E-001   2.0488E-014  -5.6297E-002  -1.8899E-014   1.8005E-001  -4.9501E-002   5.4307E-002  -5.2824E-015  -7.5789E-003   1.3234E-014  -2.0848E-003   2.8196E-014  -4.2462E-002  -2.5696E-014  -3.2499E-003   2.4989E-014  -1.2655E-002   2.3739E-002   1.1410E-001  
 2.6930E+000  -1.5437E+000  -1.5211E+000   2.1356E-001  -1.3654E-001   6.4548E-004   1.0471E-001  -1.1731E-001  -5.6830E-003  -1.8311E-001  -5.0775E-002  -2.7000E-002   4.7024E-002   3.7436E-003   6.7711E-003  -3.7745E-003   2.9919E-003   4.2301E-002  -1.8557E-004  -1.6555E-003   2.8624E-003  -1.2660E-002   2.3778E-002   1.1534E-001  
 2.1419E+000   2.1554E-001  -1.5261E+000   5.8451E-002  -5.9166E-003   7.4885E-002   1.0378E-001  -2.3756E-001   5.5294E-003   1.8926E-001  -5.3327E-002  -2.7108E-002  -4.6627E-002   4.1966E-003  -6.7741E-003  -7.0959E-003   3.0848E-003  -4.2132E-002   1.3280E-004   1.6567E-003   2.8642E-003  -1.2678E-002   2.3762E-002   1.1613E-001  
 1.8665E+000   1.0995E+000  -2.7035E-007  -1.9199E-002   7.3834E-009   1.0661E-002   1.9074E-008  -2.9695E-001   8.9217E-008  -1.9234E-001  -5.4608E-002   5.3727E-002  -1.8139E-008  -8.0374E-003   3.2288E-009  -8.9479E-003   1.4279E-009   4.2127E-002  -1.7626E-008   3.2538E-003  -1.3546E-009  -1.2691E-002   2.3709E-002   1.1493E-001  
 2.1419E+000   2.1554E-001   1.5261E+000   5.8451E-002   5.9166E-003   7.4885E-002  -1.0378E-001  -2.3756E-001  -5.5296E-003   1.8926E-001  -5.3327E-002  -2.7108E-002   4.6627E-002   4.1967E-003   6.7741E-003  -7.0959E-003  -3.0848E-003  -4.2132E-002  -1.3277E-004   1.6567E-003  -2.8642E-003  -1.2678E-002   2.3762E-002   1.1613E-001  
 2.6930E+000  -1.5437E+000   1.5211E+000   2.1356E-001   1.3654E-001   6.4554E-004  -1.0471E-001  -1.1731E-001   5.6832E-003  -1.8311E-001  -5.0775E-002  -2.7000E-002  -4.7024E-002   3.7436E-003  -6.7711E-003  -3.7745E-003  -2.9919E-003   4.2301E-002   1.8554E-004  -1.6555E-003  -2.8624E-003  -1.2660E-002   2.3778E-002   1.1534E-001  
 3.3828E+000  -2.2001E+000   1.8983E-014   2.1880E-001  -4.0946E-015  -5.0519E-001   1.9146E-014   4.0375E-004  -2.5937E-014   2.5993E-001  -9.7426E-002   3.5794E-002  -1.4227E-016  -1.3100E-002   9.1948E-015  -2.2234E-002   3.2348E-014  -6.2085E-002  -1.8336E-014  -4.4641E-003   2.5427E-014  -1.3664E-002   2.5176E-002   1.2211E-001  
 3.0795E+000  -1.4358E+000  -1.3317E+000   1.3350E-001  -4.3242E-001   1.5972E-001   1.5385E-001  -8.9297E-002  -6.8211E-003  -2.6352E-001  -9.8876E-002  -1.7645E-002   3.0990E-002   6.4549E-003   1.1669E-002  -1.3854E-002  -1.4499E-002   6.1941E-002  -1.6281E-004  -2.2500E-003   3.8515E-003  -1.3782E-002   2.5176E-002   1.2893E-001  
 2.4738E+000   1.0609E-001  -1.3391E+000  -3.7124E-002   2.6700E-001   2.4436E-001   1.5241E-001  -2.6606E-001   6.7234E-003   2.7084E-001  -1.0174E-001  -1.7764E-002  -3.0487E-002   7.0733E-003  -1.1669E-002   2.9534E-003  -1.4401E-002  -6.1738E-002   2.1925E-004   2.2494E-003   3.8484E-003  -1.3811E-002   2.5138E-002   1.3003E-001  
 2.1712E+000   8.8314E-001  -2.3646E-007  -1.2252E-001   1.0427E-007  -3.0330E-001   2.8653E-008  -3.5327E-001   1.2843E-007  -2.7457E-001  -1.0316E-001   3.5041E-002  -1.4063E-008  -1.3718E-002   5.8674E-009   1.1163E-002  -4.7952E-010   6.1680E-002  -2.5558E-008   4.4572E-003  -2.4330E-009  -1.3724E-002   2.5100E-002   1.2305E-001  
 2.4738E+000   1.0609E-001   1.3391E+000  -3.7124E-002  -2.6700E-001   2.4436E-001  -1.5241E-001  -2.6606E-001  -6.7237E-003   2.7084E-001  -1.0174E-001  -1.7764E-002   3.0487E-002   7.0733E-003   1.1669E-002   2.9534E-003   1.4401E-002  -6.1738E-002  -2.1920E-004   2.2494E-003  -3.8484E-003  -1.3811E-002   2.5138E-002   1.3003E-001  
 3.0795E+000  -1.4358E+000   1.3317E+000   1.3350E-001   4.3242E-001   1.5973E-001  -1.5385E-001  -8.9297E-002   6.8213E-003  -2.6352E-001  -9.8876E-002  -1.7645E-002  -3.0990E-002   6.4549E-003  -1.1669E-002  -1.3854E-002   1.4499E-002   6.1941E-002   1.6276E-004  -2.2500E-003  -3.8515E-003  -1.3782E-002   2.5176E-002   1.2893E-001  
 3.1342E+000  -1.7900E+000  -1.1233E+000   1.8701E-001  -4.0062E-001  -6.2020E-002   1.1742E-001  -6.0604E-002   1.6962E-001  -1.7721E-001  -8.8431E-002   1.4912E-004   4.0345E-002   1.2175E-002   2.0802E-004  -1.4188E-002  -8.7686E-003   4.0930E-002  -4.1144E-002   3.0622E-003   3.0622E-003  -1.3409E-002   2.4950E-002   1.1938E-001  
 2.2917E+000   4.6456E-001  -1.1312E+000  -5.0285E-002   2.6191E-001   6.2151E-002   1.1589E-001  -2.9390E-001   1.8429E-001   1.7674E-001  -9.2402E-002  -1.2979E-004  -3.9837E-002   1.2590E-002   2.0617E-004   3.2368E-003  -8.6560E-003  -4.0948E-002  -4.0735E-002  -3.0604E-003   3.0603E-003  -1.3447E-002   2.4903E-002   1.1999E-001  
 2.2917E+000   4.6456E-001   1.1312E+000  -5.0285E-002  -2.6191E-001   6.2151E-002  -1.1589E-001  -2.9390E-001  -1.8429E-001   1.7674E-001  -9.2402E-002  -1.2979E-004   3.9837E-002   1.2590E-002  -2.0617E-004   3.2368E-003   8.6560E-003  -4.0948E-002   4.0735E-002  -3.0604E-003  -3.0603E-003  -1.3447E-002   2.4903E-002   1.1999E-001  
 3.1342E+000  -1.7900E+000   1.1233E+000   1.8701E-001   4.0062E-001  -6.2020E-002  -1.1742E-001  -6.0604E-002  -1.6962E-001  -1.7721E-001  -8.8431E-002   1.4912E-004  -4.0345E-002   1.2175E-002  -2.0802E-004  -1.4188E-002   8.7686E-003   4.0930E-002   4.1144E-002   3.0622E-003  -3.0622E-003  -1.3409E-002   2.4950E-002   1.1938E-001  
