-1.4101E-001   6.5829E-001  -1.9429E-016   4.5100E-002   2.1763E-015   9.5763E-005   4.5103E-016   1.7572E-001  -1.8160E-017  -1.8390E-007   8.0516E-002   9.0944E-006   5.1884E-017  -6.5076E-006   4.2598E-016   5.3328E-003   5.5511E-016  -3.1947E-007  -5.9298E-016  -2.5223E-007   1.1966E-015  -2.6467E-002   2.5524E-003   9.4334E-003  
-7.1300E-002  -7.7278E-002   3.0146E-016   3.2872E-002   4.1281E-016   7.5577E-002  -2.3099E-016   1.7648E-001   5.4493E-016   2.6798E-003   7.4513E-002   8.3439E-003  -3.6872E-017  -1.9428E-005  -1.2762E-016   1.8422E-002  -3.3925E-016  -4.8927E-004   4.6337E-016  -6.5028E-006  -6.6851E-016  -2.5170E-002   4.0162E-003   3.1747E-002  
 2.8353E-004   2.9079E-001  -6.3739E-001   5.2942E-002   6.5321E-002  -2.0994E-002   5.4053E-004   1.7617E-001   3.7472E-004  -2.4773E-003   7.4817E-002  -4.1869E-003   7.2272E-003  -2.0443E-007   7.2631E-006   1.1877E-002   1.1327E-002   4.8846E-004   1.3874E-005  -3.3571E-006  -3.6014E-006  -2.5167E-002   4.0055E-003   2.9937E-002  
 1.4345E-001   1.0267E+000  -6.3728E-001   9.3080E-002  -3.6421E-002  -3.7552E-002   5.4285E-004   1.7555E-001  -3.7320E-004   2.0462E-003   7.5424E-002  -4.1590E-003  -7.2785E-003  -7.1881E-006  -7.2921E-006  -1.1981E-003   1.1320E-002  -5.0168E-004  -7.8535E-006   2.7110E-006  -3.5591E-006  -2.5163E-002   3.9795E-003   2.9367E-002  
 2.1503E-001   1.3946E+000  -1.1305E-007   1.1315E-001  -1.5395E-008   4.2079E-002   1.6396E-010   1.7523E-001   8.7190E-010  -1.8192E-003   7.5727E-002   8.4045E-003  -2.5566E-009  -1.2817E-005  -9.4831E-013  -7.7313E-003   1.9975E-009   5.1321E-004  -2.2315E-010   5.8017E-006   4.7836E-011  -2.5162E-002   3.9639E-003   3.0592E-002  
 1.4345E-001   1.0267E+000   6.3728E-001   9.3080E-002   3.6421E-002  -3.7552E-002  -5.4285E-004   1.7555E-001   3.7319E-004   2.0462E-003   7.5424E-002  -4.1590E-003   7.2785E-003  -7.1881E-006   7.2920E-006  -1.1981E-003  -1.1320E-002  -5.0168E-004   7.8539E-006   2.7109E-006   3.5591E-006  -2.5163E-002   3.9795E-003   2.9367E-002  
 2.8358E-004   2.9079E-001   6.3739E-001   5.2942E-002  -6.5321E-002  -2.0994E-002  -5.4053E-004   1.7617E-001  -3.7472E-004  -2.4773E-003   7.4817E-002  -4.1869E-003  -7.2271E-003  -2.0451E-007  -7.2630E-006   1.1877E-002  -1.1327E-002   4.8846E-004  -1.3875E-005  -3.3571E-006   3.6015E-006  -2.5167E-002   4.0055E-003   2.9937E-002  
 5.1616E-001  -8.2518E-001  -3.4328E-015   6.5314E-002  -6.7774E-016   2.4738E-001  -2.0083E-015   1.9059E-001   3.4724E-015   2.8413E-002   4.9752E-002   3.5312E-002   7.6022E-016  -2.9638E-004  -3.0322E-015   2.8685E-002  -2.6561E-015  -5.5160E-003   2.1153E-015  -6.7931E-005  -3.6133E-015  -2.0289E-002   1.1071E-002   8.2548E-002  
 6.7290E-001  -8.1990E-002  -1.2864E+000   1.0930E-001   2.1359E-001  -8.4786E-002   1.2359E-002   1.8351E-001   1.7993E-003  -2.7416E-002   5.0434E-002  -1.7716E-002   3.0613E-002   1.5394E-004   2.2377E-004   1.7002E-002   2.0184E-002   5.5242E-003   5.7732E-005  -3.2428E-005   3.5379E-005  -2.0294E-002   1.1079E-002   7.9004E-002  
 9.8643E-001   1.4029E+000  -1.2856E+000   1.9729E-001  -1.4584E-001  -1.2253E-001   1.2440E-002   1.6920E-001  -1.8031E-003   2.5363E-002   5.1791E-002  -1.7653E-002  -3.0751E-002   7.9117E-005  -2.2353E-004  -6.2686E-003   2.0148E-002  -5.5834E-003  -4.6249E-005   3.1313E-005   3.6385E-005  -2.0290E-002   1.1049E-002   7.8415E-002  
 1.1432E+000   2.1447E+000  -2.2816E-007   2.4129E-001  -5.7394E-008   1.6777E-001   2.1619E-009   1.6197E-001   1.1514E-008  -2.4310E-002   5.2467E-002   3.5487E-002  -1.0935E-008  -2.2168E-004   2.1067E-010  -1.7888E-002   3.6086E-009   5.6318E-003  -2.6523E-009   6.8240E-005  -4.2650E-011  -2.0279E-002   1.1010E-002   8.1353E-002  
 9.8643E-001   1.4029E+000   1.2856E+000   1.9729E-001   1.4584E-001  -1.2253E-001  -1.2440E-002   1.6920E-001   1.8031E-003   2.5363E-002   5.1791E-002  -1.7653E-002   3.0751E-002   7.9117E-005   2.2353E-004  -6.2686E-003  -2.0148E-002  -5.5834E-003   4.6254E-005   3.1313E-005  -3.6385E-005  -2.0290E-002   1.1049E-002   7.8415E-002  
 6.7290E-001  -8.1990E-002   1.2864E+000   1.0930E-001  -2.1359E-001  -8.4786E-002  -1.2359E-002   1.8351E-001  -1.7993E-003  -2.7416E-002   5.0434E-002  -1.7716E-002  -3.0613E-002   1.5394E-004  -2.2377E-004   1.7002E-002  -2.0184E-002   5.5242E-003  -5.7737E-005  -3.2428E-005  -3.5379E-005  -2.0294E-002   1.1079E-002   7.9004E-002  
 1.2781E+000  -1.1641E+000  -9.1048E-017   6.3651E-002  -5.7140E-018   2.6132E-001   4.0299E-015   2.3268E-001  -3.2488E-015   9.5661E-002   4.7515E-003   5.7499E-002   3.0205E-016  -2.1222E-003   1.1249E-015   2.6763E-002   1.3403E-015  -1.9233E-002  -2.3221E-015  -8.2409E-004   2.4925E-015  -1.3973E-002   1.9938E-002   1.1254E-001  
 1.5042E+000  -2.4967E-001  -1.5813E+000   1.2723E-001   2.2442E-001  -6.9667E-002   4.8312E-002   2.0496E-001   3.7656E-003  -9.3551E-002   5.6985E-003  -2.8855E-002   4.9847E-002   1.1404E-003   1.7748E-003   1.6018E-002   1.8432E-002   1.9285E-002   1.2787E-004  -4.2152E-004   7.0969E-004  -1.4019E-002   1.9907E-002   1.1188E-001  
 1.9567E+000   1.5747E+000  -1.5788E+000   2.5438E-001  -1.1712E-001  -1.2733E-001   4.8702E-002   1.4896E-001  -3.7756E-003   8.9330E-002   7.7244E-003  -2.8764E-002  -5.0100E-002   9.0407E-004  -1.7735E-003  -5.2041E-003   1.8355E-002  -1.9404E-002  -8.8757E-005   4.1878E-004   7.1080E-004  -1.4016E-002   1.9887E-002   1.1114E-001  
 2.1832E+000   2.4848E+000  -2.7966E-007   3.1800E-001  -5.0190E-008   1.3313E-001   8.7379E-009   1.2057E-001   4.1085E-008  -8.7221E-002   8.8039E-003   5.7847E-002  -1.8000E-008  -1.8841E-003   8.7109E-010  -1.5816E-002   3.4518E-009   1.9470E-002  -8.6889E-009   8.2363E-004  -3.7866E-010  -1.3968E-002   1.9897E-002   1.1157E-001  
 1.9567E+000   1.5747E+000   1.5788E+000   2.5438E-001   1.1712E-001  -1.2733E-001  -4.8702E-002   1.4896E-001   3.7755E-003   8.9330E-002   7.7244E-003  -2.8764E-002   5.0100E-002   9.0407E-004   1.7735E-003  -5.2041E-003  -1.8355E-002  -1.9404E-002   8.8774E-005   4.1878E-004  -7.1080E-004  -1.4016E-002   1.9887E-002   1.1114E-001  
 1.5042E+000  -2.4967E-001   1.5813E+000   1.2723E-001  -2.2442E-001  -6.9667E-002  -4.8313E-002   2.0496E-001  -3.7656E-003  -9.3551E-002   5.6985E-003  -2.8855E-002  -4.9847E-002   1.1404E-003  -1.7748E-003   1.6018E-002  -1.8432E-002   1.9285E-002  -1.2789E-004  -4.2152E-004  -7.0969E-004  -1.4019E-002   1.9907E-002   1.1188E-001  
 1.8665E+000  -1.0995E+000   9.4366E-015  -1.9199E-002   1.0968E-015   1.0661E-002   1.3642E-014   2.9695E-001  -8.6100E-015   1.9234E-001  -5.4608E-002   5.3727E-002  -3.2635E-015  -8.0374E-003   1.0875E-014   8.9479E-003   2.0213E-014  -4.2127E-002  -1.8473E-014  -3.2538E-003   1.3255E-014  -1.2691E-002   2.3709E-002   1.1493E-001  
 2.1419E+000  -2.1554E-001  -1.5261E+000   5.8451E-002   5.9166E-003   7.4885E-002   1.0378E-001   2.3756E-001   5.5295E-003  -1.8926E-001  -5.3327E-002  -2.7108E-002   4.6627E-002   4.1967E-003   6.7741E-003   7.0959E-003   3.0848E-003   4.2132E-002   1.3278E-004  -1.6567E-003   2.8642E-003  -1.2678E-002   2.3762E-002   1.1613E-001  
 2.6930E+000   1.5437E+000  -1.5211E+000   2.1356E-001   1.3654E-001   6.4551E-004   1.0471E-001   1.1731E-001  -5.6831E-003   1.8311E-001  -5.0775E-002  -2.7000E-002  -4.7024E-002   3.7436E-003  -6.7711E-003   3.7745E-003   2.9919E-003  -4.2301E-002  -1.8556E-004   1.6555E-003   2.8624E-003  -1.2660E-002   2.3778E-002   1.1534E-001  
 2.9689E+000   2.4189E+000  -2.6856E-007   2.9106E-001   3.6346E-008  -1.6185E-001   1.9391E-008   5.6297E-002   8.5530E-008  -1.8005E-001  -4.9501E-002   5.4307E-002  -1.8264E-008  -7.5789E-003   3.0289E-009   2.0848E-003   1.3961E-009   4.2462E-002  -1.7745E-008   3.2499E-003  -1.3588E-009  -1.2655E-002   2.3739E-002   1.1410E-001  
 2.6930E+000   1.5437E+000   1.5211E+000   2.1356E-001  -1.3654E-001   6.4545E-004  -1.0471E-001   1.1731E-001   5.6829E-003   1.8311E-001  -5.0775E-002  -2.7000E-002   4.7024E-002   3.7436E-003   6.7711E-003   3.7745E-003  -2.9919E-003  -4.2301E-002   1.8559E-004   1.6555E-003  -2.8624E-003  -1.2660E-002   2.3778E-002   1.1534E-001  
 2.1419E+000  -2.1554E-001   1.5261E+000   5.8451E-002  -5.9166E-003   7.4885E-002  -1.0378E-001   2.3756E-001  -5.5293E-003  -1.8926E-001  -5.3327E-002  -2.7108E-002  -4.6627E-002   4.1966E-003  -6.7741E-003   7.0959E-003  -3.0848E-003   4.2132E-002  -1.3282E-004  -1.6567E-003  -2.8642E-003  -1.2678E-002   2.3762E-002   1.1613E-001  
 2.1712E+000  -8.8314E-001   6.0923E-015  -1.2252E-001  -1.4948E-015  -3.0330E-001   1.4366E-014   3.5327E-001  -1.5550E-014   2.7457E-001  -1.0316E-001   3.5041E-002   3.3106E-016  -1.3718E-002   8.0448E-015  -1.1163E-002   2.5577E-014  -6.1680E-002  -1.5306E-014  -4.4572E-003   1.5673E-014  -1.3724E-002   2.5100E-002   1.2305E-001  
 2.4738E+000  -1.0609E-001  -1.3391E+000  -3.7124E-002  -2.6700E-001   2.4436E-001   1.5241E-001   2.6606E-001   6.7235E-003  -2.7084E-001  -1.0174E-001  -1.7764E-002   3.0487E-002   7.0733E-003   1.1669E-002  -2.9534E-003  -1.4401E-002   6.1738E-002   2.1922E-004  -2.2494E-003   3.8484E-003  -1.3811E-002   2.5138E-002   1.3003E-001  
 3.0795E+000   1.4358E+000  -1.3317E+000   1.3350E-001   4.3242E-001   1.5972E-001   1.5385E-001   8.9297E-002  -6.8212E-003   2.6352E-001  -9.8876E-002  -1.7645E-002  -3.0990E-002   6.4549E-003  -1.1669E-002   1.3854E-002  -1.4499E-002  -6.1941E-002  -1.6278E-004   2.2500E-003   3.8515E-003  -1.3782E-002   2.5176E-002   1.2893E-001  
 3.3828E+000   2.2001E+000  -2.3387E-007   2.1880E-001   1.3862E-007  -5.0519E-001   2.9142E-008  -4.0375E-004   1.2407E-007  -2.5993E-001  -9.7426E-002   3.5794E-002  -1.4224E-008  -1.3100E-002   5.5960E-009   2.2234E-002  -5.1644E-010   6.2085E-002  -2.5692E-008   4.4641E-003  -2.4386E-009  -1.3664E-002   2.5176E-002   1.2211E-001  
 3.0795E+000   1.4358E+000   1.3317E+000   1.3350E-001  -4.3242E-001   1.5972E-001  -1.5385E-001   8.9297E-002   6.8210E-003   2.6352E-001  -9.8876E-002  -1.7645E-002   3.0990E-002   6.4550E-003   1.1669E-002   1.3854E-002   1.4499E-002  -6.1941E-002   1.6283E-004   2.2500E-003  -3.8515E-003  -1.3782E-002   2.5176E-002   1.2893E-001  
 2.4738E+000  -1.0609E-001   1.3391E+000  -3.7124E-002   2.6700E-001   2.4436E-001  -1.5241E-001   2.6606E-001  -6.7233E-003  -2.7084E-001  -1.0174E-001  -1.7764E-002  -3.0487E-002   7.0733E-003  -1.1669E-002  -2.9534E-003   1.4401E-002   6.1738E-002  -2.1928E-004  -2.2494E-003  -3.8484E-003  -1.3811E-002   2.5138E-002   1.3003E-001  
 2.2917E+000  -4.6456E-001  -1.1312E+000  -5.0285E-002  -2.6191E-001   6.2151E-002   1.1589E-001   2.9390E-001   1.8429E-001  -1.7674E-001  -9.2402E-002  -1.2979E-004   3.9837E-002   1.2590E-002  -2.0617E-004  -3.2368E-003  -8.6560E-003   4.0948E-002  -4.0735E-002   3.0604E-003   3.0603E-003  -1.3447E-002   2.4903E-002   1.1999E-001  
 3.1342E+000   1.7900E+000  -1.1233E+000   1.8701E-001   4.0062E-001  -6.2020E-002   1.1742E-001   6.0604E-002   1.6962E-001   1.7721E-001  -8.8431E-002   1.4912E-004  -4.0345E-002   1.2175E-002  -2.0802E-004   1.4188E-002  -8.7686E-003  -4.0930E-002  -4.1144E-002  -3.0622E-003   3.0622E-003  -1.3409E-002   2.4950E-002   1.1938E-001  
 3.1342E+000   1.7900E+000   1.1233E+000   1.8701E-001  -4.0062E-001  -6.2020E-002  -1.1742E-001   6.0604E-002  -1.6962E-001   1.7721E-001  -8.8431E-002   1.4912E-004   4.0345E-002   1.2175E-002   2.0802E-004   1.4188E-002   8.7686E-003  -4.0930E-002   4.1144E-002  -3.0622E-003  -3.0622E-003  -1.3409E-002   2.4950E-002   1.1938E-001  
 2.2917E+000  -4.6456E-001   1.1312E+000  -5.0285E-002   2.6191E-001   6.2151E-002  -1.1589E-001   2.9390E-001  -1.8429E-001  -1.7674E-001  -9.2402E-002  -1.2979E-004  -3.9837E-002   1.2590E-002   2.0617E-004  -3.2368E-003   8.6560E-003   4.0948E-002   4.0735E-002   3.0604E-003  -3.0603E-003  -1.3447E-002   2.4903E-002   1.1999E-001  
