-1.4221E-001   3.3686E-002   9.5539E+000   4.4064E-002   1.5957E-003   7.2722E-004   3.0818E+000   1.0859E-002   2.9635E-002   5.4044E-003   8.1411E-002  -3.6081E-004   8.3048E-004   1.9572E-003  -5.4342E-003  -6.1878E-004  -6.0078E-001  -1.0881E-003   2.9175E-002  -4.7002E-003   6.7771E-003  -2.6298E-002   1.1877E-001   4.7056E-001  
 7.6235E-002  -7.0226E-001   9.5652E+000   7.3338E-002   5.2845E-001   6.2322E-002   3.0717E+000   1.1587E-002  -6.2524E-003   7.2586E-003   7.6387E-002   6.2935E-003  -2.0276E-001   2.7229E-004   4.9955E-003   1.2296E-002  -5.9536E-001  -1.9447E-003   5.1601E-002  -4.9424E-003   7.0646E-003  -2.6016E-002   1.3417E-001   6.1194E-001  
 1.4495E+000  -3.2205E-001   8.9443E+000   1.8528E-001   3.1543E-001  -4.7210E-001   3.0594E+000   2.6448E-003   4.7317E-002   3.4288E-002   4.5249E-002   1.7380E-001  -9.0835E-002  -3.8556E-003  -4.8378E-003   1.0104E-002  -5.7559E-001  -1.8445E-002   1.6828E-002  -4.5023E-003   8.1552E-003  -1.1677E-002   1.3065E-001   6.1884E-001  
 1.4439E+000   3.9114E-001   8.9432E+000   1.8415E-001  -3.1017E-001  -4.7502E-001   3.0594E+000   1.8616E-002   4.8011E-002  -2.4661E-002   4.4742E-002   1.7523E-001   9.4926E-002  -2.2675E-003  -6.8129E-003  -1.2565E-002  -5.7453E-001   1.8458E-002   1.6969E-002  -5.7032E-003   7.6437E-003  -1.1320E-002   1.3081E-001   6.0886E-001  
 6.5105E-002   7.7009E-001   9.5636E+000   7.0689E-002  -5.2542E-001   5.6562E-002   3.0727E+000   9.7685E-003  -5.2780E-003   2.7135E-003   7.5396E-002   9.5474E-003   2.0457E-001   3.4744E-003  -1.5612E-002  -1.3904E-002  -5.9492E-001   3.2252E-004   5.1302E-002  -3.7294E-003   6.0329E-003  -2.4007E-002   1.3417E-001   6.1485E-001  
-1.3080E+000   4.1273E-001   1.0218E+001  -4.1208E-002  -2.1061E-001   4.1468E-001   3.0572E+000   2.5664E-003   4.8602E-002   3.9243E-002   1.0651E-001  -1.8267E-001   1.0692E-001   7.5499E-003  -5.6793E-003  -2.6002E-003  -5.9855E-001  -2.1018E-002   1.6482E-002  -2.5360E-003   7.7747E-003  -3.8355E-002   1.3020E-001   6.1953E-001  
-1.3025E+000  -3.4643E-001   1.0219E+001  -3.9680E-002   2.1131E-001   4.1752E-001   3.0562E+000   2.0310E-002   4.8357E-002  -2.8705E-002   1.0639E-001  -1.8447E-001  -1.0804E-001   5.9190E-003  -3.5708E-003   7.6960E-004  -5.9770E-001   1.6645E-002   1.6940E-002  -4.9322E-003   8.2876E-003  -3.9003E-002   1.3042E-001   6.2339E-001  
 8.4068E-001  -1.4507E+000   9.6097E+000   1.5521E-001   1.1534E+000   2.1428E-001   3.0316E+000   2.4845E-002  -1.4086E-001   2.9872E-002   5.2542E-002   3.1396E-002  -4.2932E-001  -1.5635E-003   3.9859E-002   2.1997E-002  -5.7330E-001  -6.6268E-003   1.3038E-001  -4.3105E-003   3.5296E-003  -2.1729E-002   1.7901E-001   8.6713E-001  
 3.8596E+000  -6.4676E-001   8.4113E+000   4.2649E-001   7.4067E-001  -1.0649E+000   2.9706E+000  -2.7404E-002   1.1646E-001   1.2578E-001  -2.4251E-002   3.5016E-001  -1.6082E-001  -8.7136E-003  -2.4858E-002   3.3356E-002  -5.1067E-001  -7.4864E-002  -2.8117E-002  -3.6347E-003   1.3924E-002   5.9350E-003   1.6011E-001   7.8406E-001  
 3.8469E+000   7.1884E-001   8.4082E+000   4.2503E-001  -7.3361E-001  -1.0712E+000   2.9692E+000   4.9188E-002   1.1835E-001  -1.1983E-001  -2.3938E-002   3.5201E-001   1.6536E-001  -5.8679E-003   1.4297E-002  -3.8097E-002  -5.0851E-001   7.6021E-002  -2.7125E-002  -5.2120E-003   1.3567E-002   3.9729E-003   1.6028E-001   7.8411E-001  
 8.1633E-001   1.5204E+000   9.6061E+000   1.4969E-001  -1.1510E+000   2.0198E-001   3.0334E+000  -4.8032E-003  -1.3896E-001  -2.3050E-002   5.0380E-002   3.7866E-002   4.3158E-001   4.2305E-003  -4.9553E-002  -2.4935E-002  -5.7222E-001   6.7646E-003   1.2981E-001  -1.9935E-003   1.7488E-003  -1.8918E-002   1.7876E-001   8.6263E-001  
-2.2019E+000   8.3565E-001   1.0982E+001  -1.2151E-001  -3.7851E-001   8.5807E-001   2.9436E+000  -4.0705E-002   1.1898E-001   1.7962E-001   1.2713E-001  -3.8535E-001   2.2342E-001   1.1941E-002   1.6108E-002   1.0883E-002  -5.5187E-001  -8.8873E-002  -2.8790E-002  -1.6716E-005   1.3185E-002  -4.6747E-002   1.5096E-001   7.7825E-001  
-2.1893E+000  -7.6949E-001   1.0982E+001  -1.1846E-001   3.7569E-001   8.6399E-001   2.9414E+000   6.5021E-002   1.1908E-001  -1.7138E-001   1.2499E-001  -3.8877E-001  -2.2617E-001   8.6661E-003  -2.3034E-002  -1.4703E-002  -5.4904E-001   8.2943E-002  -2.7317E-002  -4.0086E-003   1.4353E-002  -4.4700E-002   1.5128E-001   7.7992E-001  
 1.7496E+000  -1.7908E+000   1.0969E+001   1.9372E-001   1.6532E+000   2.0620E-001   2.9628E+000   6.5900E-002  -3.2165E-001   9.2923E-002   8.2614E-003   5.2401E-002  -5.7704E-001  -3.9014E-003   1.0225E-001   1.9396E-002  -5.3512E-001  -1.9643E-002   2.1615E-001  -4.0815E-003  -1.1915E-002  -1.5305E-002   2.1486E-001   9.2498E-001  
 6.1226E+000  -7.3700E-001   8.3060E+000   6.3990E-001   9.3946E-001  -1.4594E+000   2.8401E+000  -6.4816E-002   2.1149E-001   2.1048E-001  -1.2135E-001   4.4956E-001  -1.7680E-001  -7.3584E-003  -7.1313E-002   5.5042E-002  -4.3526E-001  -1.2467E-001  -7.9322E-002  -1.0249E-002   2.4150E-002   2.8539E-002   1.7546E-001   9.1785E-001  
 6.1031E+000   8.1228E-001   8.3009E+000   6.3912E-001  -9.3102E-001  -1.4677E+000   2.8378E+000   8.7449E-002   2.1417E-001  -2.0885E-001  -1.1906E-001   4.5071E-001   1.7857E-001  -4.3587E-003   6.3193E-002  -5.9218E-002  -4.3615E-001   1.2430E-001  -7.7772E-002   4.5970E-003   2.4964E-002   2.8058E-002   1.7615E-001   9.1705E-001  
 1.7090E+000   1.8587E+000   1.0961E+001   1.8669E-001  -1.6516E+000   1.8918E-001   2.9648E+000  -4.7161E-002  -3.1945E-001  -9.0421E-002   5.3239E-003   6.0692E-002   5.7936E-001   2.0575E-003  -1.1094E-001  -2.3891E-002  -5.3358E-001   2.1294E-002   2.1531E-001  -2.4035E-004  -1.3640E-002  -1.3514E-002   2.1409E-001   9.4185E-001  
-2.6623E+000   1.0838E+000   1.1464E+001  -2.5938E-001  -5.9562E-001   1.2618E+000   2.7405E+000  -1.1972E-001   2.1445E-001   3.9511E-001   1.3491E-001  -5.0646E-001   2.7729E-001   1.1784E-002   6.7529E-002   3.4863E-002  -4.7320E-001  -1.6630E-001  -8.0415E-002  -5.7823E-003   2.2310E-002  -5.7636E-002   1.5713E-001   8.4801E-001  
-2.6429E+000  -1.0166E+000   1.1462E+001  -2.5678E-001   5.8933E-001   1.2695E+000   2.7393E+000   1.4400E-001   2.1521E-001  -3.9010E-001   1.3203E-001  -5.1011E-001  -2.7869E-001   7.6362E-003  -7.2414E-002  -3.8132E-002  -4.7245E-001   1.6047E-001  -7.8235E-002   5.0505E-003   2.4176E-002  -5.5935E-002   1.5812E-001   8.4650E-001  
 2.4519E+000  -1.7459E+000   1.6236E+001   1.3881E-001   1.9962E+000  -6.5670E-002   2.8898E+000   1.2931E-001  -4.8710E-001   1.8560E-001  -5.0863E-002   4.7684E-002  -6.5414E-001  -9.8153E-003   1.7096E-001   7.7391E-004  -4.9947E-001  -4.2275E-002   2.8011E-001  -6.0551E-003  -3.7295E-002  -1.4201E-002   2.3976E-001   1.0226E+000  
 1.0907E+001  -5.4152E+000   5.1858E+000   7.2852E-001   8.1756E-001  -1.5814E+000   2.7246E+000  -8.9384E-002   3.0033E-001   2.4344E-001  -2.1744E-001   4.9838E-001  -1.7899E-001  -8.0472E-004  -1.2315E-001   6.1375E-002  -3.8995E-001  -1.4492E-001  -1.1724E-001  -2.4769E-002   3.3454E-002   3.2429E-002   1.8450E-001   9.9190E-001  
 1.0866E+001   5.5189E+000   5.2362E+000   7.2624E-001  -8.0687E-001  -1.5897E+000   2.7240E+000   1.1194E-001   3.0304E-001  -2.4362E-001  -2.1562E-001   5.0093E-001   1.7974E-001   2.2439E-003   1.1579E-001  -6.5227E-002  -3.9102E-001   1.4407E-001  -1.1630E-001   2.1263E-002   3.4491E-002   3.2028E-002   1.8505E-001   9.9163E-001  
 2.3796E+000   1.7736E+000   1.6216E+001   1.3196E-001  -1.9956E+000  -8.4956E-002   2.8914E+000  -1.1160E-001  -4.8519E-001  -1.8735E-001  -5.3168E-002   5.7300E-002   6.5600E-001  -5.0573E-003  -1.7913E-001  -6.0115E-003  -4.9808E-001   4.4134E-002   2.7854E-001   1.9239E-003  -3.8664E-002  -1.2782E-002   2.3899E-001   1.0400E+000  
-6.0676E+000  -3.6615E+000   8.2347E+000  -4.5732E-001  -9.4649E-001   1.6555E+000   2.5142E+000  -2.0850E-001   3.0319E-001   6.1787E-001   1.1346E-001  -5.5163E-001   2.7214E-001   1.1099E-002   1.3125E-001   5.9361E-002  -3.9636E-001  -2.3185E-001  -1.1891E-001  -1.8493E-002   2.7836E-002  -5.9275E-002   1.6499E-001   8.9160E-001  
-6.0327E+000   3.7459E+000   8.2675E+000  -4.5367E-001   9.3709E-001   1.6637E+000   2.5142E+000   2.3248E-001   3.0449E-001  -6.1501E-001   1.1110E-001  -5.5662E-001  -2.7336E-001   6.5633E-003  -1.3411E-001  -6.1839E-002  -3.9667E-001   2.2667E-001  -1.1684E-001   1.9546E-002   2.9739E-002  -5.7242E-002   1.6588E-001   8.9073E-001  
 2.8111E+000  -1.5327E+000   1.5143E+001   5.0541E-002   2.1824E+000  -3.9436E-001   2.8419E+000   1.8480E-001  -5.8652E-001   2.6501E-001  -9.9761E-002   2.8213E-002  -6.8184E-001  -1.5392E-002   2.2385E-001  -1.9713E-002  -4.7688E-001  -6.1917E-002   3.1809E-001  -7.2492E-003  -5.4183E-002  -1.5515E-002   2.5481E-001   1.0814E+000  
 1.1413E+001  -5.4842E+000   4.1333E+000   7.2889E-001   5.8285E-001  -1.5495E+000   2.6633E+000  -9.6448E-002   3.5456E-001   2.3179E-001  -2.8083E-001   5.1625E-001  -1.7834E-001   4.6501E-003  -1.6523E-001   5.9972E-002  -3.7037E-001  -1.4951E-001  -1.3957E-001  -3.3953E-002   3.6837E-002   3.0738E-002   1.9227E-001   1.0408E+000  
 1.1370E+001   5.5798E+000   4.1753E+000   7.2535E-001  -5.7053E-001  -1.5577E+000   2.6632E+000   1.1910E-001   3.5737E-001  -2.3313E-001  -2.7971E-001   5.2001E-001   1.7885E-001   7.7517E-003   1.5793E-001  -6.3317E-002  -3.7141E-001   1.4812E-001  -1.3925E-001   3.1651E-002   3.8139E-002   2.9826E-002   1.9242E-001   1.0396E+000  
 2.7386E+000   1.5506E+000   1.5122E+001   4.4737E-002  -2.1822E+000  -4.1390E-001   2.8431E+000  -1.6812E-001  -5.8501E-001  -2.6978E-001  -1.0077E-001   3.9050E-002   6.8337E-001  -1.1486E-002  -2.3166E-001   1.4407E-002  -4.7582E-001   6.3258E-002   3.1577E-001   2.5344E-003  -5.5484E-002  -1.3353E-002   2.5429E-001   1.0991E+000  
-5.8550E+000  -3.9471E+000   6.8059E+000  -6.3341E-001  -1.2810E+000   1.9517E+000   2.3557E+000  -2.7205E-001   3.5702E-001   7.6806E-001   8.0429E-002  -5.5070E-001   2.3853E-001   1.1208E-002   1.8422E-001   7.8213E-002  -3.4096E-001  -2.7529E-001  -1.4196E-001  -2.6896E-002   2.9673E-002  -5.9794E-002   1.7346E-001   9.2680E-001  
-5.8186E+000   4.0224E+000   6.8393E+000  -6.2823E-001   1.2692E+000   1.9599E+000   2.3557E+000   2.9607E-001   3.5892E-001  -7.6698E-001   7.8901E-002  -5.5689E-001  -2.4042E-001   6.4279E-003  -1.8564E-001  -7.9825E-002  -3.4235E-001   2.7028E-001  -1.4000E-001   2.8833E-002   3.1492E-002  -5.7118E-002   1.7403E-001   9.2246E-001  
 9.8177E+000  -6.8885E+000   7.8703E+000   6.1292E-001   1.0454E+000  -1.4728E+000   2.7589E+000  -9.1929E-002   2.4459E-001   4.1728E-001  -2.3662E-001   4.9900E-001  -3.1949E-001  -1.1355E-001  -1.1872E-001   7.2244E-002  -4.0839E-001  -2.2127E-001  -5.5941E-002   1.7306E-002   6.2081E-002   2.5709E-002   2.1488E-001   1.0766E+000  
 9.7597E+000   6.9596E+000   7.9116E+000   6.0916E-001  -1.0367E+000  -1.4861E+000   2.7565E+000   1.1187E-001   2.4910E-001  -4.1892E-001  -2.3336E-001   5.0137E-001   3.2021E-001  -1.0894E-001   1.1084E-001  -7.4496E-002  -4.0930E-001   2.2223E-001  -5.4906E-002  -2.0664E-002   6.1760E-002   2.5228E-002   2.1559E-001   1.0766E+000  
-4.3865E+000  -4.6358E+000   1.0113E+001  -4.7875E-001  -1.7058E+000   1.4718E+000   2.5236E+000  -3.2565E-001  -1.0557E-001   7.7292E-001   5.6436E-002  -4.9803E-001   4.0114E-001   1.4029E-001   1.1301E-001   9.1429E-002  -3.9210E-001  -3.0476E-001   2.5806E-002   1.5432E-002   5.5461E-002  -5.2835E-002   2.0180E-001   9.9066E-001  
-4.3387E+000   4.6900E+000   1.0171E+001  -4.7164E-001   1.6988E+000   1.4846E+000   2.5221E+000   3.4519E-001  -1.0355E-001  -7.7225E-001   5.2006E-002  -5.0294E-001  -4.0042E-001   1.3471E-001  -1.1592E-001  -9.1821E-002  -3.9151E-001   3.0228E-001   2.6808E-002  -1.2889E-002   5.6509E-002  -5.2009E-002   2.0324E-001   9.8828E-001  
