-1.4353E-001  -8.6941E-003  -4.7647E+000   4.1619E-002   5.2585E-003  -1.5999E-004   2.2063E+000  -1.6210E-003  -1.9210E-002   9.9160E-003   8.0810E-002   6.8895E-005   2.3247E-003   2.6056E-003  -1.4749E-003   8.7838E-004  -2.5407E-001  -8.7752E-004  -1.1271E-002   2.9332E-003  -1.1852E-001  -2.5912E-002   1.4338E-001   7.0796E-001  
 6.7433E-002  -7.4569E-001  -4.7263E+000   6.9627E-002   2.3858E-001   6.0420E-002   2.1727E+000  -9.6933E-004  -2.5631E-002   1.3089E-002   7.6322E-002   8.0411E-003  -1.7091E-002   1.5271E-003  -2.0138E-003   1.4303E-002  -2.3597E-001  -1.8478E-003  -3.5853E-002   2.7908E-003  -1.1712E-001  -2.5463E-002   1.8001E-001   1.1307E+000  
 2.1400E-001  -3.4338E-001  -5.3084E+000   2.4536E-001   1.6610E-001  -2.4255E-001   2.1243E+000  -2.9551E-002  -1.5452E-002   1.4666E-002  -4.3897E-002   1.5647E-002   6.0289E-003   6.5658E-003  -2.7285E-004   2.1993E-002  -1.9792E-001   2.1422E-002  -9.7639E-004   1.2056E-003  -1.1781E-001   1.7982E-002   1.6855E-001   1.0823E+000  
 2.1557E-001   3.2845E-001  -5.3097E+000   2.4561E-001  -1.6075E-001  -2.4430E-001   2.1235E+000   2.7110E-002  -1.5722E-002   3.2690E-003  -4.4595E-002   1.5918E-002   6.8454E-004   7.3368E-003  -3.1387E-003  -2.1679E-002  -1.9693E-001  -2.1708E-002  -7.5886E-004   4.1971E-003  -1.1808E-001   1.7963E-002   1.6803E-001   1.0848E+000  
 7.1075E-002   7.2857E-001  -4.7292E+000   6.9750E-002  -2.2806E-001   5.6965E-002   2.1725E+000  -2.0663E-003  -2.6073E-002   6.3404E-003   7.4504E-002   8.8744E-003   2.1418E-002   3.3810E-003  -8.3325E-004  -1.2828E-002  -2.3483E-001   1.2547E-004  -3.5904E-002   3.5837E-003  -1.1812E-001  -2.4130E-002   1.7859E-001   1.1285E+000  
-7.5237E-002   3.9122E-001  -4.0321E+000  -1.0609E-001  -5.4056E-002   1.8329E-001   2.1223E+000  -3.0289E-002  -1.3384E-002   1.9177E-002   1.9452E-001  -2.3747E-002   1.2896E-002  -1.4889E-003  -2.3657E-003   9.4110E-003  -2.2120E-001   1.8991E-002  -9.7212E-004   2.5503E-003  -1.1843E-001  -6.7301E-002   1.6844E-001   1.0613E+000  
-7.7304E-002  -4.1119E-001  -4.0305E+000  -1.0578E-001   6.9591E-002   1.8495E-001   2.1218E+000   2.7533E-002  -1.3232E-002   9.6154E-004   1.9512E-001  -2.4290E-002  -1.1458E-002  -2.5777E-003   5.5731E-004  -7.2346E-003  -2.2110E-001  -2.3049E-002  -7.3264E-004   4.5224E-003  -1.1774E-001  -6.7966E-002   1.6906E-001   1.0598E+000  
 8.2270E-001  -1.4956E+000  -4.5813E+000   1.5034E-001   4.8095E-001   2.1168E-001   2.0514E+000   1.3066E-002  -4.2122E-002   3.7766E-002   5.3037E-002   3.4667E-002   7.1144E-003   1.4327E-005  -1.4490E-002   2.4145E-002  -1.8184E-001  -7.4124E-003  -1.3125E-001   3.5410E-003  -1.0824E-001  -2.1373E-002   3.0005E-001   2.0000E+000  
 1.1040E+000  -5.9240E-001  -5.5932E+000   5.5118E-001   3.7587E-001  -5.2167E-001   1.8574E+000  -1.1245E-001  -2.6314E-003   5.2149E-003  -1.3939E-001  -3.5784E-002   7.8688E-002   1.2944E-002   1.2932E-002   5.4675E-002  -8.2371E-002   1.0689E-001   4.1706E-002   5.1755E-004  -1.1872E-001   5.2685E-003   2.4952E-001   1.6512E+000  
 1.1068E+000   5.8018E-001  -5.5956E+000   5.5215E-001  -3.7649E-001  -5.2538E-001   1.8545E+000   1.1218E-001  -3.3330E-003   8.4570E-003  -1.3881E-001  -3.5860E-002  -7.1775E-002   1.3909E-002  -1.5586E-002  -5.5882E-002  -8.1059E-002  -1.0740E-001   4.2670E-002   5.8410E-003  -1.1845E-001   3.4434E-003   2.4950E-001   1.6520E+000  
 8.3073E-001   1.4794E+000  -4.5878E+000   1.5070E-001  -4.7030E-001   2.0407E-001   2.0511E+000  -1.5312E-002  -4.2922E-002  -1.9841E-002   4.9685E-002   3.6333E-002  -3.9200E-003   3.4134E-003   1.2089E-002  -2.3862E-002  -1.7983E-001   5.7604E-003  -1.3133E-001   4.6823E-003  -1.0994E-001  -1.9450E-002   2.9894E-001   1.9935E+000  
 5.5058E-001   8.8963E-001  -3.0177E+000  -2.5069E-001  -6.8016E-003   3.1276E-001   1.8311E+000  -1.2707E-001   1.6816E-003   5.7946E-002   2.4123E-001   1.0161E-003  -1.3577E-002  -8.0297E-003  -1.3873E-002   3.2280E-002  -1.2410E-001   9.3184E-002   4.1645E-002   3.6016E-003  -1.1983E-001  -4.5536E-002   2.5786E-001   1.6614E+000  
 5.4567E-001  -9.1271E-001  -3.0142E+000  -2.4933E-001   2.7863E-002   3.1600E-001   1.8287E+000   1.2613E-001   1.7179E-003  -3.9822E-002   2.4056E-001   4.4026E-005   1.1248E-002  -1.0547E-002   1.4138E-002  -3.1283E-002  -1.2255E-001  -9.9782E-002   4.2646E-002   5.6209E-003  -1.1800E-001  -4.4545E-002   2.5753E-001   1.6568E+000  
 1.7212E+000  -1.8364E+000  -6.3848E+000   1.8805E-001   6.2970E-001   2.0361E-001   1.9232E+000   5.5389E-002  -4.9142E-002   1.0276E-001   9.0181E-003   5.6462E-002   6.1818E-002  -2.4684E-003  -5.0402E-002   2.1222E-002  -1.6518E-001  -2.1594E-002  -2.4118E-001   4.4366E-003  -7.9947E-002  -1.5083E-002   4.0766E-001   2.4678E+000  
 2.0642E+000  -5.8339E-001  -5.3721E+000   7.6319E-001   3.5353E-001  -6.0755E-001   1.6129E+000  -1.7386E-001   6.4948E-003  -7.5584E-002  -1.5240E-001  -1.3185E-001   1.8405E-001   2.2453E-002   5.4284E-002   4.7623E-002  -6.9692E-002   2.1664E-001   9.7324E-002   1.5343E-002  -1.3189E-001  -3.5909E-002   3.2416E-001   2.0465E+000  
 2.0667E+000   5.7307E-001  -5.3748E+000   7.6464E-001  -3.5798E-001  -6.1197E-001   1.6092E+000   1.7536E-001   5.3429E-003   8.4843E-002  -1.5009E-001  -1.3249E-001  -1.7883E-001   2.3184E-002  -5.5755E-002  -4.8056E-002  -7.1017E-002  -2.1886E-001   9.8956E-002  -6.9269E-003  -1.3093E-001  -3.6292E-002   3.2362E-001   2.0502E+000  
 1.7343E+000   1.8227E+000  -6.3923E+000   1.8905E-001  -6.1891E-001   1.9257E-001   1.9228E+000  -5.6462E-002  -5.0030E-002  -8.7081E-002   5.0182E-003   5.8778E-002  -5.9892E-002   1.0571E-003   4.8755E-002  -2.2459E-002  -1.6313E-001   1.9620E-002  -2.4138E-001   6.0578E-003  -8.1436E-002  -1.3718E-002   4.0727E-001   2.4740E+000  
 1.3922E+000   1.2370E+000  -2.2068E+000  -3.8671E-001  -3.3527E-003   4.0772E-001   1.5145E+000  -2.3034E-001   1.2161E-002   1.0721E-001   1.6494E-001   7.5001E-002  -8.1340E-002  -1.6175E-002  -5.0281E-002   2.7382E-002  -1.0825E-001   1.7531E-001   9.6862E-002   2.0491E-002  -1.3415E-001   7.3757E-003   3.3976E-001   2.1258E+000  
 1.3857E+000  -1.2621E+000  -2.2024E+000  -3.8540E-001   2.7698E-002   4.1120E-001   1.5119E+000   2.3079E-001   1.1774E-002  -9.2850E-002   1.6391E-001   7.4209E-002   7.7583E-002  -1.9774E-002   5.3065E-002  -2.6364E-002  -1.0791E-001  -1.8263E-001   9.8671E-002  -9.4592E-003  -1.3145E-001   8.2201E-003   3.3803E-001   2.1227E+000  
 2.4051E+000  -1.7697E+000  -1.3382E+001   1.3270E-001   6.8556E-001  -6.7739E-002   1.8267E+000   1.2001E-001  -3.9224E-002   1.9688E-001  -4.9859E-002   5.2046E-002   1.0416E-001  -8.6473E-003  -1.1809E-001   2.5542E-003  -1.8016E-001  -4.5108E-002  -3.3706E-001   3.7053E-003  -4.1720E-002  -1.3921E-002   5.0472E-001   2.9608E+000  
-1.4416E+000   8.6368E+000   8.5092E+000   7.9121E-001   4.3630E-002  -4.6933E-001   1.4826E+000  -1.8753E-001   5.3573E-003  -2.1642E-001  -1.6414E-001  -1.9293E-001   2.3411E-001   3.1522E-002   1.2832E-001   2.2764E-002  -1.2461E-001   3.1174E-001   1.4994E-001   4.0766E-002  -1.5374E-001  -6.2003E-002   3.9084E-001   2.3945E+000  
-1.4382E+000  -8.6468E+000   8.4793E+000   7.9120E-001  -4.9206E-002  -4.7310E-001   1.4801E+000   1.8969E-001   3.7111E-003   2.2310E-001  -1.6252E-001  -1.9235E-001  -2.2888E-001   3.2308E-002  -1.3032E-001  -2.3046E-002  -1.2590E-001  -3.1451E-001   1.5163E-001  -3.0818E-002  -1.5298E-001  -6.2360E-002   3.9039E-001   2.3976E+000  
 2.4279E+000   1.7718E+000  -1.3386E+001   1.3500E-001  -6.7465E-001  -8.0744E-002   1.8261E+000  -1.2019E-001  -4.0476E-002  -1.8363E-001  -5.3505E-002   5.5197E-002  -1.0312E-001  -5.7643E-003   1.1750E-001  -4.6568E-003  -1.7842E-001   4.2098E-002  -3.3798E-001   8.2955E-003  -4.3176E-002  -1.2692E-002   5.0435E-001   2.9687E+000  
 6.2695E+000   1.0383E+001   1.1558E+001  -5.2346E-001  -1.6685E-001   5.4103E-001   1.2738E+000  -3.0824E-001   1.1762E-002   1.5563E-001   5.9311E-002   1.3946E-001  -1.3868E-001  -1.9548E-002  -1.1240E-001   2.0598E-002  -1.3199E-001   2.2503E-001   1.4895E-001   4.9192E-002  -1.5978E-001   3.5787E-002   4.0887E-001   2.5033E+000  
 6.2637E+000  -1.0404E+001   1.1558E+001  -5.2135E-001   1.9225E-001   5.4370E-001   1.2711E+000   3.0977E-001   1.1111E-002  -1.4512E-001   5.8832E-002   1.3754E-001   1.3342E-001  -2.3871E-002   1.1881E-001  -1.9510E-002  -1.3187E-001  -2.3253E-001   1.5144E-001  -3.6316E-002  -1.5631E-001   3.6756E-002   4.0676E-001   2.4997E+000  
 2.7630E+000  -1.5529E+000  -1.1006E+001   4.4283E-002   6.8552E-001  -3.9609E-001   1.7676E+000   1.7634E-001  -3.6188E-002   2.7702E-001  -9.8394E-002   3.2603E-002   1.1569E-001  -1.4582E-002  -1.8548E-001  -1.7955E-002  -2.0128E-001  -6.5428E-002  -4.0196E-001   3.4918E-003  -1.6980E-002  -1.5014E-002   5.7160E-001   3.3003E+000  
-2.8513E-002   8.8977E+000   8.6456E+000   7.1220E-001  -3.1276E-001  -2.6749E-001   1.4312E+000  -1.8070E-001   4.2574E-003  -3.2471E-001  -1.9079E-001  -2.0108E-001   2.2619E-001   3.5283E-002   1.9701E-001  -3.7735E-003  -1.9037E-001   3.7612E-001   1.8650E-001   5.8538E-002  -1.6934E-001  -7.5117E-002   4.3671E-001   2.6167E+000  
-2.7074E-002  -8.9038E+000   8.6266E+000   7.1132E-001   3.0694E-001  -2.7083E-001   1.4291E+000   1.8337E-001   2.3923E-003   3.2961E-001  -1.8974E-001  -1.9969E-001  -2.2084E-001   3.6154E-002  -1.9976E-001   3.7032E-003  -1.9137E-001  -3.7929E-001   1.8803E-001  -4.7685E-002  -1.6862E-001  -7.5692E-002   4.3631E-001   2.6204E+000  
 2.7865E+000   1.5574E+000  -1.1011E+001   4.7954E-002  -6.7433E-001  -4.0938E-001   1.7667E+000  -1.7642E-001  -3.8027E-002  -2.6582E-001  -1.0118E-001   3.6861E-002  -1.1510E-001  -1.1840E-002   1.8602E-001   1.5731E-002  -1.9973E-001   6.1156E-002  -4.0361E-001   9.1310E-003  -1.9081E-002  -1.3365E-002   5.7101E-001   3.3070E+000  
 5.5746E+000   1.0429E+001   1.1329E+001  -6.1984E-001  -3.8005E-001   6.6723E-001   1.1252E+000  -3.5795E-001   1.0820E-002   2.0881E-001  -1.0372E-002   1.6630E-001  -1.6362E-001  -1.7912E-002  -1.7001E-001   1.4226E-002  -1.6233E-001   2.5042E-001   1.8502E-001   6.8765E-002  -1.7704E-001   4.6669E-002   4.5563E-001   2.7401E+000  
 5.5696E+000  -1.0446E+001   1.1318E+001  -6.1753E-001   4.0587E-001   6.6931E-001   1.1224E+000   3.5990E-001   1.0489E-002  -2.0099E-001  -1.0731E-002   1.6390E-001   1.5789E-001  -2.2314E-002   1.7931E-001  -1.3231E-002  -1.6176E-001  -2.5765E-001   1.8807E-001  -5.4086E-002  -1.7310E-001   4.7706E-002   4.5339E-001   2.7365E+000  
 8.2840E-002   1.1452E+001   1.4433E+000   6.0815E-001  -1.2030E-001  -5.1682E-001   1.5804E+000  -1.9422E-001   2.2164E-001  -1.8026E-001  -1.6969E-001  -8.5311E-002   2.5273E-001   1.5403E-001   1.0685E-001   3.8352E-003  -1.8351E-001   4.0769E-001  -4.3371E-002  -1.9547E-002  -2.0675E-001  -5.9118E-002   4.7786E-001   2.8038E+000  
 8.9460E-002  -1.1454E+001   1.4162E+000   6.0869E-001   1.1702E-001  -5.2356E-001   1.5754E+000   1.9432E-001   2.2055E-001   1.8852E-001  -1.6761E-001  -8.5734E-002  -2.4805E-001   1.5516E-001  -1.1048E-001  -3.0943E-003  -1.8490E-001  -4.0933E-001  -4.0715E-002   2.8481E-002  -2.0606E-001  -5.9532E-002   4.7740E-001   2.8131E+000  
 5.3377E+000   1.3700E+001   3.7090E+000  -4.7665E-001  -5.3498E-001   5.1511E-001   1.3454E+000  -4.2807E-001  -1.2742E-001   1.7101E-001  -1.1490E-002   8.6815E-002  -1.6839E-001  -1.2619E-001  -1.0598E-001   2.2023E-002  -1.6765E-001   3.2466E-001   3.9186E-002  -1.9611E-002  -2.1135E-001   3.2486E-002   4.9160E-001   2.9256E+000  
 5.3282E+000  -1.3714E+001   3.6946E+000  -4.7326E-001   5.5914E-001   5.2070E-001   1.3409E+000   4.2815E-001  -1.2697E-001  -1.5925E-001  -1.2479E-002   8.5126E-002   1.6558E-001  -1.2932E-001   1.1205E-001  -1.9910E-002  -1.6788E-001  -3.2935E-001   4.1373E-002   3.3462E-002  -2.0940E-001   3.3026E-002   4.8998E-001   2.9322E+000  
