-1.3153E-001   4.6589E-003  -6.3225E-003   4.5559E-002  -1.0634E+000  -3.8550E-003  -2.5992E-003   2.0456E-004   1.5067E-003  -1.4725E-003   8.0733E-002   1.1175E-003   1.5430E+000   3.1059E-003   1.1012E-002  -1.3248E-004   2.8820E-004  -7.3555E-004   8.4001E-004   2.1335E-003   1.1545E-003  -2.6646E-002   4.9340E-001   1.8981E+000  
 8.1998E-002  -7.3122E-001   5.9272E-001   7.3588E-002  -1.0380E+000   5.4481E-002   6.0298E-002   7.9337E-004   1.9096E-001   6.5336E-004   7.5339E-002   9.3369E-003   1.5466E+000   4.1675E-003  -1.6715E-003   1.2977E-002   9.9492E-003  -1.3353E-003  -8.5059E-002   4.3420E-003   3.5934E-003  -2.5362E-002   4.9718E-001   2.0215E+000  
 1.3283E-001   1.5480E-001  -3.4584E-001   8.2685E-002  -9.8560E-001  -3.3071E-002   3.0191E-002   5.5264E-002   9.6165E-002  -1.7594E-001   7.6670E-002  -2.7063E-003   1.5531E+000   1.6316E-002   1.7623E-002   1.3918E-002   1.4537E-002   7.3338E-002  -4.1915E-002   3.9903E-003  -2.1755E-003  -2.8921E-002   4.9594E-001   2.1352E+000  
 2.7648E-002   8.9055E-001  -9.4220E-001   6.3616E-002  -1.0874E+000  -3.1597E-002  -3.3635E-002   5.4723E-002  -9.3093E-002  -1.7128E-001   7.3997E-002  -3.1141E-003   1.5385E+000  -9.5424E-003   1.7228E-002   8.2206E-004   7.9755E-003   7.2493E-002   4.3577E-002   2.0679E-003   5.2068E-004  -2.1448E-002   4.9872E-001   2.1093E+000  
 8.0700E-002   7.4043E-001  -6.0529E-001   7.3365E-002  -1.0381E+000   5.5201E-002  -6.5501E-002  -3.5911E-004  -1.8765E-001  -3.3864E-003   7.5346E-002   9.7750E-003   1.5462E+000   2.8422E-003  -3.6355E-003  -1.3181E-002  -9.3943E-003  -5.4187E-005   8.6509E-002   1.2255E-004  -1.8765E-003  -2.5305E-002   4.9720E-001   2.0233E+000  
 1.3439E-001  -1.4533E-001   3.3314E-001   8.3093E-002  -9.8707E-001  -3.4433E-002  -3.5291E-002  -5.4865E-002  -9.3553E-002   1.7304E-001   7.6493E-002  -2.5200E-003   1.5527E+000   1.4711E-002   1.8443E-002  -1.4230E-002  -1.3966E-002  -7.4682E-002   4.3545E-002  -3.6589E-004   4.3746E-003  -2.8979E-002   4.9588E-001   2.1364E+000  
 3.0518E-002  -8.8120E-001   9.2926E-001   6.4199E-002  -1.0888E+000  -3.3710E-002   2.8599E-002  -5.4320E-002   9.6174E-002   1.6804E-001   7.3833E-002  -3.3064E-003   1.5385E+000  -9.9110E-003   2.0113E-002  -1.0931E-003  -7.2833E-003  -7.3660E-002  -4.2132E-002   2.0485E-003   2.0884E-003  -2.1500E-002   4.9867E-001   2.1111E+000  
 8.4061E-001  -1.4804E+000   1.3036E+000   1.5408E-001  -9.3288E-001   2.0276E-001   1.4758E-001   1.4568E-002   4.1574E-001   2.5187E-002   5.1279E-002   3.6278E-002   1.5442E+000   6.1907E-003  -5.1961E-002   2.3155E-002   5.5375E-004  -6.6737E-003  -1.7925E-001   6.4716E-003   2.0046E-002  -2.0462E-002   4.9758E-001   2.1200E+000  
 1.1049E+000   3.8554E-001  -6.5771E-001   1.7936E-001  -7.4447E-001  -1.1006E-001   9.9548E-002   1.4526E-001   2.0738E-001  -4.0165E-001   7.6099E-002  -9.8032E-003   1.5641E+000   6.2755E-002   4.3557E-002  -2.3874E-003  -3.6644E-003   1.5721E-001  -8.9030E-002   4.9100E-003  -1.9259E-002  -4.4417E-002   4.8400E-001   2.3265E+000  
 5.6847E-001   1.8698E+000  -1.9290E+000   1.2652E-001  -1.1041E+000  -1.0130E-001  -7.8666E-002   1.3127E-001  -2.0447E-001  -3.4871E-001   2.6104E-002  -2.2123E-002   1.5026E+000  -5.6215E-002   4.3847E-002  -2.5787E-002   4.3958E-002   1.4617E-001   9.0225E-002   1.4890E-003   1.4324E-002   4.1298E-003   4.9731E-001   2.3317E+000  
 8.3780E-001   1.4891E+000  -1.3159E+000   1.5345E-001  -9.3303E-001   2.0419E-001  -1.5284E-001  -1.4098E-002  -4.1128E-001  -2.7157E-002   5.1376E-002   3.7234E-002   1.5436E+000   3.2151E-003  -5.5573E-002  -2.3223E-002   2.1042E-005   5.4993E-003   1.7996E-001  -1.3493E-003  -2.0327E-002  -2.0317E-002   4.9759E-001   2.1217E+000  
 1.1083E+000  -3.7555E-001   6.4483E-001   1.8023E-001  -7.4752E-001  -1.1285E-001  -1.0430E-001  -1.4495E-001  -2.0611E-001   3.9888E-001   7.5809E-002  -9.5658E-003   1.5633E+000   5.9684E-002   4.4912E-002   1.8533E-003   4.3132E-003  -1.5815E-001   9.0495E-002  -3.4140E-003   2.1113E-002  -4.4580E-002   4.8395E-001   2.3282E+000  
 5.7480E-001  -1.8604E+000   1.9149E+000   1.2754E-001  -1.1073E+000  -1.0587E-001   7.4266E-002  -1.3094E-001   2.0787E-001   3.4433E-001   2.5925E-002  -2.2250E-002   1.5030E+000  -5.7188E-002   4.9831E-002   2.5531E-002  -4.3100E-002  -1.4630E-001  -8.9547E-002   2.1982E-003  -1.0513E-002   4.1908E-003   4.9751E-001   2.3348E+000  
 1.7430E+000  -1.8206E+000   2.9687E+000   1.9182E-001  -7.6452E-001   1.9219E-001   2.4969E-001   5.6502E-002   5.9096E-001   9.1377E-002   6.8506E-003   5.8434E-002   1.4937E+000   6.8530E-003  -1.1994E-001   2.1147E-002  -4.2325E-002  -2.0787E-002  -2.1816E-001   6.5280E-003   5.7256E-002  -1.4018E-002   4.6184E-001   1.9151E+000  
 2.3313E+000   6.8670E-001  -7.0792E-001   2.1141E-001  -5.7488E-001  -1.0964E-001   2.1783E-001   2.7270E-001   2.9352E-001  -6.2302E-001   7.8344E-002  -1.2001E-002   1.5186E+000   1.2373E-001   7.9137E-002  -5.6565E-002  -5.3870E-002   2.0146E-001  -1.0785E-001   4.2108E-003  -5.6148E-002  -5.9314E-002   4.3876E-001   2.3466E+000  
 1.1412E+000   2.5100E+000  -2.4686E+000   1.6890E-001  -9.1661E-001  -8.9849E-002  -1.2478E-001   2.1728E-001  -2.9069E-001  -4.3994E-001  -6.5319E-002  -4.1570E-002   1.4183E+000  -1.1646E-001   7.8380E-002  -7.7807E-002   9.1114E-002   1.6202E-001   1.0848E-001   1.0834E-003   5.1581E-002   3.1568E-002   4.6432E-001   2.4194E+000  
 1.7387E+000   1.8285E+000  -2.9812E+000   1.9067E-001  -7.6485E-001   1.9392E-001  -2.5499E-001  -5.6145E-002  -5.8506E-001  -9.2338E-002   7.0434E-003   5.9717E-002   1.4931E+000   2.3916E-003  -1.2377E-001  -2.1113E-002   4.3057E-002   1.9775E-002   2.1828E-001  -9.0628E-004  -5.9732E-002  -1.3918E-002   4.6158E-001   1.9136E+000  
 2.3361E+000  -6.7598E-001   6.9472E-001   2.1267E-001  -5.7893E-001  -1.1325E-001  -2.2217E-001  -2.7242E-001  -2.9390E-001   6.2045E-001   7.8068E-002  -1.1890E-002   1.5174E+000   1.2012E-001   8.0246E-002   5.5784E-002   5.4698E-002  -2.0194E-001   1.0891E-001  -5.0353E-003   5.7406E-002  -5.9440E-002   4.3887E-001   2.3483E+000  
 1.1504E+000  -2.5006E+000   2.4530E+000   1.7008E-001  -9.2116E-001  -9.6223E-002   1.2099E-001  -2.1705E-001   2.9459E-001   4.3403E-001  -6.5612E-002  -4.1322E-002   1.4193E+000  -1.1819E-001   8.6220E-002   7.7625E-002  -9.0408E-002  -1.6123E-001  -1.0848E-001   2.2719E-003  -4.6253E-002   3.1611E-002   4.6490E-001   2.4241E+000  
 2.4344E+000  -1.7650E+000   8.6081E+000   1.3708E-001  -5.8789E-001  -8.0431E-002   3.4128E-001   1.2110E-001   7.1443E-001   1.8768E-001  -5.1938E-002   5.4706E-002   1.4318E+000   3.1465E-003  -1.7685E-001   3.3278E-003  -7.2443E-002  -4.3766E-002  -2.0834E-001   4.3088E-003   1.0665E-001  -1.2779E-002   4.3209E-001   1.7380E+000  
 4.9553E+000   4.2818E+000  -1.7734E+000   1.6699E-001  -6.1617E-001   1.7389E-002   3.5830E-001   4.0734E-001   3.5595E-001  -8.3035E-001   5.3756E-002  -6.3703E-003   1.4509E+000   1.7258E-001   1.0949E-001  -8.8897E-002  -8.1876E-002   2.0585E-001  -1.0131E-001  -1.5394E-004  -1.0416E-001  -4.5100E-002   4.0721E-001   2.2910E+000  
-1.1795E-001   6.0173E+000  -1.3151E+000   1.0336E-001  -4.8543E-001   5.6716E-002  -1.5411E-001   2.8779E-001  -3.5314E-001  -4.5738E-001  -1.5851E-001  -4.3520E-002   1.3569E+000  -1.6003E-001   1.0026E-001  -9.2153E-002   8.8744E-002   1.1987E-001   1.0151E-001  -9.5814E-004   1.0410E-001   1.9961E-002   4.3850E-001   2.3911E+000  
 2.4282E+000   1.7652E+000  -8.6201E+000   1.3549E-001  -5.8859E-001  -7.8771E-002  -3.4654E-001  -1.2092E-001  -7.0728E-001  -1.8760E-001  -5.1761E-002   5.6049E-002   1.4312E+000  -2.7341E-003  -1.8021E-001  -3.2685E-003   7.3367E-002   4.2888E-002   2.0838E-001   1.5922E-003  -1.1053E-001  -1.2774E-002   4.3130E-001   1.7356E+000  
 4.9619E+000  -4.2569E+000   1.7584E+000   1.6850E-001  -6.2067E-001   1.3594E-002  -3.6236E-001  -4.0696E-001  -3.5762E-001   8.2800E-001   5.3459E-002  -6.2302E-003   1.4497E+000   1.6895E-001   1.0987E-001   8.7960E-002   8.2834E-002  -2.0601E-001   1.0194E-001  -2.1146E-003   1.0483E-001  -4.5152E-002   4.0753E-001   2.2941E+000  
-9.9571E-002  -6.0155E+000   1.2980E+000   1.0493E-001  -4.9108E-001   4.8997E-002   1.5069E-001  -2.8769E-001   3.5761E-001   4.5024E-001  -1.5867E-001  -4.3082E-002   1.3581E+000  -1.6239E-001   1.0913E-001   9.2166E-002  -8.8487E-002  -1.1839E-001  -1.0170E-001   4.1207E-003  -9.8041E-002   2.0255E-002   4.3979E-001   2.3965E+000  
 2.7933E+000  -1.5469E+000   8.3821E+000   4.9461E-002  -4.5890E-001  -4.0885E-001   4.0087E-001   1.7748E-001   7.8578E-001   2.6998E-001  -1.0046E-001   3.6036E-002   1.3954E+000  -1.0368E-003  -2.0294E-001  -1.6772E-002  -8.1819E-002  -6.3270E-002  -1.7988E-001   3.2946E-003   1.4346E-001  -1.3873E-002   4.1715E-001   1.6421E+000  
 5.5627E+000   3.7381E+000  -1.7662E+000   1.1054E-001  -7.4562E-001   1.6881E-001   4.7741E-001   5.1206E-001   3.9378E-001  -9.8289E-001   3.1602E-002  -7.3509E-004   1.4079E+000   1.9197E-001   1.2346E-001  -9.6734E-002  -8.6565E-002   1.9019E-001  -8.4600E-002  -5.0792E-003  -1.4154E-001  -2.9236E-002   3.9312E-001   2.2195E+000  
-8.4072E-003   5.2554E+000  -9.3610E-001  -1.5804E-002  -4.6027E-002   2.3438E-001  -1.7561E-001   3.3593E-001  -3.9076E-001  -4.4728E-001  -2.3287E-001  -3.0535E-002   1.3459E+000  -1.7420E-001   1.0529E-001  -7.9912E-002   5.8705E-002   6.4742E-002   8.4853E-002  -4.8047E-003   1.4360E-001   1.8096E-003   4.2575E-001   2.3326E+000  
 2.7872E+000   1.5472E+000  -8.3900E+000   4.7844E-002  -4.6003E-001  -4.0723E-001  -4.0610E-001  -1.7755E-001  -7.7784E-001  -2.6919E-001  -1.0011E-001   3.7561E-002   1.3947E+000  -7.9334E-003  -2.0599E-001   1.6638E-002   8.2819E-002   6.2385E-002   1.8001E-001   2.7848E-003  -1.4788E-001  -1.3750E-002   4.1602E-001   1.6396E+000  
 5.5695E+000  -3.7197E+000   1.7521E+000   1.1203E-001  -7.5030E-001   1.6510E-001  -4.8127E-001  -5.1156E-001  -3.9614E-001   9.8072E-001   3.1171E-002  -4.7581E-004   1.4065E+000   1.8837E-001   1.2318E-001   9.5764E-002   8.7673E-002  -1.9021E-001   8.4987E-002   2.1427E-003   1.4187E-001  -2.9369E-002   3.9365E-001   2.2228E+000  
 1.0791E-002  -5.2566E+000   9.2379E-001  -1.3667E-002  -5.2491E-002   2.2569E-001   1.7215E-001  -3.3578E-001   3.9564E-001   4.3920E-001  -2.3279E-001  -3.0193E-002   1.3470E+000  -1.7689E-001   1.1487E-001   8.0237E-002  -5.8958E-002  -6.3019E-002  -8.5074E-002   7.9911E-003  -1.3733E-001   2.3144E-003   4.2766E-001   2.3394E+000  
 5.8850E+000   3.4954E-001   4.7833E-001   1.3229E-001  -7.5013E-001  -9.7651E-003   5.0121E-001   5.0769E-001   7.2796E-001  -7.4962E-001   5.3870E-002   4.2230E-003   1.4166E+000   2.2162E-001   9.5363E-003  -9.9154E-002  -9.7972E-002   1.5126E-001  -1.4530E-001  -8.3282E-002  -9.5405E-002  -3.4977E-002   3.9323E-001   2.2833E+000  
-4.5074E-001   2.5780E+000  -2.7693E+000   2.3925E-003  -8.7588E-002   7.9027E-003  -2.7199E-001   2.7499E-001  -3.7227E-001  -3.9574E-001  -2.3464E-001   1.1366E-005   1.3358E+000  -1.8931E-001   1.5107E-002  -8.1262E-002   8.0760E-002   6.8316E-002   6.4502E-002  -9.4675E-002   9.6871E-002   8.1237E-003   4.2920E-001   2.3991E+000  
 5.8865E+000  -3.2934E-001  -4.8920E-001   1.3360E-001  -7.5347E-001  -1.3300E-002  -5.0518E-001  -5.0703E-001  -7.2843E-001   7.4880E-001   5.3625E-002   5.0595E-003   1.4144E+000   2.1879E-001   9.4191E-003   9.8929E-002   9.8499E-002  -1.5113E-001   1.4561E-001   8.2500E-002   9.3519E-002  -3.5525E-002   3.9410E-001   2.2879E+000  
-4.3425E-001  -2.5896E+000   2.7603E+000   3.8716E-003  -9.1759E-002  -3.0527E-004   2.6876E-001  -2.7491E-001   3.7977E-001   3.8938E-001  -2.3520E-001   8.2588E-004   1.3370E+000  -1.8913E-001   2.4962E-002   8.0813E-002  -8.0196E-002  -6.7089E-002  -6.6401E-002   1.0034E-001  -9.2835E-002   8.0360E-003   4.2913E-001   2.4010E+000  
