-1.4080E-001  -3.3687E-002  -9.5539E+000   4.5635E-002  -1.5903E-003  -1.0646E-003  -3.0818E+000  -1.0859E-002  -2.9635E-002  -5.4030E-003   7.9591E-002   5.1430E-004  -8.3294E-004  -1.9738E-003   5.4310E-003   6.1911E-004   6.0078E-001   1.0872E-003  -2.9175E-002   4.6990E-003  -6.7781E-003  -2.6631E-002   1.1876E-001   4.8636E-001  
 6.6516E-002  -7.6961E-001  -9.5652E+000   7.2186E-002  -5.2845E-001   5.4816E-002  -3.0717E+000  -1.0332E-002   6.2508E-003  -2.6924E-003   7.3822E-002   1.0587E-002   2.0276E-001  -3.1353E-004  -4.9986E-003   1.3863E-002   5.9536E-001   9.1529E-004  -5.1600E-002   4.9307E-003  -7.0644E-003  -2.4311E-002   1.3416E-001   6.0270E-001  
-1.3068E+000  -4.1387E-001  -1.0219E+001  -3.9752E-002  -2.1368E-001   4.1304E-001  -3.0584E+000  -2.0203E-003  -4.7260E-002  -3.8778E-002   1.0496E-001  -1.8202E-001   1.0534E-001   3.8471E-003   4.8449E-003   2.9743E-003   5.9825E-001   1.9423E-002  -1.6846E-002   4.4949E-003  -8.1601E-003  -3.8648E-002   1.2895E-001   6.1414E-001  
-1.3011E+000   3.4478E-001  -1.0218E+001  -3.8623E-002   2.0844E-001   4.1595E-001  -3.0583E+000  -1.9242E-002  -4.7953E-002   2.9154E-002   1.0547E-001  -1.8345E-001  -1.0944E-001   2.2596E-003   6.7994E-003  -5.1128E-004   5.9720E-001  -1.9436E-002  -1.6988E-002   5.7074E-003  -7.6498E-003  -3.9004E-002   1.2910E-001   6.1966E-001  
 7.7646E-002   7.0177E-001  -9.5636E+000   7.4835E-002   5.2543E-001   6.0575E-002  -3.0727E+000  -1.1024E-002   5.2790E-003  -7.2769E-003   7.4814E-002   7.3339E-003  -2.0458E-001  -3.5147E-003   1.5609E-002  -1.2254E-002   5.9492E-001   7.0528E-004  -5.1303E-002   3.7391E-003  -6.0349E-003  -2.6320E-002   1.3419E-001   6.2750E-001  
 1.4507E+000   3.2319E-001  -8.9435E+000   1.8674E-001   3.1236E-001  -4.7374E-001  -3.0582E+000  -3.1905E-003  -4.8660E-002  -3.4751E-002   4.3703E-002   1.7445E-001  -9.2414E-002  -7.5575E-003   5.6866E-003  -1.0478E-002   5.7588E-001   2.0038E-002  -1.6464E-002   2.5412E-003  -7.7715E-003  -1.1971E-002   1.3192E-001   6.2978E-001  
 1.4452E+000  -3.8950E-001  -8.9440E+000   1.8521E-001  -3.1304E-001  -4.7658E-001  -3.0573E+000  -1.9684E-002  -4.8416E-002   2.4215E-002   4.3815E-002   1.7625E-001   9.3525E-002  -5.9269E-003   3.5574E-003   1.2307E-002   5.7504E-001  -1.5668E-002  -1.6921E-002   4.9259E-003  -8.2834E-003  -1.1322E-002   1.3208E-001   6.0501E-001  
 8.1778E-001  -1.5192E+000  -9.6096E+000   1.5092E-001  -1.1534E+000   2.0040E-001  -3.0316E+000   3.7931E-003   1.4085E-001   2.2992E-002   4.9645E-002   3.9523E-002   4.2932E-001   1.0181E-003  -3.9861E-002   2.4582E-002   5.7330E-001  -4.5748E-003  -1.3038E-001   4.1795E-003  -3.5283E-003  -1.8836E-002   1.7899E-001   8.5135E-001  
-2.2013E+000  -8.3812E-001  -1.0983E+001  -1.2037E-001  -3.8124E-001   8.5711E-001  -2.9459E+000   4.1719E-002  -1.1635E-001  -1.7850E-001   1.2644E-001  -3.8544E-001   2.2220E-001   8.9561E-003   2.5284E-002  -1.0083E-002   5.5104E-001   8.5956E-002   2.8084E-002   3.5666E-003  -1.3847E-002  -4.6519E-002   1.4942E-001   7.7404E-001  
-2.1886E+000   7.6604E-001  -1.0980E+001  -1.1891E-001   3.7419E-001   8.6342E-001  -2.9445E+000  -6.3505E-002  -1.1824E-001   1.7254E-001   1.2613E-001  -3.8728E-001  -2.2675E-001   6.1120E-003  -1.4728E-002   1.4824E-002   5.4888E-001  -8.7110E-002   2.7091E-002   5.2767E-003  -1.3493E-002  -4.4557E-002   1.4963E-001   7.7409E-001  
 8.4213E-001   1.4495E+000  -9.6061E+000   1.5643E-001   1.1510E+000   2.1270E-001  -3.0334E+000  -2.3835E-002   1.3896E-001  -2.9811E-002   5.1807E-002   3.3055E-002  -4.3158E-001  -4.7741E-003   4.9551E-002  -2.1644E-002   5.7222E-001   4.4363E-003  -1.2981E-001   2.1234E-003  -1.7514E-003  -2.1646E-002   1.7881E-001   8.6887E-001  
 3.8602E+000   6.4923E-001  -8.4098E+000   4.2763E-001   7.3794E-001  -1.0659E+000  -2.9683E+000   2.6390E-002  -1.1910E-001  -1.2690E-001  -2.4940E-002   3.5007E-001  -1.6204E-001  -1.1696E-002  -1.5682E-002  -3.4156E-002   5.1150E-001   7.7780E-002   2.8822E-002   8.3360E-005  -1.3262E-002   6.1616E-003   1.6168E-001   7.8827E-001  
 3.8477E+000  -7.1538E-001  -8.4098E+000   4.2458E-001  -7.3511E-001  -1.0718E+000  -2.9661E+000  -5.0704E-002  -1.1919E-001   1.1867E-001  -2.2804E-002   3.5349E-001   1.6479E-001  -8.4220E-003   2.2604E-002   3.7975E-002   5.0867E-001  -7.1853E-002   2.7351E-002   3.9424E-003  -1.4429E-002   4.1159E-003   1.6198E-001   7.8994E-001  
 1.7110E+000  -1.8580E+000  -1.0969E+001   1.8747E-001  -1.6532E+000   1.8780E-001  -2.9628E+000   4.6225E-002   3.2165E-001   9.0170E-002   5.2592E-003   6.3064E-002   5.7704E-001  -1.6062E-004  -1.0225E-001   2.3189E-002   5.3512E-001  -1.9137E-002  -2.1614E-001   2.4491E-003   1.1917E-002  -1.2637E-002   2.1482E-001   9.3997E-001  
-2.6627E+000  -1.0873E+000  -1.1466E+001  -2.5872E-001  -5.9792E-001   1.2620E+000  -2.7431E+000   1.2084E-001  -2.1135E-001  -3.9331E-001   1.3477E-001  -5.0715E-001   2.7681E-001   9.4096E-003   7.4801E-002  -3.3801E-002   4.7212E-001   1.6332E-001   7.9314E-002   9.4135E-003  -2.2754E-002  -5.6547E-002   1.5558E-001   8.4332E-001  
-2.6432E+000   1.0120E+000  -1.1461E+001  -2.5794E-001   5.8948E-001   1.2703E+000  -2.7409E+000  -1.4348E-001  -2.1402E-001   3.9168E-001   1.3247E-001  -5.0830E-001  -2.7858E-001   6.4124E-003  -6.6686E-002   3.7979E-002   4.7301E-001  -1.6294E-001   7.7764E-002  -3.7625E-003  -2.3567E-002  -5.6069E-002   1.5619E-001   8.4252E-001  
 1.7516E+000   1.7902E+000  -1.0961E+001   1.9451E-001   1.6516E+000   2.0482E-001  -2.9648E+000  -6.4964E-002   3.1945E-001  -9.2670E-002   8.1966E-003   5.4775E-002  -5.7936E-001  -6.1173E-003   1.1094E-001  -1.8694E-002   5.3358E-001   1.7487E-002  -2.1531E-001   1.8723E-003   1.3638E-002  -1.4428E-002   2.1412E-001   9.3453E-001  
 6.1222E+000   7.4049E-001  -8.3041E+000   6.4057E-001   9.3717E-001  -1.4593E+000  -2.8374E+000   6.3691E-002  -2.1459E-001  -2.1228E-001  -1.2149E-001   4.4887E-001  -1.7728E-001  -9.7298E-003  -6.4040E-002  -5.6104E-002   4.3634E-001   1.2765E-001   8.0421E-002   6.6175E-003  -2.3707E-002   2.9626E-002   1.7697E-001   9.2254E-001  
 6.1028E+000  -8.0778E-001  -8.3023E+000   6.3796E-001  -9.3086E-001  -1.4669E+000  -2.8362E+000  -8.7972E-002  -2.1536E-001   2.0727E-001  -1.1862E-001   4.5252E-001   1.7868E-001  -5.5801E-003   6.8919E-002   5.9370E-002   4.3560E-001  -1.2182E-001   7.8243E-002  -5.8869E-003  -2.5576E-002   2.7922E-002   1.7801E-001   9.2101E-001  
 2.3837E+000  -1.7729E+000  -1.6236E+001   1.3246E-001  -1.9962E+000  -8.6027E-002  -2.8898E+000   1.1148E-001   4.8709E-001   1.8711E-001  -5.3153E-002   6.0415E-002   6.5415E-001  -5.9546E-003  -1.7096E-001   5.8729E-003   4.9947E-001  -4.2496E-002  -2.8011E-001  -4.0961E-004   3.7298E-002  -1.1299E-002   2.3982E-001   1.0374E+000  
-6.0733E+000   3.6565E+000  -8.2333E+000  -4.5700E-001  -9.4827E-001   1.6567E+000  -2.5162E+000   2.0967E-001  -3.0033E-001  -6.1580E-001   1.1331E-001  -5.5249E-001   2.7269E-001   8.8020E-003   1.3667E-001  -5.8074E-002   3.9605E-001   2.2939E-001   1.1714E-001   2.1461E-002  -2.7727E-002  -5.7778E-002   1.6343E-001   8.8740E-001  
-6.0320E+000  -3.7602E+000  -8.2836E+000  -4.5473E-001   9.3760E-001   1.6650E+000  -2.5156E+000  -2.3223E-001  -3.0304E-001   6.1597E-001   1.1149E-001  -5.5504E-001  -2.7343E-001   5.7561E-003  -1.2932E-001   6.1927E-002   3.9711E-001  -2.2854E-001   1.1620E-001  -1.7954E-002  -2.8762E-002  -5.7377E-002   1.6392E-001   8.8714E-001  
 2.4560E+000   1.7452E+000  -1.6216E+001   1.3931E-001   1.9956E+000  -6.6743E-002  -2.8914E+000  -1.2919E-001   4.8519E-001  -1.8536E-001  -5.0848E-002   5.0799E-002  -6.5600E-001  -1.0710E-002   1.7913E-001  -6.3551E-004   4.9808E-001   4.0638E-002  -2.7854E-001   4.5407E-003   3.8661E-002  -1.2718E-002   2.3899E-001   1.0332E+000  
 1.0901E+001   5.4201E+000  -5.1872E+000   7.2883E-001   8.1577E-001  -1.5802E+000  -2.7226E+000   8.8214E-002  -3.0318E-001  -2.4551E-001  -2.1759E-001   4.9752E-001  -1.7845E-001  -3.0983E-003  -1.1772E-001  -6.2662E-002   3.9027E-001   1.4738E-001   1.1901E-001   2.1802E-002  -3.3564E-002   3.3926E-002   1.8610E-001   9.9609E-001  
 1.0866E+001  -5.5045E+000  -5.2200E+000   7.2518E-001  -8.0636E-001  -1.5885E+000  -2.7226E+000  -1.1219E-001  -3.0449E-001   2.4266E-001  -2.1523E-001   5.0251E-001   1.7967E-001   1.4379E-003   1.2057E-001   6.5137E-002   3.9059E-001  -1.4220E-001   1.1695E-001  -2.2857E-002  -3.5470E-002   3.1891E-002   1.8695E-001   9.9521E-001  
 2.7428E+000  -1.5504E+000  -1.5143E+001   4.5330E-002  -2.1824E+000  -4.1458E-001  -2.8419E+000   1.6887E-001   5.8652E-001   2.6982E-001  -1.0086E-001   4.2756E-002   6.8185E-001  -1.1555E-002  -2.2385E-001  -1.3679E-002   4.7688E-001  -6.1973E-002  -3.1809E-001  -1.6363E-003   5.4186E-002  -1.1881E-002   2.5496E-001   1.0961E+000  
-5.8612E+000   3.9424E+000  -6.8062E+000  -6.3301E-001  -1.2823E+000   1.9534E+000  -2.3571E+000   2.7326E-001  -3.5451E-001  -7.6615E-001   8.0200E-002  -5.5168E-001   2.3985E-001   8.9299E-003   1.8857E-001  -7.6798E-002   3.4147E-001   2.7322E-001   1.3959E-001   2.9449E-002  -2.9144E-002  -5.8337E-002   1.7197E-001   9.2133E-001  
-5.8184E+000  -4.0380E+000  -6.8482E+000  -6.2947E-001   1.2700E+000   1.9615E+000  -2.3570E+000  -2.9591E-001  -3.5731E-001   7.6749E-001   7.9077E-002  -5.5544E-001  -2.4036E-001   5.8292E-003  -1.8127E-001   8.0142E-002   3.4252E-001  -2.7184E-001   1.3928E-001  -2.7148E-002  -3.0448E-002  -5.7425E-002   1.7215E-001   9.2014E-001  
 2.8152E+000   1.5325E+000  -1.5122E+001   5.1133E-002   2.1822E+000  -3.9504E-001  -2.8431E+000  -1.8555E-001   5.8502E-001  -2.6505E-001  -9.9859E-002   3.1921E-002  -6.8337E-001  -1.5458E-002   2.3166E-001   1.8985E-002   4.7583E-001   6.0632E-002  -3.1577E-001   6.3508E-003   5.5482E-002  -1.4042E-002   2.5423E-001   1.0931E+000  
 1.1407E+001   5.4889E+000  -4.1330E+000   7.2929E-001   5.8147E-001  -1.5478E+000  -2.6619E+000   9.5238E-002  -3.5707E-001  -2.3370E-001  -2.8106E-001   5.1527E-001  -1.7702E-001   2.3735E-003  -1.6088E-001  -6.1388E-002   3.6985E-001   1.5158E-001   1.4193E-001   3.1400E-002  -3.7365E-002   3.2195E-002   1.9383E-001   1.0463E+000  
 1.1371E+001  -5.5642E+000  -4.1664E+000   7.2410E-001  -5.6972E-001  -1.5561E+000  -2.6619E+000  -1.1926E-001  -3.5897E-001   2.3261E-001  -2.7953E-001   5.2146E-001   1.7891E-001   7.1534E-003   1.6231E-001   6.3000E-002   3.7124E-001  -1.4657E-001   1.3997E-001  -3.3336E-002  -3.9184E-002   2.9519E-002   1.9421E-001   1.0419E+000  
-4.3927E+000   4.6340E+000  -1.0125E+001  -4.7665E-001  -1.7081E+000   1.4726E+000  -2.5257E+000   3.2528E-001   1.0952E-001  -7.7119E-001   5.5776E-002  -4.9898E-001   3.9976E-001   1.3837E-001   1.1865E-001  -8.9678E-002   3.9100E-001   3.0315E-001  -2.6018E-002  -1.1197E-002  -5.5958E-002  -5.2564E-002   2.0011E-001   9.9425E-001  
-4.3346E+000  -4.7051E+000  -1.0166E+001  -4.7287E-001   1.6994E+000   1.4859E+000  -2.5233E+000  -3.4522E-001   1.0501E-001   7.7284E-001   5.2515E-002  -5.0135E-001  -4.0048E-001   1.3376E-001  -1.1077E-001   9.1929E-002   3.9191E-001  -3.0411E-001  -2.7054E-002   1.4552E-002  -5.5639E-002  -5.2082E-002   2.0103E-001   9.8529E-001  
 9.8115E+000   6.8903E+000  -7.8590E+000   6.1503E-001   1.0431E+000  -1.4720E+000  -2.7569E+000   9.2297E-002  -2.4854E-001  -4.1901E-001  -2.3728E-001   4.9805E-001  -3.2088E-001  -1.1547E-001  -1.1308E-001  -7.3993E-002   4.0948E-001   2.2288E-001   5.6152E-002  -2.1541E-002  -6.1583E-002   2.5979E-002   2.1688E-001   1.0827E+000  
 9.7637E+000  -6.9444E+000  -7.9164E+000   6.0792E-001  -1.0361E+000  -1.4848E+000  -2.7554E+000  -1.1184E-001  -2.5056E-001   4.1833E-001  -2.3285E-001   5.0296E-001   3.2015E-001  -1.0989E-001   1.1599E-001   7.4389E-002   4.0889E-001  -2.2040E-001   5.5154E-002   1.9002E-002  -6.2630E-002   2.5156E-002   2.1770E-001   1.0794E+000  
