-1.4189E-001  -1.8429E+000   5.2794E+000   4.4831E-002  -7.4160E-006  -1.1685E-005   7.0022E-001  -2.4443E-001   2.6924E-005   8.2692E-006   8.0507E-002   5.0058E-006   4.4900E-006   3.2782E-005   2.3388E-005   4.4420E-002  -1.2726E-001   1.6520E-005   4.9529E-005   2.3834E-004   6.2618E-004  -2.6467E-002   2.4989E-002   1.2576E-001  
-4.8245E-002  -2.5719E+000   5.2722E+000   6.5927E-002   7.8779E-002   3.1237E-002   6.9973E-001  -2.4335E-001  -1.6677E-003   2.8682E-003   7.6670E-002   1.8793E-002  -2.9872E-002   3.4239E-005   1.4836E-004   5.7441E-002  -1.2721E-001  -8.1900E-004   1.0427E-003   2.3281E-004   6.1278E-004  -2.5294E-002   2.6617E-002   1.5287E-001  
 3.0718E-001  -2.2127E+000   4.6273E+000   8.6244E-002   6.6424E-002  -1.1133E-001   6.9979E-001  -2.4423E-001   1.4023E-003  -1.0585E-003   7.2012E-002   2.6901E-002   1.3569E-003   1.4507E-004   5.4687E-006   5.0967E-002  -1.1581E-001  -1.6169E-004  -7.1824E-004   2.3203E-004   6.1600E-004  -2.4913E-002   2.7271E-002   1.3229E-001  
 4.2642E-001  -1.4658E+000   4.6235E+000   9.3055E-002  -1.1406E-001  -8.3832E-002   6.9955E-001  -2.4416E-001   3.6970E-004   4.8138E-004   7.0457E-002   1.6469E-002   1.6713E-002   9.4294E-005  -8.5474E-006   3.7815E-002  -1.1578E-001   5.3983E-004  -1.2226E-004   2.5171E-004   6.1288E-004  -2.4793E-002   2.7481E-002   1.4376E-001  
 1.9023E-001  -1.1000E+000   5.2722E+000   7.9559E-002  -7.8793E-002   8.6211E-002   6.9973E-001  -2.4460E-001  -1.6733E-003  -1.6468E-003   7.3553E-002  -2.0526E-003   2.9881E-002   1.1727E-005  -1.0181E-004   3.1288E-002  -1.2721E-001   1.8529E-004   1.0441E-003   2.4687E-004   6.1387E-004  -2.5039E-002   2.7074E-002   1.3319E-001  
-1.6520E-001  -1.4768E+000   5.9020E+000   5.9242E-002   3.5305E-002   5.2574E-002   6.9871E-001  -2.4485E-001   1.3971E-003   3.4541E-003   7.8213E-002  -3.5255E-002   1.3158E-002  -7.4007E-005   5.5567E-005   3.7891E-002  -1.3845E-001  -1.1506E-003  -7.2445E-004   2.3804E-004   6.2528E-004  -2.5417E-002   2.6365E-002   1.5454E-001  
-2.8444E-001  -2.2018E+000   5.8981E+000   5.2431E-002   1.2305E-002   2.5074E-002   6.9847E-001  -2.4353E-001   3.7013E-004  -4.0370E-003   7.9769E-002  -2.4823E-002  -3.1210E-002  -2.3323E-005   4.0726E-005   5.0891E-002  -1.3843E-001   1.5294E-003  -1.2983E-004   2.4382E-004   6.2108E-004  -2.5537E-002   2.6116E-002   1.6462E-001  
 5.6561E-001  -3.2940E+000   5.2442E+000   1.3756E-001   1.7442E-001   1.4684E-001   6.9772E-001  -2.2744E-001  -8.2420E-003   2.9250E-002   5.5025E-002   5.8115E-002  -6.5946E-002  -2.4693E-004   5.3036E-004   6.6813E-002  -1.2673E-001  -6.9872E-003   4.6149E-003   1.5168E-004   6.6030E-004  -2.1102E-002   3.2164E-002   2.0766E-001  
 1.3502E+000  -2.5944E+000   3.9213E+000   1.8370E-001   2.1380E-001  -2.8497E-001   7.0701E-001  -2.3819E-001   6.6655E-003  -2.0707E-002   4.3333E-002   5.0635E-002   1.8181E-002   4.9597E-004   1.6597E-005   5.6531E-002  -1.0533E-001   2.7294E-003  -3.5817E-003   2.5040E-004   6.4506E-004  -1.8659E-002   3.6489E-002   1.8596E-001  
 1.6135E+000  -1.0561E+000   3.9026E+000   1.9919E-001  -3.1908E-001  -2.2399E-001   7.0544E-001  -2.4801E-001   1.6523E-003   1.7867E-002   3.9409E-002   2.7463E-002   2.1431E-002   2.2792E-004  -1.0577E-004   3.1579E-002  -1.0474E-001  -1.2508E-003  -8.3229E-004   2.4883E-004   6.1046E-004  -1.7824E-002   3.7253E-002   1.8827E-001  
 1.0921E+000  -3.2415E-001   5.2442E+000   1.6852E-001  -1.7444E-001   2.6813E-001   6.9772E-001  -2.5607E-001  -8.2543E-003  -2.3508E-002   4.7178E-002   1.2675E-002   6.5954E-002  -1.9420E-004  -4.8436E-004   2.0240E-002  -1.2673E-001   4.1647E-003   4.6179E-003   2.9174E-004   6.6269E-004  -1.9466E-002   3.5475E-002   1.7869E-001  
 3.0736E-001  -1.1095E+000   6.4933E+000   1.2236E-001   1.4563E-001   7.7453E-002   6.8222E-001  -2.5251E-001   6.6617E-003   3.2049E-002   5.8876E-002  -8.6013E-002   4.3192E-002  -1.8490E-004   4.7631E-004   3.3260E-002  -1.4566E-001  -8.3754E-003  -3.5937E-003   3.1406E-004   5.7802E-004  -2.1926E-002   2.9787E-002   2.1062E-001  
 4.4136E-002  -2.5410E+000   6.4746E+000   1.0688E-001  -4.0379E-002   1.6471E-002   6.8065E-001  -2.3370E-001   1.6609E-003  -3.4901E-002   6.2800E-002  -6.2841E-002  -8.2787E-002   8.2798E-005  -2.9475E-004   5.4850E-002  -1.4507E-001   9.8556E-003  -8.4738E-004   1.8103E-004   5.4101E-004  -2.2760E-002   2.6784E-002   1.7847E-001  
 1.3460E+000  -3.5949E+000   5.2041E+000   1.6682E-001   2.5488E-001   1.0912E-001   6.9344E-001  -1.8099E-001  -1.7478E-002   9.7707E-002   1.4293E-002   9.0217E-002  -9.5004E-002  -1.9729E-003   8.5791E-004   6.2740E-002  -1.2454E-001  -2.1765E-002   8.1066E-003  -4.8625E-004   5.1744E-004  -1.6169E-002   3.7766E-002   2.4954E-001  
 2.4898E+000  -2.7746E+000   3.5448E+000   2.3764E-001   2.1953E-001  -3.6280E-001   7.3329E-001  -2.1907E-001   1.4067E-002  -7.9073E-002  -8.2532E-003   6.9434E-002   3.2305E-002   1.6607E-003   1.4920E-003   5.6067E-002  -1.0263E-001   1.4596E-002  -6.3890E-003  -3.5690E-004   1.4983E-003  -9.6399E-003   4.5714E-002   2.0947E-001  
 2.8735E+000  -8.3560E-001   3.5048E+000   2.6142E-001  -3.7282E-001  -2.7339E-001   7.2891E-001  -2.6253E-001   3.4699E-003   7.2869E-002  -1.5823E-002   3.5940E-002   2.4584E-002   1.2452E-003  -1.7077E-003   2.9842E-002  -1.0088E-001  -1.2160E-002  -1.5392E-003   8.4208E-004   1.6289E-003  -7.4112E-003   4.6378E-002   2.2382E-001  
 2.1136E+000   5.4024E-002   5.2041E+000   2.1432E-001  -2.5489E-001   2.8517E-001   6.9344E-001  -2.9312E-001  -1.7496E-002  -8.5223E-002  -7.5378E-004   2.5118E-002   9.5012E-002  -1.9582E-003  -8.1263E-004   2.0160E-002  -1.2454E-001   1.6943E-002   8.1110E-003   1.1670E-003   5.2072E-004  -1.1773E-002   4.4247E-002   2.2159E-001  
 9.6942E-001  -9.5022E-001   6.7049E+000   1.4345E-001   1.2201E-001   1.6561E-001   6.3628E-001  -2.7508E-001   1.4067E-002   1.0377E-001   2.1660E-002  -1.2706E-001   6.7650E-002   4.6109E-004   2.1005E-003   3.4845E-002  -1.3942E-001  -2.4089E-002  -6.4292E-003   4.8315E-004   8.4621E-005  -1.8396E-002   3.2276E-002   2.2218E-001  
 5.8571E-001  -2.6599E+000   6.6649E+000   1.1967E-001   3.1251E-002   7.6196E-002   6.3190E-001  -2.0651E-001   3.4875E-003  -1.1000E-001   2.9229E-002  -9.3567E-002  -1.2452E-001   8.7589E-004  -1.7940E-003   5.1065E-002  -1.3767E-001   2.6527E-002  -1.5841E-003  -4.2174E-006   2.1179E-004  -2.0624E-002   2.3873E-002   1.5321E-001  
 1.9451E+000  -3.4901E+000   5.1637E+000   1.0647E-001   3.1341E-001  -1.8279E-001   6.8798E-001  -1.1076E-001  -2.7896E-002   1.9657E-001  -4.0653E-002   9.4653E-002  -1.1691E-001  -7.3573E-003   1.7085E-004   4.4210E-002  -1.2271E-001  -4.4919E-002   9.8333E-003  -2.5294E-003  -6.7718E-004  -1.4966E-002   4.1115E-002   2.7634E-001  
 3.3512E+000  -2.7530E+000   3.5174E+000   1.9362E-001  -7.2196E-003  -2.8619E-001   7.7680E-001  -1.8904E-001   2.2323E-002  -1.6568E-001  -7.4574E-002   9.4460E-002   2.4071E-002   4.5998E-003   7.4739E-003   4.6526E-002  -1.1612E-001   3.7012E-002  -7.9038E-003  -2.8138E-003   3.9063E-003  -8.0960E-003   4.9840E-002   2.1744E-001  
 3.8229E+000  -8.1621E-001   3.4553E+000   2.2280E-001  -1.8033E-001  -1.7568E-001   7.6893E-001  -2.8678E-001   5.4302E-003   1.5537E-001  -8.6014E-002   5.3528E-002   4.6522E-002   4.7304E-003  -7.8365E-003   3.8185E-002  -1.1438E-001  -3.4337E-002  -1.9634E-003   2.8750E-003   4.7157E-003  -5.8204E-003   4.9793E-002   2.3477E-001  
 2.8887E+000   2.8251E-002   5.1637E+000   1.6489E-001  -3.1342E-001   3.1483E-002   6.8798E-001  -3.5144E-001  -2.7918E-002  -1.7588E-001  -6.3471E-002   1.3370E-002   1.1692E-001  -8.1850E-003  -1.2622E-004   3.7346E-002  -1.2271E-001   3.9676E-002   9.8385E-003   3.9804E-003  -6.7343E-004  -1.0381E-002   4.8453E-002   2.6424E-001  
 1.4820E+000  -9.9385E-001   6.5645E+000   7.7863E-002  -1.2339E-001   3.6154E-001   5.6831E-001  -3.0930E-001   2.2466E-002   2.0664E-001  -2.9545E-002  -1.4858E-001   6.9587E-002   3.4176E-003   6.1148E-003   4.3206E-002  -1.2219E-001  -4.7416E-002  -7.8526E-003   4.9822E-004  -1.8126E-003  -1.7243E-002   3.4252E-002   2.3421E-001  
 1.0103E+000  -2.5754E+000   6.5025E+000   4.8690E-002   3.1091E-001   2.5103E-001   5.6045E-001  -1.6652E-001   5.5951E-003  -2.1697E-001  -1.8106E-002  -1.0765E-001  -1.4016E-001   3.2859E-003  -5.6619E-003   4.1506E-002  -1.2046E-001   5.0095E-002  -1.9175E-003  -4.4393E-004  -1.0070E-003  -1.9517E-002   2.2593E-002   1.3536E-001  
 2.2552E+000  -3.2444E+000   5.1357E+000   1.6916E-002   3.4564E-001  -5.2100E-001   6.8347E-001  -4.8881E-002  -3.6375E-002   2.8125E-001  -8.5835E-002   8.1903E-002  -1.3078E-001  -1.2315E-002  -1.3203E-003   2.4818E-002  -1.2227E-001  -6.4112E-002   9.7180E-003  -3.4300E-003  -1.9568E-003  -1.5583E-002   4.2790E-002   2.8871E-001  
 3.8080E+000  -2.6528E+000   3.6460E+000   1.0918E-001  -2.8814E-001  -1.5375E-001   8.1464E-001  -1.6291E-001   2.9182E-002  -2.3947E-001  -1.2889E-001   1.1926E-001   3.4451E-003   7.0200E-003   1.4071E-002   3.5298E-002  -1.3478E-001   5.7446E-002  -7.7685E-003  -4.6146E-003   4.8461E-003  -1.0129E-002   5.0924E-002   2.4578E-001  
 4.3288E+000  -8.8777E-001   3.5681E+000   1.4021E-001   8.2561E-002  -3.1178E-002   8.0349E-001  -3.0779E-001   7.1705E-003   2.2555E-001  -1.4344E-001   7.4018E-002   7.6307E-002   8.2405E-003  -1.4551E-002   4.9425E-002  -1.3375E-001  -5.5184E-002  -1.9156E-003   4.1462E-003   6.3114E-003  -8.1968E-003   5.0155E-002   2.3356E-001  
 3.2972E+000  -1.6118E-001   5.1357E+000   7.8868E-002  -3.4565E-001  -2.8758E-001   6.8346E-001  -4.0258E-001  -3.6400E-002  -2.5331E-001  -1.1477E-001  -1.1078E-002   1.3079E-001  -1.4430E-002   1.3649E-003   5.8213E-002  -1.2227E-001   5.9659E-002   9.7232E-003   5.4974E-003  -1.9529E-003  -1.1805E-002   5.0062E-002   2.9275E-001  
 1.7436E+000  -1.1110E+000   6.3168E+000  -1.3324E-002  -4.1126E-001   5.5766E-001   5.0838E-001  -3.3969E-001   2.9268E-002   2.9484E-001  -7.1741E-002  -1.5468E-001   5.8037E-002   6.5855E-003   9.3103E-003   5.2106E-002  -1.0588E-001  -6.6230E-002  -7.8266E-003  -1.1505E-004  -2.8460E-003  -1.7465E-002   3.5372E-002   2.4417E-001  
 1.2227E+000  -2.4296E+000   6.2389E+000  -4.4351E-002   6.1681E-001   4.3508E-001   4.9724E-001  -1.3102E-001   7.2828E-003  -3.0879E-001  -5.7191E-002  -1.0944E-001  -1.3778E-001   5.3643E-003  -8.7403E-003   3.2618E-002  -1.0485E-001   6.8494E-002  -1.9788E-003  -3.6009E-004  -1.3847E-003  -1.9396E-002   2.2251E-002   1.3365E-001  
 3.3872E+000  -3.0024E+000   3.9336E+000   1.0871E-001  -1.7955E-001  -3.2413E-001   7.8992E-001  -1.3354E-001   1.8804E-001  -1.4121E-001  -1.0869E-001   1.2209E-001  -1.9618E-002   1.3855E-002   1.4912E-003   3.5174E-002  -1.2960E-001   3.2125E-002  -4.5358E-002   2.4043E-003   6.0765E-003  -1.0789E-002   5.0301E-002   2.7807E-001  
 4.1112E+000  -5.0068E-001   3.8473E+000   1.5227E-001   1.6809E-002  -1.5637E-001   7.7785E-001  -3.3229E-001   1.6284E-001   1.4014E-001  -1.2828E-001   5.8931E-002   8.3669E-002   1.4821E-002  -9.8183E-004   4.8743E-002  -1.2825E-001  -3.3225E-002  -3.9569E-002  -3.5603E-003   5.9879E-003  -7.9416E-003   5.0431E-002   2.2701E-001  
 2.0371E+000  -7.4792E-001   6.1881E+000   2.7507E-002  -4.8296E-001   3.2411E-001   5.5661E-001  -3.6685E-001  -1.6588E-001   2.1268E-001  -7.2156E-002  -1.2208E-001   9.9806E-002   1.0986E-002  -1.4466E-003   5.2600E-002  -1.1218E-001  -4.9747E-002   3.6522E-002  -3.7164E-003  -3.8604E-005  -1.6069E-002   4.0481E-002   2.7122E-001  
 1.3131E+000  -2.7552E+000   6.1018E+000  -1.6053E-002   6.4568E-001   1.5635E-001   5.4454E-001  -9.8987E-002  -1.9105E-001  -2.1377E-001  -5.2569E-002  -5.8922E-002  -1.6384E-001   1.0020E-002   1.0273E-003   3.1317E-002  -1.1083E-001   4.8649E-002   4.2304E-002   2.5549E-003  -1.3264E-004  -1.8916E-002   2.6346E-002   1.7349E-001  
