-1.4193E-001  -2.4056E-005   1.9883E-007   4.4830E-002   1.5726E-007  -5.7791E-008   1.6934E-007  -1.5347E-005  -1.0721E-004   9.7142E-001   8.0508E-002  -3.0087E-008  -1.9371E-007  -6.4736E-006   2.5603E-007  -4.6826E-005   2.2196E-007  -1.1415E-001   1.3695E-005  -2.4441E-005   5.0984E-008  -2.6467E-002   2.0799E-002   7.4121E-002  
 7.0901E-002  -7.3846E-001   3.8238E-007   7.2734E-002  -7.8032E-006   1.3228E-001   1.3633E-007   3.3249E-004  -1.0707E-004   9.7232E-001   7.5122E-002  -1.2544E-003   9.5680E-007  -1.4345E-002   1.9073E-006   1.3036E-002   2.0051E-007  -1.1428E-001   1.3647E-005   2.4811E-004   1.4868E-008  -2.5169E-002   2.1601E-002   1.0207E-001  
 7.0999E-002  -3.6674E-001  -6.3517E-001   7.2738E-002  -1.2813E-002   7.3957E-003   7.8152E-004   4.2885E-004  -1.0646E-004   9.6781E-001   7.5115E-002  -8.9871E-003   1.5589E-002  -7.1731E-003  -1.2397E-002   6.4706E-003   1.1302E-002  -1.1328E-001   1.2967E-005  -1.7164E-004   2.4789E-004  -2.5178E-002   2.1311E-002   8.2101E-002  
 7.0895E-002   3.6918E-001  -6.3949E-001   7.2745E-002  -1.1455E-001  -6.6145E-002   3.0230E-004  -1.9500E-004  -9.9743E-005   9.7233E-001   7.5112E-002   6.2482E-004   1.0826E-003   7.1628E-003  -1.2413E-002  -6.6049E-003   1.1346E-002  -1.1427E-001   2.0680E-005  -1.6547E-004  -2.5475E-004  -2.5153E-002   2.1619E-002   9.8732E-002  
 7.0996E-002   7.3340E-001   4.6545E-007   7.2748E-002   8.1053E-006  -1.4806E-002   1.8711E-007  -9.2046E-004  -1.0709E-004   9.6782E-001   7.5103E-002   1.7984E-002  -1.3192E-006   1.4313E-002  -1.3781E-006  -1.3118E-002   2.0847E-007  -1.1328E-001   1.3585E-005   2.6078E-004   2.9846E-008  -2.5164E-002   2.1321E-002   8.1367E-002  
 7.0895E-002   3.6918E-001   6.3949E-001   7.2745E-002   1.1456E-001  -6.6131E-002  -3.0225E-004  -1.9500E-004  -1.1430E-004   9.7233E-001   7.5112E-002   6.2295E-004  -1.0841E-003   7.1658E-003   1.2412E-002  -6.6050E-003  -1.1346E-002  -1.1427E-001   6.7202E-006  -1.6534E-004   2.5479E-004  -2.5152E-002   2.1619E-002   9.8738E-002  
 7.0999E-002  -3.6674E-001   6.3517E-001   7.2738E-002   1.2806E-002   7.4096E-003  -7.8144E-004   4.2889E-004  -1.0753E-004   9.6781E-001   7.5115E-002  -8.9890E-003  -1.5589E-002  -7.1701E-003   1.2400E-002   6.4707E-003  -1.1302E-002  -1.1328E-001   1.4429E-005  -1.7166E-004  -2.4786E-004  -2.5178E-002   2.1311E-002   8.2102E-002  
 8.2842E-001  -1.4974E+000   1.2589E-006   1.5267E-001  -1.7657E-005   3.7046E-001   7.0563E-008   1.3342E-002  -1.0664E-004   9.9108E-001   5.1463E-002   1.3810E-002   2.1482E-006  -3.1810E-002   3.8577E-006   2.2857E-002   2.0086E-008  -1.1763E-001   1.3235E-005   1.2741E-003  -2.4571E-007  -2.0705E-002   2.6306E-002   1.6686E-001  
 8.2915E-001  -7.3625E-001  -1.2752E+000   1.5336E-001   3.8587E-002  -2.2284E-002   1.3243E-002   7.6286E-003  -1.0685E-004   9.3832E-001   5.0748E-002  -2.8476E-002   4.9363E-002  -1.5658E-002  -2.7074E-002   1.1755E-002   2.0481E-002  -1.0652E-001   1.4212E-005  -7.4067E-004   1.2175E-003  -1.9925E-002   2.3788E-002   9.0143E-002  
 8.2837E-001   7.4863E-001  -1.2968E+000   1.5270E-001  -3.2084E-001  -1.8525E-001   1.1556E-002  -6.6861E-003  -9.6497E-005   9.9109E-001   5.1463E-002  -6.9080E-003  -1.2004E-002   1.5885E-002  -2.7525E-002  -1.1516E-002   1.9851E-002  -1.1763E-001   2.4449E-005  -6.7697E-004  -1.1449E-003  -2.0659E-002   2.6353E-002   1.6167E-001  
 8.2919E-001   1.4725E+000   1.4698E-006   1.5341E-001   1.7913E-005   4.4534E-002   1.5192E-007  -1.5292E-002  -1.0667E-004   9.3834E-001   5.0741E-002   5.6970E-002  -2.4968E-006   3.1292E-002  -3.3242E-006  -2.3716E-002   2.5011E-008  -1.0648E-001   1.3159E-005   1.4111E-003  -1.8138E-007  -1.9862E-002   2.3801E-002   8.9644E-002  
 8.2837E-001   7.4863E-001   1.2968E+000   1.5270E-001   3.2086E-001  -1.8521E-001  -1.1556E-002  -6.6860E-003  -1.1657E-004   9.9109E-001   5.1463E-002  -6.9119E-003   1.2001E-002   1.5891E-002   2.7522E-002  -1.1516E-002  -1.9851E-002  -1.1763E-001   2.3279E-006  -6.7640E-004   1.1452E-003  -2.0659E-002   2.6353E-002   1.6166E-001  
 8.2915E-001  -7.3625E-001   1.2752E+000   1.5336E-001  -3.8605E-002  -2.2253E-002  -1.3243E-002   7.6286E-003  -1.0608E-004   9.3832E-001   5.0747E-002  -2.8480E-002  -4.9361E-002  -1.5652E-002   2.7078E-002   1.1755E-002  -2.0481E-002  -1.0652E-001   1.2568E-005  -7.4100E-004  -1.2174E-003  -1.9925E-002   2.3788E-002   9.0144E-002  
 1.7282E+000  -1.8517E+000   2.7627E-006   1.8932E-001  -2.5983E-005   4.3597E-001   1.4718E-007   5.3642E-002  -1.0566E-004   1.0478E+000   7.0091E-003   2.4965E-002   3.3768E-006  -4.8228E-002   5.5442E-006   1.9816E-002   1.3662E-007  -1.2895E-001   1.2917E-005   1.6720E-003  -3.9914E-007  -1.5066E-002   3.3404E-002   1.9390E-001  
 1.7311E+000  -8.9855E-001  -1.5564E+000   1.9176E-001  -3.6036E-002   2.0775E-002   5.0587E-002   2.9188E-002  -9.3530E-005   8.6492E-001   6.4683E-003  -4.5170E-002   7.8312E-002  -2.2098E-002  -3.8241E-002   1.1319E-002   1.9699E-002  -9.0276E-002   2.9371E-005  -1.7016E-003   2.8683E-003  -1.2958E-002   2.8215E-002   1.1767E-001  
 1.7280E+000   9.2579E-001  -1.6037E+000   1.8932E-001  -3.7757E-001  -2.1799E-001   4.6428E-002  -2.6823E-002  -1.0884E-004   1.0478E+000   6.9394E-003  -1.2460E-002  -2.1638E-002   2.4134E-002  -4.1794E-002  -9.9030E-003   1.7089E-002  -1.2897E-001   3.6254E-005  -8.6143E-004  -1.4464E-003  -1.5078E-002   3.3368E-002   1.8847E-001  
 1.7314E+000   1.7972E+000   3.1279E-006   1.9181E-001   2.6288E-005  -4.1653E-002   1.8218E-007  -5.8484E-002  -1.0578E-004   8.6494E-001   6.5310E-003   9.0361E-002  -3.6740E-006   4.4221E-002  -4.9861E-006  -2.2764E-002   9.8300E-008  -9.0244E-002   1.2787E-005   3.3208E-003  -3.6581E-007  -1.2876E-002   2.8229E-002   1.1748E-001  
 1.7280E+000   9.2579E-001   1.6037E+000   1.8932E-001   3.7759E-001  -2.1795E-001  -4.6428E-002  -2.6823E-002  -1.0258E-004   1.0478E+000   6.9394E-003  -1.2466E-002   2.1634E-002   2.4143E-002   4.1789E-002  -9.9030E-003  -1.7089E-002  -1.2897E-001  -1.0395E-005  -8.6051E-004   1.4468E-003  -1.5077E-002   3.3368E-002   1.8849E-001  
 1.7311E+000  -8.9855E-001   1.5564E+000   1.9176E-001   3.6011E-002   2.0820E-002  -5.0587E-002   2.9188E-002  -1.1754E-004   8.6492E-001   6.4683E-003  -4.5177E-002  -7.8309E-002  -2.2088E-002   3.8247E-002   1.1319E-002  -1.9699E-002  -9.0276E-002  -3.3489E-006  -1.7021E-003  -2.8679E-003  -1.2958E-002   2.8215E-002   1.1767E-001  
 2.4122E+000  -1.8040E+000   4.4002E-006   1.3092E-001  -3.2026E-005   2.1703E-001   3.0374E-007   1.1326E-001  -1.0455E-004   1.1316E+000  -5.4280E-002   9.4089E-003   4.5245E-006  -6.7021E-002   6.9954E-006  -2.3759E-003   3.6523E-007  -1.5193E-001   1.2803E-005  -1.3432E-003  -4.0396E-007  -1.6066E-002   3.4117E-002   1.4502E-001  
 2.4213E+000  -8.5722E-001  -1.4848E+000   1.4045E-001  -3.1876E-001   1.8396E-001   1.1036E-001   6.3627E-002  -1.6453E-004   7.5919E-001  -4.9861E-002  -4.9341E-002   8.5419E-002  -2.5634E-002  -4.4503E-002   4.5060E-003   8.0469E-003  -6.7467E-002  -1.8574E-005  -2.6282E-003   4.5155E-003  -9.3310E-003   3.2242E-002   1.3945E-001  
 2.4119E+000   9.0196E-001  -1.5624E+000   1.3103E-001  -1.8814E-001  -1.0865E-001   9.8132E-002  -5.6635E-002  -1.7600E-004   1.1315E+000  -5.4257E-002  -4.7778E-003  -8.2355E-003   3.3564E-002  -5.8054E-002   1.1838E-003  -1.9707E-003  -1.5190E-001  -7.8748E-006   6.8392E-004   1.2127E-003  -1.6007E-002   3.4146E-002   1.4621E-001  
 2.4216E+000   1.7144E+000   4.8862E-006   1.4044E-001   3.2429E-005  -3.6833E-001   3.9851E-007  -1.2741E-001  -1.0466E-004   7.5916E-001  -4.9844E-002   9.8604E-002  -4.7808E-006   5.1403E-002  -6.4215E-006  -9.2397E-003   3.2125E-007  -6.7345E-002   1.2594E-005   5.1617E-003  -3.5912E-007  -9.2810E-003   3.2187E-002   1.3849E-001  
 2.4119E+000   9.0196E-001   1.5624E+000   1.3104E-001   1.8817E-001  -1.0859E-001  -9.8132E-002  -5.6634E-002  -3.3352E-005   1.1315E+000  -5.4257E-002  -4.7857E-003   8.2306E-003   3.3576E-002   5.8048E-002   1.1841E-003   1.9703E-003  -1.5190E-001   3.3446E-005   6.8488E-004  -1.2122E-003  -1.6007E-002   3.4146E-002   1.4623E-001  
 2.4213E+000  -8.5723E-001   1.4848E+000   1.4045E-001   3.1873E-001   1.8402E-001  -1.1036E-001   6.3626E-002  -4.4273E-005   7.5918E-001  -4.9861E-002  -4.9349E-002  -8.5415E-002  -2.5623E-002   4.4511E-002   4.5056E-003  -8.0472E-003  -6.7468E-002   4.4159E-005  -2.6287E-003  -4.5150E-003  -9.3309E-003   3.2242E-002   1.3945E-001  
 2.7669E+000  -1.6023E+000   5.6043E-006   3.7181E-002  -3.5243E-005  -8.4430E-002   5.9142E-007   1.6277E-001  -1.0347E-004   1.2022E+000  -1.0596E-001  -1.9847E-002   5.4054E-006  -8.2124E-002   8.1267E-006  -2.8001E-002   5.6202E-007  -1.7361E-001   1.2960E-005  -3.7015E-003  -2.2189E-007  -1.9007E-002   3.2458E-002   1.2141E-001  
 2.7850E+000  -7.4060E-001  -1.2829E+000   5.8530E-002  -6.2672E-001   3.6184E-001   1.6528E-001   9.5364E-002  -1.3921E-004   6.6779E-001  -9.4679E-002  -4.5324E-002   7.8572E-002  -2.7555E-002  -4.7800E-002  -2.8253E-003  -4.7074E-003  -4.9854E-002   2.8944E-005  -2.6415E-003   4.5070E-003  -8.5905E-003   3.4390E-002   1.5042E-001  
 2.7665E+000   8.0119E-001  -1.3879E+000   3.7330E-002   7.2697E-002   4.2031E-002   1.4098E-001  -8.1408E-002  -1.4188E-004   1.2021E+000  -1.0595E-001   9.9050E-003   1.7091E-002   4.1071E-002  -7.1145E-002   1.3981E-002  -2.4194E-002  -1.7353E-001   5.4341E-005   1.8581E-003   3.1944E-003  -1.9003E-002   3.2461E-002   1.3134E-001  
 2.7855E+000   1.4809E+000   6.2442E-006   5.8599E-002   3.5719E-005  -7.2414E-001   6.9325E-007  -1.9092E-001  -1.0354E-004   6.6768E-001  -9.4639E-002   9.0661E-002  -5.7057E-006   5.5305E-002  -7.5956E-006   5.3957E-003   5.3773E-007  -4.9844E-002   1.2797E-005   5.2210E-003  -1.5471E-007  -8.3817E-003   3.4387E-002   1.5033E-001  
 2.7665E+000   8.0121E-001   1.3879E+000   3.7330E-002  -7.2661E-002   4.2092E-002  -1.4098E-001  -8.1407E-002  -6.5508E-005   1.2021E+000  -1.0595E-001   9.8955E-003  -1.7097E-002   4.1085E-002   7.1138E-002   1.3981E-002   2.4193E-002  -1.7353E-001  -2.8338E-005   1.8589E-003  -3.1940E-003  -1.9003E-002   3.2461E-002   1.3135E-001  
 2.7850E+000  -7.4061E-001   1.2829E+000   5.8530E-002   6.2668E-001   3.6190E-001  -1.6528E-001   9.5363E-002  -6.7614E-005   6.6779E-001  -9.4678E-002  -4.5333E-002  -7.8567E-002  -2.7542E-002   4.7809E-002  -2.8259E-003   4.7068E-003  -4.9854E-002  -3.0282E-006  -2.6419E-003  -4.5066E-003  -8.5904E-003   3.4390E-002   1.5042E-001  
 2.7179E+000  -1.1240E+000  -1.0732E+000   7.4690E-002  -5.5405E-001   2.2583E-001   1.2599E-001   1.1982E-001   1.7826E-001   7.6161E-001  -8.6904E-002  -3.3867E-002   7.7614E-002  -3.4796E-002  -4.6462E-002  -5.1549E-003  -2.0852E-003  -6.9262E-002  -3.9933E-002   3.0583E-003   4.1748E-003  -9.9141E-003   3.4312E-002   1.8471E-001  
 2.7063E+000   1.1305E+000  -1.1813E+000   6.1528E-002   1.0850E-001  -2.2588E-001   1.0732E-001  -1.1349E-001   1.7546E-001   1.1155E+000  -9.3944E-002   3.3875E-002  -2.5753E-003   5.9550E-002  -4.6473E-002   1.2268E-002  -1.5339E-002  -1.5114E-001  -4.1920E-002  -3.0636E-003   1.9487E-003  -1.6942E-002   3.3348E-002   1.8188E-001  
 2.7063E+000   1.1305E+000   1.1813E+000   6.1526E-002  -1.0845E-001  -2.2583E-001  -1.0732E-001  -1.1349E-001  -1.7567E-001   1.1155E+000  -9.3945E-002   3.3867E-002   2.5664E-003   5.9561E-002   4.6463E-002   1.2270E-002   1.5340E-002  -1.5114E-001   4.1946E-002  -3.0631E-003  -1.9486E-003  -1.6943E-002   3.3348E-002   1.8184E-001  
 2.7179E+000  -1.1240E+000   1.0732E+000   7.4689E-002   5.5400E-001   2.2588E-001  -1.2599E-001   1.1982E-001  -1.7847E-001   7.6161E-001  -8.6905E-002  -3.3875E-002  -7.7606E-002  -3.4785E-002   4.6474E-002  -5.1567E-003   2.0860E-003  -6.9262E-002   3.9959E-002   3.0582E-003  -4.1748E-003  -9.9150E-003   3.4312E-002   1.8472E-001  
