-1.4203E-001  -2.6184E-005   4.7232E-005   4.4513E-002  -9.1621E-003   2.9979E-002   3.0740E-005  -1.1118E-005   1.1398E-007   1.0043E-007   8.0291E-002  -1.0524E-003   3.2294E-004  -9.3033E-001  -2.8383E-001  -1.3767E-006   5.4387E-006  -3.0092E-008   1.5873E-007   2.9252E-007  -4.2796E-007  -2.6932E-002   1.5880E-001   3.9206E-001  
 7.0797E-002  -7.3522E-001  -5.5842E-005   7.2285E-002  -1.0069E-002   8.5724E-002   5.1394E-005   7.3963E-004  -2.7187E-002  -8.6963E-002   7.4769E-002   7.9687E-003   5.3098E-004  -9.2809E-001  -2.8313E-001   1.3221E-002   1.3646E-005   1.6162E-002   5.0318E-003   2.1064E-002   6.4332E-003  -2.5844E-002   1.5822E-001   4.0451E-001  
 7.0817E-002  -3.6799E-001  -6.3782E-001   7.2348E-002   4.4721E-002   1.3108E-003   6.8618E-004   3.3128E-004   6.3539E-002  -7.0496E-002   7.4845E-002  -5.3681E-003   6.8311E-003  -9.2802E-001  -2.8308E-001   6.5783E-003   1.1364E-002   1.3158E-002  -1.1786E-002   5.0008E-003   2.1427E-002  -2.5748E-002   1.5825E-001   4.0087E-001  
 7.0814E-002   3.6767E-001  -6.3755E-001   7.2330E-002  -6.2132E-002   2.8966E-003   7.0841E-004  -3.4880E-004   9.0723E-002   2.3301E-002   7.4820E-002  -5.7187E-003  -6.3885E-003  -9.2804E-001  -2.8315E-001  -6.5964E-003   1.1410E-002  -4.3931E-003  -1.6822E-002  -1.6123E-002   1.5032E-002  -2.5780E-002   1.5823E-001   4.1015E-001  
 7.0804E-002   7.3517E-001   1.5084E-004   7.2288E-002  -1.0079E-002   8.5727E-002   1.0438E-005  -7.6215E-004   2.7188E-002   8.6963E-002   7.4770E-002   7.9696E-003   5.2780E-004  -9.2809E-001  -2.8313E-001  -1.3223E-002  -2.7090E-006  -1.6162E-002  -5.0313E-003  -2.1064E-002  -6.4340E-003  -2.5844E-002   1.5822E-001   4.0452E-001  
 7.0807E-002   3.6794E-001   6.3792E-001   7.2341E-002   4.4719E-002   1.3209E-003  -6.2383E-004  -3.5335E-004  -6.3539E-002   7.0496E-002   7.4842E-002  -5.3648E-003   6.8302E-003  -9.2802E-001  -2.8308E-001  -6.5809E-003  -1.1353E-002  -1.3159E-002   1.1786E-002  -5.0002E-003  -2.1427E-002  -2.5748E-002   1.5825E-001   4.0087E-001  
 7.0798E-002  -3.6772E-001   6.3765E-001   7.2319E-002  -6.2124E-002   2.9034E-003  -6.4587E-004   3.2612E-004  -9.0723E-002  -2.3300E-002   7.4816E-002  -5.7162E-003  -6.3861E-003  -9.2804E-001  -2.8315E-001   6.5936E-003  -1.1399E-002   4.3932E-003   1.6822E-002   1.6123E-002  -1.5033E-002  -2.5780E-002   1.5823E-001   4.1017E-001  
 8.2928E-001  -1.4826E+000   1.6004E-004   1.5170E-001  -1.3536E-002   2.2316E-001   2.7836E-004   1.5661E-002  -6.0083E-002  -1.7086E-001   5.1864E-002   3.6630E-002   1.0874E-003  -9.1906E-001  -2.8034E-001   2.2156E-002  -1.5473E-004   3.2138E-002   1.1424E-002   4.6286E-002   1.4210E-002  -2.2121E-002   1.5586E-001   4.4530E-001  
 8.2818E-001  -7.4351E-001  -1.2873E+000   1.5323E-001   1.8516E-001  -7.0427E-002   1.2044E-002   6.3252E-003   1.4045E-001  -1.7707E-001   5.0044E-002  -1.9404E-002   2.8531E-002  -9.1878E-001  -2.8014E-001   1.2517E-002   2.0845E-002   3.4441E-002  -2.6702E-002   1.0984E-002   4.7432E-002  -2.0092E-002   1.5610E-001   4.2250E-001  
 8.2852E-001   7.4296E-001  -1.2862E+000   1.5278E-001  -1.9911E-001  -6.2788E-002   1.2738E-002  -6.4364E-003   2.0050E-001   7.2850E-002   5.0609E-002  -2.0603E-002  -2.8571E-002  -9.1877E-001  -2.8057E-001  -1.2302E-002   2.0226E-002  -1.4453E-002  -3.8168E-002  -3.5567E-002   3.3238E-002  -2.0692E-002   1.5599E-001   4.4047E-001  
 8.2930E-001   1.4826E+000  -6.2685E-005   1.5170E-001  -1.3558E-002   2.2317E-001  -2.1526E-004  -1.5684E-002   6.0085E-002   1.7086E-001   5.1867E-002   3.6633E-002   1.0801E-003  -9.1906E-001  -2.8034E-001  -2.2160E-002   1.6584E-004  -3.2139E-002  -1.1423E-002  -4.6286E-002  -1.4211E-002  -2.2121E-002   1.5586E-001   4.4530E-001  
 8.2816E-001   7.4345E-001   1.2874E+000   1.5322E-001   1.8516E-001  -7.0405E-002  -1.1979E-002  -6.3467E-003  -1.4045E-001   1.7706E-001   5.0038E-002  -1.9396E-002   2.8528E-002  -9.1878E-001  -2.8014E-001  -1.2520E-002  -2.0834E-002  -3.4441E-002   2.6701E-002  -1.0983E-002  -4.7433E-002  -2.0093E-002   1.5610E-001   4.2250E-001  
 8.2848E-001  -7.4302E-001   1.2863E+000   1.5276E-001  -1.9909E-001  -6.2773E-002  -1.2672E-002   6.4119E-003  -2.0050E-001  -7.2848E-002   5.0601E-002  -2.0597E-002  -2.8566E-002  -9.1877E-001  -2.8057E-001   1.2299E-002  -2.0214E-002   1.4454E-002   3.8168E-002   3.5568E-002  -3.3238E-002  -2.0693E-002   1.5599E-001   4.4048E-001  
 1.7304E+000  -1.8195E+000   8.5460E-004   1.8836E-001  -1.8399E-002   1.9602E-001   8.4909E-004   5.7645E-002  -8.8102E-002  -1.9824E-001   6.8393E-003   5.9913E-002   1.4076E-003  -9.0766E-001  -2.7620E-001   1.7734E-002  -7.1735E-004   3.6966E-002   1.7341E-002   6.5679E-002   2.0362E-002  -1.6125E-002   1.5160E-001   4.8302E-001  
 1.7288E+000  -9.1563E-001  -1.5823E+000   1.9176E-001   1.9310E-001  -6.1879E-002   4.8605E-002   2.5840E-002   2.0598E-001  -3.1275E-001   6.1017E-003  -3.0885E-002   4.7133E-002  -9.0450E-001  -2.7475E-001   1.3595E-002   1.9930E-002   6.2493E-002  -4.0595E-002   1.5413E-002   6.8496E-002  -1.3091E-002   1.5308E-001   4.6249E-001  
 1.7293E+000   9.1497E-001  -1.5797E+000   1.9073E-001  -2.0175E-001  -4.5607E-002   4.9639E-002  -2.5554E-002   2.9406E-001   1.5966E-001   6.3752E-003  -3.2609E-002  -4.7352E-002  -9.0439E-001  -2.7793E-001  -1.3245E-002   1.7868E-002  -3.2681E-002  -5.7960E-002  -5.0689E-002   4.8214E-002  -1.4026E-002   1.5277E-001   4.6937E-001  
 1.7304E+000   1.8194E+000  -7.5354E-004   1.8837E-001  -1.8431E-002   1.9603E-001  -7.8428E-004  -5.7670E-002   8.8106E-002   1.9824E-001   6.8430E-003   5.9917E-002   1.3966E-003  -9.0766E-001  -2.7620E-001  -1.7738E-002   7.2902E-004  -3.6967E-002  -1.7339E-002  -6.5679E-002  -2.0363E-002  -1.6124E-002   1.5160E-001   4.8302E-001  
 1.7288E+000   9.1558E-001   1.5824E+000   1.9173E-001   1.9310E-001  -6.1845E-002  -4.8536E-002  -2.5861E-002  -2.0598E-001   3.1275E-001   6.0934E-003  -3.0874E-002   4.7130E-002  -9.0450E-001  -2.7475E-001  -1.3598E-002  -1.9917E-002  -6.2494E-002   4.0593E-002  -1.5412E-002  -6.8497E-002  -1.3092E-002   1.5308E-001   4.6247E-001  
 1.7292E+000  -9.1503E-001   1.5798E+000   1.9070E-001  -2.0173E-001  -4.5584E-002  -4.9568E-002   2.5527E-002  -2.9406E-001  -1.5965E-001   6.3634E-003  -3.2601E-002  -4.7343E-002  -9.0439E-001  -2.7793E-001   1.3241E-002  -1.7855E-002   3.2682E-002   5.7960E-002   5.0690E-002  -4.8215E-002  -1.4028E-002   1.5277E-001   4.6935E-001  
 2.4144E+000  -1.7572E+000   1.4822E-003   1.2611E-001  -2.4409E-002  -1.0001E-001   5.0119E-004   1.1518E-001  -1.1044E-001  -1.7917E-001  -5.7618E-002   4.9197E-002   6.1555E-004  -9.0645E-001  -2.7380E-001  -9.8929E-003  -1.7508E-003   2.1384E-002   1.9939E-002   7.1818E-002   2.3053E-002  -1.9109E-002   1.4436E-001   4.8452E-001  
 2.4182E+000  -8.8329E-001  -1.5232E+000   1.4269E-001  -2.0597E-002   7.7555E-002   1.0850E-001   6.1169E-002   2.5788E-001  -4.6522E-001  -4.8331E-002  -3.0426E-002   4.9463E-002  -8.9379E-001  -2.6794E-001   1.0316E-002   9.7583E-003   9.0975E-002  -4.6916E-002   1.6422E-002   7.9653E-002  -8.2623E-003   1.5054E-001   4.9012E-001  
 2.4171E+000   8.8389E-001  -1.5216E+000   1.3781E-001   1.9544E-002   1.0515E-001   1.0632E-001  -5.9462E-002   3.6828E-001   2.7212E-001  -5.1027E-002  -2.9693E-002  -4.6930E-002  -8.9344E-001  -2.8036E-001  -8.4014E-003   2.8262E-003  -5.7360E-002  -6.6885E-002  -5.6285E-002   5.6791E-002  -1.1460E-002   1.4914E-001   4.7829E-001  
 2.4145E+000   1.7571E+000  -1.3774E-003   1.2612E-001  -2.4450E-002  -9.9998E-002  -4.3487E-004  -1.1521E-001   1.1044E-001   1.7917E-001  -5.7613E-002   4.9201E-002   6.0169E-004  -9.0645E-001  -2.7380E-001   9.8884E-003   1.7629E-003  -2.1384E-002  -1.9937E-002  -7.1817E-002  -2.3055E-002  -1.9108E-002   1.4436E-001   4.8451E-001  
 2.4182E+000   8.8324E-001   1.5233E+000   1.4265E-001  -2.0606E-002   7.7598E-002  -1.0843E-001  -6.1190E-002  -2.5788E-001   4.6522E-001  -4.8341E-002  -3.0411E-002   4.9460E-002  -8.9379E-001  -2.6794E-001  -1.0319E-002  -9.7450E-003  -9.0976E-002   4.6914E-002  -1.6421E-002  -7.9653E-002  -8.2634E-003   1.5054E-001   4.9011E-001  
 2.4170E+000  -8.8395E-001   1.5217E+000   1.3776E-001   1.9578E-002   1.0518E-001  -1.0625E-001   5.9434E-002  -3.6828E-001  -2.7211E-001  -5.1041E-002  -2.9682E-002  -4.6920E-002  -8.9343E-001  -2.8036E-001   8.3971E-003  -2.8119E-003   5.7362E-002   6.6884E-002   5.6286E-002  -5.6791E-002  -1.1462E-002   1.4914E-001   4.7830E-001  
 2.7670E+000  -1.5491E+000   1.2940E-003   2.7056E-002  -2.9956E-002  -4.5209E-001  -6.3030E-004   1.5968E-001  -1.2520E-001  -1.4923E-001  -1.1219E-001   1.9589E-002  -1.2776E-003  -9.1271E-001  -2.7392E-001  -3.9885E-002  -3.0110E-003   4.7141E-004   1.9868E-002   7.1633E-002   2.3282E-002  -2.1731E-002   1.3894E-001   4.6525E-001  
 2.7823E+000  -7.7067E-001  -1.3290E+000   6.3513E-002  -2.8312E-001   2.4429E-001   1.6349E-001   9.6158E-002   2.9251E-001  -5.8512E-001  -9.1957E-002  -2.1613E-002   4.2946E-002  -8.9146E-001  -2.6331E-001   6.4212E-003  -2.7541E-003   1.1001E-001  -4.6405E-002   1.5937E-002   8.1608E-002  -8.1659E-003   1.4828E-001   4.9805E-001  
 2.7776E+000   7.7365E-001  -1.3317E+000   5.2668E-002   2.8997E-001   2.8289E-001   1.5536E-001  -9.2310E-002   4.1767E-001   3.6505E-001  -9.8034E-002  -1.6326E-002  -3.6256E-002  -8.9104E-001  -2.8526E-001  -2.9195E-003  -1.4713E-002  -7.6926E-002  -6.6236E-002  -5.6225E-002   5.8322E-002  -1.2263E-002   1.4586E-001   4.6589E-001  
 2.7671E+000   1.5491E+000  -1.1868E-003   2.7072E-002  -3.0002E-002  -4.5207E-001   6.9748E-004  -1.5971E-001   1.2521E-001   1.4923E-001  -1.1219E-001   1.9593E-002  -1.2929E-003  -9.1271E-001  -2.7392E-001   3.9881E-002   3.0233E-003  -4.7200E-004  -1.9866E-002  -7.1632E-002  -2.3283E-002  -2.1730E-002   1.3894E-001   4.6525E-001  
 2.7822E+000   7.7063E-001   1.3291E+000   6.3479E-002  -2.8313E-001   2.4434E-001  -1.6342E-001  -9.6178E-002  -2.9251E-001   5.8511E-001  -9.1966E-002  -2.1598E-002   4.2942E-002  -8.9146E-001  -2.6331E-001  -6.4241E-003   2.7671E-003  -1.1001E-001   4.6404E-002  -1.5937E-002  -8.1609E-002  -8.1668E-003   1.4828E-001   4.9802E-001  
 2.7775E+000  -7.7372E-001   1.3319E+000   5.2618E-002   2.9001E-001   2.8292E-001  -1.5528E-001   9.2280E-002  -4.1767E-001  -3.6505E-001  -9.8048E-002  -1.6315E-002  -3.6245E-002  -8.9104E-001  -2.8526E-001   2.9155E-003   1.4726E-002   7.6927E-002   6.6235E-002   5.6226E-002  -5.8322E-002  -1.2265E-002   1.4586E-001   4.6586E-001  
 2.7195E+000  -1.1197E+000  -1.1255E+000   8.6129E-002  -2.6782E-001   1.0100E-002   1.2738E-001   1.2641E-001   3.7700E-001  -5.5070E-001  -8.0250E-002  -2.0792E-003   5.3088E-002  -8.8619E-001  -2.7379E-001   4.4906E-003   8.2765E-003   1.0000E-001  -7.1459E-002   4.0583E-002   7.3577E-002  -5.7943E-003   1.4984E-001   4.8833E-001  
 2.7196E+000   1.1216E+000  -1.1218E+000   8.6180E-002   2.4959E-001   4.9415E-002   1.2666E-001  -1.2699E-001   5.4997E-001   3.7740E-001  -8.0268E-002   5.2856E-005  -5.2515E-002  -8.8620E-001  -2.7394E-001  -8.4132E-003   4.4689E-003  -7.1589E-002  -9.9696E-002  -7.3495E-002   4.0759E-002  -5.7923E-003   1.4988E-001   4.8654E-001  
 2.7194E+000   1.1197E+000   1.1256E+000   8.6106E-002  -2.6784E-001   1.0143E-002  -1.2731E-001  -1.2643E-001  -3.7700E-001   5.5069E-001  -8.0256E-002  -2.0654E-003   5.3080E-002  -8.8619E-001  -2.7379E-001  -4.4935E-003  -8.2634E-003  -1.0001E-001   7.1458E-002  -4.0583E-002  -7.3577E-002  -5.7950E-003   1.4984E-001   4.8834E-001  
 2.7195E+000  -1.1216E+000   1.1219E+000   8.6135E-002   2.4963E-001   4.9435E-002  -1.2659E-001   1.2696E-001  -5.4997E-001  -3.7740E-001  -8.0281E-002   6.0237E-005  -5.2501E-002  -8.8620E-001  -2.7394E-001   8.4084E-003  -4.4553E-003   7.1590E-002   9.9696E-002   7.3495E-002  -4.0759E-002  -5.7944E-003   1.4988E-001   4.8651E-001  
