-1.5497E-001   5.0158E-006  -3.0491E-004   4.4768E-002   1.3781E-007   1.2401E-007  -2.1322E-004  -1.5385E-006   2.5209E-002   1.2824E-005   8.1106E-002  -2.0591E-007   3.7672E-007  -6.9232E-006  -7.9128E-008  -6.6608E-007  -6.2811E-004   3.0048E-005   7.4764E-001   2.1124E-006  -3.2008E-004  -2.6529E-002   2.8034E-001   1.0049E+000  
 5.7960E-002  -7.3451E-001   1.4008E-002   7.2684E-002   7.9789E-002   5.8751E-002  -8.9566E-004   8.3618E-004   2.7752E-002   2.2669E-003   7.5710E-002   8.3616E-003   3.1955E-002  -1.1951E-005   8.2342E-002   1.3045E-002  -1.2826E-003  -4.6939E-004   7.4371E-001   1.0453E-006  -4.1506E-003  -2.5226E-002   2.8723E-001   1.1060E+000  
 5.8017E-002  -3.5480E-001  -6.4372E-001   7.2583E-002   9.0819E-002   3.9678E-002   7.8047E-004  -9.2584E-005   2.7681E-002  -2.1996E-003   7.5844E-002   2.3524E-002   2.3277E-002  -7.1398E-002   4.1170E-002   6.0517E-003   1.0680E-002   5.6818E-004   7.4355E-001   3.2359E-003   1.4908E-003  -2.5368E-002   2.8722E-001   1.0983E+000  
 5.8018E-002   3.5481E-001  -6.4372E-001   7.2585E-002  -9.0827E-002   3.9673E-002   7.8106E-004   8.9314E-005   2.7681E-002   2.2271E-003   7.5845E-002   2.3521E-002  -2.3279E-002  -7.1403E-002  -4.1165E-002  -6.0549E-003   1.0681E-002  -5.0559E-004   7.4355E-001  -3.2338E-003   1.4909E-003  -2.5367E-002   2.8722E-001   1.0983E+000  
 5.7960E-002   7.3452E-001   1.4008E-002   7.2682E-002  -7.9789E-002   5.8744E-002  -8.9584E-004  -8.3613E-004   2.7752E-002  -2.2391E-003   7.5708E-002   8.3609E-003  -3.1955E-002  -2.0721E-005  -8.2342E-002  -1.3047E-002  -1.2827E-003   5.3258E-004   7.4371E-001   4.3108E-006  -4.1501E-003  -2.5230E-002   2.8723E-001   1.1060E+000  
 5.7899E-002   3.7971E-001   6.2850E-001   7.2784E-002   1.0946E-002  -9.8425E-002  -6.6639E-004  -9.2622E-004   2.7674E-002   2.3200E-003   7.5576E-002  -3.1885E-002  -8.7769E-003   7.1390E-002  -4.1156E-002  -6.9930E-003  -1.1914E-002  -4.2210E-004   7.4355E-001   3.2382E-003   1.5058E-003  -2.5085E-002   2.8724E-001   1.1140E+000  
 5.7899E-002  -3.7970E-001   6.2850E-001   7.2782E-002  -1.0937E-002  -9.8420E-002  -6.6577E-004   9.2278E-004   2.7674E-002  -2.2924E-003   7.5575E-002  -3.1882E-002   8.7803E-003   7.1394E-002   4.1151E-002   6.9897E-003  -1.1913E-002   4.8454E-004   7.4354E-001  -3.2347E-003   1.5054E-003  -2.5086E-002   2.8724E-001   1.1140E+000  
 8.1601E-001  -1.4818E+000   7.1453E-002   1.5300E-001   1.7473E-001   2.0757E-001  -4.9865E-003   1.4780E-002   3.8601E-002   2.6382E-002   5.1696E-002   3.5376E-002   7.3141E-002  -2.4920E-004   1.8004E-001   2.3217E-002  -1.5683E-004  -5.5421E-003   7.2457E-001  -5.7963E-005  -1.8175E-002  -2.0343E-002   3.0862E-001   1.1991E+000  
 8.1600E-001  -6.7858E-001  -1.3196E+000   1.5259E-001   2.6710E-001   4.7425E-002   1.5072E-002   3.4916E-003   3.8663E-002  -2.6284E-002   5.1757E-002   4.5653E-002   6.7165E-002  -1.5601E-001   9.0160E-002   1.2299E-002   1.8841E-002   5.6749E-003   7.2443E-001   1.5386E-002   8.6218E-003  -2.0883E-002   3.0848E-001   1.1864E+000  
 8.1600E-001   6.7859E-001  -1.3196E+000   1.5260E-001  -2.6711E-001   4.7415E-002   1.5071E-002  -3.4931E-003   3.8663E-002   2.6314E-002   5.1757E-002   4.5649E-002  -6.7173E-002  -1.5602E-001  -9.0146E-002  -1.2302E-002   1.8841E-002  -5.6118E-003   7.2442E-001  -1.5385E-002   8.6221E-003  -2.0883E-002   3.0848E-001   1.1864E+000  
 8.1601E-001   1.4818E+000   7.1453E-002   1.5300E-001  -1.7473E-001   2.0755E-001  -4.9865E-003  -1.4782E-002   3.8601E-002  -2.6353E-002   5.1696E-002   3.5370E-002  -7.3140E-002  -2.6785E-004  -1.8004E-001  -2.3221E-002  -1.5658E-004   5.6042E-003   7.2457E-001   5.8320E-005  -1.8174E-002  -2.0342E-002   3.0862E-001   1.1991E+000  
 8.1593E-001   8.0317E-001   1.2469E+000   1.5338E-001   9.2450E-002  -2.5498E-001  -1.0530E-002  -1.1287E-002   3.8654E-002   2.6485E-002   5.1640E-002  -8.1024E-002  -5.8301E-003   1.5624E-001  -8.9715E-002  -1.0904E-002  -2.1374E-002  -5.4323E-003   7.2441E-001   1.5442E-002   8.5672E-003  -1.9818E-002   3.0851E-001   1.1922E+000  
 8.1593E-001  -8.0317E-001   1.2469E+000   1.5338E-001  -9.2431E-002  -2.5497E-001  -1.0531E-002   1.1285E-002   3.8653E-002  -2.6455E-002   5.1640E-002  -8.1020E-002   5.8384E-003   1.5625E-001   8.9701E-002   1.0902E-002  -2.1374E-002   5.4950E-003   7.2441E-001  -1.5437E-002   8.5665E-003  -1.9819E-002   3.0851E-001   1.1922E+000  
 1.7172E+000  -1.8199E+000   1.5907E-001   1.9055E-001   2.5157E-001   1.9730E-001  -1.6513E-002   5.6738E-002   6.0386E-002   9.1463E-002   7.3560E-003   5.7632E-002   1.2135E-001  -1.9895E-003   2.6130E-001   2.1194E-002   1.0906E-002  -1.9320E-002   6.9005E-001  -8.1108E-004  -3.4142E-002  -1.4025E-002   3.2393E-001   1.2404E+000  
 1.7171E+000  -7.7168E-001  -1.6561E+000   1.9004E-001   2.9653E-001   1.1913E-001   5.6994E-002   1.4429E-002   6.0502E-002  -9.1459E-002   7.3778E-003   7.6631E-002   1.1080E-001  -2.2557E-001   1.3243E-001   2.0902E-002   1.1910E-002   1.9454E-002   6.8971E-001   2.8751E-002   1.7170E-002  -1.4755E-002   3.2358E-001   1.2479E+000  
 1.7171E+000   7.7168E-001  -1.6561E+000   1.9004E-001  -2.9656E-001   1.1911E-001   5.6992E-002  -1.4431E-002   6.0502E-002   9.1492E-002   7.3744E-003   7.6626E-002  -1.1081E-001  -2.2558E-001  -1.3241E-001  -2.0907E-002   1.1912E-002  -1.9393E-002   6.8970E-001  -2.8749E-002   1.7174E-002  -1.4756E-002   3.2358E-001   1.2479E+000  
 1.7172E+000   1.8199E+000   1.5907E-001   1.9055E-001  -2.5157E-001   1.9727E-001  -1.6513E-002  -5.6741E-002   6.0386E-002  -9.1430E-002   7.3569E-003   5.7621E-002  -1.2135E-001  -2.0150E-003  -2.6130E-001  -2.1194E-002   1.0906E-002   1.9381E-002   6.9005E-001   8.0875E-004  -3.4140E-002  -1.4026E-002   3.2393E-001   1.2404E+000  
 1.7170E+000   1.0481E+000   1.4961E+000   1.9101E-001   4.5243E-002  -3.1643E-001  -4.1192E-002  -4.2259E-002   6.0493E-002   9.1401E-002   7.2033E-003  -1.3423E-001  -1.0912E-002   2.2761E-001  -1.2888E-001  -2.2479E-004  -2.4712E-002  -1.9234E-002   6.8967E-001   2.9580E-002   1.5773E-002  -1.3389E-002   3.2363E-001   1.2211E+000  
 1.7170E+000  -1.0481E+000   1.4961E+000   1.9101E-001  -4.5214E-002  -3.1641E-001  -4.1194E-002   4.2256E-002   6.0494E-002  -9.1367E-002   7.2060E-003  -1.3423E-001   1.0927E-002   2.2762E-001   1.2886E-001   2.1957E-004  -2.4710E-002   1.9295E-002   6.8967E-001  -2.9574E-002   1.5775E-002  -1.3389E-002   3.2363E-001   1.2211E+000  
 2.4046E+000  -1.7535E+000   2.5309E-001   1.3568E-001   3.2333E-001  -7.5436E-002  -1.5311E-002   1.2117E-001   1.0322E-001   1.8621E-001  -5.1486E-002   5.3956E-002   1.7779E-001  -7.7922E-003   3.4253E-001   3.3136E-003   2.8986E-002  -4.2265E-002   6.8060E-001  -3.2383E-003  -2.8934E-002  -1.2726E-002   3.2726E-001   1.2716E+000  
 2.4047E+000  -6.5728E-001  -1.6452E+000   1.3566E-001   9.6469E-002   3.1715E-001   1.1284E-001   4.7816E-002   1.0250E-001  -1.8611E-001  -5.0695E-002   1.2661E-001   1.3577E-001  -2.9226E-001   1.7807E-001   2.7477E-002  -1.1498E-002   4.2437E-002   6.7998E-001   2.3265E-002   1.7645E-002  -1.2884E-002   3.2775E-001   1.2704E+000  
 2.4047E+000   6.5727E-001  -1.6452E+000   1.3566E-001  -9.6507E-002   3.1713E-001   1.1284E-001  -4.7819E-002   1.0250E-001   1.8614E-001  -5.0696E-002   1.2661E-001  -1.3579E-001  -2.9228E-001  -1.7805E-001  -2.7484E-002  -1.1492E-002  -4.2375E-002   6.7997E-001  -2.3265E-002   1.7648E-002  -1.2884E-002   3.2775E-001   1.2705E+000  
 2.4046E+000   1.7536E+000   2.5309E-001   1.3569E-001  -3.2333E-001  -7.5474E-002  -1.5311E-002  -1.2117E-001   1.0322E-001  -1.8618E-001  -5.1486E-002   5.3939E-002  -1.7778E-001  -7.8256E-003  -3.4253E-001  -3.3114E-003   2.8986E-002   4.2326E-002   6.8060E-001   3.2356E-003  -2.8932E-002  -1.2728E-002   3.2726E-001   1.2716E+000  
 2.4039E+000   1.0963E+000   1.3923E+000   1.3584E-001  -2.2673E-001  -2.4197E-001  -9.7086E-002  -7.3274E-002   1.0263E-001   1.8622E-001  -5.2270E-002  -1.8068E-001  -4.2220E-002   3.0020E-001  -1.6453E-001   2.4275E-002  -1.7368E-002  -4.2001E-002   6.8003E-001   2.6565E-002   1.1944E-002  -1.2561E-002   3.2764E-001   1.2586E+000  
 2.4039E+000  -1.0963E+000   1.3923E+000   1.3583E-001   2.2677E-001  -2.4195E-001  -9.7085E-002   7.3270E-002   1.0263E-001  -1.8618E-001  -5.2270E-002  -1.8067E-001   4.2241E-002   3.0022E-001   1.6450E-001  -2.4282E-002  -1.7362E-002   4.2062E-002   6.8003E-001  -2.6560E-002   1.1945E-002  -1.2562E-002   3.2764E-001   1.2586E+000  
 2.7641E+000  -1.5354E+000   3.2749E-001   4.7909E-002   3.8702E-001  -4.0403E-001  -2.5119E-004   1.7776E-001   1.5820E-001   2.6726E-001  -9.9731E-002   3.5343E-002   2.3368E-001  -1.3392E-002   4.1317E-001  -1.6829E-002   4.9511E-002  -6.1854E-002   6.9665E-001  -4.4467E-003  -1.1583E-002  -1.3746E-002   3.1993E-001   1.2732E+000  
 2.7635E+000  -4.8404E-001  -1.4935E+000   4.7878E-002  -1.5623E-001   5.3706E-001   1.5314E-001   8.9032E-002   1.5750E-001  -2.6710E-001  -9.9758E-002   1.8398E-001   1.4762E-001  -3.5105E-001   2.1825E-001   3.4885E-002  -3.8951E-002   6.2304E-002   6.9677E-001   7.6665E-003   9.6291E-003  -1.4439E-002   3.2073E-001   1.2700E+000  
 2.7635E+000   4.8402E-001  -1.4935E+000   4.7889E-002   1.5619E-001   5.3703E-001   1.5314E-001  -8.9037E-002   1.5750E-001   2.6715E-001  -9.9755E-002   1.8396E-001  -1.4765E-001  -3.5107E-001  -2.1822E-001  -3.4893E-002  -3.8941E-002  -6.2241E-002   6.9677E-001  -7.6666E-003   9.6309E-003  -1.4437E-002   3.2073E-001   1.2700E+000  
 2.7641E+000   1.5354E+000   3.2749E-001   4.7906E-002  -3.8702E-001  -4.0408E-001  -2.5162E-004  -1.7776E-001   1.5820E-001  -2.6722E-001  -9.9736E-002   3.5318E-002  -2.3368E-001  -1.3432E-002  -4.1317E-001   1.6837E-002   4.9511E-002   6.1918E-002   6.9665E-001   4.4454E-003  -1.1581E-002  -1.3750E-002   3.1993E-001   1.2732E+000  
 2.7639E+000   1.0516E+000   1.1665E+000   4.8016E-002  -5.4274E-001  -1.3336E-001  -1.5471E-001  -8.8652E-002   1.5757E-001   2.6720E-001  -9.9740E-002  -2.1933E-001  -8.6281E-002   3.6458E-001  -1.9491E-001   5.1826E-002  -9.8172E-003  -6.1386E-002   6.9671E-001   1.2154E-002   1.9541E-003  -1.3262E-002   3.2078E-001   1.2709E+000  
 2.7639E+000  -1.0516E+000   1.1665E+000   4.8005E-002   5.4279E-001  -1.3333E-001  -1.5470E-001   8.8646E-002   1.5757E-001  -2.6715E-001  -9.9742E-002  -2.1932E-001   8.6310E-002   3.6460E-001   1.9488E-001  -5.1834E-002  -9.8069E-003   6.1449E-002   6.9671E-001  -1.2149E-002   1.9544E-003  -1.3264E-002   3.2078E-001   1.2709E+000  
 2.7433E+000  -7.6735E-001  -1.0795E+000   1.4927E-001  -2.7715E-002   2.6334E-001   1.5750E-001   1.5325E-001   3.4020E-001  -1.9537E-001  -4.7165E-002   1.5622E-001   2.4372E-001  -2.7934E-001   2.8177E-001   8.3627E-002   3.8181E-002   2.7803E-002   6.6394E-001   1.6985E-002   2.1851E-003   3.4051E-002   3.1640E-001   1.4193E+000  
 2.7433E+000   7.6735E-001  -1.0795E+000   1.4928E-001   2.7678E-002   2.6331E-001   1.5750E-001  -1.5326E-001   3.4020E-001   1.9542E-001  -4.7162E-002   1.5620E-001  -2.4374E-001  -2.7937E-001  -2.8175E-001  -8.3636E-002   3.8190E-002  -2.7740E-002   6.6394E-001  -1.6984E-002   2.1862E-003   3.4055E-002   3.1640E-001   1.4193E+000  
 2.6567E+000   1.4785E+000   1.1664E+000  -1.3020E-002  -6.3433E-001  -2.6333E-001  -7.7082E-002  -8.1327E-002  -1.3703E-002   1.5853E-001  -1.3254E-001  -1.5621E-001  -1.6368E-001   3.0411E-001  -2.8178E-001   1.0124E-001   5.5792E-002  -5.4082E-002   7.4582E-001   1.0839E-002  -3.9162E-003  -6.1015E-002   3.1426E-001   1.3130E+000  
 2.6567E+000  -1.4785E+000   1.1664E+000  -1.3032E-002   6.3436E-001  -2.6330E-001  -7.7077E-002   8.1321E-002  -1.3700E-002  -1.5848E-001  -1.3255E-001  -1.5620E-001   1.6370E-001   3.0414E-001   2.8175E-001  -1.0125E-001   5.5801E-002   5.4145E-002   7.4582E-001  -1.0834E-002  -3.9181E-003  -6.1020E-002   3.1426E-001   1.3131E+000  
