-1.5564E-001  -2.6867E-014  -6.4867E+000   4.1299E-002   1.9323E-015   1.8862E-003  -1.4568E+000   3.2196E-015  -3.5596E-007  -1.1532E-015   8.0533E-002  -9.3623E-005  -5.5236E-015  -6.5075E-006   9.0791E-015   1.1435E-014   2.1842E-002   3.9949E-015  -3.9802E-007  -4.2856E-015   2.9341E-007  -2.6467E-002   2.5544E-003   9.5280E-003  
 5.7229E-002  -7.3595E-001  -6.4907E+000   6.9208E-002   5.6109E-001   6.0623E-002  -1.4577E+000   6.2092E-004  -4.9616E-004   2.2414E-003   7.5137E-002   8.2714E-003  -6.1885E-003  -1.6256E-005  -3.1816E-006   1.3076E-002   2.1847E-002  -5.0035E-004   1.6136E-005  -6.1502E-006   4.6826E-007  -2.5166E-002   3.9943E-003   3.1162E-002  
 7.8268E-001  -3.6856E-001  -7.1289E+000   2.5991E-001   3.3152E-001  -5.1345E-001  -1.4573E+000   2.0294E-004   2.4117E-004  -1.8351E-003   7.4710E-002   1.0804E-003   4.1640E-003  -3.6853E-006   1.0362E-005   6.5513E-003   3.3193E-002   4.8102E-004  -5.0105E-006  -2.9072E-006  -3.3416E-006  -2.5205E-002   3.9038E-003   2.8652E-002  
 7.8268E-001   3.6856E-001  -7.1289E+000   2.5991E-001  -3.3152E-001  -5.1345E-001  -1.4573E+000  -2.0294E-004   2.4117E-004   1.8351E-003   7.4710E-002   1.0804E-003  -4.1640E-003  -3.6853E-006  -1.0362E-005  -6.5513E-003   3.3193E-002  -4.8102E-004  -5.0103E-006   2.9072E-006  -3.3416E-006  -2.5205E-002   3.9038E-003   2.8652E-002  
 5.7230E-002   7.3595E-001  -6.4907E+000   6.9208E-002  -5.6109E-001   6.0623E-002  -1.4577E+000  -6.2092E-004  -4.9616E-004  -2.2414E-003   7.5137E-002   8.2714E-003   6.1885E-003  -1.6256E-005   3.1815E-006  -1.3076E-002   2.1847E-002   5.0035E-004   1.6136E-005   6.1501E-006   4.6828E-007  -2.5166E-002   3.9943E-003   3.1162E-002  
-6.6824E-001   3.6738E-001  -5.8545E+000  -1.2150E-001  -2.2979E-001   4.5851E-001  -1.4585E+000  -4.1547E-004   2.5385E-004   2.6968E-003   7.5566E-002  -9.6312E-003   1.0341E-002  -3.5743E-006   3.9634E-006  -6.5238E-003   1.0547E-002  -5.1002E-004  -1.2574E-005   3.1678E-006   3.8158E-006  -2.5125E-002   4.0902E-003   3.0658E-002  
-6.6824E-001  -3.6738E-001  -5.8545E+000  -1.2150E-001   2.2979E-001   4.5851E-001  -1.4585E+000   4.1547E-004   2.5386E-004  -2.6968E-003   7.5566E-002  -9.6312E-003  -1.0341E-002  -3.5742E-006  -3.9634E-006   6.5238E-003   1.0547E-002   5.1002E-004  -1.2575E-005  -3.1679E-006   3.8158E-006  -2.5125E-002   4.0902E-003   3.0658E-002  
 8.1506E-001  -1.4850E+000  -6.5064E+000   1.4950E-001   1.2470E+000   2.0939E-001  -1.4615E+000   1.4306E-002  -2.5175E-003   2.6342E-002   5.1126E-002   3.5297E-002  -1.3673E-002  -2.5966E-004  -3.2103E-005   2.3285E-002   2.1860E-002  -5.5719E-003   8.5196E-005  -6.8048E-005   1.9154E-006  -2.0283E-002   1.1046E-002   8.1943E-002  
 2.4271E+000  -7.4555E-001  -7.7975E+000   5.7343E-001   8.0437E-001  -1.1824E+000  -1.4500E+000   6.5860E-003   1.2393E-003  -2.4183E-002   5.0248E-002  -5.9791E-003   2.3902E-002   1.1631E-004   2.5418E-004   1.1698E-002   4.2131E-002   5.4761E-003  -3.5538E-005  -3.0538E-005   3.5469E-005  -2.0386E-002   1.0783E-002   7.7280E-002  
 2.4271E+000   7.4555E-001  -7.7975E+000   5.7343E-001  -8.0437E-001  -1.1824E+000  -1.4500E+000  -6.5860E-003   1.2393E-003   2.4183E-002   5.0248E-002  -5.9791E-003  -2.3902E-002   1.1631E-004  -2.5418E-004  -1.1698E-002   4.2131E-002  -5.4761E-003  -3.5535E-005   3.0538E-005   3.5469E-005  -2.0386E-002   1.0783E-002   7.7280E-002  
 8.1506E-001   1.4850E+000  -6.5064E+000   1.4950E-001  -1.2470E+000   2.0939E-001  -1.4615E+000  -1.4306E-002  -2.5175E-003  -2.6342E-002   5.1126E-002   3.5297E-002   1.3673E-002  -2.5966E-004   3.2103E-005  -2.3285E-002   2.1860E-002   5.5719E-003   8.5194E-005   6.8048E-005   1.9153E-006  -2.0283E-002   1.1046E-002   8.1943E-002  
-7.9718E-001   7.3935E-001  -5.2260E+000  -2.7448E-001  -4.4499E-001   9.7879E-001  -1.4749E+000  -7.7180E-003   1.2778E-003   2.8618E-002   5.2009E-002  -2.9593E-002   3.7460E-002   1.1737E-004   1.9208E-004  -1.1572E-002   1.8035E-003  -5.6336E-003  -5.0472E-005   3.3279E-005  -3.6295E-005  -2.0197E-002   1.1353E-002   8.0144E-002  
-7.9718E-001  -7.3935E-001  -5.2260E+000  -2.7448E-001   4.4499E-001   9.7879E-001  -1.4749E+000   7.7180E-003   1.2778E-003  -2.8618E-002   5.2009E-002  -2.9593E-002  -3.7460E-002   1.1737E-004  -1.9208E-004   1.1572E-002   1.8035E-003   5.6336E-003  -5.0480E-005  -3.3279E-005  -3.6295E-005  -2.0197E-002   1.1353E-002   8.0144E-002  
 1.7160E+000  -1.8245E+000  -6.5296E+000   1.8701E-001   1.8381E+000   1.9907E-001  -1.4670E+000   5.6047E-002  -5.6869E-003   9.1410E-002   6.7941E-003   5.7569E-002  -1.9993E-002  -2.0044E-003  -9.0108E-005   2.1288E-002   2.1863E-002  -1.9348E-002   2.0755E-004  -8.2371E-004   1.1701E-005  -1.3971E-002   1.9924E-002   1.1296E-001  
 4.0916E+000  -9.1954E-001  -8.1220E+000   8.1212E-001   1.0935E+000  -1.6906E+000  -1.4208E+000   2.6638E-002   2.8091E-003  -8.6368E-002   5.5990E-003  -1.1711E-002   4.0173E-002   1.0189E-003   1.8571E-003   1.0743E-002   4.0483E-002   1.9150E-002  -8.1762E-005  -4.0836E-004   7.0169E-004  -1.4167E-002   1.9500E-002   1.1079E-001  
 4.0916E+000   9.1954E-001  -8.1220E+000   8.1212E-001  -1.0935E+000  -1.6906E+000  -1.4208E+000  -2.6638E-002   2.8091E-003   8.6368E-002   5.5990E-003  -1.1711E-002  -4.0173E-002   1.0189E-003  -1.8571E-003  -1.0743E-002   4.0483E-002  -1.9150E-002  -8.1754E-005   4.0836E-004   7.0169E-004  -1.4167E-002   1.9500E-002   1.1079E-001  
 1.7160E+000   1.8245E+000  -6.5296E+000   1.8701E-001  -1.8381E+000   1.9907E-001  -1.4670E+000  -5.6047E-002  -5.6868E-003  -9.1410E-002   6.7941E-003   5.7569E-002   1.9993E-002  -2.0044E-003   9.0109E-005  -2.1288E-002   2.1863E-002   1.9348E-002   2.0754E-004   8.2371E-004   1.1701E-005  -1.3971E-002   1.9924E-002   1.1296E-001  
-6.6019E-001   9.0483E-001  -4.9627E+000  -4.3817E-001  -7.5204E-001   1.4974E+000  -1.5179E+000  -2.9364E-002   2.8766E-003   9.6561E-002   7.8594E-003  -4.6114E-002   5.9782E-002   1.0217E-003   1.6818E-003  -1.0486E-002   3.6864E-003  -1.9534E-002  -1.2696E-004   4.2755E-004  -7.0921E-004  -1.3857E-002   2.0311E-002   1.1300E-001  
-6.6019E-001  -9.0483E-001  -4.9627E+000  -4.3817E-001   7.5204E-001   1.4974E+000  -1.5179E+000   2.9364E-002   2.8767E-003  -9.6561E-002   7.8594E-003  -4.6114E-002  -5.9782E-002   1.0217E-003  -1.6818E-003   1.0486E-002   3.6864E-003   1.9534E-002  -1.2698E-004  -4.2755E-004  -7.0921E-004  -1.3857E-002   2.0311E-002   1.1300E-001  
 2.4031E+000  -1.7592E+000  -6.5534E+000   1.3213E-001   2.2859E+000  -7.3718E-002  -1.4726E+000   1.2033E-001  -9.0902E-003   1.8616E-001  -5.2035E-002   5.3923E-002  -2.4625E-002  -7.8034E-003  -1.2017E-004   3.4403E-003   2.1878E-002  -4.2283E-002   3.8020E-004  -3.2470E-003   6.1121E-005  -1.2667E-002   2.3734E-002   1.1630E-001  
 5.3560E+000  -8.9184E-001  -8.0977E+000   9.0983E-001   1.0844E+000  -1.9438E+000  -1.3722E+000   5.7873E-002   4.4152E-003  -1.7803E-001  -5.3135E-002  -6.1381E-003   3.5022E-002   3.9453E-003   6.8218E-003   1.9431E-003   2.5416E-002   4.1778E-002  -2.2640E-004  -1.5811E-003   2.8159E-003  -1.2746E-002   2.3374E-002   1.1441E-001  
 5.3560E+000   8.9184E-001  -8.0977E+000   9.0983E-001  -1.0844E+000  -1.9438E+000  -1.3722E+000  -5.7873E-002   4.4151E-003   1.7803E-001  -5.3135E-002  -6.1381E-003  -3.5022E-002   3.9453E-003  -6.8218E-003  -1.9431E-003   2.5416E-002  -4.1778E-002  -2.2638E-004   1.5811E-003   2.8159E-003  -1.2746E-002   2.3374E-002   1.1441E-001  
 2.4031E+000   1.7592E+000  -6.5534E+000   1.3213E-001  -2.2859E+000  -7.3718E-002  -1.4726E+000  -1.2033E-001  -9.0901E-003  -1.8616E-001  -5.2035E-002   5.3923E-002   2.4625E-002  -7.8034E-003   1.2017E-004  -3.4403E-003   2.1878E-002   4.2283E-002   3.8018E-004   3.2470E-003   6.1120E-005  -1.2667E-002   2.3734E-002   1.1630E-001  
-5.5069E-001   8.6739E-001  -5.0515E+000  -6.4558E-001  -1.2152E+000   2.0234E+000  -1.5808E+000  -6.2355E-002   4.6512E-003   1.9436E-001  -5.0965E-002  -4.8147E-002   5.8584E-002   4.0074E-003   6.7352E-003  -1.3515E-003   1.9387E-002  -4.2685E-002  -1.7759E-004   1.7333E-003  -2.9164E-003  -1.2617E-002   2.4155E-002   1.1754E-001  
-5.5070E-001  -8.6739E-001  -5.0515E+000  -6.4558E-001   1.2152E+000   2.0234E+000  -1.5808E+000   6.2355E-002   4.6515E-003  -1.9436E-001  -5.0965E-002  -4.8147E-002  -5.8584E-002   4.0074E-003  -6.7352E-003   1.3515E-003   1.9387E-002   4.2685E-002  -1.7764E-004  -1.7333E-003  -2.9164E-003  -1.2617E-002   2.4155E-002   1.1754E-001  
 2.7623E+000  -1.5416E+000  -6.5698E+000   4.4368E-002   2.5472E+000  -4.0233E-001  -1.4765E+000   1.7687E-001  -1.1478E-002   2.6721E-001  -1.0025E-001   3.5348E-002  -2.7186E-002  -1.3426E-002  -9.0584E-005  -1.6648E-002   2.1929E-002  -6.1876E-002   5.6289E-004  -4.4855E-003   1.1155E-004  -1.3661E-002   2.5165E-002   1.2530E-001  
 6.0514E+000  -7.8678E-001  -7.9321E+000   9.1106E-001   9.3309E-001  -2.0072E+000  -1.3283E+000   8.5484E-002   5.6715E-003  -2.5679E-001  -1.0128E-001   5.3309E-003   1.7920E-002   6.7191E-003   1.1713E-002  -7.9844E-003   8.1556E-003   6.1237E-002  -2.1683E-004  -2.1554E-003   3.8093E-003  -1.3826E-002   2.4757E-002   1.2828E-001  
 6.0514E+000   7.8678E-001  -7.9321E+000   9.1106E-001  -9.3309E-001  -2.0072E+000  -1.3283E+000  -8.5484E-002   5.6713E-003   2.5679E-001  -1.0128E-001   5.3309E-003  -1.7920E-002   6.7191E-003  -1.1713E-002   7.9844E-003   8.1556E-003  -6.1237E-002  -2.1681E-004   2.1554E-003   3.8093E-003  -1.3826E-002   2.4757E-002   1.2828E-001  
 2.7623E+000   1.5416E+000  -6.5698E+000   4.4368E-002  -2.5472E+000  -4.0233E-001  -1.4765E+000  -1.7687E-001  -1.1478E-002  -2.6721E-001  -1.0025E-001   3.5348E-002   2.7186E-002  -1.3426E-002   9.0590E-005   1.6648E-002   2.1929E-002   6.1876E-002   5.6286E-004   4.4855E-003   1.1155E-004  -1.3661E-002   2.5165E-002   1.2530E-001  
-5.2773E-001   7.5501E-001  -5.2626E+000  -8.2239E-001  -1.6327E+000   2.4154E+000  -1.6348E+000  -9.1303E-002   5.8408E-003   2.7765E-001  -9.9291E-002  -4.0927E-002   4.3581E-002   6.7955E-003   1.1632E-002   8.8010E-003   3.7045E-002  -6.2438E-002  -3.0454E-004   2.3548E-003  -3.8966E-003  -1.3754E-002   2.5573E-002   1.2729E-001  
-5.2773E-001  -7.5501E-001  -5.2626E+000  -8.2239E-001   1.6327E+000   2.4154E+000  -1.6348E+000   9.1303E-002   5.8412E-003  -2.7765E-001  -9.9291E-002  -4.0927E-002  -4.3581E-002   6.7955E-003  -1.1632E-002  -8.8010E-003   3.7045E-002   6.2438E-002  -3.0462E-004  -2.3548E-003  -3.8966E-003  -1.3754E-002   2.5573E-002   1.2729E-001  
 5.3328E+000  -1.1448E+000  -7.7109E+000   7.5857E-001   1.4436E+000  -1.7644E+000  -1.3622E+000   1.1339E-001   1.7662E-001  -1.6574E-001  -9.1252E-002   1.8781E-002   2.1821E-002   1.2423E-002   4.6155E-005  -8.3091E-003   1.3617E-002   4.0355E-002  -4.0904E-002   3.0846E-003   2.9574E-003  -1.3469E-002   2.4596E-002   1.2210E-001  
 5.3328E+000   1.1448E+000  -7.7109E+000   7.5857E-001  -1.4436E+000  -1.7644E+000  -1.3622E+000  -1.1339E-001   1.7662E-001   1.6574E-001  -9.1252E-002   1.8781E-002  -2.1821E-002   1.2423E-002  -4.6155E-005   8.3091E-003   1.3617E-002  -4.0355E-002  -4.0904E-002  -3.0846E-003   2.9574E-003  -1.3469E-002   2.4596E-002   1.2210E-001  
 6.3509E-002   1.1098E+000  -5.4572E+000  -6.2967E-001  -2.1065E+000   1.7685E+000  -1.5956E+000  -1.1980E-001  -1.7716E-001   1.8823E-001  -8.9631E-002  -1.8960E-002   5.8223E-002   1.2377E-002  -3.8336E-005   9.2119E-003   3.1136E-002  -4.1579E-002   4.1016E-002  -3.0209E-003  -3.1651E-003  -1.3435E-002   2.5236E-002   1.2431E-001  
 6.3509E-002  -1.1098E+000  -5.4572E+000  -6.2967E-001   2.1065E+000   1.7685E+000  -1.5956E+000   1.1980E-001  -1.7716E-001  -1.8823E-001  -8.9631E-002  -1.8960E-002  -5.8223E-002   1.2377E-002   3.8336E-005  -9.2119E-003   3.1136E-002   4.1579E-002   4.1016E-002   3.0209E-003  -3.1651E-003  -1.3435E-002   2.5236E-002   1.2431E-001  
